Main.js:143 myTank.x,myTank.y,myTank.rotation,myTank.cannonRotation,myTank.velocityX,myTank.velocityY,myTank.accelerationX,myTank.accelerationY,myTank.shootCooldown,myTank.controls.turnLeft,myTank.controls.turnRight,myTank.controls.goForward,myTank.controls.goBack,myTank.controls.shoot,myTank.controls.cannonLeft,myTank.controls.cannonRight,myBullet1.x,myBullet1.y,myBullet1.velocityX,myBullet1.velocityY,myBullet2.x,myBullet2.y,myBullet2.velocityX,myBullet2.velocityY,myBullet3.x,myBullet3.y,myBullet3.velocityX,myBullet3.velocityY,enemyTank.x,enemyTank.y,enemyTank.rotation,enemyTank.cannonRotation,enemyTank.velocityX,enemyTank.velocityY,enemyTank.accelerationX,enemyTank.accelerationY,enemyTank.shootCooldown,enemyBullet1.x,enemyBullet1.y,enemyBullet1.velocityX,enemyBullet1.velocityY,enemyBullet2.x,enemyBullet2.y,enemyBullet2.velocityX,enemyBullet2.velocityY,enemyBullet3.x,enemyBullet3.y,enemyBullet3.velocityX,enemyBullet3.velocityY,currentGameTime
Main.js:462 50,241,0,0,0,0,0,0,0,0,0,0,0,0,0,0,0,0,0,0,0,0,0,0,0,0,0,0,450,259,180,180,0,0,0,0,0,0,0,0,0,0,0,0,0,0,0,0,0,10

Main.js:462 50,241,0,0,0,0,0,0,0,0,0,0,0,0,0,0,0,0,0,0,0,0,0,0,0,0,0,0,450,259,180,180,0,0,0,0,0,0,0,0,0,0,0,0,0,0,0,0,0,25

Main.js:462 50,241,0,0,0,0,0,0,0,0,0,0,0,0,0,0,0,0,0,0,0,0,0,0,0,0,0,0,449.953,258.999,181.5,180,-0.047,-0.001,-0.05,-0.001,99,0,0,0,0,0,0,0,0,0,0,0,0,41

Main.js:462 50,241,0,0,0,0,0,0,0,0,0,0,0,0,0,0,0,0,0,0,0,0,0,0,0,0,0,0,449.86,258.995,183,180,-0.093,-0.004,-0.05,-0.003,98,426.5,259,-2.5,0,0,0,0,0,0,0,0,0,57

Main.js:462 50,241,0,0,0,0,0,0,0,0,0,0,0,0,0,0,0,0,0,0,0,0,0,0,0,0,0,0,449.725,258.988,184.5,180,-0.135,-0.007,-0.05,-0.004,97,424,259,-2.5,0,0,0,0,0,0,0,0,0,74

Main.js:462 50,241,0,0,0,0,0,0,0,0,0,0,0,0,0,0,0,0,0,0,0,0,0,0,0,0,0,0,449.549,258.976,186,180,-0.176,-0.012,-0.05,-0.005,96,421.5,259,-2.5,0,0,0,0,0,0,0,0,0,90

Main.js:462 50,241,0,0,0,0,0,0,0,0,0,0,0,0,0,0,0,0,0,0,0,0,0,0,0,0,0,0,449.335,258.959,187.5,180,-0.214,-0.017,-0.05,-0.007,95,419,259,-2.5,0,0,0,0,0,0,0,0,0,107

Main.js:462 50,241,0,0,0,0,0,0,0,0,0,0,0,0,0,0,0,0,0,0,0,0,0,0,0,0,0,0,449.085,258.935,189,180,-0.25,-0.024,-0.049,-0.008,94,416.5,259,-2.5,0,0,0,0,0,0,0,0,0,125

Main.js:462 50,241,0,0,0,0,0,0,0,0,0,0,0,0,0,0,0,0,0,0,0,0,0,0,0,0,0,0,448.8,258.903,190.5,180,-0.284,-0.031,-0.049,-0.009,93,414,259,-2.5,0,0,0,0,0,0,0,0,0,140

Main.js:462 50,241,0,0,0,0,0,0,0,0,0,0,0,0,0,0,0,0,0,0,0,0,0,0,0,0,0,0,448.483,258.863,192,180,-0.317,-0.04,-0.049,-0.01,92,411.5,259,-2.5,0,0,0,0,0,0,0,0,0,158

Main.js:462 50,241,0,0,0,0,0,0,0,0,0,0,0,0,0,0,0,0,0,0,0,0,0,0,0,0,0,0,448.136,258.815,193.5,180,-0.347,-0.049,-0.049,-0.012,91,409,259,-2.5,0,0,0,0,0,0,0,0,0,175

Main.js:462 50,241,0,0,0,0,0,0,0,0,0,0,0,0,0,0,0,0,0,0,0,0,0,0,0,0,0,0,447.761,258.756,195,180,-0.376,-0.059,-0.048,-0.013,90,406.5,259,-2.5,0,0,0,0,0,0,0,0,0,191

Main.js:462 50,241,0,0,0,0,0,0,0,0,0,0,0,0,0,0,0,0,0,0,0,0,0,0,0,0,0,0,447.359,258.687,196.5,180,-0.402,-0.069,-0.048,-0.014,89,404,259,-2.5,0,0,0,0,0,0,0,0,0,208

Main.js:462 50,241,0,0,0,0,0,0,0,0,0,0,0,0,0,0,0,0,0,0,0,0,0,0,0,0,0,0,446.931,258.606,198,180,-0.427,-0.08,-0.048,-0.015,88,401.5,259,-2.5,0,0,0,0,0,0,0,0,0,224

Main.js:462 50,241,0,0,0,0,0,0,0,0,0,0,0,0,0,0,0,0,0,0,0,0,0,0,0,0,0,0,446.48,258.514,199.5,180,-0.451,-0.092,-0.047,-0.017,87,399,259,-2.5,0,0,0,0,0,0,0,0,0,241

Main.js:462 50,241,0,0,0,0,0,0,0,0,0,0,0,0,0,0,0,0,0,0,0,0,0,0,0,0,0,0,446.008,258.409,201,180,-0.473,-0.105,-0.047,-0.018,86,396.5,259,-2.5,0,0,0,0,0,0,0,0,0,258

Main.js:462 50,241,0,0,0,0,0,0,0,0,0,0,0,0,0,0,0,0,0,0,0,0,0,0,0,0,0,0,445.515,258.292,202.5,180,-0.493,-0.118,-0.046,-0.019,85,394,259,-2.5,0,0,0,0,0,0,0,0,0,275

Main.js:462 50,241,0,0,0,0,0,0,0,0,0,0,0,0,0,0,0,0,0,0,0,0,0,0,0,0,0,0,445.003,258.16,204,180,-0.512,-0.131,-0.046,-0.02,84,391.5,259,-2.5,0,0,0,0,0,0,0,0,0,291

Main.js:462 50,241,0,0,0,0,0,0,0,0,0,0,0,0,0,0,0,0,0,0,0,0,0,0,0,0,0,0,444.474,258.015,205.5,180,-0.529,-0.145,-0.045,-0.022,83,389,259,-2.5,0,0,0,0,0,0,0,0,0,308

Main.js:462 50,241,0,0,0,0,0,0,0,0,0,0,0,0,0,0,0,0,0,0,0,0,0,0,0,0,0,0,443.93,257.856,207,180,-0.545,-0.159,-0.045,-0.023,82,386.5,259,-2.5,0,0,0,0,0,0,0,0,0,324

Main.js:462 50,241,0,0,0,0,0,0,0,0,0,0,0,0,0,0,0,0,0,0,0,0,0,0,0,0,0,0,443.37,257.682,208.5,180,-0.559,-0.174,-0.044,-0.024,81,384,259,-2.5,0,0,0,0,0,0,0,0,0,342

Main.js:462 50,241,0,0,0,0,0,0,0,0,0,0,0,0,0,0,0,0,0,0,0,0,0,0,0,0,0,0,442.798,257.493,210,180,-0.572,-0.189,-0.043,-0.025,80,381.5,259,-2.5,0,0,0,0,0,0,0,0,0,358

Main.js:462 50,241,0,0,0,0,0,0,0,0,0,0,0,0,0,0,0,0,0,0,0,0,0,0,0,0,0,0,442.213,257.289,211.5,180,-0.584,-0.204,-0.043,-0.026,79,379,259,-2.5,0,0,0,0,0,0,0,0,0,375

Main.js:462 50,241,0,0,0,0,0,0,0,0,0,0,0,0,0,0,0,0,0,0,0,0,0,0,0,0,0,0,441.618,257.069,213,180,-0.595,-0.22,-0.042,-0.027,78,376.5,259,-2.5,0,0,0,0,0,0,0,0,0,392

Main.js:462 50,241,0,0,0,0,0,0,0,0,0,0,0,0,0,0,0,0,0,0,0,0,0,0,0,0,0,0,441.014,256.833,214.5,180,-0.604,-0.236,-0.041,-0.028,77,374,259,-2.5,0,0,0,0,0,0,0,0,0,407

Main.js:462 50,241,0,0,0,0,0,0,0,0,0,0,0,0,0,0,0,0,0,0,0,0,0,0,0,0,0,0,440.402,256.581,216,180,-0.613,-0.252,-0.04,-0.029,76,371.5,259,-2.5,0,0,0,0,0,0,0,0,0,424

Main.js:462 50,241,0,0,0,0,0,0,0,0,0,0,0,0,0,0,0,0,0,0,0,0,0,0,0,0,0,0,439.782,256.312,217.5,180,-0.62,-0.268,-0.04,-0.03,75,369,259,-2.5,0,0,0,0,0,0,0,0,0,442

Main.js:462 50,241,0,0,0,0,0,0,0,0,0,0,0,0,0,0,0,0,0,0,0,0,0,0,0,0,0,0,439.156,256.027,219,180,-0.626,-0.285,-0.039,-0.031,74,366.5,259,-2.5,0,0,0,0,0,0,0,0,0,457

Main.js:462 50.048,241,0,0,0.048,0,0.05,0,0,0,0,1,0,0,0,0,0,0,0,0,0,0,0,0,0,0,0,0,438.526,255.726,220.5,180,-0.63,-0.301,-0.038,-0.032,73,364,259,-2.5,0,0,0,0,0,0,0,0,0,474

Main.js:462 50.14,241,0,0,0.093,0,0.05,0,0,0,0,1,0,0,0,0,0,0,0,0,0,0,0,0,0,0,0,0,437.892,255.408,222,180,-0.634,-0.318,-0.037,-0.033,72,361.5,259,-2.5,0,0,0,0,0,0,0,0,0,490

Main.js:462 50.276,241,0,0,0.135,0,0.05,0,0,0,0,1,0,0,0,0,0,0,0,0,0,0,0,0,0,0,0,0,437.255,255.073,223.5,180,-0.637,-0.335,-0.036,-0.034,71,359,259,-2.5,0,0,0,0,0,0,0,0,0,508

Main.js:462 50.452,241,0,0,0.176,0,0.05,0,0,0,0,1,0,0,0,0,0,0,0,0,0,0,0,0,0,0,0,0,436.615,254.722,223.5,178.5,-0.64,-0.351,-0.036,-0.034,70,356.5,259,-2.5,0,0,0,0,0,0,0,0,0,524

Main.js:462 50.667,241,0,0,0.215,0,0.05,0,0,0,0,1,0,0,0,0,0,0,0,0,0,0,0,0,0,0,0,0,435.973,254.356,223.5,177,-0.642,-0.366,-0.036,-0.034,69,354,259,-2.5,0,0,0,0,0,0,0,0,0,540

Main.js:462 50.918,241,0,0,0.252,0,0.05,0,0,0,0,1,0,0,0,0,0,0,0,0,0,0,0,0,0,0,0,0,435.329,253.975,223.5,175.5,-0.644,-0.38,-0.036,-0.034,68,351.5,259,-2.5,0,0,0,0,0,0,0,0,0,558

Main.js:462 51.205,241,0,0,0.287,0,0.05,0,0,0,0,1,0,0,0,0,0,0,0,0,0,0,0,0,0,0,0,0,434.682,253.581,223.5,174,-0.647,-0.394,-0.036,-0.034,67,349,259,-2.5,0,0,0,0,0,0,0,0,0,574

Main.js:462 51.525,241,0,0,0.32,0,0.05,0,0,0,0,1,0,0,0,0,0,0,0,0,0,0,0,0,0,0,0,0,434.034,253.174,223.5,172.5,-0.649,-0.407,-0.036,-0.034,66,346.5,259,-2.5,0,0,0,0,0,0,0,0,0,618

Main.js:462 51.876,241,0,0,0.351,0,0.05,0,0,0,0,1,0,0,0,0,0,0,0,0,0,0,0,0,0,0,0,0,433.383,252.754,223.5,171,-0.651,-0.419,-0.036,-0.034,65,344,259,-2.5,0,0,0,0,0,0,0,0,0,640

Main.js:462 52.257,241,0,0,0.381,0,0.05,0,0,0,0,1,0,0,0,0,0,0,0,0,0,0,0,0,0,0,0,0,432.73,252.323,223.5,169.5,-0.653,-0.431,-0.036,-0.034,64,341.5,259,-2.5,0,0,0,0,0,0,0,0,0,657

Main.js:462 52.667,241,0,0,0.41,0,0.05,0,0,0,0,1,0,0,0,0,0,0,0,0,0,0,0,0,0,0,0,0,432.076,251.881,223.5,168,-0.654,-0.442,-0.036,-0.034,63,339,259,-2.5,0,0,0,0,0,0,0,0,0,673

Main.js:462 53.103,241,0,0,0.437,0,0.05,0,0,0,0,1,0,0,0,0,0,0,0,0,0,0,0,0,0,0,0,0,431.42,251.428,223.5,166.5,-0.656,-0.453,-0.036,-0.034,62,336.5,259,-2.5,0,0,0,0,0,0,0,0,0,692

Main.js:462 53.566,241,0,0,0.462,0,0.05,0,0,0,0,1,0,0,0,0,0,0,0,0,0,0,0,0,0,0,0,0,430.762,250.965,223.5,165,-0.658,-0.463,-0.036,-0.034,61,334,259,-2.5,0,0,0,0,0,0,0,0,0,706

Main.js:462 54.053,241,0,0,0.487,0,0.05,0,0,0,0,1,0,0,0,0,0,0,0,0,0,0,0,0,0,0,0,0,430.102,250.493,223.5,163.5,-0.659,-0.473,-0.036,-0.034,60,331.5,259,-2.5,0,0,0,0,0,0,0,0,0,724

Main.js:462 54.562,241,0,0,0.51,0,0.05,0,0,0,0,1,0,0,0,0,0,0,0,0,0,0,0,0,0,0,0,0,429.441,250.011,223.5,162,-0.661,-0.482,-0.036,-0.034,59,329,259,-2.5,0,0,0,0,0,0,0,0,0,740

Main.js:462 55.094,241,0,0,0.532,0,0.05,0,0,0,0,1,0,0,0,0,0,0,0,0,0,0,0,0,0,0,0,0,428.779,249.521,223.5,160.5,-0.662,-0.49,-0.036,-0.034,58,326.5,259,-2.5,0,0,0,0,0,0,0,0,0,758

Main.js:462 55.647,241,0,0,0.553,0,0.05,0,0,0,0,1,0,0,0,0,0,0,0,0,0,0,0,0,0,0,0,0,428.115,249.022,223.5,159,-0.664,-0.498,-0.036,-0.034,57,324,259,-2.5,0,0,0,0,0,0,0,0,0,773

Main.js:462 56.22,241,0,0,0.573,0,0.05,0,0,0,0,1,0,0,0,0,0,0,0,0,0,0,0,0,0,0,0,0,427.45,248.516,223.5,157.5,-0.665,-0.506,-0.036,-0.034,56,321.5,259,-2.5,0,0,0,0,0,0,0,0,0,790

Main.js:462 56.811,241,0,0,0.592,0,0.05,0,0,0,0,1,0,0,0,0,0,0,0,0,0,0,0,0,0,0,0,0,426.784,248.003,223.5,156,-0.666,-0.514,-0.036,-0.034,55,319,259,-2.5,0,0,0,0,0,0,0,0,0,806

Main.js:462 57.421,241,0,0,0.609,0,0.05,0,0,0,0,1,0,0,0,0,0,0,0,0,0,0,0,0,0,0,0,0,426.117,247.482,223.5,154.5,-0.667,-0.521,-0.036,-0.034,54,316.5,259,-2.5,0,0,0,0,0,0,0,0,0,824

Main.js:462 58.047,241,0,0,0.626,0,0.05,0,0,0,0,1,0,0,0,0,0,0,0,0,0,0,0,0,0,0,0,0,425.449,246.955,223.5,153,-0.668,-0.527,-0.036,-0.034,53,314,259,-2.5,0,0,0,0,0,0,0,0,0,842

Main.js:462 58.69,241,0,0,0.643,0,0.05,0,0,0,0,1,0,0,0,0,0,0,0,0,0,0,0,0,0,0,0,0,424.779,246.421,223.5,151.5,-0.669,-0.534,-0.036,-0.034,52,311.5,259,-2.5,0,0,0,0,0,0,0,0,0,857

Main.js:462 59.348,241,0,0,0.658,0,0.05,0,0,0,0,1,0,0,0,0,0,0,0,0,0,0,0,0,0,0,0,0,424.109,245.882,223.5,150,-0.67,-0.54,-0.036,-0.034,51,309,259,-2.5,0,0,0,0,0,0,0,0,0,875

Main.js:462 60.02,241.001,1.5,1.5,0.673,0.001,0.05,0.001,0,0,1,1,0,0,0,0,0,0,0,0,0,0,0,0,0,0,0,0,423.437,245.336,223.5,148.5,-0.671,-0.545,-0.036,-0.034,50,306.5,259,-2.5,0,0,0,0,0,0,0,0,0,891

Main.js:462 60.707,241.005,3,3,0.686,0.004,0.05,0.003,0,0,1,1,0,0,0,0,0,0,0,0,0,0,0,0,0,0,0,0,422.765,244.786,223.5,147,-0.672,-0.551,-0.036,-0.034,49,304,259,-2.5,0,0,0,0,0,0,0,0,0,907

Main.js:462 61.406,241.012,4.5,4.5,0.699,0.007,0.05,0.004,0,0,1,1,0,0,0,0,0,0,0,0,0,0,0,0,0,0,0,0,422.092,244.23,223.5,145.5,-0.673,-0.556,-0.036,-0.034,48,301.5,259,-2.5,0,0,0,0,0,0,0,0,0,924

Main.js:462 62.118,241.024,6,6,0.712,0.012,0.05,0.005,0,0,1,1,0,0,0,0,0,0,0,0,0,0,0,0,0,0,0,0,421.418,243.669,223.5,144,-0.674,-0.561,-0.036,-0.034,47,299,259,-2.5,0,0,0,0,0,0,0,0,0,942

Main.js:462 62.841,241.04,6,6,0.723,0.016,0.05,0.005,0,0,0,1,0,0,0,0,0,0,0,0,0,0,0,0,0,0,0,0,420.744,243.103,223.5,142.5,-0.675,-0.565,-0.036,-0.034,46,296.5,259,-2.5,0,0,0,0,0,0,0,0,0,958

Main.js:462 63.576,241.06,6,6,0.734,0.02,0.05,0.005,0,0,0,1,0,0,0,0,0,0,0,0,0,0,0,0,0,0,0,0,420.068,242.534,223.5,141,-0.675,-0.57,-0.036,-0.034,45,294,259,-2.5,0,0,0,0,0,0,0,0,0,976

Main.js:462 64.321,241.085,6,6,0.745,0.024,0.05,0.005,0,0,0,1,0,0,0,0,0,0,0,0,0,0,0,0,0,0,0,0,419.392,241.96,223.5,139.5,-0.676,-0.574,-0.036,-0.034,44,291.5,259,-2.5,0,0,0,0,0,0,0,0,0,991

Main.js:462 65.076,241.113,6,6,0.755,0.028,0.05,0.005,0,0,0,1,0,0,0,0,0,0,0,0,0,0,0,0,0,0,0,0,418.716,241.381,223.5,138,-0.677,-0.578,-0.036,-0.034,43,289,259,-2.5,0,0,0,0,0,0,0,0,0,1008

Main.js:462 65.84,241.144,6,6,0.764,0.032,0.05,0.005,0,0,0,1,0,0,0,0,0,0,0,0,0,0,0,0,0,0,0,0,418.037,240.8,222,135,-0.678,-0.581,-0.037,-0.033,42,286.5,259,-2.5,0,0,0,0,0,0,0,0,0,1024

Main.js:462 66.613,241.179,6,6,0.773,0.035,0.05,0.005,0,0,0,1,0,0,0,0,0,0,0,0,0,0,0,0,0,0,0,0,417.357,240.218,220.5,132,-0.68,-0.583,-0.038,-0.032,41,284,259,-2.5,0,0,0,0,0,0,0,0,0,1040

Main.js:462 67.395,241.218,6,6,0.782,0.038,0.05,0.005,0,0,0,1,0,0,0,0,0,0,0,0,0,0,0,0,0,0,0,0,416.674,239.634,219,129,-0.683,-0.584,-0.039,-0.031,40,281.5,259,-2.5,0,0,0,0,0,0,0,0,0,1058

Main.js:462 68.186,241.259,6,6,0.79,0.041,0.05,0.005,0,0,0,1,0,0,0,0,0,0,0,0,0,0,0,0,0,0,0,0,415.987,239.051,217.5,126,-0.687,-0.583,-0.04,-0.03,39,279,259,-2.5,0,0,0,0,0,0,0,0,0,1075

Main.js:462 68.984,241.303,6,6,0.798,0.044,0.05,0.005,0,0,0,1,0,0,0,0,0,0,0,0,0,0,0,0,0,0,0,0,415.296,238.469,216,123,-0.691,-0.582,-0.04,-0.029,38,276.5,259,-2.5,0,0,0,0,0,0,0,0,0,1091

Main.js:462 69.789,241.35,6,6,0.805,0.047,0.05,0.005,0,0,0,1,0,0,0,0,0,0,0,0,0,0,0,0,0,0,0,0,414.601,237.889,214.5,120,-0.695,-0.58,-0.041,-0.028,37,274,259,-2.5,0,0,0,0,0,0,0,0,0,1108

Main.js:462 70.601,241.399,6,6,0.812,0.05,0.05,0.005,0,0,0,1,0,0,0,0,0,0,0,0,0,0,0,0,0,0,0,0,413.9,237.312,213,117,-0.701,-0.577,-0.042,-0.027,36,271.5,259,-2.5,0,0,0,0,0,0,0,0,0,1123

Main.js:462 71.42,241.452,6,6,0.819,0.052,0.05,0.005,0,0,0,1,0,0,0,0,0,0,0,0,0,0,0,0,0,0,0,0,413.194,236.74,211.5,114,-0.706,-0.573,-0.043,-0.026,35,269,259,-2.5,0,0,0,0,0,0,0,0,0,1140

Main.js:462 72.245,241.506,6,6,0.825,0.054,0.05,0.005,0,0,0,1,0,0,0,0,0,0,0,0,0,0,0,0,0,0,0,0,412.482,236.172,210,111,-0.712,-0.568,-0.043,-0.025,34,266.5,259,-2.5,0,0,0,0,0,0,0,0,0,1157

Main.js:462 73.076,241.563,6,6,0.831,0.057,0.05,0.005,0,0,0,1,0,0,0,0,0,0,0,0,0,0,0,0,0,0,0,0,411.764,235.61,208.5,108,-0.718,-0.562,-0.044,-0.024,33,264,259,-2.5,0,0,0,0,0,0,0,0,0,1174

Main.js:462 73.913,241.621,6,6,0.837,0.059,0.05,0.005,99,0,0,1,0,1,0,0,0,0,0,0,0,0,0,0,0,0,0,0,411.04,235.054,207,105,-0.724,-0.556,-0.045,-0.023,32,261.5,259,-2.5,0,0,0,0,0,0,0,0,0,1191

Main.js:462 74.755,241.682,6,6,0.842,0.061,0.05,0.005,98,0,0,1,0,1,0,0,96.447,244.019,2.486,0.261,0,0,0,0,0,0,0,0,410.309,234.506,205.5,102,-0.731,-0.548,-0.045,-0.022,31,259,259,-2.5,0,0,0,0,0,0,0,0,0,1207

Main.js:462 75.602,241.745,6,6,0.847,0.063,0.05,0.005,97,0,0,1,0,1,0,0,98.934,244.28,2.486,0.261,0,0,0,0,0,0,0,0,409.571,233.966,204,99,-0.738,-0.54,-0.046,-0.02,30,256.5,259,-2.5,0,0,0,0,0,0,0,0,0,1224

Main.js:462 76.455,241.809,6,6,0.852,0.065,0.05,0.005,96,0,0,1,0,0,0,0,101.42,244.542,2.486,0.261,0,0,0,0,0,0,0,0,408.826,233.435,202.5,96,-0.745,-0.531,-0.046,-0.019,29,254,259,-2.5,0,0,0,0,0,0,0,0,0,1240

Main.js:462 77.311,241.876,6,6,0.857,0.066,0.05,0.005,95,0,0,1,0,0,0,0,103.906,244.803,2.486,0.261,0,0,0,0,0,0,0,0,408.074,232.913,201,93,-0.752,-0.522,-0.047,-0.018,28,251.5,259,-2.5,0,0,0,0,0,0,0,0,0,1257

Main.js:462 78.173,241.944,6,6,0.861,0.068,0.05,0.005,94,0,0,1,0,0,0,0,106.393,245.064,2.486,0.261,0,0,0,0,0,0,0,0,407.315,232.401,199.5,90,-0.759,-0.512,-0.047,-0.017,27,249,259,-2.5,0,0,0,0,0,0,0,0,0,1274

Main.js:462 79.038,242.013,6,6,0.865,0.07,0.05,0.005,93,0,0,1,0,0,0,0,108.879,245.326,2.486,0.261,0,0,0,0,0,0,0,0,406.548,231.901,198,87,-0.766,-0.501,-0.048,-0.015,26,246.5,259,-2.5,0,0,0,0,0,0,0,0,0,1292

Main.js:462 79.908,242.083,4.5,4.5,0.869,0.07,0.05,0.004,92,1,0,1,0,0,0,0,111.365,245.587,2.486,0.261,0,0,0,0,0,0,0,0,405.775,231.412,196.5,84,-0.774,-0.489,-0.048,-0.014,25,244,259,-2.5,0,0,0,0,0,0,0,0,0,1309

Main.js:462 80.781,242.152,3,3,0.873,0.069,0.05,0.003,91,1,0,1,0,0,0,0,113.851,245.848,2.486,0.261,0,0,0,0,0,0,0,0,404.994,230.935,195,81,-0.781,-0.477,-0.048,-0.013,24,241.5,259,-2.5,0,0,0,0,0,0,0,0,0,1325

Main.js:462 81.658,242.218,1.5,1.5,0.877,0.067,0.05,0.001,90,1,0,1,0,0,0,0,116.338,246.11,2.486,0.261,0,0,0,0,0,0,0,0,404.206,230.471,193.5,78,-0.788,-0.464,-0.049,-0.012,23,239,259,-2.5,0,0,0,0,0,0,0,0,0,1341

Main.js:462 82.539,242.281,0,0,0.881,0.063,0.05,0,89,1,0,1,0,0,0,0,118.824,246.371,2.486,0.261,0,0,0,0,0,0,0,0,403.411,230.02,192,75,-0.795,-0.451,-0.049,-0.01,22,236.5,259,-2.5,0,0,0,0,0,0,0,0,0,1357

Main.js:462 83.424,242.34,358.5,358.5,0.884,0.059,0.05,-0.001,88,1,0,1,0,0,0,0,121.31,246.632,2.486,0.261,0,0,0,0,0,0,0,0,402.609,229.583,190.5,72,-0.802,-0.437,-0.049,-0.009,21,234,259,-2.5,0,0,0,0,0,0,0,0,0,1374

Main.js:462 84.311,242.395,358.5,358.5,0.888,0.055,0.05,-0.001,87,0,0,1,0,0,0,0,123.797,246.894,2.486,0.261,0,0,0,0,0,0,0,0,401.8,229.16,189,69,-0.809,-0.423,-0.049,-0.008,20,231.5,259,-2.5,0,0,0,0,0,0,0,0,0,1392

Main.js:462 85.202,242.446,358.5,358.5,0.891,0.051,0.05,-0.001,86,0,0,1,0,1,0,0,126.283,247.155,2.486,0.261,0,0,0,0,0,0,0,0,400.985,228.753,187.5,66,-0.815,-0.408,-0.05,-0.007,19,229,259,-2.5,0,0,0,0,0,0,0,0,0,1407

Main.js:462 86.096,242.492,358.5,358.5,0.894,0.047,0.05,-0.001,85,0,0,1,0,1,0,0,128.769,247.416,2.486,0.261,0,0,0,0,0,0,0,0,400.163,228.361,186,63,-0.822,-0.392,-0.05,-0.005,18,226.5,259,-2.5,0,0,0,0,0,0,0,0,0,1424

Main.js:462 86.992,242.536,358.5,358.5,0.896,0.043,0.05,-0.001,84,0,0,1,0,1,0,0,131.256,247.677,2.486,0.261,0,0,0,0,0,0,0,0,399.335,227.984,184.5,60,-0.828,-0.376,-0.05,-0.004,17,224,259,-2.5,0,0,0,0,0,0,0,0,0,1441

Main.js:462 87.891,242.576,358.5,358.5,0.899,0.04,0.05,-0.001,83,0,0,1,0,1,0,0,133.742,247.939,2.486,0.261,0,0,0,0,0,0,0,0,398.5,227.624,183,57,-0.834,-0.36,-0.05,-0.003,16,221.5,259,-2.5,0,0,0,0,0,0,0,0,0,1458

Main.js:462 88.793,242.612,358.5,358.5,0.902,0.037,0.05,-0.001,82,0,0,1,0,1,0,0,136.228,248.2,2.486,0.261,0,0,0,0,0,0,0,0,397.66,227.281,181.5,54,-0.84,-0.343,-0.05,-0.001,15,219,259,-2.5,0,0,0,0,0,0,0,0,0,1473

Main.js:462 89.697,242.646,358.5,358.5,0.904,0.034,0.05,-0.001,81,0,0,1,0,1,0,0,138.715,248.461,2.486,0.261,0,0,0,0,0,0,0,0,396.815,226.955,180,51,-0.845,-0.326,-0.05,0,14,216.5,259,-2.5,0,0,0,0,0,0,0,0,0,1490

Main.js:462 90.603,242.677,358.5,358.5,0.906,0.031,0.05,-0.001,80,0,0,1,0,1,0,0,141.201,248.723,2.486,0.261,0,0,0,0,0,0,0,0,395.964,226.647,178.5,48,-0.851,-0.309,-0.05,0.001,13,214,259,-2.5,0,0,0,0,0,0,0,0,0,1508

Main.js:462 91.512,242.704,358.5,358.5,0.908,0.028,0.05,-0.001,79,0,0,1,0,0,0,0,143.687,248.984,2.486,0.261,0,0,0,0,0,0,0,0,395.109,226.356,177,45,-0.856,-0.291,-0.05,0.003,12,211.5,259,-2.5,0,0,0,0,0,0,0,0,0,1523

Main.js:462 92.422,242.73,358.5,358.5,0.911,0.025,0.05,-0.001,78,0,0,1,0,0,0,0,146.173,249.245,2.486,0.261,0,0,0,0,0,0,0,0,394.248,226.084,175.5,42,-0.86,-0.272,-0.05,0.004,11,209,259,-2.5,0,0,0,0,0,0,0,0,0,1542

Main.js:462 93.335,242.752,358.5,358.5,0.913,0.023,0.05,-0.001,77,0,0,1,0,0,0,0,148.66,249.507,2.486,0.261,0,0,0,0,0,0,0,0,393.384,225.83,174,39,-0.864,-0.254,-0.05,0.005,10,206.5,259,-2.5,0,0,0,0,0,0,0,0,0,1557

Main.js:462 94.249,242.773,358.5,358.5,0.914,0.02,0.05,-0.001,76,0,0,1,0,0,0,0,151.146,249.768,2.486,0.261,0,0,0,0,0,0,0,0,392.516,225.595,172.5,36,-0.868,-0.235,-0.05,0.007,9,204,259,-2.5,0,0,0,0,0,0,0,0,0,1574

Main.js:462 95.165,242.791,358.5,358.5,0.916,0.018,0.05,-0.001,75,0,0,1,0,0,0,0,153.632,250.029,2.486,0.261,0,0,0,0,0,0,0,0,391.644,225.379,171,33,-0.872,-0.216,-0.049,0.008,8,201.5,259,-2.5,0,0,0,0,0,0,0,0,0,1591

Main.js:462 96.083,242.807,358.5,358.5,0.918,0.016,0.05,-0.001,74,0,0,1,0,0,0,0,156.119,250.291,2.486,0.261,0,0,0,0,0,0,0,0,390.769,225.183,169.5,30,-0.875,-0.196,-0.049,0.009,7,199,259,-2.5,0,0,0,0,0,0,0,0,0,1607

Main.js:462 97.002,242.821,358.5,358.5,0.919,0.014,0.05,-0.001,73,0,0,1,0,1,0,0,158.605,250.552,2.486,0.261,0,0,0,0,0,0,0,0,389.892,225.007,168,27,-0.878,-0.177,-0.049,0.01,6,196.5,259,-2.5,0,0,0,0,0,0,0,0,0,1624

Main.js:462 97.923,242.833,358.5,358.5,0.921,0.012,0.05,-0.001,72,0,0,1,0,1,0,0,161.091,250.813,2.486,0.261,0,0,0,0,0,0,0,0,389.012,224.85,166.5,24,-0.88,-0.157,-0.049,0.012,5,194,259,-2.5,0,0,0,0,0,0,0,0,0,1641

Main.js:462 98.846,242.843,358.5,358.5,0.922,0.01,0.05,-0.001,71,0,0,1,0,1,0,0,163.578,251.075,2.486,0.261,0,0,0,0,0,0,0,0,388.13,224.713,165,21,-0.882,-0.137,-0.048,0.013,4,191.5,259,-2.5,0,0,0,0,0,0,0,0,0,1657

Main.js:462 99.769,242.851,358.5,358.5,0.924,0.008,0.05,-0.001,70,0,0,1,0,1,0,0,166.064,251.336,2.486,0.261,0,0,0,0,0,0,0,0,387.247,224.597,163.5,18,-0.883,-0.116,-0.048,0.014,3,189,259,-2.5,0,0,0,0,0,0,0,0,0,1675

Main.js:462 100.694,242.858,358.5,358.5,0.925,0.007,0.05,-0.001,69,0,0,1,0,1,0,0,168.55,251.597,2.486,0.261,0,0,0,0,0,0,0,0,386.362,224.501,162,15,-0.884,-0.096,-0.048,0.015,2,186.5,259,-2.5,0,0,0,0,0,0,0,0,0,1692

Main.js:462 101.621,242.863,358.5,358.5,0.926,0.005,0.05,-0.001,68,0,0,1,0,1,0,0,171.036,251.859,2.486,0.261,0,0,0,0,0,0,0,0,385.477,224.426,160.5,12,-0.885,-0.075,-0.047,0.017,1,184,259,-2.5,0,0,0,0,0,0,0,0,0,1707

Main.js:462 102.548,242.867,358.5,358.5,0.927,0.004,0.05,-0.001,67,0,0,1,0,0,0,0,173.523,252.12,2.486,0.261,0,0,0,0,0,0,0,0,384.593,224.372,159,9,-0.885,-0.054,-0.047,0.018,0,181.5,259,-2.5,0,0,0,0,0,0,0,0,0,1724

Main.js:462 103.477,242.869,358.5,358.5,0.929,0.002,0.05,-0.001,66,0,0,1,0,0,0,0,176.009,252.381,2.486,0.261,0,0,0,0,0,0,0,0,383.708,224.339,157.5,6,-0.885,-0.033,-0.046,0.019,99,179,259,-2.5,0,0,0,0,0,0,0,0,0,1740

Main.js:462 104.406,242.87,358.5,358.5,0.93,0.001,0.05,-0.001,65,0,0,1,0,0,0,0,178.495,252.643,2.486,0.261,0,0,0,0,0,0,0,0,382.824,224.326,156,3,-0.884,-0.012,-0.046,0.02,98,176.5,259,-2.5,0,407.964,226.828,2.486,0.261,0,0,0,0,1757

Main.js:462 105.337,242.869,358.5,358.5,0.931,0,0.05,-0.001,64,0,0,1,0,0,0,0,180.982,252.904,2.486,0.261,0,0,0,0,0,0,0,0,381.942,224.335,154.5,0,-0.882,0.009,-0.045,0.022,97,174,259,-2.5,0,410.45,227.09,2.486,0.261,0,0,0,0,1774

Main.js:462 106.268,242.868,358.5,358.5,0.932,-0.002,0.05,-0.001,63,0,0,1,0,0,0,0,183.468,253.165,2.486,0.261,0,0,0,0,0,0,0,0,381.061,224.365,153,357,-0.881,0.03,-0.045,0.023,96,171.5,259,-2.5,0,412.936,227.351,2.486,0.261,0,0,0,0,1792

Main.js:462 107.201,242.865,358.5,358.5,0.932,-0.003,0.05,-0.001,62,0,0,1,0,0,0,0,185.954,253.427,2.486,0.261,0,0,0,0,0,0,0,0,380.183,224.416,151.5,354,-0.878,0.051,-0.044,0.024,95,169,259,-2.5,0,415.423,227.612,2.486,0.261,0,0,0,0,1807

Main.js:462 108.134,242.861,358.5,358.5,0.933,-0.004,0.05,-0.001,61,0,0,1,0,1,0,0,188.441,253.688,2.486,0.261,0,0,0,0,0,0,0,0,379.307,224.488,150,351,-0.876,0.072,-0.043,0.025,94,166.5,259,-2.5,0,417.909,227.874,2.486,0.261,0,0,0,0,1824

Main.js:462 109.068,242.856,358.5,358.5,0.934,-0.005,0.05,-0.001,60,0,0,1,0,1,0,0,190.927,253.949,2.486,0.261,0,0,0,0,0,0,0,0,378.435,224.581,148.5,348,-0.872,0.093,-0.043,0.026,93,164,259,-2.5,0,420.395,228.135,2.486,0.261,0,0,0,0,1840

Main.js:462 110.003,242.85,358.5,358.5,0.935,-0.006,0.05,-0.001,59,0,0,1,0,1,0,0,193.413,254.21,2.486,0.261,0,0,0,0,0,0,0,0,377.567,224.696,147,345,-0.868,0.115,-0.042,0.027,92,161.5,259,-2.5,0,422.882,228.396,2.486,0.261,0,0,0,0,1857

Main.js:462 110.939,242.843,358.5,358.5,0.936,-0.007,0.05,-0.001,58,0,0,1,0,1,0,0,195.9,254.472,2.486,0.261,0,0,0,0,0,0,0,0,376.702,224.831,145.5,342,-0.864,0.136,-0.041,0.028,91,159,259,-2.5,0,425.368,228.658,2.486,0.261,0,0,0,0,1874

Main.js:462 111.875,242.835,358.5,358.5,0.936,-0.008,0.05,-0.001,57,0,0,1,0,1,0,0,198.386,254.733,2.486,0.261,0,0,0,0,0,0,0,0,375.843,224.988,144,339,-0.859,0.157,-0.04,0.029,90,156.5,259,-2.5,0,427.854,228.919,2.486,0.261,0,0,0,0,1891

Main.js:462 112.812,242.827,358.5,358.5,0.937,-0.009,0.05,-0.001,56,0,0,1,0,1,0,0,200.872,254.994,2.486,0.261,0,0,0,0,0,0,0,0,374.989,225.166,142.5,336,-0.854,0.178,-0.04,0.03,89,154,259,-2.5,0,430.341,229.18,2.486,0.261,0,0,0,0,1909

Main.js:462 113.75,242.817,358.5,358.5,0.938,-0.009,0.05,-0.001,55,0,0,1,0,0,0,0,203.358,255.256,2.486,0.261,0,0,0,0,0,0,0,0,374.14,225.365,141,333,-0.848,0.199,-0.039,0.031,88,151.5,259,-2.5,0,432.827,229.442,2.486,0.261,0,0,0,0,1924

Main.js:462 114.688,242.807,358.5,358.5,0.938,-0.01,0.05,-0.001,54,0,0,1,0,0,0,0,205.845,255.517,2.486,0.261,0,0,0,0,0,0,0,0,373.298,225.585,139.5,330,-0.842,0.22,-0.038,0.032,87,149,259,-2.5,0,435.313,229.703,2.486,0.261,0,0,0,0,1942

Main.js:462 115.627,242.796,358.5,358.5,0.939,-0.011,0.05,-0.001,53,0,0,1,0,0,0,0,208.331,255.778,2.486,0.261,0,0,0,0,0,0,0,0,372.463,225.826,138,327,-0.835,0.241,-0.037,0.033,86,146.5,259,-2.5,0,437.799,229.964,2.486,0.261,0,0,0,0,1958

Main.js:462 116.566,242.784,358.5,358.5,0.939,-0.012,0.05,-0.001,52,0,0,1,0,0,0,0,210.817,256.04,2.486,0.261,0,0,0,0,0,0,0,0,371.635,226.087,136.5,324,-0.828,0.261,-0.036,0.034,85,144,259,-2.5,0,440.286,230.226,2.486,0.261,0,0,0,0,1975

Main.js:462 117.506,242.772,358.5,358.5,0.94,-0.012,0.05,-0.001,51,0,0,1,0,0,0,0,213.304,256.301,2.486,0.261,0,0,0,0,0,0,0,0,370.815,226.369,135,321,-0.82,0.282,-0.035,0.035,84,141.5,259,-2.5,0,442.772,230.487,2.486,0.261,0,0,0,0,1992

Main.js:462 118.447,242.759,358.5,358.5,0.94,-0.013,0.05,-0.001,50,0,0,1,0,0,0,0,215.79,256.562,2.486,0.261,0,0,0,0,0,0,0,0,370.003,226.671,133.5,318,-0.812,0.302,-0.034,0.036,83,139,259,-2.5,0,445.258,230.748,2.486,0.261,0,0,0,0,2007

Main.js:462 119.387,242.746,358.5,358.5,0.941,-0.014,0.05,-0.001,49,0,0,1,0,0,0,0,218.276,256.824,2.486,0.261,0,0,0,0,0,0,0,0,369.198,226.992,135,318,-0.805,0.321,-0.035,0.035,82,136.5,259,-2.5,0,447.745,231.01,2.486,0.261,0,0,0,0,2024

Main.js:462 120.329,242.731,358.5,358.5,0.941,-0.014,0.05,-0.001,48,0,0,1,0,0,0,0,220.763,257.085,2.486,0.261,0,0,0,0,0,0,0,0,368.399,227.329,136.5,318,-0.799,0.337,-0.036,0.034,81,134,259,-2.5,0,450.231,231.271,2.486,0.261,0,0,0,0,2042

Main.js:462 121.27,242.717,358.5,358.5,0.942,-0.015,0.05,-0.001,47,0,0,1,0,0,0,0,223.249,257.346,2.486,0.261,0,0,0,0,0,0,0,0,367.605,227.681,138,318,-0.794,0.352,-0.037,0.033,80,131.5,259,-2.5,0,452.717,231.532,2.486,0.261,0,0,0,0,2058

Main.js:462 122.213,242.702,358.5,358.5,0.942,-0.015,0.05,-0.001,46,0,0,1,0,0,0,0,225.735,257.608,2.486,0.261,0,0,0,0,0,0,0,0,366.814,228.047,139.5,318,-0.791,0.365,-0.038,0.032,79,129,259,-2.5,0,455.204,231.794,2.486,0.261,0,0,0,0,2074

Main.js:462 123.155,242.686,358.5,358.5,0.942,-0.016,0.05,-0.001,45,0,0,1,0,0,0,0,228.221,257.869,2.486,0.261,0,0,0,0,0,0,0,0,366.026,228.424,141,318,-0.788,0.377,-0.039,0.031,78,126.5,259,-2.5,0,457.69,232.055,2.486,0.261,0,0,0,0,2092

Main.js:462 124.098,242.67,358.5,358.5,0.943,-0.016,0.05,-0.001,44,0,0,1,0,0,0,0,230.708,258.13,2.486,0.261,0,0,0,0,0,0,0,0,365.24,228.811,142.5,318,-0.786,0.387,-0.04,0.03,77,124,259,-2.5,0,460.176,232.316,2.486,0.261,0,0,0,0,2110

Main.js:462 125.041,242.653,358.5,358.5,0.943,-0.017,0.05,-0.001,43,0,0,1,0,0,0,0,233.194,258.392,2.486,0.261,0,0,0,0,0,0,0,0,364.454,229.207,144,318,-0.786,0.396,-0.04,0.029,76,121.5,259,-2.5,0,462.663,232.578,2.486,0.261,0,0,0,0,2125

Main.js:462 125.985,242.636,358.5,358.5,0.944,-0.017,0.05,-0.001,42,0,0,1,0,0,0,0,235.68,258.653,2.486,0.261,0,0,0,0,0,0,0,0,363.669,229.61,145.5,318,-0.785,0.403,-0.041,0.028,75,119,259,-2.5,0,465.149,232.839,2.486,0.261,0,0,0,0,2141

Main.js:462 126.928,242.619,358.5,358.5,0.944,-0.017,0.05,-0.001,41,0,0,1,0,0,0,0,238.167,258.914,2.486,0.261,0,0,0,0,0,0,0,0,362.883,230.018,147,318,-0.786,0.409,-0.042,0.027,74,116.5,259,-2.5,0,467.635,233.1,2.486,0.261,0,0,0,0,2157

Main.js:462 127.872,242.601,358.5,358.5,0.944,-0.018,0.05,-0.001,40,0,0,1,0,0,0,0,240.653,259.176,2.486,0.261,0,0,0,0,0,0,0,0,362.095,230.431,148.5,318,-0.787,0.413,-0.043,0.026,73,114,259,-2.5,0,470.121,233.361,2.486,0.261,0,0,0,0,2174

Main.js:462 128.817,242.583,358.5,358.5,0.944,-0.018,0.05,-0.001,39,0,0,1,0,0,0,0,243.139,259.437,2.486,0.261,0,0,0,0,0,0,0,0,361.306,230.847,150,318,-0.789,0.416,-0.043,0.025,72,111.5,259,-2.5,0,472.608,233.623,2.486,0.261,0,0,0,0,2190

Main.js:462 129.761,242.565,358.5,358.5,0.945,-0.018,0.05,-0.001,38,0,0,1,0,0,0,0,245.626,259.698,2.486,0.261,0,0,0,0,0,0,0,0,360.515,231.265,151.5,318,-0.791,0.418,-0.044,0.024,71,109,259,-2.5,0,475.094,233.884,2.486,0.261,0,0,0,0,2207

Main.js:462 130.706,242.546,358.5,358.5,0.945,-0.019,0.05,-0.001,37,0,0,1,0,0,0,0,248.112,259.96,2.486,0.261,0,0,0,0,0,0,0,0,359.721,231.684,153,318,-0.794,0.419,-0.045,0.023,70,106.5,259,-2.5,0,477.58,234.145,2.486,0.261,0,0,0,0,2224

Main.js:462 131.652,242.527,358.5,358.5,0.945,-0.019,0.05,-0.001,36,0,0,1,0,0,0,0,250.598,260.221,2.486,0.261,0,0,0,0,0,0,0,0,358.924,232.102,154.5,318,-0.797,0.418,-0.045,0.022,69,104,259,-2.5,0,480.067,234.407,2.486,0.261,0,0,0,0,2240

Main.js:462 132.597,242.508,358.5,358.5,0.945,-0.019,0.05,-0.001,35,0,0,1,0,0,0,0,253.085,260.482,2.486,0.261,0,0,0,0,0,0,0,0,358.123,232.518,156,318,-0.801,0.417,-0.046,0.02,68,101.5,259,-2.5,0,482.553,234.668,2.486,0.261,0,0,0,0,2257

Main.js:462 133.542,242.488,358.5,358.5,0.946,-0.02,0.05,-0.001,34,0,0,1,0,0,0,0,255.571,260.744,2.486,0.261,0,0,0,0,0,0,0,0,357.319,232.932,157.5,318,-0.805,0.414,-0.046,0.019,67,99,259,-2.5,0,485.039,234.929,2.486,0.261,0,0,0,0,2274

Main.js:462 134.488,242.468,358.5,358.5,0.946,-0.02,0.05,-0.001,33,0,0,1,0,0,0,0,258.057,261.005,2.486,0.261,0,0,0,0,0,0,0,0,356.51,233.343,159,318,-0.809,0.41,-0.047,0.018,66,96.5,259,-2.5,0,487.526,235.191,2.486,0.261,0,0,0,0,2291

Main.js:462 135.434,242.448,358.5,358.5,0.946,-0.02,0.05,-0.001,32,0,0,1,0,0,0,0,260.543,261.266,2.486,0.261,0,0,0,0,0,0,0,0,355.697,233.748,160.5,318,-0.813,0.406,-0.047,0.017,65,94,259,-2.5,0,490.012,235.452,2.486,0.261,0,0,0,0,2309

Main.js:462 136.38,242.428,358.5,358.5,0.946,-0.02,0.05,-0.001,31,0,0,1,0,0,0,0,263.03,261.527,2.486,0.261,0,0,0,0,0,0,0,0,354.879,234.148,162,318,-0.818,0.4,-0.048,0.015,64,91.5,259,-2.5,0,492.498,235.713,2.486,0.261,0,0,0,0,2326

Main.js:462 137.327,242.407,358.5,358.5,0.946,-0.021,0.05,-0.001,30,0,0,1,0,0,0,0,265.516,261.789,2.486,0.261,0,0,0,0,0,0,0,0,354.057,234.541,163.5,318,-0.822,0.393,-0.048,0.014,63,89,259,-2.5,0,494.984,235.975,2.486,0.261,0,0,0,0,2341

Main.js:462 138.273,242.386,358.5,358.5,0.947,-0.021,0.05,-0.001,29,0,0,1,0,0,0,0,268.002,262.05,2.486,0.261,0,0,0,0,0,0,0,0,353.23,234.928,165,318,-0.827,0.386,-0.048,0.013,62,86.5,259,-2.5,0,497.471,236.236,2.486,0.261,0,0,0,0,2358

Main.js:462 139.22,242.365,358.5,358.5,0.947,-0.021,0.05,-0.001,28,0,0,1,0,0,0,0,270.489,262.311,2.486,0.261,0,0,0,0,0,0,0,0,352.398,235.305,166.5,318,-0.832,0.378,-0.049,0.012,61,84,259,-2.5,0,499.957,236.497,2.486,0.261,0,0,0,0,2374

Main.js:462 140.167,242.344,358.5,358.5,0.947,-0.021,0.05,-0.001,27,0,0,1,0,0,0,0,272.975,262.573,2.486,0.261,0,0,0,0,0,0,0,0,351.562,235.674,168,318,-0.837,0.369,-0.049,0.01,60,81.5,259,-2.5,0,0,0,0,0,0,0,0,0,2394

Main.js:462 141.114,242.323,358.5,358.5,0.947,-0.021,0.05,-0.001,26,0,0,1,0,0,0,0,275.461,262.834,2.486,0.261,0,0,0,0,0,0,0,0,350.72,236.033,169.5,318,-0.842,0.359,-0.049,0.009,59,79,259,-2.5,0,0,0,0,0,0,0,0,0,2407

Main.js:462 142.061,242.301,358.5,358.5,0.947,-0.022,0.05,-0.001,25,0,0,1,0,0,0,0,277.948,263.095,2.486,0.261,0,0,0,0,0,0,0,0,349.874,236.382,171,318,-0.846,0.349,-0.049,0.008,58,76.5,259,-2.5,0,0,0,0,0,0,0,0,0,2425

Main.js:462 143.008,242.279,358.5,358.5,0.947,-0.022,0.05,-0.001,24,0,0,1,0,0,0,0,280.434,263.357,2.486,0.261,0,0,0,0,0,0,0,0,349.023,236.719,172.5,318,-0.851,0.337,-0.05,0.007,57,74,259,-2.5,0,0,0,0,0,0,0,0,0,2442

Main.js:462 143.955,242.257,358.5,358.5,0.947,-0.022,0.05,-0.001,23,0,0,1,0,0,0,0,282.92,263.618,2.486,0.261,0,0,0,0,0,0,0,0,348.167,237.045,174,318,-0.856,0.325,-0.05,0.005,56,71.5,259,-2.5,0,0,0,0,0,0,0,0,0,2457

Main.js:462 144.903,242.235,358.5,358.5,0.947,-0.022,0.05,-0.001,22,0,0,1,0,0,0,0,285.407,263.879,2.486,0.261,0,0,0,0,0,0,0,0,347.306,237.357,175.5,318,-0.86,0.313,-0.05,0.004,55,69,259,-2.5,0,0,0,0,0,0,0,0,0,2475

Main.js:462 145.85,242.213,358.5,358.5,0.948,-0.022,0.05,-0.001,21,0,0,1,0,0,0,0,287.893,264.141,2.486,0.261,0,0,0,0,0,0,0,0,346.441,237.657,177,318,-0.865,0.3,-0.05,0.003,54,66.5,259,-2.5,0,0,0,0,0,0,0,0,0,2492

Main.js:462 146.798,242.192,0,0,0.948,-0.021,0.05,0,20,0,1,1,0,0,0,0,290.379,264.402,2.486,0.261,0,0,0,0,0,0,0,0,345.572,237.943,178.5,318,-0.869,0.286,-0.05,0.001,53,64,259,-2.5,0,0,0,0,0,0,0,0,0,2508

Main.js:462 147.746,242.173,1.5,1.5,0.948,-0.019,0.05,0.001,19,0,1,1,0,0,0,0,292.865,264.663,2.486,0.261,0,0,0,0,0,0,0,0,344.699,238.216,178.5,316.5,-0.873,0.273,-0.05,0.001,52,61.5,259,-2.5,0,0,0,0,0,0,0,0,0,2524

Main.js:462 148.694,242.158,3,3,0.948,-0.015,0.05,0.003,18,0,1,1,0,0,0,0,295.352,264.925,2.486,0.261,0,0,0,0,0,0,0,0,343.822,238.476,178.5,315,-0.877,0.261,-0.05,0.001,51,59,259,-2.5,0,0,0,0,0,0,0,0,0,2541

Main.js:462 149.642,242.147,4.5,4.5,0.948,-0.011,0.05,0.004,17,0,1,1,0,0,0,0,297.838,265.186,2.486,0.261,0,0,0,0,0,0,0,0,342.942,238.725,178.5,313.5,-0.881,0.249,-0.05,0.001,50,56.5,259,-2.5,0,0,0,0,0,0,0,0,0,2557

Main.js:462 150.589,242.141,4.5,4.5,0.948,-0.007,0.05,0.004,16,0,0,1,0,0,0,0,300.324,265.447,2.486,0.261,0,0,0,0,0,0,0,0,342.058,238.963,178.5,312,-0.884,0.238,-0.05,0.001,49,54,259,-2.5,0,0,0,0,0,0,0,0,0,2575

Main.js:462 151.537,242.138,4.5,4.5,0.948,-0.003,0.05,0.004,15,0,0,1,0,1,0,0,302.811,265.709,2.486,0.261,0,0,0,0,0,0,0,0,341.17,239.19,178.5,310.5,-0.887,0.227,-0.05,0.001,48,51.5,259,-2.5,0,0,0,0,0,0,0,0,0,2639

Main.js:462 152.485,242.139,4.5,4.5,0.948,0.001,0.05,0.004,14,0,0,1,0,1,0,0,305.297,265.97,2.486,0.261,0,0,0,0,0,0,0,0,340.28,239.406,178.5,309,-0.89,0.217,-0.05,0.001,47,49,259,-2.5,0,0,0,0,0,0,0,0,0,2657

Main.js:462 153.432,242.144,4.5,4.5,0.948,0.005,0.05,0.004,13,0,0,1,0,1,0,0,307.783,266.231,2.486,0.261,0,0,0,0,0,0,0,0,339.387,239.614,178.5,307.5,-0.893,0.207,-0.05,0.001,46,46.5,259,-2.5,0,0,0,0,0,0,0,0,0,2674

Main.js:462 154.38,242.153,4.5,4.5,0.948,0.008,0.05,0.004,12,0,0,1,0,1,0,0,310.27,266.493,2.486,0.261,0,0,0,0,0,0,0,0,338.49,239.812,178.5,306,-0.896,0.198,-0.05,0.001,45,44,259,-2.5,0,0,0,0,0,0,0,0,0,2690

Main.js:462 155.328,242.165,4.5,4.5,0.948,0.012,0.05,0.004,11,0,0,1,0,0,0,0,312.756,266.754,2.486,0.261,0,0,0,0,0,0,0,0,337.592,240.001,178.5,304.5,-0.899,0.189,-0.05,0.001,44,41.5,259,-2.5,0,0,0,0,0,0,0,0,0,2707

Main.js:462 156.275,242.18,4.5,4.5,0.948,0.015,0.05,0.004,10,0,0,1,0,0,0,0,315.242,267.015,2.486,0.261,0,0,0,0,0,0,0,0,336.69,240.182,178.5,303,-0.901,0.181,-0.05,0.001,43,39,259,-2.5,0,0,0,0,0,0,0,0,0,2725

Main.js:462 157.223,242.197,4.5,4.5,0.948,0.018,0.05,0.004,9,0,0,1,0,0,0,0,317.728,267.277,2.486,0.261,0,0,0,0,0,0,0,0,335.786,240.356,178.5,301.5,-0.904,0.173,-0.05,0.001,42,36.5,259,-2.5,0,0,0,0,0,0,0,0,0,2740

Main.js:462 158.17,242.218,4.5,4.5,0.948,0.021,0.05,0.004,8,0,0,1,0,0,0,0,320.215,267.538,2.486,0.261,0,0,0,0,0,0,0,0,334.88,240.522,178.5,300,-0.906,0.166,-0.05,0.001,41,34,259,-2.5,0,0,0,0,0,0,0,0,0,2757

Main.js:462 159.118,242.242,4.5,4.5,0.948,0.023,0.05,0.004,7,0,0,1,0,0,0,0,322.701,267.799,2.486,0.261,0,0,0,0,0,0,0,0,333.972,240.681,178.5,298.5,-0.908,0.159,-0.05,0.001,40,31.5,259,-2.5,0,0,0,0,0,0,0,0,0,2774

Main.js:462 160.065,242.267,4.5,4.5,0.947,0.026,0.05,0.004,6,0,0,1,0,0,0,0,325.187,268.061,2.486,0.261,0,0,0,0,0,0,0,0,333.062,240.833,178.5,297,-0.91,0.152,-0.05,0.001,39,29,259,-2.5,0,0,0,0,0,0,0,0,0,2791

Main.js:462 161.013,242.296,4.5,4.5,0.947,0.028,0.05,0.004,5,0,0,1,0,0,0,0,327.674,268.322,2.486,0.261,0,0,0,0,0,0,0,0,332.149,240.979,178.5,295.5,-0.912,0.146,-0.05,0.001,38,26.5,259,-2.5,0,0,0,0,0,0,0,0,0,2807

Main.js:462 161.96,242.327,4.5,4.5,0.947,0.031,0.05,0.004,4,0,0,1,0,0,0,0,330.16,268.583,2.486,0.261,0,0,0,0,0,0,0,0,331.235,241.118,178.5,294,-0.914,0.14,-0.05,0.001,37,24,259,-2.5,0,0,0,0,0,0,0,0,0,2825

Main.js:462 162.908,242.359,4.5,4.5,0.947,0.033,0.05,0.004,3,0,0,1,0,0,0,0,332.646,268.844,2.486,0.261,0,0,0,0,0,0,0,0,330.319,241.252,178.5,292.5,-0.916,0.134,-0.05,0.001,36,21.5,259,-2.5,0,0,0,0,0,0,0,0,0,2842

Main.js:462 163.855,242.394,4.5,4.5,0.947,0.035,0.05,0.004,2,0,0,1,0,0,0,0,335.133,269.106,2.486,0.261,0,0,0,0,0,0,0,0,329.401,241.381,178.5,291,-0.918,0.129,-0.05,0.001,35,19,259,-2.5,0,0,0,0,0,0,0,0,0,2857

Main.js:462 164.802,242.431,4.5,4.5,0.947,0.037,0.05,0.004,1,0,0,1,0,1,0,0,337.619,269.367,2.486,0.261,0,0,0,0,0,0,0,0,328.482,241.504,178.5,289.5,-0.919,0.123,-0.05,0.001,34,16.5,259,-2.5,0,0,0,0,0,0,0,0,0,2874

Main.js:462 165.75,242.47,4.5,4.5,0.947,0.039,0.05,0.004,0,0,0,1,0,1,0,0,340.105,269.628,2.486,0.261,0,0,0,0,0,0,0,0,327.561,241.623,178.5,288,-0.921,0.118,-0.05,0.001,33,14,259,-2.5,0,0,0,0,0,0,0,0,0,2895

Main.js:462 166.697,242.511,4.5,4.5,0.947,0.041,0.05,0.004,99,0,0,1,0,1,0,0,342.592,269.89,2.486,0.261,0,0,0,0,0,0,0,0,326.639,241.737,178.5,286.5,-0.922,0.114,-0.05,0.001,32,11.5,259,-2.5,0,0,0,0,0,0,0,0,0,2908

Main.js:462 167.644,242.553,4.5,4.5,0.947,0.042,0.05,0.004,98,0,0,1,0,1,0,0,345.078,270.151,2.486,0.261,189.177,244.314,2.492,0.196,0,0,0,0,325.716,241.846,178.5,285,-0.924,0.109,-0.05,0.001,31,9,259,-2.5,0,0,0,0,0,0,0,0,0,2925

Main.js:462 168.592,242.597,4.5,4.5,0.947,0.044,0.05,0.004,97,0,0,1,0,1,0,0,347.564,270.412,2.486,0.261,191.67,244.51,2.492,0.196,0,0,0,0,324.791,241.951,178.5,283.5,-0.925,0.105,-0.05,0.001,30,6.5,259,-2.5,0,0,0,0,0,0,0,0,0,2940

Main.js:462 169.539,242.643,4.5,4.5,0.947,0.045,0.05,0.004,96,0,0,1,0,1,0,0,350.05,270.674,2.486,0.261,194.162,244.706,2.492,0.196,0,0,0,0,323.864,242.052,178.5,282,-0.926,0.101,-0.05,0.001,29,4,259,-2.5,0,0,0,0,0,0,0,0,0,2957

Main.js:462 170.486,242.689,4.5,4.5,0.947,0.047,0.05,0.004,95,0,0,1,0,0,0,0,352.537,270.935,2.486,0.261,196.654,244.902,2.492,0.196,0,0,0,0,322.937,242.149,178.5,280.5,-0.927,0.097,-0.05,0.001,28,1.5,259,-2.5,0,0,0,0,0,0,0,0,0,2978

Main.js:462 171.434,242.738,4.5,4.5,0.947,0.048,0.05,0.004,94,0,0,1,0,0,0,0,352.537,270.935,2.486,0.261,199.147,245.099,2.492,0.196,0,0,0,0,322.009,242.243,178.5,279,-0.928,0.094,-0.05,0.001,27,0,0,0,0,0,0,0,0,0,0,0,0,2992

Main.js:462 172.381,242.787,4.5,4.5,0.947,0.05,0.05,0.004,93,0,0,1,0,0,0,0,355.023,271.196,2.486,0.261,201.639,245.295,2.492,0.196,0,0,0,0,321.079,242.333,178.5,277.5,-0.929,0.09,-0.05,0.001,26,0,0,0,0,0,0,0,0,0,0,0,0,3008

Main.js:462 173.328,242.838,4.5,4.5,0.947,0.051,0.05,0.004,92,0,0,1,0,0,0,0,357.509,271.458,2.486,0.261,204.131,245.491,2.492,0.196,0,0,0,0,320.149,242.422,177,274.5,-0.93,0.088,-0.05,0.003,25,0,0,0,0,0,0,0,0,0,0,0,0,3024

Main.js:462 174.276,242.889,3,3,0.947,0.051,0.05,0.003,91,1,0,1,0,0,0,0,359.996,271.719,2.486,0.261,206.623,245.687,2.492,0.196,0,0,0,0,319.217,242.509,175.5,271.5,-0.931,0.088,-0.05,0.004,24,0,0,0,0,0,0,0,0,0,0,0,0,3041

Main.js:462 175.223,242.939,1.5,1.5,0.947,0.049,0.05,0.001,90,1,0,1,0,0,0,0,362.482,271.98,2.486,0.261,209.116,245.883,2.492,0.196,0,0,0,0,318.286,242.597,174,268.5,-0.932,0.088,-0.05,0.005,23,0,0,0,0,0,0,0,0,0,0,0,0,3057

Main.js:462 176.171,242.986,0,0,0.948,0.047,0.05,0,89,1,0,1,0,1,0,0,364.968,272.242,2.486,0.261,211.608,246.079,2.492,0.196,0,0,0,0,317.353,242.687,172.5,265.5,-0.932,0.09,-0.05,0.007,22,0,0,0,0,0,0,0,0,0,0,0,0,3074

Main.js:462 177.118,243.029,358.5,358.5,0.948,0.043,0.05,-0.001,88,1,0,1,0,1,0,0,367.455,272.503,2.486,0.261,214.1,246.276,2.492,0.196,0,0,0,0,316.42,242.78,171,262.5,-0.933,0.093,-0.049,0.008,21,0,0,0,0,0,0,0,0,0,0,0,0,3090

Main.js:462 178.066,243.069,358.5,358.5,0.948,0.04,0.05,-0.001,87,0,0,1,0,1,0,0,369.941,272.764,2.486,0.261,216.593,246.472,2.492,0.196,0,0,0,0,315.488,242.877,169.5,259.5,-0.933,0.097,-0.049,0.009,20,0,0,0,0,0,0,0,0,0,0,0,0,3107

Main.js:462 179.014,243.106,358.5,358.5,0.948,0.037,0.05,-0.001,86,0,0,1,0,1,0,0,372.427,273.026,2.486,0.261,219.085,246.668,2.492,0.196,0,0,0,0,314.555,242.979,168,256.5,-0.933,0.102,-0.049,0.01,19,0,0,0,0,0,0,0,0,0,0,0,0,3125

Main.js:462 179.962,243.139,358.5,358.5,0.948,0.034,0.05,-0.001,85,0,0,1,0,1,0,0,374.913,273.287,2.486,0.261,221.577,246.864,2.492,0.196,0,0,0,0,313.623,243.087,166.5,253.5,-0.932,0.108,-0.049,0.012,18,0,0,0,0,0,0,0,0,0,0,0,0,3140

Main.js:462 180.91,243.17,358.5,358.5,0.948,0.031,0.05,-0.001,84,0,0,1,0,1,0,0,377.4,273.548,2.486,0.261,224.069,247.06,2.492,0.196,0,0,0,0,312.691,243.201,165,250.5,-0.931,0.115,-0.048,0.013,17,0,0,0,0,0,0,0,0,0,0,0,0,3158

Main.js:462 181.811,243.199,358.5,358.5,0.901,0.029,0,0,83,0,0,0,0,0,0,0,379.886,273.81,2.486,0.261,226.562,247.256,2.492,0.196,0,0,0,0,311.761,243.324,163.5,247.5,-0.93,0.123,-0.048,0.014,16,0,0,0,0,0,0,0,0,0,0,0,0,3175

Main.js:462 182.666,243.227,358.5,358.5,0.856,0.028,0,0,82,0,0,0,0,0,0,0,382.372,274.071,2.486,0.261,229.054,247.452,2.492,0.196,0,0,0,0,310.832,243.455,162,244.5,-0.929,0.131,-0.048,0.015,15,0,0,0,0,0,0,0,0,0,0,0,0,3191

Main.js:462 183.479,243.254,358.5,358.5,0.813,0.026,0,0,81,0,0,0,0,0,0,0,384.859,274.332,2.486,0.261,231.546,247.649,2.492,0.196,0,0,0,0,309.904,243.595,160.5,241.5,-0.927,0.14,-0.047,0.017,14,0,0,0,0,0,0,0,0,0,0,0,0,3207

Main.js:462 184.251,243.279,358.5,358.5,0.772,0.025,0,0,80,0,0,0,0,0,0,0,387.345,274.594,2.486,0.261,234.039,247.845,2.492,0.196,0,0,0,0,308.979,243.746,159,238.5,-0.925,0.15,-0.047,0.018,13,0,0,0,0,0,0,0,0,0,0,0,0,3223

Main.js:462 184.985,243.302,358.5,358.5,0.734,0.024,0,0,79,0,0,0,0,0,0,0,389.831,274.855,2.486,0.261,236.531,248.041,2.492,0.196,0,0,0,0,308.056,243.907,157.5,235.5,-0.923,0.161,-0.046,0.019,12,0,0,0,0,0,0,0,0,0,0,0,0,3241

Main.js:462 185.682,243.325,358.5,358.5,0.697,0.023,0,0,78,0,0,0,0,1,0,0,392.318,275.116,2.486,0.261,239.023,248.237,2.492,0.196,0,0,0,0,307.136,244.079,156,232.5,-0.92,0.172,-0.046,0.02,11,0,0,0,0,0,0,0,0,0,0,0,0,3257

Main.js:462 186.344,243.347,358.5,358.5,0.662,0.021,0,0,77,0,0,0,0,1,0,0,394.804,275.378,2.486,0.261,241.515,248.433,2.492,0.196,0,0,0,0,306.219,244.263,154.5,229.5,-0.917,0.184,-0.045,0.022,10,0,0,0,0,0,0,0,0,0,0,0,0,3274

Main.js:462 186.973,243.367,358.5,358.5,0.629,0.02,0,0,76,0,0,0,0,1,0,0,397.29,275.639,2.486,0.261,244.008,248.629,2.492,0.196,0,0,0,0,305.305,244.46,153,226.5,-0.914,0.197,-0.045,0.023,9,0,0,0,0,0,0,0,0,0,0,0,0,3291

Main.js:462 187.57,243.386,358.5,358.5,0.598,0.019,0,0,75,0,0,0,0,1,0,0,399.777,275.9,2.486,0.261,246.5,248.825,2.492,0.196,0,0,0,0,304.395,244.669,151.5,223.5,-0.91,0.209,-0.044,0.024,8,0,0,0,0,0,0,0,0,0,0,0,0,3307

Main.js:462 188.138,243.405,358.5,358.5,0.568,0.018,0,0,74,0,0,0,0,1,0,0,402.263,276.161,2.486,0.261,248.992,249.022,2.492,0.196,0,0,0,0,303.49,244.892,150,220.5,-0.905,0.223,-0.043,0.025,7,0,0,0,0,0,0,0,0,0,0,0,0,3340

Main.js:462 188.677,243.422,358.5,358.5,0.539,0.017,0,0,73,0,0,0,0,0,0,0,404.749,276.423,2.486,0.261,251.485,249.218,2.492,0.196,0,0,0,0,302.59,245.128,148.5,217.5,-0.901,0.236,-0.043,0.026,6,0,0,0,0,0,0,0,0,0,0,0,0,3358

Main.js:462 189.19,243.439,358.5,358.5,0.512,0.017,0,0,72,0,0,0,0,0,0,0,407.235,276.684,2.486,0.261,253.977,249.414,2.492,0.196,0,0,0,0,301.694,245.378,147,214.5,-0.895,0.25,-0.042,0.027,5,0,0,0,0,0,0,0,0,0,0,0,0,3375

Main.js:462 189.676,243.455,358.5,358.5,0.487,0.016,0,0,71,0,0,0,0,0,0,0,409.722,276.945,2.486,0.261,256.469,249.61,2.492,0.196,0,0,0,0,300.804,245.643,145.5,211.5,-0.89,0.265,-0.041,0.028,4,0,0,0,0,0,0,0,0,0,0,0,0,3392

Main.js:462 190.139,243.47,358.5,358.5,0.462,0.015,0,0,70,0,0,0,0,0,0,0,412.208,277.207,2.486,0.261,258.962,249.806,2.492,0.196,0,0,0,0,299.921,245.923,144,208.5,-0.884,0.279,-0.04,0.029,3,0,0,0,0,0,0,0,0,0,0,0,0,3407

Main.js:462 190.578,243.484,358.5,358.5,0.439,0.014,0,0,69,0,0,0,0,0,0,0,414.694,277.468,2.486,0.261,261.454,250.002,2.492,0.196,0,0,0,0,299.044,246.217,142.5,205.5,-0.877,0.294,-0.04,0.03,2,0,0,0,0,0,0,0,0,0,0,0,0,3424

Main.js:462 190.995,243.497,358.5,358.5,0.417,0.014,0,0,68,0,0,0,0,0,0,0,417.181,277.729,2.486,0.261,263.946,250.198,2.492,0.196,0,0,0,0,298.173,246.527,141,202.5,-0.87,0.31,-0.039,0.031,1,0,0,0,0,0,0,0,0,0,0,0,0,3441

Main.js:462 191.392,243.51,358.5,358.5,0.396,0.013,0,0,67,0,0,0,0,0,0,0,419.667,277.991,2.486,0.261,266.438,250.395,2.492,0.196,0,0,0,0,297.311,246.851,139.5,199.5,-0.863,0.325,-0.038,0.032,0,0,0,0,0,0,0,0,0,0,0,0,0,3457

Main.js:462 191.768,243.522,358.5,358.5,0.377,0.012,0,0,66,0,0,0,0,0,0,0,422.153,278.252,2.486,0.261,268.931,250.591,2.492,0.196,0,0,0,0,296.456,247.192,138,196.5,-0.855,0.34,-0.037,0.033,99,0,0,0,0,0,0,0,0,0,0,0,0,3474

Main.js:462 192.126,243.534,358.5,358.5,0.358,0.012,0,0,65,0,0,0,0,0,0,0,424.64,278.513,2.486,0.261,271.423,250.787,2.492,0.196,0,0,0,0,295.609,247.548,136.5,193.5,-0.847,0.356,-0.036,0.034,98,274.778,240.177,-2.397,-0.71,0,0,0,0,0,0,0,0,3491

Main.js:462 192.466,243.545,358.5,358.5,0.34,0.011,0,0,64,0,0,0,0,0,0,0,427.126,278.775,2.486,0.261,273.915,250.983,2.492,0.196,0,0,0,0,294.771,247.92,135,190.5,-0.838,0.372,-0.035,0.035,97,272.381,239.467,-2.397,-0.71,0,0,0,0,0,0,0,0,3507

Main.js:462 192.789,243.556,358.5,358.5,0.323,0.01,0,0,63,0,0,0,0,0,0,0,429.612,279.036,2.486,0.261,276.408,251.179,2.492,0.196,0,0,0,0,293.942,248.308,133.5,187.5,-0.829,0.388,-0.034,0.036,96,269.984,238.757,-2.397,-0.71,0,0,0,0,0,0,0,0,3525

Main.js:462 193.095,243.566,358.5,358.5,0.307,0.01,0,0,62,0,0,0,0,0,0,0,432.098,279.297,2.486,0.261,278.9,251.375,2.492,0.196,0,0,0,0,293.123,248.711,132,184.5,-0.819,0.404,-0.033,0.037,95,267.587,238.047,-2.397,-0.71,0,0,0,0,0,0,0,0,3541

Main.js:462 193.387,243.575,358.5,358.5,0.291,0.009,0,0,61,0,0,0,0,0,0,0,432.098,279.297,2.486,0.261,278.9,251.375,2.492,0.196,0,0,0,0,292.314,249.131,130.5,181.5,-0.809,0.42,-0.032,0.038,94,265.19,237.337,-2.397,-0.71,0,0,0,0,0,0,0,0,3557

