Main.js:143 myTank.x,myTank.y,myTank.rotation,myTank.cannonRotation,myTank.velocityX,myTank.velocityY,myTank.accelerationX,myTank.accelerationY,myTank.shootCooldown,myTank.controls.turnLeft,myTank.controls.turnRight,myTank.controls.goForward,myTank.controls.goBack,myTank.controls.shoot,myTank.controls.cannonLeft,myTank.controls.cannonRight,myBullet1.x,myBullet1.y,myBullet1.velocityX,myBullet1.velocityY,myBullet2.x,myBullet2.y,myBullet2.velocityX,myBullet2.velocityY,myBullet3.x,myBullet3.y,myBullet3.velocityX,myBullet3.velocityY,enemyTank.x,enemyTank.y,enemyTank.rotation,enemyTank.cannonRotation,enemyTank.velocityX,enemyTank.velocityY,enemyTank.accelerationX,enemyTank.accelerationY,enemyTank.shootCooldown,enemyBullet1.x,enemyBullet1.y,enemyBullet1.velocityX,enemyBullet1.velocityY,enemyBullet2.x,enemyBullet2.y,enemyBullet2.velocityX,enemyBullet2.velocityY,enemyBullet3.x,enemyBullet3.y,enemyBullet3.velocityX,enemyBullet3.velocityY,currentGameTime
Main.js:462 450,74,180,180,0,0,0,0,0,0,0,0,0,0,0,0,0,0,0,0,0,0,0,0,0,0,0,0,50,426,0,0,0,0,0,0,0,0,0,0,0,0,0,0,0,0,0,0,0,6

Main.js:462 450,74,180,180,0,0,0,0,0,0,0,0,0,0,0,0,0,0,0,0,0,0,0,0,0,0,0,0,50,426,0,0,0,0,0,0,0,0,0,0,0,0,0,0,0,0,0,0,0,32

Main.js:462 450,74,180,180,0,0,0,0,0,0,0,0,0,0,0,0,0,0,0,0,0,0,0,0,0,0,0,0,50.047,426.001,1.5,0,0.047,0.001,0.05,0.001,99,0,0,0,0,0,0,0,0,0,0,0,0,48

Main.js:462 450,74,180,180,0,0,0,0,0,0,0,0,0,0,0,0,0,0,0,0,0,0,0,0,0,0,0,0,50.14,426.005,3,0,0.093,0.004,0.05,0.003,98,73.5,426,2.5,0,0,0,0,0,0,0,0,0,66

Main.js:462 450,74,180,180,0,0,0,0,0,0,0,0,0,0,0,0,0,0,0,0,0,0,0,0,0,0,0,0,50.275,426.012,4.5,0,0.135,0.007,0.05,0.004,97,76,426,2.5,0,0,0,0,0,0,0,0,0,83

Main.js:462 450,74,180,180,0,0,0,0,0,0,0,0,0,0,0,0,0,0,0,0,0,0,0,0,0,0,0,0,50.451,426.024,6,0,0.176,0.012,0.05,0.005,96,78.5,426,2.5,0,0,0,0,0,0,0,0,0,98

Main.js:462 450,74,180,180,0,0,0,0,0,0,0,0,0,0,0,0,0,0,0,0,0,0,0,0,0,0,0,0,50.665,426.041,7.5,0,0.214,0.017,0.05,0.007,95,81,426,2.5,0,0,0,0,0,0,0,0,0,114

Main.js:462 450,74,180,180,0,0,0,0,0,0,0,0,0,0,0,0,0,0,0,0,0,0,0,0,0,0,0,0,50.915,426.065,9,0,0.25,0.024,0.049,0.008,94,83.5,426,2.5,0,0,0,0,0,0,0,0,0,131

Main.js:462 450,74,180,180,0,0,0,0,0,0,0,0,0,0,0,0,0,0,0,0,0,0,0,0,0,0,0,0,51.2,426.097,10.5,0,0.284,0.031,0.049,0.009,93,86,426,2.5,0,0,0,0,0,0,0,0,0,149

Main.js:462 450,74,180,180,0,0,0,0,0,0,0,0,0,0,0,0,0,0,0,0,0,0,0,0,0,0,0,0,51.517,426.137,12,0,0.317,0.04,0.049,0.01,92,88.5,426,2.5,0,0,0,0,0,0,0,0,0,165

Main.js:462 450,74,180,180,0,0,0,0,0,0,0,0,0,0,0,0,0,0,0,0,0,0,0,0,0,0,0,0,51.864,426.185,13.5,0,0.347,0.049,0.049,0.012,91,91,426,2.5,0,0,0,0,0,0,0,0,0,181

Main.js:462 450,74,180,180,0,0,0,0,0,0,0,0,0,0,0,0,0,0,0,0,0,0,0,0,0,0,0,0,52.239,426.244,15,0,0.376,0.059,0.048,0.013,90,93.5,426,2.5,0,0,0,0,0,0,0,0,0,199

Main.js:462 450,74,180,180,0,0,0,0,0,0,0,0,0,0,0,0,0,0,0,0,0,0,0,0,0,0,0,0,52.641,426.313,16.5,0,0.402,0.069,0.048,0.014,89,96,426,2.5,0,0,0,0,0,0,0,0,0,216

Main.js:462 450,74,180,180,0,0,0,0,0,0,0,0,0,0,0,0,0,0,0,0,0,0,0,0,0,0,0,0,53.069,426.394,18,0,0.427,0.08,0.048,0.015,88,98.5,426,2.5,0,0,0,0,0,0,0,0,0,233

Main.js:462 450,74,180,180,0,0,0,0,0,0,0,0,0,0,0,0,0,0,0,0,0,0,0,0,0,0,0,0,53.52,426.486,19.5,0,0.451,0.092,0.047,0.017,87,101,426,2.5,0,0,0,0,0,0,0,0,0,249

Main.js:462 450,74,180,180,0,0,0,0,0,0,0,0,0,0,0,0,0,0,0,0,0,0,0,0,0,0,0,0,53.992,426.591,21,0,0.473,0.105,0.047,0.018,86,103.5,426,2.5,0,0,0,0,0,0,0,0,0,265

Main.js:462 449.953,74,180,180,-0.047,0,-0.05,0,0,0,0,1,0,0,0,0,0,0,0,0,0,0,0,0,0,0,0,0,54.485,426.708,22.5,0,0.493,0.118,0.046,0.019,85,106,426,2.5,0,0,0,0,0,0,0,0,0,283

Main.js:462 449.86,74,180,180,-0.093,0,-0.05,0,0,0,0,1,0,0,0,0,0,0,0,0,0,0,0,0,0,0,0,0,54.997,426.84,24,0,0.512,0.131,0.046,0.02,84,108.5,426,2.5,0,0,0,0,0,0,0,0,0,299

Main.js:462 449.724,74,180,180,-0.135,0,-0.05,0,0,0,0,1,0,0,0,0,0,0,0,0,0,0,0,0,0,0,0,0,55.526,426.985,25.5,0,0.529,0.145,0.045,0.022,83,111,426,2.5,0,0,0,0,0,0,0,0,0,316

Main.js:462 449.548,74,180,180,-0.176,0,-0.05,0,0,0,0,1,0,0,0,0,0,0,0,0,0,0,0,0,0,0,0,0,56.07,427.144,27,0,0.545,0.159,0.045,0.023,82,113.5,426,2.5,0,0,0,0,0,0,0,0,0,333

Main.js:462 449.333,74,180,180,-0.215,0,-0.05,0,0,0,0,1,0,0,0,0,0,0,0,0,0,0,0,0,0,0,0,0,56.63,427.318,28.5,0,0.559,0.174,0.044,0.024,81,116,426,2.5,0,0,0,0,0,0,0,0,0,348

Main.js:462 449.082,74,180,180,-0.252,0,-0.05,0,0,0,0,1,0,0,0,0,0,0,0,0,0,0,0,0,0,0,0,0,57.202,427.507,30,0,0.572,0.189,0.043,0.025,80,118.5,426,2.5,0,0,0,0,0,0,0,0,0,364

Main.js:462 448.795,74,180,180,-0.287,0,-0.05,0,0,0,0,1,0,0,0,0,0,0,0,0,0,0,0,0,0,0,0,0,57.787,427.711,31.5,0,0.584,0.204,0.043,0.026,79,121,426,2.5,0,0,0,0,0,0,0,0,0,381

Main.js:462 448.475,74.001,178.5,178.5,-0.32,0.001,-0.05,0.001,0,1,0,1,0,0,0,0,0,0,0,0,0,0,0,0,0,0,0,0,58.382,427.931,33,0,0.595,0.22,0.042,0.027,78,123.5,426,2.5,0,0,0,0,0,0,0,0,0,399

Main.js:462 448.124,74.005,177,177,-0.351,0.004,-0.05,0.003,0,1,0,1,0,0,0,0,0,0,0,0,0,0,0,0,0,0,0,0,58.986,428.167,34.5,0,0.604,0.236,0.041,0.028,77,126,426,2.5,0,0,0,0,0,0,0,0,0,417

Main.js:462 447.743,74.012,175.5,175.5,-0.381,0.007,-0.05,0.004,0,1,0,1,0,0,0,0,0,0,0,0,0,0,0,0,0,0,0,0,59.598,428.419,36,0,0.613,0.252,0.04,0.029,76,128.5,426,2.5,0,0,0,0,0,0,0,0,0,432

Main.js:462 447.334,74.024,174,174,-0.409,0.012,-0.05,0.005,0,1,0,1,0,0,0,0,0,0,0,0,0,0,0,0,0,0,0,0,60.218,428.688,37.5,0,0.62,0.268,0.04,0.03,75,131,426,2.5,0,0,0,0,0,0,0,0,0,450

Main.js:462 446.898,74.041,172.5,172.5,-0.436,0.017,-0.05,0.007,0,1,0,1,0,0,0,0,0,0,0,0,0,0,0,0,0,0,0,0,60.844,428.973,39,0,0.626,0.285,0.039,0.031,74,133.5,426,2.5,0,0,0,0,0,0,0,0,0,465

Main.js:462 446.437,74.065,171,171,-0.461,0.024,-0.049,0.008,0,1,0,1,0,0,0,0,0,0,0,0,0,0,0,0,0,0,0,0,61.474,429.274,40.5,0,0.63,0.301,0.038,0.032,73,136,426,2.5,0,0,0,0,0,0,0,0,0,482

Main.js:462 445.953,74.097,169.5,169.5,-0.485,0.031,-0.049,0.009,0,1,0,1,0,0,0,0,0,0,0,0,0,0,0,0,0,0,0,0,62.108,429.592,42,0,0.634,0.318,0.037,0.033,72,138.5,426,2.5,0,0,0,0,0,0,0,0,0,500

Main.js:462 445.446,74.137,168,168,-0.507,0.04,-0.049,0.01,0,1,0,1,0,0,0,0,0,0,0,0,0,0,0,0,0,0,0,0,62.746,429.926,42,358.5,0.638,0.334,0.037,0.033,71,141,426,2.5,0,0,0,0,0,0,0,0,0,516

Main.js:462 444.918,74.185,166.5,166.5,-0.528,0.049,-0.049,0.012,0,1,0,1,0,0,0,0,0,0,0,0,0,0,0,0,0,0,0,0,63.387,430.276,42,357,0.641,0.349,0.037,0.033,70,143.5,426,2.5,0,0,0,0,0,0,0,0,0,532

Main.js:462 444.371,74.244,165,165,-0.547,0.059,-0.048,0.013,0,1,0,1,0,0,0,0,0,0,0,0,0,0,0,0,0,0,0,0,64.032,430.639,42,355.5,0.644,0.363,0.037,0.033,69,146,426,2.5,0,0,0,0,0,0,0,0,0,549

Main.js:462 443.806,74.313,163.5,163.5,-0.565,0.069,-0.048,0.014,0,1,0,1,0,0,0,0,0,0,0,0,0,0,0,0,0,0,0,0,64.679,431.016,42,354,0.647,0.377,0.037,0.033,68,148.5,426,2.5,0,0,0,0,0,0,0,0,0,566

Main.js:462 443.223,74.394,162,162,-0.582,0.08,-0.048,0.015,0,1,0,1,0,0,0,0,0,0,0,0,0,0,0,0,0,0,0,0,65.329,431.406,42,352.5,0.65,0.39,0.037,0.033,67,151,426,2.5,0,0,0,0,0,0,0,0,0,583

Main.js:462 442.625,74.486,160.5,160.5,-0.598,0.092,-0.047,0.017,0,1,0,1,0,0,0,0,0,0,0,0,0,0,0,0,0,0,0,0,65.983,431.808,42,351,0.653,0.402,0.037,0.033,66,153.5,426,2.5,0,0,0,0,0,0,0,0,0,599

Main.js:462 442.013,74.591,159,159,-0.612,0.105,-0.047,0.018,0,1,0,1,0,0,0,0,0,0,0,0,0,0,0,0,0,0,0,0,66.639,432.222,42,349.5,0.656,0.414,0.037,0.033,65,156,426,2.5,0,0,0,0,0,0,0,0,0,616

Main.js:462 441.387,74.708,157.5,157.5,-0.626,0.118,-0.046,0.019,0,1,0,1,0,0,0,0,0,0,0,0,0,0,0,0,0,0,0,0,67.297,432.647,42,348,0.658,0.425,0.037,0.033,64,158.5,426,2.5,0,0,0,0,0,0,0,0,0,633

Main.js:462 440.75,74.84,156,156,-0.638,0.131,-0.046,0.02,0,1,0,1,0,0,0,0,0,0,0,0,0,0,0,0,0,0,0,0,67.958,433.083,42,346.5,0.661,0.436,0.037,0.033,63,161,426,2.5,0,0,0,0,0,0,0,0,0,649

Main.js:462 440.101,74.985,154.5,154.5,-0.649,0.145,-0.045,0.022,0,1,0,1,0,0,0,0,0,0,0,0,0,0,0,0,0,0,0,0,68.621,433.529,42,345,0.663,0.446,0.037,0.033,62,163.5,426,2.5,0,0,0,0,0,0,0,0,0,666

Main.js:462 439.442,75.143,154.5,154.5,-0.659,0.158,-0.045,0.022,0,0,0,1,0,0,0,0,0,0,0,0,0,0,0,0,0,0,0,0,69.286,433.984,42,343.5,0.665,0.455,0.037,0.033,61,166,426,2.5,0,0,0,0,0,0,0,0,0,682

Main.js:462 438.773,75.313,154.5,154.5,-0.669,0.171,-0.045,0.022,0,0,0,1,0,0,0,0,0,0,0,0,0,0,0,0,0,0,0,0,69.953,434.448,42,342,0.667,0.464,0.037,0.033,60,168.5,426,2.5,0,0,0,0,0,0,0,0,0,699

Main.js:462 438.094,75.496,154.5,154.5,-0.679,0.183,-0.045,0.022,0,0,0,1,0,0,0,0,0,0,0,0,0,0,0,0,0,0,0,0,70.622,434.92,42,340.5,0.669,0.473,0.037,0.033,59,171,426,2.5,0,0,0,0,0,0,0,0,0,717

Main.js:462 437.407,75.69,154.5,154.5,-0.687,0.194,-0.045,0.022,0,0,0,1,0,0,0,0,0,0,0,0,0,0,0,0,0,0,0,0,71.293,435.401,42,339,0.671,0.481,0.037,0.033,58,173.5,426,2.5,0,0,0,0,0,0,0,0,0,731

Main.js:462 436.711,75.895,154.5,154.5,-0.696,0.205,-0.045,0.022,0,0,0,1,0,0,0,0,0,0,0,0,0,0,0,0,0,0,0,0,71.966,435.89,42,337.5,0.673,0.489,0.037,0.033,57,176,426,2.5,0,0,0,0,0,0,0,0,0,749

Main.js:462 436.007,76.11,154.5,154.5,-0.704,0.215,-0.045,0.022,0,0,0,1,0,0,0,0,0,0,0,0,0,0,0,0,0,0,0,0,72.64,436.386,42,336,0.674,0.496,0.037,0.033,56,178.5,426,2.5,0,0,0,0,0,0,0,0,0,766

Main.js:462 435.295,76.334,154.5,154.5,-0.712,0.225,-0.045,0.022,0,0,0,1,0,0,0,0,0,0,0,0,0,0,0,0,0,0,0,0,73.316,436.889,42,334.5,0.676,0.503,0.037,0.033,55,181,426,2.5,0,0,0,0,0,0,0,0,0,782

Main.js:462 434.576,76.568,154.5,154.5,-0.719,0.234,-0.045,0.022,0,0,0,1,0,0,0,0,0,0,0,0,0,0,0,0,0,0,0,0,73.994,437.398,42,333,0.677,0.51,0.037,0.033,54,183.5,426,2.5,0,0,0,0,0,0,0,0,0,801

Main.js:462 433.85,76.811,154.5,154.5,-0.726,0.243,-0.045,0.022,0,0,0,1,0,0,0,0,0,0,0,0,0,0,0,0,0,0,0,0,74.672,437.914,42,331.5,0.679,0.516,0.037,0.033,53,186,426,2.5,0,0,0,0,0,0,0,0,0,816

Main.js:462 433.118,77.062,154.5,154.5,-0.732,0.251,-0.045,0.022,0,0,0,1,0,0,0,0,0,0,0,0,0,0,0,0,0,0,0,0,75.353,438.436,42,330,0.68,0.522,0.037,0.033,52,188.5,426,2.5,0,0,0,0,0,0,0,0,0,832

Main.js:462 432.379,77.32,154.5,154.5,-0.739,0.259,-0.045,0.022,0,0,0,1,0,0,0,0,0,0,0,0,0,0,0,0,0,0,0,0,76.034,438.964,42,328.5,0.682,0.528,0.037,0.033,51,191,426,2.5,0,0,0,0,0,0,0,0,0,848

Main.js:462 431.634,77.587,154.5,154.5,-0.745,0.266,-0.045,0.022,0,0,0,1,0,0,0,0,0,0,0,0,0,0,0,0,0,0,0,0,76.717,439.497,42,327,0.683,0.533,0.037,0.033,50,193.5,426,2.5,0,0,0,0,0,0,0,0,0,866

Main.js:462 430.884,77.86,154.5,154.5,-0.75,0.273,-0.045,0.022,0,0,0,1,0,0,0,0,0,0,0,0,0,0,0,0,0,0,0,0,77.401,440.035,42,325.5,0.684,0.538,0.037,0.033,49,196,426,2.5,0,0,0,0,0,0,0,0,0,883

Main.js:462 430.128,78.14,154.5,154.5,-0.756,0.28,-0.045,0.022,0,0,0,1,0,0,0,0,0,0,0,0,0,0,0,0,0,0,0,0,78.086,440.578,42,324,0.685,0.543,0.037,0.033,48,198.5,426,2.5,0,0,0,0,0,0,0,0,0,899

Main.js:462 429.368,78.427,154.5,154.5,-0.761,0.287,-0.045,0.022,0,0,0,1,0,0,0,0,0,0,0,0,0,0,0,0,0,0,0,0,78.772,441.125,42,322.5,0.686,0.548,0.037,0.033,47,201,426,2.5,0,0,0,0,0,0,0,0,0,916

Main.js:462 428.603,78.721,153,153,-0.765,0.294,-0.045,0.023,0,1,0,1,0,0,0,0,0,0,0,0,0,0,0,0,0,0,0,0,79.459,441.677,42,321,0.687,0.552,0.037,0.033,46,203.5,426,2.5,0,0,0,0,0,0,0,0,0,931

Main.js:462 427.834,79.023,151.5,151.5,-0.769,0.302,-0.044,0.024,0,1,0,1,0,0,0,0,0,0,0,0,0,0,0,0,0,0,0,0,80.147,442.233,42,319.5,0.688,0.556,0.037,0.033,45,206,426,2.5,0,0,0,0,0,0,0,0,0,950

Main.js:462 427.063,79.333,150,150,-0.771,0.311,-0.043,0.025,0,1,0,1,0,0,0,0,0,0,0,0,0,0,0,0,0,0,0,0,80.836,442.794,42,318,0.689,0.56,0.037,0.033,44,208.5,426,2.5,0,0,0,0,0,0,0,0,0,965

Main.js:462 426.29,79.653,148.5,148.5,-0.773,0.32,-0.043,0.026,0,1,0,1,0,0,0,0,0,0,0,0,0,0,0,0,0,0,0,0,81.526,443.358,42,316.5,0.69,0.564,0.037,0.033,43,211,426,2.5,0,0,0,0,0,0,0,0,0,982

Main.js:462 425.515,79.983,147,147,-0.774,0.33,-0.042,0.027,0,1,0,1,0,0,0,0,0,0,0,0,0,0,0,0,0,0,0,0,82.216,443.925,42,315,0.691,0.568,0.037,0.033,42,213.5,426,2.5,0,0,0,0,0,0,0,0,0,998

Main.js:462 424.74,80.323,145.5,145.5,-0.775,0.34,-0.041,0.028,0,1,0,1,0,0,0,0,0,0,0,0,0,0,0,0,0,0,0,0,82.908,444.496,42,313.5,0.691,0.571,0.037,0.033,41,216,426,2.5,0,0,0,0,0,0,0,0,0,1014

Main.js:462 423.966,80.674,144,144,-0.774,0.351,-0.04,0.029,0,1,0,1,0,0,0,0,0,0,0,0,0,0,0,0,0,0,0,0,83.601,445.069,40.5,310.5,0.693,0.573,0.038,0.032,40,218.5,426,2.5,0,0,0,0,0,0,0,0,0,1032

Main.js:462 423.192,81.036,144,144,-0.774,0.361,-0.04,0.029,0,0,0,1,0,0,0,0,0,0,0,0,0,0,0,0,0,0,0,0,84.296,445.644,39,307.5,0.695,0.574,0.039,0.031,39,221,426,2.5,0,0,0,0,0,0,0,0,0,1050

Main.js:462 422.418,81.407,144,144,-0.774,0.371,-0.04,0.029,0,0,0,1,0,0,0,0,0,0,0,0,0,0,0,0,0,0,0,0,84.994,446.218,37.5,304.5,0.698,0.575,0.04,0.03,38,223.5,426,2.5,0,0,0,0,0,0,0,0,0,1066

Main.js:462 421.644,81.787,144,144,-0.774,0.381,-0.04,0.029,0,0,0,1,0,0,0,0,0,0,0,0,0,0,0,0,0,0,0,0,85.695,446.792,36,301.5,0.702,0.574,0.04,0.029,37,226,426,2.5,0,0,0,0,0,0,0,0,0,1083

Main.js:462 420.871,82.177,144,144,-0.773,0.39,-0.04,0.029,0,0,0,1,0,0,0,0,0,0,0,0,0,0,0,0,0,0,0,0,86.401,447.364,34.5,298.5,0.706,0.572,0.041,0.028,36,228.5,426,2.5,0,0,0,0,0,0,0,0,0,1099

Main.js:462 420.098,82.575,144,144,-0.773,0.398,-0.04,0.029,0,0,0,1,0,0,0,0,0,0,0,0,0,0,0,0,0,0,0,0,87.111,447.934,33,295.5,0.71,0.569,0.042,0.027,35,231,426,2.5,0,0,0,0,0,0,0,0,0,1116

Main.js:462 419.325,82.981,144,144,-0.773,0.406,-0.04,0.029,0,0,0,1,0,0,0,0,0,0,0,0,0,0,0,0,0,0,0,0,87.827,448.499,31.5,292.5,0.715,0.566,0.043,0.026,34,233.5,426,2.5,0,0,0,0,0,0,0,0,0,1132

Main.js:462 418.552,83.394,144,144,-0.773,0.414,-0.04,0.029,0,0,0,1,0,0,0,0,0,0,0,0,0,0,0,0,0,0,0,0,88.547,449.06,30,289.5,0.721,0.561,0.043,0.025,33,236,426,2.5,0,0,0,0,0,0,0,0,0,1149

Main.js:462 417.78,83.815,144,144,-0.772,0.421,-0.04,0.029,0,0,0,1,0,0,0,0,0,0,0,0,0,0,0,0,0,0,0,0,89.273,449.616,28.5,286.5,0.726,0.556,0.044,0.024,32,238.5,426,2.5,0,0,0,0,0,0,0,0,0,1166

Main.js:462 417.007,84.243,144,144,-0.772,0.428,-0.04,0.029,0,0,0,1,0,0,0,0,0,0,0,0,0,0,0,0,0,0,0,0,90.006,450.166,27,283.5,0.732,0.55,0.045,0.023,31,241,426,2.5,0,0,0,0,0,0,0,0,0,1183

Main.js:462 416.235,84.677,144,144,-0.772,0.434,-0.04,0.029,0,0,0,1,0,0,0,0,0,0,0,0,0,0,0,0,0,0,0,0,90.744,450.708,25.5,280.5,0.739,0.543,0.045,0.022,30,243.5,426,2.5,0,0,0,0,0,0,0,0,0,1199

Main.js:462 415.463,85.118,144,144,-0.772,0.44,-0.04,0.029,0,0,0,1,0,0,0,0,0,0,0,0,0,0,0,0,0,0,0,0,91.489,451.243,24,277.5,0.745,0.535,0.046,0.02,29,246,426,2.5,0,0,0,0,0,0,0,0,0,1216

Main.js:462 414.692,85.564,144,144,-0.772,0.446,-0.04,0.029,0,0,0,1,0,0,0,0,0,0,0,0,0,0,0,0,0,0,0,0,92.241,451.769,22.5,274.5,0.752,0.526,0.046,0.019,28,248.5,426,2.5,0,0,0,0,0,0,0,0,0,1232

Main.js:462 413.92,86.016,144,144,-0.772,0.452,-0.04,0.029,0,0,0,1,0,0,0,0,0,0,0,0,0,0,0,0,0,0,0,0,92.999,452.286,21,271.5,0.758,0.517,0.047,0.018,27,251,426,2.5,0,0,0,0,0,0,0,0,0,1249

Main.js:462 413.149,86.474,142.5,142.5,-0.771,0.458,-0.04,0.03,0,1,0,1,0,0,0,0,0,0,0,0,0,0,0,0,0,0,0,0,93.765,452.793,19.5,268.5,0.765,0.507,0.047,0.017,26,253.5,426,2.5,0,0,0,0,0,0,0,0,0,1266

Main.js:462 412.38,86.939,141,141,-0.769,0.465,-0.039,0.031,0,1,0,1,0,0,0,0,0,0,0,0,0,0,0,0,0,0,0,0,94.537,453.289,18,265.5,0.772,0.496,0.048,0.015,25,256,426,2.5,0,0,0,0,0,0,0,0,0,1282

Main.js:462 411.613,87.412,139.5,139.5,-0.767,0.473,-0.038,0.032,0,1,0,1,0,0,0,0,0,0,0,0,0,0,0,0,0,0,0,0,95.316,453.774,16.5,262.5,0.779,0.485,0.048,0.014,24,258.5,426,2.5,0,0,0,0,0,0,0,0,0,1299

Main.js:462 410.85,87.893,138,138,-0.764,0.481,-0.037,0.033,0,1,0,1,0,0,0,0,0,0,0,0,0,0,0,0,0,0,0,0,96.102,454.247,15,259.5,0.786,0.473,0.048,0.013,23,261,426,2.5,0,0,0,0,0,0,0,0,0,1315

Main.js:462 410.09,88.383,136.5,136.5,-0.76,0.49,-0.036,0.034,0,1,0,1,0,0,0,0,0,0,0,0,0,0,0,0,0,0,0,0,96.895,454.707,13.5,256.5,0.793,0.46,0.049,0.012,22,263.5,426,2.5,0,0,0,0,0,0,0,0,0,1333

Main.js:462 409.334,88.882,135,135,-0.756,0.499,-0.035,0.035,0,1,0,1,0,0,0,0,0,0,0,0,0,0,0,0,0,0,0,0,97.695,455.154,12,253.5,0.8,0.447,0.049,0.01,21,266,426,2.5,0,0,0,0,0,0,0,0,0,1349

Main.js:462 408.584,89.39,133.5,133.5,-0.75,0.508,-0.034,0.036,0,1,0,1,0,0,0,0,0,0,0,0,0,0,0,0,0,0,0,0,98.501,455.588,10.5,250.5,0.806,0.434,0.049,0.009,20,268.5,426,2.5,0,0,0,0,0,0,0,0,0,1366

Main.js:462 407.839,89.908,132,132,-0.745,0.518,-0.033,0.037,0,1,0,1,0,0,0,0,0,0,0,0,0,0,0,0,0,0,0,0,99.314,456.007,9,247.5,0.813,0.419,0.049,0.008,19,271,426,2.5,0,0,0,0,0,0,0,0,0,1383

Main.js:462 407.101,90.436,130.5,130.5,-0.738,0.528,-0.032,0.038,0,1,0,1,0,0,0,0,0,0,0,0,0,0,0,0,0,0,0,0,100.134,456.412,7.5,244.5,0.82,0.405,0.05,0.007,18,273.5,426,2.5,0,0,0,0,0,0,0,0,0,1398

Main.js:462 406.369,90.975,129,129,-0.731,0.539,-0.031,0.039,0,1,0,1,0,0,0,0,0,0,0,0,0,0,0,0,0,0,0,0,100.96,456.801,6,241.5,0.826,0.389,0.05,0.005,17,276,426,2.5,0,0,0,0,0,0,0,0,0,1415

Main.js:462 405.646,91.525,127.5,127.5,-0.724,0.55,-0.03,0.04,0,1,0,1,0,0,0,0,0,0,0,0,0,0,0,0,0,0,0,0,101.792,457.175,4.5,238.5,0.832,0.374,0.05,0.004,16,278.5,426,2.5,0,0,0,0,0,0,0,0,0,1432

Main.js:462 404.929,92.085,127.5,127.5,-0.716,0.56,-0.03,0.04,0,0,0,1,0,0,0,0,0,0,0,0,0,0,0,0,0,0,0,0,102.629,457.532,3,235.5,0.838,0.357,0.05,0.003,15,281,426,2.5,0,0,0,0,0,0,0,0,0,1450

Main.js:462 404.22,92.654,127.5,127.5,-0.71,0.569,-0.03,0.04,0,0,0,1,0,0,0,0,0,0,0,0,0,0,0,0,0,0,0,0,103.472,457.873,1.5,232.5,0.843,0.341,0.05,0.001,14,283.5,426,2.5,0,0,0,0,0,0,0,0,0,1465

Main.js:462 403.517,93.233,127.5,127.5,-0.703,0.579,-0.03,0.04,0,0,0,1,0,0,0,0,0,0,0,0,0,0,0,0,0,0,0,0,104.321,458.196,0,229.5,0.849,0.324,0.05,0,13,286,426,2.5,0,0,0,0,0,0,0,0,0,1481

Main.js:462 402.82,93.82,127.5,127.5,-0.697,0.587,-0.03,0.04,0,0,0,1,0,0,0,0,0,0,0,0,0,0,0,0,0,0,0,0,105.175,458.502,358.5,226.5,0.854,0.306,0.05,-0.001,12,288.5,426,2.5,0,0,0,0,0,0,0,0,0,1500

Main.js:462 402.129,94.416,127.5,127.5,-0.691,0.596,-0.03,0.04,0,0,0,1,0,0,0,0,0,0,0,0,0,0,0,0,0,0,0,0,106.033,458.791,357,223.5,0.858,0.288,0.05,-0.003,11,291,426,2.5,0,0,0,0,0,0,0,0,0,1515

Main.js:462 401.444,95.02,127.5,127.5,-0.685,0.604,-0.03,0.04,0,0,0,1,0,0,0,0,0,0,0,0,0,0,0,0,0,0,0,0,106.896,459.061,355.5,220.5,0.863,0.27,0.05,-0.004,10,293.5,426,2.5,0,0,0,0,0,0,0,0,0,1532

Main.js:462 400.764,95.631,127.5,127.5,-0.68,0.611,-0.03,0.04,0,0,0,1,0,0,0,0,0,0,0,0,0,0,0,0,0,0,0,0,107.763,459.313,354,217.5,0.867,0.252,0.05,-0.005,9,296,426,2.5,0,0,0,0,0,0,0,0,0,1550

Main.js:462 400.089,96.249,127.5,127.5,-0.675,0.618,-0.03,0.04,0,0,0,1,0,0,0,0,0,0,0,0,0,0,0,0,0,0,0,0,108.634,459.546,352.5,214.5,0.871,0.233,0.05,-0.007,8,298.5,426,2.5,0,0,0,0,0,0,0,0,0,1566

Main.js:462 399.419,96.874,127.5,127.5,-0.67,0.625,-0.03,0.04,0,0,0,1,0,0,0,0,0,0,0,0,0,0,0,0,0,0,0,0,109.508,459.76,351,211.5,0.874,0.214,0.049,-0.008,7,301,426,2.5,0,0,0,0,0,0,0,0,0,1583

Main.js:462 398.754,97.506,127.5,127.5,-0.665,0.631,-0.03,0.04,0,0,0,1,0,0,0,0,0,0,0,0,0,0,0,0,0,0,0,0,110.385,459.955,349.5,208.5,0.877,0.195,0.049,-0.009,6,303.5,426,2.5,0,0,0,0,0,0,0,0,0,1598

Main.js:462 398.093,98.143,127.5,127.5,-0.661,0.638,-0.03,0.04,0,0,0,1,0,0,0,0,0,0,0,0,0,0,0,0,0,0,0,0,111.265,460.13,348,205.5,0.88,0.175,0.049,-0.01,5,306,426,2.5,0,0,0,0,0,0,0,0,0,1617

Main.js:462 397.437,98.787,126,126,-0.656,0.644,-0.029,0.04,0,1,0,1,0,0,0,0,0,0,0,0,0,0,0,0,0,0,0,0,112.146,460.285,346.5,202.5,0.882,0.155,0.049,-0.012,4,308.5,426,2.5,0,0,0,0,0,0,0,0,0,1632

Main.js:462 396.787,99.438,124.5,124.5,-0.65,0.651,-0.028,0.041,0,1,0,1,0,0,0,0,0,0,0,0,0,0,0,0,0,0,0,0,113.03,460.42,345,199.5,0.884,0.135,0.048,-0.013,3,311,426,2.5,0,0,0,0,0,0,0,0,0,1649

Main.js:462 396.144,100.097,123,123,-0.643,0.658,-0.027,0.042,0,1,0,1,0,0,0,0,0,0,0,0,0,0,0,0,0,0,0,0,113.915,460.535,343.5,196.5,0.885,0.115,0.048,-0.014,2,313.5,426,2.5,0,0,0,0,0,0,0,0,0,1666

Main.js:462 395.508,100.763,121.5,121.5,-0.636,0.666,-0.026,0.043,0,1,0,1,0,0,0,0,0,0,0,0,0,0,0,0,0,0,0,0,114.801,460.629,342,193.5,0.886,0.094,0.048,-0.015,1,316,426,2.5,0,0,0,0,0,0,0,0,0,1683

Main.js:462 394.88,101.437,120,120,-0.628,0.674,-0.025,0.043,0,1,0,1,0,0,0,0,0,0,0,0,0,0,0,0,0,0,0,0,115.688,460.703,340.5,190.5,0.886,0.074,0.047,-0.017,0,318.5,426,2.5,0,0,0,0,0,0,0,0,0,1699

Main.js:462 394.261,102.118,118.5,118.5,-0.619,0.682,-0.024,0.044,0,1,0,1,0,0,0,0,0,0,0,0,0,0,0,0,0,0,0,0,116.574,460.756,339,187.5,0.886,0.053,0.047,-0.018,99,321,426,2.5,0,0,0,0,0,0,0,0,0,1716

Main.js:462 393.651,102.808,117,117,-0.61,0.69,-0.023,0.045,0,1,0,1,0,0,0,0,0,0,0,0,0,0,0,0,0,0,0,0,117.46,460.788,337.5,184.5,0.886,0.032,0.046,-0.019,98,323.5,426,2.5,0,92.389,457.636,-2.479,-0.326,0,0,0,0,1732

Main.js:462 393.05,103.506,117,117,-0.601,0.698,-0.023,0.045,0,0,0,1,0,0,0,0,0,0,0,0,0,0,0,0,0,0,0,0,118.345,460.8,336,181.5,0.885,0.011,0.046,-0.02,97,326,426,2.5,0,89.91,457.309,-2.479,-0.326,0,0,0,0,1749

Main.js:462 392.458,104.212,117,117,-0.592,0.705,-0.023,0.045,0,0,0,1,0,0,0,0,0,0,0,0,0,0,0,0,0,0,0,0,119.229,460.79,334.5,178.5,0.884,-0.01,0.045,-0.022,96,328.5,426,2.5,0,87.431,456.983,-2.479,-0.326,0,0,0,0,1766

Main.js:462 391.873,104.924,117,117,-0.584,0.712,-0.023,0.045,0,0,0,1,0,0,0,0,0,0,0,0,0,0,0,0,0,0,0,0,120.111,460.759,333,175.5,0.882,-0.031,0.045,-0.023,95,331,426,2.5,0,84.953,456.657,-2.479,-0.326,0,0,0,0,1783

Main.js:462 391.297,105.643,117,117,-0.577,0.719,-0.023,0.045,0,0,0,1,0,0,0,0,0,0,0,0,0,0,0,0,0,0,0,0,120.99,460.708,331.5,172.5,0.88,-0.052,0.044,-0.024,94,333.5,426,2.5,0,82.474,456.33,-2.479,-0.326,0,0,0,0,1799

Main.js:462 390.727,106.369,117,117,-0.569,0.725,-0.023,0.045,0,0,0,1,0,0,0,0,0,0,0,0,0,0,0,0,0,0,0,0,121.867,460.635,330,169.5,0.877,-0.073,0.043,-0.025,93,336,426,2.5,0,79.995,456.004,-2.479,-0.326,0,0,0,0,1816

Main.js:462 390.165,107.1,117,117,-0.563,0.731,-0.023,0.045,0,0,0,1,0,0,0,0,0,0,0,0,0,0,0,0,0,0,0,0,122.74,460.54,328.5,166.5,0.873,-0.094,0.043,-0.026,92,338.5,426,2.5,0,77.517,455.678,-2.479,-0.326,0,0,0,0,1833

Main.js:462 389.609,107.837,117,117,-0.556,0.737,-0.023,0.045,0,0,0,1,0,0,0,0,0,0,0,0,0,0,0,0,0,0,0,0,123.61,460.425,327,163.5,0.87,-0.115,0.042,-0.027,91,341,426,2.5,0,75.038,455.351,-2.479,-0.326,0,0,0,0,1848

Main.js:462 389.059,108.58,117,117,-0.55,0.743,-0.023,0.045,0,0,0,1,0,0,0,0,0,0,0,0,0,0,0,0,0,0,0,0,124.475,460.289,325.5,160.5,0.865,-0.136,0.041,-0.028,90,343.5,426,2.5,0,72.56,455.025,-2.479,-0.326,0,0,0,0,1866

Main.js:462 388.515,109.328,117,117,-0.544,0.748,-0.023,0.045,0,0,0,1,0,0,0,0,0,0,0,0,0,0,0,0,0,0,0,0,125.335,460.131,324,157.5,0.86,-0.158,0.04,-0.029,89,346,426,2.5,0,70.081,454.699,-2.479,-0.326,0,0,0,0,1882

Main.js:462 387.977,110.081,117,117,-0.538,0.753,-0.023,0.045,0,0,0,1,0,0,0,0,0,0,0,0,0,0,0,0,0,0,0,0,126.19,459.952,322.5,154.5,0.855,-0.179,0.04,-0.03,88,348.5,426,2.5,0,67.602,454.372,-2.479,-0.326,0,0,0,0,1900

Main.js:462 387.444,110.838,117,117,-0.533,0.758,-0.023,0.045,0,0,0,1,0,0,0,0,0,0,0,0,0,0,0,0,0,0,0,0,127.039,459.753,321,151.5,0.849,-0.2,0.039,-0.031,87,351,426,2.5,0,65.124,454.046,-2.479,-0.326,0,0,0,0,1916

Main.js:462 386.916,111.6,117,117,-0.528,0.762,-0.023,0.045,0,0,0,1,0,0,0,0,0,0,0,0,0,0,0,0,0,0,0,0,127.882,459.532,319.5,148.5,0.843,-0.22,0.038,-0.032,86,353.5,426,2.5,0,62.645,453.72,-2.479,-0.326,0,0,0,0,1937

Main.js:462 386.393,112.366,117,117,-0.523,0.766,-0.023,0.045,0,0,0,1,0,0,0,0,0,0,0,0,0,0,0,0,0,0,0,0,128.718,459.291,318,145.5,0.836,-0.241,0.037,-0.033,85,356,426,2.5,0,60.167,453.394,-2.479,-0.326,0,0,0,0,1950

Main.js:462 385.875,113.137,117,117,-0.518,0.77,-0.023,0.045,0,0,0,1,0,0,0,0,0,0,0,0,0,0,0,0,0,0,0,0,129.547,459.029,316.5,142.5,0.829,-0.262,0.036,-0.034,84,358.5,426,2.5,0,57.688,453.067,-2.479,-0.326,0,0,0,0,1966

Main.js:462 385.361,113.911,117,117,-0.514,0.774,-0.023,0.045,0,0,0,1,0,0,0,0,0,0,0,0,0,0,0,0,0,0,0,0,130.368,458.747,315,139.5,0.821,-0.282,0.035,-0.035,83,361,426,2.5,0,55.209,452.741,-2.479,-0.326,0,0,0,0,1981

Main.js:462 384.851,114.688,117,117,-0.51,0.778,-0.023,0.045,0,0,0,1,0,0,0,0,0,0,0,0,0,0,0,0,0,0,0,0,131.18,458.444,313.5,136.5,0.812,-0.303,0.034,-0.036,82,363.5,426,2.5,0,52.731,452.415,-2.479,-0.326,0,0,0,0,1998

Main.js:462 384.345,115.469,117,117,-0.506,0.781,-0.023,0.045,0,0,0,1,0,0,0,0,0,0,0,0,0,0,0,0,0,0,0,0,131.984,458.121,312,133.5,0.804,-0.323,0.033,-0.037,81,366,426,2.5,0,50.252,452.088,-2.479,-0.326,0,0,0,0,2016

Main.js:462 383.843,116.254,117,117,-0.502,0.784,-0.023,0.045,0,0,0,1,0,0,0,0,0,0,0,0,0,0,0,0,0,0,0,0,132.78,457.78,313.5,133.5,0.796,-0.341,0.034,-0.036,80,368.5,426,2.5,0,47.774,451.762,-2.479,-0.326,0,0,0,0,2033

Main.js:462 383.344,117.041,117,117,-0.499,0.787,-0.023,0.045,0,0,0,1,0,0,0,0,0,0,0,0,0,0,0,0,0,0,0,0,133.57,457.423,315,133.5,0.79,-0.358,0.035,-0.035,79,371,426,2.5,0,45.295,451.436,-2.479,-0.326,0,0,0,0,2049

Main.js:462 382.849,117.831,117,117,-0.495,0.79,-0.023,0.045,0,0,0,1,0,0,0,0,0,0,0,0,0,0,0,0,0,0,0,0,134.355,457.05,316.5,133.5,0.785,-0.372,0.036,-0.034,78,373.5,426,2.5,0,42.816,451.109,-2.479,-0.326,0,0,0,0,2065

Main.js:462 382.357,118.625,117,117,-0.492,0.793,-0.023,0.045,0,0,0,1,0,0,0,0,0,0,0,0,0,0,0,0,0,0,0,0,135.136,456.664,318,133.5,0.781,-0.386,0.037,-0.033,77,376,426,2.5,0,40.338,450.783,-2.479,-0.326,0,0,0,0,2082

Main.js:462 381.868,119.42,117,117,-0.489,0.796,-0.023,0.045,0,0,0,1,0,0,0,0,0,0,0,0,0,0,0,0,0,0,0,0,135.914,456.267,319.5,133.5,0.778,-0.397,0.038,-0.032,76,378.5,426,2.5,0,37.859,450.457,-2.479,-0.326,0,0,0,0,2099

Main.js:462 381.382,120.219,117,117,-0.486,0.798,-0.023,0.045,0,0,0,1,0,0,0,0,0,0,0,0,0,0,0,0,0,0,0,0,136.69,455.86,321,133.5,0.776,-0.407,0.039,-0.031,75,381,426,2.5,0,35.38,450.13,-2.479,-0.326,0,0,0,0,2115

Main.js:462 380.898,121.02,117,117,-0.483,0.801,-0.023,0.045,0,0,0,1,0,0,0,0,0,0,0,0,0,0,0,0,0,0,0,0,137.465,455.444,322.5,133.5,0.775,-0.416,0.04,-0.03,74,383.5,426,2.5,0,32.902,449.804,-2.479,-0.326,0,0,0,0,2132

Main.js:462 380.417,121.823,117,117,-0.481,0.803,-0.023,0.045,0,0,0,1,0,0,0,0,0,0,0,0,0,0,0,0,0,0,0,0,138.239,455.021,324,133.5,0.775,-0.423,0.04,-0.029,73,386,426,2.5,0,30.423,449.478,-2.479,-0.326,0,0,0,0,2149

Main.js:462 379.939,122.628,117,117,-0.478,0.805,-0.023,0.045,0,0,0,1,0,0,0,0,0,0,0,0,0,0,0,0,0,0,0,0,139.014,454.592,325.5,133.5,0.775,-0.429,0.041,-0.028,72,388.5,426,2.5,0,27.945,449.151,-2.479,-0.326,0,0,0,0,2166

Main.js:462 379.463,123.435,117,117,-0.476,0.807,-0.023,0.045,0,0,0,1,0,0,0,0,0,0,0,0,0,0,0,0,0,0,0,0,139.79,454.159,327,133.5,0.776,-0.433,0.042,-0.027,71,391,426,2.5,0,25.466,448.825,-2.479,-0.326,0,0,0,0,2182

Main.js:462 378.989,124.245,117,117,-0.474,0.809,-0.023,0.045,0,0,0,1,0,0,0,0,0,0,0,0,0,0,0,0,0,0,0,0,140.568,453.723,328.5,133.5,0.778,-0.436,0.043,-0.026,70,393.5,426,2.5,0,22.987,448.499,-2.479,-0.326,0,0,0,0,2198

Main.js:462 378.518,125.056,117,117,-0.472,0.811,-0.023,0.045,0,0,0,1,0,0,0,0,0,0,0,0,0,0,0,0,0,0,0,0,141.348,453.285,330,133.5,0.78,-0.438,0.043,-0.025,69,396,426,2.5,0,20.509,448.172,-2.479,-0.326,0,0,0,0,2216

Main.js:462 378.048,125.869,117,117,-0.47,0.813,-0.023,0.045,0,0,0,1,0,0,0,0,0,0,0,0,0,0,0,0,0,0,0,0,142.131,452.846,331.5,133.5,0.783,-0.439,0.044,-0.024,68,398.5,426,2.5,0,18.03,447.846,-2.479,-0.326,0,0,0,0,2231

Main.js:462 377.58,126.683,117,117,-0.468,0.815,-0.023,0.045,0,0,0,1,0,0,0,0,0,0,0,0,0,0,0,0,0,0,0,0,142.917,452.407,333,133.5,0.786,-0.439,0.045,-0.023,67,401,426,2.5,0,15.552,447.52,-2.479,-0.326,0,0,0,0,2248

Main.js:462 377.115,127.499,117,117,-0.466,0.816,-0.023,0.045,0,0,0,1,0,0,0,0,0,0,0,0,0,0,0,0,0,0,0,0,143.706,451.97,334.5,133.5,0.79,-0.437,0.045,-0.022,66,403.5,426,2.5,0,13.073,447.194,-2.479,-0.326,0,0,0,0,2266

Main.js:462 376.65,128.317,117,117,-0.464,0.818,-0.023,0.045,0,0,0,1,0,0,0,0,0,0,0,0,0,0,0,0,0,0,0,0,144.5,451.536,336,133.5,0.793,-0.435,0.046,-0.02,65,406,426,2.5,0,10.594,446.867,-2.479,-0.326,0,0,0,0,2291

Main.js:462 376.188,129.136,117,117,-0.463,0.819,-0.023,0.045,0,0,0,1,0,0,0,0,0,0,0,0,0,0,0,0,0,0,0,0,145.298,451.104,337.5,133.5,0.798,-0.431,0.046,-0.019,64,408.5,426,2.5,0,8.116,446.541,-2.479,-0.326,0,0,0,0,2299

Main.js:462 375.727,129.957,117,117,-0.461,0.82,-0.023,0.045,0,0,0,1,0,0,0,0,0,0,0,0,0,0,0,0,0,0,0,0,146.1,450.678,339,133.5,0.802,-0.427,0.047,-0.018,63,411,426,2.5,0,5.637,446.215,-2.479,-0.326,0,0,0,0,2316

Main.js:462 375.267,130.778,117,117,-0.459,0.822,-0.023,0.045,0,0,0,1,0,0,0,0,0,0,0,0,0,0,0,0,0,0,0,0,146.907,450.257,340.5,133.5,0.807,-0.421,0.047,-0.017,62,413.5,426,2.5,0,3.159,445.888,-2.479,-0.326,0,0,0,0,2332

Main.js:462 374.809,131.601,117,117,-0.458,0.823,-0.023,0.045,0,0,0,1,0,0,0,0,0,0,0,0,0,0,0,0,0,0,0,0,147.718,449.842,342,133.5,0.812,-0.415,0.048,-0.015,61,416,426,2.5,0,0.68,445.562,-2.479,-0.326,0,0,0,0,2349

Main.js:462 374.353,132.426,117,117,-0.457,0.824,-0.023,0.045,0,0,0,1,0,0,0,0,0,0,0,0,0,0,0,0,0,0,0,0,148.535,449.435,343.5,133.5,0.817,-0.407,0.048,-0.014,60,418.5,426,2.5,0,0,0,0,0,0,0,0,0,2367

Main.js:462 373.897,133.251,117,117,-0.455,0.825,-0.023,0.045,0,0,0,1,0,0,0,0,0,0,0,0,0,0,0,0,0,0,0,0,149.356,449.036,345,133.5,0.822,-0.399,0.048,-0.013,59,421,426,2.5,0,0,0,0,0,0,0,0,0,2381

Main.js:462 373.443,134.077,117,117,-0.454,0.826,-0.023,0.045,0,0,0,1,0,0,0,0,0,0,0,0,0,0,0,0,0,0,0,0,150.183,448.645,346.5,133.5,0.827,-0.39,0.049,-0.012,58,423.5,426,2.5,0,0,0,0,0,0,0,0,0,2399

Main.js:462 372.99,134.905,117,117,-0.453,0.827,-0.023,0.045,0,0,0,1,0,0,0,0,0,0,0,0,0,0,0,0,0,0,0,0,151.015,448.264,348,133.5,0.832,-0.381,0.049,-0.01,57,426,426,2.5,0,0,0,0,0,0,0,0,0,2416

Main.js:462 372.538,135.733,117,117,-0.452,0.828,-0.023,0.045,0,0,0,1,0,0,0,0,0,0,0,0,0,0,0,0,0,0,0,0,151.852,447.894,349.5,133.5,0.837,-0.37,0.049,-0.009,56,428.5,426,2.5,0,0,0,0,0,0,0,0,0,2431

Main.js:462 372.087,136.562,117,117,-0.451,0.829,-0.023,0.045,0,0,0,1,0,0,0,0,0,0,0,0,0,0,0,0,0,0,0,0,152.694,447.534,351,133.5,0.842,-0.359,0.049,-0.008,55,431,426,2.5,0,0,0,0,0,0,0,0,0,2449

Main.js:462 371.637,137.392,117,117,-0.45,0.83,-0.023,0.045,0,0,0,1,0,0,0,0,0,0,0,0,0,0,0,0,0,0,0,0,153.541,447.187,352.5,133.5,0.847,-0.348,0.05,-0.007,54,433.5,426,2.5,0,0,0,0,0,0,0,0,0,2466

Main.js:462 371.188,138.223,117,117,-0.449,0.831,-0.023,0.045,0,0,0,1,0,0,0,0,0,0,0,0,0,0,0,0,0,0,0,0,154.393,446.852,354,133.5,0.852,-0.335,0.05,-0.005,53,436,426,2.5,0,0,0,0,0,0,0,0,0,2481

Main.js:462 370.74,139.055,117,117,-0.448,0.832,-0.023,0.045,0,0,0,1,0,0,0,0,0,0,0,0,0,0,0,0,0,0,0,0,155.25,446.53,355.5,133.5,0.857,-0.322,0.05,-0.004,52,438.5,426,2.5,0,0,0,0,0,0,0,0,0,2499

Main.js:462 370.292,139.887,117,117,-0.447,0.832,-0.023,0.045,0,0,0,1,0,0,0,0,0,0,0,0,0,0,0,0,0,0,0,0,156.111,446.221,357,133.5,0.861,-0.309,0.05,-0.003,51,441,426,2.5,0,0,0,0,0,0,0,0,0,2516

Main.js:462 369.846,140.72,117,117,-0.447,0.833,-0.023,0.045,0,0,0,1,0,0,0,0,0,0,0,0,0,0,0,0,0,0,0,0,156.977,445.926,357,132,0.866,-0.296,0.05,-0.003,50,443.5,426,2.5,0,0,0,0,0,0,0,0,0,2533

Main.js:462 369.4,141.554,117,117,-0.446,0.834,-0.023,0.045,0,0,0,1,0,0,0,0,0,0,0,0,0,0,0,0,0,0,0,0,157.846,445.642,357,130.5,0.87,-0.283,0.05,-0.003,49,446,426,2.5,0,0,0,0,0,0,0,0,0,2549

Main.js:462 368.955,142.389,117,117,-0.445,0.834,-0.023,0.045,0,0,0,1,0,0,0,0,0,0,0,0,0,0,0,0,0,0,0,0,158.72,445.371,357,129,0.874,-0.272,0.05,-0.003,48,448.5,426,2.5,0,0,0,0,0,0,0,0,0,2566

Main.js:462 368.511,143.224,117,117,-0.444,0.835,-0.023,0.045,0,0,0,1,0,0,0,0,0,0,0,0,0,0,0,0,0,0,0,0,159.598,445.11,357,127.5,0.878,-0.261,0.05,-0.003,47,451,426,2.5,0,0,0,0,0,0,0,0,0,2582

Main.js:462 368.067,144.059,117,117,-0.444,0.836,-0.023,0.045,0,0,0,1,0,0,0,0,0,0,0,0,0,0,0,0,0,0,0,0,160.479,444.86,357,126,0.881,-0.25,0.05,-0.003,46,453.5,426,2.5,0,0,0,0,0,0,0,0,0,2600

Main.js:462 367.624,144.895,117,117,-0.443,0.836,-0.023,0.045,0,0,0,1,0,0,0,0,0,0,0,0,0,0,0,0,0,0,0,0,161.363,444.62,357,124.5,0.884,-0.24,0.05,-0.003,45,456,426,2.5,0,0,0,0,0,0,0,0,0,2615

Main.js:462 367.182,145.732,117,117,-0.442,0.837,-0.023,0.045,0,0,0,1,0,0,0,0,0,0,0,0,0,0,0,0,0,0,0,0,162.251,444.39,357,123,0.888,-0.23,0.05,-0.003,44,458.5,426,2.5,0,0,0,0,0,0,0,0,0,2632

Main.js:462 366.739,146.569,118.5,118.5,-0.443,0.837,-0.024,0.044,0,0,1,1,0,0,0,0,0,0,0,0,0,0,0,0,0,0,0,0,163.142,444.168,357,121.5,0.891,-0.221,0.05,-0.003,43,461,426,2.5,0,0,0,0,0,0,0,0,0,2649

Main.js:462 366.294,147.404,120,120,-0.445,0.836,-0.025,0.043,0,0,1,1,0,0,0,0,0,0,0,0,0,0,0,0,0,0,0,0,164.035,443.956,357,120,0.894,-0.213,0.05,-0.003,42,463.5,426,2.5,0,0,0,0,0,0,0,0,0,2665

Main.js:462 365.847,148.239,121.5,121.5,-0.447,0.835,-0.026,0.043,0,0,1,1,0,0,0,0,0,0,0,0,0,0,0,0,0,0,0,0,164.932,443.751,357,118.5,0.896,-0.205,0.05,-0.003,41,466,426,2.5,0,0,0,0,0,0,0,0,0,2684

Main.js:462 365.397,149.072,121.5,121.5,-0.45,0.833,-0.026,0.043,0,0,0,1,0,0,0,0,0,0,0,0,0,0,0,0,0,0,0,0,165.831,443.554,357,117,0.899,-0.197,0.05,-0.003,40,468.5,426,2.5,0,0,0,0,0,0,0,0,0,2699

Main.js:462 364.945,149.905,121.5,121.5,-0.452,0.832,-0.026,0.043,0,0,0,1,0,0,0,0,0,0,0,0,0,0,0,0,0,0,0,0,166.732,443.364,357,115.5,0.901,-0.19,0.05,-0.003,39,471,426,2.5,0,0,0,0,0,0,0,0,0,2716

Main.js:462 364.491,150.736,121.5,121.5,-0.454,0.831,-0.026,0.043,0,0,0,1,0,0,0,0,0,0,0,0,0,0,0,0,0,0,0,0,167.636,443.182,357,114,0.904,-0.183,0.05,-0.003,38,473.5,426,2.5,0,0,0,0,0,0,0,0,0,2732

Main.js:462 364.035,151.566,121.5,121.5,-0.456,0.83,-0.026,0.043,0,0,0,1,0,0,0,0,0,0,0,0,0,0,0,0,0,0,0,0,168.542,443.006,357,112.5,0.906,-0.176,0.05,-0.003,37,476,426,2.5,0,0,0,0,0,0,0,0,0,2749

Main.js:462 363.576,152.395,121.5,121.5,-0.458,0.829,-0.026,0.043,0,0,0,1,0,0,0,0,0,0,0,0,0,0,0,0,0,0,0,0,169.45,442.836,357,111,0.908,-0.17,0.05,-0.003,36,478.5,426,2.5,0,0,0,0,0,0,0,0,0,2765

Main.js:462 363.116,153.223,121.5,121.5,-0.46,0.828,-0.026,0.043,0,0,0,1,0,0,0,0,0,0,0,0,0,0,0,0,0,0,0,0,170.36,442.673,357,109.5,0.91,-0.164,0.05,-0.003,35,481,426,2.5,0,0,0,0,0,0,0,0,0,2782

Main.js:462 362.654,154.05,121.5,121.5,-0.462,0.827,-0.026,0.043,0,0,0,1,0,0,0,0,0,0,0,0,0,0,0,0,0,0,0,0,171.273,442.515,357,108,0.912,-0.158,0.05,-0.003,34,483.5,426,2.5,0,0,0,0,0,0,0,0,0,2798

Main.js:462 362.19,154.876,121.5,121.5,-0.464,0.826,-0.026,0.043,0,0,0,1,0,0,0,0,0,0,0,0,0,0,0,0,0,0,0,0,172.186,442.362,357,106.5,0.914,-0.153,0.05,-0.003,33,486,426,2.5,0,0,0,0,0,0,0,0,0,2816

Main.js:462 361.725,155.702,121.5,121.5,-0.465,0.825,-0.026,0.043,0,0,0,1,0,0,0,0,0,0,0,0,0,0,0,0,0,0,0,0,173.102,442.215,357,105,0.916,-0.147,0.05,-0.003,32,488.5,426,2.5,0,0,0,0,0,0,0,0,0,2832

Main.js:462 361.258,156.526,121.5,121.5,-0.467,0.825,-0.026,0.043,0,0,0,1,0,0,0,0,0,0,0,0,0,0,0,0,0,0,0,0,174.02,442.072,357,103.5,0.917,-0.142,0.05,-0.003,31,491,426,2.5,0,0,0,0,0,0,0,0,0,2849

Main.js:462 360.789,157.35,121.5,121.5,-0.468,0.824,-0.026,0.043,0,0,0,1,0,0,0,0,0,0,0,0,0,0,0,0,0,0,0,0,174.938,441.935,357,102,0.919,-0.138,0.05,-0.003,30,493.5,426,2.5,0,0,0,0,0,0,0,0,0,2866

Main.js:462 360.32,158.174,121.5,121.5,-0.47,0.823,-0.026,0.043,0,0,0,1,0,0,0,0,0,0,0,0,0,0,0,0,0,0,0,0,175.859,441.801,357,100.5,0.92,-0.133,0.05,-0.003,29,496,426,2.5,0,0,0,0,0,0,0,0,0,2887

Main.js:462 359.849,158.996,121.5,121.5,-0.471,0.823,-0.026,0.043,0,0,0,1,0,0,0,0,0,0,0,0,0,0,0,0,0,0,0,0,176.781,441.672,357,99,0.922,-0.129,0.05,-0.003,28,498.5,426,2.5,0,0,0,0,0,0,0,0,0,2899

Main.js:462 359.376,159.818,121.5,121.5,-0.472,0.822,-0.026,0.043,0,0,0,1,0,0,0,0,0,0,0,0,0,0,0,0,0,0,0,0,177.704,441.547,357,97.5,0.923,-0.125,0.05,-0.003,27,0,0,0,0,0,0,0,0,0,0,0,0,2917

Main.js:462 358.903,160.64,121.5,121.5,-0.474,0.821,-0.026,0.043,0,0,0,1,0,0,0,0,0,0,0,0,0,0,0,0,0,0,0,0,178.628,441.425,357,96,0.924,-0.122,0.05,-0.003,26,0,0,0,0,0,0,0,0,0,0,0,0,2931

Main.js:462 358.428,161.461,121.5,121.5,-0.475,0.821,-0.026,0.043,0,0,0,1,0,0,0,0,0,0,0,0,0,0,0,0,0,0,0,0,179.554,441.307,357,94.5,0.926,-0.118,0.05,-0.003,25,0,0,0,0,0,0,0,0,0,0,0,0,2948

Main.js:462 357.952,162.281,121.5,121.5,-0.476,0.82,-0.026,0.043,0,0,0,1,0,0,0,0,0,0,0,0,0,0,0,0,0,0,0,0,180.481,441.193,357,93,0.927,-0.115,0.05,-0.003,24,0,0,0,0,0,0,0,0,0,0,0,0,2966

Main.js:462 357.475,163.101,121.5,121.5,-0.477,0.82,-0.026,0.043,0,0,0,1,0,0,0,0,0,0,0,0,0,0,0,0,0,0,0,0,181.409,441.081,357,91.5,0.928,-0.111,0.05,-0.003,23,0,0,0,0,0,0,0,0,0,0,0,0,2982

Main.js:462 356.997,163.92,121.5,121.5,-0.478,0.819,-0.026,0.043,0,0,0,1,0,0,0,0,0,0,0,0,0,0,0,0,0,0,0,0,182.338,440.973,357,90,0.929,-0.108,0.05,-0.003,22,0,0,0,0,0,0,0,0,0,0,0,0,2998

Main.js:462 356.519,164.739,121.5,121.5,-0.479,0.819,-0.026,0.043,0,0,0,1,0,0,0,0,0,0,0,0,0,0,0,0,0,0,0,0,183.268,440.868,357,88.5,0.93,-0.105,0.05,-0.003,21,0,0,0,0,0,0,0,0,0,0,0,0,3015

Main.js:462 356.039,165.557,121.5,121.5,-0.48,0.818,-0.026,0.043,0,0,0,1,0,0,0,0,0,0,0,0,0,0,0,0,0,0,0,0,184.198,440.764,355.5,85.5,0.931,-0.104,0.05,-0.004,20,0,0,0,0,0,0,0,0,0,0,0,0,3032

Main.js:462 355.558,166.375,121.5,121.5,-0.48,0.818,-0.026,0.043,0,0,0,1,0,0,0,0,0,0,0,0,0,0,0,0,0,0,0,0,185.13,440.661,354,82.5,0.931,-0.104,0.05,-0.005,19,0,0,0,0,0,0,0,0,0,0,0,0,3048

Main.js:462 355.077,167.193,121.5,121.5,-0.481,0.818,-0.026,0.043,0,0,0,1,0,0,0,0,0,0,0,0,0,0,0,0,0,0,0,0,186.062,440.556,352.5,79.5,0.932,-0.105,0.05,-0.007,18,0,0,0,0,0,0,0,0,0,0,0,0,3066

Main.js:462 354.595,168.01,121.5,121.5,-0.482,0.817,-0.026,0.043,0,0,0,1,0,0,0,0,0,0,0,0,0,0,0,0,0,0,0,0,186.994,440.449,351,76.5,0.932,-0.107,0.049,-0.008,17,0,0,0,0,0,0,0,0,0,0,0,0,3081

Main.js:462 354.112,168.827,121.5,121.5,-0.483,0.817,-0.026,0.043,0,0,0,1,0,0,0,0,0,0,0,0,0,0,0,0,0,0,0,0,187.927,440.339,349.5,73.5,0.932,-0.11,0.049,-0.009,16,0,0,0,0,0,0,0,0,0,0,0,0,3099

Main.js:462 353.629,169.643,121.5,121.5,-0.483,0.816,-0.026,0.043,0,0,0,1,0,0,0,0,0,0,0,0,0,0,0,0,0,0,0,0,188.859,440.225,348,70.5,0.932,-0.114,0.049,-0.01,15,0,0,0,0,0,0,0,0,0,0,0,0,3116

Main.js:462 353.145,170.459,121.5,121.5,-0.484,0.816,-0.026,0.043,0,0,0,1,0,0,0,0,0,0,0,0,0,0,0,0,0,0,0,0,189.791,440.105,346.5,67.5,0.932,-0.12,0.049,-0.012,14,0,0,0,0,0,0,0,0,0,0,0,0,3132

Main.js:462 352.66,171.275,121.5,121.5,-0.485,0.816,-0.026,0.043,0,0,0,1,0,0,0,0,0,0,0,0,0,0,0,0,0,0,0,0,190.722,439.979,345,64.5,0.931,-0.126,0.048,-0.013,13,0,0,0,0,0,0,0,0,0,0,0,0,3148

Main.js:462 352.175,172.091,121.5,121.5,-0.485,0.816,-0.026,0.043,99,0,0,1,0,1,0,0,0,0,0,0,0,0,0,0,0,0,0,0,191.652,439.846,343.5,61.5,0.93,-0.133,0.048,-0.014,12,0,0,0,0,0,0,0,0,0,0,0,0,3165

Main.js:462 351.689,172.906,121.5,121.5,-0.486,0.815,-0.026,0.043,98,0,0,1,0,1,0,0,340.382,191.312,-1.306,2.132,0,0,0,0,0,0,0,0,192.581,439.705,342,58.5,0.929,-0.141,0.048,-0.015,11,0,0,0,0,0,0,0,0,0,0,0,0,3181

Main.js:462 351.203,173.721,121.5,121.5,-0.486,0.815,-0.026,0.043,97,0,0,1,0,1,0,0,339.075,193.444,-1.306,2.132,0,0,0,0,0,0,0,0,193.508,439.554,340.5,55.5,0.927,-0.15,0.047,-0.017,10,0,0,0,0,0,0,0,0,0,0,0,0,3198

Main.js:462 350.716,174.536,121.5,121.5,-0.487,0.815,-0.026,0.043,96,0,0,1,0,1,0,0,337.769,195.575,-1.306,2.132,0,0,0,0,0,0,0,0,194.433,439.395,339,52.5,0.925,-0.16,0.047,-0.018,9,0,0,0,0,0,0,0,0,0,0,0,0,3215

Main.js:462 350.229,175.35,121.5,121.5,-0.487,0.815,-0.026,0.043,95,0,0,1,0,1,0,0,336.463,197.707,-1.306,2.132,0,0,0,0,0,0,0,0,195.356,439.225,337.5,49.5,0.923,-0.17,0.046,-0.019,8,0,0,0,0,0,0,0,0,0,0,0,0,3232

Main.js:462 349.741,176.165,121.5,121.5,-0.488,0.814,-0.026,0.043,94,0,0,1,0,1,0,0,335.157,199.839,-1.306,2.132,0,0,0,0,0,0,0,0,196.276,439.044,336,46.5,0.92,-0.181,0.046,-0.02,7,0,0,0,0,0,0,0,0,0,0,0,0,3247

Main.js:462 349.253,176.979,121.5,121.5,-0.488,0.814,-0.026,0.043,93,0,0,1,0,1,0,0,333.85,201.97,-1.306,2.132,0,0,0,0,0,0,0,0,197.193,438.852,334.5,43.5,0.917,-0.192,0.045,-0.022,6,0,0,0,0,0,0,0,0,0,0,0,0,3266

Main.js:462 348.764,177.793,121.5,121.5,-0.489,0.814,-0.026,0.043,92,0,0,1,0,0,0,0,332.544,204.102,-1.306,2.132,0,0,0,0,0,0,0,0,198.106,438.648,333,40.5,0.913,-0.204,0.045,-0.023,5,0,0,0,0,0,0,0,0,0,0,0,0,3282

Main.js:462 348.275,178.606,121.5,121.5,-0.489,0.814,-0.026,0.043,91,0,0,1,0,0,0,0,331.238,206.233,-1.306,2.132,0,0,0,0,0,0,0,0,199.015,438.432,331.5,37.5,0.909,-0.216,0.044,-0.024,4,0,0,0,0,0,0,0,0,0,0,0,0,3300

Main.js:462 347.786,179.42,121.5,121.5,-0.489,0.814,-0.026,0.043,90,0,0,1,0,0,0,0,329.932,208.365,-1.306,2.132,0,0,0,0,0,0,0,0,199.92,438.202,330,34.5,0.905,-0.229,0.043,-0.025,3,0,0,0,0,0,0,0,0,0,0,0,0,3316

Main.js:462 347.296,180.233,121.5,121.5,-0.49,0.813,-0.026,0.043,89,0,0,1,0,0,0,0,328.625,210.497,-1.306,2.132,0,0,0,0,0,0,0,0,200.821,437.96,328.5,31.5,0.9,-0.243,0.043,-0.026,2,0,0,0,0,0,0,0,0,0,0,0,0,3334

Main.js:462 346.806,181.046,121.5,121.5,-0.49,0.813,-0.026,0.043,88,0,0,1,0,0,0,0,327.319,212.628,-1.306,2.132,0,0,0,0,0,0,0,0,201.716,437.703,327,28.5,0.895,-0.256,0.042,-0.027,1,0,0,0,0,0,0,0,0,0,0,0,0,3348

Main.js:462 346.316,181.859,121.5,121.5,-0.49,0.813,-0.026,0.043,87,0,0,1,0,0,0,0,326.013,214.76,-1.306,2.132,0,0,0,0,0,0,0,0,202.605,437.433,325.5,25.5,0.89,-0.271,0.041,-0.028,0,0,0,0,0,0,0,0,0,0,0,0,0,3365

Main.js:462 345.825,182.672,121.5,121.5,-0.491,0.813,-0.026,0.043,86,0,0,1,0,0,0,0,324.707,216.891,-1.306,2.132,0,0,0,0,0,0,0,0,203.489,437.148,324,22.5,0.883,-0.285,0.04,-0.029,99,0,0,0,0,0,0,0,0,0,0,0,0,3384

Main.js:462 345.334,183.485,121.5,121.5,-0.491,0.813,-0.026,0.043,85,0,0,1,0,0,0,0,323.4,219.023,-1.306,2.132,0,0,0,0,0,0,0,0,204.366,436.848,322.5,19.5,0.877,-0.3,0.04,-0.03,98,224.317,446.426,2.31,0.957,0,0,0,0,0,0,0,0,3399

Main.js:462 344.843,184.297,121.5,121.5,-0.491,0.813,-0.026,0.043,84,0,0,1,0,0,0,0,322.094,221.155,-1.306,2.132,0,0,0,0,0,0,0,0,205.236,436.533,321,16.5,0.87,-0.315,0.039,-0.031,97,226.626,447.382,2.31,0.957,0,0,0,0,0,0,0,0,3416

Main.js:462 344.351,185.11,121.5,121.5,-0.491,0.812,-0.026,0.043,83,0,0,1,0,0,0,0,320.788,223.286,-1.306,2.132,0,0,0,0,0,0,0,0,206.099,436.204,319.5,13.5,0.863,-0.33,0.038,-0.032,96,228.936,448.339,2.31,0.957,0,0,0,0,0,0,0,0,3431

Main.js:462 343.859,185.922,121.5,121.5,-0.492,0.812,-0.026,0.043,82,0,0,1,0,0,0,0,319.482,225.418,-1.306,2.132,0,0,0,0,0,0,0,0,206.954,435.859,318,10.5,0.855,-0.345,0.037,-0.033,95,231.246,449.296,2.31,0.957,0,0,0,0,0,0,0,0,3448

Main.js:462 343.368,186.734,121.5,121.5,-0.492,0.812,-0.026,0.043,81,0,0,1,0,0,0,0,318.175,227.549,-1.306,2.132,0,0,0,0,0,0,0,0,207.8,435.498,316.5,7.5,0.847,-0.36,0.036,-0.034,94,233.555,450.253,2.31,0.957,0,0,0,0,0,0,0,0,3466

Main.js:462 342.875,187.546,121.5,121.5,-0.492,0.812,-0.026,0.043,80,0,0,1,0,0,0,0,316.869,229.681,-1.306,2.132,0,0,0,0,0,0,0,0,208.638,435.122,315,4.5,0.838,-0.376,0.035,-0.035,93,235.865,451.209,2.31,0.957,0,0,0,0,0,0,0,0,3481

Main.js:462 342.383,188.358,121.5,121.5,-0.492,0.812,-0.026,0.043,79,0,0,1,0,0,0,0,315.563,231.813,-1.306,2.132,0,0,0,0,0,0,0,0,209.467,434.731,313.5,1.5,0.829,-0.392,0.034,-0.036,92,238.175,452.166,2.31,0.957,0,0,0,0,0,0,0,0,3498

Main.js:462 341.89,189.17,121.5,121.5,-0.493,0.812,-0.026,0.043,78,0,0,1,0,0,0,0,314.257,233.944,-1.306,2.132,0,0,0,0,0,0,0,0,210.286,434.324,312,-1.5,0.819,-0.407,0.033,-0.037,91,240.485,453.123,2.31,0.957,0,0,0,0,0,0,0,0,3515

Main.js:462 341.398,189.982,121.5,121.5,-0.493,0.812,-0.026,0.043,77,0,0,1,0,0,0,0,312.95,236.076,-1.306,2.132,0,0,0,0,0,0,0,0,211.094,433.9,310.5,-4.5,0.809,-0.423,0.032,-0.038,90,242.794,454.079,2.31,0.957,0,0,0,0,0,0,0,0,3532

Main.js:462 340.905,190.794,121.5,121.5,-0.493,0.812,-0.026,0.043,76,0,0,1,0,0,0,0,311.644,238.207,-1.306,2.132,0,0,0,0,0,0,0,0,211.893,433.462,309,-7.5,0.798,-0.439,0.031,-0.039,89,245.104,455.036,2.31,0.957,0,0,0,0,0,0,0,0,3548

Main.js:462 340.411,191.606,121.5,121.5,-0.493,0.812,-0.026,0.043,75,0,0,1,0,0,0,0,310.338,240.339,-1.306,2.132,0,0,0,0,0,0,0,0,212.68,433.007,307.5,-10.5,0.787,-0.455,0.03,-0.04,88,247.414,455.993,2.31,0.957,0,0,0,0,0,0,0,0,3566

Main.js:462 339.918,192.417,121.5,121.5,-0.493,0.812,-0.026,0.043,74,0,0,1,0,0,0,0,309.032,242.471,-1.306,2.132,0,0,0,0,0,0,0,0,213.456,432.537,306,-13.5,0.776,-0.47,0.029,-0.04,87,249.723,456.949,2.31,0.957,0,0,0,0,0,0,0,0,3582

Main.js:462 339.425,193.229,121.5,121.5,-0.493,0.811,-0.026,0.043,73,0,0,1,0,0,0,0,307.725,244.602,-1.306,2.132,0,0,0,0,0,0,0,0,214.22,432.051,304.5,-16.5,0.764,-0.486,0.028,-0.041,86,252.033,457.906,2.31,0.957,0,0,0,0,0,0,0,0,3599

Main.js:462 338.956,193.999,121.5,121.5,-0.469,0.771,0,0,72,0,0,0,0,0,0,0,306.419,246.734,-1.306,2.132,0,0,0,0,0,0,0,0,214.972,431.549,303,-19.5,0.752,-0.501,0.027,-0.042,85,254.343,458.863,2.31,0.957,0,0,0,0,0,0,0,0,3616

Main.js:462 338.511,194.732,121.5,121.5,-0.445,0.732,0,0,71,0,0,0,0,0,0,0,305.113,248.865,-1.306,2.132,0,0,0,0,0,0,0,0,215.71,431.032,301.5,-22.5,0.739,-0.517,0.026,-0.043,84,256.652,459.82,2.31,0.957,0,0,0,0,0,0,0,0,3632

Main.js:462 338.088,195.428,121.5,121.5,-0.423,0.696,0,0,70,0,0,0,0,0,0,0,303.807,250.997,-1.306,2.132,0,0,0,0,0,0,0,0,216.436,430.5,300,-25.5,0.726,-0.532,0.025,-0.043,83,258.962,460.776,2.31,0.957,0,0,0,0,0,0,0,0,3650

Main.js:462 337.686,196.088,121.5,121.5,-0.402,0.661,0,0,69,0,0,0,0,0,0,0,302.5,253.129,-1.306,2.132,0,0,0,0,0,0,0,0,217.148,429.953,298.5,-28.5,0.712,-0.547,0.024,-0.044,82,261.272,461.733,2.31,0.957,0,0,0,0,0,0,0,0,3666

Main.js:462 337.304,196.716,121.5,121.5,-0.382,0.628,0,0,68,0,0,0,0,0,0,0,301.194,255.26,-1.306,2.132,0,0,0,0,0,0,0,0,217.846,429.391,297,-31.5,0.698,-0.562,0.023,-0.045,81,263.582,462.69,2.31,0.957,0,0,0,0,0,0,0,0,3683

Main.js:462 336.941,197.313,121.5,121.5,-0.363,0.597,0,0,67,0,0,0,0,0,0,0,299.888,257.392,-1.306,2.132,0,0,0,0,0,0,0,0,218.53,428.814,295.5,-34.5,0.684,-0.577,0.022,-0.045,80,265.891,463.646,2.31,0.957,0,0,0,0,0,0,0,0,3699

Main.js:462 336.597,197.88,121.5,121.5,-0.345,0.567,0,0,66,0,0,0,0,0,0,0,298.582,259.523,-1.306,2.132,0,0,0,0,0,0,0,0,219.199,428.222,294,-37.5,0.669,-0.592,0.02,-0.046,79,268.201,464.603,2.31,0.957,0,0,0,0,0,0,0,0,3716

Main.js:462 336.269,198.418,121.5,121.5,-0.327,0.538,0,0,65,0,0,0,0,0,0,0,297.275,261.655,-1.306,2.132,0,0,0,0,0,0,0,0,219.852,427.616,292.5,-40.5,0.653,-0.606,0.019,-0.046,78,270.511,465.56,2.31,0.957,0,0,0,0,0,0,0,0,3733

Main.js:462 335.958,198.929,121.5,121.5,-0.311,0.511,0,0,64,0,0,0,0,0,0,0,295.969,263.787,-1.306,2.132,0,0,0,0,0,0,0,0,220.49,426.996,291,-43.5,0.638,-0.62,0.018,-0.047,77,272.82,466.517,2.31,0.957,0,0,0,0,0,0,0,0,3749

Main.js:462 335.663,199.415,121.5,121.5,-0.295,0.486,0,0,63,0,0,0,0,0,0,0,294.663,265.918,-1.306,2.132,0,0,0,0,0,0,0,0,221.112,426.362,289.5,-46.5,0.622,-0.634,0.017,-0.047,76,275.13,467.473,2.31,0.957,0,0,0,0,0,0,0,0,3766

Main.js:462 335.382,199.877,121.5,121.5,-0.281,0.462,0,0,62,0,0,0,0,0,0,0,293.357,268.05,-1.306,2.132,0,0,0,0,0,0,0,0,221.717,425.715,288,-49.5,0.605,-0.647,0.015,-0.048,75,277.44,468.43,2.31,0.957,0,0,0,0,0,0,0,0,3782

Main.js:462 335.115,200.315,121.5,121.5,-0.267,0.438,0,0,61,0,0,0,0,0,0,0,292.05,270.181,-1.306,2.132,0,0,0,0,0,0,0,0,222.306,425.055,286.5,-52.5,0.589,-0.66,0.014,-0.048,74,279.749,469.387,2.31,0.957,0,0,0,0,0,0,0,0,3799

Main.js:462 334.862,200.732,121.5,121.5,-0.253,0.417,0,0,60,0,0,0,0,0,0,0,290.744,272.313,-1.306,2.132,0,0,0,0,0,0,0,0,222.877,424.382,285,-55.5,0.571,-0.673,0.013,-0.048,73,282.059,470.343,2.31,0.957,0,0,0,0,0,0,0,0,3817

Main.js:462 334.621,201.128,121.5,121.5,-0.241,0.396,0,0,59,0,0,0,0,0,0,0,289.438,274.445,-1.306,2.132,0,0,0,0,0,0,0,0,223.431,423.696,283.5,-58.5,0.554,-0.686,0.012,-0.049,72,284.369,471.3,2.31,0.957,0,0,0,0,0,0,0,0,3831

Main.js:462 334.393,201.503,121.5,121.5,-0.229,0.376,0,0,58,0,0,0,0,0,0,0,288.132,276.576,-1.306,2.132,0,0,0,0,0,0,0,0,223.967,422.998,282,-61.5,0.536,-0.698,0.01,-0.049,71,286.678,472.257,2.31,0.957,0,0,0,0,0,0,0,0,3849

Main.js:462 334.176,201.861,120,120,-0.217,0.357,0,0,57,1,0,0,0,0,0,0,286.825,278.708,-1.306,2.132,0,0,0,0,0,0,0,0,224.485,422.288,280.5,-64.5,0.518,-0.71,0.009,-0.049,70,288.988,473.214,2.31,0.957,0,0,0,0,0,0,0,0,3865

Main.js:462 333.969,202.2,118.5,118.5,-0.206,0.339,0,0,56,1,0,0,0,0,0,0,285.519,280.839,-1.306,2.132,0,0,0,0,0,0,0,0,224.985,421.567,279,-67.5,0.5,-0.721,0.008,-0.049,69,291.298,474.17,2.31,0.957,0,0,0,0,0,0,0,0,3881

Main.js:462 333.773,202.522,117,117,-0.196,0.322,0,0,55,1,0,0,0,0,0,0,284.213,282.971,-1.306,2.132,0,0,0,0,0,0,0,0,225.466,420.835,277.5,-70.5,0.481,-0.732,0.007,-0.05,68,293.608,475.127,2.31,0.957,0,0,0,0,0,0,0,0,3898

Main.js:462 333.587,202.828,115.5,115.5,-0.186,0.306,0,0,54,1,0,0,0,0,0,0,282.907,285.103,-1.306,2.132,0,0,0,0,0,0,0,0,225.927,420.092,276,-73.5,0.462,-0.743,0.005,-0.05,67,295.917,476.084,2.31,0.957,0,0,0,0,0,0,0,0,3916

Main.js:462 333.41,203.119,114,114,-0.177,0.291,0,0,53,1,0,0,0,0,0,0,281.6,287.234,-1.306,2.132,0,0,0,0,0,0,0,0,226.37,419.339,274.5,-76.5,0.442,-0.753,0.004,-0.05,66,298.227,477.04,2.31,0.957,0,0,0,0,0,0,0,0,3931

Main.js:462 333.242,203.396,112.5,112.5,-0.168,0.276,0,0,52,1,0,0,0,0,0,0,280.294,289.366,-1.306,2.132,0,0,0,0,0,0,0,0,226.792,418.576,273,-79.5,0.423,-0.763,0.003,-0.05,65,300.537,477.997,2.31,0.957,0,0,0,0,0,0,0,0,3948

Main.js:462 333.083,203.658,111,111,-0.16,0.263,0,0,51,1,0,0,0,0,0,0,278.988,291.497,-1.306,2.132,0,0,0,0,0,0,0,0,227.195,417.804,271.5,-82.5,0.403,-0.772,0.001,-0.05,64,302.846,478.954,2.31,0.957,0,0,0,0,0,0,0,0,3964

Main.js:462 332.931,203.908,109.5,109.5,-0.152,0.249,0,0,50,1,0,0,0,0,0,0,277.682,293.629,-1.306,2.132,0,0,0,0,0,0,0,0,227.578,417.023,270,-85.5,0.383,-0.781,0,-0.05,63,305.156,479.91,2.31,0.957,0,0,0,0,0,0,0,0,3981

Main.js:462 332.787,204.145,109.5,109.5,-0.144,0.237,0,0,49,0,0,0,0,0,0,0,276.375,295.761,-1.306,2.132,0,0,0,0,0,0,0,0,227.94,416.233,268.5,-88.5,0.362,-0.79,-0.001,-0.05,62,307.466,480.867,2.31,0.957,0,0,0,0,0,0,0,0,3999

Main.js:462 332.65,204.37,109.5,109.5,-0.137,0.225,0,0,48,0,0,0,0,0,0,0,275.069,297.892,-1.306,2.132,0,0,0,0,0,0,0,0,228.282,415.436,267,-91.5,0.342,-0.797,-0.003,-0.05,61,309.775,481.824,2.31,0.957,0,0,0,0,0,0,0,0,4015

Main.js:462 332.52,204.584,109.5,109.5,-0.13,0.214,0,0,47,0,0,0,0,0,0,0,273.763,300.024,-1.306,2.132,0,0,0,0,0,0,0,0,228.605,414.631,268.5,-91.5,0.323,-0.805,-0.001,-0.05,60,312.085,482.781,2.31,0.957,0,0,0,0,0,0,0,0,4031

Main.js:462 332.396,204.787,109.5,109.5,-0.124,0.203,0,0,46,0,0,0,0,0,0,0,272.457,302.155,-1.306,2.132,0,0,0,0,0,0,0,0,228.912,413.818,270,-91.5,0.307,-0.812,0,-0.05,59,314.395,483.737,2.31,0.957,0,0,0,0,0,0,0,0,4049

Main.js:462 332.279,204.98,109.5,109.5,-0.117,0.193,0,0,45,0,0,0,0,0,0,0,271.151,304.287,-1.306,2.132,0,0,0,0,0,0,0,0,229.205,412.999,271.5,-91.5,0.293,-0.819,0.001,-0.05,58,316.705,484.694,2.31,0.957,0,0,0,0,0,0,0,0,4065

Main.js:462 332.168,205.163,109.5,109.5,-0.111,0.183,0,0,44,0,0,0,0,0,0,0,269.844,306.419,-1.306,2.132,0,0,0,0,0,0,0,0,229.486,412.173,273,-91.5,0.281,-0.826,0.003,-0.05,57,319.014,485.651,2.31,0.957,0,0,0,0,0,0,0,0,4082

Main.js:462 332.062,205.337,109.5,109.5,-0.106,0.174,0,0,43,0,0,0,0,0,0,0,268.538,308.55,-1.306,2.132,0,0,0,0,0,0,0,0,229.757,411.342,274.5,-91.5,0.271,-0.832,0.004,-0.05,56,321.324,486.607,2.31,0.957,0,0,0,0,0,0,0,0,4100

Main.js:462 331.961,205.503,109.5,109.5,-0.101,0.165,0,0,42,0,0,0,0,0,0,0,267.232,310.682,-1.306,2.132,0,0,0,0,0,0,0,0,230.019,410.504,276,-91.5,0.262,-0.837,0.005,-0.05,55,323.634,487.564,2.31,0.957,0,0,0,0,0,0,0,0,4116

Main.js:462 331.865,205.66,109.5,109.5,-0.096,0.157,0,0,41,0,0,0,0,0,0,0,265.926,312.813,-1.306,2.132,0,0,0,0,0,0,0,0,230.274,409.662,277.5,-91.5,0.255,-0.843,0.007,-0.05,54,325.943,488.521,2.31,0.957,0,0,0,0,0,0,0,0,4132

Main.js:462 331.775,205.809,109.5,109.5,-0.091,0.149,0,0,40,0,0,0,0,0,0,0,264.619,314.945,-1.306,2.132,0,0,0,0,0,0,0,0,230.524,408.814,279,-91.5,0.25,-0.847,0.008,-0.049,53,328.253,489.478,2.31,0.957,0,0,0,0,0,0,0,0,4150

Main.js:462 331.688,205.951,109.5,109.5,-0.086,0.142,0,0,39,0,0,0,0,0,0,0,263.313,317.077,-1.306,2.132,0,0,0,0,0,0,0,0,230.77,407.963,280.5,-91.5,0.246,-0.852,0.009,-0.049,52,330.563,490.434,2.31,0.957,0,0,0,0,0,0,0,0,4166

Main.js:462 331.606,206.086,109.5,109.5,-0.082,0.135,0,0,38,0,0,0,0,0,0,0,262.007,319.208,-1.306,2.132,0,0,0,0,0,0,0,0,231.013,407.107,282,-91.5,0.244,-0.856,0.01,-0.049,51,332.872,491.391,2.31,0.957,0,0,0,0,0,0,0,0,4182

Main.js:462 331.529,206.214,109.5,109.5,-0.078,0.128,0,0,37,0,0,0,0,0,0,0,260.701,321.34,-1.306,2.132,0,0,0,0,0,0,0,0,231.256,406.248,283.5,-91.5,0.242,-0.859,0.012,-0.049,50,335.182,492.348,2.31,0.957,0,0,0,0,0,0,0,0,4199

Main.js:462 331.455,206.335,109.5,109.5,-0.074,0.122,0,0,36,0,0,0,0,0,0,0,259.394,323.471,-1.306,2.132,0,0,0,0,0,0,0,0,231.498,405.386,285,-91.5,0.243,-0.862,0.013,-0.048,49,337.492,493.304,2.31,0.957,0,0,0,0,0,0,0,0,4217

Main.js:462 331.384,206.451,109.5,109.5,-0.07,0.116,0,0,35,0,0,0,0,0,0,0,258.088,325.603,-1.306,2.132,0,0,0,0,0,0,0,0,231.742,404.522,286.5,-91.5,0.244,-0.864,0.014,-0.048,48,339.802,494.261,2.31,0.957,0,0,0,0,0,0,0,0,4231

Main.js:462 331.318,206.561,109.5,109.5,-0.067,0.11,0,0,34,0,0,0,0,0,0,0,256.782,327.735,-1.306,2.132,0,0,0,0,0,0,0,0,231.989,403.655,288,-91.5,0.246,-0.866,0.015,-0.048,47,342.111,495.218,2.31,0.957,0,0,0,0,0,0,0,0,4249

Main.js:462 331.254,206.665,109.5,109.5,-0.063,0.104,0,0,33,0,0,0,0,0,0,0,255.476,329.866,-1.306,2.132,0,0,0,0,0,0,0,0,232.239,402.787,289.5,-91.5,0.25,-0.868,0.017,-0.047,46,344.421,496.175,2.31,0.957,0,0,0,0,0,0,0,0,4265

Main.js:462 331.194,206.764,109.5,109.5,-0.06,0.099,0,0,32,0,0,0,0,0,0,0,254.169,331.998,-1.306,2.132,0,0,0,0,0,0,0,0,232.493,401.919,291,-91.5,0.255,-0.869,0.018,-0.047,45,346.731,497.131,2.31,0.957,0,0,0,0,0,0,0,0,4282

Main.js:462 331.137,206.858,109.5,109.5,-0.057,0.094,0,0,31,0,0,0,0,0,0,0,252.863,334.129,-1.306,2.132,0,0,0,0,0,0,0,0,232.753,401.05,292.5,-91.5,0.26,-0.869,0.019,-0.046,44,349.04,498.088,2.31,0.957,0,0,0,0,0,0,0,0,4299

Main.js:462 331.082,206.948,111,111,-0.054,0.089,0,0,30,0,1,0,0,0,0,0,251.557,336.261,-1.306,2.132,0,0,0,0,0,0,0,0,233.02,400.18,294,-91.5,0.266,-0.869,0.02,-0.046,43,351.35,499.045,2.31,0.957,0,0,0,0,0,0,0,0,4316

Main.js:462 331.031,207.033,112.5,112.5,-0.052,0.085,0,0,29,0,1,0,0,0,0,0,250.251,338.393,-1.306,2.132,0,0,0,0,0,0,0,0,233.293,399.312,295.5,-91.5,0.273,-0.869,0.022,-0.045,42,0,0,0,0,0,0,0,0,0,0,0,0,4332

Main.js:462 330.982,207.113,114,114,-0.049,0.081,0,0,28,0,1,0,0,0,0,0,248.944,340.524,-1.306,2.132,0,0,0,0,0,0,0,0,233.574,398.444,297,-91.5,0.281,-0.867,0.023,-0.045,41,0,0,0,0,0,0,0,0,0,0,0,0,4349

Main.js:462 330.935,207.19,115.5,115.5,-0.047,0.077,0,0,27,0,1,0,0,0,0,0,247.638,342.656,-1.306,2.132,0,0,0,0,0,0,0,0,233.864,397.579,298.5,-91.5,0.29,-0.866,0.024,-0.044,40,0,0,0,0,0,0,0,0,0,0,0,0,4365

Main.js:462 330.891,207.263,117,117,-0.044,0.073,0,0,26,0,1,0,0,0,0,0,246.332,344.787,-1.306,2.132,0,0,0,0,0,0,0,0,234.163,396.715,300,-91.5,0.299,-0.864,0.025,-0.043,39,0,0,0,0,0,0,0,0,0,0,0,0,4382

Main.js:462 330.849,207.332,118.5,118.5,-0.042,0.069,0,0,25,0,1,0,0,0,0,0,245.026,346.919,-1.306,2.132,0,0,0,0,0,0,0,0,234.472,395.854,301.5,-91.5,0.309,-0.861,0.026,-0.043,38,0,0,0,0,0,0,0,0,0,0,0,0,4398

Main.js:462 330.809,207.398,118.5,118.5,-0.04,0.066,0,0,24,0,0,0,0,0,0,0,243.719,349.051,-1.306,2.132,0,0,0,0,0,0,0,0,234.792,394.996,303,-91.5,0.319,-0.858,0.027,-0.042,37,0,0,0,0,0,0,0,0,0,0,0,0,4415

Main.js:462 330.771,207.46,118.5,118.5,-0.038,0.062,0,0,23,0,0,0,0,0,0,0,242.413,351.182,-1.306,2.132,0,0,0,0,0,0,0,0,235.122,394.142,304.5,-91.5,0.33,-0.854,0.028,-0.041,36,0,0,0,0,0,0,0,0,0,0,0,0,4431

Main.js:462 330.735,207.519,118.5,118.5,-0.036,0.059,0,0,22,0,0,0,0,0,0,0,241.107,353.314,-1.306,2.132,0,0,0,0,0,0,0,0,235.464,393.292,306,-91.5,0.342,-0.85,0.029,-0.04,35,0,0,0,0,0,0,0,0,0,0,0,0,4448

Main.js:462 330.7,207.576,118.5,118.5,-0.034,0.056,0,0,21,0,0,0,0,0,0,0,239.801,355.445,-1.306,2.132,0,0,0,0,0,0,0,0,235.818,392.447,307.5,-91.5,0.354,-0.845,0.03,-0.04,34,0,0,0,0,0,0,0,0,0,0,0,0,4465

Main.js:462 330.668,207.629,118.5,118.5,-0.033,0.054,0,0,20,0,0,0,0,0,0,0,238.494,357.577,-1.306,2.132,0,0,0,0,0,0,0,0,236.183,391.608,309,-91.5,0.366,-0.84,0.031,-0.039,33,0,0,0,0,0,0,0,0,0,0,0,0,4482

Main.js:462 330.637,207.68,118.5,118.5,-0.031,0.051,0,0,19,0,0,0,0,0,0,0,237.188,359.709,-1.306,2.132,0,0,0,0,0,0,0,0,236.562,390.774,310.5,-91.5,0.378,-0.834,0.032,-0.038,32,0,0,0,0,0,0,0,0,0,0,0,0,4498

Main.js:462 330.607,207.729,118.5,118.5,-0.029,0.048,0,0,18,0,0,0,0,0,0,0,235.882,361.84,-1.306,2.132,0,0,0,0,0,0,0,0,236.953,389.947,312,-91.5,0.391,-0.827,0.033,-0.037,31,0,0,0,0,0,0,0,0,0,0,0,0,4516

Main.js:462 330.58,207.774,118.5,118.5,-0.028,0.046,0,0,17,0,0,0,0,0,0,0,234.576,363.972,-1.306,2.132,0,0,0,0,0,0,0,0,237.357,389.125,312,-93,0.403,-0.821,0.033,-0.037,30,0,0,0,0,0,0,0,0,0,0,0,0,4532

Main.js:462 330.553,207.818,118.5,118.5,-0.027,0.044,0,0,16,0,0,0,0,0,0,0,233.269,366.103,-1.306,2.132,0,0,0,0,0,0,0,0,237.772,388.31,312,-94.5,0.415,-0.816,0.033,-0.037,29,0,0,0,0,0,0,0,0,0,0,0,0,4548

Main.js:462 330.528,207.859,118.5,118.5,-0.025,0.041,0,0,15,0,0,0,0,0,0,0,231.963,368.235,-1.306,2.132,0,0,0,0,0,0,0,0,238.198,387.5,312,-96,0.426,-0.81,0.033,-0.037,28,0,0,0,0,0,0,0,0,0,0,0,0,4565

Main.js:462 330.504,207.899,118.5,118.5,-0.024,0.039,0,0,14,0,0,0,0,0,0,0,230.657,370.367,-1.306,2.132,0,0,0,0,0,0,0,0,238.634,386.695,312,-97.5,0.437,-0.805,0.033,-0.037,27,0,0,0,0,0,0,0,0,0,0,0,0,4582

Main.js:462 330.481,207.936,118.5,118.5,-0.023,0.037,0,0,13,0,0,0,0,0,0,0,230.657,370.367,-1.306,2.132,0,0,0,0,0,0,0,0,239.081,385.895,312,-99,0.447,-0.8,0.033,-0.037,26,0,0,0,0,0,0,0,0,0,0,0,0,4599

