Main.js:143 myTank.x,myTank.y,myTank.rotation,myTank.cannonRotation,myTank.velocityX,myTank.velocityY,myTank.accelerationX,myTank.accelerationY,myTank.shootCooldown,myTank.controls.turnLeft,myTank.controls.turnRight,myTank.controls.goForward,myTank.controls.goBack,myTank.controls.shoot,myTank.controls.cannonLeft,myTank.controls.cannonRight,myBullet1.x,myBullet1.y,myBullet1.velocityX,myBullet1.velocityY,myBullet2.x,myBullet2.y,myBullet2.velocityX,myBullet2.velocityY,myBullet3.x,myBullet3.y,myBullet3.velocityX,myBullet3.velocityY,enemyTank.x,enemyTank.y,enemyTank.rotation,enemyTank.cannonRotation,enemyTank.velocityX,enemyTank.velocityY,enemyTank.accelerationX,enemyTank.accelerationY,enemyTank.shootCooldown,enemyBullet1.x,enemyBullet1.y,enemyBullet1.velocityX,enemyBullet1.velocityY,enemyBullet2.x,enemyBullet2.y,enemyBullet2.velocityX,enemyBullet2.velocityY,enemyBullet3.x,enemyBullet3.y,enemyBullet3.velocityX,enemyBullet3.velocityY,currentGameTime
Main.js:462 450,167,180,180,0,0,0,0,0,0,0,0,0,0,0,0,0,0,0,0,0,0,0,0,0,0,0,0,50,333,0,0,0,0,0,0,0,0,0,0,0,0,0,0,0,0,0,0,0,7

Main.js:462 450,167,180,180,0,0,0,0,0,0,0,0,0,0,0,0,0,0,0,0,0,0,0,0,0,0,0,0,50,333,0,0,0,0,0,0,0,0,0,0,0,0,0,0,0,0,0,0,0,22

Main.js:462 450,167,180,180,0,0,0,0,0,0,0,0,0,0,0,0,0,0,0,0,0,0,0,0,0,0,0,0,50,333,0,0,0,0,0,0,0,0,0,0,0,0,0,0,0,0,0,0,0,39

Main.js:462 450,167,180,180,0,0,0,0,0,0,0,0,0,0,0,0,0,0,0,0,0,0,0,0,0,0,0,0,50.047,333.001,1.5,0,0.047,0.001,0.05,0.001,99,0,0,0,0,0,0,0,0,0,0,0,0,56

Main.js:462 450,167,180,180,0,0,0,0,0,0,0,0,0,0,0,0,0,0,0,0,0,0,0,0,0,0,0,0,50.14,333.005,3,0,0.093,0.004,0.05,0.003,98,73.5,333,2.5,0,0,0,0,0,0,0,0,0,72

Main.js:462 450,167,180,180,0,0,0,0,0,0,0,0,0,0,0,0,0,0,0,0,0,0,0,0,0,0,0,0,50.275,333.012,4.5,0,0.135,0.007,0.05,0.004,97,76,333,2.5,0,0,0,0,0,0,0,0,0,87

Main.js:462 450,167,180,180,0,0,0,0,0,0,0,0,0,0,0,0,0,0,0,0,0,0,0,0,0,0,0,0,50.451,333.024,6,0,0.176,0.012,0.05,0.005,96,78.5,333,2.5,0,0,0,0,0,0,0,0,0,105

Main.js:462 450,167,180,180,0,0,0,0,0,0,0,0,0,0,0,0,0,0,0,0,0,0,0,0,0,0,0,0,50.665,333.041,7.5,0,0.214,0.017,0.05,0.007,95,81,333,2.5,0,0,0,0,0,0,0,0,0,121

Main.js:462 450,167,180,180,0,0,0,0,0,0,0,0,0,0,0,0,0,0,0,0,0,0,0,0,0,0,0,0,50.915,333.065,9,0,0.25,0.024,0.049,0.008,94,83.5,333,2.5,0,0,0,0,0,0,0,0,0,138

Main.js:462 449.953,167,180,180,-0.047,0,-0.05,0,0,0,0,1,0,0,0,0,0,0,0,0,0,0,0,0,0,0,0,0,51.2,333.097,10.5,0,0.284,0.031,0.049,0.009,93,86,333,2.5,0,0,0,0,0,0,0,0,0,155

Main.js:462 449.86,167,180,180,-0.093,0,-0.05,0,0,0,0,1,0,0,0,0,0,0,0,0,0,0,0,0,0,0,0,0,51.517,333.137,12,0,0.317,0.04,0.049,0.01,92,88.5,333,2.5,0,0,0,0,0,0,0,0,0,172

Main.js:462 449.724,167,180,180,-0.135,0,-0.05,0,0,0,0,1,0,0,0,0,0,0,0,0,0,0,0,0,0,0,0,0,51.864,333.185,13.5,0,0.347,0.049,0.049,0.012,91,91,333,2.5,0,0,0,0,0,0,0,0,0,188

Main.js:462 449.548,167,180,180,-0.176,0,-0.05,0,0,0,0,1,0,0,0,0,0,0,0,0,0,0,0,0,0,0,0,0,52.239,333.244,15,0,0.376,0.059,0.048,0.013,90,93.5,333,2.5,0,0,0,0,0,0,0,0,0,206

Main.js:462 449.333,167,180,180,-0.215,0,-0.05,0,0,0,0,1,0,0,0,0,0,0,0,0,0,0,0,0,0,0,0,0,52.641,333.313,16.5,0,0.402,0.069,0.048,0.014,89,96,333,2.5,0,0,0,0,0,0,0,0,0,222

Main.js:462 449.082,167,180,180,-0.252,0,-0.05,0,0,0,0,1,0,0,0,0,0,0,0,0,0,0,0,0,0,0,0,0,53.069,333.394,18,0,0.427,0.08,0.048,0.015,88,98.5,333,2.5,0,0,0,0,0,0,0,0,0,237

Main.js:462 448.795,167,180,180,-0.287,0,-0.05,0,0,0,0,1,0,0,0,0,0,0,0,0,0,0,0,0,0,0,0,0,53.52,333.486,19.5,0,0.451,0.092,0.047,0.017,87,101,333,2.5,0,0,0,0,0,0,0,0,0,254

Main.js:462 448.475,167,180,180,-0.32,0,-0.05,0,0,0,0,1,0,0,0,0,0,0,0,0,0,0,0,0,0,0,0,0,53.992,333.591,21,0,0.473,0.105,0.047,0.018,86,103.5,333,2.5,0,0,0,0,0,0,0,0,0,271

Main.js:462 448.124,167,180,180,-0.351,0,-0.05,0,0,0,0,1,0,0,0,0,0,0,0,0,0,0,0,0,0,0,0,0,54.485,333.708,22.5,0,0.493,0.118,0.046,0.019,85,106,333,2.5,0,0,0,0,0,0,0,0,0,288

Main.js:462 447.743,167,180,180,-0.381,0,-0.05,0,0,0,0,1,0,0,0,0,0,0,0,0,0,0,0,0,0,0,0,0,54.997,333.84,24,0,0.512,0.131,0.046,0.02,84,108.5,333,2.5,0,0,0,0,0,0,0,0,0,306

Main.js:462 447.333,167,180,180,-0.41,0,-0.05,0,0,0,0,1,0,0,0,0,0,0,0,0,0,0,0,0,0,0,0,0,55.526,333.985,25.5,0,0.529,0.145,0.045,0.022,83,111,333,2.5,0,0,0,0,0,0,0,0,0,322

Main.js:462 446.897,167.001,178.5,178.5,-0.437,0.001,-0.05,0.001,0,1,0,1,0,0,0,0,0,0,0,0,0,0,0,0,0,0,0,0,56.07,334.144,27,0,0.545,0.159,0.045,0.023,82,113.5,333,2.5,0,0,0,0,0,0,0,0,0,339

Main.js:462 446.434,167.005,177,177,-0.462,0.004,-0.05,0.003,0,1,0,1,0,0,0,0,0,0,0,0,0,0,0,0,0,0,0,0,56.63,334.318,28.5,0,0.559,0.174,0.044,0.024,81,116,333,2.5,0,0,0,0,0,0,0,0,0,355

Main.js:462 445.948,167.012,175.5,175.5,-0.486,0.007,-0.05,0.004,0,1,0,1,0,0,0,0,0,0,0,0,0,0,0,0,0,0,0,0,57.202,334.507,30,0,0.572,0.189,0.043,0.025,80,118.5,333,2.5,0,0,0,0,0,0,0,0,0,372

Main.js:462 445.438,167.024,174,174,-0.509,0.012,-0.05,0.005,0,1,0,1,0,0,0,0,0,0,0,0,0,0,0,0,0,0,0,0,57.787,334.711,31.5,0,0.584,0.204,0.043,0.026,79,121,333,2.5,0,0,0,0,0,0,0,0,0,389

Main.js:462 444.907,167.041,172.5,172.5,-0.531,0.017,-0.05,0.007,0,1,0,1,0,0,0,0,0,0,0,0,0,0,0,0,0,0,0,0,58.382,334.931,33,0,0.595,0.22,0.042,0.027,78,123.5,333,2.5,0,0,0,0,0,0,0,0,0,405

Main.js:462 444.356,167.065,171,171,-0.551,0.024,-0.049,0.008,0,1,0,1,0,0,0,0,0,0,0,0,0,0,0,0,0,0,0,0,58.986,335.167,34.5,0,0.604,0.236,0.041,0.028,77,126,333,2.5,0,0,0,0,0,0,0,0,0,421

Main.js:462 443.785,167.097,169.5,169.5,-0.571,0.031,-0.049,0.009,0,1,0,1,0,0,0,0,0,0,0,0,0,0,0,0,0,0,0,0,59.598,335.419,36,0,0.613,0.252,0.04,0.029,76,128.5,333,2.5,0,0,0,0,0,0,0,0,0,437

Main.js:462 443.197,167.137,168,168,-0.588,0.04,-0.049,0.01,0,1,0,1,0,0,0,0,0,0,0,0,0,0,0,0,0,0,0,0,60.218,335.688,37.5,0,0.62,0.268,0.04,0.03,75,131,333,2.5,0,0,0,0,0,0,0,0,0,455

Main.js:462 442.592,167.185,166.5,166.5,-0.605,0.049,-0.049,0.012,0,1,0,1,0,0,0,0,0,0,0,0,0,0,0,0,0,0,0,0,60.844,335.973,39,0,0.626,0.285,0.039,0.031,74,133.5,333,2.5,0,0,0,0,0,0,0,0,0,473

Main.js:462 441.971,167.244,165,165,-0.621,0.059,-0.048,0.013,0,1,0,1,0,0,0,0,0,0,0,0,0,0,0,0,0,0,0,0,61.474,336.274,40.5,0,0.63,0.301,0.038,0.032,73,136,333,2.5,0,0,0,0,0,0,0,0,0,488

Main.js:462 441.335,167.312,165,165,-0.636,0.068,-0.048,0.013,0,0,0,1,0,0,0,0,0,0,0,0,0,0,0,0,0,0,0,0,62.108,336.592,42,0,0.634,0.318,0.037,0.033,72,138.5,333,2.5,0,0,0,0,0,0,0,0,0,504

Main.js:462 440.685,167.389,165,165,-0.65,0.077,-0.048,0.013,0,0,0,1,0,0,0,0,0,0,0,0,0,0,0,0,0,0,0,0,62.746,336.926,42,358.5,0.638,0.334,0.037,0.033,71,141,333,2.5,0,0,0,0,0,0,0,0,0,522

Main.js:462 440.022,167.474,165,165,-0.663,0.085,-0.048,0.013,0,0,0,1,0,0,0,0,0,0,0,0,0,0,0,0,0,0,0,0,63.387,337.276,42,357,0.641,0.349,0.037,0.033,70,143.5,333,2.5,0,0,0,0,0,0,0,0,0,538

Main.js:462 439.346,167.568,165,165,-0.676,0.093,-0.048,0.013,0,0,0,1,0,0,0,0,0,0,0,0,0,0,0,0,0,0,0,0,64.032,337.639,42,355.5,0.644,0.363,0.037,0.033,69,146,333,2.5,0,0,0,0,0,0,0,0,0,555

Main.js:462 438.658,167.669,165,165,-0.688,0.101,-0.048,0.013,0,0,0,1,0,0,0,0,0,0,0,0,0,0,0,0,0,0,0,0,64.679,338.016,42,354,0.647,0.377,0.037,0.033,68,148.5,333,2.5,0,0,0,0,0,0,0,0,0,572

Main.js:462 437.959,167.777,165,165,-0.699,0.108,-0.048,0.013,0,0,0,1,0,0,0,0,0,0,0,0,0,0,0,0,0,0,0,0,65.329,338.406,42,352.5,0.65,0.39,0.037,0.033,67,151,333,2.5,0,0,0,0,0,0,0,0,0,588

Main.js:462 437.249,167.894,163.5,163.5,-0.71,0.116,-0.048,0.014,0,1,0,1,0,0,0,0,0,0,0,0,0,0,0,0,0,0,0,0,65.983,338.808,42,351,0.653,0.402,0.037,0.033,66,153.5,333,2.5,0,0,0,0,0,0,0,0,0,604

Main.js:462 436.529,168.019,162,162,-0.72,0.125,-0.048,0.015,0,1,0,1,0,0,0,0,0,0,0,0,0,0,0,0,0,0,0,0,66.639,339.222,42,349.5,0.656,0.414,0.037,0.033,65,156,333,2.5,0,0,0,0,0,0,0,0,0,623

Main.js:462 435.801,168.154,160.5,160.5,-0.728,0.135,-0.047,0.017,0,1,0,1,0,0,0,0,0,0,0,0,0,0,0,0,0,0,0,0,67.297,339.647,42,348,0.658,0.425,0.037,0.033,64,158.5,333,2.5,0,0,0,0,0,0,0,0,0,638

Main.js:462 435.064,168.299,159,159,-0.736,0.145,-0.047,0.018,0,1,0,1,0,0,0,0,0,0,0,0,0,0,0,0,0,0,0,0,67.958,340.083,42,346.5,0.661,0.436,0.037,0.033,63,161,333,2.5,0,0,0,0,0,0,0,0,0,654

Main.js:462 434.321,168.455,157.5,157.5,-0.743,0.156,-0.046,0.019,0,1,0,1,0,0,0,0,0,0,0,0,0,0,0,0,0,0,0,0,68.621,340.529,42,345,0.663,0.446,0.037,0.033,62,163.5,333,2.5,0,0,0,0,0,0,0,0,0,673

Main.js:462 433.571,168.622,156,156,-0.75,0.168,-0.046,0.02,0,1,0,1,0,0,0,0,0,0,0,0,0,0,0,0,0,0,0,0,69.286,340.984,42,343.5,0.665,0.455,0.037,0.033,61,166,333,2.5,0,0,0,0,0,0,0,0,0,687

Main.js:462 432.816,168.802,154.5,154.5,-0.755,0.18,-0.045,0.022,0,1,0,1,0,0,0,0,0,0,0,0,0,0,0,0,0,0,0,0,69.953,341.448,42,342,0.667,0.464,0.037,0.033,60,168.5,333,2.5,0,0,0,0,0,0,0,0,0,704

Main.js:462 432.056,168.994,153,153,-0.76,0.192,-0.045,0.023,0,1,0,1,0,0,0,0,0,0,0,0,0,0,0,0,0,0,0,0,70.622,341.92,42,340.5,0.669,0.473,0.037,0.033,59,171,333,2.5,0,0,0,0,0,0,0,0,0,721

Main.js:462 431.293,169.199,151.5,151.5,-0.763,0.205,-0.044,0.024,0,1,0,1,0,0,0,0,0,0,0,0,0,0,0,0,0,0,0,0,71.293,342.401,42,339,0.671,0.481,0.037,0.033,58,173.5,333,2.5,0,0,0,0,0,0,0,0,0,739

Main.js:462 430.527,169.418,150,150,-0.766,0.219,-0.043,0.025,0,1,0,1,0,0,0,0,0,0,0,0,0,0,0,0,0,0,0,0,71.966,342.89,42,337.5,0.673,0.489,0.037,0.033,57,176,333,2.5,0,0,0,0,0,0,0,0,0,755

Main.js:462 429.758,169.651,148.5,148.5,-0.769,0.233,-0.043,0.026,0,1,0,1,0,0,0,0,0,0,0,0,0,0,0,0,0,0,0,0,72.64,343.386,42,336,0.674,0.496,0.037,0.033,56,178.5,333,2.5,0,0,0,0,0,0,0,0,0,771

Main.js:462 428.988,169.898,147,147,-0.77,0.247,-0.042,0.027,0,1,0,1,0,0,0,0,0,0,0,0,0,0,0,0,0,0,0,0,73.316,343.889,42,334.5,0.676,0.503,0.037,0.033,55,181,333,2.5,0,0,0,0,0,0,0,0,0,788

Main.js:462 428.217,170.159,145.5,145.5,-0.771,0.261,-0.041,0.028,0,1,0,1,0,0,0,0,0,0,0,0,0,0,0,0,0,0,0,0,73.994,344.398,42,333,0.677,0.51,0.037,0.033,54,183.5,333,2.5,0,0,0,0,0,0,0,0,0,805

Main.js:462 427.447,170.435,144,144,-0.771,0.276,-0.04,0.029,0,1,0,1,0,0,0,0,0,0,0,0,0,0,0,0,0,0,0,0,74.672,344.914,42,331.5,0.679,0.516,0.037,0.033,53,186,333,2.5,0,0,0,0,0,0,0,0,0,822

Main.js:462 426.677,170.727,142.5,142.5,-0.77,0.291,-0.04,0.03,0,1,0,1,0,0,0,0,0,0,0,0,0,0,0,0,0,0,0,0,75.353,345.436,42,330,0.68,0.522,0.037,0.033,52,188.5,333,2.5,0,0,0,0,0,0,0,0,0,839

Main.js:462 425.909,171.033,141,141,-0.768,0.307,-0.039,0.031,0,1,0,1,0,0,0,0,0,0,0,0,0,0,0,0,0,0,0,0,76.034,345.964,42,328.5,0.682,0.528,0.037,0.033,51,191,333,2.5,0,0,0,0,0,0,0,0,0,854

Main.js:462 425.143,171.356,139.5,139.5,-0.766,0.322,-0.038,0.032,0,1,0,1,0,0,0,0,0,0,0,0,0,0,0,0,0,0,0,0,76.717,346.497,42,327,0.683,0.533,0.037,0.033,50,193.5,333,2.5,0,0,0,0,0,0,0,0,0,873

Main.js:462 424.38,171.693,138,138,-0.763,0.338,-0.037,0.033,0,1,0,1,0,0,0,0,0,0,0,0,0,0,0,0,0,0,0,0,77.401,347.035,42,325.5,0.684,0.538,0.037,0.033,49,196,333,2.5,0,0,0,0,0,0,0,0,0,887

Main.js:462 423.62,172.046,138,138,-0.76,0.353,-0.037,0.033,0,0,0,1,0,0,0,0,0,0,0,0,0,0,0,0,0,0,0,0,78.086,347.578,42,324,0.685,0.543,0.037,0.033,48,198.5,333,2.5,0,0,0,0,0,0,0,0,0,904

Main.js:462 422.863,172.413,138,138,-0.757,0.367,-0.037,0.033,0,0,0,1,0,0,0,0,0,0,0,0,0,0,0,0,0,0,0,0,78.772,348.125,42,322.5,0.686,0.548,0.037,0.033,47,201,333,2.5,0,0,0,0,0,0,0,0,0,922

Main.js:462 422.108,172.793,138,138,-0.755,0.38,-0.037,0.033,0,0,0,1,0,0,0,0,0,0,0,0,0,0,0,0,0,0,0,0,79.459,348.677,42,321,0.687,0.552,0.037,0.033,46,203.5,333,2.5,0,0,0,0,0,0,0,0,0,938

Main.js:462 421.356,173.187,138,138,-0.752,0.393,-0.037,0.033,0,0,0,1,0,0,0,0,0,0,0,0,0,0,0,0,0,0,0,0,80.147,349.233,42,319.5,0.688,0.556,0.037,0.033,45,206,333,2.5,0,0,0,0,0,0,0,0,0,956

Main.js:462 420.606,173.592,138,138,-0.75,0.405,-0.037,0.033,0,0,0,1,0,0,0,0,0,0,0,0,0,0,0,0,0,0,0,0,80.836,349.794,42,318,0.689,0.56,0.037,0.033,44,208.5,333,2.5,0,0,0,0,0,0,0,0,0,972

Main.js:462 419.858,174.009,138,138,-0.748,0.417,-0.037,0.033,0,0,0,1,0,0,0,0,0,0,0,0,0,0,0,0,0,0,0,0,81.526,350.358,42,316.5,0.69,0.564,0.037,0.033,43,211,333,2.5,0,0,0,0,0,0,0,0,0,989

Main.js:462 419.113,174.436,138,138,-0.746,0.428,-0.037,0.033,0,0,0,1,0,0,0,0,0,0,0,0,0,0,0,0,0,0,0,0,82.216,350.925,42,315,0.691,0.568,0.037,0.033,42,213.5,333,2.5,0,0,0,0,0,0,0,0,0,1005

Main.js:462 418.369,174.874,138,138,-0.744,0.438,-0.037,0.033,0,0,0,1,0,0,0,0,0,0,0,0,0,0,0,0,0,0,0,0,82.908,351.495,40.5,312,0.692,0.57,0.038,0.032,41,216,333,2.5,0,0,0,0,0,0,0,0,0,1022

Main.js:462 417.627,175.322,138,138,-0.742,0.448,-0.037,0.033,0,0,0,1,0,0,0,0,0,0,0,0,0,0,0,0,0,0,0,0,83.603,352.066,39,309,0.694,0.571,0.039,0.031,40,218.5,333,2.5,0,0,0,0,0,0,0,0,0,1038

Main.js:462 416.887,175.78,138,138,-0.74,0.457,-0.037,0.033,0,0,0,1,0,0,0,0,0,0,0,0,0,0,0,0,0,0,0,0,84.3,352.638,37.5,306,0.697,0.572,0.04,0.03,39,221,333,2.5,0,0,0,0,0,0,0,0,0,1055

Main.js:462 416.149,176.246,138,138,-0.738,0.466,-0.037,0.033,0,0,0,1,0,0,0,0,0,0,0,0,0,0,0,0,0,0,0,0,85.001,353.209,36,303,0.701,0.571,0.04,0.029,38,223.5,333,2.5,0,0,0,0,0,0,0,0,0,1072

Main.js:462 415.412,176.721,138,138,-0.737,0.475,-0.037,0.033,0,0,0,1,0,0,0,0,0,0,0,0,0,0,0,0,0,0,0,0,85.706,353.779,34.5,300,0.705,0.569,0.041,0.028,37,226,333,2.5,0,0,0,0,0,0,0,0,0,1089

Main.js:462 414.677,177.204,138,138,-0.735,0.483,-0.037,0.033,0,0,0,1,0,0,0,0,0,0,0,0,0,0,0,0,0,0,0,0,86.416,354.346,33,297,0.71,0.567,0.042,0.027,36,228.5,333,2.5,0,0,0,0,0,0,0,0,0,1105

Main.js:462 413.943,177.694,138,138,-0.734,0.49,-0.037,0.033,0,0,0,1,0,0,0,0,0,0,0,0,0,0,0,0,0,0,0,0,87.131,354.909,31.5,294,0.715,0.563,0.043,0.026,35,231,333,2.5,0,0,0,0,0,0,0,0,0,1122

Main.js:462 413.211,178.192,138,138,-0.732,0.498,-0.037,0.033,0,0,0,1,0,0,0,0,0,0,0,0,0,0,0,0,0,0,0,0,87.851,355.468,30,291,0.72,0.559,0.043,0.025,34,233.5,333,2.5,0,0,0,0,0,0,0,0,0,1139

Main.js:462 412.48,178.696,138,138,-0.731,0.505,-0.037,0.033,0,0,0,1,0,0,0,0,0,0,0,0,0,0,0,0,0,0,0,0,88.577,356.021,28.5,288,0.726,0.554,0.044,0.024,33,236,333,2.5,0,0,0,0,0,0,0,0,0,1155

Main.js:462 411.75,179.208,138,138,-0.73,0.511,-0.037,0.033,0,0,0,1,0,0,0,0,0,0,0,0,0,0,0,0,0,0,0,0,89.309,356.569,27,285,0.732,0.547,0.045,0.023,32,238.5,333,2.5,0,0,0,0,0,0,0,0,0,1173

Main.js:462 411.022,179.725,138,138,-0.729,0.517,-0.037,0.033,0,0,0,1,0,0,0,0,0,0,0,0,0,0,0,0,0,0,0,0,90.047,357.109,25.5,282,0.738,0.541,0.045,0.022,31,241,333,2.5,0,0,0,0,0,0,0,0,0,1190

Main.js:462 410.294,180.248,138,138,-0.727,0.523,-0.037,0.033,0,0,0,1,0,0,0,0,0,0,0,0,0,0,0,0,0,0,0,0,90.791,357.642,24,279,0.745,0.533,0.046,0.02,30,243.5,333,2.5,0,0,0,0,0,0,0,0,0,1205

Main.js:462 409.568,180.777,138,138,-0.726,0.529,-0.037,0.033,0,0,0,1,0,0,0,0,0,0,0,0,0,0,0,0,0,0,0,0,91.543,358.167,22.5,276,0.751,0.524,0.046,0.019,29,246,333,2.5,0,0,0,0,0,0,0,0,0,1222

Main.js:462 408.842,181.311,138,138,-0.725,0.534,-0.037,0.033,0,0,0,1,0,0,0,0,0,0,0,0,0,0,0,0,0,0,0,0,92.301,358.682,21,273,0.758,0.515,0.047,0.018,28,248.5,333,2.5,0,0,0,0,0,0,0,0,0,1239

Main.js:462 408.118,181.851,138,138,-0.724,0.539,-0.037,0.033,0,0,0,1,0,0,0,0,0,0,0,0,0,0,0,0,0,0,0,0,93.066,359.187,19.5,270,0.765,0.505,0.047,0.017,27,251,333,2.5,0,0,0,0,0,0,0,0,0,1255

Main.js:462 407.395,182.395,138,138,-0.723,0.544,-0.037,0.033,0,0,0,1,0,0,0,0,0,0,0,0,0,0,0,0,0,0,0,0,93.837,359.682,18,267,0.772,0.495,0.048,0.015,26,253.5,333,2.5,0,0,0,0,0,0,0,0,0,1272

Main.js:462 406.672,182.944,138,138,-0.723,0.549,-0.037,0.033,0,0,0,1,0,0,0,0,0,0,0,0,0,0,0,0,0,0,0,0,94.616,360.165,16.5,264,0.779,0.483,0.048,0.014,25,256,333,2.5,0,0,0,0,0,0,0,0,0,1288

Main.js:462 405.95,183.497,138,138,-0.722,0.553,-0.037,0.033,0,0,0,1,0,0,0,0,0,0,0,0,0,0,0,0,0,0,0,0,95.402,360.637,15,261,0.786,0.472,0.048,0.013,24,258.5,333,2.5,0,0,0,0,0,0,0,0,0,1304

Main.js:462 405.229,184.054,138,138,-0.721,0.557,-0.037,0.033,0,0,0,1,0,0,0,0,0,0,0,0,0,0,0,0,0,0,0,0,96.195,361.096,13.5,258,0.793,0.459,0.049,0.012,23,261,333,2.5,0,0,0,0,0,0,0,0,0,1320

Main.js:462 404.509,184.615,138,138,-0.72,0.561,-0.037,0.033,0,0,0,1,0,0,0,0,0,0,0,0,0,0,0,0,0,0,0,0,96.994,361.542,12,255,0.799,0.446,0.049,0.01,22,263.5,333,2.5,0,0,0,0,0,0,0,0,0,1338

Main.js:462 403.79,185.18,138,138,-0.72,0.565,-0.037,0.033,0,0,0,1,0,0,0,0,0,0,0,0,0,0,0,0,0,0,0,0,97.8,361.974,10.5,252,0.806,0.432,0.049,0.009,21,266,333,2.5,0,0,0,0,0,0,0,0,0,1355

Main.js:462 403.071,185.748,138,138,-0.719,0.568,-0.037,0.033,0,0,0,1,0,0,0,0,0,0,0,0,0,0,0,0,0,0,0,0,98.613,362.392,9,249,0.813,0.418,0.049,0.008,20,268.5,333,2.5,0,0,0,0,0,0,0,0,0,1371

Main.js:462 402.353,186.32,138,138,-0.718,0.572,-0.037,0.033,0,0,0,1,0,0,0,0,0,0,0,0,0,0,0,0,0,0,0,0,99.432,362.796,7.5,246,0.819,0.403,0.05,0.007,19,271,333,2.5,0,0,0,0,0,0,0,0,0,1389

Main.js:462 401.635,186.895,138,138,-0.718,0.575,-0.037,0.033,0,0,0,1,0,0,0,0,0,0,0,0,0,0,0,0,0,0,0,0,100.258,363.184,6,243,0.826,0.388,0.05,0.005,18,273.5,333,2.5,0,0,0,0,0,0,0,0,0,1405

Main.js:462 400.918,187.473,138,138,-0.717,0.578,-0.037,0.033,0,0,0,1,0,0,0,0,0,0,0,0,0,0,0,0,0,0,0,0,101.09,363.557,4.5,240,0.832,0.373,0.05,0.004,17,276,333,2.5,0,0,0,0,0,0,0,0,0,1422

Main.js:462 400.202,188.054,138,138,-0.716,0.581,-0.037,0.033,0,0,0,1,0,0,0,0,0,0,0,0,0,0,0,0,0,0,0,0,101.927,363.913,3,237,0.837,0.356,0.05,0.003,16,278.5,333,2.5,0,0,0,0,0,0,0,0,0,1439

Main.js:462 399.486,188.637,138,138,-0.716,0.584,-0.037,0.033,0,0,0,1,0,0,0,0,0,0,0,0,0,0,0,0,0,0,0,0,102.77,364.253,1.5,234,0.843,0.34,0.05,0.001,15,281,333,2.5,0,0,0,0,0,0,0,0,0,1456

Main.js:462 398.77,189.224,138,138,-0.715,0.586,-0.037,0.033,0,0,0,1,0,0,0,0,0,0,0,0,0,0,0,0,0,0,0,0,103.619,364.576,0,231,0.848,0.323,0.05,0,14,283.5,333,2.5,0,0,0,0,0,0,0,0,0,1471

Main.js:462 398.055,189.812,138,138,-0.715,0.589,-0.037,0.033,0,0,0,1,0,0,0,0,0,0,0,0,0,0,0,0,0,0,0,0,104.472,364.881,358.5,228,0.853,0.305,0.05,-0.001,13,286,333,2.5,0,0,0,0,0,0,0,0,0,1488

Main.js:462 397.341,190.403,138,138,-0.715,0.591,-0.037,0.033,0,0,0,1,0,0,0,0,0,0,0,0,0,0,0,0,0,0,0,0,105.33,365.169,357,225,0.858,0.288,0.05,-0.003,12,288.5,333,2.5,0,0,0,0,0,0,0,0,0,1504

Main.js:462 396.627,190.997,138,138,-0.714,0.593,-0.037,0.033,0,0,0,1,0,0,0,0,0,0,0,0,0,0,0,0,0,0,0,0,106.193,365.439,355.5,222,0.863,0.27,0.05,-0.004,11,291,333,2.5,0,0,0,0,0,0,0,0,0,1523

Main.js:462 395.913,191.592,138,138,-0.714,0.595,-0.037,0.033,0,0,0,1,0,0,0,0,0,0,0,0,0,0,0,0,0,0,0,0,107.06,365.69,354,219,0.867,0.251,0.05,-0.005,10,293.5,333,2.5,0,0,0,0,0,0,0,0,0,1538

Main.js:462 395.2,192.189,138,138,-0.713,0.597,-0.037,0.033,0,0,0,1,0,0,0,0,0,0,0,0,0,0,0,0,0,0,0,0,107.93,365.922,352.5,216,0.871,0.232,0.05,-0.007,9,296,333,2.5,0,0,0,0,0,0,0,0,0,1554

Main.js:462 394.487,192.789,138,138,-0.713,0.599,-0.037,0.033,99,0,0,1,0,1,0,0,0,0,0,0,0,0,0,0,0,0,0,0,108.804,366.136,351,213,0.874,0.213,0.049,-0.008,8,298.5,333,2.5,0,0,0,0,0,0,0,0,0,1572

Main.js:462 393.774,193.39,138,138,-0.713,0.601,-0.037,0.033,98,0,0,1,0,1,0,0,377.736,207.914,-1.858,1.673,0,0,0,0,0,0,0,0,109.681,366.33,349.5,210,0.877,0.194,0.049,-0.009,7,301,333,2.5,0,0,0,0,0,0,0,0,0,1588

Main.js:462 393.062,193.993,138,138,-0.712,0.603,-0.037,0.033,97,0,0,1,0,1,0,0,375.878,209.587,-1.858,1.673,0,0,0,0,0,0,0,0,110.561,366.504,348,207,0.88,0.174,0.049,-0.01,6,303.5,333,2.5,0,0,0,0,0,0,0,0,0,1606

Main.js:462 392.35,194.597,138,138,-0.712,0.605,-0.037,0.033,96,0,0,1,0,1,0,0,374.02,211.26,-1.858,1.673,0,0,0,0,0,0,0,0,111.443,366.659,346.5,204,0.882,0.155,0.049,-0.012,5,306,333,2.5,0,0,0,0,0,0,0,0,0,1620

Main.js:462 391.638,195.203,138,138,-0.712,0.606,-0.037,0.033,95,0,0,1,0,1,0,0,372.162,212.932,-1.858,1.673,0,0,0,0,0,0,0,0,112.326,366.793,345,201,0.884,0.135,0.048,-0.013,4,308.5,333,2.5,0,0,0,0,0,0,0,0,0,1638

Main.js:462 390.927,195.811,138,138,-0.711,0.608,-0.037,0.033,94,0,0,1,0,1,0,0,370.304,214.605,-1.858,1.673,0,0,0,0,0,0,0,0,113.211,366.908,343.5,198,0.885,0.114,0.048,-0.014,3,311,333,2.5,0,0,0,0,0,0,0,0,0,1655

Main.js:462 390.216,196.42,138,138,-0.711,0.609,-0.037,0.033,93,0,0,1,0,0,0,0,368.446,216.278,-1.858,1.673,0,0,0,0,0,0,0,0,114.097,367.002,342,195,0.886,0.094,0.048,-0.015,2,313.5,333,2.5,0,0,0,0,0,0,0,0,0,1672

Main.js:462 389.505,197.03,138,138,-0.711,0.61,-0.037,0.033,92,0,0,1,0,0,0,0,366.589,217.951,-1.858,1.673,0,0,0,0,0,0,0,0,114.983,367.075,340.5,192,0.886,0.073,0.047,-0.017,1,316,333,2.5,0,0,0,0,0,0,0,0,0,1688

Main.js:462 388.795,197.642,138,138,-0.711,0.612,-0.037,0.033,91,0,0,1,0,0,0,0,364.731,219.624,-1.858,1.673,0,0,0,0,0,0,0,0,115.87,367.128,339,189,0.886,0.053,0.047,-0.018,0,318.5,333,2.5,0,0,0,0,0,0,0,0,0,1705

Main.js:462 388.084,198.254,138,138,-0.71,0.613,-0.037,0.033,90,0,0,1,0,0,0,0,362.873,221.297,-1.858,1.673,0,0,0,0,0,0,0,0,116.756,367.16,337.5,186,0.886,0.032,0.046,-0.019,99,321,333,2.5,0,0,0,0,0,0,0,0,0,1722

Main.js:462 387.409,198.837,138,138,-0.675,0.582,0,0,89,0,0,0,0,0,0,0,361.015,222.969,-1.858,1.673,0,0,0,0,0,0,0,0,117.641,367.171,336,183,0.885,0.011,0.046,-0.02,98,323.5,333,2.5,0,92.498,364.672,-2.486,-0.261,0,0,0,0,1738

Main.js:462 386.768,199.39,138,138,-0.641,0.553,0,0,88,0,0,0,0,0,0,0,359.157,224.642,-1.858,1.673,0,0,0,0,0,0,0,0,118.524,367.161,334.5,180,0.884,-0.01,0.045,-0.022,97,326,333,2.5,0,90.012,364.41,-2.486,-0.261,0,0,0,0,1755

Main.js:462 386.159,199.915,138,138,-0.609,0.525,0,0,87,0,0,0,0,0,0,0,357.299,226.315,-1.858,1.673,0,0,0,0,0,0,0,0,119.406,367.13,333,177,0.882,-0.031,0.045,-0.023,96,328.5,333,2.5,0,87.526,364.149,-2.486,-0.261,0,0,0,0,1771

Main.js:462 385.581,200.414,138,138,-0.579,0.499,0,0,86,0,0,0,0,0,0,0,355.441,227.988,-1.858,1.673,0,0,0,0,0,0,0,0,120.286,367.078,331.5,174,0.879,-0.052,0.044,-0.024,95,331,333,2.5,0,85.039,363.888,-2.486,-0.261,0,0,0,0,1789

Main.js:462 385.031,200.888,138,138,-0.55,0.474,0,0,85,0,0,0,0,0,0,0,353.584,229.661,-1.858,1.673,0,0,0,0,0,0,0,0,121.162,367.004,330,171,0.877,-0.073,0.043,-0.025,94,333.5,333,2.5,0,82.553,363.626,-2.486,-0.261,0,0,0,0,1804

Main.js:462 384.509,201.339,138,138,-0.522,0.45,0,0,84,0,0,0,0,0,0,0,351.726,231.334,-1.858,1.673,0,0,0,0,0,0,0,0,122.035,366.91,328.5,168,0.873,-0.094,0.043,-0.026,93,336,333,2.5,0,80.067,363.365,-2.486,-0.261,0,0,0,0,1822

Main.js:462 384.013,201.767,138,138,-0.496,0.428,0,0,83,0,0,0,0,0,0,0,349.868,233.006,-1.858,1.673,0,0,0,0,0,0,0,0,122.905,366.794,327,165,0.869,-0.116,0.042,-0.027,92,338.5,333,2.5,0,77.581,363.104,-2.486,-0.261,0,0,0,0,1839

Main.js:462 383.541,202.173,138,138,-0.471,0.407,0,0,82,0,0,0,0,0,0,0,348.01,234.679,-1.858,1.673,0,0,0,0,0,0,0,0,123.77,366.658,325.5,162,0.865,-0.137,0.041,-0.028,91,341,333,2.5,0,75.094,362.842,-2.486,-0.261,0,0,0,0,1855

Main.js:462 383.094,202.559,138,138,-0.448,0.386,0,0,81,0,0,0,0,0,0,0,346.152,236.352,-1.858,1.673,0,0,0,0,0,0,0,0,124.63,366.5,324,159,0.86,-0.158,0.04,-0.029,90,343.5,333,2.5,0,72.608,362.581,-2.486,-0.261,0,0,0,0,1872

Main.js:462 382.668,202.926,138,138,-0.425,0.367,0,0,80,0,0,0,0,0,0,0,344.294,238.025,-1.858,1.673,0,0,0,0,0,0,0,0,125.485,366.321,322.5,156,0.855,-0.179,0.04,-0.03,89,346,333,2.5,0,70.122,362.32,-2.486,-0.261,0,0,0,0,1889

Main.js:462 382.264,203.275,138,138,-0.404,0.349,0,0,79,0,0,0,0,0,0,0,342.436,239.698,-1.858,1.673,0,0,0,0,0,0,0,0,126.334,366.121,321,153,0.849,-0.2,0.039,-0.031,88,348.5,333,2.5,0,67.635,362.058,-2.486,-0.261,0,0,0,0,1904

Main.js:462 381.88,203.606,138,138,-0.384,0.331,0,0,78,0,0,0,0,0,0,0,340.579,241.371,-1.858,1.673,0,0,0,0,0,0,0,0,127.177,365.9,319.5,150,0.843,-0.221,0.038,-0.032,87,351,333,2.5,0,65.149,361.797,-2.486,-0.261,0,0,0,0,1923

Main.js:462 381.516,203.92,138,138,-0.365,0.315,0,0,77,0,0,0,0,0,0,0,338.721,243.043,-1.858,1.673,0,0,0,0,0,0,0,0,128.013,365.659,318,147,0.836,-0.241,0.037,-0.033,86,353.5,333,2.5,0,62.663,361.536,-2.486,-0.261,0,0,0,0,1940

Main.js:462 381.169,204.219,138,138,-0.346,0.299,0,0,76,0,0,0,0,0,0,0,336.863,244.716,-1.858,1.673,0,0,0,0,0,0,0,0,128.842,365.397,316.5,144,0.829,-0.262,0.036,-0.034,85,356,333,2.5,0,60.176,361.274,-2.486,-0.261,0,0,0,0,1956

Main.js:462 380.84,204.503,138,138,-0.329,0.284,0,0,75,0,0,0,0,0,0,0,335.005,246.389,-1.858,1.673,0,0,0,0,0,0,0,0,129.663,365.115,315,141,0.821,-0.283,0.035,-0.035,84,358.5,333,2.5,0,57.69,361.013,-2.486,-0.261,0,0,0,0,1971

Main.js:462 380.528,204.773,138,138,-0.313,0.27,0,0,74,0,0,0,0,0,0,0,333.147,248.062,-1.858,1.673,0,0,0,0,0,0,0,0,130.475,364.812,313.5,138,0.812,-0.303,0.034,-0.036,83,361,333,2.5,0,55.204,360.752,-2.486,-0.261,0,0,0,0,1989

Main.js:462 380.231,205.029,138,138,-0.297,0.256,0,0,73,0,0,0,0,0,0,0,331.289,249.735,-1.858,1.673,0,0,0,0,0,0,0,0,131.279,364.489,312,135,0.804,-0.323,0.033,-0.037,82,363.5,333,2.5,0,52.718,360.49,-2.486,-0.261,0,0,0,0,2005

Main.js:462 379.948,205.272,138,138,-0.282,0.243,0,0,72,0,0,0,0,0,0,0,329.431,251.408,-1.858,1.673,0,0,0,0,0,0,0,0,132.075,364.147,313.5,135,0.796,-0.341,0.034,-0.036,81,366,333,2.5,0,50.231,360.229,-2.486,-0.261,0,0,0,0,2023

Main.js:462 379.68,205.504,138,138,-0.268,0.231,0,0,71,0,0,0,0,0,0,0,327.574,253.08,-1.858,1.673,0,0,0,0,0,0,0,0,132.865,363.79,315,135,0.79,-0.358,0.035,-0.035,80,368.5,333,2.5,0,47.745,359.968,-2.486,-0.261,0,0,0,0,2038

Main.js:462 379.426,205.723,138,138,-0.255,0.22,0,0,70,0,0,0,0,1,0,0,325.716,254.753,-1.858,1.673,0,0,0,0,0,0,0,0,133.649,363.417,316.5,135,0.785,-0.373,0.036,-0.034,79,371,333,2.5,0,45.259,359.706,-2.486,-0.261,0,0,0,0,2055

Main.js:462 379.184,205.932,138,138,-0.242,0.209,0,0,69,0,0,0,0,1,0,0,323.858,256.426,-1.858,1.673,0,0,0,0,0,0,0,0,134.43,363.031,318,135,0.781,-0.386,0.037,-0.033,78,373.5,333,2.5,0,42.772,359.445,-2.486,-0.261,0,0,0,0,2073

Main.js:462 378.954,206.13,138,138,-0.23,0.198,0,0,68,0,0,0,0,1,0,0,322,258.099,-1.858,1.673,0,0,0,0,0,0,0,0,135.208,362.634,319.5,135,0.778,-0.397,0.038,-0.032,77,376,333,2.5,0,40.286,359.184,-2.486,-0.261,0,0,0,0,2090

Main.js:462 378.736,206.318,138,138,-0.218,0.188,0,0,67,0,0,0,0,1,0,0,320.142,259.772,-1.858,1.673,0,0,0,0,0,0,0,0,135.984,362.226,321,135,0.776,-0.407,0.039,-0.031,76,378.5,333,2.5,0,37.8,358.922,-2.486,-0.261,0,0,0,0,2107

Main.js:462 378.528,206.497,138,138,-0.207,0.179,0,0,66,0,0,0,0,0,0,0,318.284,261.444,-1.858,1.673,0,0,0,0,0,0,0,0,136.759,361.81,322.5,135,0.775,-0.416,0.04,-0.03,75,381,333,2.5,0,35.313,358.661,-2.486,-0.261,0,0,0,0,2123

Main.js:462 378.331,206.667,138,138,-0.197,0.17,0,0,65,0,0,0,0,0,0,0,316.426,263.117,-1.858,1.673,0,0,0,0,0,0,0,0,137.534,361.387,324,135,0.775,-0.423,0.04,-0.029,74,383.5,333,2.5,0,32.827,358.4,-2.486,-0.261,0,0,0,0,2138

Main.js:462 378.144,206.829,138,138,-0.187,0.161,0,0,64,0,0,0,0,0,0,0,314.568,264.79,-1.858,1.673,0,0,0,0,0,0,0,0,138.309,360.959,325.5,135,0.775,-0.429,0.041,-0.028,73,386,333,2.5,0,30.341,358.138,-2.486,-0.261,0,0,0,0,2156

Main.js:462 377.966,206.982,138,138,-0.178,0.153,0,0,63,0,0,0,0,0,0,0,312.711,266.463,-1.858,1.673,0,0,0,0,0,0,0,0,139.085,360.525,327,135,0.776,-0.433,0.042,-0.027,72,388.5,333,2.5,0,27.854,357.877,-2.486,-0.261,0,0,0,0,2171

Main.js:462 377.762,207.16,138,138,-0.204,0.178,-0.037,0.033,62,0,0,1,0,0,0,0,310.853,268.136,-1.858,1.673,0,0,0,0,0,0,0,0,139.863,360.089,328.5,135,0.778,-0.436,0.043,-0.026,71,391,333,2.5,0,25.368,357.616,-2.486,-0.261,0,0,0,0,2188

Main.js:462 377.533,207.36,138,138,-0.229,0.2,-0.037,0.033,61,0,0,1,0,0,0,0,308.995,269.809,-1.858,1.673,0,0,0,0,0,0,0,0,140.643,359.651,330,135,0.78,-0.438,0.043,-0.025,70,393.5,333,2.5,0,22.882,357.355,-2.486,-0.261,0,0,0,0,2205

Main.js:462 377.279,207.582,138,138,-0.253,0.222,-0.037,0.033,60,0,0,1,0,0,0,0,307.137,271.481,-1.858,1.673,0,0,0,0,0,0,0,0,141.425,359.212,331.5,135,0.783,-0.439,0.044,-0.024,69,396,333,2.5,0,20.396,357.093,-2.486,-0.261,0,0,0,0,2222

Main.js:462 377.004,207.825,138,138,-0.276,0.243,-0.037,0.033,59,0,0,1,0,0,0,0,305.279,273.154,-1.858,1.673,0,0,0,0,0,0,0,0,142.211,358.773,333,135,0.786,-0.439,0.045,-0.023,68,398.5,333,2.5,0,17.909,356.832,-2.486,-0.261,0,0,0,0,2237

Main.js:462 376.706,208.088,138,138,-0.297,0.263,-0.037,0.033,58,0,0,1,0,1,0,0,303.421,274.827,-1.858,1.673,0,0,0,0,0,0,0,0,143.001,358.336,334.5,135,0.79,-0.437,0.045,-0.022,67,401,333,2.5,0,15.423,356.571,-2.486,-0.261,0,0,0,0,2255

Main.js:462 376.389,208.369,138,138,-0.318,0.281,-0.037,0.033,57,0,0,1,0,1,0,0,301.563,276.5,-1.858,1.673,0,0,0,0,0,0,0,0,143.794,357.901,336,135,0.793,-0.435,0.046,-0.02,66,403.5,333,2.5,0,12.937,356.309,-2.486,-0.261,0,0,0,0,2272

Main.js:462 376.051,208.668,138,138,-0.337,0.299,-0.037,0.033,56,0,0,1,0,1,0,0,299.706,278.173,-1.858,1.673,0,0,0,0,0,0,0,0,144.592,357.47,337.5,135,0.798,-0.431,0.046,-0.019,65,406,333,2.5,0,10.45,356.048,-2.486,-0.261,0,0,0,0,2288

Main.js:462 375.696,208.983,138,138,-0.356,0.316,-0.037,0.033,55,0,0,1,0,1,0,0,297.848,279.846,-1.858,1.673,0,0,0,0,0,0,0,0,145.394,357.043,339,135,0.802,-0.427,0.047,-0.018,64,408.5,333,2.5,0,7.964,355.787,-2.486,-0.261,0,0,0,0,2305

Main.js:462 375.323,209.315,138,138,-0.373,0.332,-0.037,0.033,54,0,0,1,0,1,0,0,295.99,281.518,-1.858,1.673,0,0,0,0,0,0,0,0,146.201,356.622,340.5,135,0.807,-0.421,0.047,-0.017,63,411,333,2.5,0,5.478,355.525,-2.486,-0.261,0,0,0,0,2322

Main.js:462 374.933,209.662,138,138,-0.39,0.347,-0.037,0.033,53,0,0,1,0,0,0,0,294.132,283.191,-1.858,1.673,0,0,0,0,0,0,0,0,147.012,356.208,342,135,0.812,-0.415,0.048,-0.015,62,413.5,333,2.5,0,2.991,355.264,-2.486,-0.261,0,0,0,0,2339

Main.js:462 374.527,210.023,138,138,-0.406,0.361,-0.037,0.033,52,0,0,1,0,0,0,0,292.274,284.864,-1.858,1.673,0,0,0,0,0,0,0,0,147.829,355.8,343.5,135,0.817,-0.407,0.048,-0.014,61,416,333,2.5,0,0.505,355.003,-2.486,-0.261,0,0,0,0,2356

Main.js:462 374.107,210.399,138,138,-0.421,0.375,-0.037,0.033,51,0,0,1,0,0,0,0,290.416,286.537,-1.858,1.673,0,0,0,0,0,0,0,0,148.651,355.401,345,135,0.822,-0.399,0.048,-0.013,60,418.5,333,2.5,0,0,0,0,0,0,0,0,0,2371

Main.js:462 373.672,210.787,138,138,-0.435,0.388,-0.037,0.033,50,0,0,1,0,0,0,0,288.558,288.21,-1.858,1.673,0,0,0,0,0,0,0,0,149.477,355.01,346.5,135,0.827,-0.391,0.049,-0.012,59,421,333,2.5,0,0,0,0,0,0,0,0,0,2389

Main.js:462 373.223,211.187,138,138,-0.448,0.4,-0.037,0.033,49,0,0,1,0,0,0,0,286.701,289.883,-1.858,1.673,0,0,0,0,0,0,0,0,150.309,354.629,348,135,0.832,-0.381,0.049,-0.01,58,423.5,333,2.5,0,0,0,0,0,0,0,0,0,2406

Main.js:462 372.762,211.599,138,138,-0.461,0.412,-0.037,0.033,48,0,0,1,0,0,0,0,284.843,291.555,-1.858,1.673,0,0,0,0,0,0,0,0,151.146,354.259,349.5,135,0.837,-0.37,0.049,-0.009,57,426,333,2.5,0,0,0,0,0,0,0,0,0,2421

Main.js:462 372.288,212.022,139.5,139.5,-0.474,0.422,-0.038,0.032,47,0,1,1,0,1,0,0,282.985,293.228,-1.858,1.673,0,0,0,0,0,0,0,0,151.988,353.9,351,135,0.842,-0.359,0.049,-0.008,56,428.5,333,2.5,0,0,0,0,0,0,0,0,0,2438

Main.js:462 371.8,212.453,141,141,-0.488,0.431,-0.039,0.031,46,0,1,1,0,1,0,0,281.127,294.901,-1.858,1.673,0,0,0,0,0,0,0,0,152.835,353.552,352.5,135,0.847,-0.348,0.05,-0.007,55,431,333,2.5,0,0,0,0,0,0,0,0,0,2454

Main.js:462 371.299,212.892,142.5,142.5,-0.501,0.439,-0.04,0.03,45,0,1,1,0,1,0,0,279.269,296.574,-1.858,1.673,0,0,0,0,0,0,0,0,153.687,353.217,354,135,0.852,-0.335,0.05,-0.005,54,433.5,333,2.5,0,0,0,0,0,0,0,0,0,2472

Main.js:462 370.785,213.336,144,144,-0.514,0.445,-0.04,0.029,44,0,1,1,0,1,0,0,277.411,298.247,-1.858,1.673,0,0,0,0,0,0,0,0,154.544,352.895,355.5,135,0.857,-0.322,0.05,-0.004,53,436,333,2.5,0,0,0,0,0,0,0,0,0,2488

Main.js:462 370.257,213.786,145.5,145.5,-0.528,0.449,-0.041,0.028,43,0,1,1,0,0,0,0,275.553,299.919,-1.858,1.673,0,0,0,0,0,0,0,0,155.405,352.586,357,135,0.861,-0.309,0.05,-0.003,52,438.5,333,2.5,0,0,0,0,0,0,0,0,0,2504

Main.js:462 369.717,214.239,145.5,145.5,-0.54,0.454,-0.041,0.028,42,0,0,1,0,0,0,0,273.696,301.592,-1.858,1.673,0,0,0,0,0,0,0,0,156.271,352.291,357,133.5,0.866,-0.296,0.05,-0.003,51,441,333,2.5,0,0,0,0,0,0,0,0,0,2523

Main.js:462 369.204,214.67,145.5,145.5,-0.513,0.431,0,0,41,0,0,0,0,0,0,0,271.838,303.265,-1.858,1.673,0,0,0,0,0,0,0,0,157.141,352.007,357,132,0.87,-0.283,0.05,-0.003,50,443.5,333,2.5,0,0,0,0,0,0,0,0,0,2538

Main.js:462 368.716,215.08,145.5,145.5,-0.488,0.409,0,0,40,0,0,0,0,0,0,0,269.98,304.938,-1.858,1.673,0,0,0,0,0,0,0,0,158.014,351.736,357,130.5,0.874,-0.272,0.05,-0.003,49,446,333,2.5,0,0,0,0,0,0,0,0,0,2557

Main.js:462 368.253,215.469,145.5,145.5,-0.463,0.389,0,0,39,0,0,0,0,0,0,0,268.122,306.611,-1.858,1.673,0,0,0,0,0,0,0,0,158.892,351.475,357,129,0.877,-0.261,0.05,-0.003,48,448.5,333,2.5,0,0,0,0,0,0,0,0,0,2571

Main.js:462 367.812,215.838,145.5,145.5,-0.44,0.37,0,0,38,0,0,0,0,0,0,0,266.264,308.284,-1.858,1.673,0,0,0,0,0,0,0,0,159.773,351.225,357,127.5,0.881,-0.25,0.05,-0.003,47,451,333,2.5,0,0,0,0,0,0,0,0,0,2592

Main.js:462 367.394,216.189,145.5,145.5,-0.418,0.351,0,0,37,0,0,0,0,0,0,0,264.406,309.956,-1.858,1.673,0,0,0,0,0,0,0,0,160.657,350.985,357,126,0.884,-0.24,0.05,-0.003,46,453.5,333,2.5,0,0,0,0,0,0,0,0,0,2605

Main.js:462 366.997,216.523,145.5,145.5,-0.397,0.334,0,0,36,0,0,0,0,1,0,0,262.548,311.629,-1.858,1.673,0,0,0,0,0,0,0,0,161.545,350.755,357,124.5,0.888,-0.23,0.05,-0.003,45,456,333,2.5,0,0,0,0,0,0,0,0,0,2622

Main.js:462 366.619,216.84,145.5,145.5,-0.377,0.317,0,0,35,0,0,0,0,1,0,0,260.69,313.302,-1.858,1.673,0,0,0,0,0,0,0,0,162.436,350.533,357,123,0.891,-0.221,0.05,-0.003,44,458.5,333,2.5,0,0,0,0,0,0,0,0,0,2637

Main.js:462 366.261,217.141,145.5,145.5,-0.359,0.301,0,0,34,0,0,0,0,1,0,0,258.833,314.975,-1.858,1.673,0,0,0,0,0,0,0,0,163.329,350.32,357,121.5,0.894,-0.213,0.05,-0.003,43,461,333,2.5,0,0,0,0,0,0,0,0,0,2656

Main.js:462 365.92,217.427,145.5,145.5,-0.341,0.286,0,0,33,0,0,0,0,1,0,0,256.975,316.648,-1.858,1.673,0,0,0,0,0,0,0,0,164.226,350.116,357,120,0.896,-0.205,0.05,-0.003,42,463.5,333,2.5,0,0,0,0,0,0,0,0,0,2672

Main.js:462 365.597,217.698,145.5,145.5,-0.324,0.272,0,0,32,0,0,0,0,1,0,0,255.117,318.321,-1.858,1.673,0,0,0,0,0,0,0,0,165.125,349.919,357,118.5,0.899,-0.197,0.05,-0.003,41,466,333,2.5,0,0,0,0,0,0,0,0,0,2689

Main.js:462 365.289,217.956,145.5,145.5,-0.307,0.258,0,0,31,0,0,0,0,1,0,0,253.259,319.993,-1.858,1.673,0,0,0,0,0,0,0,0,166.026,349.729,357,117,0.901,-0.19,0.05,-0.003,40,468.5,333,2.5,0,0,0,0,0,0,0,0,0,2705

Main.js:462 364.997,218.202,145.5,145.5,-0.292,0.245,0,0,30,0,0,0,0,0,0,0,251.401,321.666,-1.858,1.673,0,0,0,0,0,0,0,0,166.93,349.547,357,115.5,0.904,-0.183,0.05,-0.003,39,471,333,2.5,0,0,0,0,0,0,0,0,0,2722

Main.js:462 364.72,218.434,145.5,145.5,-0.277,0.233,0,0,29,0,0,0,0,0,0,0,249.543,323.339,-1.858,1.673,0,0,0,0,0,0,0,0,167.836,349.371,357,114,0.906,-0.176,0.05,-0.003,38,473.5,333,2.5,0,0,0,0,0,0,0,0,0,2738

Main.js:462 364.456,218.656,145.5,145.5,-0.264,0.221,0,0,28,0,0,0,0,0,0,0,247.685,325.012,-1.858,1.673,0,0,0,0,0,0,0,0,168.744,349.201,357,112.5,0.908,-0.17,0.05,-0.003,37,476,333,2.5,0,0,0,0,0,0,0,0,0,2755

Main.js:462 364.206,218.866,145.5,145.5,-0.25,0.21,0,0,27,0,0,0,0,0,0,0,245.828,326.685,-1.858,1.673,0,0,0,0,0,0,0,0,169.654,349.037,357,111,0.91,-0.164,0.05,-0.003,36,478.5,333,2.5,0,0,0,0,0,0,0,0,0,2772

Main.js:462 363.968,219.066,145.5,145.5,-0.238,0.2,0,0,26,0,0,0,0,0,0,0,243.97,328.358,-1.858,1.673,0,0,0,0,0,0,0,0,170.567,348.879,357,109.5,0.912,-0.158,0.05,-0.003,35,481,333,2.5,0,0,0,0,0,0,0,0,0,2788

Main.js:462 363.742,219.255,145.5,145.5,-0.226,0.19,0,0,25,0,0,0,0,0,0,0,242.112,330.03,-1.858,1.673,0,0,0,0,0,0,0,0,171.481,348.727,357,108,0.914,-0.153,0.05,-0.003,34,483.5,333,2.5,0,0,0,0,0,0,0,0,0,2805

Main.js:462 363.527,219.436,145.5,145.5,-0.215,0.18,0,0,24,0,0,0,0,1,0,0,240.254,331.703,-1.858,1.673,0,0,0,0,0,0,0,0,172.396,348.58,357,106.5,0.916,-0.147,0.05,-0.003,33,486,333,2.5,0,0,0,0,0,0,0,0,0,2821

Main.js:462 363.323,219.607,145.5,145.5,-0.204,0.171,0,0,23,0,0,0,0,1,0,0,238.396,333.376,-1.858,1.673,0,0,0,0,0,0,0,0,173.314,348.437,357,105,0.917,-0.143,0.05,-0.003,32,488.5,333,2.5,0,0,0,0,0,0,0,0,0,2838

Main.js:462 363.13,219.769,145.5,145.5,-0.194,0.163,0,0,22,0,0,0,0,1,0,0,236.538,335.049,-1.858,1.673,0,0,0,0,0,0,0,0,174.233,348.299,357,103.5,0.919,-0.138,0.05,-0.003,31,491,333,2.5,0,0,0,0,0,0,0,0,0,2856

Main.js:462 362.946,219.924,145.5,145.5,-0.184,0.155,0,0,21,0,0,0,0,1,0,0,234.68,336.722,-1.858,1.673,0,0,0,0,0,0,0,0,175.153,348.166,357,102,0.92,-0.133,0.05,-0.003,30,493.5,333,2.5,0,0,0,0,0,0,0,0,0,2870

Main.js:462 362.771,220.071,145.5,145.5,-0.175,0.147,0,0,20,0,0,0,0,1,0,0,232.823,338.394,-1.858,1.673,0,0,0,0,0,0,0,0,176.075,348.036,357,100.5,0.922,-0.129,0.05,-0.003,29,496,333,2.5,0,0,0,0,0,0,0,0,0,2887

Main.js:462 362.605,220.21,145.5,145.5,-0.166,0.139,0,0,19,0,0,0,0,0,0,0,230.965,340.067,-1.858,1.673,0,0,0,0,0,0,0,0,176.998,347.911,357,99,0.923,-0.125,0.05,-0.003,28,498.5,333,2.5,0,0,0,0,0,0,0,0,0,2905

Main.js:462 362.447,220.343,145.5,145.5,-0.158,0.132,0,0,18,0,0,0,0,0,0,0,230.965,340.067,-1.858,1.673,0,0,0,0,0,0,0,0,177.922,347.79,357,97.5,0.924,-0.122,0.05,-0.003,27,0,0,0,0,0,0,0,0,0,0,0,0,2920

Main.js:462 362.297,220.468,145.5,145.5,-0.15,0.126,0,0,17,0,0,0,0,0,0,0,229.107,341.74,-1.858,1.673,0,0,0,0,0,0,0,0,178.848,347.672,357,96,0.926,-0.118,0.05,-0.003,26,0,0,0,0,0,0,0,0,0,0,0,0,2938

Main.js:462 362.155,220.588,145.5,145.5,-0.142,0.12,0,0,16,0,0,0,0,0,0,0,227.249,343.413,-1.858,1.673,0,0,0,0,0,0,0,0,179.775,347.557,357,94.5,0.927,-0.115,0.05,-0.003,25,0,0,0,0,0,0,0,0,0,0,0,0,2954

Main.js:462 362.019,220.702,145.5,145.5,-0.135,0.114,0,0,15,0,0,0,0,0,0,0,225.391,345.086,-1.858,1.673,0,0,0,0,0,0,0,0,180.703,347.446,357,93,0.928,-0.111,0.05,-0.003,24,0,0,0,0,0,0,0,0,0,0,0,0,2971

Main.js:462 361.891,220.81,145.5,145.5,-0.129,0.108,0,0,14,0,0,0,0,0,0,0,223.533,346.759,-1.858,1.673,0,0,0,0,0,0,0,0,181.632,347.338,357,91.5,0.929,-0.108,0.05,-0.003,23,0,0,0,0,0,0,0,0,0,0,0,0,2989

Main.js:462 361.769,220.912,145.5,145.5,-0.122,0.103,0,0,13,0,0,0,0,1,0,0,221.675,348.431,-1.858,1.673,0,0,0,0,0,0,0,0,182.562,347.232,357,90,0.93,-0.105,0.05,-0.003,22,0,0,0,0,0,0,0,0,0,0,0,0,3005

Main.js:462 361.653,221.009,145.5,145.5,-0.116,0.097,0,0,12,0,0,0,0,1,0,0,219.818,350.104,-1.858,1.673,0,0,0,0,0,0,0,0,183.492,347.129,355.5,87,0.931,-0.104,0.05,-0.004,21,0,0,0,0,0,0,0,0,0,0,0,0,3022

Main.js:462 361.542,221.102,145.5,145.5,-0.11,0.093,0,0,11,0,0,0,0,1,0,0,217.96,351.777,-1.858,1.673,0,0,0,0,0,0,0,0,184.424,347.025,354,84,0.931,-0.104,0.05,-0.005,20,0,0,0,0,0,0,0,0,0,0,0,0,3039

Main.js:462 361.438,221.19,145.5,145.5,-0.105,0.088,0,0,10,0,0,0,0,1,0,0,216.102,353.45,-1.858,1.673,0,0,0,0,0,0,0,0,185.356,346.921,352.5,81,0.932,-0.105,0.05,-0.007,19,0,0,0,0,0,0,0,0,0,0,0,0,3055

Main.js:462 361.338,221.273,145.5,145.5,-0.099,0.083,0,0,9,0,0,0,0,1,0,0,214.244,355.123,-1.858,1.673,0,0,0,0,0,0,0,0,186.288,346.814,351,78,0.932,-0.107,0.049,-0.008,18,0,0,0,0,0,0,0,0,0,0,0,0,3073

Main.js:462 361.244,221.353,145.5,145.5,-0.094,0.079,0,0,8,0,0,0,0,1,0,0,212.386,356.796,-1.858,1.673,0,0,0,0,0,0,0,0,187.221,346.704,349.5,75,0.932,-0.11,0.049,-0.009,17,0,0,0,0,0,0,0,0,0,0,0,0,3088

Main.js:462 361.154,221.428,145.5,145.5,-0.09,0.075,0,0,7,0,0,0,0,0,0,0,210.528,358.468,-1.858,1.673,0,0,0,0,0,0,0,0,188.153,346.589,348,72,0.932,-0.114,0.049,-0.01,16,0,0,0,0,0,0,0,0,0,0,0,0,3105

Main.js:462 361.069,221.5,145.5,145.5,-0.085,0.072,0,0,6,0,0,0,0,0,0,0,208.67,360.141,-1.858,1.673,0,0,0,0,0,0,0,0,189.085,346.47,346.5,69,0.932,-0.12,0.049,-0.012,15,0,0,0,0,0,0,0,0,0,0,0,0,3122

Main.js:462 360.988,221.568,145.5,145.5,-0.081,0.068,0,0,5,0,0,0,0,0,0,0,206.812,361.814,-1.858,1.673,0,0,0,0,0,0,0,0,190.016,346.344,345,66,0.931,-0.126,0.048,-0.013,14,0,0,0,0,0,0,0,0,0,0,0,0,3138

Main.js:462 360.911,221.632,145.5,145.5,-0.077,0.065,0,0,4,0,0,0,0,0,0,0,206.812,361.814,-1.858,1.673,0,0,0,0,0,0,0,0,190.946,346.21,343.5,63,0.93,-0.133,0.048,-0.014,13,0,0,0,0,0,0,0,0,0,0,0,0,3156

