Main.js:143 myTank.x,myTank.y,myTank.rotation,myTank.cannonRotation,myTank.velocityX,myTank.velocityY,myTank.accelerationX,myTank.accelerationY,myTank.shootCooldown,myTank.controls.turnLeft,myTank.controls.turnRight,myTank.controls.goForward,myTank.controls.goBack,myTank.controls.shoot,myTank.controls.cannonLeft,myTank.controls.cannonRight,myBullet1.x,myBullet1.y,myBullet1.velocityX,myBullet1.velocityY,myBullet2.x,myBullet2.y,myBullet2.velocityX,myBullet2.velocityY,myBullet3.x,myBullet3.y,myBullet3.velocityX,myBullet3.velocityY,enemyTank.x,enemyTank.y,enemyTank.rotation,enemyTank.cannonRotation,enemyTank.velocityX,enemyTank.velocityY,enemyTank.accelerationX,enemyTank.accelerationY,enemyTank.shootCooldown,enemyBullet1.x,enemyBullet1.y,enemyBullet1.velocityX,enemyBullet1.velocityY,enemyBullet2.x,enemyBullet2.y,enemyBullet2.velocityX,enemyBullet2.velocityY,enemyBullet3.x,enemyBullet3.y,enemyBullet3.velocityX,enemyBullet3.velocityY,currentGameTime
Main.js:462 450,167,180,180,0,0,0,0,0,0,0,0,0,0,0,0,0,0,0,0,0,0,0,0,0,0,0,0,50,333,0,0,0,0,0,0,0,0,0,0,0,0,0,0,0,0,0,0,0,7

Main.js:462 450,167,180,180,0,0,0,0,0,0,0,0,0,0,0,0,0,0,0,0,0,0,0,0,0,0,0,0,50,333,0,0,0,0,0,0,0,0,0,0,0,0,0,0,0,0,0,0,0,22

Main.js:462 450,167,180,180,0,0,0,0,0,0,0,0,0,0,0,0,0,0,0,0,0,0,0,0,0,0,0,0,50,333,0,0,0,0,0,0,0,0,0,0,0,0,0,0,0,0,0,0,0,39

Main.js:462 450,167,180,180,0,0,0,0,0,0,0,0,0,0,0,0,0,0,0,0,0,0,0,0,0,0,0,0,50.047,333.001,1.5,0,0.047,0.001,0.05,0.001,99,0,0,0,0,0,0,0,0,0,0,0,0,56

Main.js:462 450,167,180,180,0,0,0,0,0,0,0,0,0,0,0,0,0,0,0,0,0,0,0,0,0,0,0,0,50.14,333.005,3,0,0.093,0.004,0.05,0.003,98,73.5,333,2.5,0,0,0,0,0,0,0,0,0,72

Main.js:462 450,167,180,180,0,0,0,0,0,0,0,0,0,0,0,0,0,0,0,0,0,0,0,0,0,0,0,0,50.275,333.012,4.5,0,0.135,0.007,0.05,0.004,97,76,333,2.5,0,0,0,0,0,0,0,0,0,87

Main.js:462 450,167,180,180,0,0,0,0,0,0,0,0,0,0,0,0,0,0,0,0,0,0,0,0,0,0,0,0,50.451,333.024,6,0,0.176,0.012,0.05,0.005,96,78.5,333,2.5,0,0,0,0,0,0,0,0,0,105

Main.js:462 450,167,180,180,0,0,0,0,0,0,0,0,0,0,0,0,0,0,0,0,0,0,0,0,0,0,0,0,50.665,333.041,7.5,0,0.214,0.017,0.05,0.007,95,81,333,2.5,0,0,0,0,0,0,0,0,0,121

Main.js:462 450,167,180,180,0,0,0,0,0,0,0,0,0,0,0,0,0,0,0,0,0,0,0,0,0,0,0,0,50.915,333.065,9,0,0.25,0.024,0.049,0.008,94,83.5,333,2.5,0,0,0,0,0,0,0,0,0,138

Main.js:462 449.953,167,180,180,-0.047,0,-0.05,0,0,0,0,1,0,0,0,0,0,0,0,0,0,0,0,0,0,0,0,0,51.2,333.097,10.5,0,0.284,0.031,0.049,0.009,93,86,333,2.5,0,0,0,0,0,0,0,0,0,155

Main.js:462 449.86,167,180,180,-0.093,0,-0.05,0,0,0,0,1,0,0,0,0,0,0,0,0,0,0,0,0,0,0,0,0,51.517,333.137,12,0,0.317,0.04,0.049,0.01,92,88.5,333,2.5,0,0,0,0,0,0,0,0,0,172

Main.js:462 449.724,167,180,180,-0.135,0,-0.05,0,0,0,0,1,0,0,0,0,0,0,0,0,0,0,0,0,0,0,0,0,51.864,333.185,13.5,0,0.347,0.049,0.049,0.012,91,91,333,2.5,0,0,0,0,0,0,0,0,0,188

Main.js:462 449.548,167,180,180,-0.176,0,-0.05,0,0,0,0,1,0,0,0,0,0,0,0,0,0,0,0,0,0,0,0,0,52.239,333.244,15,0,0.376,0.059,0.048,0.013,90,93.5,333,2.5,0,0,0,0,0,0,0,0,0,206

Main.js:462 449.333,167,180,180,-0.215,0,-0.05,0,0,0,0,1,0,0,0,0,0,0,0,0,0,0,0,0,0,0,0,0,52.641,333.313,16.5,0,0.402,0.069,0.048,0.014,89,96,333,2.5,0,0,0,0,0,0,0,0,0,222

Main.js:462 449.082,167,180,180,-0.252,0,-0.05,0,0,0,0,1,0,0,0,0,0,0,0,0,0,0,0,0,0,0,0,0,53.069,333.394,18,0,0.427,0.08,0.048,0.015,88,98.5,333,2.5,0,0,0,0,0,0,0,0,0,237

Main.js:462 448.795,167,180,180,-0.287,0,-0.05,0,0,0,0,1,0,0,0,0,0,0,0,0,0,0,0,0,0,0,0,0,53.52,333.486,19.5,0,0.451,0.092,0.047,0.017,87,101,333,2.5,0,0,0,0,0,0,0,0,0,254

Main.js:462 448.475,167,180,180,-0.32,0,-0.05,0,0,0,0,1,0,0,0,0,0,0,0,0,0,0,0,0,0,0,0,0,53.992,333.591,21,0,0.473,0.105,0.047,0.018,86,103.5,333,2.5,0,0,0,0,0,0,0,0,0,271

Main.js:462 448.124,167,180,180,-0.351,0,-0.05,0,0,0,0,1,0,0,0,0,0,0,0,0,0,0,0,0,0,0,0,0,54.485,333.708,22.5,0,0.493,0.118,0.046,0.019,85,106,333,2.5,0,0,0,0,0,0,0,0,0,288

Main.js:462 447.743,167,180,180,-0.381,0,-0.05,0,0,0,0,1,0,0,0,0,0,0,0,0,0,0,0,0,0,0,0,0,54.997,333.84,24,0,0.512,0.131,0.046,0.02,84,108.5,333,2.5,0,0,0,0,0,0,0,0,0,306

Main.js:462 447.333,167,180,180,-0.41,0,-0.05,0,0,0,0,1,0,0,0,0,0,0,0,0,0,0,0,0,0,0,0,0,55.526,333.985,25.5,0,0.529,0.145,0.045,0.022,83,111,333,2.5,0,0,0,0,0,0,0,0,0,322

Main.js:462 446.897,167.001,178.5,178.5,-0.437,0.001,-0.05,0.001,0,1,0,1,0,0,0,0,0,0,0,0,0,0,0,0,0,0,0,0,56.07,334.144,27,0,0.545,0.159,0.045,0.023,82,113.5,333,2.5,0,0,0,0,0,0,0,0,0,339

Main.js:462 446.434,167.005,177,177,-0.462,0.004,-0.05,0.003,0,1,0,1,0,0,0,0,0,0,0,0,0,0,0,0,0,0,0,0,56.63,334.318,28.5,0,0.559,0.174,0.044,0.024,81,116,333,2.5,0,0,0,0,0,0,0,0,0,355

Main.js:462 445.948,167.012,175.5,175.5,-0.486,0.007,-0.05,0.004,0,1,0,1,0,0,0,0,0,0,0,0,0,0,0,0,0,0,0,0,57.202,334.507,30,0,0.572,0.189,0.043,0.025,80,118.5,333,2.5,0,0,0,0,0,0,0,0,0,372

Main.js:462 445.438,167.024,174,174,-0.509,0.012,-0.05,0.005,0,1,0,1,0,0,0,0,0,0,0,0,0,0,0,0,0,0,0,0,57.787,334.711,31.5,0,0.584,0.204,0.043,0.026,79,121,333,2.5,0,0,0,0,0,0,0,0,0,389

Main.js:462 444.907,167.041,172.5,172.5,-0.531,0.017,-0.05,0.007,0,1,0,1,0,0,0,0,0,0,0,0,0,0,0,0,0,0,0,0,58.382,334.931,33,0,0.595,0.22,0.042,0.027,78,123.5,333,2.5,0,0,0,0,0,0,0,0,0,405

Main.js:462 444.356,167.065,171,171,-0.551,0.024,-0.049,0.008,0,1,0,1,0,0,0,0,0,0,0,0,0,0,0,0,0,0,0,0,58.986,335.167,34.5,0,0.604,0.236,0.041,0.028,77,126,333,2.5,0,0,0,0,0,0,0,0,0,421

Main.js:462 443.785,167.097,169.5,169.5,-0.571,0.031,-0.049,0.009,0,1,0,1,0,0,0,0,0,0,0,0,0,0,0,0,0,0,0,0,59.598,335.419,36,0,0.613,0.252,0.04,0.029,76,128.5,333,2.5,0,0,0,0,0,0,0,0,0,437

Main.js:462 443.197,167.137,168,168,-0.588,0.04,-0.049,0.01,0,1,0,1,0,0,0,0,0,0,0,0,0,0,0,0,0,0,0,0,60.218,335.688,37.5,0,0.62,0.268,0.04,0.03,75,131,333,2.5,0,0,0,0,0,0,0,0,0,455

Main.js:462 442.592,167.185,166.5,166.5,-0.605,0.049,-0.049,0.012,0,1,0,1,0,0,0,0,0,0,0,0,0,0,0,0,0,0,0,0,60.844,335.973,39,0,0.626,0.285,0.039,0.031,74,133.5,333,2.5,0,0,0,0,0,0,0,0,0,473

Main.js:462 441.971,167.244,165,165,-0.621,0.059,-0.048,0.013,0,1,0,1,0,0,0,0,0,0,0,0,0,0,0,0,0,0,0,0,61.474,336.274,40.5,0,0.63,0.301,0.038,0.032,73,136,333,2.5,0,0,0,0,0,0,0,0,0,488

Main.js:462 441.335,167.312,165,165,-0.636,0.068,-0.048,0.013,0,0,0,1,0,0,0,0,0,0,0,0,0,0,0,0,0,0,0,0,62.108,336.592,42,0,0.634,0.318,0.037,0.033,72,138.5,333,2.5,0,0,0,0,0,0,0,0,0,504

Main.js:462 440.685,167.389,165,165,-0.65,0.077,-0.048,0.013,0,0,0,1,0,0,0,0,0,0,0,0,0,0,0,0,0,0,0,0,62.746,336.926,42,358.5,0.638,0.334,0.037,0.033,71,141,333,2.5,0,0,0,0,0,0,0,0,0,522

Main.js:462 440.022,167.474,165,165,-0.663,0.085,-0.048,0.013,0,0,0,1,0,0,0,0,0,0,0,0,0,0,0,0,0,0,0,0,63.387,337.276,42,357,0.641,0.349,0.037,0.033,70,143.5,333,2.5,0,0,0,0,0,0,0,0,0,538

Main.js:462 439.346,167.568,165,165,-0.676,0.093,-0.048,0.013,0,0,0,1,0,0,0,0,0,0,0,0,0,0,0,0,0,0,0,0,64.032,337.639,42,355.5,0.644,0.363,0.037,0.033,69,146,333,2.5,0,0,0,0,0,0,0,0,0,555

Main.js:462 438.658,167.669,165,165,-0.688,0.101,-0.048,0.013,0,0,0,1,0,0,0,0,0,0,0,0,0,0,0,0,0,0,0,0,64.679,338.016,42,354,0.647,0.377,0.037,0.033,68,148.5,333,2.5,0,0,0,0,0,0,0,0,0,572

Main.js:462 437.959,167.777,165,165,-0.699,0.108,-0.048,0.013,0,0,0,1,0,0,0,0,0,0,0,0,0,0,0,0,0,0,0,0,65.329,338.406,42,352.5,0.65,0.39,0.037,0.033,67,151,333,2.5,0,0,0,0,0,0,0,0,0,588

Main.js:462 437.249,167.894,163.5,163.5,-0.71,0.116,-0.048,0.014,0,1,0,1,0,0,0,0,0,0,0,0,0,0,0,0,0,0,0,0,65.983,338.808,42,351,0.653,0.402,0.037,0.033,66,153.5,333,2.5,0,0,0,0,0,0,0,0,0,604

Main.js:462 436.529,168.019,162,162,-0.72,0.125,-0.048,0.015,0,1,0,1,0,0,0,0,0,0,0,0,0,0,0,0,0,0,0,0,66.639,339.222,42,349.5,0.656,0.414,0.037,0.033,65,156,333,2.5,0,0,0,0,0,0,0,0,0,623

Main.js:462 435.801,168.154,160.5,160.5,-0.728,0.135,-0.047,0.017,0,1,0,1,0,0,0,0,0,0,0,0,0,0,0,0,0,0,0,0,67.297,339.647,42,348,0.658,0.425,0.037,0.033,64,158.5,333,2.5,0,0,0,0,0,0,0,0,0,638

Main.js:462 435.064,168.299,159,159,-0.736,0.145,-0.047,0.018,0,1,0,1,0,0,0,0,0,0,0,0,0,0,0,0,0,0,0,0,67.958,340.083,42,346.5,0.661,0.436,0.037,0.033,63,161,333,2.5,0,0,0,0,0,0,0,0,0,654

Main.js:462 434.321,168.455,157.5,157.5,-0.743,0.156,-0.046,0.019,0,1,0,1,0,0,0,0,0,0,0,0,0,0,0,0,0,0,0,0,68.621,340.529,42,345,0.663,0.446,0.037,0.033,62,163.5,333,2.5,0,0,0,0,0,0,0,0,0,673

Main.js:462 433.571,168.622,156,156,-0.75,0.168,-0.046,0.02,0,1,0,1,0,0,0,0,0,0,0,0,0,0,0,0,0,0,0,0,69.286,340.984,42,343.5,0.665,0.455,0.037,0.033,61,166,333,2.5,0,0,0,0,0,0,0,0,0,687

Main.js:462 432.816,168.802,154.5,154.5,-0.755,0.18,-0.045,0.022,0,1,0,1,0,0,0,0,0,0,0,0,0,0,0,0,0,0,0,0,69.953,341.448,42,342,0.667,0.464,0.037,0.033,60,168.5,333,2.5,0,0,0,0,0,0,0,0,0,704

Main.js:462 432.056,168.994,153,153,-0.76,0.192,-0.045,0.023,0,1,0,1,0,0,0,0,0,0,0,0,0,0,0,0,0,0,0,0,70.622,341.92,42,340.5,0.669,0.473,0.037,0.033,59,171,333,2.5,0,0,0,0,0,0,0,0,0,721

Main.js:462 431.293,169.199,151.5,151.5,-0.763,0.205,-0.044,0.024,0,1,0,1,0,0,0,0,0,0,0,0,0,0,0,0,0,0,0,0,71.293,342.401,42,339,0.671,0.481,0.037,0.033,58,173.5,333,2.5,0,0,0,0,0,0,0,0,0,739

Main.js:462 430.527,169.418,150,150,-0.766,0.219,-0.043,0.025,0,1,0,1,0,0,0,0,0,0,0,0,0,0,0,0,0,0,0,0,71.966,342.89,42,337.5,0.673,0.489,0.037,0.033,57,176,333,2.5,0,0,0,0,0,0,0,0,0,755

Main.js:462 429.758,169.651,148.5,148.5,-0.769,0.233,-0.043,0.026,0,1,0,1,0,0,0,0,0,0,0,0,0,0,0,0,0,0,0,0,72.64,343.386,42,336,0.674,0.496,0.037,0.033,56,178.5,333,2.5,0,0,0,0,0,0,0,0,0,771

Main.js:462 428.988,169.898,147,147,-0.77,0.247,-0.042,0.027,0,1,0,1,0,0,0,0,0,0,0,0,0,0,0,0,0,0,0,0,73.316,343.889,42,334.5,0.676,0.503,0.037,0.033,55,181,333,2.5,0,0,0,0,0,0,0,0,0,788

Main.js:462 428.217,170.159,145.5,145.5,-0.771,0.261,-0.041,0.028,0,1,0,1,0,0,0,0,0,0,0,0,0,0,0,0,0,0,0,0,73.994,344.398,42,333,0.677,0.51,0.037,0.033,54,183.5,333,2.5,0,0,0,0,0,0,0,0,0,805

Main.js:462 427.447,170.435,144,144,-0.771,0.276,-0.04,0.029,0,1,0,1,0,0,0,0,0,0,0,0,0,0,0,0,0,0,0,0,74.672,344.914,42,331.5,0.679,0.516,0.037,0.033,53,186,333,2.5,0,0,0,0,0,0,0,0,0,822

Main.js:462 426.677,170.727,142.5,142.5,-0.77,0.291,-0.04,0.03,0,1,0,1,0,0,0,0,0,0,0,0,0,0,0,0,0,0,0,0,75.353,345.436,42,330,0.68,0.522,0.037,0.033,52,188.5,333,2.5,0,0,0,0,0,0,0,0,0,839

Main.js:462 425.909,171.033,141,141,-0.768,0.307,-0.039,0.031,0,1,0,1,0,0,0,0,0,0,0,0,0,0,0,0,0,0,0,0,76.034,345.964,42,328.5,0.682,0.528,0.037,0.033,51,191,333,2.5,0,0,0,0,0,0,0,0,0,854

Main.js:462 425.143,171.356,139.5,139.5,-0.766,0.322,-0.038,0.032,0,1,0,1,0,0,0,0,0,0,0,0,0,0,0,0,0,0,0,0,76.717,346.497,42,327,0.683,0.533,0.037,0.033,50,193.5,333,2.5,0,0,0,0,0,0,0,0,0,873

Main.js:462 424.38,171.693,138,138,-0.763,0.338,-0.037,0.033,0,1,0,1,0,0,0,0,0,0,0,0,0,0,0,0,0,0,0,0,77.401,347.035,42,325.5,0.684,0.538,0.037,0.033,49,196,333,2.5,0,0,0,0,0,0,0,0,0,887

Main.js:462 423.62,172.046,138,138,-0.76,0.353,-0.037,0.033,0,0,0,1,0,0,0,0,0,0,0,0,0,0,0,0,0,0,0,0,78.086,347.578,42,324,0.685,0.543,0.037,0.033,48,198.5,333,2.5,0,0,0,0,0,0,0,0,0,904

Main.js:462 422.863,172.413,138,138,-0.757,0.367,-0.037,0.033,0,0,0,1,0,0,0,0,0,0,0,0,0,0,0,0,0,0,0,0,78.772,348.125,42,322.5,0.686,0.548,0.037,0.033,47,201,333,2.5,0,0,0,0,0,0,0,0,0,922

Main.js:462 422.108,172.793,138,138,-0.755,0.38,-0.037,0.033,0,0,0,1,0,0,0,0,0,0,0,0,0,0,0,0,0,0,0,0,79.459,348.677,42,321,0.687,0.552,0.037,0.033,46,203.5,333,2.5,0,0,0,0,0,0,0,0,0,938

Main.js:462 421.356,173.187,138,138,-0.752,0.393,-0.037,0.033,0,0,0,1,0,0,0,0,0,0,0,0,0,0,0,0,0,0,0,0,80.147,349.233,42,319.5,0.688,0.556,0.037,0.033,45,206,333,2.5,0,0,0,0,0,0,0,0,0,956

Main.js:462 420.606,173.592,138,138,-0.75,0.405,-0.037,0.033,0,0,0,1,0,0,0,0,0,0,0,0,0,0,0,0,0,0,0,0,80.836,349.794,42,318,0.689,0.56,0.037,0.033,44,208.5,333,2.5,0,0,0,0,0,0,0,0,0,972

Main.js:462 419.858,174.009,138,138,-0.748,0.417,-0.037,0.033,0,0,0,1,0,0,0,0,0,0,0,0,0,0,0,0,0,0,0,0,81.526,350.358,42,316.5,0.69,0.564,0.037,0.033,43,211,333,2.5,0,0,0,0,0,0,0,0,0,989

Main.js:462 419.113,174.436,138,138,-0.746,0.428,-0.037,0.033,0,0,0,1,0,0,0,0,0,0,0,0,0,0,0,0,0,0,0,0,82.216,350.925,42,315,0.691,0.568,0.037,0.033,42,213.5,333,2.5,0,0,0,0,0,0,0,0,0,1005

Main.js:462 418.369,174.874,138,138,-0.744,0.438,-0.037,0.033,0,0,0,1,0,0,0,0,0,0,0,0,0,0,0,0,0,0,0,0,82.908,351.495,40.5,312,0.692,0.57,0.038,0.032,41,216,333,2.5,0,0,0,0,0,0,0,0,0,1022

Main.js:462 417.627,175.322,138,138,-0.742,0.448,-0.037,0.033,0,0,0,1,0,0,0,0,0,0,0,0,0,0,0,0,0,0,0,0,83.603,352.066,39,309,0.694,0.571,0.039,0.031,40,218.5,333,2.5,0,0,0,0,0,0,0,0,0,1038

Main.js:462 416.887,175.78,138,138,-0.74,0.457,-0.037,0.033,0,0,0,1,0,0,0,0,0,0,0,0,0,0,0,0,0,0,0,0,84.3,352.638,37.5,306,0.697,0.572,0.04,0.03,39,221,333,2.5,0,0,0,0,0,0,0,0,0,1055

Main.js:462 416.149,176.246,138,138,-0.738,0.466,-0.037,0.033,0,0,0,1,0,0,0,0,0,0,0,0,0,0,0,0,0,0,0,0,85.001,353.209,36,303,0.701,0.571,0.04,0.029,38,223.5,333,2.5,0,0,0,0,0,0,0,0,0,1072

Main.js:462 415.412,176.721,138,138,-0.737,0.475,-0.037,0.033,0,0,0,1,0,0,0,0,0,0,0,0,0,0,0,0,0,0,0,0,85.706,353.779,34.5,300,0.705,0.569,0.041,0.028,37,226,333,2.5,0,0,0,0,0,0,0,0,0,1089

Main.js:462 414.677,177.204,138,138,-0.735,0.483,-0.037,0.033,0,0,0,1,0,0,0,0,0,0,0,0,0,0,0,0,0,0,0,0,86.416,354.346,33,297,0.71,0.567,0.042,0.027,36,228.5,333,2.5,0,0,0,0,0,0,0,0,0,1105

Main.js:462 413.943,177.694,138,138,-0.734,0.49,-0.037,0.033,0,0,0,1,0,0,0,0,0,0,0,0,0,0,0,0,0,0,0,0,87.131,354.909,31.5,294,0.715,0.563,0.043,0.026,35,231,333,2.5,0,0,0,0,0,0,0,0,0,1122

Main.js:462 413.211,178.192,138,138,-0.732,0.498,-0.037,0.033,0,0,0,1,0,0,0,0,0,0,0,0,0,0,0,0,0,0,0,0,87.851,355.468,30,291,0.72,0.559,0.043,0.025,34,233.5,333,2.5,0,0,0,0,0,0,0,0,0,1139

Main.js:462 412.48,178.696,138,138,-0.731,0.505,-0.037,0.033,0,0,0,1,0,0,0,0,0,0,0,0,0,0,0,0,0,0,0,0,88.577,356.021,28.5,288,0.726,0.554,0.044,0.024,33,236,333,2.5,0,0,0,0,0,0,0,0,0,1155

Main.js:462 411.75,179.208,138,138,-0.73,0.511,-0.037,0.033,0,0,0,1,0,0,0,0,0,0,0,0,0,0,0,0,0,0,0,0,89.309,356.569,27,285,0.732,0.547,0.045,0.023,32,238.5,333,2.5,0,0,0,0,0,0,0,0,0,1173

Main.js:462 411.022,179.725,138,138,-0.729,0.517,-0.037,0.033,0,0,0,1,0,0,0,0,0,0,0,0,0,0,0,0,0,0,0,0,90.047,357.109,25.5,282,0.738,0.541,0.045,0.022,31,241,333,2.5,0,0,0,0,0,0,0,0,0,1190

Main.js:462 410.294,180.248,138,138,-0.727,0.523,-0.037,0.033,0,0,0,1,0,0,0,0,0,0,0,0,0,0,0,0,0,0,0,0,90.791,357.642,24,279,0.745,0.533,0.046,0.02,30,243.5,333,2.5,0,0,0,0,0,0,0,0,0,1205

Main.js:462 409.568,180.777,138,138,-0.726,0.529,-0.037,0.033,0,0,0,1,0,0,0,0,0,0,0,0,0,0,0,0,0,0,0,0,91.543,358.167,22.5,276,0.751,0.524,0.046,0.019,29,246,333,2.5,0,0,0,0,0,0,0,0,0,1222

Main.js:462 408.842,181.311,138,138,-0.725,0.534,-0.037,0.033,0,0,0,1,0,0,0,0,0,0,0,0,0,0,0,0,0,0,0,0,92.301,358.682,21,273,0.758,0.515,0.047,0.018,28,248.5,333,2.5,0,0,0,0,0,0,0,0,0,1239

Main.js:462 408.118,181.851,138,138,-0.724,0.539,-0.037,0.033,0,0,0,1,0,0,0,0,0,0,0,0,0,0,0,0,0,0,0,0,93.066,359.187,19.5,270,0.765,0.505,0.047,0.017,27,251,333,2.5,0,0,0,0,0,0,0,0,0,1255

Main.js:462 407.395,182.395,138,138,-0.723,0.544,-0.037,0.033,0,0,0,1,0,0,0,0,0,0,0,0,0,0,0,0,0,0,0,0,93.837,359.682,18,267,0.772,0.495,0.048,0.015,26,253.5,333,2.5,0,0,0,0,0,0,0,0,0,1272

Main.js:462 406.672,182.944,138,138,-0.723,0.549,-0.037,0.033,0,0,0,1,0,0,0,0,0,0,0,0,0,0,0,0,0,0,0,0,94.616,360.165,16.5,264,0.779,0.483,0.048,0.014,25,256,333,2.5,0,0,0,0,0,0,0,0,0,1288

Main.js:462 405.95,183.497,138,138,-0.722,0.553,-0.037,0.033,0,0,0,1,0,0,0,0,0,0,0,0,0,0,0,0,0,0,0,0,95.402,360.637,15,261,0.786,0.472,0.048,0.013,24,258.5,333,2.5,0,0,0,0,0,0,0,0,0,1304

Main.js:462 405.229,184.054,138,138,-0.721,0.557,-0.037,0.033,0,0,0,1,0,0,0,0,0,0,0,0,0,0,0,0,0,0,0,0,96.195,361.096,13.5,258,0.793,0.459,0.049,0.012,23,261,333,2.5,0,0,0,0,0,0,0,0,0,1320

Main.js:462 404.509,184.615,138,138,-0.72,0.561,-0.037,0.033,0,0,0,1,0,0,0,0,0,0,0,0,0,0,0,0,0,0,0,0,96.994,361.542,12,255,0.799,0.446,0.049,0.01,22,263.5,333,2.5,0,0,0,0,0,0,0,0,0,1338

Main.js:462 403.79,185.18,138,138,-0.72,0.565,-0.037,0.033,0,0,0,1,0,0,0,0,0,0,0,0,0,0,0,0,0,0,0,0,97.8,361.974,10.5,252,0.806,0.432,0.049,0.009,21,266,333,2.5,0,0,0,0,0,0,0,0,0,1355

Main.js:462 403.071,185.748,138,138,-0.719,0.568,-0.037,0.033,0,0,0,1,0,0,0,0,0,0,0,0,0,0,0,0,0,0,0,0,98.613,362.392,9,249,0.813,0.418,0.049,0.008,20,268.5,333,2.5,0,0,0,0,0,0,0,0,0,1371

Main.js:462 402.353,186.32,138,138,-0.718,0.572,-0.037,0.033,0,0,0,1,0,0,0,0,0,0,0,0,0,0,0,0,0,0,0,0,99.432,362.796,7.5,246,0.819,0.403,0.05,0.007,19,271,333,2.5,0,0,0,0,0,0,0,0,0,1389

Main.js:462 401.635,186.895,138,138,-0.718,0.575,-0.037,0.033,0,0,0,1,0,0,0,0,0,0,0,0,0,0,0,0,0,0,0,0,100.258,363.184,6,243,0.826,0.388,0.05,0.005,18,273.5,333,2.5,0,0,0,0,0,0,0,0,0,1405

Main.js:462 400.918,187.473,138,138,-0.717,0.578,-0.037,0.033,0,0,0,1,0,0,0,0,0,0,0,0,0,0,0,0,0,0,0,0,101.09,363.557,4.5,240,0.832,0.373,0.05,0.004,17,276,333,2.5,0,0,0,0,0,0,0,0,0,1422

Main.js:462 400.202,188.054,138,138,-0.716,0.581,-0.037,0.033,0,0,0,1,0,0,0,0,0,0,0,0,0,0,0,0,0,0,0,0,101.927,363.913,3,237,0.837,0.356,0.05,0.003,16,278.5,333,2.5,0,0,0,0,0,0,0,0,0,1439

Main.js:462 399.486,188.637,138,138,-0.716,0.584,-0.037,0.033,0,0,0,1,0,0,0,0,0,0,0,0,0,0,0,0,0,0,0,0,102.77,364.253,1.5,234,0.843,0.34,0.05,0.001,15,281,333,2.5,0,0,0,0,0,0,0,0,0,1456

Main.js:462 398.77,189.224,138,138,-0.715,0.586,-0.037,0.033,0,0,0,1,0,0,0,0,0,0,0,0,0,0,0,0,0,0,0,0,103.619,364.576,0,231,0.848,0.323,0.05,0,14,283.5,333,2.5,0,0,0,0,0,0,0,0,0,1471

Main.js:462 398.055,189.812,138,138,-0.715,0.589,-0.037,0.033,0,0,0,1,0,0,0,0,0,0,0,0,0,0,0,0,0,0,0,0,104.472,364.881,358.5,228,0.853,0.305,0.05,-0.001,13,286,333,2.5,0,0,0,0,0,0,0,0,0,1488

Main.js:462 397.341,190.403,138,138,-0.715,0.591,-0.037,0.033,0,0,0,1,0,0,0,0,0,0,0,0,0,0,0,0,0,0,0,0,105.33,365.169,357,225,0.858,0.288,0.05,-0.003,12,288.5,333,2.5,0,0,0,0,0,0,0,0,0,1504

Main.js:462 396.627,190.997,138,138,-0.714,0.593,-0.037,0.033,0,0,0,1,0,0,0,0,0,0,0,0,0,0,0,0,0,0,0,0,106.193,365.439,355.5,222,0.863,0.27,0.05,-0.004,11,291,333,2.5,0,0,0,0,0,0,0,0,0,1523

Main.js:462 395.913,191.592,138,138,-0.714,0.595,-0.037,0.033,0,0,0,1,0,0,0,0,0,0,0,0,0,0,0,0,0,0,0,0,107.06,365.69,354,219,0.867,0.251,0.05,-0.005,10,293.5,333,2.5,0,0,0,0,0,0,0,0,0,1538

Main.js:462 395.2,192.189,138,138,-0.713,0.597,-0.037,0.033,0,0,0,1,0,0,0,0,0,0,0,0,0,0,0,0,0,0,0,0,107.93,365.922,352.5,216,0.871,0.232,0.05,-0.007,9,296,333,2.5,0,0,0,0,0,0,0,0,0,1554

Main.js:462 394.487,192.789,138,138,-0.713,0.599,-0.037,0.033,99,0,0,1,0,1,0,0,0,0,0,0,0,0,0,0,0,0,0,0,108.804,366.136,351,213,0.874,0.213,0.049,-0.008,8,298.5,333,2.5,0,0,0,0,0,0,0,0,0,1572

Main.js:462 393.774,193.39,138,138,-0.713,0.601,-0.037,0.033,98,0,0,1,0,1,0,0,377.736,207.914,-1.858,1.673,0,0,0,0,0,0,0,0,109.681,366.33,349.5,210,0.877,0.194,0.049,-0.009,7,301,333,2.5,0,0,0,0,0,0,0,0,0,1588

Main.js:462 393.062,193.993,138,138,-0.712,0.603,-0.037,0.033,97,0,0,1,0,1,0,0,375.878,209.587,-1.858,1.673,0,0,0,0,0,0,0,0,110.561,366.504,348,207,0.88,0.174,0.049,-0.01,6,303.5,333,2.5,0,0,0,0,0,0,0,0,0,1606

Main.js:462 392.35,194.597,138,138,-0.712,0.605,-0.037,0.033,96,0,0,1,0,1,0,0,374.02,211.26,-1.858,1.673,0,0,0,0,0,0,0,0,111.443,366.659,346.5,204,0.882,0.155,0.049,-0.012,5,306,333,2.5,0,0,0,0,0,0,0,0,0,1620

Main.js:462 391.638,195.203,138,138,-0.712,0.606,-0.037,0.033,95,0,0,1,0,1,0,0,372.162,212.932,-1.858,1.673,0,0,0,0,0,0,0,0,112.326,366.793,345,201,0.884,0.135,0.048,-0.013,4,308.5,333,2.5,0,0,0,0,0,0,0,0,0,1638

Main.js:462 390.927,195.811,138,138,-0.711,0.608,-0.037,0.033,94,0,0,1,0,1,0,0,370.304,214.605,-1.858,1.673,0,0,0,0,0,0,0,0,113.211,366.908,343.5,198,0.885,0.114,0.048,-0.014,3,311,333,2.5,0,0,0,0,0,0,0,0,0,1655

Main.js:462 390.216,196.42,138,138,-0.711,0.609,-0.037,0.033,93,0,0,1,0,0,0,0,368.446,216.278,-1.858,1.673,0,0,0,0,0,0,0,0,114.097,367.002,342,195,0.886,0.094,0.048,-0.015,2,313.5,333,2.5,0,0,0,0,0,0,0,0,0,1672

Main.js:462 389.505,197.03,138,138,-0.711,0.61,-0.037,0.033,92,0,0,1,0,0,0,0,366.589,217.951,-1.858,1.673,0,0,0,0,0,0,0,0,114.983,367.075,340.5,192,0.886,0.073,0.047,-0.017,1,316,333,2.5,0,0,0,0,0,0,0,0,0,1688

Main.js:462 388.795,197.642,138,138,-0.711,0.612,-0.037,0.033,91,0,0,1,0,0,0,0,364.731,219.624,-1.858,1.673,0,0,0,0,0,0,0,0,115.87,367.128,339,189,0.886,0.053,0.047,-0.018,0,318.5,333,2.5,0,0,0,0,0,0,0,0,0,1705

Main.js:462 388.084,198.254,138,138,-0.71,0.613,-0.037,0.033,90,0,0,1,0,0,0,0,362.873,221.297,-1.858,1.673,0,0,0,0,0,0,0,0,116.756,367.16,337.5,186,0.886,0.032,0.046,-0.019,99,321,333,2.5,0,0,0,0,0,0,0,0,0,1722

Main.js:462 387.409,198.837,138,138,-0.675,0.582,0,0,89,0,0,0,0,0,0,0,361.015,222.969,-1.858,1.673,0,0,0,0,0,0,0,0,117.641,367.171,336,183,0.885,0.011,0.046,-0.02,98,323.5,333,2.5,0,92.498,364.672,-2.486,-0.261,0,0,0,0,1738

Main.js:462 386.768,199.39,138,138,-0.641,0.553,0,0,88,0,0,0,0,0,0,0,359.157,224.642,-1.858,1.673,0,0,0,0,0,0,0,0,118.524,367.161,334.5,180,0.884,-0.01,0.045,-0.022,97,326,333,2.5,0,90.012,364.41,-2.486,-0.261,0,0,0,0,1755

Main.js:462 386.159,199.915,138,138,-0.609,0.525,0,0,87,0,0,0,0,0,0,0,357.299,226.315,-1.858,1.673,0,0,0,0,0,0,0,0,119.406,367.13,333,177,0.882,-0.031,0.045,-0.023,96,328.5,333,2.5,0,87.526,364.149,-2.486,-0.261,0,0,0,0,1771

Main.js:462 385.581,200.414,138,138,-0.579,0.499,0,0,86,0,0,0,0,0,0,0,355.441,227.988,-1.858,1.673,0,0,0,0,0,0,0,0,120.286,367.078,331.5,174,0.879,-0.052,0.044,-0.024,95,331,333,2.5,0,85.039,363.888,-2.486,-0.261,0,0,0,0,1789

Main.js:462 385.031,200.888,138,138,-0.55,0.474,0,0,85,0,0,0,0,0,0,0,353.584,229.661,-1.858,1.673,0,0,0,0,0,0,0,0,121.162,367.004,330,171,0.877,-0.073,0.043,-0.025,94,333.5,333,2.5,0,82.553,363.626,-2.486,-0.261,0,0,0,0,1804

Main.js:462 384.509,201.339,138,138,-0.522,0.45,0,0,84,0,0,0,0,0,0,0,351.726,231.334,-1.858,1.673,0,0,0,0,0,0,0,0,122.035,366.91,328.5,168,0.873,-0.094,0.043,-0.026,93,336,333,2.5,0,80.067,363.365,-2.486,-0.261,0,0,0,0,1822

Main.js:462 384.013,201.767,138,138,-0.496,0.428,0,0,83,0,0,0,0,0,0,0,349.868,233.006,-1.858,1.673,0,0,0,0,0,0,0,0,122.905,366.794,327,165,0.869,-0.116,0.042,-0.027,92,338.5,333,2.5,0,77.581,363.104,-2.486,-0.261,0,0,0,0,1839

Main.js:462 383.541,202.173,138,138,-0.471,0.407,0,0,82,0,0,0,0,0,0,0,348.01,234.679,-1.858,1.673,0,0,0,0,0,0,0,0,123.77,366.658,325.5,162,0.865,-0.137,0.041,-0.028,91,341,333,2.5,0,75.094,362.842,-2.486,-0.261,0,0,0,0,1855

Main.js:462 383.094,202.559,138,138,-0.448,0.386,0,0,81,0,0,0,0,0,0,0,346.152,236.352,-1.858,1.673,0,0,0,0,0,0,0,0,124.63,366.5,324,159,0.86,-0.158,0.04,-0.029,90,343.5,333,2.5,0,72.608,362.581,-2.486,-0.261,0,0,0,0,1872

Main.js:462 382.668,202.926,138,138,-0.425,0.367,0,0,80,0,0,0,0,0,0,0,344.294,238.025,-1.858,1.673,0,0,0,0,0,0,0,0,125.485,366.321,322.5,156,0.855,-0.179,0.04,-0.03,89,346,333,2.5,0,70.122,362.32,-2.486,-0.261,0,0,0,0,1889

Main.js:462 382.264,203.275,138,138,-0.404,0.349,0,0,79,0,0,0,0,0,0,0,342.436,239.698,-1.858,1.673,0,0,0,0,0,0,0,0,126.334,366.121,321,153,0.849,-0.2,0.039,-0.031,88,348.5,333,2.5,0,67.635,362.058,-2.486,-0.261,0,0,0,0,1904

Main.js:462 381.88,203.606,138,138,-0.384,0.331,0,0,78,0,0,0,0,0,0,0,340.579,241.371,-1.858,1.673,0,0,0,0,0,0,0,0,127.177,365.9,319.5,150,0.843,-0.221,0.038,-0.032,87,351,333,2.5,0,65.149,361.797,-2.486,-0.261,0,0,0,0,1923

Main.js:462 381.516,203.92,138,138,-0.365,0.315,0,0,77,0,0,0,0,0,0,0,338.721,243.043,-1.858,1.673,0,0,0,0,0,0,0,0,128.013,365.659,318,147,0.836,-0.241,0.037,-0.033,86,353.5,333,2.5,0,62.663,361.536,-2.486,-0.261,0,0,0,0,1940

Main.js:462 381.169,204.219,138,138,-0.346,0.299,0,0,76,0,0,0,0,0,0,0,336.863,244.716,-1.858,1.673,0,0,0,0,0,0,0,0,128.842,365.397,316.5,144,0.829,-0.262,0.036,-0.034,85,356,333,2.5,0,60.176,361.274,-2.486,-0.261,0,0,0,0,1956

Main.js:462 380.84,204.503,138,138,-0.329,0.284,0,0,75,0,0,0,0,0,0,0,335.005,246.389,-1.858,1.673,0,0,0,0,0,0,0,0,129.663,365.115,315,141,0.821,-0.283,0.035,-0.035,84,358.5,333,2.5,0,57.69,361.013,-2.486,-0.261,0,0,0,0,1971

Main.js:462 380.528,204.773,138,138,-0.313,0.27,0,0,74,0,0,0,0,0,0,0,333.147,248.062,-1.858,1.673,0,0,0,0,0,0,0,0,130.475,364.812,313.5,138,0.812,-0.303,0.034,-0.036,83,361,333,2.5,0,55.204,360.752,-2.486,-0.261,0,0,0,0,1989

Main.js:462 380.231,205.029,138,138,-0.297,0.256,0,0,73,0,0,0,0,0,0,0,331.289,249.735,-1.858,1.673,0,0,0,0,0,0,0,0,131.279,364.489,312,135,0.804,-0.323,0.033,-0.037,82,363.5,333,2.5,0,52.718,360.49,-2.486,-0.261,0,0,0,0,2005

Main.js:462 379.948,205.272,138,138,-0.282,0.243,0,0,72,0,0,0,0,0,0,0,329.431,251.408,-1.858,1.673,0,0,0,0,0,0,0,0,132.075,364.147,313.5,135,0.796,-0.341,0.034,-0.036,81,366,333,2.5,0,50.231,360.229,-2.486,-0.261,0,0,0,0,2023

Main.js:462 379.68,205.504,138,138,-0.268,0.231,0,0,71,0,0,0,0,0,0,0,327.574,253.08,-1.858,1.673,0,0,0,0,0,0,0,0,132.865,363.79,315,135,0.79,-0.358,0.035,-0.035,80,368.5,333,2.5,0,47.745,359.968,-2.486,-0.261,0,0,0,0,2038

Main.js:462 379.426,205.723,138,138,-0.255,0.22,0,0,70,0,0,0,0,1,0,0,325.716,254.753,-1.858,1.673,0,0,0,0,0,0,0,0,133.649,363.417,316.5,135,0.785,-0.373,0.036,-0.034,79,371,333,2.5,0,45.259,359.706,-2.486,-0.261,0,0,0,0,2055

Main.js:462 379.184,205.932,138,138,-0.242,0.209,0,0,69,0,0,0,0,1,0,0,323.858,256.426,-1.858,1.673,0,0,0,0,0,0,0,0,134.43,363.031,318,135,0.781,-0.386,0.037,-0.033,78,373.5,333,2.5,0,42.772,359.445,-2.486,-0.261,0,0,0,0,2073

Main.js:462 378.954,206.13,138,138,-0.23,0.198,0,0,68,0,0,0,0,1,0,0,322,258.099,-1.858,1.673,0,0,0,0,0,0,0,0,135.208,362.634,319.5,135,0.778,-0.397,0.038,-0.032,77,376,333,2.5,0,40.286,359.184,-2.486,-0.261,0,0,0,0,2090

Main.js:462 378.736,206.318,138,138,-0.218,0.188,0,0,67,0,0,0,0,1,0,0,320.142,259.772,-1.858,1.673,0,0,0,0,0,0,0,0,135.984,362.226,321,135,0.776,-0.407,0.039,-0.031,76,378.5,333,2.5,0,37.8,358.922,-2.486,-0.261,0,0,0,0,2107

Main.js:462 378.528,206.497,138,138,-0.207,0.179,0,0,66,0,0,0,0,0,0,0,318.284,261.444,-1.858,1.673,0,0,0,0,0,0,0,0,136.759,361.81,322.5,135,0.775,-0.416,0.04,-0.03,75,381,333,2.5,0,35.313,358.661,-2.486,-0.261,0,0,0,0,2123

Main.js:462 378.331,206.667,138,138,-0.197,0.17,0,0,65,0,0,0,0,0,0,0,316.426,263.117,-1.858,1.673,0,0,0,0,0,0,0,0,137.534,361.387,324,135,0.775,-0.423,0.04,-0.029,74,383.5,333,2.5,0,32.827,358.4,-2.486,-0.261,0,0,0,0,2138

Main.js:462 378.144,206.829,138,138,-0.187,0.161,0,0,64,0,0,0,0,0,0,0,314.568,264.79,-1.858,1.673,0,0,0,0,0,0,0,0,138.309,360.959,325.5,135,0.775,-0.429,0.041,-0.028,73,386,333,2.5,0,30.341,358.138,-2.486,-0.261,0,0,0,0,2156

Main.js:462 377.966,206.982,138,138,-0.178,0.153,0,0,63,0,0,0,0,0,0,0,312.711,266.463,-1.858,1.673,0,0,0,0,0,0,0,0,139.085,360.525,327,135,0.776,-0.433,0.042,-0.027,72,388.5,333,2.5,0,27.854,357.877,-2.486,-0.261,0,0,0,0,2171

Main.js:462 377.762,207.16,138,138,-0.204,0.178,-0.037,0.033,62,0,0,1,0,0,0,0,310.853,268.136,-1.858,1.673,0,0,0,0,0,0,0,0,139.863,360.089,328.5,135,0.778,-0.436,0.043,-0.026,71,391,333,2.5,0,25.368,357.616,-2.486,-0.261,0,0,0,0,2188

Main.js:462 377.533,207.36,138,138,-0.229,0.2,-0.037,0.033,61,0,0,1,0,0,0,0,308.995,269.809,-1.858,1.673,0,0,0,0,0,0,0,0,140.643,359.651,330,135,0.78,-0.438,0.043,-0.025,70,393.5,333,2.5,0,22.882,357.355,-2.486,-0.261,0,0,0,0,2205

Main.js:462 377.279,207.582,138,138,-0.253,0.222,-0.037,0.033,60,0,0,1,0,0,0,0,307.137,271.481,-1.858,1.673,0,0,0,0,0,0,0,0,141.425,359.212,331.5,135,0.783,-0.439,0.044,-0.024,69,396,333,2.5,0,20.396,357.093,-2.486,-0.261,0,0,0,0,2222

Main.js:462 377.004,207.825,138,138,-0.276,0.243,-0.037,0.033,59,0,0,1,0,0,0,0,305.279,273.154,-1.858,1.673,0,0,0,0,0,0,0,0,142.211,358.773,333,135,0.786,-0.439,0.045,-0.023,68,398.5,333,2.5,0,17.909,356.832,-2.486,-0.261,0,0,0,0,2237

Main.js:462 376.706,208.088,138,138,-0.297,0.263,-0.037,0.033,58,0,0,1,0,1,0,0,303.421,274.827,-1.858,1.673,0,0,0,0,0,0,0,0,143.001,358.336,334.5,135,0.79,-0.437,0.045,-0.022,67,401,333,2.5,0,15.423,356.571,-2.486,-0.261,0,0,0,0,2255

Main.js:462 376.389,208.369,138,138,-0.318,0.281,-0.037,0.033,57,0,0,1,0,1,0,0,301.563,276.5,-1.858,1.673,0,0,0,0,0,0,0,0,143.794,357.901,336,135,0.793,-0.435,0.046,-0.02,66,403.5,333,2.5,0,12.937,356.309,-2.486,-0.261,0,0,0,0,2272

Main.js:462 376.051,208.668,138,138,-0.337,0.299,-0.037,0.033,56,0,0,1,0,1,0,0,299.706,278.173,-1.858,1.673,0,0,0,0,0,0,0,0,144.592,357.47,337.5,135,0.798,-0.431,0.046,-0.019,65,406,333,2.5,0,10.45,356.048,-2.486,-0.261,0,0,0,0,2288

Main.js:462 375.696,208.983,138,138,-0.356,0.316,-0.037,0.033,55,0,0,1,0,1,0,0,297.848,279.846,-1.858,1.673,0,0,0,0,0,0,0,0,145.394,357.043,339,135,0.802,-0.427,0.047,-0.018,64,408.5,333,2.5,0,7.964,355.787,-2.486,-0.261,0,0,0,0,2305

Main.js:462 375.323,209.315,138,138,-0.373,0.332,-0.037,0.033,54,0,0,1,0,1,0,0,295.99,281.518,-1.858,1.673,0,0,0,0,0,0,0,0,146.201,356.622,340.5,135,0.807,-0.421,0.047,-0.017,63,411,333,2.5,0,5.478,355.525,-2.486,-0.261,0,0,0,0,2322

Main.js:462 374.933,209.662,138,138,-0.39,0.347,-0.037,0.033,53,0,0,1,0,0,0,0,294.132,283.191,-1.858,1.673,0,0,0,0,0,0,0,0,147.012,356.208,342,135,0.812,-0.415,0.048,-0.015,62,413.5,333,2.5,0,2.991,355.264,-2.486,-0.261,0,0,0,0,2339

Main.js:462 374.527,210.023,138,138,-0.406,0.361,-0.037,0.033,52,0,0,1,0,0,0,0,292.274,284.864,-1.858,1.673,0,0,0,0,0,0,0,0,147.829,355.8,343.5,135,0.817,-0.407,0.048,-0.014,61,416,333,2.5,0,0.505,355.003,-2.486,-0.261,0,0,0,0,2356

Main.js:462 374.107,210.399,138,138,-0.421,0.375,-0.037,0.033,51,0,0,1,0,0,0,0,290.416,286.537,-1.858,1.673,0,0,0,0,0,0,0,0,148.651,355.401,345,135,0.822,-0.399,0.048,-0.013,60,418.5,333,2.5,0,0,0,0,0,0,0,0,0,2371

Main.js:462 373.672,210.787,138,138,-0.435,0.388,-0.037,0.033,50,0,0,1,0,0,0,0,288.558,288.21,-1.858,1.673,0,0,0,0,0,0,0,0,149.477,355.01,346.5,135,0.827,-0.391,0.049,-0.012,59,421,333,2.5,0,0,0,0,0,0,0,0,0,2389

Main.js:462 373.223,211.187,138,138,-0.448,0.4,-0.037,0.033,49,0,0,1,0,0,0,0,286.701,289.883,-1.858,1.673,0,0,0,0,0,0,0,0,150.309,354.629,348,135,0.832,-0.381,0.049,-0.01,58,423.5,333,2.5,0,0,0,0,0,0,0,0,0,2406

Main.js:462 372.762,211.599,138,138,-0.461,0.412,-0.037,0.033,48,0,0,1,0,0,0,0,284.843,291.555,-1.858,1.673,0,0,0,0,0,0,0,0,151.146,354.259,349.5,135,0.837,-0.37,0.049,-0.009,57,426,333,2.5,0,0,0,0,0,0,0,0,0,2421

Main.js:462 372.288,212.022,139.5,139.5,-0.474,0.422,-0.038,0.032,47,0,1,1,0,1,0,0,282.985,293.228,-1.858,1.673,0,0,0,0,0,0,0,0,151.988,353.9,351,135,0.842,-0.359,0.049,-0.008,56,428.5,333,2.5,0,0,0,0,0,0,0,0,0,2438

Main.js:462 371.8,212.453,141,141,-0.488,0.431,-0.039,0.031,46,0,1,1,0,1,0,0,281.127,294.901,-1.858,1.673,0,0,0,0,0,0,0,0,152.835,353.552,352.5,135,0.847,-0.348,0.05,-0.007,55,431,333,2.5,0,0,0,0,0,0,0,0,0,2454

Main.js:462 371.299,212.892,142.5,142.5,-0.501,0.439,-0.04,0.03,45,0,1,1,0,1,0,0,279.269,296.574,-1.858,1.673,0,0,0,0,0,0,0,0,153.687,353.217,354,135,0.852,-0.335,0.05,-0.005,54,433.5,333,2.5,0,0,0,0,0,0,0,0,0,2472

Main.js:462 370.785,213.336,144,144,-0.514,0.445,-0.04,0.029,44,0,1,1,0,1,0,0,277.411,298.247,-1.858,1.673,0,0,0,0,0,0,0,0,154.544,352.895,355.5,135,0.857,-0.322,0.05,-0.004,53,436,333,2.5,0,0,0,0,0,0,0,0,0,2488

Main.js:462 370.257,213.786,145.5,145.5,-0.528,0.449,-0.041,0.028,43,0,1,1,0,0,0,0,275.553,299.919,-1.858,1.673,0,0,0,0,0,0,0,0,155.405,352.586,357,135,0.861,-0.309,0.05,-0.003,52,438.5,333,2.5,0,0,0,0,0,0,0,0,0,2504

Main.js:462 369.717,214.239,145.5,145.5,-0.54,0.454,-0.041,0.028,42,0,0,1,0,0,0,0,273.696,301.592,-1.858,1.673,0,0,0,0,0,0,0,0,156.271,352.291,357,133.5,0.866,-0.296,0.05,-0.003,51,441,333,2.5,0,0,0,0,0,0,0,0,0,2523

Main.js:462 369.204,214.67,145.5,145.5,-0.513,0.431,0,0,41,0,0,0,0,0,0,0,271.838,303.265,-1.858,1.673,0,0,0,0,0,0,0,0,157.141,352.007,357,132,0.87,-0.283,0.05,-0.003,50,443.5,333,2.5,0,0,0,0,0,0,0,0,0,2538

Main.js:462 368.716,215.08,145.5,145.5,-0.488,0.409,0,0,40,0,0,0,0,0,0,0,269.98,304.938,-1.858,1.673,0,0,0,0,0,0,0,0,158.014,351.736,357,130.5,0.874,-0.272,0.05,-0.003,49,446,333,2.5,0,0,0,0,0,0,0,0,0,2557

Main.js:462 368.253,215.469,145.5,145.5,-0.463,0.389,0,0,39,0,0,0,0,0,0,0,268.122,306.611,-1.858,1.673,0,0,0,0,0,0,0,0,158.892,351.475,357,129,0.877,-0.261,0.05,-0.003,48,448.5,333,2.5,0,0,0,0,0,0,0,0,0,2571

Main.js:462 367.812,215.838,145.5,145.5,-0.44,0.37,0,0,38,0,0,0,0,0,0,0,266.264,308.284,-1.858,1.673,0,0,0,0,0,0,0,0,159.773,351.225,357,127.5,0.881,-0.25,0.05,-0.003,47,451,333,2.5,0,0,0,0,0,0,0,0,0,2592

Main.js:462 367.394,216.189,145.5,145.5,-0.418,0.351,0,0,37,0,0,0,0,0,0,0,264.406,309.956,-1.858,1.673,0,0,0,0,0,0,0,0,160.657,350.985,357,126,0.884,-0.24,0.05,-0.003,46,453.5,333,2.5,0,0,0,0,0,0,0,0,0,2605

Main.js:462 366.997,216.523,145.5,145.5,-0.397,0.334,0,0,36,0,0,0,0,1,0,0,262.548,311.629,-1.858,1.673,0,0,0,0,0,0,0,0,161.545,350.755,357,124.5,0.888,-0.23,0.05,-0.003,45,456,333,2.5,0,0,0,0,0,0,0,0,0,2622

Main.js:462 366.619,216.84,145.5,145.5,-0.377,0.317,0,0,35,0,0,0,0,1,0,0,260.69,313.302,-1.858,1.673,0,0,0,0,0,0,0,0,162.436,350.533,357,123,0.891,-0.221,0.05,-0.003,44,458.5,333,2.5,0,0,0,0,0,0,0,0,0,2637

Main.js:462 366.261,217.141,145.5,145.5,-0.359,0.301,0,0,34,0,0,0,0,1,0,0,258.833,314.975,-1.858,1.673,0,0,0,0,0,0,0,0,163.329,350.32,357,121.5,0.894,-0.213,0.05,-0.003,43,461,333,2.5,0,0,0,0,0,0,0,0,0,2656

Main.js:462 365.92,217.427,145.5,145.5,-0.341,0.286,0,0,33,0,0,0,0,1,0,0,256.975,316.648,-1.858,1.673,0,0,0,0,0,0,0,0,164.226,350.116,357,120,0.896,-0.205,0.05,-0.003,42,463.5,333,2.5,0,0,0,0,0,0,0,0,0,2672

Main.js:462 365.597,217.698,145.5,145.5,-0.324,0.272,0,0,32,0,0,0,0,1,0,0,255.117,318.321,-1.858,1.673,0,0,0,0,0,0,0,0,165.125,349.919,357,118.5,0.899,-0.197,0.05,-0.003,41,466,333,2.5,0,0,0,0,0,0,0,0,0,2689

Main.js:462 365.289,217.956,145.5,145.5,-0.307,0.258,0,0,31,0,0,0,0,1,0,0,253.259,319.993,-1.858,1.673,0,0,0,0,0,0,0,0,166.026,349.729,357,117,0.901,-0.19,0.05,-0.003,40,468.5,333,2.5,0,0,0,0,0,0,0,0,0,2705

Main.js:462 364.997,218.202,145.5,145.5,-0.292,0.245,0,0,30,0,0,0,0,0,0,0,251.401,321.666,-1.858,1.673,0,0,0,0,0,0,0,0,166.93,349.547,357,115.5,0.904,-0.183,0.05,-0.003,39,471,333,2.5,0,0,0,0,0,0,0,0,0,2722

Main.js:462 364.72,218.434,145.5,145.5,-0.277,0.233,0,0,29,0,0,0,0,0,0,0,249.543,323.339,-1.858,1.673,0,0,0,0,0,0,0,0,167.836,349.371,357,114,0.906,-0.176,0.05,-0.003,38,473.5,333,2.5,0,0,0,0,0,0,0,0,0,2738

Main.js:462 364.456,218.656,145.5,145.5,-0.264,0.221,0,0,28,0,0,0,0,0,0,0,247.685,325.012,-1.858,1.673,0,0,0,0,0,0,0,0,168.744,349.201,357,112.5,0.908,-0.17,0.05,-0.003,37,476,333,2.5,0,0,0,0,0,0,0,0,0,2755

Main.js:462 364.206,218.866,145.5,145.5,-0.25,0.21,0,0,27,0,0,0,0,0,0,0,245.828,326.685,-1.858,1.673,0,0,0,0,0,0,0,0,169.654,349.037,357,111,0.91,-0.164,0.05,-0.003,36,478.5,333,2.5,0,0,0,0,0,0,0,0,0,2772

Main.js:462 363.968,219.066,145.5,145.5,-0.238,0.2,0,0,26,0,0,0,0,0,0,0,243.97,328.358,-1.858,1.673,0,0,0,0,0,0,0,0,170.567,348.879,357,109.5,0.912,-0.158,0.05,-0.003,35,481,333,2.5,0,0,0,0,0,0,0,0,0,2788

Main.js:462 363.742,219.255,145.5,145.5,-0.226,0.19,0,0,25,0,0,0,0,0,0,0,242.112,330.03,-1.858,1.673,0,0,0,0,0,0,0,0,171.481,348.727,357,108,0.914,-0.153,0.05,-0.003,34,483.5,333,2.5,0,0,0,0,0,0,0,0,0,2805

Main.js:462 363.527,219.436,145.5,145.5,-0.215,0.18,0,0,24,0,0,0,0,1,0,0,240.254,331.703,-1.858,1.673,0,0,0,0,0,0,0,0,172.396,348.58,357,106.5,0.916,-0.147,0.05,-0.003,33,486,333,2.5,0,0,0,0,0,0,0,0,0,2821

Main.js:462 363.323,219.607,145.5,145.5,-0.204,0.171,0,0,23,0,0,0,0,1,0,0,238.396,333.376,-1.858,1.673,0,0,0,0,0,0,0,0,173.314,348.437,357,105,0.917,-0.143,0.05,-0.003,32,488.5,333,2.5,0,0,0,0,0,0,0,0,0,2838

Main.js:462 363.13,219.769,145.5,145.5,-0.194,0.163,0,0,22,0,0,0,0,1,0,0,236.538,335.049,-1.858,1.673,0,0,0,0,0,0,0,0,174.233,348.299,357,103.5,0.919,-0.138,0.05,-0.003,31,491,333,2.5,0,0,0,0,0,0,0,0,0,2856

Main.js:462 362.946,219.924,145.5,145.5,-0.184,0.155,0,0,21,0,0,0,0,1,0,0,234.68,336.722,-1.858,1.673,0,0,0,0,0,0,0,0,175.153,348.166,357,102,0.92,-0.133,0.05,-0.003,30,493.5,333,2.5,0,0,0,0,0,0,0,0,0,2870

Main.js:462 362.771,220.071,145.5,145.5,-0.175,0.147,0,0,20,0,0,0,0,1,0,0,232.823,338.394,-1.858,1.673,0,0,0,0,0,0,0,0,176.075,348.036,357,100.5,0.922,-0.129,0.05,-0.003,29,496,333,2.5,0,0,0,0,0,0,0,0,0,2887

Main.js:462 362.605,220.21,145.5,145.5,-0.166,0.139,0,0,19,0,0,0,0,0,0,0,230.965,340.067,-1.858,1.673,0,0,0,0,0,0,0,0,176.998,347.911,357,99,0.923,-0.125,0.05,-0.003,28,498.5,333,2.5,0,0,0,0,0,0,0,0,0,2905

Main.js:462 362.447,220.343,145.5,145.5,-0.158,0.132,0,0,18,0,0,0,0,0,0,0,230.965,340.067,-1.858,1.673,0,0,0,0,0,0,0,0,177.922,347.79,357,97.5,0.924,-0.122,0.05,-0.003,27,0,0,0,0,0,0,0,0,0,0,0,0,2920

Main.js:462 362.297,220.468,145.5,145.5,-0.15,0.126,0,0,17,0,0,0,0,0,0,0,229.107,341.74,-1.858,1.673,0,0,0,0,0,0,0,0,178.848,347.672,357,96,0.926,-0.118,0.05,-0.003,26,0,0,0,0,0,0,0,0,0,0,0,0,2938

Main.js:462 362.155,220.588,145.5,145.5,-0.142,0.12,0,0,16,0,0,0,0,0,0,0,227.249,343.413,-1.858,1.673,0,0,0,0,0,0,0,0,179.775,347.557,357,94.5,0.927,-0.115,0.05,-0.003,25,0,0,0,0,0,0,0,0,0,0,0,0,2954

Main.js:462 362.019,220.702,145.5,145.5,-0.135,0.114,0,0,15,0,0,0,0,0,0,0,225.391,345.086,-1.858,1.673,0,0,0,0,0,0,0,0,180.703,347.446,357,93,0.928,-0.111,0.05,-0.003,24,0,0,0,0,0,0,0,0,0,0,0,0,2971

Main.js:462 361.891,220.81,145.5,145.5,-0.129,0.108,0,0,14,0,0,0,0,0,0,0,223.533,346.759,-1.858,1.673,0,0,0,0,0,0,0,0,181.632,347.338,357,91.5,0.929,-0.108,0.05,-0.003,23,0,0,0,0,0,0,0,0,0,0,0,0,2989

Main.js:462 361.769,220.912,145.5,145.5,-0.122,0.103,0,0,13,0,0,0,0,1,0,0,221.675,348.431,-1.858,1.673,0,0,0,0,0,0,0,0,182.562,347.232,357,90,0.93,-0.105,0.05,-0.003,22,0,0,0,0,0,0,0,0,0,0,0,0,3005

Main.js:462 361.653,221.009,145.5,145.5,-0.116,0.097,0,0,12,0,0,0,0,1,0,0,219.818,350.104,-1.858,1.673,0,0,0,0,0,0,0,0,183.492,347.129,355.5,87,0.931,-0.104,0.05,-0.004,21,0,0,0,0,0,0,0,0,0,0,0,0,3022

Main.js:462 361.542,221.102,145.5,145.5,-0.11,0.093,0,0,11,0,0,0,0,1,0,0,217.96,351.777,-1.858,1.673,0,0,0,0,0,0,0,0,184.424,347.025,354,84,0.931,-0.104,0.05,-0.005,20,0,0,0,0,0,0,0,0,0,0,0,0,3039

Main.js:462 361.438,221.19,145.5,145.5,-0.105,0.088,0,0,10,0,0,0,0,1,0,0,216.102,353.45,-1.858,1.673,0,0,0,0,0,0,0,0,185.356,346.921,352.5,81,0.932,-0.105,0.05,-0.007,19,0,0,0,0,0,0,0,0,0,0,0,0,3055

Main.js:462 361.338,221.273,145.5,145.5,-0.099,0.083,0,0,9,0,0,0,0,1,0,0,214.244,355.123,-1.858,1.673,0,0,0,0,0,0,0,0,186.288,346.814,351,78,0.932,-0.107,0.049,-0.008,18,0,0,0,0,0,0,0,0,0,0,0,0,3073

Main.js:462 361.244,221.353,145.5,145.5,-0.094,0.079,0,0,8,0,0,0,0,1,0,0,212.386,356.796,-1.858,1.673,0,0,0,0,0,0,0,0,187.221,346.704,349.5,75,0.932,-0.11,0.049,-0.009,17,0,0,0,0,0,0,0,0,0,0,0,0,3088

Main.js:462 361.154,221.428,145.5,145.5,-0.09,0.075,0,0,7,0,0,0,0,0,0,0,210.528,358.468,-1.858,1.673,0,0,0,0,0,0,0,0,188.153,346.589,348,72,0.932,-0.114,0.049,-0.01,16,0,0,0,0,0,0,0,0,0,0,0,0,3105

Main.js:462 361.069,221.5,145.5,145.5,-0.085,0.072,0,0,6,0,0,0,0,0,0,0,208.67,360.141,-1.858,1.673,0,0,0,0,0,0,0,0,189.085,346.47,346.5,69,0.932,-0.12,0.049,-0.012,15,0,0,0,0,0,0,0,0,0,0,0,0,3122

Main.js:462 360.988,221.568,145.5,145.5,-0.081,0.068,0,0,5,0,0,0,0,0,0,0,206.812,361.814,-1.858,1.673,0,0,0,0,0,0,0,0,190.016,346.344,345,66,0.931,-0.126,0.048,-0.013,14,0,0,0,0,0,0,0,0,0,0,0,0,3138

Main.js:462 360.911,221.632,145.5,145.5,-0.077,0.065,0,0,4,0,0,0,0,0,0,0,206.812,361.814,-1.858,1.673,0,0,0,0,0,0,0,0,190.946,346.21,343.5,63,0.93,-0.133,0.048,-0.014,13,0,0,0,0,0,0,0,0,0,0,0,0,3156

Main.js:462 450,404,180,180,0,0,0,0,0,0,0,0,0,0,0,0,0,0,0,0,0,0,0,0,0,0,0,0,50,96,0,0,0,0,0,0,0,0,0,0,0,0,0,0,0,0,0,0,0,7

Main.js:462 450,404,180,180,0,0,0,0,0,0,0,0,0,0,0,0,0,0,0,0,0,0,0,0,0,0,0,0,50.047,96.001,1.5,0,0.047,0.001,0.05,0.001,99,0,0,0,0,0,0,0,0,0,0,0,0,24

Main.js:462 450,404,180,180,0,0,0,0,0,0,0,0,0,0,0,0,0,0,0,0,0,0,0,0,0,0,0,0,50.14,96.005,3,0,0.093,0.004,0.05,0.003,98,73.5,96,2.5,0,0,0,0,0,0,0,0,0,41

Main.js:462 450,404,180,180,0,0,0,0,0,0,0,0,0,0,0,0,0,0,0,0,0,0,0,0,0,0,0,0,50.275,96.012,4.5,0,0.135,0.007,0.05,0.004,97,76,96,2.5,0,0,0,0,0,0,0,0,0,58

Main.js:462 450,404,180,180,0,0,0,0,0,0,0,0,0,0,0,0,0,0,0,0,0,0,0,0,0,0,0,0,50.451,96.024,6,0,0.176,0.012,0.05,0.005,96,78.5,96,2.5,0,0,0,0,0,0,0,0,0,74

Main.js:462 450,404,180,180,0,0,0,0,0,0,0,0,0,0,0,0,0,0,0,0,0,0,0,0,0,0,0,0,50.665,96.041,7.5,0,0.214,0.017,0.05,0.007,95,81,96,2.5,0,0,0,0,0,0,0,0,0,92

Main.js:462 450,404,180,180,0,0,0,0,0,0,0,0,0,0,0,0,0,0,0,0,0,0,0,0,0,0,0,0,50.915,96.065,9,0,0.25,0.024,0.049,0.008,94,83.5,96,2.5,0,0,0,0,0,0,0,0,0,108

Main.js:462 450,404,180,180,0,0,0,0,0,0,0,0,0,0,0,0,0,0,0,0,0,0,0,0,0,0,0,0,51.2,96.097,10.5,0,0.284,0.031,0.049,0.009,93,86,96,2.5,0,0,0,0,0,0,0,0,0,124

Main.js:462 450,404,180,180,0,0,0,0,0,0,0,0,0,0,0,0,0,0,0,0,0,0,0,0,0,0,0,0,51.517,96.137,12,0,0.317,0.04,0.049,0.01,92,88.5,96,2.5,0,0,0,0,0,0,0,0,0,141

Main.js:462 450,404,180,180,0,0,0,0,0,0,0,0,0,0,0,0,0,0,0,0,0,0,0,0,0,0,0,0,51.864,96.185,13.5,0,0.347,0.049,0.049,0.012,91,91,96,2.5,0,0,0,0,0,0,0,0,0,159

Main.js:462 450,404,180,180,0,0,0,0,0,0,0,0,0,0,0,0,0,0,0,0,0,0,0,0,0,0,0,0,52.239,96.244,15,0,0.376,0.059,0.048,0.013,90,93.5,96,2.5,0,0,0,0,0,0,0,0,0,174

Main.js:462 450,404,180,180,0,0,0,0,0,0,0,0,0,0,0,0,0,0,0,0,0,0,0,0,0,0,0,0,52.641,96.313,16.5,0,0.402,0.069,0.048,0.014,89,96,96,2.5,0,0,0,0,0,0,0,0,0,191

Main.js:462 450,404,180,180,0,0,0,0,0,0,0,0,0,0,0,0,0,0,0,0,0,0,0,0,0,0,0,0,53.069,96.394,18,0,0.427,0.08,0.048,0.015,88,98.5,96,2.5,0,0,0,0,0,0,0,0,0,208

Main.js:462 450,404,180,180,0,0,0,0,0,0,0,0,0,0,0,0,0,0,0,0,0,0,0,0,0,0,0,0,53.52,96.486,19.5,0,0.451,0.092,0.047,0.017,87,101,96,2.5,0,0,0,0,0,0,0,0,0,224

Main.js:462 450,404,180,180,0,0,0,0,0,0,0,0,0,0,0,0,0,0,0,0,0,0,0,0,0,0,0,0,53.992,96.591,21,0,0.473,0.105,0.047,0.018,86,103.5,96,2.5,0,0,0,0,0,0,0,0,0,241

Main.js:462 450,404,180,180,0,0,0,0,0,0,0,0,0,0,0,0,0,0,0,0,0,0,0,0,0,0,0,0,54.485,96.708,22.5,0,0.493,0.118,0.046,0.019,85,106,96,2.5,0,0,0,0,0,0,0,0,0,259

Main.js:462 450,404,180,180,0,0,0,0,0,0,0,0,0,0,0,0,0,0,0,0,0,0,0,0,0,0,0,0,54.997,96.84,24,0,0.512,0.131,0.046,0.02,84,108.5,96,2.5,0,0,0,0,0,0,0,0,0,275

Main.js:462 450,404,180,180,0,0,0,0,0,0,0,0,0,0,0,0,0,0,0,0,0,0,0,0,0,0,0,0,55.526,96.985,25.5,0,0.529,0.145,0.045,0.022,83,111,96,2.5,0,0,0,0,0,0,0,0,0,291

Main.js:462 450,404,180,180,0,0,0,0,0,0,0,0,0,0,0,0,0,0,0,0,0,0,0,0,0,0,0,0,56.07,97.144,27,0,0.545,0.159,0.045,0.023,82,113.5,96,2.5,0,0,0,0,0,0,0,0,0,308

Main.js:462 450,404,180,180,0,0,0,0,0,0,0,0,0,0,0,0,0,0,0,0,0,0,0,0,0,0,0,0,56.63,97.318,28.5,0,0.559,0.174,0.044,0.024,81,116,96,2.5,0,0,0,0,0,0,0,0,0,325

Main.js:462 450,404,180,180,0,0,0,0,0,0,0,0,0,0,0,0,0,0,0,0,0,0,0,0,0,0,0,0,57.202,97.507,30,0,0.572,0.189,0.043,0.025,80,118.5,96,2.5,0,0,0,0,0,0,0,0,0,341

Main.js:462 450,404,180,180,0,0,0,0,0,0,0,0,0,0,0,0,0,0,0,0,0,0,0,0,0,0,0,0,57.787,97.711,31.5,0,0.584,0.204,0.043,0.026,79,121,96,2.5,0,0,0,0,0,0,0,0,0,358

Main.js:462 450,404,180,180,0,0,0,0,0,0,0,0,0,0,0,0,0,0,0,0,0,0,0,0,0,0,0,0,58.382,97.931,33,0,0.595,0.22,0.042,0.027,78,123.5,96,2.5,0,0,0,0,0,0,0,0,0,374

Main.js:462 450,404,180,180,0,0,0,0,0,0,0,0,0,0,0,0,0,0,0,0,0,0,0,0,0,0,0,0,58.986,98.167,34.5,0,0.604,0.236,0.041,0.028,77,126,96,2.5,0,0,0,0,0,0,0,0,0,391

Main.js:462 450,404,180,180,0,0,0,0,0,0,0,0,0,0,0,0,0,0,0,0,0,0,0,0,0,0,0,0,59.598,98.419,36,0,0.613,0.252,0.04,0.029,76,128.5,96,2.5,0,0,0,0,0,0,0,0,0,407

Main.js:462 450,404,180,180,0,0,0,0,0,0,0,0,0,0,0,0,0,0,0,0,0,0,0,0,0,0,0,0,60.218,98.688,37.5,0,0.62,0.268,0.04,0.03,75,131,96,2.5,0,0,0,0,0,0,0,0,0,423

Main.js:462 450,404,180,180,0,0,0,0,0,0,0,0,0,0,0,0,0,0,0,0,0,0,0,0,0,0,0,0,60.844,98.973,39,0,0.626,0.285,0.039,0.031,74,133.5,96,2.5,0,0,0,0,0,0,0,0,0,441

Main.js:462 450,404,180,180,0,0,0,0,0,0,0,0,0,0,0,0,0,0,0,0,0,0,0,0,0,0,0,0,61.474,99.274,40.5,0,0.63,0.301,0.038,0.032,73,136,96,2.5,0,0,0,0,0,0,0,0,0,458

Main.js:462 450,404,180,180,0,0,0,0,0,0,0,0,0,0,0,0,0,0,0,0,0,0,0,0,0,0,0,0,62.108,99.592,42,0,0.634,0.318,0.037,0.033,72,138.5,96,2.5,0,0,0,0,0,0,0,0,0,474

Main.js:462 450,404,180,180,0,0,0,0,0,0,0,0,0,0,0,0,0,0,0,0,0,0,0,0,0,0,0,0,62.745,99.927,43.5,0,0.637,0.335,0.036,0.034,71,141,96,2.5,0,0,0,0,0,0,0,0,0,492

Main.js:462 450,404,180,180,0,0,0,0,0,0,0,0,0,0,0,0,0,0,0,0,0,0,0,0,0,0,0,0,63.384,100.279,45,0,0.639,0.352,0.035,0.035,70,143.5,96,2.5,0,0,0,0,0,0,0,0,0,507

Main.js:462 449.953,404,180,180,-0.047,0,-0.05,0,0,0,0,1,0,0,0,0,0,0,0,0,0,0,0,0,0,0,0,0,64.024,100.647,45,358.5,0.64,0.368,0.035,0.035,69,146,96,2.5,0,0,0,0,0,0,0,0,0,524

Main.js:462 449.86,404,180,180,-0.093,0,-0.05,0,0,0,0,1,0,0,0,0,0,0,0,0,0,0,0,0,0,0,0,0,64.666,101.03,45,357,0.642,0.383,0.035,0.035,68,148.5,96,2.5,0,0,0,0,0,0,0,0,0,540

Main.js:462 449.724,404,180,180,-0.135,0,-0.05,0,0,0,0,1,0,0,0,0,0,0,0,0,0,0,0,0,0,0,0,0,65.309,101.427,45,355.5,0.643,0.397,0.035,0.035,67,151,96,2.5,0,0,0,0,0,0,0,0,0,558

Main.js:462 449.548,404,180,180,-0.176,0,-0.05,0,0,0,0,1,0,0,0,0,0,0,0,0,0,0,0,0,0,0,0,0,65.954,101.839,45,354,0.645,0.411,0.035,0.035,66,153.5,96,2.5,0,0,0,0,0,0,0,0,0,575

Main.js:462 449.333,404,180,180,-0.215,0,-0.05,0,0,0,0,1,0,0,0,0,0,0,0,0,0,0,0,0,0,0,0,0,66.6,102.263,45,352.5,0.646,0.424,0.035,0.035,65,156,96,2.5,0,0,0,0,0,0,0,0,0,591

Main.js:462 449.082,404,180,180,-0.252,0,-0.05,0,0,0,0,1,0,0,0,0,0,0,0,0,0,0,0,0,0,0,0,0,67.248,102.699,45,351,0.647,0.437,0.035,0.035,64,158.5,96,2.5,0,0,0,0,0,0,0,0,0,608

Main.js:462 448.795,404,180,180,-0.287,0,-0.05,0,0,0,0,1,0,0,0,0,0,0,0,0,0,0,0,0,0,0,0,0,67.896,103.148,45,349.5,0.649,0.448,0.035,0.035,63,161,96,2.5,0,0,0,0,0,0,0,0,0,624

Main.js:462 448.475,404,180,180,-0.32,0,-0.05,0,0,0,0,1,0,0,0,0,0,0,0,0,0,0,0,0,0,0,0,0,68.546,103.607,45,348,0.65,0.459,0.035,0.035,62,163.5,96,2.5,0,0,0,0,0,0,0,0,0,641

Main.js:462 448.124,404,180,180,-0.351,0,-0.05,0,0,0,0,1,0,0,0,0,0,0,0,0,0,0,0,0,0,0,0,0,69.197,104.077,45,346.5,0.651,0.47,0.035,0.035,61,166,96,2.5,0,0,0,0,0,0,0,0,0,659

Main.js:462 447.743,404,180,180,-0.381,0,-0.05,0,0,0,0,1,0,0,0,0,0,0,0,0,0,0,0,0,0,0,0,0,69.849,104.557,45,345,0.652,0.48,0.035,0.035,60,168.5,96,2.5,0,0,0,0,0,0,0,0,0,675

Main.js:462 447.333,404,180,180,-0.41,0,-0.05,0,0,0,0,1,0,0,0,0,0,0,0,0,0,0,0,0,0,0,0,0,70.502,105.047,45,343.5,0.653,0.49,0.035,0.035,59,171,96,2.5,0,0,0,0,0,0,0,0,0,690

Main.js:462 446.897,404,180,180,-0.437,0,-0.05,0,0,0,0,1,0,0,0,0,0,0,0,0,0,0,0,0,0,0,0,0,71.156,105.546,45,342,0.654,0.499,0.035,0.035,58,173.5,96,2.5,0,0,0,0,0,0,0,0,0,707

Main.js:462 446.434,404,180,180,-0.462,0,-0.05,0,0,0,0,1,0,0,0,0,0,0,0,0,0,0,0,0,0,0,0,0,71.811,106.054,45,340.5,0.655,0.508,0.035,0.035,57,176,96,2.5,0,0,0,0,0,0,0,0,0,724

Main.js:462 445.947,404,180,180,-0.487,0,-0.05,0,0,0,0,1,0,0,0,0,0,0,0,0,0,0,0,0,0,0,0,0,72.466,106.569,45,339,0.656,0.516,0.035,0.035,56,178.5,96,2.5,0,0,0,0,0,0,0,0,0,740

Main.js:462 445.438,404,180,180,-0.51,0,-0.05,0,0,0,0,1,0,0,0,0,0,0,0,0,0,0,0,0,0,0,0,0,73.123,107.093,45,337.5,0.656,0.524,0.035,0.035,55,181,96,2.5,0,0,0,0,0,0,0,0,0,758

Main.js:462 444.906,404,180,180,-0.532,0,-0.05,0,0,0,0,1,0,0,0,0,0,0,0,0,0,0,0,0,0,0,0,0,73.78,107.624,45,336,0.657,0.531,0.035,0.035,54,183.5,96,2.5,0,0,0,0,0,0,0,0,0,775

Main.js:462 444.353,404,180,180,-0.553,0,-0.05,0,0,0,0,1,0,0,0,0,0,0,0,0,0,0,0,0,0,0,0,0,74.438,108.162,45,334.5,0.658,0.538,0.035,0.035,53,186,96,2.5,0,0,0,0,0,0,0,0,0,792

Main.js:462 443.78,404,180,180,-0.573,0,-0.05,0,0,0,0,1,0,0,0,0,0,0,0,0,0,0,0,0,0,0,0,0,75.096,108.706,45,333,0.659,0.545,0.035,0.035,52,188.5,96,2.5,0,0,0,0,0,0,0,0,0,808

Main.js:462 443.189,404,180,180,-0.592,0,-0.05,0,0,0,0,1,0,0,0,0,0,0,0,0,0,0,0,0,0,0,0,0,75.756,109.257,45,331.5,0.659,0.551,0.035,0.035,51,191,96,2.5,0,0,0,0,0,0,0,0,0,825

Main.js:462 442.579,403.999,181.5,181.5,-0.609,-0.001,-0.05,-0.001,0,0,1,1,0,0,0,0,0,0,0,0,0,0,0,0,0,0,0,0,76.416,109.815,45,330,0.66,0.557,0.035,0.035,50,193.5,96,2.5,0,0,0,0,0,0,0,0,0,841

Main.js:462 441.953,403.995,183,183,-0.626,-0.004,-0.05,-0.003,0,0,1,1,0,0,0,0,0,0,0,0,0,0,0,0,0,0,0,0,77.076,110.377,45,328.5,0.66,0.563,0.035,0.035,49,196,96,2.5,0,0,0,0,0,0,0,0,0,858

Main.js:462 441.311,403.988,184.5,184.5,-0.642,-0.007,-0.05,-0.004,0,0,1,1,0,0,0,0,0,0,0,0,0,0,0,0,0,0,0,0,77.737,110.946,45,327,0.661,0.568,0.035,0.035,48,198.5,96,2.5,0,0,0,0,0,0,0,0,0,875

Main.js:462 440.653,403.976,186,186,-0.658,-0.012,-0.05,-0.005,0,0,1,1,0,0,0,0,0,0,0,0,0,0,0,0,0,0,0,0,78.399,111.519,45,325.5,0.662,0.573,0.035,0.035,47,201,96,2.5,0,0,0,0,0,0,0,0,0,890

Main.js:462 439.981,403.959,187.5,187.5,-0.672,-0.017,-0.05,-0.007,0,0,1,1,0,0,0,0,0,0,0,0,0,0,0,0,0,0,0,0,79.061,112.097,45,324,0.662,0.578,0.035,0.035,46,203.5,96,2.5,0,0,0,0,0,0,0,0,0,908

Main.js:462 439.296,403.935,189,189,-0.685,-0.024,-0.049,-0.008,0,0,1,1,0,0,0,0,0,0,0,0,0,0,0,0,0,0,0,0,79.723,112.68,45,322.5,0.663,0.583,0.035,0.035,45,206,96,2.5,0,0,0,0,0,0,0,0,0,924

Main.js:462 438.599,403.903,190.5,190.5,-0.698,-0.031,-0.049,-0.009,0,0,1,1,0,0,0,0,0,0,0,0,0,0,0,0,0,0,0,0,80.386,113.268,45,321,0.663,0.587,0.035,0.035,44,208.5,96,2.5,0,0,0,0,0,0,0,0,0,941

Main.js:462 437.89,403.863,192,192,-0.709,-0.04,-0.049,-0.01,0,0,1,1,0,0,0,0,0,0,0,0,0,0,0,0,0,0,0,0,81.05,113.859,45,319.5,0.663,0.592,0.035,0.035,43,211,96,2.5,0,0,0,0,0,0,0,0,0,958

Main.js:462 437.17,403.815,193.5,193.5,-0.72,-0.049,-0.049,-0.012,0,0,1,1,0,0,0,0,0,0,0,0,0,0,0,0,0,0,0,0,81.714,114.455,45,318,0.664,0.596,0.035,0.035,42,213.5,96,2.5,0,0,0,0,0,0,0,0,0,975

Main.js:462 436.44,403.756,195,195,-0.73,-0.059,-0.048,-0.013,0,0,1,1,0,0,0,0,0,0,0,0,0,0,0,0,0,0,0,0,82.378,115.055,45,316.5,0.664,0.599,0.035,0.035,41,216,96,2.5,0,0,0,0,0,0,0,0,0,991

Main.js:462 435.701,403.687,196.5,196.5,-0.739,-0.069,-0.048,-0.014,0,0,1,1,0,0,0,0,0,0,0,0,0,0,0,0,0,0,0,0,83.043,115.658,45,315,0.665,0.603,0.035,0.035,40,218.5,96,2.5,0,0,0,0,0,0,0,0,0,1007

Main.js:462 434.954,403.606,198,198,-0.747,-0.08,-0.048,-0.015,0,0,1,1,0,0,0,0,0,0,0,0,0,0,0,0,0,0,0,0,83.708,116.263,43.5,312,0.666,0.606,0.036,0.034,39,221,96,2.5,0,0,0,0,0,0,0,0,0,1023

Main.js:462 434.2,403.514,199.5,199.5,-0.754,-0.092,-0.047,-0.017,0,0,1,1,0,0,0,0,0,0,0,0,0,0,0,0,0,0,0,0,84.376,116.87,42,309,0.668,0.607,0.037,0.033,38,223.5,96,2.5,0,0,0,0,0,0,0,0,0,1041

Main.js:462 433.439,403.409,201,201,-0.761,-0.105,-0.047,-0.018,0,0,1,1,0,0,0,0,0,0,0,0,0,0,0,0,0,0,0,0,85.047,117.478,40.5,306,0.671,0.608,0.038,0.032,37,226,96,2.5,0,0,0,0,0,0,0,0,0,1059

Main.js:462 432.672,403.292,202.5,202.5,-0.767,-0.118,-0.046,-0.019,0,0,1,1,0,0,0,0,0,0,0,0,0,0,0,0,0,0,0,0,85.721,118.085,39,303,0.674,0.607,0.039,0.031,36,228.5,96,2.5,0,0,0,0,0,0,0,0,0,1074

Main.js:462 431.9,403.16,204,204,-0.772,-0.131,-0.046,-0.02,0,0,1,1,0,0,0,0,0,0,0,0,0,0,0,0,0,0,0,0,86.399,118.691,37.5,300,0.678,0.606,0.04,0.03,35,231,96,2.5,0,0,0,0,0,0,0,0,0,1091

Main.js:462 431.123,403.015,205.5,205.5,-0.776,-0.145,-0.045,-0.022,0,0,1,1,0,0,0,0,0,0,0,0,0,0,0,0,0,0,0,0,87.081,119.294,36,297,0.683,0.603,0.04,0.029,34,233.5,96,2.5,0,0,0,0,0,0,0,0,0,1108

Main.js:462 430.344,402.856,207,207,-0.78,-0.159,-0.045,-0.023,0,0,1,1,0,0,0,0,0,0,0,0,0,0,0,0,0,0,0,0,87.769,119.894,34.5,294,0.688,0.6,0.041,0.028,33,236,96,2.5,0,0,0,0,0,0,0,0,0,1124

Main.js:462 429.561,402.682,208.5,208.5,-0.782,-0.174,-0.044,-0.024,0,0,1,1,0,0,0,0,0,0,0,0,0,0,0,0,0,0,0,0,88.462,120.49,33,291,0.693,0.596,0.042,0.027,32,238.5,96,2.5,0,0,0,0,0,0,0,0,0,1142

Main.js:462 428.777,402.493,210,210,-0.785,-0.189,-0.043,-0.025,0,0,1,1,0,0,0,0,0,0,0,0,0,0,0,0,0,0,0,0,89.161,121.081,31.5,288,0.699,0.591,0.043,0.026,31,241,96,2.5,0,0,0,0,0,0,0,0,0,1159

Main.js:462 427.991,402.289,211.5,211.5,-0.786,-0.204,-0.043,-0.026,0,0,1,1,0,0,0,0,0,0,0,0,0,0,0,0,0,0,0,0,89.866,121.666,30,285,0.705,0.585,0.043,0.025,30,243.5,96,2.5,0,0,0,0,0,0,0,0,0,1175

Main.js:462 427.205,402.069,213,213,-0.786,-0.22,-0.042,-0.027,0,0,1,1,0,0,0,0,0,0,0,0,0,0,0,0,0,0,0,0,90.577,122.245,28.5,282,0.712,0.579,0.044,0.024,29,246,96,2.5,0,0,0,0,0,0,0,0,0,1192

Main.js:462 426.418,401.833,214.5,214.5,-0.786,-0.236,-0.041,-0.028,0,0,1,1,0,0,0,0,0,0,0,0,0,0,0,0,0,0,0,0,91.296,122.816,27,279,0.718,0.571,0.045,0.023,28,248.5,96,2.5,0,0,0,0,0,0,0,0,0,1208

Main.js:462 425.632,401.582,214.5,214.5,-0.786,-0.251,-0.041,-0.028,0,0,0,1,0,0,0,0,0,0,0,0,0,0,0,0,0,0,0,0,92.021,123.379,25.5,276,0.725,0.563,0.045,0.022,27,251,96,2.5,0,0,0,0,0,0,0,0,0,1224

Main.js:462 424.847,401.316,214.5,214.5,-0.786,-0.265,-0.041,-0.028,0,0,0,1,0,0,0,0,0,0,0,0,0,0,0,0,0,0,0,0,92.753,123.933,24,273,0.732,0.554,0.046,0.02,26,253.5,96,2.5,0,0,0,0,0,0,0,0,0,1240

Main.js:462 424.061,401.037,214.5,214.5,-0.786,-0.279,-0.041,-0.028,0,0,0,1,0,0,0,0,0,0,0,0,0,0,0,0,0,0,0,0,93.493,124.478,22.5,270,0.74,0.545,0.046,0.019,25,256,96,2.5,0,0,0,0,0,0,0,0,0,1259

Main.js:462 423.275,400.745,214.5,214.5,-0.786,-0.292,-0.041,-0.028,0,0,0,1,0,0,0,0,0,0,0,0,0,0,0,0,0,0,0,0,94.24,125.013,21,267,0.747,0.535,0.047,0.018,24,258.5,96,2.5,0,0,0,0,0,0,0,0,0,1274

Main.js:462 422.49,400.441,214.5,214.5,-0.785,-0.304,-0.041,-0.028,0,0,0,1,0,0,0,0,0,0,0,0,0,0,0,0,0,0,0,0,94.994,125.536,19.5,264,0.754,0.524,0.047,0.017,23,261,96,2.5,0,0,0,0,0,0,0,0,0,1291

Main.js:462 421.705,400.125,214.5,214.5,-0.785,-0.316,-0.041,-0.028,0,0,0,1,0,0,0,0,0,0,0,0,0,0,0,0,0,0,0,0,95.756,126.048,18,261,0.762,0.512,0.048,0.015,22,263.5,96,2.5,0,0,0,0,0,0,0,0,0,1309

Main.js:462 420.919,399.798,214.5,214.5,-0.785,-0.327,-0.041,-0.028,0,0,0,1,0,0,0,0,0,0,0,0,0,0,0,0,0,0,0,0,96.525,126.548,16.5,258,0.769,0.5,0.048,0.014,21,266,96,2.5,0,0,0,0,0,0,0,0,0,1325

Main.js:462 420.134,399.46,214.5,214.5,-0.785,-0.338,-0.041,-0.028,0,0,0,1,0,0,0,0,0,0,0,0,0,0,0,0,0,0,0,0,97.302,127.036,15,255,0.777,0.487,0.048,0.013,20,268.5,96,2.5,0,0,0,0,0,0,0,0,0,1341

Main.js:462 419.349,399.112,214.5,214.5,-0.785,-0.348,-0.041,-0.028,0,0,0,1,0,0,0,0,0,0,0,0,0,0,0,0,0,0,0,0,98.086,127.51,13.5,252,0.784,0.474,0.049,0.012,19,271,96,2.5,0,0,0,0,0,0,0,0,0,1358

Main.js:462 418.565,398.755,214.5,214.5,-0.785,-0.357,-0.041,-0.028,0,0,0,1,0,0,0,0,0,0,0,0,0,0,0,0,0,0,0,0,98.878,127.97,12,249,0.791,0.46,0.049,0.01,18,273.5,96,2.5,0,0,0,0,0,0,0,0,0,1375

Main.js:462 417.78,398.389,214.5,214.5,-0.785,-0.366,-0.041,-0.028,0,0,0,1,0,0,0,0,0,0,0,0,0,0,0,0,0,0,0,0,99.676,128.416,10.5,246,0.798,0.446,0.049,0.009,17,276,96,2.5,0,0,0,0,0,0,0,0,0,1391

Main.js:462 416.996,398.013,216,216,-0.784,-0.376,-0.04,-0.029,0,0,1,1,0,0,0,0,0,0,0,0,0,0,0,0,0,0,0,0,100.482,128.847,9,243,0.805,0.431,0.049,0.008,16,278.5,96,2.5,0,0,0,0,0,0,0,0,0,1407

Main.js:462 416.213,397.627,217.5,217.5,-0.782,-0.386,-0.04,-0.03,0,0,1,1,0,0,0,0,0,0,0,0,0,0,0,0,0,0,0,0,101.294,129.262,7.5,240,0.812,0.416,0.05,0.007,15,281,96,2.5,0,0,0,0,0,0,0,0,0,1424

Main.js:462 415.433,397.231,219,219,-0.78,-0.397,-0.039,-0.031,0,0,1,1,0,0,0,0,0,0,0,0,0,0,0,0,0,0,0,0,102.113,129.662,6,237,0.819,0.4,0.05,0.005,14,283.5,96,2.5,0,0,0,0,0,0,0,0,0,1441

Main.js:462 414.656,396.823,220.5,220.5,-0.777,-0.408,-0.038,-0.032,0,0,1,1,0,0,0,0,0,0,0,0,0,0,0,0,0,0,0,0,102.938,130.046,4.5,234,0.825,0.384,0.05,0.004,13,286,96,2.5,0,0,0,0,0,0,0,0,0,1458

Main.js:462 413.882,396.404,222,222,-0.774,-0.419,-0.037,-0.033,0,0,1,1,0,0,0,0,0,0,0,0,0,0,0,0,0,0,0,0,103.77,130.413,3,231,0.831,0.367,0.05,0.003,12,288.5,96,2.5,0,0,0,0,0,0,0,0,0,1475

Main.js:462 413.112,395.973,223.5,223.5,-0.77,-0.431,-0.036,-0.034,0,0,1,1,0,0,0,0,0,0,0,0,0,0,0,0,0,0,0,0,104.607,130.762,1.5,228,0.837,0.35,0.05,0.001,11,291,96,2.5,0,0,0,0,0,0,0,0,0,1491

Main.js:462 412.348,395.53,225,225,-0.765,-0.443,-0.035,-0.035,0,0,1,1,0,0,0,0,0,0,0,0,0,0,0,0,0,0,0,0,105.45,131.095,0,225,0.843,0.332,0.05,0,10,293.5,96,2.5,0,0,0,0,0,0,0,0,0,1508

Main.js:462 411.589,395.075,226.5,226.5,-0.759,-0.455,-0.034,-0.036,0,0,1,1,0,0,0,0,0,0,0,0,0,0,0,0,0,0,0,0,106.298,131.409,358.5,222,0.848,0.314,0.05,-0.001,9,296,96,2.5,0,0,0,0,0,0,0,0,0,1524

Main.js:462 410.836,394.608,228,228,-0.753,-0.468,-0.033,-0.037,0,0,1,1,0,0,0,0,0,0,0,0,0,0,0,0,0,0,0,0,107.152,131.705,357,219,0.853,0.296,0.05,-0.003,8,298.5,96,2.5,0,0,0,0,0,0,0,0,0,1541

Main.js:462 410.089,394.128,228,228,-0.747,-0.48,-0.033,-0.037,0,0,0,1,0,0,0,0,0,0,0,0,0,0,0,0,0,0,0,0,108.01,131.983,355.5,216,0.858,0.278,0.05,-0.004,7,301,96,2.5,0,0,0,0,0,0,0,0,0,1558

Main.js:462 409.347,393.637,228,228,-0.742,-0.491,-0.033,-0.037,0,0,0,1,0,0,0,0,0,0,0,0,0,0,0,0,0,0,0,0,108.872,132.242,354,213,0.862,0.259,0.05,-0.005,6,303.5,96,2.5,0,0,0,0,0,0,0,0,0,1574

Main.js:462 408.611,393.136,228,228,-0.736,-0.502,-0.033,-0.037,0,0,0,1,0,0,0,0,0,0,0,0,0,0,0,0,0,0,0,0,109.739,132.481,352.5,210,0.866,0.24,0.05,-0.007,5,306,96,2.5,0,0,0,0,0,0,0,0,0,1592

Main.js:462 407.88,392.624,228,228,-0.731,-0.512,-0.033,-0.037,0,0,0,1,0,0,0,0,0,0,0,0,0,0,0,0,0,0,0,0,110.609,132.702,351,207,0.87,0.22,0.049,-0.008,4,308.5,96,2.5,0,0,0,0,0,0,0,0,0,1608

Main.js:462 407.153,392.102,228,228,-0.726,-0.522,-0.033,-0.037,0,0,0,1,0,0,0,0,0,0,0,0,0,0,0,0,0,0,0,0,111.482,132.902,349.5,204,0.873,0.201,0.049,-0.009,3,311,96,2.5,0,0,0,0,0,0,0,0,0,1624

Main.js:462 406.431,391.571,228,228,-0.722,-0.531,-0.033,-0.037,0,0,0,1,0,0,0,0,0,0,0,0,0,0,0,0,0,0,0,0,112.358,133.083,348,201,0.876,0.181,0.049,-0.01,2,313.5,96,2.5,0,0,0,0,0,0,0,0,0,1643

Main.js:462 405.714,391.032,228,228,-0.718,-0.54,-0.033,-0.037,0,0,0,1,0,0,0,0,0,0,0,0,0,0,0,0,0,0,0,0,113.236,133.244,346.5,198,0.878,0.161,0.049,-0.012,1,316,96,2.5,0,0,0,0,0,0,0,0,0,1658

Main.js:462 405,390.484,228,228,-0.713,-0.548,-0.033,-0.037,0,0,0,1,0,0,0,0,0,0,0,0,0,0,0,0,0,0,0,0,114.116,133.384,345,195,0.88,0.14,0.048,-0.013,0,318.5,96,2.5,0,0,0,0,0,0,0,0,0,1674

Main.js:462 404.291,389.928,228,228,-0.71,-0.556,-0.033,-0.037,0,0,0,1,0,0,0,0,0,0,0,0,0,0,0,0,0,0,0,0,114.998,133.504,343.5,192,0.882,0.12,0.048,-0.014,99,321,96,2.5,0,0,0,0,0,0,0,0,0,1691

Main.js:462 403.585,389.365,228,228,-0.706,-0.563,-0.033,-0.037,0,0,0,1,0,0,0,0,0,0,0,0,0,0,0,0,0,0,0,0,115.881,133.603,342,189,0.883,0.099,0.048,-0.015,98,323.5,96,2.5,0,91.13,128.498,-2.445,-0.52,0,0,0,0,1708

Main.js:462 402.883,388.795,228,228,-0.702,-0.57,-0.033,-0.037,0,0,0,1,0,0,0,0,0,0,0,0,0,0,0,0,0,0,0,0,116.765,133.681,340.5,186,0.884,0.078,0.047,-0.017,97,326,96,2.5,0,88.685,127.978,-2.445,-0.52,0,0,0,0,1725

Main.js:462 402.184,388.217,228,228,-0.699,-0.577,-0.033,-0.037,0,0,0,1,0,0,0,0,0,0,0,0,0,0,0,0,0,0,0,0,117.649,133.738,339,183,0.884,0.057,0.047,-0.018,96,328.5,96,2.5,0,86.239,127.458,-2.445,-0.52,0,0,0,0,1742

Main.js:462 401.488,387.634,228,228,-0.696,-0.584,-0.033,-0.037,0,0,0,1,0,0,0,0,0,0,0,0,0,0,0,0,0,0,0,0,118.532,133.775,337.5,180,0.883,0.036,0.046,-0.019,95,331,96,2.5,0,83.794,126.939,-2.445,-0.52,0,0,0,0,1758

Main.js:462 400.796,387.043,229.5,229.5,-0.692,-0.591,-0.032,-0.038,0,0,1,1,0,0,0,0,0,0,0,0,0,0,0,0,0,0,0,0,119.415,133.79,336,177,0.883,0.015,0.046,-0.02,94,333.5,96,2.5,0,81.348,126.419,-2.445,-0.52,0,0,0,0,1775

Main.js:462 400.109,386.445,231,231,-0.687,-0.598,-0.031,-0.039,0,0,1,1,0,0,0,0,0,0,0,0,0,0,0,0,0,0,0,0,120.296,133.784,334.5,174,0.881,-0.006,0.045,-0.022,93,336,96,2.5,0,78.903,125.899,-2.445,-0.52,0,0,0,0,1791

Main.js:462 399.427,385.839,232.5,232.5,-0.682,-0.606,-0.03,-0.04,0,0,1,1,0,0,0,0,0,0,0,0,0,0,0,0,0,0,0,0,121.176,133.756,333,171,0.88,-0.027,0.045,-0.023,92,338.5,96,2.5,0,76.458,125.379,-2.445,-0.52,0,0,0,0,1808

Main.js:462 398.751,385.225,234,234,-0.676,-0.614,-0.029,-0.04,0,0,1,1,0,0,0,0,0,0,0,0,0,0,0,0,0,0,0,0,122.053,133.708,331.5,168,0.877,-0.049,0.044,-0.024,91,341,96,2.5,0,74.012,124.859,-2.445,-0.52,0,0,0,0,1825

Main.js:462 398.082,384.603,235.5,235.5,-0.669,-0.622,-0.028,-0.041,0,0,1,1,0,0,0,0,0,0,0,0,0,0,0,0,0,0,0,0,122.928,133.638,330,165,0.875,-0.07,0.043,-0.025,90,343.5,96,2.5,0,71.567,124.34,-2.445,-0.52,0,0,0,0,1841

Main.js:462 397.421,383.972,237,237,-0.661,-0.631,-0.027,-0.042,0,0,1,1,0,0,0,0,0,0,0,0,0,0,0,0,0,0,0,0,123.799,133.547,328.5,162,0.871,-0.091,0.043,-0.026,89,346,96,2.5,0,69.122,123.82,-2.445,-0.52,0,0,0,0,1858

Main.js:462 396.768,383.332,238.5,238.5,-0.653,-0.64,-0.026,-0.043,0,0,1,1,0,0,0,0,0,0,0,0,0,0,0,0,0,0,0,0,124.667,133.434,327,159,0.868,-0.113,0.042,-0.027,88,348.5,96,2.5,0,66.676,123.3,-2.445,-0.52,0,0,0,0,1874

Main.js:462 396.123,382.684,238.5,238.5,-0.645,-0.649,-0.026,-0.043,0,0,0,1,0,0,0,0,0,0,0,0,0,0,0,0,0,0,0,0,125.53,133.3,325.5,156,0.863,-0.134,0.041,-0.028,87,351,96,2.5,0,64.231,122.78,-2.445,-0.52,0,0,0,0,1891

Main.js:462 395.486,382.027,238.5,238.5,-0.638,-0.657,-0.026,-0.043,0,0,0,1,0,0,0,0,0,0,0,0,0,0,0,0,0,0,0,0,126.389,133.145,324,153,0.859,-0.155,0.04,-0.029,86,353.5,96,2.5,0,61.786,122.261,-2.445,-0.52,0,0,0,0,1908

Main.js:462 394.855,381.363,238.5,238.5,-0.631,-0.664,-0.026,-0.043,0,0,0,1,0,0,0,0,0,0,0,0,0,0,0,0,0,0,0,0,127.243,132.969,322.5,150,0.853,-0.176,0.04,-0.03,85,356,96,2.5,0,59.34,121.741,-2.445,-0.52,0,0,0,0,1925

Main.js:462 394.231,380.691,238.5,238.5,-0.624,-0.672,-0.026,-0.043,0,0,0,1,0,0,0,0,0,0,0,0,0,0,0,0,0,0,0,0,128.09,132.772,321,147,0.848,-0.197,0.039,-0.031,84,358.5,96,2.5,0,56.895,121.221,-2.445,-0.52,0,0,0,0,1942

Main.js:462 393.614,380.013,238.5,238.5,-0.618,-0.678,-0.026,-0.043,0,0,0,1,0,0,0,0,0,0,0,0,0,0,0,0,0,0,0,0,128.932,132.553,319.5,144,0.841,-0.218,0.038,-0.032,83,361,96,2.5,0,54.449,120.701,-2.445,-0.52,0,0,0,0,1958

Main.js:462 393.002,379.328,238.5,238.5,-0.611,-0.685,-0.026,-0.043,0,0,0,1,0,0,0,0,0,0,0,0,0,0,0,0,0,0,0,0,129.766,132.314,318,141,0.835,-0.239,0.037,-0.033,82,363.5,96,2.5,0,52.004,120.181,-2.445,-0.52,0,0,0,0,1974

Main.js:462 392.396,378.636,238.5,238.5,-0.606,-0.691,-0.026,-0.043,99,0,0,1,0,1,0,0,0,0,0,0,0,0,0,0,0,0,0,0,130.594,132.054,316.5,138,0.827,-0.26,0.036,-0.034,81,366,96,2.5,0,49.559,119.662,-2.445,-0.52,0,0,0,0,1992

Main.js:462 391.796,377.939,238.5,238.5,-0.6,-0.697,-0.026,-0.043,98,0,0,1,0,1,0,0,380.723,359.291,-1.306,-2.132,0,0,0,0,0,0,0,0,131.413,131.774,315,135,0.82,-0.28,0.035,-0.035,80,368.5,96,2.5,0,47.113,119.142,-2.445,-0.52,0,0,0,0,2009

Main.js:462 391.201,377.236,238.5,238.5,-0.595,-0.703,-0.026,-0.043,97,0,0,1,0,1,0,0,379.417,357.159,-1.306,-2.132,0,0,0,0,0,0,0,0,132.227,131.475,316.5,135,0.813,-0.299,0.036,-0.034,79,371,96,2.5,0,44.668,118.622,-2.445,-0.52,0,0,0,0,2025

Main.js:462 390.611,376.528,238.5,238.5,-0.59,-0.708,-0.026,-0.043,96,0,0,1,0,1,0,0,378.111,355.027,-1.306,-2.132,0,0,0,0,0,0,0,0,133.034,131.159,318,135,0.808,-0.316,0.037,-0.033,78,373.5,96,2.5,0,42.223,118.102,-2.445,-0.52,0,0,0,0,2042

Main.js:462 390.026,375.815,238.5,238.5,-0.585,-0.713,-0.026,-0.043,95,0,0,1,0,1,0,0,376.805,352.896,-1.306,-2.132,0,0,0,0,0,0,0,0,133.838,130.828,319.5,135,0.803,-0.331,0.038,-0.032,77,376,96,2.5,0,39.777,117.583,-2.445,-0.52,0,0,0,0,2058

Main.js:462 389.445,375.097,238.5,238.5,-0.581,-0.718,-0.026,-0.043,94,0,0,1,0,1,0,0,375.498,350.764,-1.306,-2.132,0,0,0,0,0,0,0,0,134.638,130.483,321,135,0.8,-0.344,0.039,-0.031,76,378.5,96,2.5,0,37.332,117.063,-2.445,-0.52,0,0,0,0,2074

Main.js:462 388.868,374.374,238.5,238.5,-0.577,-0.723,-0.026,-0.043,93,0,0,1,0,0,0,0,374.192,348.633,-1.306,-2.132,0,0,0,0,0,0,0,0,135.436,130.127,322.5,135,0.798,-0.356,0.04,-0.03,75,381,96,2.5,0,34.886,116.543,-2.445,-0.52,0,0,0,0,2093

Main.js:462 388.295,373.647,238.5,238.5,-0.573,-0.727,-0.026,-0.043,92,0,0,1,0,0,0,0,372.886,346.501,-1.306,-2.132,0,0,0,0,0,0,0,0,136.232,129.761,324,135,0.796,-0.366,0.04,-0.029,74,383.5,96,2.5,0,32.441,116.023,-2.445,-0.52,0,0,0,0,2108

Main.js:462 387.726,372.916,238.5,238.5,-0.569,-0.731,-0.026,-0.043,91,0,0,1,0,0,0,0,371.58,344.369,-1.306,-2.132,0,0,0,0,0,0,0,0,137.028,129.386,325.5,135,0.796,-0.375,0.041,-0.028,73,386,96,2.5,0,29.996,115.503,-2.445,-0.52,0,0,0,0,2125

Main.js:462 387.161,372.18,238.5,238.5,-0.565,-0.735,-0.026,-0.043,90,0,0,1,0,0,0,0,370.273,342.238,-1.306,-2.132,0,0,0,0,0,0,0,0,137.824,129.004,327,135,0.796,-0.382,0.042,-0.027,72,388.5,96,2.5,0,27.55,114.984,-2.445,-0.52,0,0,0,0,2141

Main.js:462 386.599,371.441,238.5,238.5,-0.562,-0.739,-0.026,-0.043,89,0,0,1,0,0,0,0,368.967,340.106,-1.306,-2.132,0,0,0,0,0,0,0,0,138.62,128.617,328.5,135,0.797,-0.388,0.043,-0.026,71,391,96,2.5,0,25.105,114.464,-2.445,-0.52,0,0,0,0,2158

Main.js:462 386.041,370.699,238.5,238.5,-0.559,-0.742,-0.026,-0.043,88,0,0,1,0,0,0,0,367.661,337.975,-1.306,-2.132,0,0,0,0,0,0,0,0,139.418,128.225,330,135,0.798,-0.392,0.043,-0.025,70,393.5,96,2.5,0,22.66,113.944,-2.445,-0.52,0,0,0,0,2174

Main.js:462 385.485,369.953,238.5,238.5,-0.555,-0.746,-0.026,-0.043,87,0,0,1,0,0,0,0,366.355,335.843,-1.306,-2.132,0,0,0,0,0,0,0,0,140.218,127.829,331.5,135,0.8,-0.395,0.044,-0.024,69,396,96,2.5,0,20.214,113.424,-2.445,-0.52,0,0,0,0,2191

Main.js:462 384.933,369.204,238.5,238.5,-0.552,-0.749,-0.026,-0.043,86,0,0,1,0,0,0,0,365.048,333.711,-1.306,-2.132,0,0,0,0,0,0,0,0,141.02,127.433,333,135,0.802,-0.397,0.045,-0.023,68,398.5,96,2.5,0,17.769,112.905,-2.445,-0.52,0,0,0,0,2207

Main.js:462 384.383,368.452,238.5,238.5,-0.55,-0.752,-0.026,-0.043,85,0,0,1,0,0,0,0,363.742,331.58,-1.306,-2.132,0,0,0,0,0,0,0,0,141.825,127.035,334.5,135,0.805,-0.397,0.045,-0.022,67,401,96,2.5,0,15.324,112.385,-2.445,-0.52,0,0,0,0,2225

Main.js:462 383.836,367.697,238.5,238.5,-0.547,-0.755,-0.026,-0.043,84,0,0,1,0,0,0,0,362.436,329.448,-1.306,-2.132,0,0,0,0,0,0,0,0,142.632,126.638,336,135,0.808,-0.397,0.046,-0.02,66,403.5,96,2.5,0,12.878,111.865,-2.445,-0.52,0,0,0,0,2243

Main.js:462 383.291,366.939,238.5,238.5,-0.544,-0.758,-0.026,-0.043,83,0,0,1,0,0,0,0,361.13,327.317,-1.306,-2.132,0,0,0,0,0,0,0,0,143.444,126.243,337.5,135,0.811,-0.395,0.046,-0.019,65,406,96,2.5,0,10.433,111.345,-2.445,-0.52,0,0,0,0,2258

Main.js:462 382.749,366.179,238.5,238.5,-0.542,-0.76,-0.026,-0.043,82,0,0,1,0,0,0,0,359.823,325.185,-1.306,-2.132,0,0,0,0,0,0,0,0,144.259,125.85,339,135,0.815,-0.393,0.047,-0.018,64,408.5,96,2.5,0,7.987,110.825,-2.445,-0.52,0,0,0,0,2275

Main.js:462 382.21,365.416,238.5,238.5,-0.54,-0.763,-0.026,-0.043,81,0,0,1,0,0,0,0,358.517,323.053,-1.306,-2.132,0,0,0,0,0,0,0,0,145.078,125.462,340.5,135,0.819,-0.389,0.047,-0.017,63,411,96,2.5,0,5.542,110.306,-2.445,-0.52,0,0,0,0,2292

Main.js:462 381.672,364.651,238.5,238.5,-0.538,-0.765,-0.026,-0.043,80,0,0,1,0,0,0,0,357.211,320.922,-1.306,-2.132,0,0,0,0,0,0,0,0,145.902,125.078,342,135,0.823,-0.384,0.048,-0.015,62,413.5,96,2.5,0,3.097,109.786,-2.445,-0.52,0,0,0,0,2307

Main.js:462 381.136,363.883,238.5,238.5,-0.536,-0.767,-0.026,-0.043,79,0,0,1,0,0,0,0,355.905,318.79,-1.306,-2.132,0,0,0,0,0,0,0,0,146.729,124.699,343.5,135,0.828,-0.378,0.048,-0.014,61,416,96,2.5,0,0.651,109.266,-2.445,-0.52,0,0,0,0,2324

Main.js:462 380.603,363.114,238.5,238.5,-0.534,-0.77,-0.026,-0.043,78,0,0,1,0,0,0,0,355.905,318.79,-1.306,-2.132,0,0,0,0,0,0,0,0,147.562,124.328,345,135,0.832,-0.372,0.048,-0.013,60,418.5,96,2.5,0,0,0,0,0,0,0,0,0,2344

Main.js:462 380.071,362.342,238.5,238.5,-0.532,-0.772,-0.026,-0.043,77,0,0,1,0,0,0,0,354.598,316.659,-1.306,-2.132,0,0,0,0,0,0,0,0,148.399,123.963,346.5,135,0.837,-0.364,0.049,-0.012,59,421,96,2.5,0,0,0,0,0,0,0,0,0,2358

Main.js:462 379.541,361.569,238.5,238.5,-0.53,-0.774,-0.026,-0.043,76,0,0,1,0,0,0,0,353.292,314.527,-1.306,-2.132,0,0,0,0,0,0,0,0,149.24,123.608,348,135,0.841,-0.356,0.049,-0.01,58,423.5,96,2.5,0,0,0,0,0,0,0,0,0,2375

Main.js:462 379.013,360.793,238.5,238.5,-0.528,-0.775,-0.026,-0.043,75,0,0,1,0,0,0,0,351.986,312.395,-1.306,-2.132,0,0,0,0,0,0,0,0,150.086,123.261,349.5,135,0.846,-0.347,0.049,-0.009,57,426,96,2.5,0,0,0,0,0,0,0,0,0,2391

Main.js:462 378.486,360.016,238.5,238.5,-0.527,-0.777,-0.026,-0.043,74,0,0,1,0,0,0,0,350.68,310.264,-1.306,-2.132,0,0,0,0,0,0,0,0,150.937,122.924,351,135,0.851,-0.337,0.049,-0.008,56,428.5,96,2.5,0,0,0,0,0,0,0,0,0,2409

Main.js:462 377.961,359.237,238.5,238.5,-0.525,-0.779,-0.026,-0.043,73,0,0,1,0,0,0,0,349.373,308.132,-1.306,-2.132,0,0,0,0,0,0,0,0,151.792,122.598,352.5,135,0.855,-0.326,0.05,-0.007,55,431,96,2.5,0,0,0,0,0,0,0,0,0,2424

Main.js:462 377.437,358.457,238.5,238.5,-0.524,-0.78,-0.026,-0.043,72,0,0,1,0,0,0,0,348.067,306.001,-1.306,-2.132,0,0,0,0,0,0,0,0,152.652,122.283,354,135,0.86,-0.315,0.05,-0.005,54,433.5,96,2.5,0,0,0,0,0,0,0,0,0,2441

Main.js:462 376.915,357.675,238.5,238.5,-0.522,-0.782,-0.026,-0.043,71,0,0,1,0,0,0,0,346.761,303.869,-1.306,-2.132,0,0,0,0,0,0,0,0,153.516,121.98,355.5,135,0.864,-0.303,0.05,-0.004,53,436,96,2.5,0,0,0,0,0,0,0,0,0,2459

Main.js:462 376.418,356.933,238.5,238.5,-0.496,-0.743,0,0,70,0,0,0,0,0,0,0,345.455,301.737,-1.306,-2.132,0,0,0,0,0,0,0,0,154.384,121.69,357,135,0.868,-0.29,0.05,-0.003,52,438.5,96,2.5,0,0,0,0,0,0,0,0,0,2474

Main.js:462 375.947,356.227,238.5,238.5,-0.471,-0.706,0,0,69,0,0,0,0,0,0,0,344.148,299.606,-1.306,-2.132,0,0,0,0,0,0,0,0,155.257,121.413,358.5,135,0.872,-0.277,0.05,-0.001,51,441,96,2.5,0,0,0,0,0,0,0,0,0,2492

Main.js:462 375.499,355.557,238.5,238.5,-0.448,-0.67,0,0,68,0,0,0,0,0,0,0,342.842,297.474,-1.306,-2.132,0,0,0,0,0,0,0,0,156.133,121.15,0,135,0.876,-0.263,0.05,0,50,443.5,96,2.5,0,0,0,0,0,0,0,0,0,2508

Main.js:462 375.074,354.92,238.5,238.5,-0.425,-0.637,0,0,67,0,0,0,0,0,0,0,341.536,295.343,-1.306,-2.132,0,0,0,0,0,0,0,0,157.013,120.9,0,133.5,0.88,-0.25,0.05,0,49,446,96,2.5,0,0,0,0,0,0,0,0,0,2525

Main.js:462 374.669,354.315,238.5,238.5,-0.404,-0.605,0,0,66,0,0,0,0,0,0,0,340.23,293.211,-1.306,-2.132,0,0,0,0,0,0,0,0,157.897,120.663,0,132,0.883,-0.237,0.05,0,48,448.5,96,2.5,0,0,0,0,0,0,0,0,0,2543

Main.js:462 374.285,353.741,237,237,-0.384,-0.575,0,0,65,1,0,0,0,0,0,0,338.923,291.079,-1.306,-2.132,0,0,0,0,0,0,0,0,158.783,120.437,0,130.5,0.887,-0.226,0.05,0,47,451,96,2.5,0,0,0,0,0,0,0,0,0,2557

Main.js:462 373.921,353.195,235.5,235.5,-0.365,-0.546,0,0,64,1,0,0,0,0,0,0,337.617,288.948,-1.306,-2.132,0,0,0,0,0,0,0,0,159.673,120.223,0,129,0.89,-0.214,0.05,0,46,453.5,96,2.5,0,0,0,0,0,0,0,0,0,2574

Main.js:462 373.574,352.676,234,234,-0.347,-0.519,0,0,63,1,0,0,0,0,0,0,336.311,286.816,-1.306,-2.132,0,0,0,0,0,0,0,0,160.566,120.02,0,127.5,0.893,-0.204,0.05,0,45,456,96,2.5,0,0,0,0,0,0,0,0,0,2591

Main.js:462 373.245,352.183,232.5,232.5,-0.329,-0.493,0,0,62,1,0,0,0,0,0,0,335.005,284.685,-1.306,-2.132,0,0,0,0,0,0,0,0,161.462,119.826,0,126,0.896,-0.193,0.05,0,44,458.5,96,2.5,0,0,0,0,0,0,0,0,0,2608

Main.js:462 372.932,351.715,231,231,-0.313,-0.468,0,0,61,1,0,0,0,0,0,0,333.698,282.553,-1.306,-2.132,0,0,0,0,0,0,0,0,162.361,119.643,0,124.5,0.899,-0.184,0.05,0,43,461,96,2.5,0,0,0,0,0,0,0,0,0,2624

Main.js:462 372.635,351.27,229.5,229.5,-0.297,-0.445,0,0,60,1,0,0,0,0,0,0,332.392,280.421,-1.306,-2.132,0,0,0,0,0,0,0,0,163.262,119.468,0,123,0.901,-0.175,0.05,0,42,463.5,96,2.5,0,0,0,0,0,0,0,0,0,2641

Main.js:462 372.353,350.848,228,228,-0.282,-0.422,0,0,59,1,0,0,0,0,0,0,331.086,278.29,-1.306,-2.132,0,0,0,0,0,0,0,0,164.165,119.302,0,121.5,0.904,-0.166,0.05,0,41,466,96,2.5,0,0,0,0,0,0,0,0,0,2658

Main.js:462 372.085,350.447,226.5,226.5,-0.268,-0.401,0,0,58,1,0,0,0,0,0,0,329.78,276.158,-1.306,-2.132,0,0,0,0,0,0,0,0,165.071,119.145,0,120,0.906,-0.157,0.05,0,40,468.5,96,2.5,0,0,0,0,0,0,0,0,0,2674

Main.js:462 371.83,350.065,225,225,-0.255,-0.381,0,0,57,1,0,0,0,0,0,0,328.474,274.027,-1.306,-2.132,0,0,0,0,0,0,0,0,165.979,118.995,0,118.5,0.908,-0.15,0.05,0,39,471,96,2.5,0,0,0,0,0,0,0,0,0,2691

Main.js:462 371.588,349.703,223.5,223.5,-0.242,-0.362,0,0,56,1,0,0,0,0,0,0,327.167,271.895,-1.306,-2.132,0,0,0,0,0,0,0,0,166.889,118.853,0,117,0.91,-0.142,0.05,0,38,473.5,96,2.5,0,0,0,0,0,0,0,0,0,2708

Main.js:462 371.358,349.359,222,222,-0.23,-0.344,0,0,55,1,0,0,0,0,0,0,325.861,269.763,-1.306,-2.132,0,0,0,0,0,0,0,0,167.802,118.718,0,115.5,0.912,-0.135,0.05,0,37,476,96,2.5,0,0,0,0,0,0,0,0,0,2725

Main.js:462 371.139,349.032,220.5,220.5,-0.218,-0.327,0,0,54,1,0,0,0,0,0,0,324.555,267.632,-1.306,-2.132,0,0,0,0,0,0,0,0,168.716,118.59,0,114,0.914,-0.128,0.05,0,36,478.5,96,2.5,0,0,0,0,0,0,0,0,0,2741

Main.js:462 370.932,348.722,219,219,-0.207,-0.311,0,0,53,1,0,0,0,0,0,0,323.249,265.5,-1.306,-2.132,0,0,0,0,0,0,0,0,169.632,118.468,0,112.5,0.916,-0.122,0.05,0,35,481,96,2.5,0,0,0,0,0,0,0,0,0,2758

Main.js:462 370.735,348.427,217.5,217.5,-0.197,-0.295,0,0,52,1,0,0,0,0,0,0,321.942,263.369,-1.306,-2.132,0,0,0,0,0,0,0,0,170.549,118.352,0,111,0.918,-0.116,0.05,0,34,483.5,96,2.5,0,0,0,0,0,0,0,0,0,2775

Main.js:462 370.509,348.119,216,216,-0.226,-0.308,-0.04,-0.029,51,1,0,1,0,0,0,0,320.636,261.237,-1.306,-2.132,0,0,0,0,0,0,0,0,171.468,118.242,0,109.5,0.919,-0.11,0.05,0,33,486,96,2.5,0,0,0,0,0,0,0,0,0,2791

Main.js:462 370.256,347.799,214.5,214.5,-0.254,-0.32,-0.041,-0.028,50,1,0,1,0,0,0,0,319.33,259.105,-1.306,-2.132,0,0,0,0,0,0,0,0,172.389,118.138,0,108,0.921,-0.104,0.05,0,32,488.5,96,2.5,0,0,0,0,0,0,0,0,0,2808

Main.js:462 369.976,347.468,214.5,214.5,-0.28,-0.331,-0.041,-0.028,49,0,0,1,0,0,0,0,318.024,256.974,-1.306,-2.132,0,0,0,0,0,0,0,0,173.311,118.038,0,106.5,0.922,-0.099,0.05,0,31,491,96,2.5,0,0,0,0,0,0,0,0,0,2825

Main.js:462 369.67,347.127,214.5,214.5,-0.305,-0.341,-0.041,-0.028,48,0,0,1,0,0,0,0,316.717,254.842,-1.306,-2.132,0,0,0,0,0,0,0,0,174.235,117.944,0,105,0.924,-0.094,0.05,0,30,493.5,96,2.5,0,0,0,0,0,0,0,0,0,2842

Main.js:462 369.341,346.777,214.5,214.5,-0.329,-0.351,-0.041,-0.028,47,0,0,1,0,0,0,0,315.411,252.711,-1.306,-2.132,0,0,0,0,0,0,0,0,175.16,117.855,0,103.5,0.925,-0.09,0.05,0,29,496,96,2.5,0,0,0,0,0,0,0,0,0,2858

Main.js:462 368.99,346.416,214.5,214.5,-0.352,-0.36,-0.041,-0.028,46,0,0,1,0,0,0,0,314.105,250.579,-1.306,-2.132,0,0,0,0,0,0,0,0,176.086,117.769,0,102,0.926,-0.085,0.05,0,28,498.5,96,2.5,0,0,0,0,0,0,0,0,0,2876

Main.js:462 368.616,346.047,214.5,214.5,-0.373,-0.369,-0.041,-0.028,45,0,0,1,0,0,0,0,314.105,250.579,-1.306,-2.132,0,0,0,0,0,0,0,0,177.013,117.689,0,100.5,0.927,-0.081,0.05,0,27,0,0,0,0,0,0,0,0,0,0,0,0,2891

Main.js:462 368.223,345.67,214.5,214.5,-0.394,-0.378,-0.041,-0.028,44,0,0,1,0,0,0,0,312.799,248.447,-1.306,-2.132,0,0,0,0,0,0,0,0,177.942,117.612,0,99,0.928,-0.077,0.05,0,26,0,0,0,0,0,0,0,0,0,0,0,0,2908

Main.js:462 367.809,345.284,214.5,214.5,-0.413,-0.386,-0.041,-0.028,43,0,0,1,0,0,0,0,311.492,246.316,-1.306,-2.132,0,0,0,0,0,0,0,0,178.871,117.539,0,97.5,0.93,-0.073,0.05,0,25,0,0,0,0,0,0,0,0,0,0,0,0,2924

Main.js:462 367.378,344.891,214.5,214.5,-0.432,-0.393,-0.041,-0.028,42,0,0,1,0,0,0,0,310.186,244.184,-1.306,-2.132,0,0,0,0,0,0,0,0,179.802,117.47,0,96,0.931,-0.069,0.05,0,24,0,0,0,0,0,0,0,0,0,0,0,0,2941

Main.js:462 366.928,344.491,214.5,214.5,-0.449,-0.4,-0.041,-0.028,41,0,0,1,0,0,0,0,308.88,242.053,-1.306,-2.132,0,0,0,0,0,0,0,0,180.733,117.404,0,94.5,0.932,-0.066,0.05,0,23,0,0,0,0,0,0,0,0,0,0,0,0,2959

Main.js:462 366.462,344.083,214.5,214.5,-0.466,-0.407,-0.041,-0.028,40,0,0,1,0,0,0,0,307.574,239.921,-1.306,-2.132,0,0,0,0,0,0,0,0,181.666,117.341,0,93,0.932,-0.063,0.05,0,22,0,0,0,0,0,0,0,0,0,0,0,0,2974

Main.js:462 365.98,343.669,214.5,214.5,-0.482,-0.414,-0.041,-0.028,39,0,0,1,0,0,0,0,306.267,237.789,-1.306,-2.132,0,0,0,0,0,0,0,0,182.599,117.282,0,91.5,0.933,-0.059,0.05,0,21,0,0,0,0,0,0,0,0,0,0,0,0,2991

Main.js:462 365.484,343.249,214.5,214.5,-0.497,-0.42,-0.041,-0.028,38,0,0,1,0,0,0,0,304.961,235.658,-1.306,-2.132,0,0,0,0,0,0,0,0,183.533,117.225,0,90,0.934,-0.056,0.05,0,20,0,0,0,0,0,0,0,0,0,0,0,0,3008

Main.js:462 364.972,342.823,214.5,214.5,-0.511,-0.426,-0.041,-0.028,37,0,0,1,0,0,0,0,303.655,233.526,-1.306,-2.132,0,0,0,0,0,0,0,0,184.468,117.17,358.5,87,0.935,-0.055,0.05,-0.001,19,0,0,0,0,0,0,0,0,0,0,0,0,3024

Main.js:462 364.448,342.392,214.5,214.5,-0.525,-0.432,-0.041,-0.028,36,0,0,1,0,0,0,0,302.349,231.395,-1.306,-2.132,0,0,0,0,0,0,0,0,185.404,117.116,357,84,0.936,-0.055,0.05,-0.003,18,0,0,0,0,0,0,0,0,0,0,0,0,3041

Main.js:462 363.91,341.955,214.5,214.5,-0.538,-0.437,-0.041,-0.028,35,0,0,1,0,0,0,0,301.042,229.263,-1.306,-2.132,0,0,0,0,0,0,0,0,186.34,117.06,355.5,81,0.936,-0.056,0.05,-0.004,17,0,0,0,0,0,0,0,0,0,0,0,0,3058

Main.js:462 363.36,341.513,214.5,214.5,-0.55,-0.442,-0.041,-0.028,34,0,0,1,0,0,0,0,299.736,227.131,-1.306,-2.132,0,0,0,0,0,0,0,0,187.277,117.002,354,78,0.937,-0.058,0.05,-0.005,16,0,0,0,0,0,0,0,0,0,0,0,0,3075

Main.js:462 362.799,341.066,214.5,214.5,-0.562,-0.447,-0.041,-0.028,33,0,0,1,0,0,0,0,298.43,225,-1.306,-2.132,0,0,0,0,0,0,0,0,188.214,116.941,352.5,75,0.937,-0.061,0.05,-0.007,15,0,0,0,0,0,0,0,0,0,0,0,0,3092

Main.js:462 362.226,340.615,214.5,214.5,-0.573,-0.451,-0.041,-0.028,32,0,0,1,0,0,0,0,297.124,222.868,-1.306,-2.132,0,0,0,0,0,0,0,0,189.151,116.876,351,72,0.937,-0.065,0.049,-0.008,14,0,0,0,0,0,0,0,0,0,0,0,0,3107

Main.js:462 361.643,340.159,214.5,214.5,-0.583,-0.456,-0.041,-0.028,31,0,0,1,0,0,0,0,295.817,220.737,-1.306,-2.132,0,0,0,0,0,0,0,0,190.087,116.805,349.5,69,0.937,-0.071,0.049,-0.009,13,0,0,0,0,0,0,0,0,0,0,0,0,3124

Main.js:462 361.05,339.699,214.5,214.5,-0.593,-0.46,-0.041,-0.028,30,0,0,1,0,0,0,0,294.511,218.605,-1.306,-2.132,0,0,0,0,0,0,0,0,191.024,116.728,348,66,0.936,-0.077,0.049,-0.01,12,0,0,0,0,0,0,0,0,0,0,0,0,3140

Main.js:462 360.447,339.236,214.5,214.5,-0.603,-0.464,-0.041,-0.028,29,0,0,1,0,0,0,0,293.205,216.473,-1.306,-2.132,0,0,0,0,0,0,0,0,191.96,116.643,346.5,63,0.936,-0.084,0.049,-0.012,11,0,0,0,0,0,0,0,0,0,0,0,0,3157

Main.js:462 359.835,338.768,214.5,214.5,-0.612,-0.467,-0.041,-0.028,28,0,0,1,0,0,0,0,291.899,214.342,-1.306,-2.132,0,0,0,0,0,0,0,0,192.895,116.551,345,60,0.935,-0.093,0.048,-0.013,10,0,0,0,0,0,0,0,0,0,0,0,0,3188

Main.js:462 359.215,338.297,214.5,214.5,-0.62,-0.471,-0.041,-0.028,27,0,0,1,0,0,0,0,290.592,212.21,-1.306,-2.132,0,0,0,0,0,0,0,0,193.828,116.449,343.5,57,0.934,-0.101,0.048,-0.014,9,0,0,0,0,0,0,0,0,0,0,0,0,3207

Main.js:462 358.587,337.823,214.5,214.5,-0.628,-0.474,-0.041,-0.028,26,0,0,1,0,0,0,0,289.286,210.079,-1.306,-2.132,0,0,0,0,0,0,0,0,194.761,116.338,342,54,0.932,-0.111,0.048,-0.015,8,0,0,0,0,0,0,0,0,0,0,0,0,3223

Main.js:462 357.951,337.346,214.5,214.5,-0.636,-0.477,-0.041,-0.028,25,0,0,1,0,0,0,0,287.98,207.947,-1.306,-2.132,0,0,0,0,0,0,0,0,195.691,116.217,340.5,51,0.93,-0.121,0.047,-0.017,7,0,0,0,0,0,0,0,0,0,0,0,0,3241

Main.js:462 357.307,336.865,214.5,214.5,-0.643,-0.481,-0.041,-0.028,24,0,0,1,0,0,0,0,286.674,205.815,-1.306,-2.132,0,0,0,0,0,0,0,0,196.619,116.085,339,48,0.928,-0.132,0.047,-0.018,6,0,0,0,0,0,0,0,0,0,0,0,0,3258

Main.js:462 356.657,336.382,214.5,214.5,-0.65,-0.483,-0.041,-0.028,23,0,0,1,0,0,0,0,285.367,203.684,-1.306,-2.132,0,0,0,0,0,0,0,0,197.545,115.941,337.5,45,0.926,-0.144,0.046,-0.019,5,0,0,0,0,0,0,0,0,0,0,0,0,3274

Main.js:462 356,335.895,214.5,214.5,-0.657,-0.486,-0.041,-0.028,22,0,0,1,0,0,0,0,284.061,201.552,-1.306,-2.132,0,0,0,0,0,0,0,0,198.468,115.785,336,42,0.923,-0.156,0.046,-0.02,4,0,0,0,0,0,0,0,0,0,0,0,0,3290

Main.js:462 355.336,335.407,214.5,214.5,-0.663,-0.489,-0.041,-0.028,21,0,0,1,0,0,0,0,282.755,199.421,-1.306,-2.132,0,0,0,0,0,0,0,0,199.387,115.617,334.5,39,0.92,-0.169,0.045,-0.022,3,0,0,0,0,0,0,0,0,0,0,0,0,3308

Main.js:462 354.667,334.916,214.5,214.5,-0.669,-0.491,-0.041,-0.028,20,0,0,1,0,0,0,0,281.449,197.289,-1.306,-2.132,0,0,0,0,0,0,0,0,200.303,115.435,333,36,0.916,-0.182,0.045,-0.023,2,0,0,0,0,0,0,0,0,0,0,0,0,3324

Main.js:462 353.992,334.422,214.5,214.5,-0.675,-0.494,-0.041,-0.028,19,0,0,1,0,0,0,0,280.142,195.157,-1.306,-2.132,0,0,0,0,0,0,0,0,201.215,115.24,331.5,33,0.912,-0.195,0.044,-0.024,1,0,0,0,0,0,0,0,0,0,0,0,0,3341

Main.js:462 353.312,333.926,214.5,214.5,-0.68,-0.496,-0.041,-0.028,18,0,0,1,0,0,0,0,278.836,193.026,-1.306,-2.132,0,0,0,0,0,0,0,0,202.122,115.03,330,30,0.907,-0.209,0.043,-0.025,0,0,0,0,0,0,0,0,0,0,0,0,0,3358

Main.js:462 352.626,333.428,214.5,214.5,-0.686,-0.498,-0.041,-0.028,17,0,0,1,0,0,0,0,277.53,190.894,-1.306,-2.132,0,0,0,0,0,0,0,0,203.025,114.807,328.5,27,0.902,-0.224,0.043,-0.026,99,0,0,0,0,0,0,0,0,0,0,0,0,3374

Main.js:462 351.936,332.928,214.5,214.5,-0.69,-0.5,-0.041,-0.028,16,0,0,1,0,0,0,0,276.224,188.763,-1.306,-2.132,0,0,0,0,0,0,0,0,203.922,114.568,327,24,0.897,-0.238,0.042,-0.027,98,223.061,125.699,2.228,1.135,0,0,0,0,0,0,0,0,3392

Main.js:462 351.241,332.427,214.5,214.5,-0.695,-0.502,-0.041,-0.028,15,0,0,1,0,0,0,0,274.917,186.631,-1.306,-2.132,0,0,0,0,0,0,0,0,204.813,114.315,325.5,21,0.891,-0.253,0.041,-0.028,97,225.288,126.834,2.228,1.135,0,0,0,0,0,0,0,0,3408

Main.js:462 350.542,331.923,214.5,214.5,-0.699,-0.504,-0.041,-0.028,14,0,0,1,0,0,0,0,273.611,184.499,-1.306,-2.132,0,0,0,0,0,0,0,0,205.699,114.046,324,18,0.885,-0.269,0.04,-0.029,96,227.516,127.969,2.228,1.135,0,0,0,0,0,0,0,0,3424

Main.js:462 349.838,331.418,214.5,214.5,-0.704,-0.505,-0.041,-0.028,13,0,0,1,0,0,0,0,272.305,182.368,-1.306,-2.132,0,0,0,0,0,0,0,0,206.577,113.762,322.5,15,0.879,-0.284,0.04,-0.03,95,229.743,129.104,2.228,1.135,0,0,0,0,0,0,0,0,3441

Main.js:462 349.13,330.911,214.5,214.5,-0.708,-0.507,-0.041,-0.028,12,0,0,1,0,0,0,0,270.999,180.236,-1.306,-2.132,0,0,0,0,0,0,0,0,207.449,113.463,321,12,0.872,-0.3,0.039,-0.031,94,231.971,130.239,2.228,1.135,0,0,0,0,0,0,0,0,3459

Main.js:462 348.419,330.402,214.5,214.5,-0.711,-0.509,-0.041,-0.028,11,0,0,1,0,0,0,0,269.692,178.105,-1.306,-2.132,0,0,0,0,0,0,0,0,208.313,113.147,319.5,9,0.864,-0.316,0.038,-0.032,93,234.198,131.374,2.228,1.135,0,0,0,0,0,0,0,0,3474

Main.js:462 347.704,329.892,214.5,214.5,-0.715,-0.51,-0.041,-0.028,10,0,0,1,0,0,0,0,268.386,175.973,-1.306,-2.132,0,0,0,0,0,0,0,0,209.17,112.815,318,6,0.856,-0.332,0.037,-0.033,92,236.426,132.509,2.228,1.135,0,0,0,0,0,0,0,0,3491

Main.js:462 346.986,329.381,214.5,214.5,-0.718,-0.511,-0.041,-0.028,9,0,0,1,0,0,0,0,267.08,173.841,-1.306,-2.132,0,0,0,0,0,0,0,0,210.018,112.468,316.5,3,0.848,-0.348,0.036,-0.034,91,238.653,133.644,2.228,1.135,0,0,0,0,0,0,0,0,3508

Main.js:462 346.264,328.868,214.5,214.5,-0.722,-0.513,-0.041,-0.028,8,0,0,1,0,0,0,0,265.774,171.71,-1.306,-2.132,0,0,0,0,0,0,0,0,210.857,112.104,315,0,0.839,-0.364,0.035,-0.035,90,240.881,134.779,2.228,1.135,0,0,0,0,0,0,0,0,3524

Main.js:462 345.54,328.354,214.5,214.5,-0.725,-0.514,-0.041,-0.028,7,0,0,1,0,0,0,0,264.467,169.578,-1.306,-2.132,0,0,0,0,0,0,0,0,211.687,111.723,313.5,-3,0.83,-0.38,0.034,-0.036,89,243.108,135.914,2.228,1.135,0,0,0,0,0,0,0,0,3542

Main.js:462 344.812,327.839,214.5,214.5,-0.728,-0.515,-0.041,-0.028,6,0,0,1,0,0,0,0,263.161,167.447,-1.306,-2.132,0,0,0,0,0,0,0,0,212.507,111.327,312,-6,0.82,-0.396,0.033,-0.037,88,245.336,137.049,2.228,1.135,0,0,0,0,0,0,0,0,3559

Main.js:462 344.082,327.322,214.5,214.5,-0.73,-0.516,-0.041,-0.028,5,0,0,1,0,0,0,0,261.855,165.315,-1.306,-2.132,0,0,0,0,0,0,0,0,213.317,110.914,310.5,-9,0.81,-0.413,0.032,-0.038,87,247.563,138.184,2.228,1.135,0,0,0,0,0,0,0,0,3575

Main.js:462 343.349,326.805,214.5,214.5,-0.733,-0.517,-0.041,-0.028,4,0,0,1,0,0,0,0,260.549,163.183,-1.306,-2.132,0,0,0,0,0,0,0,0,214.116,110.485,309,-12,0.799,-0.429,0.031,-0.039,86,249.791,139.319,2.228,1.135,0,0,0,0,0,0,0,0,3591

Main.js:462 342.614,326.286,214.5,214.5,-0.735,-0.518,-0.041,-0.028,3,0,0,1,0,0,0,0,259.242,161.052,-1.306,-2.132,0,0,0,0,0,0,0,0,214.905,110.04,307.5,-15,0.788,-0.445,0.03,-0.04,85,252.018,140.454,2.228,1.135,0,0,0,0,0,0,0,0,3608

Main.js:462 341.876,325.767,214.5,214.5,-0.738,-0.519,-0.041,-0.028,2,0,0,1,0,0,0,0,257.936,158.92,-1.306,-2.132,0,0,0,0,0,0,0,0,215.682,109.578,306,-18,0.777,-0.461,0.029,-0.04,84,254.246,141.589,2.228,1.135,0,0,0,0,0,0,0,0,3624

Main.js:462 341.137,325.245,216,216,-0.739,-0.521,-0.04,-0.029,1,0,1,1,0,0,0,0,256.63,156.789,-1.306,-2.132,0,0,0,0,0,0,0,0,216.447,109.101,304.5,-21,0.765,-0.478,0.028,-0.041,83,256.473,142.724,2.228,1.135,0,0,0,0,0,0,0,0,3641

Main.js:462 340.397,324.721,217.5,217.5,-0.74,-0.524,-0.04,-0.03,0,0,1,1,0,0,0,0,255.324,154.657,-1.306,-2.132,0,0,0,0,0,0,0,0,217.199,108.607,303,-24,0.753,-0.493,0.027,-0.042,82,258.701,143.859,2.228,1.135,0,0,0,0,0,0,0,0,3659

Main.js:462 339.657,324.193,219,219,-0.74,-0.528,-0.039,-0.031,0,0,1,1,0,0,0,0,254.017,152.525,-1.306,-2.132,0,0,0,0,0,0,0,0,217.939,108.098,301.5,-27,0.74,-0.509,0.026,-0.043,81,260.928,144.994,2.228,1.135,0,0,0,0,0,0,0,0,3674

Main.js:462 338.918,323.661,220.5,220.5,-0.739,-0.532,-0.038,-0.032,0,0,1,1,0,0,0,0,252.711,150.394,-1.306,-2.132,0,0,0,0,0,0,0,0,218.665,107.573,300,-30,0.727,-0.525,0.025,-0.043,80,263.156,146.129,2.228,1.135,0,0,0,0,0,0,0,0,3691

Main.js:462 338.18,323.123,222,222,-0.737,-0.538,-0.037,-0.033,0,0,1,1,0,0,0,0,251.405,148.262,-1.306,-2.132,0,0,0,0,0,0,0,0,219.378,107.033,298.5,-33,0.713,-0.54,0.024,-0.044,79,265.384,147.264,2.228,1.135,0,0,0,0,0,0,0,0,3708

Main.js:462 337.445,322.58,223.5,223.5,-0.735,-0.543,-0.036,-0.034,0,0,1,1,0,0,0,0,250.099,146.131,-1.306,-2.132,0,0,0,0,0,0,0,0,220.077,106.477,297,-36,0.699,-0.556,0.023,-0.045,78,267.611,148.399,2.228,1.135,0,0,0,0,0,0,0,0,3724

Main.js:462 336.712,322.031,223.5,223.5,-0.733,-0.549,-0.036,-0.034,0,0,0,1,0,0,0,0,248.792,143.999,-1.306,-2.132,0,0,0,0,0,0,0,0,220.761,105.906,295.5,-39,0.684,-0.571,0.022,-0.045,77,269.839,149.533,2.228,1.135,0,0,0,0,0,0,0,0,3741

Main.js:462 335.982,321.477,223.5,223.5,-0.731,-0.554,-0.036,-0.034,0,0,0,1,0,0,0,0,247.486,141.867,-1.306,-2.132,0,0,0,0,0,0,0,0,221.431,105.32,294,-42,0.669,-0.586,0.02,-0.046,76,272.066,150.668,2.228,1.135,0,0,0,0,0,0,0,0,3758

Main.js:462 335.253,320.918,223.5,223.5,-0.728,-0.559,-0.036,-0.034,0,0,0,1,0,0,0,0,246.18,139.736,-1.306,-2.132,0,0,0,0,0,0,0,0,222.085,104.72,292.5,-45,0.654,-0.6,0.019,-0.046,75,274.294,151.803,2.228,1.135,0,0,0,0,0,0,0,0,3774

Main.js:462 334.527,320.354,223.5,223.5,-0.726,-0.564,-0.036,-0.034,0,0,0,1,0,0,0,0,244.874,137.604,-1.306,-2.132,0,0,0,0,0,0,0,0,222.723,104.105,291,-48,0.638,-0.615,0.018,-0.047,74,276.521,152.938,2.228,1.135,0,0,0,0,0,0,0,0,3791

Main.js:462 333.802,319.786,223.5,223.5,-0.725,-0.568,-0.036,-0.034,0,0,0,1,0,0,0,0,243.567,135.473,-1.306,-2.132,0,0,0,0,0,0,0,0,223.346,103.477,289.5,-51,0.622,-0.629,0.017,-0.047,73,278.749,154.073,2.228,1.135,0,0,0,0,0,0,0,0,3808

Main.js:462 333.079,319.213,223.5,223.5,-0.723,-0.573,-0.036,-0.034,0,0,0,1,0,0,0,0,242.261,133.341,-1.306,-2.132,0,0,0,0,0,0,0,0,223.952,102.834,288,-54,0.606,-0.642,0.015,-0.048,72,280.976,155.208,2.228,1.135,0,0,0,0,0,0,0,0,3826

Main.js:462 332.358,318.636,223.5,223.5,-0.721,-0.577,-0.036,-0.034,0,0,0,1,0,0,0,0,240.955,131.209,-1.306,-2.132,0,0,0,0,0,0,0,0,224.541,102.178,286.5,-57,0.589,-0.656,0.014,-0.048,71,283.204,156.343,2.228,1.135,0,0,0,0,0,0,0,0,3841

Main.js:462 331.639,318.056,223.5,223.5,-0.72,-0.581,-0.036,-0.034,0,0,0,1,0,0,0,0,239.649,129.078,-1.306,-2.132,0,0,0,0,0,0,0,0,225.113,101.51,285,-60,0.572,-0.669,0.013,-0.048,70,285.431,157.478,2.228,1.135,0,0,0,0,0,0,0,0,3857

Main.js:462 330.921,317.471,223.5,223.5,-0.718,-0.584,-0.036,-0.034,0,0,0,1,0,0,0,0,238.343,126.946,-1.306,-2.132,0,0,0,0,0,0,0,0,225.667,100.828,283.5,-63,0.554,-0.682,0.012,-0.049,69,287.659,158.613,2.228,1.135,0,0,0,0,0,0,0,0,3875

Main.js:462 330.204,316.884,223.5,223.5,-0.717,-0.588,-0.036,-0.034,0,0,0,1,0,0,0,0,237.036,124.815,-1.306,-2.132,0,0,0,0,0,0,0,0,226.204,100.134,282,-66,0.537,-0.694,0.01,-0.049,68,289.886,159.748,2.228,1.135,0,0,0,0,0,0,0,0,3892

Main.js:462 329.489,316.292,223.5,223.5,-0.715,-0.591,-0.036,-0.034,0,0,0,1,0,0,0,0,235.73,122.683,-1.306,-2.132,0,0,0,0,0,0,0,0,226.722,99.428,280.5,-69,0.518,-0.706,0.009,-0.049,67,292.114,160.883,2.228,1.135,0,0,0,0,0,0,0,0,3907

Main.js:462 328.775,315.698,223.5,223.5,-0.714,-0.594,-0.036,-0.034,0,0,0,1,0,0,0,0,234.424,120.551,-1.306,-2.132,0,0,0,0,0,0,0,0,227.222,98.71,279,-72,0.5,-0.718,0.008,-0.049,66,294.341,162.018,2.228,1.135,0,0,0,0,0,0,0,0,3925

Main.js:462 328.062,315.101,223.5,223.5,-0.713,-0.597,-0.036,-0.034,0,0,0,1,0,0,0,0,233.118,118.42,-1.306,-2.132,0,0,0,0,0,0,0,0,227.703,97.981,277.5,-75,0.481,-0.729,0.007,-0.05,65,296.569,163.153,2.228,1.135,0,0,0,0,0,0,0,0,3941

Main.js:462 327.351,314.501,223.5,223.5,-0.711,-0.6,-0.036,-0.034,0,0,0,1,0,0,0,0,231.811,116.288,-1.306,-2.132,0,0,0,0,0,0,0,0,228.165,97.242,276,-78,0.462,-0.74,0.005,-0.05,64,298.796,164.288,2.228,1.135,0,0,0,0,0,0,0,0,3957

Main.js:462 326.64,313.898,223.5,223.5,-0.71,-0.603,-0.036,-0.034,0,0,0,1,0,0,0,0,230.505,114.157,-1.306,-2.132,0,0,0,0,0,0,0,0,228.608,96.491,274.5,-81,0.443,-0.75,0.004,-0.05,63,301.024,165.423,2.228,1.135,0,0,0,0,0,0,0,0,3976

Main.js:462 325.931,313.293,223.5,223.5,-0.709,-0.605,-0.036,-0.034,0,0,0,1,0,0,0,0,229.199,112.025,-1.306,-2.132,0,0,0,0,0,0,0,0,229.031,95.732,273,-84,0.423,-0.76,0.003,-0.05,62,303.251,166.558,2.228,1.135,0,0,0,0,0,0,0,0,3991

Main.js:462 325.223,312.685,223.5,223.5,-0.708,-0.608,-0.036,-0.034,0,0,0,1,0,0,0,0,227.893,109.893,-1.306,-2.132,0,0,0,0,0,0,0,0,229.434,94.962,271.5,-87,0.403,-0.769,0.001,-0.05,61,305.479,167.693,2.228,1.135,0,0,0,0,0,0,0,0,4009

Main.js:462 324.515,312.075,223.5,223.5,-0.707,-0.61,-0.036,-0.034,0,0,0,1,0,0,0,0,227.893,109.893,-1.306,-2.132,0,0,0,0,0,0,0,0,229.819,94.184,273,-87,0.385,-0.778,0.003,-0.05,60,305.479,167.693,2.228,1.135,0,0,0,0,0,0,0,0,4024

