Main.js:143 myTank.x,myTank.y,myTank.rotation,myTank.cannonRotation,myTank.velocityX,myTank.velocityY,myTank.accelerationX,myTank.accelerationY,myTank.shootCooldown,myTank.controls.turnLeft,myTank.controls.turnRight,myTank.controls.goForward,myTank.controls.goBack,myTank.controls.shoot,myTank.controls.cannonLeft,myTank.controls.cannonRight,myBullet1.x,myBullet1.y,myBullet1.velocityX,myBullet1.velocityY,myBullet2.x,myBullet2.y,myBullet2.velocityX,myBullet2.velocityY,myBullet3.x,myBullet3.y,myBullet3.velocityX,myBullet3.velocityY,enemyTank.x,enemyTank.y,enemyTank.rotation,enemyTank.cannonRotation,enemyTank.velocityX,enemyTank.velocityY,enemyTank.accelerationX,enemyTank.accelerationY,enemyTank.shootCooldown,enemyBullet1.x,enemyBullet1.y,enemyBullet1.velocityX,enemyBullet1.velocityY,enemyBullet2.x,enemyBullet2.y,enemyBullet2.velocityX,enemyBullet2.velocityY,enemyBullet3.x,enemyBullet3.y,enemyBullet3.velocityX,enemyBullet3.velocityY,currentGameTime
Main.js:462 50,223,0,0,0,0,0,0,0,0,0,0,0,0,0,0,0,0,0,0,0,0,0,0,0,0,0,0,450,277,180,180,0,0,0,0,0,0,0,0,0,0,0,0,0,0,0,0,0,6

Main.js:462 50,223,0,0,0,0,0,0,0,0,0,0,0,0,0,0,0,0,0,0,0,0,0,0,0,0,0,0,450,277,180,180,0,0,0,0,0,0,0,0,0,0,0,0,0,0,0,0,0,34

Main.js:462 50,223,0,0,0,0,0,0,0,0,0,0,0,0,0,0,0,0,0,0,0,0,0,0,0,0,0,0,449.953,276.999,181.5,180,-0.047,-0.001,-0.05,-0.001,99,0,0,0,0,0,0,0,0,0,0,0,0,48

Main.js:462 50,223,0,0,0,0,0,0,0,0,0,0,0,0,0,0,0,0,0,0,0,0,0,0,0,0,0,0,449.86,276.995,183,180,-0.093,-0.004,-0.05,-0.003,98,426.5,277,-2.5,0,0,0,0,0,0,0,0,0,65

Main.js:462 50,223,0,0,0,0,0,0,0,0,0,0,0,0,0,0,0,0,0,0,0,0,0,0,0,0,0,0,449.725,276.988,184.5,180,-0.135,-0.007,-0.05,-0.004,97,424,277,-2.5,0,0,0,0,0,0,0,0,0,83

Main.js:462 50,223,0,0,0,0,0,0,0,0,0,0,0,0,0,0,0,0,0,0,0,0,0,0,0,0,0,0,449.549,276.976,186,180,-0.176,-0.012,-0.05,-0.005,96,421.5,277,-2.5,0,0,0,0,0,0,0,0,0,98

Main.js:462 50,223,0,0,0,0,0,0,0,0,0,0,0,0,0,0,0,0,0,0,0,0,0,0,0,0,0,0,449.335,276.959,187.5,180,-0.214,-0.017,-0.05,-0.007,95,419,277,-2.5,0,0,0,0,0,0,0,0,0,115

Main.js:462 50.048,223,0,0,0.048,0,0.05,0,0,0,0,1,0,0,0,0,0,0,0,0,0,0,0,0,0,0,0,0,449.085,276.935,189,180,-0.25,-0.024,-0.049,-0.008,94,416.5,277,-2.5,0,0,0,0,0,0,0,0,0,132

Main.js:462 50.14,223,0,0,0.093,0,0.05,0,0,0,0,1,0,0,0,0,0,0,0,0,0,0,0,0,0,0,0,0,448.8,276.903,190.5,180,-0.284,-0.031,-0.049,-0.009,93,414,277,-2.5,0,0,0,0,0,0,0,0,0,150

Main.js:462 50.276,223,0,0,0.135,0,0.05,0,0,0,0,1,0,0,0,0,0,0,0,0,0,0,0,0,0,0,0,0,448.483,276.863,192,180,-0.317,-0.04,-0.049,-0.01,92,411.5,277,-2.5,0,0,0,0,0,0,0,0,0,166

Main.js:462 50.452,223,0,0,0.176,0,0.05,0,0,0,0,1,0,0,0,0,0,0,0,0,0,0,0,0,0,0,0,0,448.136,276.815,193.5,180,-0.347,-0.049,-0.049,-0.012,91,409,277,-2.5,0,0,0,0,0,0,0,0,0,182

Main.js:462 50.667,223,0,0,0.215,0,0.05,0,0,0,0,1,0,0,0,0,0,0,0,0,0,0,0,0,0,0,0,0,447.761,276.756,195,180,-0.376,-0.059,-0.048,-0.013,90,406.5,277,-2.5,0,0,0,0,0,0,0,0,0,200

Main.js:462 50.918,223,0,0,0.252,0,0.05,0,0,0,0,1,0,0,0,0,0,0,0,0,0,0,0,0,0,0,0,0,447.359,276.687,196.5,180,-0.402,-0.069,-0.048,-0.014,89,404,277,-2.5,0,0,0,0,0,0,0,0,0,216

Main.js:462 51.205,223,0,0,0.287,0,0.05,0,0,0,0,1,0,0,0,0,0,0,0,0,0,0,0,0,0,0,0,0,446.931,276.606,198,180,-0.427,-0.08,-0.048,-0.015,88,401.5,277,-2.5,0,0,0,0,0,0,0,0,0,232

Main.js:462 51.525,223,0,0,0.32,0,0.05,0,0,0,0,1,0,0,0,0,0,0,0,0,0,0,0,0,0,0,0,0,446.48,276.514,199.5,180,-0.451,-0.092,-0.047,-0.017,87,399,277,-2.5,0,0,0,0,0,0,0,0,0,248

Main.js:462 51.876,223,0,0,0.351,0,0.05,0,0,0,0,1,0,0,0,0,0,0,0,0,0,0,0,0,0,0,0,0,446.008,276.409,201,180,-0.473,-0.105,-0.047,-0.018,86,396.5,277,-2.5,0,0,0,0,0,0,0,0,0,266

Main.js:462 52.257,223,0,0,0.381,0,0.05,0,0,0,0,1,0,0,0,0,0,0,0,0,0,0,0,0,0,0,0,0,445.515,276.292,202.5,180,-0.493,-0.118,-0.046,-0.019,85,394,277,-2.5,0,0,0,0,0,0,0,0,0,284

Main.js:462 52.667,223,0,0,0.41,0,0.05,0,0,0,0,1,0,0,0,0,0,0,0,0,0,0,0,0,0,0,0,0,445.003,276.16,204,180,-0.512,-0.131,-0.046,-0.02,84,391.5,277,-2.5,0,0,0,0,0,0,0,0,0,299

Main.js:462 53.103,223,0,0,0.437,0,0.05,0,0,0,0,1,0,0,0,0,0,0,0,0,0,0,0,0,0,0,0,0,444.474,276.015,205.5,180,-0.529,-0.145,-0.045,-0.022,83,389,277,-2.5,0,0,0,0,0,0,0,0,0,315

Main.js:462 53.566,223,0,0,0.462,0,0.05,0,0,0,0,1,0,0,0,0,0,0,0,0,0,0,0,0,0,0,0,0,443.93,275.856,207,180,-0.545,-0.159,-0.045,-0.023,82,386.5,277,-2.5,0,0,0,0,0,0,0,0,0,332

Main.js:462 54.053,223,0,0,0.487,0,0.05,0,0,0,0,1,0,0,0,0,0,0,0,0,0,0,0,0,0,0,0,0,443.37,275.682,208.5,180,-0.559,-0.174,-0.044,-0.024,81,384,277,-2.5,0,0,0,0,0,0,0,0,0,349

Main.js:462 54.562,223,0,0,0.51,0,0.05,0,0,0,0,1,0,0,0,0,0,0,0,0,0,0,0,0,0,0,0,0,442.798,275.493,210,180,-0.572,-0.189,-0.043,-0.025,80,381.5,277,-2.5,0,0,0,0,0,0,0,0,0,366

Main.js:462 55.094,223,0,0,0.532,0,0.05,0,0,0,0,1,0,0,0,0,0,0,0,0,0,0,0,0,0,0,0,0,442.213,275.289,211.5,180,-0.584,-0.204,-0.043,-0.026,79,379,277,-2.5,0,0,0,0,0,0,0,0,0,383

Main.js:462 55.647,223,0,0,0.553,0,0.05,0,0,0,0,1,0,0,0,0,0,0,0,0,0,0,0,0,0,0,0,0,441.618,275.069,213,180,-0.595,-0.22,-0.042,-0.027,78,376.5,277,-2.5,0,0,0,0,0,0,0,0,0,399

Main.js:462 56.22,223,0,0,0.573,0,0.05,0,0,0,0,1,0,0,0,0,0,0,0,0,0,0,0,0,0,0,0,0,441.014,274.833,214.5,180,-0.604,-0.236,-0.041,-0.028,77,374,277,-2.5,0,0,0,0,0,0,0,0,0,415

Main.js:462 56.811,223,0,0,0.592,0,0.05,0,0,0,0,1,0,0,0,0,0,0,0,0,0,0,0,0,0,0,0,0,440.402,274.581,216,180,-0.613,-0.252,-0.04,-0.029,76,371.5,277,-2.5,0,0,0,0,0,0,0,0,0,432

Main.js:462 57.421,223.001,1.5,1.5,0.609,0.001,0.05,0.001,0,0,1,1,0,0,0,0,0,0,0,0,0,0,0,0,0,0,0,0,439.782,274.312,217.5,180,-0.62,-0.268,-0.04,-0.03,75,369,277,-2.5,0,0,0,0,0,0,0,0,0,449

Main.js:462 58.047,223.005,3,3,0.626,0.004,0.05,0.003,0,0,1,1,0,0,0,0,0,0,0,0,0,0,0,0,0,0,0,0,439.156,274.027,219,180,-0.626,-0.285,-0.039,-0.031,74,366.5,277,-2.5,0,0,0,0,0,0,0,0,0,467

Main.js:462 58.689,223.012,4.5,4.5,0.642,0.007,0.05,0.004,0,0,1,1,0,0,0,0,0,0,0,0,0,0,0,0,0,0,0,0,438.526,273.726,220.5,180,-0.63,-0.301,-0.038,-0.032,73,364,277,-2.5,0,0,0,0,0,0,0,0,0,482

Main.js:462 59.347,223.024,6,6,0.658,0.012,0.05,0.005,0,0,1,1,0,0,0,0,0,0,0,0,0,0,0,0,0,0,0,0,437.892,273.408,222,180,-0.634,-0.318,-0.037,-0.033,72,361.5,277,-2.5,0,0,0,0,0,0,0,0,0,500

Main.js:462 60.019,223.041,7.5,7.5,0.672,0.017,0.05,0.007,0,0,1,1,0,0,0,0,0,0,0,0,0,0,0,0,0,0,0,0,437.254,273.074,222,178.5,-0.638,-0.334,-0.037,-0.033,71,359,277,-2.5,0,0,0,0,0,0,0,0,0,518

Main.js:462 60.704,223.065,9,9,0.685,0.024,0.049,0.008,0,0,1,1,0,0,0,0,0,0,0,0,0,0,0,0,0,0,0,0,436.613,272.724,222,177,-0.641,-0.349,-0.037,-0.033,70,356.5,277,-2.5,0,0,0,0,0,0,0,0,0,532

Main.js:462 61.402,223.096,9,9,0.698,0.03,0.049,0.008,0,0,0,1,0,0,0,0,0,0,0,0,0,0,0,0,0,0,0,0,435.968,272.361,222,175.5,-0.644,-0.363,-0.037,-0.033,69,354,277,-2.5,0,0,0,0,0,0,0,0,0,549

Main.js:462 62.111,223.132,9,9,0.71,0.036,0.049,0.008,0,0,0,1,0,0,0,0,0,0,0,0,0,0,0,0,0,0,0,0,435.321,271.984,222,174,-0.647,-0.377,-0.037,-0.033,68,351.5,277,-2.5,0,0,0,0,0,0,0,0,0,566

Main.js:462 62.833,223.173,9,9,0.721,0.042,0.049,0.008,0,0,0,1,0,0,0,0,0,0,0,0,0,0,0,0,0,0,0,0,434.671,271.594,222,172.5,-0.65,-0.39,-0.037,-0.033,67,349,277,-2.5,0,0,0,0,0,0,0,0,0,582

Main.js:462 63.565,223.221,9,9,0.732,0.047,0.049,0.008,0,0,0,1,0,0,0,0,0,0,0,0,0,0,0,0,0,0,0,0,434.017,271.192,222,171,-0.653,-0.402,-0.037,-0.033,66,346.5,277,-2.5,0,0,0,0,0,0,0,0,0,598

Main.js:462 64.307,223.273,9,9,0.742,0.052,0.049,0.008,0,0,0,1,0,0,0,0,0,0,0,0,0,0,0,0,0,0,0,0,433.361,270.778,222,169.5,-0.656,-0.414,-0.037,-0.033,65,344,277,-2.5,0,0,0,0,0,0,0,0,0,616

Main.js:462 65.059,223.33,9,9,0.752,0.057,0.049,0.008,0,0,0,1,0,0,0,0,0,0,0,0,0,0,0,0,0,0,0,0,432.703,270.353,222,168,-0.658,-0.425,-0.037,-0.033,64,341.5,277,-2.5,0,0,0,0,0,0,0,0,0,632

Main.js:462 65.821,223.391,9,9,0.761,0.062,0.049,0.008,0,0,0,1,0,0,0,0,0,0,0,0,0,0,0,0,0,0,0,0,432.042,269.917,222,166.5,-0.661,-0.436,-0.037,-0.033,63,339,277,-2.5,0,0,0,0,0,0,0,0,0,650

Main.js:462 66.591,223.457,9,9,0.77,0.066,0.049,0.008,0,0,0,1,0,0,0,0,0,0,0,0,0,0,0,0,0,0,0,0,431.379,269.471,222,165,-0.663,-0.446,-0.037,-0.033,62,336.5,277,-2.5,0,0,0,0,0,0,0,0,0,667

Main.js:462 67.37,223.527,9,9,0.779,0.07,0.049,0.008,0,0,0,1,0,0,0,0,0,0,0,0,0,0,0,0,0,0,0,0,430.714,269.016,222,163.5,-0.665,-0.455,-0.037,-0.033,61,334,277,-2.5,0,0,0,0,0,0,0,0,0,682

Main.js:462 68.156,223.601,9,9,0.787,0.074,0.049,0.008,0,0,0,1,0,0,0,0,0,0,0,0,0,0,0,0,0,0,0,0,430.047,268.552,222,162,-0.667,-0.464,-0.037,-0.033,60,331.5,277,-2.5,0,0,0,0,0,0,0,0,0,699

Main.js:462 68.951,223.679,9,9,0.794,0.078,0.049,0.008,0,0,0,1,0,0,0,0,0,0,0,0,0,0,0,0,0,0,0,0,429.378,268.08,222,160.5,-0.669,-0.473,-0.037,-0.033,59,329,277,-2.5,0,0,0,0,0,0,0,0,0,715

Main.js:462 69.752,223.76,9,9,0.801,0.081,0.049,0.008,0,0,0,1,0,0,0,0,0,0,0,0,0,0,0,0,0,0,0,0,428.707,267.599,222,159,-0.671,-0.481,-0.037,-0.033,58,326.5,277,-2.5,0,0,0,0,0,0,0,0,0,732

Main.js:462 70.56,223.845,9,9,0.808,0.085,0.049,0.008,0,0,0,1,0,0,0,0,0,0,0,0,0,0,0,0,0,0,0,0,428.034,267.11,222,157.5,-0.673,-0.489,-0.037,-0.033,57,324,277,-2.5,0,0,0,0,0,0,0,0,0,750

Main.js:462 71.375,223.933,9,9,0.815,0.088,0.049,0.008,0,0,0,1,0,0,0,0,0,0,0,0,0,0,0,0,0,0,0,0,427.36,266.614,222,156,-0.674,-0.496,-0.037,-0.033,56,321.5,277,-2.5,0,0,0,0,0,0,0,0,0,766

Main.js:462 72.196,224.024,9,9,0.821,0.091,0.049,0.008,0,0,0,1,0,0,0,0,0,0,0,0,0,0,0,0,0,0,0,0,426.684,266.111,222,154.5,-0.676,-0.503,-0.037,-0.033,55,319,277,-2.5,0,0,0,0,0,0,0,0,0,783

Main.js:462 73.023,224.117,9,9,0.827,0.094,0.049,0.008,0,0,0,1,0,0,0,0,0,0,0,0,0,0,0,0,0,0,0,0,426.006,265.602,222,153,-0.677,-0.51,-0.037,-0.033,54,316.5,277,-2.5,0,0,0,0,0,0,0,0,0,800

Main.js:462 73.855,224.214,9,9,0.832,0.097,0.049,0.008,0,0,0,1,0,0,0,0,0,0,0,0,0,0,0,0,0,0,0,0,425.328,265.086,222,151.5,-0.679,-0.516,-0.037,-0.033,53,314,277,-2.5,0,0,0,0,0,0,0,0,0,816

Main.js:462 74.693,224.313,9,9,0.838,0.099,0.049,0.008,0,0,0,1,0,0,0,0,0,0,0,0,0,0,0,0,0,0,0,0,424.647,264.564,222,150,-0.68,-0.522,-0.037,-0.033,52,311.5,277,-2.5,0,0,0,0,0,0,0,0,0,833

Main.js:462 75.536,224.415,9,9,0.843,0.102,0.049,0.008,0,0,0,1,0,0,0,0,0,0,0,0,0,0,0,0,0,0,0,0,423.966,264.036,222,148.5,-0.682,-0.528,-0.037,-0.033,51,309,277,-2.5,0,0,0,0,0,0,0,0,0,849

Main.js:462 76.383,224.519,9,9,0.848,0.104,0.049,0.008,0,0,0,1,0,0,0,0,0,0,0,0,0,0,0,0,0,0,0,0,423.283,263.503,222,147,-0.683,-0.533,-0.037,-0.033,50,306.5,277,-2.5,0,0,0,0,0,0,0,0,0,867

Main.js:462 77.236,224.625,9,9,0.852,0.106,0.049,0.008,0,0,0,1,0,0,0,0,0,0,0,0,0,0,0,0,0,0,0,0,422.599,262.965,222,145.5,-0.684,-0.538,-0.037,-0.033,49,304,277,-2.5,0,0,0,0,0,0,0,0,0,884

Main.js:462 78.092,224.733,9,9,0.856,0.108,0.049,0.008,0,0,0,1,0,0,0,0,0,0,0,0,0,0,0,0,0,0,0,0,421.914,262.422,222,144,-0.685,-0.543,-0.037,-0.033,48,301.5,277,-2.5,0,0,0,0,0,0,0,0,0,900

Main.js:462 78.952,224.843,9,9,0.86,0.11,0.049,0.008,0,0,0,1,0,0,0,0,0,0,0,0,0,0,0,0,0,0,0,0,421.228,261.875,222,142.5,-0.686,-0.548,-0.037,-0.033,47,299,277,-2.5,0,0,0,0,0,0,0,0,0,916

Main.js:462 79.817,224.956,9,9,0.864,0.112,0.049,0.008,0,0,0,1,0,0,0,0,0,0,0,0,0,0,0,0,0,0,0,0,420.541,261.323,222,141,-0.687,-0.552,-0.037,-0.033,46,296.5,277,-2.5,0,0,0,0,0,0,0,0,0,933

Main.js:462 80.685,225.07,9,9,0.868,0.114,0.049,0.008,0,0,0,1,0,0,0,0,0,0,0,0,0,0,0,0,0,0,0,0,419.853,260.767,222,139.5,-0.688,-0.556,-0.037,-0.033,45,294,277,-2.5,0,0,0,0,0,0,0,0,0,949

Main.js:462 81.556,225.185,9,9,0.872,0.116,0.049,0.008,0,0,0,1,0,0,0,0,0,0,0,0,0,0,0,0,0,0,0,0,419.164,260.206,222,138,-0.689,-0.56,-0.037,-0.033,44,291.5,277,-2.5,0,0,0,0,0,0,0,0,0,965

Main.js:462 82.431,225.303,9,9,0.875,0.117,0.049,0.008,0,0,0,1,0,0,0,0,0,0,0,0,0,0,0,0,0,0,0,0,418.474,259.642,222,136.5,-0.69,-0.564,-0.037,-0.033,43,289,277,-2.5,0,0,0,0,0,0,0,0,0,983

Main.js:462 83.309,225.422,9,9,0.878,0.119,0.049,0.008,0,0,0,1,0,0,0,0,0,0,0,0,0,0,0,0,0,0,0,0,417.784,259.075,222,135,-0.691,-0.568,-0.037,-0.033,42,286.5,277,-2.5,0,0,0,0,0,0,0,0,0,1000

Main.js:462 84.19,225.542,9,9,0.881,0.12,0.049,0.008,0,0,0,1,0,0,0,0,0,0,0,0,0,0,0,0,0,0,0,0,417.092,258.504,222,133.5,-0.691,-0.571,-0.037,-0.033,41,284,277,-2.5,0,0,0,0,0,0,0,0,0,1016

Main.js:462 85.074,225.664,9,9,0.884,0.122,0.049,0.008,0,0,0,1,0,0,0,0,0,0,0,0,0,0,0,0,0,0,0,0,416.399,257.931,220.5,130.5,-0.693,-0.573,-0.038,-0.032,40,281.5,277,-2.5,0,0,0,0,0,0,0,0,0,1033

Main.js:462 85.961,225.787,9,9,0.887,0.123,0.049,0.008,0,0,0,1,0,0,0,0,0,0,0,0,0,0,0,0,0,0,0,0,415.704,257.356,219,127.5,-0.695,-0.574,-0.039,-0.031,39,279,277,-2.5,0,0,0,0,0,0,0,0,0,1049

Main.js:462 86.85,225.912,9,9,0.889,0.124,0.049,0.008,0,0,0,1,0,0,0,0,0,0,0,0,0,0,0,0,0,0,0,0,415.006,256.782,217.5,124.5,-0.698,-0.575,-0.04,-0.03,38,276.5,277,-2.5,0,0,0,0,0,0,0,0,0,1066

Main.js:462 87.742,226.037,9,9,0.892,0.126,0.049,0.008,0,0,0,1,0,0,0,0,0,0,0,0,0,0,0,0,0,0,0,0,414.305,256.208,216,121.5,-0.702,-0.574,-0.04,-0.029,37,274,277,-2.5,0,0,0,0,0,0,0,0,0,1082

Main.js:462 88.636,226.163,7.5,7.5,0.894,0.126,0.05,0.007,0,1,0,1,0,0,0,0,0,0,0,0,0,0,0,0,0,0,0,0,413.599,255.636,214.5,118.5,-0.706,-0.572,-0.041,-0.028,36,271.5,277,-2.5,0,0,0,0,0,0,0,0,0,1100

Main.js:462 89.533,226.287,6,6,0.897,0.124,0.05,0.005,0,1,0,1,0,0,0,0,0,0,0,0,0,0,0,0,0,0,0,0,412.889,255.066,213,115.5,-0.71,-0.569,-0.042,-0.027,35,269,277,-2.5,0,0,0,0,0,0,0,0,0,1115

Main.js:462 90.432,226.409,4.5,4.5,0.899,0.122,0.05,0.004,0,1,0,1,0,0,0,0,0,0,0,0,0,0,0,0,0,0,0,0,412.173,254.501,211.5,112.5,-0.715,-0.566,-0.043,-0.026,34,266.5,277,-2.5,0,0,0,0,0,0,0,0,0,1132

Main.js:462 91.334,226.527,3,3,0.902,0.118,0.05,0.003,0,1,0,1,0,0,0,0,0,0,0,0,0,0,0,0,0,0,0,0,411.453,253.94,210,109.5,-0.721,-0.561,-0.043,-0.025,33,264,277,-2.5,0,0,0,0,0,0,0,0,0,1150

Main.js:462 92.238,226.641,1.5,1.5,0.904,0.114,0.05,0.001,0,1,0,1,0,0,0,0,0,0,0,0,0,0,0,0,0,0,0,0,410.727,253.384,208.5,106.5,-0.726,-0.556,-0.044,-0.024,32,261.5,277,-2.5,0,0,0,0,0,0,0,0,0,1167

Main.js:462 93.145,226.749,0,0,0.906,0.108,0.05,0,0,1,0,1,0,0,0,0,0,0,0,0,0,0,0,0,0,0,0,0,409.994,252.834,207,103.5,-0.732,-0.55,-0.045,-0.023,31,259,277,-2.5,0,0,0,0,0,0,0,0,0,1183

Main.js:462 94.053,226.85,358.5,358.5,0.909,0.101,0.05,-0.001,0,1,0,1,0,0,0,0,0,0,0,0,0,0,0,0,0,0,0,0,409.256,252.292,205.5,100.5,-0.739,-0.543,-0.045,-0.022,30,256.5,277,-2.5,0,0,0,0,0,0,0,0,0,1200

Main.js:462 94.964,226.943,357,357,0.911,0.094,0.05,-0.003,0,1,0,1,0,0,0,0,0,0,0,0,0,0,0,0,0,0,0,0,408.511,251.757,204,97.5,-0.745,-0.535,-0.046,-0.02,29,254,277,-2.5,0,0,0,0,0,0,0,0,0,1216

Main.js:462 95.876,227.03,357,357,0.912,0.086,0.05,-0.003,0,0,0,1,0,0,0,0,0,0,0,0,0,0,0,0,0,0,0,0,407.759,251.231,202.5,94.5,-0.752,-0.526,-0.046,-0.019,28,251.5,277,-2.5,0,0,0,0,0,0,0,0,0,1234

Main.js:462 96.791,227.11,357,357,0.914,0.08,0.05,-0.003,0,0,0,1,0,0,0,0,0,0,0,0,0,0,0,0,0,0,0,0,407.001,250.714,201,91.5,-0.758,-0.517,-0.047,-0.018,27,249,277,-2.5,0,0,0,0,0,0,0,0,0,1249

Main.js:462 97.707,227.183,357,357,0.916,0.073,0.05,-0.003,0,0,0,1,0,0,0,0,0,0,0,0,0,0,0,0,0,0,0,0,406.235,250.207,199.5,88.5,-0.765,-0.507,-0.047,-0.017,26,246.5,277,-2.5,0,0,0,0,0,0,0,0,0,1266

Main.js:462 98.624,227.25,357,357,0.918,0.067,0.05,-0.003,0,0,0,1,0,0,0,0,0,0,0,0,0,0,0,0,0,0,0,0,405.463,249.711,198,85.5,-0.772,-0.496,-0.048,-0.015,25,244,277,-2.5,0,0,0,0,0,0,0,0,0,1283

Main.js:462 99.543,227.311,357,357,0.919,0.061,0.05,-0.003,0,0,0,1,0,0,0,0,0,0,0,0,0,0,0,0,0,0,0,0,404.684,249.226,196.5,82.5,-0.779,-0.485,-0.048,-0.014,24,241.5,277,-2.5,0,0,0,0,0,0,0,0,0,1301

Main.js:462 100.464,227.367,357,357,0.921,0.056,0.05,-0.003,0,0,0,1,0,0,0,0,0,0,0,0,0,0,0,0,0,0,0,0,403.898,248.753,195,79.5,-0.786,-0.473,-0.048,-0.013,23,239,277,-2.5,0,0,0,0,0,0,0,0,0,1316

Main.js:462 101.386,227.417,357,357,0.922,0.05,0.05,-0.003,0,0,0,1,0,0,0,0,0,0,0,0,0,0,0,0,0,0,0,0,403.105,248.293,193.5,76.5,-0.793,-0.46,-0.049,-0.012,22,236.5,277,-2.5,0,0,0,0,0,0,0,0,0,1334

Main.js:462 102.31,227.463,357,357,0.923,0.045,0.05,-0.003,0,0,0,1,0,0,0,0,0,0,0,0,0,0,0,0,0,0,0,0,402.305,247.846,192,73.5,-0.8,-0.447,-0.049,-0.01,21,234,277,-2.5,0,0,0,0,0,0,0,0,0,1349

Main.js:462 103.234,227.503,357,357,0.925,0.041,0.05,-0.003,0,0,0,1,0,0,0,0,0,0,0,0,0,0,0,0,0,0,0,0,401.499,247.412,190.5,70.5,-0.806,-0.434,-0.049,-0.009,20,231.5,277,-2.5,0,0,0,0,0,0,0,0,0,1366

Main.js:462 104.16,227.539,357,357,0.926,0.036,0.05,-0.003,0,0,0,1,0,0,0,0,0,0,0,0,0,0,0,0,0,0,0,0,400.686,246.993,189,67.5,-0.813,-0.419,-0.049,-0.008,19,229,277,-2.5,0,0,0,0,0,0,0,0,0,1383

Main.js:462 105.087,227.571,357,357,0.927,0.032,0.05,-0.003,0,0,0,1,0,0,0,0,0,0,0,0,0,0,0,0,0,0,0,0,399.866,246.588,187.5,64.5,-0.82,-0.405,-0.05,-0.007,18,226.5,277,-2.5,0,0,0,0,0,0,0,0,0,1399

Main.js:462 106.015,227.599,357,357,0.928,0.028,0.05,-0.003,0,0,0,1,0,0,0,0,0,0,0,0,0,0,0,0,0,0,0,0,399.04,246.199,186,61.5,-0.826,-0.389,-0.05,-0.005,17,224,277,-2.5,0,0,0,0,0,0,0,0,0,1417

Main.js:462 106.944,227.623,357,357,0.929,0.024,0.05,-0.003,0,0,0,1,0,0,0,0,0,0,0,0,0,0,0,0,0,0,0,0,398.208,245.825,184.5,58.5,-0.832,-0.374,-0.05,-0.004,16,221.5,277,-2.5,0,0,0,0,0,0,0,0,0,1433

Main.js:462 107.875,227.643,357,357,0.93,0.02,0.05,-0.003,0,0,0,1,0,0,0,0,0,0,0,0,0,0,0,0,0,0,0,0,397.371,245.468,183,55.5,-0.838,-0.357,-0.05,-0.003,15,219,277,-2.5,0,0,0,0,0,0,0,0,0,1448

Main.js:462 108.806,227.66,357,357,0.931,0.017,0.05,-0.003,99,0,0,1,0,1,0,0,0,0,0,0,0,0,0,0,0,0,0,0,396.528,245.127,181.5,52.5,-0.843,-0.341,-0.05,-0.001,14,216.5,277,-2.5,0,0,0,0,0,0,0,0,0,1466

Main.js:462 109.738,227.673,357,357,0.932,0.013,0.05,-0.003,98,0,0,1,0,1,0,0,131.342,226.413,2.497,-0.131,0,0,0,0,0,0,0,0,395.679,244.804,180,49.5,-0.849,-0.324,-0.05,0,13,214,277,-2.5,0,0,0,0,0,0,0,0,0,1482

Main.js:462 110.67,227.683,357,357,0.933,0.01,0.05,-0.003,97,0,0,1,0,1,0,0,133.839,226.282,2.497,-0.131,0,0,0,0,0,0,0,0,394.825,244.498,178.5,46.5,-0.854,-0.306,-0.05,0.001,12,211.5,277,-2.5,0,0,0,0,0,0,0,0,0,1500

Main.js:462 111.604,227.691,357,357,0.934,0.007,0.05,-0.003,96,0,0,1,0,1,0,0,136.335,226.152,2.497,-0.131,0,0,0,0,0,0,0,0,393.967,244.209,177,43.5,-0.858,-0.288,-0.05,0.003,11,209,277,-2.5,0,0,0,0,0,0,0,0,0,1515

Main.js:462 112.491,227.698,357,357,0.887,0.007,0,0,95,0,0,0,0,1,0,0,138.832,226.021,2.497,-0.131,0,0,0,0,0,0,0,0,393.104,243.939,175.5,40.5,-0.863,-0.27,-0.05,0.004,10,206.5,277,-2.5,0,0,0,0,0,0,0,0,0,1531

Main.js:462 113.333,227.704,357,357,0.843,0.007,0,0,94,0,0,0,0,1,0,0,141.329,225.89,2.497,-0.131,0,0,0,0,0,0,0,0,392.237,243.687,174,37.5,-0.867,-0.252,-0.05,0.005,9,204,277,-2.5,0,0,0,0,0,0,0,0,0,1548

Main.js:462 114.134,227.71,357,357,0.8,0.006,0,0,93,0,0,0,0,0,0,0,143.825,225.759,2.497,-0.131,0,0,0,0,0,0,0,0,391.366,243.454,172.5,34.5,-0.871,-0.233,-0.05,0.007,8,201.5,277,-2.5,0,0,0,0,0,0,0,0,0,1565

Main.js:462 114.894,227.716,357,357,0.76,0.006,0,0,92,0,0,0,0,0,0,0,146.322,225.628,2.497,-0.131,0,0,0,0,0,0,0,0,390.492,243.24,171,31.5,-0.874,-0.214,-0.049,0.008,7,199,277,-2.5,0,0,0,0,0,0,0,0,0,1582

Main.js:462 115.616,227.722,357,357,0.722,0.006,0,0,91,0,0,0,0,0,0,0,148.818,225.497,2.497,-0.131,0,0,0,0,0,0,0,0,389.615,243.045,169.5,28.5,-0.877,-0.195,-0.049,0.009,6,196.5,277,-2.5,0,0,0,0,0,0,0,0,0,1600

Main.js:462 116.303,227.727,357,357,0.686,0.005,0,0,90,0,0,0,0,0,0,0,151.315,225.367,2.497,-0.131,0,0,0,0,0,0,0,0,388.735,242.87,168,25.5,-0.88,-0.175,-0.049,0.01,5,194,277,-2.5,0,0,0,0,0,0,0,0,0,1616

Main.js:462 116.955,227.732,357,357,0.652,0.005,0,0,89,0,0,0,0,0,0,0,153.812,225.236,2.497,-0.131,0,0,0,0,0,0,0,0,387.854,242.715,166.5,22.5,-0.882,-0.155,-0.049,0.012,4,191.5,277,-2.5,0,0,0,0,0,0,0,0,0,1633

Main.js:462 117.574,227.737,357,357,0.619,0.005,0,0,88,0,0,0,0,0,0,0,156.308,225.105,2.497,-0.131,0,0,0,0,0,0,0,0,386.97,242.58,165,19.5,-0.884,-0.135,-0.048,0.013,3,189,277,-2.5,0,0,0,0,0,0,0,0,0,1650

Main.js:462 118.162,227.742,357,357,0.588,0.005,0,0,87,0,0,0,0,0,0,0,158.805,224.974,2.497,-0.131,0,0,0,0,0,0,0,0,386.085,242.465,163.5,16.5,-0.885,-0.115,-0.048,0.014,2,186.5,277,-2.5,0,0,0,0,0,0,0,0,0,1665

Main.js:462 118.721,227.746,357,357,0.559,0.004,0,0,86,0,0,0,0,0,0,0,161.301,224.843,2.497,-0.131,0,0,0,0,0,0,0,0,385.199,242.371,162,13.5,-0.886,-0.094,-0.048,0.015,1,184,277,-2.5,0,0,0,0,0,0,0,0,0,1684

Main.js:462 119.252,227.75,357,357,0.531,0.004,0,0,85,0,0,0,0,0,0,0,163.798,224.712,2.497,-0.131,0,0,0,0,0,0,0,0,384.312,242.297,160.5,10.5,-0.886,-0.074,-0.047,0.017,0,181.5,277,-2.5,0,0,0,0,0,0,0,0,0,1699

Main.js:462 119.757,227.754,357,357,0.504,0.004,0,0,84,0,0,0,0,0,0,0,166.294,224.581,2.497,-0.131,0,0,0,0,0,0,0,0,383.426,242.244,159,7.5,-0.886,-0.053,-0.047,0.018,99,179,277,-2.5,0,0,0,0,0,0,0,0,0,1715

Main.js:462 120.236,227.758,357,357,0.479,0.004,0,0,83,0,0,0,0,0,0,0,168.791,224.451,2.497,-0.131,0,0,0,0,0,0,0,0,382.54,242.212,157.5,4.5,-0.886,-0.032,-0.046,0.019,98,176.5,277,-2.5,0,407.611,245.364,2.479,0.326,0,0,0,0,1733

Main.js:462 120.691,227.761,357,357,0.455,0.004,0,0,82,0,0,0,0,0,0,0,171.288,224.32,2.497,-0.131,0,0,0,0,0,0,0,0,381.655,242.2,156,1.5,-0.885,-0.011,-0.046,0.02,97,174,277,-2.5,0,410.09,245.691,2.479,0.326,0,0,0,0,1749

Main.js:462 121.124,227.764,357,357,0.433,0.003,0,0,81,0,0,0,0,0,0,0,173.784,224.189,2.497,-0.131,0,0,0,0,0,0,0,0,380.771,242.21,154.5,358.5,-0.884,0.01,-0.045,0.022,96,171.5,277,-2.5,0,412.569,246.017,2.479,0.326,0,0,0,0,1766

Main.js:462 121.535,227.768,357,357,0.411,0.003,0,0,80,0,0,0,0,0,0,0,176.281,224.058,2.497,-0.131,0,0,0,0,0,0,0,0,379.889,242.241,153,355.5,-0.882,0.031,-0.045,0.023,95,169,277,-2.5,0,415.047,246.343,2.479,0.326,0,0,0,0,1783

Main.js:462 121.925,227.771,357,357,0.39,0.003,0,0,79,0,0,0,0,0,0,0,178.777,223.927,2.497,-0.131,0,0,0,0,0,0,0,0,379.01,242.292,151.5,352.5,-0.88,0.052,-0.044,0.024,94,166.5,277,-2.5,0,417.526,246.67,2.479,0.326,0,0,0,0,1799

Main.js:462 122.296,227.774,357,357,0.371,0.003,0,0,78,0,0,0,0,0,0,0,181.274,223.796,2.497,-0.131,0,0,0,0,0,0,0,0,378.133,242.365,150,349.5,-0.877,0.073,-0.043,0.025,93,164,277,-2.5,0,420.005,246.996,2.479,0.326,0,0,0,0,1816

Main.js:462 122.648,227.776,357,357,0.352,0.003,0,0,77,0,0,0,0,0,0,0,183.77,223.666,2.497,-0.131,0,0,0,0,0,0,0,0,377.26,242.46,148.5,346.5,-0.873,0.094,-0.043,0.026,92,161.5,277,-2.5,0,422.483,247.322,2.479,0.326,0,0,0,0,1833

Main.js:462 122.983,227.779,357,357,0.335,0.003,0,0,76,0,0,0,0,0,0,0,186.267,223.535,2.497,-0.131,0,0,0,0,0,0,0,0,376.39,242.575,147,343.5,-0.87,0.115,-0.042,0.027,91,159,277,-2.5,0,424.962,247.649,2.479,0.326,0,0,0,0,1849

Main.js:462 123.301,227.781,357,357,0.318,0.002,0,0,75,0,0,0,0,0,0,0,188.764,223.404,2.497,-0.131,0,0,0,0,0,0,0,0,375.525,242.711,145.5,340.5,-0.865,0.136,-0.041,0.028,90,156.5,277,-2.5,0,427.44,247.975,2.479,0.326,0,0,0,0,1865

Main.js:462 123.603,227.784,357,357,0.302,0.002,0,0,74,0,0,0,0,0,0,0,191.26,223.273,2.497,-0.131,0,0,0,0,0,0,0,0,374.665,242.869,144,337.5,-0.86,0.158,-0.04,0.029,89,154,277,-2.5,0,429.919,248.301,2.479,0.326,0,0,0,0,1882

Main.js:462 123.89,227.786,357,357,0.287,0.002,0,0,73,0,0,0,0,0,0,0,193.757,223.142,2.497,-0.131,0,0,0,0,0,0,0,0,373.81,243.048,142.5,334.5,-0.855,0.179,-0.04,0.03,88,151.5,277,-2.5,0,432.398,248.628,2.479,0.326,0,0,0,0,1898

Main.js:462 124.162,227.788,357,357,0.273,0.002,0,0,72,0,0,0,0,0,0,0,196.253,223.011,2.497,-0.131,0,0,0,0,0,0,0,0,372.961,243.247,141,331.5,-0.849,0.2,-0.039,0.031,87,149,277,-2.5,0,434.876,248.954,2.479,0.326,0,0,0,0,1916

Main.js:462 124.421,227.79,357,357,0.259,0.002,0,0,71,0,0,0,0,0,0,0,198.75,222.881,2.497,-0.131,0,0,0,0,0,0,0,0,372.118,243.468,139.5,328.5,-0.843,0.22,-0.038,0.032,86,146.5,277,-2.5,0,437.355,249.28,2.479,0.326,0,0,0,0,1932

Main.js:462 124.667,227.792,357,357,0.246,0.002,0,0,70,0,0,0,0,0,0,0,201.246,222.75,2.497,-0.131,0,0,0,0,0,0,0,0,371.282,243.709,138,325.5,-0.836,0.241,-0.037,0.033,85,144,277,-2.5,0,439.833,249.606,2.479,0.326,0,0,0,0,1949

Main.js:462 124.901,227.794,357,357,0.234,0.002,0,0,69,0,0,0,0,0,0,0,203.743,222.619,2.497,-0.131,0,0,0,0,0,0,0,0,370.453,243.971,136.5,322.5,-0.829,0.262,-0.036,0.034,84,141.5,277,-2.5,0,442.312,249.933,2.479,0.326,0,0,0,0,1965

Main.js:462 125.123,227.795,358.5,358.5,0.222,0.002,0,0,68,0,1,0,0,0,0,0,206.24,222.488,2.497,-0.131,0,0,0,0,0,0,0,0,369.632,244.253,135,319.5,-0.821,0.282,-0.035,0.035,83,139,277,-2.5,0,444.791,250.259,2.479,0.326,0,0,0,0,1981

Main.js:462 125.381,227.797,0,0,0.258,0.002,0.05,0,67,0,1,1,0,0,0,0,208.736,222.357,2.497,-0.131,0,0,0,0,0,0,0,0,368.82,244.556,133.5,316.5,-0.812,0.303,-0.034,0.036,82,136.5,277,-2.5,0,447.269,250.585,2.479,0.326,0,0,0,0,1999

Main.js:462 125.674,227.8,1.5,1.5,0.293,0.003,0.05,0.001,66,0,1,1,0,0,0,0,211.233,222.226,2.497,-0.131,0,0,0,0,0,0,0,0,368.016,244.879,132,313.5,-0.804,0.323,-0.033,0.037,81,134,277,-2.5,0,449.748,250.912,2.479,0.326,0,0,0,0,2015

Main.js:462 126,227.805,3,3,0.326,0.005,0.05,0.003,65,0,1,1,0,0,0,0,213.729,222.096,2.497,-0.131,0,0,0,0,0,0,0,0,367.22,245.22,133.5,313.5,-0.796,0.341,-0.034,0.036,80,131.5,277,-2.5,0,452.226,251.238,2.479,0.326,0,0,0,0,2032

Main.js:462 126.357,227.814,4.5,4.5,0.357,0.009,0.05,0.004,64,0,1,1,0,0,0,0,216.226,221.965,2.497,-0.131,0,0,0,0,0,0,0,0,366.43,245.577,135,313.5,-0.79,0.358,-0.035,0.035,79,129,277,-2.5,0,454.705,251.564,2.479,0.326,0,0,0,0,2050

Main.js:462 126.743,227.827,6,6,0.386,0.013,0.05,0.005,63,0,1,1,0,0,0,0,218.722,221.834,2.497,-0.131,0,0,0,0,0,0,0,0,365.645,245.95,136.5,313.5,-0.785,0.372,-0.036,0.034,78,126.5,277,-2.5,0,457.184,251.891,2.479,0.326,0,0,0,0,2066

Main.js:462 127.157,227.845,7.5,7.5,0.414,0.019,0.05,0.007,62,0,1,1,0,0,0,0,221.219,221.703,2.497,-0.131,0,0,0,0,0,0,0,0,364.864,246.336,138,313.5,-0.781,0.386,-0.037,0.033,77,124,277,-2.5,0,459.662,252.217,2.479,0.326,0,0,0,0,2083

Main.js:462 127.598,227.871,9,9,0.44,0.025,0.049,0.008,61,0,1,1,0,0,0,0,223.716,221.572,2.497,-0.131,0,0,0,0,0,0,0,0,364.086,246.733,139.5,313.5,-0.778,0.397,-0.038,0.032,76,121.5,277,-2.5,0,462.141,252.543,2.479,0.326,0,0,0,0,2099

Main.js:462 128.063,227.902,9,9,0.465,0.031,0.049,0.008,60,0,0,1,0,0,0,0,226.212,221.441,2.497,-0.131,0,0,0,0,0,0,0,0,363.31,247.14,141,313.5,-0.776,0.407,-0.039,0.031,75,119,277,-2.5,0,464.62,252.87,2.479,0.326,0,0,0,0,2117

Main.js:462 128.551,227.939,9,9,0.489,0.037,0.049,0.008,59,0,0,1,0,0,0,0,228.709,221.31,2.497,-0.131,0,0,0,0,0,0,0,0,362.535,247.556,142.5,313.5,-0.775,0.416,-0.04,0.03,74,116.5,277,-2.5,0,467.098,253.196,2.479,0.326,0,0,0,0,2133

Main.js:462 129.063,227.982,9,9,0.511,0.043,0.049,0.008,58,0,0,1,0,0,0,0,231.205,221.18,2.497,-0.131,0,0,0,0,0,0,0,0,361.761,247.979,144,313.5,-0.775,0.423,-0.04,0.029,73,114,277,-2.5,0,469.577,253.522,2.479,0.326,0,0,0,0,2149

Main.js:462 129.595,228.03,9,9,0.533,0.048,0.049,0.008,57,0,0,1,0,0,0,0,233.702,221.049,2.497,-0.131,0,0,0,0,0,0,0,0,360.986,248.408,145.5,313.5,-0.775,0.429,-0.041,0.028,72,111.5,277,-2.5,0,472.055,253.849,2.479,0.326,0,0,0,0,2165

Main.js:462 130.148,228.083,9,9,0.553,0.053,0.049,0.008,56,0,0,1,0,0,0,0,236.198,220.918,2.497,-0.131,0,0,0,0,0,0,0,0,360.21,248.841,147,313.5,-0.776,0.433,-0.042,0.027,71,109,277,-2.5,0,474.534,254.175,2.479,0.326,0,0,0,0,2182

Main.js:462 130.72,228.141,9,9,0.572,0.058,0.049,0.008,55,0,0,1,0,0,0,0,238.695,220.787,2.497,-0.131,0,0,0,0,0,0,0,0,359.432,249.277,148.5,313.5,-0.778,0.436,-0.043,0.026,70,106.5,277,-2.5,0,477.013,254.501,2.479,0.326,0,0,0,0,2200

Main.js:462 131.311,228.204,9,9,0.59,0.062,0.049,0.008,54,0,0,1,0,0,0,0,241.192,220.656,2.497,-0.131,0,0,0,0,0,0,0,0,358.652,249.715,150,313.5,-0.78,0.438,-0.043,0.025,69,104,277,-2.5,0,479.491,254.828,2.479,0.326,0,0,0,0,2217

Main.js:462 131.919,228.27,9,9,0.608,0.067,0.049,0.008,53,0,0,1,0,0,0,0,243.688,220.525,2.497,-0.131,0,0,0,0,0,0,0,0,357.869,250.154,151.5,313.5,-0.783,0.439,-0.044,0.024,68,101.5,277,-2.5,0,481.97,255.154,2.479,0.326,0,0,0,0,2233

Main.js:462 132.543,228.341,9,9,0.624,0.071,0.049,0.008,52,0,0,1,0,0,0,0,246.185,220.395,2.497,-0.131,0,0,0,0,0,0,0,0,357.083,250.593,153,313.5,-0.786,0.439,-0.045,0.023,67,99,277,-2.5,0,484.448,255.48,2.479,0.326,0,0,0,0,2250

Main.js:462 133.183,228.416,9,9,0.64,0.075,0.049,0.008,51,0,0,1,0,0,0,0,248.681,220.264,2.497,-0.131,0,0,0,0,0,0,0,0,356.294,251.03,154.5,313.5,-0.79,0.437,-0.045,0.022,66,96.5,277,-2.5,0,486.927,255.806,2.479,0.326,0,0,0,0,2266

Main.js:462 133.838,228.494,9,9,0.655,0.078,0.049,0.008,50,0,0,1,0,0,0,0,251.178,220.133,2.497,-0.131,0,0,0,0,0,0,0,0,355.5,251.464,156,313.5,-0.793,0.435,-0.046,0.02,65,94,277,-2.5,0,489.406,256.133,2.479,0.326,0,0,0,0,2284

Main.js:462 134.507,228.576,9,9,0.669,0.082,0.049,0.008,49,0,0,1,0,1,0,0,253.674,220.002,2.497,-0.131,0,0,0,0,0,0,0,0,354.702,251.896,157.5,313.5,-0.798,0.431,-0.046,0.019,64,91.5,277,-2.5,0,491.884,256.459,2.479,0.326,0,0,0,0,2300

Main.js:462 135.19,228.661,9,9,0.683,0.085,0.049,0.008,48,0,0,1,0,1,0,0,256.171,219.871,2.497,-0.131,0,0,0,0,0,0,0,0,353.9,252.322,159,313.5,-0.802,0.427,-0.047,0.018,63,89,277,-2.5,0,494.363,256.785,2.479,0.326,0,0,0,0,2316

Main.js:462 135.885,228.75,9,9,0.695,0.088,0.049,0.008,47,0,0,1,0,1,0,0,258.668,219.74,2.497,-0.131,0,0,0,0,0,0,0,0,353.093,252.743,160.5,313.5,-0.807,0.421,-0.047,0.017,62,86.5,277,-2.5,0,496.841,257.112,2.479,0.326,0,0,0,0,2332

Main.js:462 136.593,228.841,9,9,0.708,0.091,0.049,0.008,46,0,0,1,0,1,0,0,261.164,219.61,2.497,-0.131,0,0,0,0,0,0,0,0,352.282,253.158,162,313.5,-0.812,0.415,-0.048,0.015,61,84,277,-2.5,0,499.32,257.438,2.479,0.326,0,0,0,0,2348

Main.js:462 137.312,228.936,9,9,0.719,0.094,0.049,0.008,45,0,0,1,0,1,0,0,263.661,219.479,2.497,-0.131,0,0,0,0,0,0,0,0,351.465,253.565,163.5,313.5,-0.817,0.407,-0.048,0.014,60,81.5,277,-2.5,0,0,0,0,0,0,0,0,0,2366

Main.js:462 138.042,229.033,9,9,0.73,0.097,0.049,0.008,44,0,0,1,0,0,0,0,266.157,219.348,2.497,-0.131,0,0,0,0,0,0,0,0,350.644,253.964,165,313.5,-0.822,0.399,-0.048,0.013,59,79,277,-2.5,0,0,0,0,0,0,0,0,0,2382

Main.js:462 138.783,229.132,9,9,0.74,0.1,0.049,0.008,43,0,0,1,0,0,0,0,268.654,219.217,2.497,-0.131,0,0,0,0,0,0,0,0,349.817,254.355,166.5,313.5,-0.827,0.39,-0.049,0.012,58,76.5,277,-2.5,0,0,0,0,0,0,0,0,0,2399

Main.js:462 139.533,229.234,9,9,0.75,0.102,0.049,0.008,42,0,0,1,0,0,0,0,271.15,219.086,2.497,-0.131,0,0,0,0,0,0,0,0,348.985,254.736,168,313.5,-0.832,0.381,-0.049,0.01,57,74,277,-2.5,0,0,0,0,0,0,0,0,0,2415

Main.js:462 140.293,229.338,9,9,0.76,0.104,0.049,0.008,41,0,0,1,0,0,0,0,273.647,218.955,2.497,-0.131,0,0,0,0,0,0,0,0,348.148,255.106,169.5,313.5,-0.837,0.37,-0.049,0.009,56,71.5,277,-2.5,0,0,0,0,0,0,0,0,0,2433

Main.js:462 141.061,229.445,9,9,0.769,0.107,0.049,0.008,40,0,0,1,0,0,0,0,276.144,218.825,2.497,-0.131,0,0,0,0,0,0,0,0,347.306,255.466,171,313.5,-0.842,0.359,-0.049,0.008,55,69,277,-2.5,0,0,0,0,0,0,0,0,0,2449

Main.js:462 141.839,229.554,9,9,0.777,0.109,0.049,0.008,39,0,0,1,0,0,0,0,278.64,218.694,2.497,-0.131,0,0,0,0,0,0,0,0,346.459,255.813,172.5,313.5,-0.847,0.348,-0.05,0.007,54,66.5,277,-2.5,0,0,0,0,0,0,0,0,0,2467

Main.js:462 142.624,229.664,9,9,0.785,0.111,0.049,0.008,38,0,0,1,0,1,0,0,281.137,218.563,2.497,-0.131,0,0,0,0,0,0,0,0,345.607,256.148,174,313.5,-0.852,0.335,-0.05,0.005,53,64,277,-2.5,0,0,0,0,0,0,0,0,0,2483

Main.js:462 143.417,229.777,9,9,0.793,0.113,0.049,0.008,37,0,0,1,0,1,0,0,283.633,218.432,2.497,-0.131,0,0,0,0,0,0,0,0,344.75,256.47,175.5,313.5,-0.857,0.322,-0.05,0.004,52,61.5,277,-2.5,0,0,0,0,0,0,0,0,0,2498

Main.js:462 144.217,229.891,9,9,0.8,0.114,0.049,0.008,36,0,0,1,0,1,0,0,286.13,218.301,2.497,-0.131,0,0,0,0,0,0,0,0,343.889,256.779,177,313.5,-0.861,0.309,-0.05,0.003,51,59,277,-2.5,0,0,0,0,0,0,0,0,0,2517

Main.js:462 145.024,230.007,9,9,0.807,0.116,0.049,0.008,35,0,0,1,0,1,0,0,288.626,218.17,2.497,-0.131,0,0,0,0,0,0,0,0,343.023,257.074,177,312,-0.866,0.296,-0.05,0.003,50,56.5,277,-2.5,0,0,0,0,0,0,0,0,0,2532

Main.js:462 145.837,230.125,9,9,0.814,0.118,0.049,0.008,34,0,0,1,0,1,0,0,291.123,218.039,2.497,-0.131,0,0,0,0,0,0,0,0,342.154,257.358,177,310.5,-0.87,0.283,-0.05,0.003,49,54,277,-2.5,0,0,0,0,0,0,0,0,0,2550

Main.js:462 146.657,230.244,9,9,0.82,0.119,0.049,0.008,33,0,0,1,0,0,0,0,293.62,217.909,2.497,-0.131,0,0,0,0,0,0,0,0,341.28,257.629,177,309,-0.874,0.272,-0.05,0.003,48,51.5,277,-2.5,0,0,0,0,0,0,0,0,0,2565

Main.js:462 147.483,230.365,9,9,0.826,0.121,0.049,0.008,32,0,0,1,0,0,0,0,296.116,217.778,2.497,-0.131,0,0,0,0,0,0,0,0,340.402,257.89,177,307.5,-0.878,0.261,-0.05,0.003,47,49,277,-2.5,0,0,0,0,0,0,0,0,0,2582

Main.js:462 148.314,230.487,9,9,0.831,0.122,0.049,0.008,31,0,0,1,0,0,0,0,298.613,217.647,2.497,-0.131,0,0,0,0,0,0,0,0,339.521,258.14,177,306,-0.881,0.25,-0.05,0.003,46,46.5,277,-2.5,0,0,0,0,0,0,0,0,0,2599

Main.js:462 149.151,230.611,9,9,0.837,0.123,0.049,0.008,30,0,0,1,0,0,0,0,301.109,217.516,2.497,-0.131,0,0,0,0,0,0,0,0,338.637,258.38,177,304.5,-0.884,0.24,-0.05,0.003,45,44,277,-2.5,0,0,0,0,0,0,0,0,0,2615

Main.js:462 149.993,230.735,9,9,0.842,0.125,0.049,0.008,29,0,0,1,0,0,0,0,303.606,217.385,2.497,-0.131,0,0,0,0,0,0,0,0,337.749,258.61,177,303,-0.888,0.23,-0.05,0.003,44,41.5,277,-2.5,0,0,0,0,0,0,0,0,0,2632

Main.js:462 150.793,230.854,9,9,0.8,0.118,0,0,28,0,0,0,0,0,0,0,306.103,217.254,2.497,-0.131,0,0,0,0,0,0,0,0,336.858,258.832,177,301.5,-0.891,0.221,-0.05,0.003,43,39,277,-2.5,0,0,0,0,0,0,0,0,0,2650

Main.js:462 151.553,230.966,9,9,0.76,0.113,0,0,27,0,0,0,0,1,0,0,308.599,217.124,2.497,-0.131,0,0,0,0,0,0,0,0,335.965,259.044,177,300,-0.894,0.213,-0.05,0.003,42,36.5,277,-2.5,0,0,0,0,0,0,0,0,0,2665

Main.js:462 152.274,231.073,9,9,0.722,0.107,0,0,26,0,0,0,0,1,0,0,311.096,216.993,2.497,-0.131,0,0,0,0,0,0,0,0,335.068,259.249,177,298.5,-0.896,0.205,-0.05,0.003,41,34,277,-2.5,0,0,0,0,0,0,0,0,0,2682

Main.js:462 152.96,231.175,9,9,0.686,0.102,0,0,25,0,0,0,0,1,0,0,313.592,216.862,2.497,-0.131,0,0,0,0,0,0,0,0,334.169,259.446,177,297,-0.899,0.197,-0.05,0.003,40,31.5,277,-2.5,0,0,0,0,0,0,0,0,0,2699

Main.js:462 153.611,231.271,9,9,0.651,0.096,0,0,24,0,0,0,0,1,0,0,316.089,216.731,2.497,-0.131,0,0,0,0,0,0,0,0,333.268,259.636,177,295.5,-0.901,0.19,-0.05,0.003,39,29,277,-2.5,0,0,0,0,0,0,0,0,0,2716

Main.js:462 154.23,231.363,9,9,0.619,0.092,0,0,23,0,0,0,0,1,0,0,318.585,216.6,2.497,-0.131,0,0,0,0,0,0,0,0,332.364,259.818,177,294,-0.904,0.183,-0.05,0.003,38,26.5,277,-2.5,0,0,0,0,0,0,0,0,0,2733

Main.js:462 154.818,231.45,9,9,0.588,0.087,0,0,22,0,0,0,0,0,0,0,321.082,216.469,2.497,-0.131,0,0,0,0,0,0,0,0,331.458,259.994,177,292.5,-0.906,0.176,-0.05,0.003,37,24,277,-2.5,0,0,0,0,0,0,0,0,0,2749

Main.js:462 155.376,231.533,10.5,10.5,0.558,0.083,0,0,21,0,1,0,0,0,0,0,323.579,216.339,2.497,-0.131,0,0,0,0,0,0,0,0,330.55,260.164,177,291,-0.908,0.17,-0.05,0.003,36,21.5,277,-2.5,0,0,0,0,0,0,0,0,0,2766

Main.js:462 155.907,231.612,12,12,0.531,0.079,0,0,20,0,1,0,0,0,0,0,326.075,216.208,2.497,-0.131,0,0,0,0,0,0,0,0,329.64,260.327,177,289.5,-0.91,0.164,-0.05,0.003,35,19,277,-2.5,0,0,0,0,0,0,0,0,0,2784

Main.js:462 156.411,231.686,13.5,13.5,0.504,0.075,0,0,19,0,1,0,0,0,0,0,328.572,216.077,2.497,-0.131,0,0,0,0,0,0,0,0,328.727,260.485,177,288,-0.912,0.158,-0.05,0.003,34,16.5,277,-2.5,0,0,0,0,0,0,0,0,0,2799

Main.js:462 156.89,231.757,15,15,0.479,0.071,0,0,18,0,1,0,0,0,0,0,331.068,215.946,2.497,-0.131,0,0,0,0,0,0,0,0,327.814,260.638,177,286.5,-0.914,0.153,-0.05,0.003,33,14,277,-2.5,0,0,0,0,0,0,0,0,0,2816

Main.js:462 157.345,231.824,16.5,16.5,0.455,0.067,0,0,17,0,1,0,0,0,0,0,333.565,215.815,2.497,-0.131,0,0,0,0,0,0,0,0,326.898,260.785,177,285,-0.916,0.147,-0.05,0.003,32,11.5,277,-2.5,0,0,0,0,0,0,0,0,0,2832

Main.js:462 157.777,231.889,18,18,0.432,0.064,0,0,16,0,1,0,0,1,0,0,336.061,215.684,2.497,-0.131,0,0,0,0,0,0,0,0,325.98,260.928,177,283.5,-0.917,0.142,-0.05,0.003,31,9,277,-2.5,0,0,0,0,0,0,0,0,0,2850

Main.js:462 158.187,231.949,18,18,0.411,0.061,0,0,15,0,0,0,0,1,0,0,338.558,215.554,2.497,-0.131,0,0,0,0,0,0,0,0,325.062,261.065,177,282,-0.919,0.138,-0.05,0.003,30,6.5,277,-2.5,0,0,0,0,0,0,0,0,0,2866

Main.js:462 158.577,232.007,18,18,0.39,0.058,0,0,14,0,0,0,0,1,0,0,341.055,215.423,2.497,-0.131,0,0,0,0,0,0,0,0,324.141,261.199,177,280.5,-0.92,0.133,-0.05,0.003,29,4,277,-2.5,0,0,0,0,0,0,0,0,0,2884

Main.js:462 158.948,232.062,18,18,0.371,0.055,0,0,13,0,0,0,0,1,0,0,343.551,215.292,2.497,-0.131,0,0,0,0,0,0,0,0,323.219,261.328,177,279,-0.922,0.129,-0.05,0.003,28,1.5,277,-2.5,0,0,0,0,0,0,0,0,0,2899

Main.js:462 159.3,232.114,18,18,0.352,0.052,0,0,12,0,0,0,0,1,0,0,343.551,215.292,2.497,-0.131,0,0,0,0,0,0,0,0,322.296,261.453,177,277.5,-0.923,0.125,-0.05,0.003,27,0,0,0,0,0,0,0,0,0,0,0,0,2915

Main.js:462 159.634,232.164,18,18,0.334,0.05,0,0,11,0,0,0,0,0,0,0,346.048,215.161,2.497,-0.131,0,0,0,0,0,0,0,0,321.372,261.575,177,276,-0.924,0.122,-0.05,0.003,26,0,0,0,0,0,0,0,0,0,0,0,0,2933

Main.js:462 159.952,232.211,18,18,0.318,0.047,0,0,10,0,0,0,0,0,0,0,348.544,215.03,2.497,-0.131,0,0,0,0,0,0,0,0,320.446,261.693,177,274.5,-0.926,0.118,-0.05,0.003,25,0,0,0,0,0,0,0,0,0,0,0,0,2950

Main.js:462 160.254,232.255,18,18,0.302,0.045,0,0,9,0,0,0,0,0,0,0,351.041,214.899,2.497,-0.131,0,0,0,0,0,0,0,0,319.519,261.807,177,273,-0.927,0.115,-0.05,0.003,24,0,0,0,0,0,0,0,0,0,0,0,0,2970

Main.js:462 160.54,232.298,18,18,0.287,0.042,0,0,8,0,0,0,0,0,0,0,353.537,214.768,2.497,-0.131,0,0,0,0,0,0,0,0,318.591,261.919,177,271.5,-0.928,0.111,-0.05,0.003,23,0,0,0,0,0,0,0,0,0,0,0,0,2982

Main.js:462 160.813,232.338,18,18,0.272,0.04,0,0,7,0,0,0,0,0,0,0,356.034,214.638,2.497,-0.131,0,0,0,0,0,0,0,0,317.662,262.027,177,270,-0.929,0.108,-0.05,0.003,22,0,0,0,0,0,0,0,0,0,0,0,0,2999

Main.js:462 161.072,232.377,18,18,0.259,0.038,0,0,6,0,0,0,0,0,0,0,358.531,214.507,2.497,-0.131,0,0,0,0,0,0,0,0,316.732,262.132,177,268.5,-0.93,0.105,-0.05,0.003,21,0,0,0,0,0,0,0,0,0,0,0,0,3016

Main.js:462 161.317,232.413,18,18,0.246,0.036,0,0,5,0,0,0,0,1,0,0,361.027,214.376,2.497,-0.131,0,0,0,0,0,0,0,0,315.802,262.236,175.5,265.5,-0.931,0.104,-0.05,0.004,20,0,0,0,0,0,0,0,0,0,0,0,0,3033

Main.js:462 161.551,232.448,18,18,0.234,0.035,0,0,4,0,0,0,0,1,0,0,363.524,214.245,2.497,-0.131,0,0,0,0,0,0,0,0,314.87,262.339,174,262.5,-0.931,0.104,-0.05,0.005,19,0,0,0,0,0,0,0,0,0,0,0,0,3050

Main.js:462 161.773,232.48,18,18,0.222,0.033,0,0,3,0,0,0,0,1,0,0,366.02,214.114,2.497,-0.131,0,0,0,0,0,0,0,0,313.938,262.444,172.5,259.5,-0.932,0.105,-0.05,0.007,18,0,0,0,0,0,0,0,0,0,0,0,0,3068

Main.js:462 161.983,232.512,18,18,0.211,0.031,0,0,2,0,0,0,0,1,0,0,368.517,213.983,2.497,-0.131,0,0,0,0,0,0,0,0,313.006,262.551,171,256.5,-0.932,0.107,-0.049,0.008,17,0,0,0,0,0,0,0,0,0,0,0,0,3082

Main.js:462 162.184,232.541,18,18,0.2,0.03,0,0,1,0,0,0,0,0,0,0,371.013,213.853,2.497,-0.131,0,0,0,0,0,0,0,0,312.073,262.661,169.5,253.5,-0.932,0.11,-0.049,0.009,16,0,0,0,0,0,0,0,0,0,0,0,0,3101

Main.js:462 162.374,232.569,18,18,0.19,0.028,0,0,0,0,0,0,0,0,0,0,373.51,213.722,2.497,-0.131,0,0,0,0,0,0,0,0,311.141,262.775,168,250.5,-0.932,0.114,-0.049,0.01,15,0,0,0,0,0,0,0,0,0,0,0,0,3116

Main.js:462 162.555,232.596,18,18,0.181,0.027,0,0,0,0,0,0,0,0,0,0,376.007,213.591,2.497,-0.131,0,0,0,0,0,0,0,0,310.209,262.895,166.5,247.5,-0.932,0.12,-0.049,0.012,14,0,0,0,0,0,0,0,0,0,0,0,0,3133

Main.js:462 162.726,232.622,18,18,0.172,0.025,0,0,0,0,0,0,0,0,0,0,378.503,213.46,2.497,-0.131,0,0,0,0,0,0,0,0,309.278,263.021,165,244.5,-0.931,0.126,-0.048,0.013,13,0,0,0,0,0,0,0,0,0,0,0,0,3150

Main.js:462 162.889,232.646,18,18,0.163,0.024,0,0,0,0,0,0,0,0,0,0,381,213.329,2.497,-0.131,0,0,0,0,0,0,0,0,308.348,263.154,163.5,241.5,-0.93,0.133,-0.048,0.014,12,0,0,0,0,0,0,0,0,0,0,0,0,3167

Main.js:462 163.044,232.669,18,18,0.155,0.023,0,0,0,0,0,0,0,0,0,0,383.496,213.198,2.497,-0.131,0,0,0,0,0,0,0,0,307.419,263.295,162,238.5,-0.929,0.141,-0.048,0.015,11,0,0,0,0,0,0,0,0,0,0,0,0,3182

Main.js:462 163.191,232.691,18,18,0.147,0.022,0,0,99,0,0,0,0,1,0,0,385.993,213.068,2.497,-0.131,0,0,0,0,0,0,0,0,306.492,263.446,160.5,235.5,-0.927,0.15,-0.047,0.017,10,0,0,0,0,0,0,0,0,0,0,0,0,3200

Main.js:462 163.331,232.711,18,18,0.14,0.021,0,0,98,0,0,0,0,1,0,0,388.489,212.937,2.497,-0.131,185.394,239.931,2.378,0.773,0,0,0,0,305.567,263.605,159,232.5,-0.925,0.16,-0.047,0.018,9,0,0,0,0,0,0,0,0,0,0,0,0,3217

Main.js:462 163.464,232.731,18,18,0.133,0.02,0,0,97,0,0,0,0,1,0,0,390.986,212.806,2.497,-0.131,187.772,240.703,2.378,0.773,0,0,0,0,304.644,263.775,157.5,229.5,-0.923,0.17,-0.046,0.019,8,0,0,0,0,0,0,0,0,0,0,0,0,3232

Main.js:462 163.59,232.75,18,18,0.126,0.019,0,0,96,0,0,0,0,1,0,0,393.483,212.675,2.497,-0.131,190.149,241.476,2.378,0.773,0,0,0,0,303.724,263.956,156,226.5,-0.92,0.181,-0.046,0.02,7,0,0,0,0,0,0,0,0,0,0,0,0,3249

Main.js:462 163.71,232.767,18,18,0.12,0.018,0,0,95,0,0,0,0,0,0,0,395.979,212.544,2.497,-0.131,192.527,242.248,2.378,0.773,0,0,0,0,302.807,264.148,154.5,223.5,-0.917,0.192,-0.045,0.022,6,0,0,0,0,0,0,0,0,0,0,0,0,3266

Main.js:462 163.824,232.784,18,18,0.114,0.017,0,0,94,0,0,0,0,0,0,0,398.476,212.413,2.497,-0.131,194.905,243.021,2.378,0.773,0,0,0,0,301.894,264.352,153,220.5,-0.913,0.204,-0.045,0.023,5,0,0,0,0,0,0,0,0,0,0,0,0,3282

Main.js:462 163.932,232.8,18,18,0.108,0.016,0,0,93,0,0,0,0,0,0,0,400.972,212.283,2.497,-0.131,197.282,243.793,2.378,0.773,0,0,0,0,300.985,264.568,151.5,217.5,-0.909,0.216,-0.044,0.024,4,0,0,0,0,0,0,0,0,0,0,0,0,3299

Main.js:462 164.035,232.816,18,18,0.103,0.015,0,0,92,0,0,0,0,0,0,0,403.469,212.152,2.497,-0.131,199.66,244.566,2.378,0.773,0,0,0,0,300.08,264.798,150,214.5,-0.905,0.229,-0.043,0.025,3,0,0,0,0,0,0,0,0,0,0,0,0,3316

Main.js:462 164.133,232.83,18,18,0.098,0.014,0,0,91,0,0,0,0,0,0,0,405.965,212.021,2.497,-0.131,202.038,245.338,2.378,0.773,0,0,0,0,299.179,265.04,148.5,211.5,-0.9,0.243,-0.043,0.026,2,0,0,0,0,0,0,0,0,0,0,0,0,3331

Main.js:462 164.225,232.844,18,18,0.093,0.014,0,0,90,0,0,0,0,1,0,0,408.462,211.89,2.497,-0.131,204.415,246.111,2.378,0.773,0,0,0,0,298.284,265.297,147,208.5,-0.895,0.256,-0.042,0.027,1,0,0,0,0,0,0,0,0,0,0,0,0,3349

Main.js:462 164.313,232.857,18,18,0.088,0.013,0,0,89,0,0,0,0,1,0,0,410.959,211.759,2.497,-0.131,206.793,246.884,2.378,0.773,0,0,0,0,297.395,265.567,145.5,205.5,-0.89,0.271,-0.041,0.028,0,0,0,0,0,0,0,0,0,0,0,0,0,3366

Main.js:462 164.397,232.869,18,18,0.084,0.012,0,0,88,0,0,0,0,1,0,0,413.455,211.628,2.497,-0.131,209.17,247.656,2.378,0.773,0,0,0,0,296.511,265.852,144,202.5,-0.883,0.285,-0.04,0.029,99,0,0,0,0,0,0,0,0,0,0,0,0,3382

Main.js:462 164.477,232.881,18,18,0.08,0.012,0,0,87,0,0,0,0,1,0,0,415.952,211.497,2.497,-0.131,211.548,248.429,2.378,0.773,0,0,0,0,295.634,266.152,142.5,199.5,-0.877,0.3,-0.04,0.03,98,275.683,256.574,-2.31,-0.957,0,0,0,0,0,0,0,0,3399

Main.js:462 164.552,232.892,18,18,0.076,0.011,0,0,86,0,0,0,0,1,0,0,418.448,211.367,2.497,-0.131,213.926,249.201,2.378,0.773,0,0,0,0,294.764,266.467,141,196.5,-0.87,0.315,-0.039,0.031,97,273.374,255.618,-2.31,-0.957,0,0,0,0,0,0,0,0,3418

Main.js:462 164.624,232.903,19.5,19.5,0.072,0.011,0,0,85,0,1,0,0,1,0,0,420.945,211.236,2.497,-0.131,216.303,249.974,2.378,0.773,0,0,0,0,293.901,266.796,139.5,193.5,-0.863,0.33,-0.038,0.032,96,271.064,254.661,-2.31,-0.957,0,0,0,0,0,0,0,0,3432

Main.js:462 164.692,232.913,21,21,0.068,0.01,0,0,84,0,1,0,0,0,0,0,423.441,211.105,2.497,-0.131,218.681,250.746,2.378,0.773,0,0,0,0,293.046,267.141,138,190.5,-0.855,0.345,-0.037,0.033,95,268.754,253.704,-2.31,-0.957,0,0,0,0,0,0,0,0,3450

Main.js:462 164.757,232.922,22.5,22.5,0.065,0.01,0,0,83,0,1,0,0,0,0,0,425.938,210.974,2.497,-0.131,221.059,251.519,2.378,0.773,0,0,0,0,292.2,267.502,136.5,187.5,-0.847,0.36,-0.036,0.034,94,266.445,252.747,-2.31,-0.957,0,0,0,0,0,0,0,0,3466

Main.js:462 164.818,232.932,24,24,0.062,0.009,0,0,82,0,1,0,0,0,0,0,428.435,210.843,2.497,-0.131,223.436,252.291,2.378,0.773,0,0,0,0,291.362,267.878,135,184.5,-0.838,0.376,-0.035,0.035,93,264.135,251.791,-2.31,-0.957,0,0,0,0,0,0,0,0,3483

Main.js:462 164.877,232.94,25.5,25.5,0.058,0.009,0,0,81,0,1,0,0,0,0,0,430.931,210.712,2.497,-0.131,225.814,253.064,2.378,0.773,0,0,0,0,290.533,268.269,133.5,181.5,-0.829,0.392,-0.034,0.036,92,261.825,250.834,-2.31,-0.957,0,0,0,0,0,0,0,0,3499

Main.js:462 164.932,232.948,27,27,0.056,0.008,0,0,80,0,1,0,0,0,0,0,433.428,210.582,2.497,-0.131,228.192,253.836,2.378,0.773,0,0,0,0,289.714,268.676,132,178.5,-0.819,0.407,-0.033,0.037,91,259.515,249.877,-2.31,-0.957,0,0,0,0,0,0,0,0,3515

Main.js:462 164.985,232.956,28.5,28.5,0.053,0.008,0,0,79,0,1,0,0,0,0,0,435.924,210.451,2.497,-0.131,230.569,254.609,2.378,0.773,0,0,0,0,288.906,269.1,130.5,175.5,-0.809,0.423,-0.032,0.038,90,257.206,248.921,-2.31,-0.957,0,0,0,0,0,0,0,0,3533

Main.js:462 165.035,232.964,30,30,0.05,0.007,0,0,78,0,1,0,0,1,0,0,438.421,210.32,2.497,-0.131,232.947,255.382,2.378,0.773,0,0,0,0,288.107,269.538,129,172.5,-0.798,0.439,-0.031,0.039,89,254.896,247.964,-2.31,-0.957,0,0,0,0,0,0,0,0,3549

Main.js:462 165.083,232.971,30,30,0.048,0.007,0,0,77,0,0,0,0,1,0,0,440.917,210.189,2.497,-0.131,235.325,256.154,2.378,0.773,0,0,0,0,287.32,269.993,127.5,169.5,-0.787,0.455,-0.03,0.04,88,252.586,247.007,-2.31,-0.957,0,0,0,0,0,0,0,0,3566

Main.js:462 165.128,232.977,30,30,0.045,0.007,0,0,76,0,0,0,0,1,0,0,443.414,210.058,2.497,-0.131,237.702,256.927,2.378,0.773,0,0,0,0,286.544,270.463,126,166.5,-0.776,0.47,-0.029,0.04,87,250.277,246.051,-2.31,-0.957,0,0,0,0,0,0,0,0,3583

Main.js:462 165.171,232.984,30,30,0.043,0.006,0,0,75,0,0,0,0,1,0,0,445.911,209.927,2.497,-0.131,240.08,257.699,2.378,0.773,0,0,0,0,285.78,270.949,124.5,163.5,-0.764,0.486,-0.028,0.041,86,247.967,245.094,-2.31,-0.957,0,0,0,0,0,0,0,0,3598

Main.js:462 165.212,232.99,30,30,0.041,0.006,0,0,74,0,0,0,0,1,0,0,448.407,209.797,2.497,-0.131,242.457,258.472,2.378,0.773,0,0,0,0,285.028,271.451,123,160.5,-0.752,0.501,-0.027,0.042,85,245.657,244.137,-2.31,-0.957,0,0,0,0,0,0,0,0,3616

Main.js:462 165.251,232.996,30,30,0.039,0.006,0,0,73,0,0,0,0,0,0,0,450.904,209.666,2.497,-0.131,244.835,259.244,2.378,0.773,0,0,0,0,284.29,271.968,121.5,157.5,-0.739,0.517,-0.026,0.043,84,243.348,243.18,-2.31,-0.957,0,0,0,0,0,0,0,0,3633

Main.js:462 165.288,233.001,30,30,0.037,0.005,0,0,72,0,0,0,0,0,0,0,453.4,209.535,2.497,-0.131,247.213,260.017,2.378,0.773,0,0,0,0,283.564,272.5,120,154.5,-0.726,0.532,-0.025,0.043,83,241.038,242.224,-2.31,-0.957,0,0,0,0,0,0,0,0,3649

Main.js:462 165.323,233.006,30,30,0.035,0.005,0,0,71,0,0,0,0,0,0,0,455.897,209.404,2.497,-0.131,249.59,260.789,2.378,0.773,0,0,0,0,282.852,273.047,118.5,151.5,-0.712,0.547,-0.024,0.044,82,238.728,241.267,-2.31,-0.957,0,0,0,0,0,0,0,0,3682

Main.js:462 165.356,233.011,30,30,0.033,0.005,0,0,70,0,0,0,0,0,0,0,458.394,209.273,2.497,-0.131,251.968,261.562,2.378,0.773,0,0,0,0,282.154,273.609,117,148.5,-0.698,0.562,-0.023,0.045,81,236.418,240.31,-2.31,-0.957,0,0,0,0,0,0,0,0,3698

Main.js:462 165.387,233.016,30,30,0.032,0.005,0,0,69,0,0,0,0,0,0,0,460.89,209.142,2.497,-0.131,254.346,262.334,2.378,0.773,0,0,0,0,281.47,274.186,115.5,145.5,-0.684,0.577,-0.022,0.045,80,234.109,239.354,-2.31,-0.957,0,0,0,0,0,0,0,0,3716

Main.js:462 165.417,233.02,30,30,0.03,0.004,0,0,68,0,0,0,0,1,0,0,463.387,209.012,2.497,-0.131,256.723,263.107,2.378,0.773,0,0,0,0,280.801,274.778,114,142.5,-0.669,0.592,-0.02,0.046,79,231.799,238.397,-2.31,-0.957,0,0,0,0,0,0,0,0,3733

Main.js:462 165.446,233.025,30,30,0.029,0.004,0,0,67,0,0,0,0,1,0,0,465.883,208.881,2.497,-0.131,259.101,263.879,2.378,0.773,0,0,0,0,280.148,275.384,112.5,139.5,-0.653,0.606,-0.019,0.046,78,229.489,237.44,-2.31,-0.957,0,0,0,0,0,0,0,0,3748

Main.js:462 165.473,233.029,30,30,0.027,0.004,0,0,66,0,0,0,0,1,0,0,468.38,208.75,2.497,-0.131,261.479,264.652,2.378,0.773,0,0,0,0,279.51,276.004,111,136.5,-0.638,0.62,-0.018,0.047,77,227.18,236.483,-2.31,-0.957,0,0,0,0,0,0,0,0,3765

Main.js:462 165.499,233.032,30,30,0.026,0.004,0,0,65,0,0,0,0,1,0,0,470.876,208.619,2.497,-0.131,263.856,265.425,2.378,0.773,0,0,0,0,278.888,276.638,109.5,133.5,-0.622,0.634,-0.017,0.047,76,224.87,235.527,-2.31,-0.957,0,0,0,0,0,0,0,0,3783

Main.js:462 165.523,233.036,30,30,0.024,0.004,0,0,64,0,0,0,0,1,0,0,470.876,208.619,2.497,-0.131,263.856,265.425,2.378,0.773,0,0,0,0,278.283,277.285,108,130.5,-0.605,0.647,-0.015,0.048,75,222.56,234.57,-2.31,-0.957,0,0,0,0,0,0,0,0,3799

