Main.js:143 myTank.x,myTank.y,myTank.rotation,myTank.cannonRotation,myTank.velocityX,myTank.velocityY,myTank.accelerationX,myTank.accelerationY,myTank.shootCooldown,myTank.controls.turnLeft,myTank.controls.turnRight,myTank.controls.goForward,myTank.controls.goBack,myTank.controls.shoot,myTank.controls.cannonLeft,myTank.controls.cannonRight,myBullet1.x,myBullet1.y,myBullet1.velocityX,myBullet1.velocityY,myBullet2.x,myBullet2.y,myBullet2.velocityX,myBullet2.velocityY,myBullet3.x,myBullet3.y,myBullet3.velocityX,myBullet3.velocityY,enemyTank.x,enemyTank.y,enemyTank.rotation,enemyTank.cannonRotation,enemyTank.velocityX,enemyTank.velocityY,enemyTank.accelerationX,enemyTank.accelerationY,enemyTank.shootCooldown,enemyBullet1.x,enemyBullet1.y,enemyBullet1.velocityX,enemyBullet1.velocityY,enemyBullet2.x,enemyBullet2.y,enemyBullet2.velocityX,enemyBullet2.velocityY,enemyBullet3.x,enemyBullet3.y,enemyBullet3.velocityX,enemyBullet3.velocityY,currentGameTime
Main.js:462 50,178,0,0,0,0,0,0,0,0,0,0,0,0,0,0,0,0,0,0,0,0,0,0,0,0,0,0,450,322,180,180,0,0,0,0,0,0,0,0,0,0,0,0,0,0,0,0,0,10

Main.js:462 50,178,0,0,0,0,0,0,0,0,0,0,0,0,0,0,0,0,0,0,0,0,0,0,0,0,0,0,450,322,180,180,0,0,0,0,0,0,0,0,0,0,0,0,0,0,0,0,0,26

Main.js:462 50,178,0,0,0,0,0,0,0,0,0,0,0,0,0,0,0,0,0,0,0,0,0,0,0,0,0,0,449.953,321.999,181.5,180,-0.047,-0.001,-0.05,-0.001,99,0,0,0,0,0,0,0,0,0,0,0,0,43

Main.js:462 50,178,0,0,0,0,0,0,0,0,0,0,0,0,0,0,0,0,0,0,0,0,0,0,0,0,0,0,449.86,321.995,183,180,-0.093,-0.004,-0.05,-0.003,98,426.5,322,-2.5,0,0,0,0,0,0,0,0,0,58

Main.js:462 50,178,0,0,0,0,0,0,0,0,0,0,0,0,0,0,0,0,0,0,0,0,0,0,0,0,0,0,449.725,321.988,184.5,180,-0.135,-0.007,-0.05,-0.004,97,424,322,-2.5,0,0,0,0,0,0,0,0,0,74

Main.js:462 50,178,0,0,0,0,0,0,0,0,0,0,0,0,0,0,0,0,0,0,0,0,0,0,0,0,0,0,449.549,321.976,186,180,-0.176,-0.012,-0.05,-0.005,96,421.5,322,-2.5,0,0,0,0,0,0,0,0,0,91

Main.js:462 50,178,0,0,0,0,0,0,0,0,0,0,0,0,0,0,0,0,0,0,0,0,0,0,0,0,0,0,449.335,321.959,187.5,180,-0.214,-0.017,-0.05,-0.007,95,419,322,-2.5,0,0,0,0,0,0,0,0,0,108

Main.js:462 50,178,0,0,0,0,0,0,0,0,0,0,0,0,0,0,0,0,0,0,0,0,0,0,0,0,0,0,449.085,321.935,189,180,-0.25,-0.024,-0.049,-0.008,94,416.5,322,-2.5,0,0,0,0,0,0,0,0,0,125

Main.js:462 50,178,0,0,0,0,0,0,0,0,0,0,0,0,0,0,0,0,0,0,0,0,0,0,0,0,0,0,448.8,321.903,190.5,180,-0.284,-0.031,-0.049,-0.009,93,414,322,-2.5,0,0,0,0,0,0,0,0,0,142

Main.js:462 50.048,178,0,0,0.048,0,0.05,0,0,0,0,1,0,0,0,0,0,0,0,0,0,0,0,0,0,0,0,0,448.483,321.863,192,180,-0.317,-0.04,-0.049,-0.01,92,411.5,322,-2.5,0,0,0,0,0,0,0,0,0,158

Main.js:462 50.14,178,0,0,0.093,0,0.05,0,0,0,0,1,0,0,0,0,0,0,0,0,0,0,0,0,0,0,0,0,448.136,321.815,193.5,180,-0.347,-0.049,-0.049,-0.012,91,409,322,-2.5,0,0,0,0,0,0,0,0,0,176

Main.js:462 50.276,178,0,0,0.135,0,0.05,0,0,0,0,1,0,0,0,0,0,0,0,0,0,0,0,0,0,0,0,0,447.761,321.756,195,180,-0.376,-0.059,-0.048,-0.013,90,406.5,322,-2.5,0,0,0,0,0,0,0,0,0,193

Main.js:462 50.452,178,0,0,0.176,0,0.05,0,0,0,0,1,0,0,0,0,0,0,0,0,0,0,0,0,0,0,0,0,447.359,321.687,196.5,180,-0.402,-0.069,-0.048,-0.014,89,404,322,-2.5,0,0,0,0,0,0,0,0,0,209

Main.js:462 50.667,178,0,0,0.215,0,0.05,0,0,0,0,1,0,0,0,0,0,0,0,0,0,0,0,0,0,0,0,0,446.931,321.606,198,180,-0.427,-0.08,-0.048,-0.015,88,401.5,322,-2.5,0,0,0,0,0,0,0,0,0,226

Main.js:462 50.918,178,0,0,0.252,0,0.05,0,0,0,0,1,0,0,0,0,0,0,0,0,0,0,0,0,0,0,0,0,446.48,321.514,199.5,180,-0.451,-0.092,-0.047,-0.017,87,399,322,-2.5,0,0,0,0,0,0,0,0,0,243

Main.js:462 51.205,178,0,0,0.287,0,0.05,0,0,0,0,1,0,0,0,0,0,0,0,0,0,0,0,0,0,0,0,0,446.008,321.409,201,180,-0.473,-0.105,-0.047,-0.018,86,396.5,322,-2.5,0,0,0,0,0,0,0,0,0,260

Main.js:462 51.525,178,0,0,0.32,0,0.05,0,0,0,0,1,0,0,0,0,0,0,0,0,0,0,0,0,0,0,0,0,445.515,321.292,202.5,180,-0.493,-0.118,-0.046,-0.019,85,394,322,-2.5,0,0,0,0,0,0,0,0,0,276

Main.js:462 51.876,178,0,0,0.351,0,0.05,0,0,0,0,1,0,0,0,0,0,0,0,0,0,0,0,0,0,0,0,0,445.003,321.16,204,180,-0.512,-0.131,-0.046,-0.02,84,391.5,322,-2.5,0,0,0,0,0,0,0,0,0,294

Main.js:462 52.257,178,0,0,0.381,0,0.05,0,0,0,0,1,0,0,0,0,0,0,0,0,0,0,0,0,0,0,0,0,444.474,321.015,205.5,180,-0.529,-0.145,-0.045,-0.022,83,389,322,-2.5,0,0,0,0,0,0,0,0,0,309

Main.js:462 52.667,178,0,0,0.41,0,0.05,0,0,0,0,1,0,0,0,0,0,0,0,0,0,0,0,0,0,0,0,0,443.93,320.856,207,180,-0.545,-0.159,-0.045,-0.023,82,386.5,322,-2.5,0,0,0,0,0,0,0,0,0,325

Main.js:462 53.103,178,0,0,0.437,0,0.05,0,0,0,0,1,0,0,0,0,0,0,0,0,0,0,0,0,0,0,0,0,443.37,320.682,208.5,180,-0.559,-0.174,-0.044,-0.024,81,384,322,-2.5,0,0,0,0,0,0,0,0,0,342

Main.js:462 53.566,178,0,0,0.462,0,0.05,0,0,0,0,1,0,0,0,0,0,0,0,0,0,0,0,0,0,0,0,0,442.798,320.493,210,180,-0.572,-0.189,-0.043,-0.025,80,381.5,322,-2.5,0,0,0,0,0,0,0,0,0,358

Main.js:462 54.053,178,0,0,0.487,0,0.05,0,0,0,0,1,0,0,0,0,0,0,0,0,0,0,0,0,0,0,0,0,442.213,320.289,211.5,180,-0.584,-0.204,-0.043,-0.026,79,379,322,-2.5,0,0,0,0,0,0,0,0,0,376

Main.js:462 54.562,178,0,0,0.51,0,0.05,0,0,0,0,1,0,0,0,0,0,0,0,0,0,0,0,0,0,0,0,0,441.618,320.069,213,180,-0.595,-0.22,-0.042,-0.027,78,376.5,322,-2.5,0,0,0,0,0,0,0,0,0,391

Main.js:462 55.094,178.001,1.5,1.5,0.532,0.001,0.05,0.001,0,0,1,1,0,0,0,0,0,0,0,0,0,0,0,0,0,0,0,0,441.014,319.833,214.5,180,-0.604,-0.236,-0.041,-0.028,77,374,322,-2.5,0,0,0,0,0,0,0,0,0,408

Main.js:462 55.647,178.005,3,3,0.553,0.004,0.05,0.003,0,0,1,1,0,0,0,0,0,0,0,0,0,0,0,0,0,0,0,0,440.402,319.581,216,180,-0.613,-0.252,-0.04,-0.029,76,371.5,322,-2.5,0,0,0,0,0,0,0,0,0,425

Main.js:462 56.219,178.012,4.5,4.5,0.572,0.007,0.05,0.004,0,0,1,1,0,0,0,0,0,0,0,0,0,0,0,0,0,0,0,0,439.782,319.312,217.5,180,-0.62,-0.268,-0.04,-0.03,75,369,322,-2.5,0,0,0,0,0,0,0,0,0,442

Main.js:462 56.81,178.024,6,6,0.591,0.012,0.05,0.005,0,0,1,1,0,0,0,0,0,0,0,0,0,0,0,0,0,0,0,0,439.156,319.027,219,180,-0.626,-0.285,-0.039,-0.031,74,366.5,322,-2.5,0,0,0,0,0,0,0,0,0,458

Main.js:462 57.419,178.041,7.5,7.5,0.609,0.017,0.05,0.007,0,0,1,1,0,0,0,0,0,0,0,0,0,0,0,0,0,0,0,0,438.526,318.726,220.5,180,-0.63,-0.301,-0.038,-0.032,73,364,322,-2.5,0,0,0,0,0,0,0,0,0,475

Main.js:462 58.044,178.065,9,9,0.625,0.024,0.049,0.008,0,0,1,1,0,0,0,0,0,0,0,0,0,0,0,0,0,0,0,0,437.892,318.408,222,180,-0.634,-0.318,-0.037,-0.033,72,361.5,322,-2.5,0,0,0,0,0,0,0,0,0,491

Main.js:462 58.685,178.097,10.5,10.5,0.641,0.031,0.049,0.009,0,0,1,1,0,0,0,0,0,0,0,0,0,0,0,0,0,0,0,0,437.255,318.073,223.5,180,-0.637,-0.335,-0.036,-0.034,71,359,322,-2.5,0,0,0,0,0,0,0,0,0,508

Main.js:462 59.34,178.137,12,12,0.655,0.04,0.049,0.01,0,0,1,1,0,0,0,0,0,0,0,0,0,0,0,0,0,0,0,0,436.615,317.722,223.5,178.5,-0.64,-0.351,-0.036,-0.034,70,356.5,322,-2.5,0,0,0,0,0,0,0,0,0,524

Main.js:462 60.008,178.184,12,12,0.669,0.048,0.049,0.01,0,0,0,1,0,0,0,0,0,0,0,0,0,0,0,0,0,0,0,0,435.973,317.356,223.5,177,-0.642,-0.366,-0.036,-0.034,69,354,322,-2.5,0,0,0,0,0,0,0,0,0,542

Main.js:462 60.69,178.239,12,12,0.682,0.055,0.049,0.01,0,0,0,1,0,0,0,0,0,0,0,0,0,0,0,0,0,0,0,0,435.329,316.975,223.5,175.5,-0.644,-0.38,-0.036,-0.034,68,351.5,322,-2.5,0,0,0,0,0,0,0,0,0,558

Main.js:462 61.384,178.302,12,12,0.694,0.062,0.049,0.01,0,0,0,1,0,0,0,0,0,0,0,0,0,0,0,0,0,0,0,0,434.682,316.581,223.5,174,-0.647,-0.394,-0.036,-0.034,67,349,322,-2.5,0,0,0,0,0,0,0,0,0,575

Main.js:462 62.09,178.371,12,12,0.706,0.069,0.049,0.01,0,0,0,1,0,0,0,0,0,0,0,0,0,0,0,0,0,0,0,0,434.034,316.174,223.5,172.5,-0.649,-0.407,-0.036,-0.034,66,346.5,322,-2.5,0,0,0,0,0,0,0,0,0,592

Main.js:462 62.807,178.446,12,12,0.717,0.075,0.049,0.01,0,0,0,1,0,0,0,0,0,0,0,0,0,0,0,0,0,0,0,0,433.383,315.754,223.5,171,-0.651,-0.419,-0.036,-0.034,65,344,322,-2.5,0,0,0,0,0,0,0,0,0,610

Main.js:462 63.534,178.528,12,12,0.728,0.082,0.049,0.01,0,0,0,1,0,0,0,0,0,0,0,0,0,0,0,0,0,0,0,0,432.73,315.323,223.5,169.5,-0.653,-0.431,-0.036,-0.034,64,341.5,322,-2.5,0,0,0,0,0,0,0,0,0,624

Main.js:462 64.272,178.615,12,12,0.738,0.087,0.049,0.01,0,0,0,1,0,0,0,0,0,0,0,0,0,0,0,0,0,0,0,0,432.076,314.881,223.5,168,-0.654,-0.442,-0.036,-0.034,63,339,322,-2.5,0,0,0,0,0,0,0,0,0,641

Main.js:462 65.019,178.708,12,12,0.747,0.093,0.049,0.01,0,0,0,1,0,0,0,0,0,0,0,0,0,0,0,0,0,0,0,0,431.42,314.428,223.5,166.5,-0.656,-0.453,-0.036,-0.034,62,336.5,322,-2.5,0,0,0,0,0,0,0,0,0,658

Main.js:462 65.776,178.807,13.5,13.5,0.756,0.099,0.049,0.012,0,0,1,1,0,0,0,0,0,0,0,0,0,0,0,0,0,0,0,0,430.762,313.965,223.5,165,-0.658,-0.463,-0.036,-0.034,61,334,322,-2.5,0,0,0,0,0,0,0,0,0,675

Main.js:462 66.54,178.914,15,15,0.764,0.107,0.048,0.013,0,0,1,1,0,0,0,0,0,0,0,0,0,0,0,0,0,0,0,0,430.102,313.493,223.5,163.5,-0.659,-0.473,-0.036,-0.034,60,331.5,322,-2.5,0,0,0,0,0,0,0,0,0,692

Main.js:462 67.311,179.028,16.5,16.5,0.772,0.115,0.048,0.014,0,0,1,1,0,0,0,0,0,0,0,0,0,0,0,0,0,0,0,0,429.441,313.011,223.5,162,-0.661,-0.482,-0.036,-0.034,59,329,322,-2.5,0,0,0,0,0,0,0,0,0,708

Main.js:462 68.09,179.151,16.5,16.5,0.778,0.123,0.048,0.014,0,0,0,1,0,0,0,0,0,0,0,0,0,0,0,0,0,0,0,0,428.779,312.521,223.5,160.5,-0.662,-0.49,-0.036,-0.034,58,326.5,322,-2.5,0,0,0,0,0,0,0,0,0,726

Main.js:462 68.875,179.281,16.5,16.5,0.785,0.13,0.048,0.014,0,0,0,1,0,0,0,0,0,0,0,0,0,0,0,0,0,0,0,0,428.115,312.022,223.5,159,-0.664,-0.498,-0.036,-0.034,57,324,322,-2.5,0,0,0,0,0,0,0,0,0,743

Main.js:462 69.666,179.418,16.5,16.5,0.791,0.137,0.048,0.014,0,0,0,1,0,0,0,0,0,0,0,0,0,0,0,0,0,0,0,0,427.45,311.516,223.5,157.5,-0.665,-0.506,-0.036,-0.034,56,321.5,322,-2.5,0,0,0,0,0,0,0,0,0,758

Main.js:462 70.464,179.561,16.5,16.5,0.797,0.144,0.048,0.014,0,0,0,1,0,0,0,0,0,0,0,0,0,0,0,0,0,0,0,0,426.784,311.003,223.5,156,-0.666,-0.514,-0.036,-0.034,55,319,322,-2.5,0,0,0,0,0,0,0,0,0,777

Main.js:462 71.267,179.711,16.5,16.5,0.803,0.15,0.048,0.014,0,0,0,1,0,0,0,0,0,0,0,0,0,0,0,0,0,0,0,0,426.117,310.482,223.5,154.5,-0.667,-0.521,-0.036,-0.034,54,316.5,322,-2.5,0,0,0,0,0,0,0,0,0,791

Main.js:462 72.075,179.867,16.5,16.5,0.808,0.156,0.048,0.014,0,0,0,1,0,0,0,0,0,0,0,0,0,0,0,0,0,0,0,0,425.449,309.955,223.5,153,-0.668,-0.527,-0.036,-0.034,53,314,322,-2.5,0,0,0,0,0,0,0,0,0,808

Main.js:462 72.889,180.029,16.5,16.5,0.814,0.162,0.048,0.014,0,0,0,1,0,0,0,0,0,0,0,0,0,0,0,0,0,0,0,0,424.779,309.421,223.5,151.5,-0.669,-0.534,-0.036,-0.034,52,311.5,322,-2.5,0,0,0,0,0,0,0,0,0,826

Main.js:462 73.707,180.195,16.5,16.5,0.818,0.167,0.048,0.014,0,0,0,1,0,0,0,0,0,0,0,0,0,0,0,0,0,0,0,0,424.109,308.882,223.5,150,-0.67,-0.54,-0.036,-0.034,51,309,322,-2.5,0,0,0,0,0,0,0,0,0,843

Main.js:462 74.53,180.368,16.5,16.5,0.823,0.172,0.048,0.014,0,0,0,1,0,0,0,0,0,0,0,0,0,0,0,0,0,0,0,0,423.437,308.336,223.5,148.5,-0.671,-0.545,-0.036,-0.034,50,306.5,322,-2.5,0,0,0,0,0,0,0,0,0,859

Main.js:462 75.357,180.545,16.5,16.5,0.827,0.177,0.048,0.014,0,0,0,1,0,0,0,0,0,0,0,0,0,0,0,0,0,0,0,0,422.765,307.786,223.5,147,-0.672,-0.551,-0.036,-0.034,49,304,322,-2.5,0,0,0,0,0,0,0,0,0,875

Main.js:462 76.189,180.726,16.5,16.5,0.832,0.182,0.048,0.014,0,0,0,1,0,0,0,0,0,0,0,0,0,0,0,0,0,0,0,0,422.092,307.23,223.5,145.5,-0.673,-0.556,-0.036,-0.034,48,301.5,322,-2.5,0,0,0,0,0,0,0,0,0,893

Main.js:462 77.025,180.912,16.5,16.5,0.836,0.186,0.048,0.014,0,0,0,1,0,0,0,0,0,0,0,0,0,0,0,0,0,0,0,0,421.418,306.669,223.5,144,-0.674,-0.561,-0.036,-0.034,47,299,322,-2.5,0,0,0,0,0,0,0,0,0,908

Main.js:462 77.864,181.102,16.5,16.5,0.839,0.19,0.048,0.014,0,0,0,1,0,0,0,0,0,0,0,0,0,0,0,0,0,0,0,0,420.744,306.103,223.5,142.5,-0.675,-0.565,-0.036,-0.034,46,296.5,322,-2.5,0,0,0,0,0,0,0,0,0,926

Main.js:462 78.707,181.297,16.5,16.5,0.843,0.194,0.048,0.014,0,0,0,1,0,0,0,0,0,0,0,0,0,0,0,0,0,0,0,0,420.068,305.534,223.5,141,-0.675,-0.57,-0.036,-0.034,45,294,322,-2.5,0,0,0,0,0,0,0,0,0,943

Main.js:462 79.553,181.495,16.5,16.5,0.846,0.198,0.048,0.014,0,0,0,1,0,0,0,0,0,0,0,0,0,0,0,0,0,0,0,0,419.392,304.96,223.5,139.5,-0.676,-0.574,-0.036,-0.034,44,291.5,322,-2.5,0,0,0,0,0,0,0,0,0,959

Main.js:462 80.402,181.697,18,18,0.849,0.203,0.048,0.015,0,0,1,1,0,0,0,0,0,0,0,0,0,0,0,0,0,0,0,0,418.716,304.381,223.5,138,-0.677,-0.578,-0.036,-0.034,43,289,322,-2.5,0,0,0,0,0,0,0,0,0,976

Main.js:462 81.254,181.906,19.5,19.5,0.851,0.208,0.047,0.017,0,0,1,1,0,0,0,0,0,0,0,0,0,0,0,0,0,0,0,0,418.038,303.8,223.5,136.5,-0.677,-0.582,-0.036,-0.034,42,286.5,322,-2.5,0,0,0,0,0,0,0,0,0,993

Main.js:462 82.107,182.121,21,21,0.853,0.215,0.047,0.018,0,0,1,1,0,0,0,0,0,0,0,0,0,0,0,0,0,0,0,0,417.36,303.214,223.5,135,-0.678,-0.585,-0.036,-0.034,41,284,322,-2.5,0,0,0,0,0,0,0,0,0,1009

Main.js:462 82.962,182.344,22.5,22.5,0.854,0.223,0.046,0.019,0,0,1,1,0,0,0,0,0,0,0,0,0,0,0,0,0,0,0,0,416.681,302.626,222,132,-0.679,-0.588,-0.037,-0.033,40,281.5,322,-2.5,0,0,0,0,0,0,0,0,0,1025

Main.js:462 83.817,182.574,24,24,0.855,0.231,0.046,0.02,0,0,1,1,0,0,0,0,0,0,0,0,0,0,0,0,0,0,0,0,416,302.037,220.5,129,-0.681,-0.589,-0.038,-0.032,39,279,322,-2.5,0,0,0,0,0,0,0,0,0,1042

Main.js:462 84.672,182.814,25.5,25.5,0.855,0.24,0.045,0.022,0,0,1,1,0,0,0,0,0,0,0,0,0,0,0,0,0,0,0,0,415.315,301.447,219,126,-0.684,-0.59,-0.039,-0.031,38,276.5,322,-2.5,0,0,0,0,0,0,0,0,0,1060

Main.js:462 85.527,183.063,27,27,0.855,0.249,0.045,0.023,0,0,1,1,0,0,0,0,0,0,0,0,0,0,0,0,0,0,0,0,414.628,300.858,217.5,123,-0.688,-0.589,-0.04,-0.03,37,274,322,-2.5,0,0,0,0,0,0,0,0,0,1075

Main.js:462 86.381,183.322,28.5,28.5,0.854,0.259,0.044,0.024,0,0,1,1,0,0,0,0,0,0,0,0,0,0,0,0,0,0,0,0,413.936,300.27,216,120,-0.692,-0.588,-0.04,-0.029,36,271.5,322,-2.5,0,0,0,0,0,0,0,0,0,1093

Main.js:462 87.234,183.592,28.5,28.5,0.853,0.269,0.044,0.024,0,0,0,1,0,0,0,0,0,0,0,0,0,0,0,0,0,0,0,0,413.239,299.685,214.5,117,-0.696,-0.585,-0.041,-0.028,35,269,322,-2.5,0,0,0,0,0,0,0,0,0,1110

Main.js:462 88.086,183.87,28.5,28.5,0.852,0.278,0.044,0.024,0,0,0,1,0,0,0,0,0,0,0,0,0,0,0,0,0,0,0,0,412.538,299.103,213,114,-0.701,-0.582,-0.042,-0.027,34,266.5,322,-2.5,0,0,0,0,0,0,0,0,0,1130

Main.js:462 88.937,184.157,28.5,28.5,0.851,0.287,0.044,0.024,0,0,0,1,0,0,0,0,0,0,0,0,0,0,0,0,0,0,0,0,411.831,298.525,211.5,111,-0.707,-0.578,-0.043,-0.026,33,264,322,-2.5,0,0,0,0,0,0,0,0,0,1143

Main.js:462 89.787,184.452,28.5,28.5,0.85,0.295,0.044,0.024,0,0,0,1,0,0,0,0,0,0,0,0,0,0,0,0,0,0,0,0,411.119,297.953,210,108,-0.713,-0.572,-0.043,-0.025,32,261.5,322,-2.5,0,0,0,0,0,0,0,0,0,1159

Main.js:462 90.636,184.756,28.5,28.5,0.85,0.303,0.044,0.024,0,0,0,1,0,0,0,0,0,0,0,0,0,0,0,0,0,0,0,0,410.4,297.386,208.5,105,-0.719,-0.566,-0.044,-0.024,31,259,322,-2.5,0,0,0,0,0,0,0,0,0,1174

Main.js:462 91.485,185.066,28.5,28.5,0.849,0.311,0.044,0.024,0,0,0,1,0,0,0,0,0,0,0,0,0,0,0,0,0,0,0,0,409.675,296.826,207,102,-0.725,-0.56,-0.045,-0.023,30,256.5,322,-2.5,0,0,0,0,0,0,0,0,0,1191

Main.js:462 92.333,185.384,28.5,28.5,0.848,0.318,0.044,0.024,0,0,0,1,0,0,0,0,0,0,0,0,0,0,0,0,0,0,0,0,408.943,296.274,205.5,99,-0.732,-0.552,-0.045,-0.022,29,254,322,-2.5,0,0,0,0,0,0,0,0,0,1208

Main.js:462 93.181,185.709,28.5,28.5,0.847,0.325,0.044,0.024,0,0,0,1,0,0,0,0,0,0,0,0,0,0,0,0,0,0,0,0,408.204,295.73,204,96,-0.739,-0.544,-0.046,-0.02,28,251.5,322,-2.5,0,0,0,0,0,0,0,0,0,1225

Main.js:462 94.028,186.04,28.5,28.5,0.847,0.331,0.044,0.024,0,0,0,1,0,0,0,0,0,0,0,0,0,0,0,0,0,0,0,0,407.459,295.195,202.5,93,-0.745,-0.535,-0.046,-0.019,27,249,322,-2.5,0,0,0,0,0,0,0,0,0,1242

Main.js:462 94.874,186.377,28.5,28.5,0.846,0.337,0.044,0.024,0,0,0,1,0,0,0,0,0,0,0,0,0,0,0,0,0,0,0,0,406.706,294.67,201,90,-0.753,-0.525,-0.047,-0.018,26,246.5,322,-2.5,0,0,0,0,0,0,0,0,0,1260

Main.js:462 95.72,186.72,28.5,28.5,0.846,0.343,0.044,0.024,99,0,0,1,0,1,0,0,0,0,0,0,0,0,0,0,0,0,0,0,405.947,294.155,199.5,87,-0.76,-0.515,-0.047,-0.017,25,244,322,-2.5,0,0,0,0,0,0,0,0,0,1274

Main.js:462 96.565,187.069,28.5,28.5,0.845,0.349,0.044,0.024,98,0,0,1,0,1,0,0,115.526,197.59,2.197,1.193,0,0,0,0,0,0,0,0,405.18,293.652,198,84,-0.767,-0.504,-0.048,-0.015,24,241.5,322,-2.5,0,0,0,0,0,0,0,0,0,1292

Main.js:462 97.409,187.423,28.5,28.5,0.845,0.354,0.044,0.024,97,0,0,1,0,1,0,0,117.723,198.783,2.197,1.193,0,0,0,0,0,0,0,0,404.406,293.16,196.5,81,-0.774,-0.492,-0.048,-0.014,23,239,322,-2.5,0,0,0,0,0,0,0,0,0,1310

Main.js:462 98.253,187.781,28.5,28.5,0.844,0.359,0.044,0.024,96,0,0,1,0,1,0,0,119.92,199.976,2.197,1.193,0,0,0,0,0,0,0,0,403.624,292.68,195,78,-0.781,-0.48,-0.048,-0.013,22,236.5,322,-2.5,0,0,0,0,0,0,0,0,0,1324

Main.js:462 99.097,188.145,28.5,28.5,0.844,0.363,0.044,0.024,95,0,0,1,0,1,0,0,122.117,201.169,2.197,1.193,0,0,0,0,0,0,0,0,402.836,292.213,193.5,75,-0.788,-0.467,-0.049,-0.012,21,234,322,-2.5,0,0,0,0,0,0,0,0,0,1343

Main.js:462 99.94,188.513,28.5,28.5,0.843,0.368,0.044,0.024,94,0,0,1,0,1,0,0,124.314,202.362,2.197,1.193,0,0,0,0,0,0,0,0,402.041,291.76,192,72,-0.795,-0.453,-0.049,-0.01,20,231.5,322,-2.5,0,0,0,0,0,0,0,0,0,1359

Main.js:462 100.783,188.885,28.5,28.5,0.843,0.372,0.044,0.024,93,0,0,1,0,1,0,0,126.511,203.555,2.197,1.193,0,0,0,0,0,0,0,0,401.238,291.321,190.5,69,-0.802,-0.439,-0.049,-0.009,19,229,322,-2.5,0,0,0,0,0,0,0,0,0,1376

Main.js:462 101.625,189.261,28.5,28.5,0.842,0.376,0.044,0.024,92,0,0,1,0,0,0,0,128.708,204.748,2.197,1.193,0,0,0,0,0,0,0,0,400.429,290.896,189,66,-0.809,-0.425,-0.049,-0.008,18,226.5,322,-2.5,0,0,0,0,0,0,0,0,0,1392

Main.js:462 102.468,189.641,28.5,28.5,0.842,0.38,0.044,0.024,91,0,0,1,0,0,0,0,130.905,205.941,2.197,1.193,0,0,0,0,0,0,0,0,399.613,290.486,187.5,63,-0.816,-0.41,-0.05,-0.007,17,224,322,-2.5,0,0,0,0,0,0,0,0,0,1408

Main.js:462 103.309,190.025,28.5,28.5,0.842,0.384,0.044,0.024,90,0,0,1,0,0,0,0,133.102,207.134,2.197,1.193,0,0,0,0,0,0,0,0,398.791,290.092,186,60,-0.822,-0.394,-0.05,-0.005,16,221.5,322,-2.5,0,0,0,0,0,0,0,0,0,1426

Main.js:462 104.151,190.412,28.5,28.5,0.841,0.387,0.044,0.024,89,0,0,1,0,0,0,0,135.299,208.327,2.197,1.193,0,0,0,0,0,0,0,0,397.962,289.714,184.5,57,-0.828,-0.378,-0.05,-0.004,15,219,322,-2.5,0,0,0,0,0,0,0,0,0,1443

Main.js:462 104.992,190.803,28.5,28.5,0.841,0.391,0.044,0.024,88,0,0,1,0,0,0,0,137.497,209.519,2.197,1.193,0,0,0,0,0,0,0,0,397.128,289.352,183,54,-0.835,-0.362,-0.05,-0.003,14,216.5,322,-2.5,0,0,0,0,0,0,0,0,0,1459

Main.js:462 105.832,191.197,28.5,28.5,0.841,0.394,0.044,0.024,87,0,0,1,0,0,0,0,139.694,210.712,2.197,1.193,0,0,0,0,0,0,0,0,396.288,289.007,181.5,51,-0.84,-0.345,-0.05,-0.001,13,214,322,-2.5,0,0,0,0,0,0,0,0,0,1475

Main.js:462 106.673,191.593,28.5,28.5,0.84,0.397,0.044,0.024,86,0,0,1,0,0,0,0,141.891,211.905,2.197,1.193,0,0,0,0,0,0,0,0,395.442,288.679,180,48,-0.846,-0.328,-0.05,0,12,211.5,322,-2.5,0,0,0,0,0,0,0,0,0,1492

Main.js:462 107.513,191.993,28.5,28.5,0.84,0.4,0.044,0.024,85,0,0,1,0,0,0,0,144.088,213.098,2.197,1.193,0,0,0,0,0,0,0,0,394.591,288.369,178.5,45,-0.851,-0.31,-0.05,0.001,11,209,322,-2.5,0,0,0,0,0,0,0,0,0,1509

Main.js:462 108.353,192.395,28.5,28.5,0.84,0.402,0.044,0.024,84,0,0,1,0,0,0,0,146.285,214.291,2.197,1.193,0,0,0,0,0,0,0,0,393.735,288.077,177,42,-0.856,-0.292,-0.05,0.003,10,206.5,322,-2.5,0,0,0,0,0,0,0,0,0,1526

Main.js:462 109.192,192.8,28.5,28.5,0.84,0.405,0.044,0.024,83,0,0,1,0,0,0,0,148.482,215.484,2.197,1.193,0,0,0,0,0,0,0,0,392.875,287.803,175.5,39,-0.86,-0.274,-0.05,0.004,9,204,322,-2.5,0,0,0,0,0,0,0,0,0,1543

Main.js:462 110.032,193.207,28.5,28.5,0.839,0.407,0.044,0.024,82,0,0,1,0,0,0,0,150.679,216.677,2.197,1.193,0,0,0,0,0,0,0,0,392.01,287.548,174,36,-0.865,-0.255,-0.05,0.005,8,201.5,322,-2.5,0,0,0,0,0,0,0,0,0,1559

Main.js:462 110.871,193.617,28.5,28.5,0.839,0.409,0.044,0.024,81,0,0,1,0,0,0,0,152.876,217.87,2.197,1.193,0,0,0,0,0,0,0,0,391.142,287.312,172.5,33,-0.868,-0.236,-0.05,0.007,7,199,322,-2.5,0,0,0,0,0,0,0,0,0,1577

Main.js:462 111.71,194.028,28.5,28.5,0.839,0.412,0.044,0.024,80,0,0,1,0,0,0,0,155.073,219.063,2.197,1.193,0,0,0,0,0,0,0,0,390.27,287.095,171,30,-0.872,-0.217,-0.049,0.008,6,196.5,322,-2.5,0,0,0,0,0,0,0,0,0,1593

Main.js:462 112.548,194.442,28.5,28.5,0.839,0.414,0.044,0.024,79,0,0,1,0,0,0,0,157.27,220.255,2.197,1.193,0,0,0,0,0,0,0,0,389.395,286.897,169.5,27,-0.875,-0.197,-0.049,0.009,5,194,322,-2.5,0,0,0,0,0,0,0,0,0,1609

Main.js:462 113.387,194.858,28.5,28.5,0.839,0.416,0.044,0.024,78,0,0,1,0,0,0,0,159.467,221.448,2.197,1.193,0,0,0,0,0,0,0,0,388.517,286.72,168,24,-0.878,-0.178,-0.049,0.01,4,191.5,322,-2.5,0,0,0,0,0,0,0,0,0,1626

Main.js:462 114.225,195.275,28.5,28.5,0.838,0.418,0.044,0.024,77,0,0,1,0,0,0,0,161.664,222.641,2.197,1.193,0,0,0,0,0,0,0,0,387.637,286.562,166.5,21,-0.88,-0.158,-0.049,0.012,3,189,322,-2.5,0,0,0,0,0,0,0,0,0,1643

Main.js:462 115.064,195.695,28.5,28.5,0.838,0.419,0.044,0.024,76,0,0,1,0,0,0,0,163.861,223.834,2.197,1.193,0,0,0,0,0,0,0,0,386.755,286.424,165,18,-0.882,-0.138,-0.048,0.013,2,186.5,322,-2.5,0,0,0,0,0,0,0,0,0,1660

Main.js:462 115.902,196.116,28.5,28.5,0.838,0.421,0.044,0.024,75,0,0,1,0,0,0,0,166.058,225.027,2.197,1.193,0,0,0,0,0,0,0,0,385.871,286.307,163.5,15,-0.883,-0.117,-0.048,0.014,1,184,322,-2.5,0,0,0,0,0,0,0,0,0,1676

Main.js:462 116.739,196.539,28.5,28.5,0.838,0.423,0.044,0.024,74,0,0,1,0,0,0,0,168.255,226.22,2.197,1.193,0,0,0,0,0,0,0,0,384.987,286.211,162,12,-0.884,-0.097,-0.048,0.015,0,181.5,322,-2.5,0,0,0,0,0,0,0,0,0,1692

Main.js:462 117.577,196.963,28.5,28.5,0.838,0.424,0.044,0.024,73,0,0,1,0,0,0,0,170.452,227.413,2.197,1.193,0,0,0,0,0,0,0,0,384.102,286.135,160.5,9,-0.885,-0.076,-0.047,0.017,99,179,322,-2.5,0,0,0,0,0,0,0,0,0,1713

Main.js:462 118.415,197.388,28.5,28.5,0.838,0.426,0.044,0.024,72,0,0,1,0,0,0,0,172.649,228.606,2.197,1.193,0,0,0,0,0,0,0,0,383.217,286.08,159,6,-0.885,-0.055,-0.047,0.018,98,176.5,322,-2.5,0,408.198,289.887,2.469,0.391,0,0,0,0,1726

Main.js:462 119.253,197.814,27,27,0.838,0.426,0.045,0.023,71,1,0,1,0,0,0,0,174.846,229.799,2.197,1.193,0,0,0,0,0,0,0,0,382.332,286.045,157.5,3,-0.885,-0.034,-0.046,0.019,97,174,322,-2.5,0,410.667,290.278,2.469,0.391,0,0,0,0,1742

Main.js:462 120.092,198.24,25.5,25.5,0.839,0.425,0.045,0.022,70,1,0,1,0,0,0,0,177.043,230.992,2.197,1.193,0,0,0,0,0,0,0,0,381.448,286.032,156,0,-0.884,-0.013,-0.046,0.02,96,171.5,322,-2.5,0,413.136,290.669,2.469,0.391,0,0,0,0,1760

Main.js:462 120.932,198.663,24,24,0.84,0.423,0.046,0.02,69,1,0,1,0,0,0,0,179.24,232.184,2.197,1.193,0,0,0,0,0,0,0,0,380.566,286.04,154.5,357,-0.883,0.008,-0.045,0.022,95,169,322,-2.5,0,415.605,291.06,2.469,0.391,0,0,0,0,1776

Main.js:462 121.774,199.083,22.5,22.5,0.842,0.42,0.046,0.019,68,1,0,1,0,0,0,0,181.437,233.377,2.197,1.193,0,0,0,0,0,0,0,0,379.685,286.069,153,354,-0.881,0.029,-0.045,0.023,94,166.5,322,-2.5,0,418.074,291.451,2.469,0.391,0,0,0,0,1793

Main.js:462 122.619,199.499,21,21,0.845,0.416,0.047,0.018,67,1,0,1,0,0,0,0,183.634,234.57,2.197,1.193,0,0,0,0,0,0,0,0,378.807,286.12,151.5,351,-0.878,0.05,-0.044,0.024,93,164,322,-2.5,0,420.544,291.842,2.469,0.391,0,0,0,0,1809

Main.js:462 123.466,199.91,19.5,19.5,0.847,0.411,0.047,0.017,66,1,0,1,0,0,0,0,185.831,235.763,2.197,1.193,0,0,0,0,0,0,0,0,377.931,286.191,150,348,-0.876,0.072,-0.043,0.025,92,161.5,322,-2.5,0,423.013,292.233,2.469,0.391,0,0,0,0,1825

Main.js:462 124.316,200.316,18,18,0.85,0.405,0.048,0.015,65,1,0,1,0,0,0,0,188.029,236.956,2.197,1.193,0,0,0,0,0,0,0,0,377.059,286.284,148.5,345,-0.872,0.093,-0.043,0.026,91,159,322,-2.5,0,425.482,292.625,2.469,0.391,0,0,0,0,1842

Main.js:462 125.169,200.714,16.5,16.5,0.853,0.399,0.048,0.014,64,1,0,1,0,0,0,0,190.226,238.149,2.197,1.193,0,0,0,0,0,0,0,0,376.19,286.398,147,342,-0.869,0.114,-0.042,0.027,90,156.5,322,-2.5,0,427.951,293.016,2.469,0.391,0,0,0,0,1861

Main.js:462 126.025,201.107,16.5,16.5,0.856,0.392,0.048,0.014,63,0,0,1,0,0,0,0,192.423,239.342,2.197,1.193,0,0,0,0,0,0,0,0,375.326,286.533,145.5,339,-0.864,0.135,-0.041,0.028,89,154,322,-2.5,0,430.421,293.407,2.469,0.391,0,0,0,0,1876

Main.js:462 126.883,201.493,16.5,16.5,0.859,0.386,0.048,0.014,62,0,0,1,0,0,0,0,194.62,240.535,2.197,1.193,0,0,0,0,0,0,0,0,374.466,286.69,144,336,-0.86,0.156,-0.04,0.029,88,151.5,322,-2.5,0,432.89,293.798,2.469,0.391,0,0,0,0,1893

Main.js:462 127.699,201.859,16.5,16.5,0.816,0.367,0,0,61,0,0,0,0,0,0,0,196.817,241.728,2.197,1.193,0,0,0,0,0,0,0,0,373.612,286.867,142.5,333,-0.854,0.177,-0.04,0.03,87,149,322,-2.5,0,435.359,294.189,2.469,0.391,0,0,0,0,1908

Main.js:462 128.474,202.208,16.5,16.5,0.775,0.348,0,0,60,0,0,0,0,0,0,0,199.014,242.921,2.197,1.193,0,0,0,0,0,0,0,0,372.764,287.066,141,330,-0.848,0.199,-0.039,0.031,86,146.5,322,-2.5,0,437.828,294.58,2.469,0.391,0,0,0,0,1926

Main.js:462 129.21,202.539,16.5,16.5,0.736,0.331,0,0,59,0,0,0,0,0,0,0,201.211,244.113,2.197,1.193,0,0,0,0,0,0,0,0,371.921,287.285,139.5,327,-0.842,0.219,-0.038,0.032,85,144,322,-2.5,0,440.297,294.971,2.469,0.391,0,0,0,0,1942

Main.js:462 129.909,202.853,16.5,16.5,0.699,0.314,0,0,58,0,0,0,0,1,0,0,203.408,245.306,2.197,1.193,0,0,0,0,0,0,0,0,371.086,287.525,138,324,-0.835,0.24,-0.037,0.033,84,141.5,322,-2.5,0,442.767,295.362,2.469,0.391,0,0,0,0,1959

Main.js:462 130.574,203.152,16.5,16.5,0.664,0.299,0,0,57,0,0,0,0,1,0,0,205.605,246.499,2.197,1.193,0,0,0,0,0,0,0,0,370.258,287.786,136.5,321,-0.828,0.261,-0.036,0.034,83,139,322,-2.5,0,445.236,295.753,2.469,0.391,0,0,0,0,1975

Main.js:462 131.205,203.436,16.5,16.5,0.631,0.284,0,0,56,0,0,0,0,1,0,0,207.802,247.692,2.197,1.193,0,0,0,0,0,0,0,0,369.438,288.068,135,318,-0.82,0.281,-0.035,0.035,82,136.5,322,-2.5,0,447.705,296.144,2.469,0.391,0,0,0,0,1992

Main.js:462 131.804,203.705,16.5,16.5,0.6,0.27,0,0,55,0,0,0,0,1,0,0,209.999,248.885,2.197,1.193,0,0,0,0,0,0,0,0,368.626,288.37,133.5,315,-0.812,0.302,-0.034,0.036,81,134,322,-2.5,0,450.174,296.535,2.469,0.391,0,0,0,0,2008

Main.js:462 132.374,203.961,16.5,16.5,0.57,0.256,0,0,54,0,0,0,0,1,0,0,212.196,250.078,2.197,1.193,0,0,0,0,0,0,0,0,367.821,288.69,135,315,-0.805,0.32,-0.035,0.035,80,131.5,322,-2.5,0,452.644,296.926,2.469,0.391,0,0,0,0,2025

Main.js:462 132.915,204.205,16.5,16.5,0.541,0.243,0,0,53,0,0,0,0,0,0,0,214.393,251.271,2.197,1.193,0,0,0,0,0,0,0,0,367.022,289.027,136.5,315,-0.799,0.337,-0.036,0.034,79,129,322,-2.5,0,455.113,297.318,2.469,0.391,0,0,0,0,2042

Main.js:462 133.429,204.436,16.5,16.5,0.514,0.231,0,0,52,0,0,0,0,0,0,0,216.59,252.464,2.197,1.193,0,0,0,0,0,0,0,0,366.228,289.379,138,315,-0.794,0.352,-0.037,0.033,78,126.5,322,-2.5,0,457.582,297.709,2.469,0.391,0,0,0,0,2059

Main.js:462 133.918,204.655,16.5,16.5,0.488,0.22,0,0,51,0,0,0,0,0,0,0,218.787,253.657,2.197,1.193,0,0,0,0,0,0,0,0,365.437,289.744,139.5,315,-0.791,0.365,-0.038,0.032,77,124,322,-2.5,0,460.051,298.1,2.469,0.391,0,0,0,0,2075

Main.js:462 134.382,204.864,16.5,16.5,0.464,0.209,0,0,50,0,0,0,0,0,0,0,220.984,254.849,2.197,1.193,0,0,0,0,0,0,0,0,364.649,290.121,141,315,-0.788,0.377,-0.039,0.031,76,121.5,322,-2.5,0,462.52,298.491,2.469,0.391,0,0,0,0,2092

Main.js:462 134.822,205.062,18,18,0.441,0.198,0,0,49,0,1,0,0,0,0,0,223.181,256.042,2.197,1.193,0,0,0,0,0,0,0,0,363.862,290.508,142.5,315,-0.786,0.387,-0.04,0.03,75,119,322,-2.5,0,464.99,298.882,2.469,0.391,0,0,0,0,2110

Main.js:462 135.241,205.25,19.5,19.5,0.419,0.188,0,0,48,0,1,0,0,0,0,0,225.378,257.235,2.197,1.193,0,0,0,0,0,0,0,0,363.077,290.903,144,315,-0.786,0.395,-0.04,0.029,74,116.5,322,-2.5,0,467.459,299.273,2.469,0.391,0,0,0,0,2126

Main.js:462 135.639,205.429,21,21,0.398,0.179,0,0,47,0,1,0,0,0,0,0,227.575,258.428,2.197,1.193,0,0,0,0,0,0,0,0,362.291,291.306,145.5,315,-0.785,0.403,-0.041,0.028,73,114,322,-2.5,0,469.928,299.664,2.469,0.391,0,0,0,0,2143

Main.js:462 136.017,205.599,22.5,22.5,0.378,0.17,0,0,46,0,1,0,0,0,0,0,229.772,259.621,2.197,1.193,0,0,0,0,0,0,0,0,361.505,291.714,147,315,-0.786,0.408,-0.042,0.027,72,111.5,322,-2.5,0,472.397,300.055,2.469,0.391,0,0,0,0,2159

Main.js:462 136.376,205.761,24,24,0.359,0.161,0,0,45,0,1,0,0,0,0,0,231.969,260.814,2.197,1.193,0,0,0,0,0,0,0,0,360.718,292.127,148.5,315,-0.787,0.413,-0.043,0.026,71,109,322,-2.5,0,474.867,300.446,2.469,0.391,0,0,0,0,2176

Main.js:462 136.717,205.914,25.5,25.5,0.341,0.153,0,0,44,0,1,0,0,0,0,0,234.166,262.007,2.197,1.193,0,0,0,0,0,0,0,0,359.929,292.543,150,315,-0.789,0.416,-0.043,0.025,70,106.5,322,-2.5,0,477.336,300.837,2.469,0.391,0,0,0,0,2192

Main.js:462 137.041,206.06,27,27,0.324,0.146,0,0,43,0,1,0,0,1,0,0,236.363,263.2,2.197,1.193,0,0,0,0,0,0,0,0,359.138,292.961,151.5,315,-0.791,0.418,-0.044,0.024,69,104,322,-2.5,0,479.805,301.228,2.469,0.391,0,0,0,0,2210

Main.js:462 137.349,206.198,28.5,28.5,0.308,0.138,0,0,42,0,1,0,0,1,0,0,238.561,264.393,2.197,1.193,0,0,0,0,0,0,0,0,358.344,293.379,153,315,-0.794,0.418,-0.045,0.023,68,101.5,322,-2.5,0,482.274,301.619,2.469,0.391,0,0,0,0,2227

Main.js:462 137.641,206.329,28.5,28.5,0.292,0.131,0,0,41,0,0,0,0,1,0,0,240.758,265.586,2.197,1.193,0,0,0,0,0,0,0,0,357.546,293.797,154.5,315,-0.797,0.418,-0.045,0.022,67,99,322,-2.5,0,484.743,302.011,2.469,0.391,0,0,0,0,2241

Main.js:462 137.919,206.454,28.5,28.5,0.278,0.125,0,0,40,0,0,0,0,1,0,0,242.955,266.778,2.197,1.193,0,0,0,0,0,0,0,0,356.746,294.214,156,315,-0.801,0.416,-0.046,0.02,66,96.5,322,-2.5,0,487.213,302.402,2.469,0.391,0,0,0,0,2260

Main.js:462 138.183,206.573,28.5,28.5,0.264,0.119,0,0,39,0,0,0,0,1,0,0,245.152,267.971,2.197,1.193,0,0,0,0,0,0,0,0,355.941,294.627,157.5,315,-0.805,0.414,-0.046,0.019,65,94,322,-2.5,0,489.682,302.793,2.469,0.391,0,0,0,0,2276

Main.js:462 138.433,206.686,28.5,28.5,0.251,0.113,0,0,38,0,0,0,0,0,0,0,247.349,269.164,2.197,1.193,0,0,0,0,0,0,0,0,355.132,295.037,159,315,-0.809,0.41,-0.047,0.018,64,91.5,322,-2.5,0,492.151,303.184,2.469,0.391,0,0,0,0,2292

Main.js:462 138.672,206.793,28.5,28.5,0.238,0.107,0,0,37,0,0,0,0,0,0,0,249.546,270.357,2.197,1.193,0,0,0,0,0,0,0,0,354.319,295.443,160.5,315,-0.813,0.405,-0.047,0.017,63,89,322,-2.5,0,494.62,303.575,2.469,0.391,0,0,0,0,2308

Main.js:462 138.898,206.895,28.5,28.5,0.226,0.102,0,0,36,0,0,0,0,0,0,0,251.743,271.55,2.197,1.193,0,0,0,0,0,0,0,0,353.502,295.843,162,315,-0.818,0.4,-0.048,0.015,62,86.5,322,-2.5,0,497.09,303.966,2.469,0.391,0,0,0,0,2324

Main.js:462 139.113,206.991,28.5,28.5,0.215,0.097,0,0,35,0,0,0,0,0,0,0,253.94,272.743,2.197,1.193,0,0,0,0,0,0,0,0,352.679,296.236,163.5,315,-0.822,0.393,-0.048,0.014,61,84,322,-2.5,0,499.559,304.357,2.469,0.391,0,0,0,0,2342

Main.js:462 139.317,207.083,28.5,28.5,0.204,0.092,0,0,34,0,0,0,0,0,0,0,256.137,273.936,2.197,1.193,0,0,0,0,0,0,0,0,351.852,296.622,165,315,-0.827,0.386,-0.048,0.013,60,81.5,322,-2.5,0,0,0,0,0,0,0,0,0,2360

Main.js:462 139.511,207.17,28.5,28.5,0.194,0.087,0,0,33,0,0,0,0,1,0,0,258.334,275.129,2.197,1.193,0,0,0,0,0,0,0,0,351.021,297,166.5,315,-0.832,0.378,-0.049,0.012,59,79,322,-2.5,0,0,0,0,0,0,0,0,0,2376

Main.js:462 139.695,207.253,28.5,28.5,0.184,0.083,0,0,32,0,0,0,0,1,0,0,260.531,276.322,2.197,1.193,0,0,0,0,0,0,0,0,350.184,297.368,168,315,-0.837,0.369,-0.049,0.01,58,76.5,322,-2.5,0,0,0,0,0,0,0,0,0,2392

Main.js:462 139.87,207.332,28.5,28.5,0.175,0.079,0,0,31,0,0,0,0,1,0,0,262.728,277.515,2.197,1.193,0,0,0,0,0,0,0,0,349.342,297.727,169.5,315,-0.842,0.359,-0.049,0.009,57,74,322,-2.5,0,0,0,0,0,0,0,0,0,2408

Main.js:462 140.037,207.407,28.5,28.5,0.166,0.075,0,0,30,0,0,0,0,1,0,0,264.925,278.707,2.197,1.193,0,0,0,0,0,0,0,0,348.496,298.076,171,315,-0.846,0.348,-0.049,0.008,56,71.5,322,-2.5,0,0,0,0,0,0,0,0,0,2425

Main.js:462 140.195,207.478,30,30,0.158,0.071,0,0,29,0,1,0,0,1,0,0,267.122,279.9,2.197,1.193,0,0,0,0,0,0,0,0,347.645,298.413,172.5,315,-0.851,0.337,-0.05,0.007,55,69,322,-2.5,0,0,0,0,0,0,0,0,0,2444

Main.js:462 140.345,207.545,31.5,31.5,0.15,0.067,0,0,28,0,1,0,0,0,0,0,269.319,281.093,2.197,1.193,0,0,0,0,0,0,0,0,346.789,298.738,174,315,-0.856,0.325,-0.05,0.005,54,66.5,322,-2.5,0,0,0,0,0,0,0,0,0,2458

Main.js:462 140.487,207.609,33,33,0.143,0.064,0,0,27,0,1,0,0,0,0,0,271.516,282.286,2.197,1.193,0,0,0,0,0,0,0,0,345.928,299.051,175.5,315,-0.86,0.313,-0.05,0.004,53,64,322,-2.5,0,0,0,0,0,0,0,0,0,2475

Main.js:462 140.623,207.67,34.5,34.5,0.135,0.061,0,0,26,0,1,0,0,0,0,0,273.713,283.479,2.197,1.193,0,0,0,0,0,0,0,0,345.064,299.351,177,315,-0.865,0.3,-0.05,0.003,52,61.5,322,-2.5,0,0,0,0,0,0,0,0,0,2493

Main.js:462 140.751,207.728,36,36,0.129,0.058,0,0,25,0,1,0,0,0,0,0,275.91,284.672,2.197,1.193,0,0,0,0,0,0,0,0,344.194,299.637,178.5,315,-0.869,0.286,-0.05,0.001,51,59,322,-2.5,0,0,0,0,0,0,0,0,0,2509

Main.js:462 140.874,207.783,37.5,37.5,0.122,0.055,0,0,24,0,1,0,0,0,0,0,278.107,285.865,2.197,1.193,0,0,0,0,0,0,0,0,343.321,299.909,178.5,313.5,-0.873,0.273,-0.05,0.001,50,56.5,322,-2.5,0,0,0,0,0,0,0,0,0,2526

Main.js:462 140.99,207.835,39,39,0.116,0.052,0,0,23,0,1,0,0,0,0,0,280.304,287.058,2.197,1.193,0,0,0,0,0,0,0,0,342.444,300.17,178.5,312,-0.877,0.26,-0.05,0.001,49,54,322,-2.5,0,0,0,0,0,0,0,0,0,2542

Main.js:462 141.1,207.885,40.5,40.5,0.11,0.05,0,0,22,0,1,0,0,1,0,0,282.501,288.251,2.197,1.193,0,0,0,0,0,0,0,0,341.564,300.419,178.5,310.5,-0.881,0.249,-0.05,0.001,48,51.5,322,-2.5,0,0,0,0,0,0,0,0,0,2558

Main.js:462 141.205,207.932,40.5,40.5,0.105,0.047,0,0,21,0,0,0,0,1,0,0,284.698,289.443,2.197,1.193,0,0,0,0,0,0,0,0,340.68,300.656,178.5,309,-0.884,0.237,-0.05,0.001,47,49,322,-2.5,0,0,0,0,0,0,0,0,0,2576

Main.js:462 141.305,207.977,40.5,40.5,0.1,0.045,0,0,20,0,0,0,0,1,0,0,286.895,290.636,2.197,1.193,0,0,0,0,0,0,0,0,339.792,300.883,178.5,307.5,-0.887,0.227,-0.05,0.001,46,46.5,322,-2.5,0,0,0,0,0,0,0,0,0,2593

Main.js:462 141.399,208.019,40.5,40.5,0.095,0.043,0,0,19,0,0,0,0,1,0,0,289.092,291.829,2.197,1.193,0,0,0,0,0,0,0,0,338.902,301.1,178.5,306,-0.89,0.217,-0.05,0.001,45,44,322,-2.5,0,0,0,0,0,0,0,0,0,2609

Main.js:462 141.489,208.06,40.5,40.5,0.09,0.04,0,0,18,0,0,0,0,1,0,0,291.29,293.022,2.197,1.193,0,0,0,0,0,0,0,0,338.009,301.307,178.5,304.5,-0.893,0.207,-0.05,0.001,44,41.5,322,-2.5,0,0,0,0,0,0,0,0,0,2626

Main.js:462 141.574,208.098,40.5,40.5,0.085,0.038,0,0,17,0,0,0,0,1,0,0,293.487,294.215,2.197,1.193,0,0,0,0,0,0,0,0,337.112,301.505,178.5,303,-0.896,0.198,-0.05,0.001,43,39,322,-2.5,0,0,0,0,0,0,0,0,0,2642

Main.js:462 141.656,208.134,40.5,40.5,0.081,0.036,0,0,16,0,0,0,0,0,0,0,295.684,295.408,2.197,1.193,0,0,0,0,0,0,0,0,336.214,301.694,178.5,301.5,-0.899,0.189,-0.05,0.001,42,36.5,322,-2.5,0,0,0,0,0,0,0,0,0,2659

Main.js:462 141.733,208.169,40.5,40.5,0.077,0.035,0,0,15,0,0,0,0,0,0,0,297.881,296.601,2.197,1.193,0,0,0,0,0,0,0,0,335.312,301.875,178.5,300,-0.901,0.181,-0.05,0.001,41,34,322,-2.5,0,0,0,0,0,0,0,0,0,2676

Main.js:462 141.806,208.202,40.5,40.5,0.073,0.033,0,0,14,0,0,0,0,0,0,0,300.078,297.794,2.197,1.193,0,0,0,0,0,0,0,0,334.408,302.049,178.5,298.5,-0.904,0.173,-0.05,0.001,40,31.5,322,-2.5,0,0,0,0,0,0,0,0,0,2694

Main.js:462 141.875,208.233,40.5,40.5,0.07,0.031,0,0,13,0,0,0,0,0,0,0,302.275,298.987,2.197,1.193,0,0,0,0,0,0,0,0,333.502,302.215,178.5,297,-0.906,0.166,-0.05,0.001,39,29,322,-2.5,0,0,0,0,0,0,0,0,0,2709

Main.js:462 141.941,208.263,40.5,40.5,0.066,0.03,0,0,12,0,0,0,0,0,0,0,304.472,300.18,2.197,1.193,0,0,0,0,0,0,0,0,332.594,302.373,178.5,295.5,-0.908,0.159,-0.05,0.001,38,26.5,322,-2.5,0,0,0,0,0,0,0,0,0,2726

Main.js:462 142.004,208.291,40.5,40.5,0.063,0.028,0,0,11,0,0,0,0,0,0,0,306.669,301.372,2.197,1.193,0,0,0,0,0,0,0,0,331.683,302.526,178.5,294,-0.91,0.152,-0.05,0.001,37,24,322,-2.5,0,0,0,0,0,0,0,0,0,2743

Main.js:462 142.064,208.318,40.5,40.5,0.06,0.027,0,0,10,0,0,0,0,1,0,0,308.866,302.565,2.197,1.193,0,0,0,0,0,0,0,0,330.771,302.671,178.5,292.5,-0.912,0.146,-0.05,0.001,36,21.5,322,-2.5,0,0,0,0,0,0,0,0,0,2759

Main.js:462 142.12,208.344,40.5,40.5,0.057,0.025,0,0,9,0,0,0,0,1,0,0,311.063,303.758,2.197,1.193,0,0,0,0,0,0,0,0,329.857,302.811,178.5,291,-0.914,0.14,-0.05,0.001,35,19,322,-2.5,0,0,0,0,0,0,0,0,0,2774

Main.js:462 142.174,208.368,40.5,40.5,0.054,0.024,0,0,8,0,0,0,0,1,0,0,313.26,304.951,2.197,1.193,0,0,0,0,0,0,0,0,328.941,302.945,178.5,289.5,-0.916,0.134,-0.05,0.001,34,16.5,322,-2.5,0,0,0,0,0,0,0,0,0,2792

Main.js:462 142.225,208.391,40.5,40.5,0.051,0.023,0,0,7,0,0,0,0,1,0,0,313.26,304.951,2.197,1.193,0,0,0,0,0,0,0,0,328.023,303.074,178.5,288,-0.918,0.129,-0.05,0.001,33,16.5,322,-2.5,0,0,0,0,0,0,0,0,0,2809

