Main.js:143 myTank.x,myTank.y,myTank.rotation,myTank.cannonRotation,myTank.velocityX,myTank.velocityY,myTank.accelerationX,myTank.accelerationY,myTank.shootCooldown,myTank.controls.turnLeft,myTank.controls.turnRight,myTank.controls.goForward,myTank.controls.goBack,myTank.controls.shoot,myTank.controls.cannonLeft,myTank.controls.cannonRight,myBullet1.x,myBullet1.y,myBullet1.velocityX,myBullet1.velocityY,myBullet2.x,myBullet2.y,myBullet2.velocityX,myBullet2.velocityY,myBullet3.x,myBullet3.y,myBullet3.velocityX,myBullet3.velocityY,enemyTank.x,enemyTank.y,enemyTank.rotation,enemyTank.cannonRotation,enemyTank.velocityX,enemyTank.velocityY,enemyTank.accelerationX,enemyTank.accelerationY,enemyTank.shootCooldown,enemyBullet1.x,enemyBullet1.y,enemyBullet1.velocityX,enemyBullet1.velocityY,enemyBullet2.x,enemyBullet2.y,enemyBullet2.velocityX,enemyBullet2.velocityY,enemyBullet3.x,enemyBullet3.y,enemyBullet3.velocityX,enemyBullet3.velocityY,currentGameTime
Main.js:462 50,161,0,0,0,0,0,0,0,0,0,0,0,0,0,0,0,0,0,0,0,0,0,0,0,0,0,0,450,339,180,180,0,0,0,0,0,0,0,0,0,0,0,0,0,0,0,0,0,11

Main.js:462 50,161,0,0,0,0,0,0,0,0,0,0,0,0,0,0,0,0,0,0,0,0,0,0,0,0,0,0,450,339,180,180,0,0,0,0,0,0,0,0,0,0,0,0,0,0,0,0,0,26

Main.js:462 50,161,0,0,0,0,0,0,0,0,0,0,0,0,0,0,0,0,0,0,0,0,0,0,0,0,0,0,449.953,338.999,181.5,180,-0.047,-0.001,-0.05,-0.001,99,0,0,0,0,0,0,0,0,0,0,0,0,44

Main.js:462 50,161,0,0,0,0,0,0,0,0,0,0,0,0,0,0,0,0,0,0,0,0,0,0,0,0,0,0,449.86,338.995,183,180,-0.093,-0.004,-0.05,-0.003,98,426.5,339,-2.5,0,0,0,0,0,0,0,0,0,58

Main.js:462 50,161,0,0,0,0,0,0,0,0,0,0,0,0,0,0,0,0,0,0,0,0,0,0,0,0,0,0,449.725,338.988,184.5,180,-0.135,-0.007,-0.05,-0.004,97,424,339,-2.5,0,0,0,0,0,0,0,0,0,76

Main.js:462 50,161,0,0,0,0,0,0,0,0,0,0,0,0,0,0,0,0,0,0,0,0,0,0,0,0,0,0,449.549,338.976,186,180,-0.176,-0.012,-0.05,-0.005,96,421.5,339,-2.5,0,0,0,0,0,0,0,0,0,94

Main.js:462 50,161,0,0,0,0,0,0,0,0,0,0,0,0,0,0,0,0,0,0,0,0,0,0,0,0,0,0,449.335,338.959,187.5,180,-0.214,-0.017,-0.05,-0.007,95,419,339,-2.5,0,0,0,0,0,0,0,0,0,110

Main.js:462 50,161,0,0,0,0,0,0,0,0,0,0,0,0,0,0,0,0,0,0,0,0,0,0,0,0,0,0,449.085,338.935,189,180,-0.25,-0.024,-0.049,-0.008,94,416.5,339,-2.5,0,0,0,0,0,0,0,0,0,127

Main.js:462 50.048,161,0,0,0.048,0,0.05,0,0,0,0,1,0,0,0,0,0,0,0,0,0,0,0,0,0,0,0,0,448.8,338.903,190.5,180,-0.284,-0.031,-0.049,-0.009,93,414,339,-2.5,0,0,0,0,0,0,0,0,0,145

Main.js:462 50.14,161,0,0,0.093,0,0.05,0,0,0,0,1,0,0,0,0,0,0,0,0,0,0,0,0,0,0,0,0,448.483,338.863,192,180,-0.317,-0.04,-0.049,-0.01,92,411.5,339,-2.5,0,0,0,0,0,0,0,0,0,161

Main.js:462 50.276,161,0,0,0.135,0,0.05,0,0,0,0,1,0,0,0,0,0,0,0,0,0,0,0,0,0,0,0,0,448.136,338.815,193.5,180,-0.347,-0.049,-0.049,-0.012,91,409,339,-2.5,0,0,0,0,0,0,0,0,0,178

Main.js:462 50.452,161,0,0,0.176,0,0.05,0,0,0,0,1,0,0,0,0,0,0,0,0,0,0,0,0,0,0,0,0,447.761,338.756,195,180,-0.376,-0.059,-0.048,-0.013,90,406.5,339,-2.5,0,0,0,0,0,0,0,0,0,194

Main.js:462 50.667,161,0,0,0.215,0,0.05,0,0,0,0,1,0,0,0,0,0,0,0,0,0,0,0,0,0,0,0,0,447.359,338.687,196.5,180,-0.402,-0.069,-0.048,-0.014,89,404,339,-2.5,0,0,0,0,0,0,0,0,0,209

Main.js:462 50.918,161,0,0,0.252,0,0.05,0,0,0,0,1,0,0,0,0,0,0,0,0,0,0,0,0,0,0,0,0,446.931,338.606,198,180,-0.427,-0.08,-0.048,-0.015,88,401.5,339,-2.5,0,0,0,0,0,0,0,0,0,226

Main.js:462 51.205,161,0,0,0.287,0,0.05,0,0,0,0,1,0,0,0,0,0,0,0,0,0,0,0,0,0,0,0,0,446.48,338.514,199.5,180,-0.451,-0.092,-0.047,-0.017,87,399,339,-2.5,0,0,0,0,0,0,0,0,0,244

Main.js:462 51.525,161,0,0,0.32,0,0.05,0,0,0,0,1,0,0,0,0,0,0,0,0,0,0,0,0,0,0,0,0,446.008,338.409,201,180,-0.473,-0.105,-0.047,-0.018,86,396.5,339,-2.5,0,0,0,0,0,0,0,0,0,260

Main.js:462 51.876,161,0,0,0.351,0,0.05,0,0,0,0,1,0,0,0,0,0,0,0,0,0,0,0,0,0,0,0,0,445.515,338.292,202.5,180,-0.493,-0.118,-0.046,-0.019,85,394,339,-2.5,0,0,0,0,0,0,0,0,0,276

Main.js:462 52.257,161,0,0,0.381,0,0.05,0,0,0,0,1,0,0,0,0,0,0,0,0,0,0,0,0,0,0,0,0,445.003,338.16,204,180,-0.512,-0.131,-0.046,-0.02,84,391.5,339,-2.5,0,0,0,0,0,0,0,0,0,294

Main.js:462 52.667,161,0,0,0.41,0,0.05,0,0,0,0,1,0,0,0,0,0,0,0,0,0,0,0,0,0,0,0,0,444.474,338.015,205.5,180,-0.529,-0.145,-0.045,-0.022,83,389,339,-2.5,0,0,0,0,0,0,0,0,0,309

Main.js:462 53.103,161,0,0,0.437,0,0.05,0,0,0,0,1,0,0,0,0,0,0,0,0,0,0,0,0,0,0,0,0,443.93,337.856,207,180,-0.545,-0.159,-0.045,-0.023,82,386.5,339,-2.5,0,0,0,0,0,0,0,0,0,327

Main.js:462 53.566,161,0,0,0.462,0,0.05,0,0,0,0,1,0,0,0,0,0,0,0,0,0,0,0,0,0,0,0,0,443.37,337.682,208.5,180,-0.559,-0.174,-0.044,-0.024,81,384,339,-2.5,0,0,0,0,0,0,0,0,0,344

Main.js:462 54.053,161,0,0,0.487,0,0.05,0,0,0,0,1,0,0,0,0,0,0,0,0,0,0,0,0,0,0,0,0,442.798,337.493,210,180,-0.572,-0.189,-0.043,-0.025,80,381.5,339,-2.5,0,0,0,0,0,0,0,0,0,360

Main.js:462 54.562,161,0,0,0.51,0,0.05,0,0,0,0,1,0,0,0,0,0,0,0,0,0,0,0,0,0,0,0,0,442.213,337.289,211.5,180,-0.584,-0.204,-0.043,-0.026,79,379,339,-2.5,0,0,0,0,0,0,0,0,0,377

Main.js:462 55.094,161,0,0,0.532,0,0.05,0,0,0,0,1,0,0,0,0,0,0,0,0,0,0,0,0,0,0,0,0,441.618,337.069,213,180,-0.595,-0.22,-0.042,-0.027,78,376.5,339,-2.5,0,0,0,0,0,0,0,0,0,394

Main.js:462 55.647,161,0,0,0.553,0,0.05,0,0,0,0,1,0,0,0,0,0,0,0,0,0,0,0,0,0,0,0,0,441.014,336.833,214.5,180,-0.604,-0.236,-0.041,-0.028,77,374,339,-2.5,0,0,0,0,0,0,0,0,0,410

Main.js:462 56.22,161.001,1.5,1.5,0.573,0.001,0.05,0.001,0,0,1,1,0,0,0,0,0,0,0,0,0,0,0,0,0,0,0,0,440.402,336.581,216,180,-0.613,-0.252,-0.04,-0.029,76,371.5,339,-2.5,0,0,0,0,0,0,0,0,0,425

Main.js:462 56.811,161.005,3,3,0.591,0.004,0.05,0.003,0,0,1,1,0,0,0,0,0,0,0,0,0,0,0,0,0,0,0,0,439.782,336.312,217.5,180,-0.62,-0.268,-0.04,-0.03,75,369,339,-2.5,0,0,0,0,0,0,0,0,0,442

Main.js:462 57.42,161.012,4.5,4.5,0.609,0.007,0.05,0.004,0,0,1,1,0,0,0,0,0,0,0,0,0,0,0,0,0,0,0,0,439.156,336.027,219,180,-0.626,-0.285,-0.039,-0.031,74,366.5,339,-2.5,0,0,0,0,0,0,0,0,0,460

Main.js:462 58.046,161.024,6,6,0.626,0.012,0.05,0.005,0,0,1,1,0,0,0,0,0,0,0,0,0,0,0,0,0,0,0,0,438.526,335.726,220.5,180,-0.63,-0.301,-0.038,-0.032,73,364,339,-2.5,0,0,0,0,0,0,0,0,0,477

Main.js:462 58.688,161.041,7.5,7.5,0.642,0.017,0.05,0.007,0,0,1,1,0,0,0,0,0,0,0,0,0,0,0,0,0,0,0,0,437.892,335.408,222,180,-0.634,-0.318,-0.037,-0.033,72,361.5,339,-2.5,0,0,0,0,0,0,0,0,0,493

Main.js:462 59.345,161.065,9,9,0.657,0.024,0.049,0.008,0,0,1,1,0,0,0,0,0,0,0,0,0,0,0,0,0,0,0,0,437.255,335.073,223.5,180,-0.637,-0.335,-0.036,-0.034,71,359,339,-2.5,0,0,0,0,0,0,0,0,0,509

Main.js:462 60.015,161.097,10.5,10.5,0.67,0.031,0.049,0.009,0,0,1,1,0,0,0,0,0,0,0,0,0,0,0,0,0,0,0,0,436.615,334.722,223.5,178.5,-0.64,-0.351,-0.036,-0.034,70,356.5,339,-2.5,0,0,0,0,0,0,0,0,0,527

Main.js:462 60.699,161.137,12,12,0.683,0.04,0.049,0.01,0,0,1,1,0,0,0,0,0,0,0,0,0,0,0,0,0,0,0,0,435.973,334.356,223.5,177,-0.642,-0.366,-0.036,-0.034,69,354,339,-2.5,0,0,0,0,0,0,0,0,0,544

Main.js:462 61.394,161.185,13.5,13.5,0.695,0.049,0.049,0.012,0,0,1,1,0,0,0,0,0,0,0,0,0,0,0,0,0,0,0,0,435.329,333.975,223.5,175.5,-0.644,-0.38,-0.036,-0.034,68,351.5,339,-2.5,0,0,0,0,0,0,0,0,0,560

Main.js:462 62.101,161.243,13.5,13.5,0.707,0.057,0.049,0.012,0,0,0,1,0,0,0,0,0,0,0,0,0,0,0,0,0,0,0,0,434.682,333.581,223.5,174,-0.647,-0.394,-0.036,-0.034,67,349,339,-2.5,0,0,0,0,0,0,0,0,0,577

Main.js:462 62.819,161.309,13.5,13.5,0.718,0.066,0.049,0.012,0,0,0,1,0,0,0,0,0,0,0,0,0,0,0,0,0,0,0,0,434.034,333.174,223.5,172.5,-0.649,-0.407,-0.036,-0.034,66,346.5,339,-2.5,0,0,0,0,0,0,0,0,0,594

Main.js:462 63.547,161.382,13.5,13.5,0.728,0.074,0.049,0.012,0,0,0,1,0,0,0,0,0,0,0,0,0,0,0,0,0,0,0,0,433.383,332.754,223.5,171,-0.651,-0.419,-0.036,-0.034,65,344,339,-2.5,0,0,0,0,0,0,0,0,0,610

Main.js:462 64.284,161.463,13.5,13.5,0.738,0.081,0.049,0.012,0,0,0,1,0,0,0,0,0,0,0,0,0,0,0,0,0,0,0,0,432.73,332.323,223.5,169.5,-0.653,-0.431,-0.036,-0.034,64,341.5,339,-2.5,0,0,0,0,0,0,0,0,0,627

Main.js:462 65.032,161.551,13.5,13.5,0.747,0.088,0.049,0.012,0,0,0,1,0,0,0,0,0,0,0,0,0,0,0,0,0,0,0,0,432.076,331.881,223.5,168,-0.654,-0.442,-0.036,-0.034,63,339,339,-2.5,0,0,0,0,0,0,0,0,0,643

Main.js:462 65.787,161.646,13.5,13.5,0.756,0.095,0.049,0.012,0,0,0,1,0,0,0,0,0,0,0,0,0,0,0,0,0,0,0,0,431.42,331.428,223.5,166.5,-0.656,-0.453,-0.036,-0.034,62,336.5,339,-2.5,0,0,0,0,0,0,0,0,0,660

Main.js:462 66.551,161.748,15,15,0.764,0.102,0.048,0.013,0,0,1,1,0,0,0,0,0,0,0,0,0,0,0,0,0,0,0,0,430.762,330.965,223.5,165,-0.658,-0.463,-0.036,-0.034,61,334,339,-2.5,0,0,0,0,0,0,0,0,0,678

Main.js:462 67.323,161.858,16.5,16.5,0.771,0.111,0.048,0.014,0,0,1,1,0,0,0,0,0,0,0,0,0,0,0,0,0,0,0,0,430.102,330.493,223.5,163.5,-0.659,-0.473,-0.036,-0.034,60,331.5,339,-2.5,0,0,0,0,0,0,0,0,0,693

Main.js:462 68.101,161.978,18,18,0.778,0.12,0.048,0.015,0,0,1,1,0,0,0,0,0,0,0,0,0,0,0,0,0,0,0,0,429.441,330.011,223.5,162,-0.661,-0.482,-0.036,-0.034,59,329,339,-2.5,0,0,0,0,0,0,0,0,0,710

Main.js:462 68.885,162.108,19.5,19.5,0.784,0.13,0.047,0.017,0,0,1,1,0,0,0,0,0,0,0,0,0,0,0,0,0,0,0,0,428.779,329.521,223.5,160.5,-0.662,-0.49,-0.036,-0.034,58,326.5,339,-2.5,0,0,0,0,0,0,0,0,0,727

Main.js:462 69.674,162.248,21,21,0.789,0.14,0.047,0.018,0,0,1,1,0,0,0,0,0,0,0,0,0,0,0,0,0,0,0,0,428.115,329.022,223.5,159,-0.664,-0.498,-0.036,-0.034,57,324,339,-2.5,0,0,0,0,0,0,0,0,0,742

Main.js:462 70.467,162.399,22.5,22.5,0.793,0.151,0.046,0.019,0,0,1,1,0,0,0,0,0,0,0,0,0,0,0,0,0,0,0,0,427.45,328.516,223.5,157.5,-0.665,-0.506,-0.036,-0.034,56,321.5,339,-2.5,0,0,0,0,0,0,0,0,0,760

Main.js:462 71.264,162.562,24,24,0.797,0.163,0.046,0.02,0,0,1,1,0,0,0,0,0,0,0,0,0,0,0,0,0,0,0,0,426.784,328.003,223.5,156,-0.666,-0.514,-0.036,-0.034,55,319,339,-2.5,0,0,0,0,0,0,0,0,0,776

Main.js:462 72.065,162.737,24,24,0.801,0.174,0.046,0.02,0,0,0,1,0,0,0,0,0,0,0,0,0,0,0,0,0,0,0,0,426.117,327.482,223.5,154.5,-0.667,-0.521,-0.036,-0.034,54,316.5,339,-2.5,0,0,0,0,0,0,0,0,0,794

Main.js:462 72.869,162.921,24,24,0.804,0.185,0.046,0.02,0,0,0,1,0,0,0,0,0,0,0,0,0,0,0,0,0,0,0,0,425.449,326.955,223.5,153,-0.668,-0.527,-0.036,-0.034,53,314,339,-2.5,0,0,0,0,0,0,0,0,0,810

Main.js:462 73.676,163.116,24,24,0.807,0.195,0.046,0.02,0,0,0,1,0,0,0,0,0,0,0,0,0,0,0,0,0,0,0,0,424.779,326.421,223.5,151.5,-0.669,-0.534,-0.036,-0.034,52,311.5,339,-2.5,0,0,0,0,0,0,0,0,0,828

Main.js:462 74.486,163.321,24,24,0.81,0.205,0.046,0.02,0,0,0,1,0,0,0,0,0,0,0,0,0,0,0,0,0,0,0,0,424.109,325.882,223.5,150,-0.67,-0.54,-0.036,-0.034,51,309,339,-2.5,0,0,0,0,0,0,0,0,0,843

Main.js:462 75.3,163.534,24,24,0.813,0.214,0.046,0.02,0,0,0,1,0,0,0,0,0,0,0,0,0,0,0,0,0,0,0,0,423.437,325.336,223.5,148.5,-0.671,-0.545,-0.036,-0.034,50,306.5,339,-2.5,0,0,0,0,0,0,0,0,0,858

Main.js:462 76.115,163.757,24,24,0.816,0.222,0.046,0.02,0,0,0,1,0,0,0,0,0,0,0,0,0,0,0,0,0,0,0,0,422.765,324.786,223.5,147,-0.672,-0.551,-0.036,-0.034,49,304,339,-2.5,0,0,0,0,0,0,0,0,0,875

Main.js:462 76.934,163.987,24,24,0.818,0.23,0.046,0.02,0,0,0,1,0,0,0,0,0,0,0,0,0,0,0,0,0,0,0,0,422.092,324.23,223.5,145.5,-0.673,-0.556,-0.036,-0.034,48,301.5,339,-2.5,0,0,0,0,0,0,0,0,0,894

Main.js:462 77.755,164.225,24,24,0.821,0.238,0.046,0.02,0,0,0,1,0,0,0,0,0,0,0,0,0,0,0,0,0,0,0,0,421.418,323.669,223.5,144,-0.674,-0.561,-0.036,-0.034,47,299,339,-2.5,0,0,0,0,0,0,0,0,0,911

Main.js:462 78.578,164.471,24,24,0.823,0.246,0.046,0.02,0,0,0,1,0,0,0,0,0,0,0,0,0,0,0,0,0,0,0,0,420.744,323.103,223.5,142.5,-0.675,-0.565,-0.036,-0.034,46,296.5,339,-2.5,0,0,0,0,0,0,0,0,0,926

Main.js:462 79.404,164.724,24,24,0.826,0.253,0.046,0.02,0,0,0,1,0,0,0,0,0,0,0,0,0,0,0,0,0,0,0,0,420.068,322.534,223.5,141,-0.675,-0.57,-0.036,-0.034,45,294,339,-2.5,0,0,0,0,0,0,0,0,0,943

Main.js:462 80.231,164.983,24,24,0.828,0.259,0.046,0.02,0,0,0,1,0,0,0,0,0,0,0,0,0,0,0,0,0,0,0,0,419.392,321.96,223.5,139.5,-0.676,-0.574,-0.036,-0.034,44,291.5,339,-2.5,0,0,0,0,0,0,0,0,0,961

Main.js:462 81.061,165.249,24,24,0.83,0.266,0.046,0.02,0,0,0,1,0,0,0,0,0,0,0,0,0,0,0,0,0,0,0,0,418.716,321.381,223.5,138,-0.677,-0.578,-0.036,-0.034,43,289,339,-2.5,0,0,0,0,0,0,0,0,0,977

Main.js:462 81.893,165.521,24,24,0.832,0.272,0.046,0.02,0,0,0,1,0,0,0,0,0,0,0,0,0,0,0,0,0,0,0,0,418.038,320.8,223.5,136.5,-0.677,-0.582,-0.036,-0.034,42,286.5,339,-2.5,0,0,0,0,0,0,0,0,0,993

Main.js:462 82.726,165.798,24,24,0.833,0.277,0.046,0.02,0,0,0,1,0,0,0,0,0,0,0,0,0,0,0,0,0,0,0,0,417.36,320.214,223.5,135,-0.678,-0.585,-0.036,-0.034,41,284,339,-2.5,0,0,0,0,0,0,0,0,0,1011

Main.js:462 83.561,166.081,24,24,0.835,0.283,0.046,0.02,0,0,0,1,0,0,0,0,0,0,0,0,0,0,0,0,0,0,0,0,416.681,319.626,222,132,-0.679,-0.588,-0.037,-0.033,40,281.5,339,-2.5,0,0,0,0,0,0,0,0,0,1027

Main.js:462 84.398,166.369,24,24,0.837,0.288,0.046,0.02,0,0,0,1,0,0,0,0,0,0,0,0,0,0,0,0,0,0,0,0,416,319.037,220.5,129,-0.681,-0.589,-0.038,-0.032,39,279,339,-2.5,0,0,0,0,0,0,0,0,0,1043

Main.js:462 85.236,166.662,24,24,0.838,0.293,0.046,0.02,0,0,0,1,0,0,0,0,0,0,0,0,0,0,0,0,0,0,0,0,415.315,318.447,219,126,-0.684,-0.59,-0.039,-0.031,38,276.5,339,-2.5,0,0,0,0,0,0,0,0,0,1060

Main.js:462 86.075,166.961,25.5,25.5,0.839,0.299,0.045,0.022,0,0,1,1,0,0,0,0,0,0,0,0,0,0,0,0,0,0,0,0,414.628,317.858,217.5,123,-0.688,-0.589,-0.04,-0.03,37,274,339,-2.5,0,0,0,0,0,0,0,0,0,1077

Main.js:462 86.915,167.266,27,27,0.84,0.305,0.045,0.023,0,0,1,1,0,0,0,0,0,0,0,0,0,0,0,0,0,0,0,0,413.936,317.27,216,120,-0.692,-0.588,-0.04,-0.029,36,271.5,339,-2.5,0,0,0,0,0,0,0,0,0,1094

Main.js:462 87.754,167.579,28.5,28.5,0.839,0.313,0.044,0.024,0,0,1,1,0,0,0,0,0,0,0,0,0,0,0,0,0,0,0,0,413.239,316.685,214.5,117,-0.696,-0.585,-0.041,-0.028,35,269,339,-2.5,0,0,0,0,0,0,0,0,0,1110

Main.js:462 88.593,167.9,30,30,0.839,0.321,0.043,0.025,0,0,1,1,0,0,0,0,0,0,0,0,0,0,0,0,0,0,0,0,412.538,316.103,213,114,-0.701,-0.582,-0.042,-0.027,34,266.5,339,-2.5,0,0,0,0,0,0,0,0,0,1126

Main.js:462 89.43,168.23,31.5,31.5,0.837,0.33,0.043,0.026,0,0,1,1,0,0,0,0,0,0,0,0,0,0,0,0,0,0,0,0,411.831,315.525,211.5,111,-0.707,-0.578,-0.043,-0.026,33,264,339,-2.5,0,0,0,0,0,0,0,0,0,1142

Main.js:462 90.265,168.569,33,33,0.835,0.339,0.042,0.027,0,0,1,1,0,0,0,0,0,0,0,0,0,0,0,0,0,0,0,0,411.119,314.953,210,108,-0.713,-0.572,-0.043,-0.025,32,261.5,339,-2.5,0,0,0,0,0,0,0,0,0,1159

Main.js:462 91.098,168.918,34.5,34.5,0.832,0.349,0.041,0.028,0,0,1,1,0,0,0,0,0,0,0,0,0,0,0,0,0,0,0,0,410.4,314.386,208.5,105,-0.719,-0.566,-0.044,-0.024,31,259,339,-2.5,0,0,0,0,0,0,0,0,0,1176

Main.js:462 91.928,169.277,34.5,34.5,0.83,0.359,0.041,0.028,0,0,0,1,0,0,0,0,0,0,0,0,0,0,0,0,0,0,0,0,409.675,313.826,207,102,-0.725,-0.56,-0.045,-0.023,30,256.5,339,-2.5,0,0,0,0,0,0,0,0,0,1194

Main.js:462 92.755,169.644,34.5,34.5,0.828,0.367,0.041,0.028,0,0,0,1,0,0,0,0,0,0,0,0,0,0,0,0,0,0,0,0,408.943,313.274,205.5,99,-0.732,-0.552,-0.045,-0.022,29,254,339,-2.5,0,0,0,0,0,0,0,0,0,1209

Main.js:462 93.581,170.02,34.5,34.5,0.825,0.376,0.041,0.028,0,0,0,1,0,0,0,0,0,0,0,0,0,0,0,0,0,0,0,0,408.204,312.73,204,96,-0.739,-0.544,-0.046,-0.02,28,251.5,339,-2.5,0,0,0,0,0,0,0,0,0,1227

Main.js:462 94.404,170.404,34.5,34.5,0.823,0.384,0.041,0.028,0,0,0,1,0,0,0,0,0,0,0,0,0,0,0,0,0,0,0,0,407.459,312.195,202.5,93,-0.745,-0.535,-0.046,-0.019,27,249,339,-2.5,0,0,0,0,0,0,0,0,0,1244

Main.js:462 95.225,170.796,34.5,34.5,0.821,0.392,0.041,0.028,0,0,0,1,0,0,0,0,0,0,0,0,0,0,0,0,0,0,0,0,406.706,311.67,201,90,-0.753,-0.525,-0.047,-0.018,26,246.5,339,-2.5,0,0,0,0,0,0,0,0,0,1259

Main.js:462 96.045,171.195,34.5,34.5,0.819,0.399,0.041,0.028,0,0,0,1,0,0,0,0,0,0,0,0,0,0,0,0,0,0,0,0,405.947,311.155,199.5,87,-0.76,-0.515,-0.047,-0.017,25,244,339,-2.5,0,0,0,0,0,0,0,0,0,1277

Main.js:462 96.862,171.601,34.5,34.5,0.818,0.406,0.041,0.028,0,0,0,1,0,0,0,0,0,0,0,0,0,0,0,0,0,0,0,0,405.18,310.652,198,84,-0.767,-0.504,-0.048,-0.015,24,241.5,339,-2.5,0,0,0,0,0,0,0,0,0,1294

Main.js:462 97.678,172.014,34.5,34.5,0.816,0.413,0.041,0.028,0,0,0,1,0,0,0,0,0,0,0,0,0,0,0,0,0,0,0,0,404.406,310.16,196.5,81,-0.774,-0.492,-0.048,-0.014,23,239,339,-2.5,0,0,0,0,0,0,0,0,0,1309

Main.js:462 98.492,172.433,34.5,34.5,0.814,0.419,0.041,0.028,0,0,0,1,0,0,0,0,0,0,0,0,0,0,0,0,0,0,0,0,403.624,309.68,195,78,-0.781,-0.48,-0.048,-0.013,22,236.5,339,-2.5,0,0,0,0,0,0,0,0,0,1327

Main.js:462 99.305,172.858,34.5,34.5,0.813,0.425,0.041,0.028,0,0,0,1,0,0,0,0,0,0,0,0,0,0,0,0,0,0,0,0,402.836,309.213,193.5,75,-0.788,-0.467,-0.049,-0.012,21,234,339,-2.5,0,0,0,0,0,0,0,0,0,1344

Main.js:462 100.116,173.288,34.5,34.5,0.811,0.431,0.041,0.028,0,0,0,1,0,0,0,0,0,0,0,0,0,0,0,0,0,0,0,0,402.041,308.76,192,72,-0.795,-0.453,-0.049,-0.01,20,231.5,339,-2.5,0,0,0,0,0,0,0,0,0,1361

Main.js:462 100.926,173.724,34.5,34.5,0.81,0.436,0.041,0.028,0,0,0,1,0,0,0,0,0,0,0,0,0,0,0,0,0,0,0,0,401.238,308.321,190.5,69,-0.802,-0.439,-0.049,-0.009,19,229,339,-2.5,0,0,0,0,0,0,0,0,0,1377

Main.js:462 101.734,174.165,34.5,34.5,0.808,0.441,0.041,0.028,0,0,0,1,0,0,0,0,0,0,0,0,0,0,0,0,0,0,0,0,400.429,307.896,189,66,-0.809,-0.425,-0.049,-0.008,18,226.5,339,-2.5,0,0,0,0,0,0,0,0,0,1395

Main.js:462 102.541,174.611,34.5,34.5,0.807,0.446,0.041,0.028,0,0,0,1,0,0,0,0,0,0,0,0,0,0,0,0,0,0,0,0,399.613,307.486,187.5,63,-0.816,-0.41,-0.05,-0.007,17,224,339,-2.5,0,0,0,0,0,0,0,0,0,1410

Main.js:462 103.347,175.062,34.5,34.5,0.806,0.451,0.041,0.028,0,0,0,1,0,0,0,0,0,0,0,0,0,0,0,0,0,0,0,0,398.791,307.092,186,60,-0.822,-0.394,-0.05,-0.005,16,221.5,339,-2.5,0,0,0,0,0,0,0,0,0,1428

Main.js:462 104.152,175.517,34.5,34.5,0.805,0.455,0.041,0.028,0,0,0,1,0,0,0,0,0,0,0,0,0,0,0,0,0,0,0,0,397.962,306.714,184.5,57,-0.828,-0.378,-0.05,-0.004,15,219,339,-2.5,0,0,0,0,0,0,0,0,0,1443

Main.js:462 104.955,175.976,34.5,34.5,0.804,0.459,0.041,0.028,0,0,0,1,0,0,0,0,0,0,0,0,0,0,0,0,0,0,0,0,397.128,306.352,183,54,-0.835,-0.362,-0.05,-0.003,14,216.5,339,-2.5,0,0,0,0,0,0,0,0,0,1460

Main.js:462 105.758,176.439,34.5,34.5,0.803,0.463,0.041,0.028,0,0,0,1,0,0,0,0,0,0,0,0,0,0,0,0,0,0,0,0,396.288,306.007,181.5,51,-0.84,-0.345,-0.05,-0.001,13,214,339,-2.5,0,0,0,0,0,0,0,0,0,1476

Main.js:462 106.56,176.905,34.5,34.5,0.802,0.467,0.041,0.028,0,0,0,1,0,0,0,0,0,0,0,0,0,0,0,0,0,0,0,0,395.442,305.679,180,48,-0.846,-0.328,-0.05,0,12,211.5,339,-2.5,0,0,0,0,0,0,0,0,0,1494

Main.js:462 107.36,177.376,34.5,34.5,0.801,0.47,0.041,0.028,0,0,0,1,0,0,0,0,0,0,0,0,0,0,0,0,0,0,0,0,394.591,305.369,178.5,45,-0.851,-0.31,-0.05,0.001,11,209,339,-2.5,0,0,0,0,0,0,0,0,0,1509

Main.js:462 108.16,177.849,34.5,34.5,0.8,0.474,0.041,0.028,0,0,0,1,0,0,0,0,0,0,0,0,0,0,0,0,0,0,0,0,393.735,305.077,177,42,-0.856,-0.292,-0.05,0.003,10,206.5,339,-2.5,0,0,0,0,0,0,0,0,0,1527

Main.js:462 108.959,178.326,34.5,34.5,0.799,0.477,0.041,0.028,99,0,0,1,0,1,0,0,0,0,0,0,0,0,0,0,0,0,0,0,392.875,304.803,175.5,39,-0.86,-0.274,-0.05,0.004,9,204,339,-2.5,0,0,0,0,0,0,0,0,0,1543

Main.js:462 109.757,178.806,34.5,34.5,0.798,0.48,0.041,0.028,98,0,0,1,0,1,0,0,127.527,191.16,2.06,1.416,0,0,0,0,0,0,0,0,392.01,304.548,174,36,-0.865,-0.255,-0.05,0.005,8,201.5,339,-2.5,0,0,0,0,0,0,0,0,0,1559

Main.js:462 110.555,179.289,34.5,34.5,0.797,0.483,0.041,0.028,97,0,0,1,0,1,0,0,129.587,192.576,2.06,1.416,0,0,0,0,0,0,0,0,391.142,304.312,172.5,33,-0.868,-0.236,-0.05,0.007,7,199,339,-2.5,0,0,0,0,0,0,0,0,0,1576

Main.js:462 111.351,179.775,34.5,34.5,0.797,0.486,0.041,0.028,96,0,0,1,0,1,0,0,131.648,193.992,2.06,1.416,0,0,0,0,0,0,0,0,390.27,304.095,171,30,-0.872,-0.217,-0.049,0.008,6,196.5,339,-2.5,0,0,0,0,0,0,0,0,0,1594

Main.js:462 112.147,180.263,34.5,34.5,0.796,0.488,0.041,0.028,95,0,0,1,0,1,0,0,133.708,195.408,2.06,1.416,0,0,0,0,0,0,0,0,389.395,303.897,169.5,27,-0.875,-0.197,-0.049,0.009,5,194,339,-2.5,0,0,0,0,0,0,0,0,0,1610

Main.js:462 112.942,180.754,34.5,34.5,0.795,0.491,0.041,0.028,94,0,0,1,0,1,0,0,135.768,196.824,2.06,1.416,0,0,0,0,0,0,0,0,388.517,303.72,168,24,-0.878,-0.178,-0.049,0.01,4,191.5,339,-2.5,0,0,0,0,0,0,0,0,0,1627

Main.js:462 113.737,181.247,34.5,34.5,0.795,0.493,0.041,0.028,93,0,0,1,0,1,0,0,137.829,198.24,2.06,1.416,0,0,0,0,0,0,0,0,387.637,303.562,166.5,21,-0.88,-0.158,-0.049,0.012,3,189,339,-2.5,0,0,0,0,0,0,0,0,0,1642

Main.js:462 114.531,181.742,34.5,34.5,0.794,0.495,0.041,0.028,92,0,0,1,0,1,0,0,139.889,199.656,2.06,1.416,0,0,0,0,0,0,0,0,386.755,303.424,165,18,-0.882,-0.138,-0.048,0.013,2,186.5,339,-2.5,0,0,0,0,0,0,0,0,0,1659

Main.js:462 115.325,182.24,34.5,34.5,0.794,0.498,0.041,0.028,91,0,0,1,0,0,0,0,141.949,201.072,2.06,1.416,0,0,0,0,0,0,0,0,385.871,303.307,163.5,15,-0.883,-0.117,-0.048,0.014,1,184,339,-2.5,0,0,0,0,0,0,0,0,0,1678

Main.js:462 116.118,182.739,34.5,34.5,0.793,0.5,0.041,0.028,90,0,0,1,0,0,0,0,144.009,202.488,2.06,1.416,0,0,0,0,0,0,0,0,384.987,303.211,162,12,-0.884,-0.097,-0.048,0.015,0,181.5,339,-2.5,0,0,0,0,0,0,0,0,0,1692

Main.js:462 116.91,183.241,34.5,34.5,0.793,0.501,0.041,0.028,89,0,0,1,0,0,0,0,146.07,203.904,2.06,1.416,0,0,0,0,0,0,0,0,384.102,303.135,160.5,9,-0.885,-0.076,-0.047,0.017,99,179,339,-2.5,0,0,0,0,0,0,0,0,0,1710

Main.js:462 117.702,183.744,34.5,34.5,0.792,0.503,0.041,0.028,88,0,0,1,0,0,0,0,148.13,205.32,2.06,1.416,0,0,0,0,0,0,0,0,383.217,303.08,159,6,-0.885,-0.055,-0.047,0.018,98,176.5,339,-2.5,0,408.198,306.887,2.469,0.391,0,0,0,0,1727

Main.js:462 118.494,184.249,34.5,34.5,0.792,0.505,0.041,0.028,87,0,0,1,0,0,0,0,150.19,206.736,2.06,1.416,0,0,0,0,0,0,0,0,382.332,303.045,157.5,3,-0.885,-0.034,-0.046,0.019,97,174,339,-2.5,0,410.667,307.278,2.469,0.391,0,0,0,0,1743

Main.js:462 119.285,184.756,34.5,34.5,0.791,0.507,0.041,0.028,86,0,0,1,0,0,0,0,152.251,208.152,2.06,1.416,0,0,0,0,0,0,0,0,381.448,303.032,156,0,-0.884,-0.013,-0.046,0.02,96,171.5,339,-2.5,0,413.136,307.669,2.469,0.391,0,0,0,0,1760

Main.js:462 120.076,185.264,34.5,34.5,0.791,0.508,0.041,0.028,85,0,0,1,0,0,0,0,154.311,209.568,2.06,1.416,0,0,0,0,0,0,0,0,380.566,303.04,154.5,357,-0.883,0.008,-0.045,0.022,95,169,339,-2.5,0,415.605,308.06,2.469,0.391,0,0,0,0,1777

Main.js:462 120.866,185.774,34.5,34.5,0.79,0.51,0.041,0.028,84,0,0,1,0,0,0,0,156.371,210.984,2.06,1.416,0,0,0,0,0,0,0,0,379.685,303.069,153,354,-0.881,0.029,-0.045,0.023,94,166.5,339,-2.5,0,418.074,308.451,2.469,0.391,0,0,0,0,1792

Main.js:462 121.656,186.285,34.5,34.5,0.79,0.511,0.041,0.028,83,0,0,1,0,0,0,0,158.432,212.4,2.06,1.416,0,0,0,0,0,0,0,0,378.807,303.12,151.5,351,-0.878,0.05,-0.044,0.024,93,164,339,-2.5,0,420.544,308.842,2.469,0.391,0,0,0,0,1811

Main.js:462 122.446,186.798,34.5,34.5,0.79,0.513,0.041,0.028,82,0,0,1,0,0,0,0,160.492,213.816,2.06,1.416,0,0,0,0,0,0,0,0,377.931,303.191,150,348,-0.876,0.072,-0.043,0.025,92,161.5,339,-2.5,0,423.013,309.233,2.469,0.391,0,0,0,0,1827

Main.js:462 123.235,187.311,34.5,34.5,0.789,0.514,0.041,0.028,81,0,0,1,0,0,0,0,162.552,215.232,2.06,1.416,0,0,0,0,0,0,0,0,377.059,303.284,148.5,345,-0.872,0.093,-0.043,0.026,91,159,339,-2.5,0,425.482,309.625,2.469,0.391,0,0,0,0,1843

Main.js:462 124.024,187.826,34.5,34.5,0.789,0.515,0.041,0.028,80,0,0,1,0,0,0,0,164.613,216.648,2.06,1.416,0,0,0,0,0,0,0,0,376.19,303.398,147,342,-0.869,0.114,-0.042,0.027,90,156.5,339,-2.5,0,427.951,310.016,2.469,0.391,0,0,0,0,1859

Main.js:462 124.814,188.342,33,33,0.789,0.515,0.042,0.027,79,1,0,1,0,0,0,0,166.673,218.064,2.06,1.416,0,0,0,0,0,0,0,0,375.326,303.533,145.5,339,-0.864,0.135,-0.041,0.028,89,154,339,-2.5,0,430.421,310.407,2.469,0.391,0,0,0,0,1877

Main.js:462 125.604,188.856,31.5,31.5,0.79,0.514,0.043,0.026,78,1,0,1,0,0,0,0,168.733,219.48,2.06,1.416,0,0,0,0,0,0,0,0,374.466,303.69,144,336,-0.86,0.156,-0.04,0.029,88,151.5,339,-2.5,0,432.89,310.798,2.469,0.391,0,0,0,0,1894

Main.js:462 126.396,189.368,30,30,0.792,0.512,0.043,0.025,77,1,0,1,0,0,0,0,170.794,220.896,2.06,1.416,0,0,0,0,0,0,0,0,373.612,303.867,142.5,333,-0.854,0.177,-0.04,0.03,87,149,339,-2.5,0,435.359,311.189,2.469,0.391,0,0,0,0,1909

Main.js:462 127.19,189.877,28.5,28.5,0.794,0.509,0.044,0.024,76,1,0,1,0,0,0,0,172.854,222.312,2.06,1.416,0,0,0,0,0,0,0,0,372.764,304.066,141,330,-0.848,0.199,-0.039,0.031,86,146.5,339,-2.5,0,437.828,311.58,2.469,0.391,0,0,0,0,1925

Main.js:462 127.987,190.383,27,27,0.797,0.505,0.045,0.023,75,1,0,1,0,0,0,0,174.914,223.728,2.06,1.416,0,0,0,0,0,0,0,0,371.921,304.285,139.5,327,-0.842,0.219,-0.038,0.032,85,144,339,-2.5,0,440.297,311.971,2.469,0.391,0,0,0,0,1942

Main.js:462 128.787,190.883,25.5,25.5,0.8,0.501,0.045,0.022,74,1,0,1,0,0,0,0,176.975,225.144,2.06,1.416,0,0,0,0,0,0,0,0,371.086,304.525,138,324,-0.835,0.24,-0.037,0.033,84,141.5,339,-2.5,0,442.767,312.362,2.469,0.391,0,0,0,0,1961

Main.js:462 129.59,191.378,24,24,0.803,0.495,0.046,0.02,73,1,0,1,0,0,0,0,179.035,226.56,2.06,1.416,0,0,0,0,0,0,0,0,370.258,304.786,136.5,321,-0.828,0.261,-0.036,0.034,83,139,339,-2.5,0,445.236,312.753,2.469,0.391,0,0,0,0,1978

Main.js:462 130.353,191.848,24,24,0.763,0.47,0,0,72,0,0,0,0,0,0,0,181.095,227.976,2.06,1.416,0,0,0,0,0,0,0,0,369.438,305.068,135,318,-0.82,0.281,-0.035,0.035,82,136.5,339,-2.5,0,447.705,313.144,2.469,0.391,0,0,0,0,1993

Main.js:462 131.078,192.295,24,24,0.725,0.447,0,0,71,0,0,0,0,0,0,0,183.155,229.392,2.06,1.416,0,0,0,0,0,0,0,0,368.626,305.37,133.5,315,-0.812,0.302,-0.034,0.036,81,134,339,-2.5,0,450.174,313.535,2.469,0.391,0,0,0,0,2011

Main.js:462 131.766,192.719,24,24,0.689,0.424,0,0,70,0,0,0,0,0,0,0,185.216,230.808,2.06,1.416,0,0,0,0,0,0,0,0,367.821,305.69,135,315,-0.805,0.32,-0.035,0.035,80,131.5,339,-2.5,0,452.644,313.926,2.469,0.391,0,0,0,0,2027

Main.js:462 132.421,193.122,24,24,0.654,0.403,0,0,69,0,0,0,0,0,0,0,187.276,232.224,2.06,1.416,0,0,0,0,0,0,0,0,367.022,306.027,136.5,315,-0.799,0.337,-0.036,0.034,79,129,339,-2.5,0,455.113,314.318,2.469,0.391,0,0,0,0,2044

Main.js:462 133.042,193.505,24,24,0.622,0.383,0,0,68,0,0,0,0,0,0,0,189.336,233.64,2.06,1.416,0,0,0,0,0,0,0,0,366.228,306.379,138,315,-0.794,0.352,-0.037,0.033,78,126.5,339,-2.5,0,457.582,314.709,2.469,0.391,0,0,0,0,2059

Main.js:462 133.633,193.869,24,24,0.59,0.364,0,0,67,0,0,0,0,0,0,0,191.397,235.056,2.06,1.416,0,0,0,0,0,0,0,0,365.437,306.744,139.5,315,-0.791,0.365,-0.038,0.032,77,124,339,-2.5,0,460.051,315.1,2.469,0.391,0,0,0,0,2077

Main.js:462 134.194,194.214,24,24,0.561,0.346,0,0,66,0,0,0,0,1,0,0,193.457,236.472,2.06,1.416,0,0,0,0,0,0,0,0,364.649,307.121,141,315,-0.788,0.377,-0.039,0.031,76,121.5,339,-2.5,0,462.52,315.491,2.469,0.391,0,0,0,0,2093

Main.js:462 134.726,194.543,24,24,0.533,0.328,0,0,65,0,0,0,0,1,0,0,195.517,237.889,2.06,1.416,0,0,0,0,0,0,0,0,363.862,307.508,142.5,315,-0.786,0.387,-0.04,0.03,75,119,339,-2.5,0,464.99,315.882,2.469,0.391,0,0,0,0,2110

Main.js:462 135.233,194.855,24,24,0.506,0.312,0,0,64,0,0,0,0,1,0,0,197.578,239.305,2.06,1.416,0,0,0,0,0,0,0,0,363.077,307.903,144,315,-0.786,0.395,-0.04,0.029,74,116.5,339,-2.5,0,467.459,316.273,2.469,0.391,0,0,0,0,2126

Main.js:462 135.713,195.151,24,24,0.481,0.296,0,0,63,0,0,0,0,1,0,0,199.638,240.721,2.06,1.416,0,0,0,0,0,0,0,0,362.291,308.306,145.5,315,-0.785,0.403,-0.041,0.028,73,114,339,-2.5,0,469.928,316.664,2.469,0.391,0,0,0,0,2144

Main.js:462 136.17,195.432,24,24,0.457,0.281,0,0,62,0,0,0,0,1,0,0,201.698,242.137,2.06,1.416,0,0,0,0,0,0,0,0,361.505,308.714,147,315,-0.786,0.408,-0.042,0.027,72,111.5,339,-2.5,0,472.397,317.055,2.469,0.391,0,0,0,0,2161

Main.js:462 136.604,195.7,24,24,0.434,0.267,0,0,61,0,0,0,0,0,0,0,203.759,243.553,2.06,1.416,0,0,0,0,0,0,0,0,360.718,309.127,148.5,315,-0.787,0.413,-0.043,0.026,71,109,339,-2.5,0,474.867,317.446,2.469,0.391,0,0,0,0,2177

Main.js:462 137.017,195.954,24,24,0.412,0.254,0,0,60,0,0,0,0,0,0,0,205.819,244.969,2.06,1.416,0,0,0,0,0,0,0,0,359.929,309.543,150,315,-0.789,0.416,-0.043,0.025,70,106.5,339,-2.5,0,477.336,317.837,2.469,0.391,0,0,0,0,2195

Main.js:462 137.408,196.195,24,24,0.392,0.241,0,0,59,0,0,0,0,0,0,0,207.879,246.385,2.06,1.416,0,0,0,0,0,0,0,0,359.138,309.961,151.5,315,-0.791,0.418,-0.044,0.024,69,104,339,-2.5,0,479.805,318.228,2.469,0.391,0,0,0,0,2210

Main.js:462 137.781,196.424,24,24,0.372,0.229,0,0,58,0,0,0,0,0,0,0,209.94,247.801,2.06,1.416,0,0,0,0,0,0,0,0,358.344,310.379,153,315,-0.794,0.418,-0.045,0.023,68,101.5,339,-2.5,0,482.274,318.619,2.469,0.391,0,0,0,0,2226

Main.js:462 138.134,196.642,24,24,0.354,0.218,0,0,57,0,0,0,0,0,0,0,212,249.217,2.06,1.416,0,0,0,0,0,0,0,0,357.546,310.797,154.5,315,-0.797,0.418,-0.045,0.022,67,99,339,-2.5,0,484.743,319.011,2.469,0.391,0,0,0,0,2243

Main.js:462 138.47,196.849,24,24,0.336,0.207,0,0,56,0,0,0,0,0,0,0,214.06,250.633,2.06,1.416,0,0,0,0,0,0,0,0,356.746,311.214,156,315,-0.801,0.416,-0.046,0.02,66,96.5,339,-2.5,0,487.213,319.402,2.469,0.391,0,0,0,0,2259

Main.js:462 138.789,197.046,24,24,0.319,0.197,0,0,55,0,0,0,0,1,0,0,216.121,252.049,2.06,1.416,0,0,0,0,0,0,0,0,355.941,311.627,157.5,315,-0.805,0.414,-0.046,0.019,65,94,339,-2.5,0,489.682,319.793,2.469,0.391,0,0,0,0,2276

Main.js:462 139.092,197.232,24,24,0.303,0.187,0,0,54,0,0,0,0,1,0,0,218.181,253.465,2.06,1.416,0,0,0,0,0,0,0,0,355.132,312.037,159,315,-0.809,0.41,-0.047,0.018,64,91.5,339,-2.5,0,492.151,320.184,2.469,0.391,0,0,0,0,2292

Main.js:462 139.38,197.41,24,24,0.288,0.177,0,0,53,0,0,0,0,1,0,0,220.241,254.881,2.06,1.416,0,0,0,0,0,0,0,0,354.319,312.443,160.5,315,-0.813,0.405,-0.047,0.017,63,89,339,-2.5,0,494.62,320.575,2.469,0.391,0,0,0,0,2310

Main.js:462 139.653,197.578,24,24,0.274,0.169,0,0,52,0,0,0,0,1,0,0,222.301,256.297,2.06,1.416,0,0,0,0,0,0,0,0,353.502,312.843,162,315,-0.818,0.4,-0.048,0.015,62,86.5,339,-2.5,0,497.09,320.966,2.469,0.391,0,0,0,0,2327

Main.js:462 139.913,197.738,24,24,0.26,0.16,0,0,51,0,0,0,0,1,0,0,224.362,257.713,2.06,1.416,0,0,0,0,0,0,0,0,352.679,313.236,163.5,315,-0.822,0.393,-0.048,0.014,61,84,339,-2.5,0,499.559,321.357,2.469,0.391,0,0,0,0,2344

Main.js:462 140.16,197.891,24,24,0.247,0.152,0,0,50,0,0,0,0,1,0,0,226.422,259.129,2.06,1.416,0,0,0,0,0,0,0,0,351.852,313.622,165,315,-0.827,0.386,-0.048,0.013,60,81.5,339,-2.5,0,0,0,0,0,0,0,0,0,2360

Main.js:462 140.395,198.035,25.5,25.5,0.235,0.144,0,0,49,0,1,0,0,0,0,0,228.482,260.545,2.06,1.416,0,0,0,0,0,0,0,0,351.021,314,166.5,315,-0.832,0.378,-0.049,0.012,59,79,339,-2.5,0,0,0,0,0,0,0,0,0,2376

Main.js:462 140.618,198.172,27,27,0.223,0.137,0,0,48,0,1,0,0,0,0,0,230.543,261.961,2.06,1.416,0,0,0,0,0,0,0,0,350.184,314.368,168,315,-0.837,0.369,-0.049,0.01,58,76.5,339,-2.5,0,0,0,0,0,0,0,0,0,2394

Main.js:462 140.829,198.303,28.5,28.5,0.212,0.13,0,0,47,0,1,0,0,0,0,0,232.603,263.377,2.06,1.416,0,0,0,0,0,0,0,0,349.342,314.727,169.5,315,-0.842,0.359,-0.049,0.009,57,74,339,-2.5,0,0,0,0,0,0,0,0,0,2410

Main.js:462 141.03,198.427,30,30,0.201,0.124,0,0,46,0,1,0,0,0,0,0,234.663,264.793,2.06,1.416,0,0,0,0,0,0,0,0,348.496,315.076,171,315,-0.846,0.348,-0.049,0.008,56,71.5,339,-2.5,0,0,0,0,0,0,0,0,0,2427

Main.js:462 141.221,198.544,31.5,31.5,0.191,0.118,0,0,45,0,1,0,0,0,0,0,236.724,266.209,2.06,1.416,0,0,0,0,0,0,0,0,347.645,315.413,172.5,315,-0.851,0.337,-0.05,0.007,55,69,339,-2.5,0,0,0,0,0,0,0,0,0,2442

Main.js:462 141.403,198.656,33,33,0.181,0.112,0,0,44,0,1,0,0,1,0,0,238.784,267.625,2.06,1.416,0,0,0,0,0,0,0,0,346.789,315.738,174,315,-0.856,0.325,-0.05,0.005,54,66.5,339,-2.5,0,0,0,0,0,0,0,0,0,2459

Main.js:462 141.575,198.762,34.5,34.5,0.172,0.106,0,0,43,0,1,0,0,1,0,0,240.844,269.041,2.06,1.416,0,0,0,0,0,0,0,0,345.928,316.051,175.5,315,-0.86,0.313,-0.05,0.004,53,64,339,-2.5,0,0,0,0,0,0,0,0,0,2476

Main.js:462 141.739,198.863,36,36,0.164,0.101,0,0,42,0,1,0,0,1,0,0,242.905,270.457,2.06,1.416,0,0,0,0,0,0,0,0,345.064,316.351,177,315,-0.865,0.3,-0.05,0.003,52,61.5,339,-2.5,0,0,0,0,0,0,0,0,0,2494

Main.js:462 141.895,198.959,37.5,37.5,0.156,0.096,0,0,41,0,1,0,0,1,0,0,244.965,271.873,2.06,1.416,0,0,0,0,0,0,0,0,344.194,316.637,178.5,315,-0.869,0.286,-0.05,0.001,51,59,339,-2.5,0,0,0,0,0,0,0,0,0,2511

Main.js:462 142.042,199.05,39,39,0.148,0.091,0,0,40,0,1,0,0,1,0,0,247.025,273.289,2.06,1.416,0,0,0,0,0,0,0,0,343.321,316.909,178.5,313.5,-0.873,0.273,-0.05,0.001,50,56.5,339,-2.5,0,0,0,0,0,0,0,0,0,2527

Main.js:462 142.183,199.137,40.5,40.5,0.14,0.087,0,0,39,0,1,0,0,0,0,0,249.086,274.705,2.06,1.416,0,0,0,0,0,0,0,0,342.444,317.17,178.5,312,-0.877,0.26,-0.05,0.001,49,54,339,-2.5,0,0,0,0,0,0,0,0,0,2545

Main.js:462 142.316,199.219,42,42,0.133,0.082,0,0,38,0,1,0,0,0,0,0,251.146,276.121,2.06,1.416,0,0,0,0,0,0,0,0,341.564,317.419,178.5,310.5,-0.881,0.249,-0.05,0.001,48,51.5,339,-2.5,0,0,0,0,0,0,0,0,0,2562

Main.js:462 142.443,199.297,43.5,43.5,0.127,0.078,0,0,37,0,1,0,0,0,0,0,253.206,277.537,2.06,1.416,0,0,0,0,0,0,0,0,340.68,317.656,178.5,309,-0.884,0.237,-0.05,0.001,47,49,339,-2.5,0,0,0,0,0,0,0,0,0,2577

Main.js:462 142.563,199.371,45,45,0.12,0.074,0,0,36,0,1,0,0,0,0,0,255.267,278.953,2.06,1.416,0,0,0,0,0,0,0,0,339.792,317.883,178.5,307.5,-0.887,0.227,-0.05,0.001,46,46.5,339,-2.5,0,0,0,0,0,0,0,0,0,2594

Main.js:462 142.678,199.442,46.5,46.5,0.114,0.07,0,0,35,0,1,0,0,0,0,0,257.327,280.369,2.06,1.416,0,0,0,0,0,0,0,0,338.902,318.1,178.5,306,-0.89,0.217,-0.05,0.001,45,44,339,-2.5,0,0,0,0,0,0,0,0,0,2609

Main.js:462 142.786,199.508,48,48,0.109,0.067,0,0,34,0,1,0,0,1,0,0,259.387,281.785,2.06,1.416,0,0,0,0,0,0,0,0,338.009,318.307,178.5,304.5,-0.893,0.207,-0.05,0.001,44,41.5,339,-2.5,0,0,0,0,0,0,0,0,0,2626

Main.js:462 142.89,199.572,49.5,49.5,0.103,0.064,0,0,33,0,1,0,0,1,0,0,261.447,283.201,2.06,1.416,0,0,0,0,0,0,0,0,337.112,318.505,178.5,303,-0.896,0.198,-0.05,0.001,43,39,339,-2.5,0,0,0,0,0,0,0,0,0,2642

Main.js:462 142.988,199.632,51,51,0.098,0.06,0,0,32,0,1,0,0,1,0,0,263.508,284.617,2.06,1.416,0,0,0,0,0,0,0,0,336.214,318.694,178.5,301.5,-0.899,0.189,-0.05,0.001,42,36.5,339,-2.5,0,0,0,0,0,0,0,0,0,2660

Main.js:462 143.081,199.69,52.5,52.5,0.093,0.057,0,0,31,0,1,0,0,1,0,0,265.568,286.033,2.06,1.416,0,0,0,0,0,0,0,0,335.312,318.875,178.5,300,-0.901,0.181,-0.05,0.001,41,34,339,-2.5,0,0,0,0,0,0,0,0,0,2675

Main.js:462 143.169,199.744,52.5,52.5,0.088,0.055,0,0,30,0,0,0,0,1,0,0,267.628,287.449,2.06,1.416,0,0,0,0,0,0,0,0,334.408,319.049,178.5,298.5,-0.904,0.173,-0.05,0.001,40,31.5,339,-2.5,0,0,0,0,0,0,0,0,0,2693

Main.js:462 143.253,199.796,52.5,52.5,0.084,0.052,0,0,29,0,0,0,0,0,0,0,269.689,288.865,2.06,1.416,0,0,0,0,0,0,0,0,333.502,319.215,178.5,297,-0.906,0.166,-0.05,0.001,39,29,339,-2.5,0,0,0,0,0,0,0,0,0,2711

Main.js:462 143.333,199.845,52.5,52.5,0.08,0.049,0,0,28,0,0,0,0,0,0,0,271.749,290.281,2.06,1.416,0,0,0,0,0,0,0,0,332.594,319.373,178.5,295.5,-0.908,0.159,-0.05,0.001,38,26.5,339,-2.5,0,0,0,0,0,0,0,0,0,2726

Main.js:462 143.409,199.892,52.5,52.5,0.076,0.047,0,0,27,0,0,0,0,0,0,0,273.809,291.697,2.06,1.416,0,0,0,0,0,0,0,0,331.683,319.526,178.5,294,-0.91,0.152,-0.05,0.001,37,24,339,-2.5,0,0,0,0,0,0,0,0,0,2744

Main.js:462 143.481,199.937,52.5,52.5,0.072,0.044,0,0,26,0,0,0,0,0,0,0,275.87,293.113,2.06,1.416,0,0,0,0,0,0,0,0,330.771,319.671,178.5,292.5,-0.912,0.146,-0.05,0.001,36,21.5,339,-2.5,0,0,0,0,0,0,0,0,0,2760

Main.js:462 143.55,199.979,52.5,52.5,0.068,0.042,0,0,25,0,0,0,0,0,0,0,277.93,294.529,2.06,1.416,0,0,0,0,0,0,0,0,329.857,319.811,178.5,291,-0.914,0.14,-0.05,0.001,35,19,339,-2.5,0,0,0,0,0,0,0,0,0,2777

Main.js:462 143.615,200.019,52.5,52.5,0.065,0.04,0,0,24,0,0,0,0,0,0,0,279.99,295.945,2.06,1.416,0,0,0,0,0,0,0,0,328.941,319.945,178.5,289.5,-0.916,0.134,-0.05,0.001,34,16.5,339,-2.5,0,0,0,0,0,0,0,0,0,2794

Main.js:462 143.677,200.057,52.5,52.5,0.062,0.038,0,0,23,0,0,0,0,1,0,0,282.051,297.361,2.06,1.416,0,0,0,0,0,0,0,0,328.023,320.074,178.5,288,-0.918,0.129,-0.05,0.001,33,14,339,-2.5,0,0,0,0,0,0,0,0,0,2810

Main.js:462 143.735,200.093,52.5,52.5,0.059,0.036,0,0,22,0,0,0,0,1,0,0,284.111,298.777,2.06,1.416,0,0,0,0,0,0,0,0,327.104,320.197,178.5,286.5,-0.919,0.123,-0.05,0.001,32,11.5,339,-2.5,0,0,0,0,0,0,0,0,0,2826

Main.js:462 143.791,200.127,52.5,52.5,0.056,0.034,0,0,21,0,0,0,0,1,0,0,286.171,300.193,2.06,1.416,0,0,0,0,0,0,0,0,326.183,320.315,178.5,285,-0.921,0.118,-0.05,0.001,31,9,339,-2.5,0,0,0,0,0,0,0,0,0,2843

Main.js:462 143.844,200.16,52.5,52.5,0.053,0.033,0,0,20,0,0,0,0,1,0,0,288.232,301.609,2.06,1.416,0,0,0,0,0,0,0,0,325.261,320.429,178.5,283.5,-0.922,0.114,-0.05,0.001,30,6.5,339,-2.5,0,0,0,0,0,0,0,0,0,2860

Main.js:462 143.894,200.191,52.5,52.5,0.05,0.031,0,0,19,0,0,0,0,1,0,0,290.292,303.025,2.06,1.416,0,0,0,0,0,0,0,0,324.337,320.539,178.5,282,-0.924,0.109,-0.05,0.001,29,4,339,-2.5,0,0,0,0,0,0,0,0,0,2876

Main.js:462 143.942,200.221,52.5,52.5,0.048,0.029,0,0,18,0,0,0,0,0,0,0,292.352,304.441,2.06,1.416,0,0,0,0,0,0,0,0,323.412,320.644,178.5,280.5,-0.925,0.105,-0.05,0.001,28,1.5,339,-2.5,0,0,0,0,0,0,0,0,0,2893

Main.js:462 143.988,200.249,52.5,52.5,0.045,0.028,0,0,17,0,0,0,0,0,0,0,292.352,304.441,2.06,1.416,0,0,0,0,0,0,0,0,322.486,320.745,178.5,279,-0.926,0.101,-0.05,0.001,27,0,0,0,0,0,0,0,0,0,0,0,0,2910

Main.js:462 144.031,200.275,52.5,52.5,0.043,0.027,0,0,16,0,0,0,0,0,0,0,294.413,305.857,2.06,1.416,0,0,0,0,0,0,0,0,321.559,320.842,178.5,277.5,-0.927,0.097,-0.05,0.001,26,0,0,0,0,0,0,0,0,0,0,0,0,2928

Main.js:462 144.072,200.3,52.5,52.5,0.041,0.025,0,0,15,0,0,0,0,0,0,0,296.473,307.273,2.06,1.416,0,0,0,0,0,0,0,0,320.631,320.936,178.5,276,-0.928,0.094,-0.05,0.001,25,0,0,0,0,0,0,0,0,0,0,0,0,2943

Main.js:462 144.111,200.324,52.5,52.5,0.039,0.024,0,0,14,0,0,0,0,0,0,0,298.533,308.689,2.06,1.416,0,0,0,0,0,0,0,0,319.701,321.026,178.5,274.5,-0.929,0.09,-0.05,0.001,24,0,0,0,0,0,0,0,0,0,0,0,0,2961

Main.js:462 144.148,200.347,52.5,52.5,0.037,0.023,0,0,13,0,0,0,0,1,0,0,300.593,310.105,2.06,1.416,0,0,0,0,0,0,0,0,318.771,321.113,178.5,273,-0.931,0.087,-0.05,0.001,23,0,0,0,0,0,0,0,0,0,0,0,0,2976

Main.js:462 144.183,200.369,52.5,52.5,0.035,0.022,0,0,12,0,0,0,0,1,0,0,302.654,311.521,2.06,1.416,0,0,0,0,0,0,0,0,317.839,321.197,178.5,271.5,-0.931,0.084,-0.05,0.001,22,0,0,0,0,0,0,0,0,0,0,0,0,2993

Main.js:462 144.216,200.389,52.5,52.5,0.033,0.021,0,0,11,0,0,0,0,1,0,0,302.654,311.521,2.06,1.416,0,0,0,0,0,0,0,0,316.907,321.278,178.5,270,-0.932,0.081,-0.05,0.001,21,0,0,0,0,0,0,0,0,0,0,0,0,3009

