Main.js:143 myTank.x,myTank.y,myTank.rotation,myTank.cannonRotation,myTank.velocityX,myTank.velocityY,myTank.accelerationX,myTank.accelerationY,myTank.shootCooldown,myTank.controls.turnLeft,myTank.controls.turnRight,myTank.controls.goForward,myTank.controls.goBack,myTank.controls.shoot,myTank.controls.cannonLeft,myTank.controls.cannonRight,myBullet1.x,myBullet1.y,myBullet1.velocityX,myBullet1.velocityY,myBullet2.x,myBullet2.y,myBullet2.velocityX,myBullet2.velocityY,myBullet3.x,myBullet3.y,myBullet3.velocityX,myBullet3.velocityY,enemyTank.x,enemyTank.y,enemyTank.rotation,enemyTank.cannonRotation,enemyTank.velocityX,enemyTank.velocityY,enemyTank.accelerationX,enemyTank.accelerationY,enemyTank.shootCooldown,enemyBullet1.x,enemyBullet1.y,enemyBullet1.velocityX,enemyBullet1.velocityY,enemyBullet2.x,enemyBullet2.y,enemyBullet2.velocityX,enemyBullet2.velocityY,enemyBullet3.x,enemyBullet3.y,enemyBullet3.velocityX,enemyBullet3.velocityY,currentGameTime
Main.js:462 450,437,180,180,0,0,0,0,0,0,0,0,0,0,0,0,0,0,0,0,0,0,0,0,0,0,0,0,50,63,0,0,0,0,0,0,0,0,0,0,0,0,0,0,0,0,0,0,0,10

Main.js:462 450,437,180,180,0,0,0,0,0,0,0,0,0,0,0,0,0,0,0,0,0,0,0,0,0,0,0,0,50,63,0,0,0,0,0,0,0,0,0,0,0,0,0,0,0,0,0,0,0,26

Main.js:462 450,437,180,180,0,0,0,0,0,0,0,0,0,0,0,0,0,0,0,0,0,0,0,0,0,0,0,0,50.047,63.001,1.5,0,0.047,0.001,0.05,0.001,99,0,0,0,0,0,0,0,0,0,0,0,0,44

Main.js:462 450,437,180,180,0,0,0,0,0,0,0,0,0,0,0,0,0,0,0,0,0,0,0,0,0,0,0,0,50.14,63.005,3,0,0.093,0.004,0.05,0.003,98,73.5,63,2.5,0,0,0,0,0,0,0,0,0,59

Main.js:462 450,437,180,180,0,0,0,0,0,0,0,0,0,0,0,0,0,0,0,0,0,0,0,0,0,0,0,0,50.275,63.012,4.5,0,0.135,0.007,0.05,0.004,97,76,63,2.5,0,0,0,0,0,0,0,0,0,75

Main.js:462 450,437,180,180,0,0,0,0,0,0,0,0,0,0,0,0,0,0,0,0,0,0,0,0,0,0,0,0,50.451,63.024,6,0,0.176,0.012,0.05,0.005,96,78.5,63,2.5,0,0,0,0,0,0,0,0,0,93

Main.js:462 449.953,437,180,180,-0.047,0,-0.05,0,0,0,0,1,0,0,0,0,0,0,0,0,0,0,0,0,0,0,0,0,50.665,63.041,7.5,0,0.214,0.017,0.05,0.007,95,81,63,2.5,0,0,0,0,0,0,0,0,0,110

Main.js:462 449.86,437,180,180,-0.093,0,-0.05,0,0,0,0,1,0,0,0,0,0,0,0,0,0,0,0,0,0,0,0,0,50.915,63.065,9,0,0.25,0.024,0.049,0.008,94,83.5,63,2.5,0,0,0,0,0,0,0,0,0,125

Main.js:462 449.724,437,180,180,-0.135,0,-0.05,0,0,0,0,1,0,0,0,0,0,0,0,0,0,0,0,0,0,0,0,0,51.2,63.097,10.5,0,0.284,0.031,0.049,0.009,93,86,63,2.5,0,0,0,0,0,0,0,0,0,144

Main.js:462 449.548,437,180,180,-0.176,0,-0.05,0,0,0,0,1,0,0,0,0,0,0,0,0,0,0,0,0,0,0,0,0,51.517,63.137,12,0,0.317,0.04,0.049,0.01,92,88.5,63,2.5,0,0,0,0,0,0,0,0,0,160

Main.js:462 449.333,437,180,180,-0.215,0,-0.05,0,0,0,0,1,0,0,0,0,0,0,0,0,0,0,0,0,0,0,0,0,51.864,63.185,13.5,0,0.347,0.049,0.049,0.012,91,91,63,2.5,0,0,0,0,0,0,0,0,0,176

Main.js:462 449.082,437,180,180,-0.252,0,-0.05,0,0,0,0,1,0,0,0,0,0,0,0,0,0,0,0,0,0,0,0,0,52.239,63.244,15,0,0.376,0.059,0.048,0.013,90,93.5,63,2.5,0,0,0,0,0,0,0,0,0,194

Main.js:462 448.795,437,180,180,-0.287,0,-0.05,0,0,0,0,1,0,0,0,0,0,0,0,0,0,0,0,0,0,0,0,0,52.641,63.313,16.5,0,0.402,0.069,0.048,0.014,89,96,63,2.5,0,0,0,0,0,0,0,0,0,210

Main.js:462 448.475,437,180,180,-0.32,0,-0.05,0,0,0,0,1,0,0,0,0,0,0,0,0,0,0,0,0,0,0,0,0,53.069,63.394,18,0,0.427,0.08,0.048,0.015,88,98.5,63,2.5,0,0,0,0,0,0,0,0,0,227

Main.js:462 448.124,437,180,180,-0.351,0,-0.05,0,0,0,0,1,0,0,0,0,0,0,0,0,0,0,0,0,0,0,0,0,53.52,63.486,19.5,0,0.451,0.092,0.047,0.017,87,101,63,2.5,0,0,0,0,0,0,0,0,0,242

Main.js:462 447.743,436.999,181.5,181.5,-0.381,-0.001,-0.05,-0.001,0,0,1,1,0,0,0,0,0,0,0,0,0,0,0,0,0,0,0,0,53.992,63.591,21,0,0.473,0.105,0.047,0.018,86,103.5,63,2.5,0,0,0,0,0,0,0,0,0,260

Main.js:462 447.333,436.995,183,183,-0.41,-0.004,-0.05,-0.003,0,0,1,1,0,0,0,0,0,0,0,0,0,0,0,0,0,0,0,0,54.485,63.708,22.5,0,0.493,0.118,0.046,0.019,85,106,63,2.5,0,0,0,0,0,0,0,0,0,275

Main.js:462 446.897,436.988,184.5,184.5,-0.436,-0.007,-0.05,-0.004,0,0,1,1,0,0,0,0,0,0,0,0,0,0,0,0,0,0,0,0,54.997,63.84,24,0,0.512,0.131,0.046,0.02,84,108.5,63,2.5,0,0,0,0,0,0,0,0,0,293

Main.js:462 446.435,436.976,186,186,-0.462,-0.012,-0.05,-0.005,0,0,1,1,0,0,0,0,0,0,0,0,0,0,0,0,0,0,0,0,55.526,63.985,25.5,0,0.529,0.145,0.045,0.022,83,111,63,2.5,0,0,0,0,0,0,0,0,0,310

Main.js:462 445.949,436.959,187.5,187.5,-0.486,-0.017,-0.05,-0.007,0,0,1,1,0,0,0,0,0,0,0,0,0,0,0,0,0,0,0,0,56.07,64.144,27,0,0.545,0.159,0.045,0.023,82,113.5,63,2.5,0,0,0,0,0,0,0,0,0,325

Main.js:462 445.441,436.935,189,189,-0.508,-0.024,-0.049,-0.008,0,0,1,1,0,0,0,0,0,0,0,0,0,0,0,0,0,0,0,0,56.63,64.318,28.5,0,0.559,0.174,0.044,0.024,81,116,63,2.5,0,0,0,0,0,0,0,0,0,342

Main.js:462 444.911,436.903,190.5,190.5,-0.53,-0.031,-0.049,-0.009,0,0,1,1,0,0,0,0,0,0,0,0,0,0,0,0,0,0,0,0,57.202,64.507,30,0,0.572,0.189,0.043,0.025,80,118.5,63,2.5,0,0,0,0,0,0,0,0,0,359

Main.js:462 444.361,436.863,192,192,-0.55,-0.04,-0.049,-0.01,0,0,1,1,0,0,0,0,0,0,0,0,0,0,0,0,0,0,0,0,57.787,64.711,31.5,0,0.584,0.204,0.043,0.026,79,121,63,2.5,0,0,0,0,0,0,0,0,0,375

Main.js:462 443.793,436.815,193.5,193.5,-0.568,-0.049,-0.049,-0.012,0,0,1,1,0,0,0,0,0,0,0,0,0,0,0,0,0,0,0,0,58.382,64.931,33,0,0.595,0.22,0.042,0.027,78,123.5,63,2.5,0,0,0,0,0,0,0,0,0,393

Main.js:462 443.207,436.756,195,195,-0.586,-0.059,-0.048,-0.013,0,0,1,1,0,0,0,0,0,0,0,0,0,0,0,0,0,0,0,0,58.986,65.167,34.5,0,0.604,0.236,0.041,0.028,77,126,63,2.5,0,0,0,0,0,0,0,0,0,409

Main.js:462 442.605,436.687,196.5,196.5,-0.602,-0.069,-0.048,-0.014,0,0,1,1,0,0,0,0,0,0,0,0,0,0,0,0,0,0,0,0,59.598,65.419,36,0,0.613,0.252,0.04,0.029,76,128.5,63,2.5,0,0,0,0,0,0,0,0,0,425

Main.js:462 441.987,436.606,198,198,-0.617,-0.08,-0.048,-0.015,0,0,1,1,0,0,0,0,0,0,0,0,0,0,0,0,0,0,0,0,60.218,65.688,37.5,0,0.62,0.268,0.04,0.03,75,131,63,2.5,0,0,0,0,0,0,0,0,0,443

Main.js:462 441.356,436.514,199.5,199.5,-0.631,-0.092,-0.047,-0.017,0,0,1,1,0,0,0,0,0,0,0,0,0,0,0,0,0,0,0,0,60.844,65.973,39,0,0.626,0.285,0.039,0.031,74,133.5,63,2.5,0,0,0,0,0,0,0,0,0,460

Main.js:462 440.712,436.409,201,201,-0.644,-0.105,-0.047,-0.018,0,0,1,1,0,0,0,0,0,0,0,0,0,0,0,0,0,0,0,0,61.474,66.274,40.5,0,0.63,0.301,0.038,0.032,73,136,63,2.5,0,0,0,0,0,0,0,0,0,476

Main.js:462 440.057,436.292,202.5,202.5,-0.656,-0.118,-0.046,-0.019,0,0,1,1,0,0,0,0,0,0,0,0,0,0,0,0,0,0,0,0,62.108,66.592,42,0,0.634,0.318,0.037,0.033,72,138.5,63,2.5,0,0,0,0,0,0,0,0,0,492

Main.js:462 439.391,436.16,204,204,-0.666,-0.131,-0.046,-0.02,0,0,1,1,0,0,0,0,0,0,0,0,0,0,0,0,0,0,0,0,62.745,66.927,43.5,0,0.637,0.335,0.036,0.034,71,141,63,2.5,0,0,0,0,0,0,0,0,0,509

Main.js:462 438.715,436.015,205.5,205.5,-0.676,-0.145,-0.045,-0.022,0,0,1,1,0,0,0,0,0,0,0,0,0,0,0,0,0,0,0,0,63.385,67.278,43.5,358.5,0.64,0.351,0.036,0.034,70,143.5,63,2.5,0,0,0,0,0,0,0,0,0,525

Main.js:462 438.031,435.856,207,207,-0.684,-0.159,-0.045,-0.023,0,0,1,1,0,0,0,0,0,0,0,0,0,0,0,0,0,0,0,0,64.027,67.644,43.5,357,0.642,0.366,0.036,0.034,69,146,63,2.5,0,0,0,0,0,0,0,0,0,543

Main.js:462 437.339,435.682,208.5,208.5,-0.692,-0.174,-0.044,-0.024,0,0,1,1,0,0,0,0,0,0,0,0,0,0,0,0,0,0,0,0,64.671,68.025,43.5,355.5,0.644,0.38,0.036,0.034,68,148.5,63,2.5,0,0,0,0,0,0,0,0,0,559

Main.js:462 436.64,435.493,210,210,-0.698,-0.189,-0.043,-0.025,0,0,1,1,0,0,0,0,0,0,0,0,0,0,0,0,0,0,0,0,65.318,68.419,43.5,354,0.647,0.394,0.036,0.034,67,151,63,2.5,0,0,0,0,0,0,0,0,0,577

Main.js:462 435.936,435.289,211.5,211.5,-0.704,-0.204,-0.043,-0.026,0,0,1,1,0,0,0,0,0,0,0,0,0,0,0,0,0,0,0,0,65.966,68.826,43.5,352.5,0.649,0.407,0.036,0.034,66,153.5,63,2.5,0,0,0,0,0,0,0,0,0,593

Main.js:462 435.228,435.069,213,213,-0.709,-0.22,-0.042,-0.027,0,0,1,1,0,0,0,0,0,0,0,0,0,0,0,0,0,0,0,0,66.617,69.246,43.5,351,0.651,0.419,0.036,0.034,65,156,63,2.5,0,0,0,0,0,0,0,0,0,610

Main.js:462 434.515,434.833,214.5,214.5,-0.712,-0.236,-0.041,-0.028,0,0,1,1,0,0,0,0,0,0,0,0,0,0,0,0,0,0,0,0,67.27,69.677,43.5,349.5,0.653,0.431,0.036,0.034,64,158.5,63,2.5,0,0,0,0,0,0,0,0,0,626

Main.js:462 433.8,434.581,216,216,-0.715,-0.252,-0.04,-0.029,0,0,1,1,0,0,0,0,0,0,0,0,0,0,0,0,0,0,0,0,67.924,70.119,43.5,348,0.654,0.442,0.036,0.034,63,161,63,2.5,0,0,0,0,0,0,0,0,0,643

Main.js:462 433.083,434.312,217.5,217.5,-0.717,-0.268,-0.04,-0.03,0,0,1,1,0,0,0,0,0,0,0,0,0,0,0,0,0,0,0,0,68.58,70.572,43.5,346.5,0.656,0.453,0.036,0.034,62,163.5,63,2.5,0,0,0,0,0,0,0,0,0,660

Main.js:462 432.364,434.028,217.5,217.5,-0.719,-0.284,-0.04,-0.03,0,0,0,1,0,0,0,0,0,0,0,0,0,0,0,0,0,0,0,0,69.238,71.035,43.5,345,0.658,0.463,0.036,0.034,61,166,63,2.5,0,0,0,0,0,0,0,0,0,677

Main.js:462 431.644,433.73,217.5,217.5,-0.721,-0.299,-0.04,-0.03,0,0,0,1,0,0,0,0,0,0,0,0,0,0,0,0,0,0,0,0,69.898,71.507,43.5,343.5,0.659,0.473,0.036,0.034,60,168.5,63,2.5,0,0,0,0,0,0,0,0,0,694

Main.js:462 430.921,433.417,217.5,217.5,-0.722,-0.313,-0.04,-0.03,0,0,0,1,0,0,0,0,0,0,0,0,0,0,0,0,0,0,0,0,70.559,71.989,43.5,342,0.661,0.482,0.036,0.034,59,171,63,2.5,0,0,0,0,0,0,0,0,0,709

Main.js:462 430.198,433.091,217.5,217.5,-0.724,-0.326,-0.04,-0.03,0,0,0,1,0,0,0,0,0,0,0,0,0,0,0,0,0,0,0,0,71.221,72.479,43.5,340.5,0.662,0.49,0.036,0.034,58,173.5,63,2.5,0,0,0,0,0,0,0,0,0,726

Main.js:462 429.472,432.753,217.5,217.5,-0.725,-0.339,-0.04,-0.03,0,0,0,1,0,0,0,0,0,0,0,0,0,0,0,0,0,0,0,0,71.885,72.978,43.5,339,0.664,0.498,0.036,0.034,57,176,63,2.5,0,0,0,0,0,0,0,0,0,742

Main.js:462 428.745,432.402,217.5,217.5,-0.727,-0.351,-0.04,-0.03,0,0,0,1,0,0,0,0,0,0,0,0,0,0,0,0,0,0,0,0,72.55,73.484,43.5,337.5,0.665,0.506,0.036,0.034,56,178.5,63,2.5,0,0,0,0,0,0,0,0,0,758

Main.js:462 428.017,432.04,217.5,217.5,-0.728,-0.362,-0.04,-0.03,0,0,0,1,0,0,0,0,0,0,0,0,0,0,0,0,0,0,0,0,73.216,73.997,43.5,336,0.666,0.514,0.036,0.034,55,181,63,2.5,0,0,0,0,0,0,0,0,0,777

Main.js:462 427.288,431.668,217.5,217.5,-0.729,-0.373,-0.04,-0.03,0,0,0,1,0,0,0,0,0,0,0,0,0,0,0,0,0,0,0,0,73.883,74.518,43.5,334.5,0.667,0.521,0.036,0.034,54,183.5,63,2.5,0,0,0,0,0,0,0,0,0,792

Main.js:462 426.557,431.285,217.5,217.5,-0.731,-0.383,-0.04,-0.03,0,0,0,1,0,0,0,0,0,0,0,0,0,0,0,0,0,0,0,0,74.551,75.045,43.5,333,0.668,0.527,0.036,0.034,53,186,63,2.5,0,0,0,0,0,0,0,0,0,810

Main.js:462 425.826,430.892,217.5,217.5,-0.732,-0.393,-0.04,-0.03,0,0,0,1,0,0,0,0,0,0,0,0,0,0,0,0,0,0,0,0,75.221,75.579,43.5,331.5,0.669,0.534,0.036,0.034,52,188.5,63,2.5,0,0,0,0,0,0,0,0,0,825

Main.js:462 425.093,430.49,217.5,217.5,-0.733,-0.402,-0.04,-0.03,0,0,0,1,0,0,0,0,0,0,0,0,0,0,0,0,0,0,0,0,75.891,76.118,43.5,330,0.67,0.54,0.036,0.034,51,191,63,2.5,0,0,0,0,0,0,0,0,0,842

Main.js:462 424.359,430.079,217.5,217.5,-0.734,-0.411,-0.04,-0.03,0,0,0,1,0,0,0,0,0,0,0,0,0,0,0,0,0,0,0,0,76.563,76.664,43.5,328.5,0.671,0.545,0.036,0.034,50,193.5,63,2.5,0,0,0,0,0,0,0,0,0,858

Main.js:462 423.624,429.66,217.5,217.5,-0.735,-0.419,-0.04,-0.03,0,0,0,1,0,0,0,0,0,0,0,0,0,0,0,0,0,0,0,0,77.235,77.214,43.5,327,0.672,0.551,0.036,0.034,49,196,63,2.5,0,0,0,0,0,0,0,0,0,875

Main.js:462 422.888,429.233,217.5,217.5,-0.736,-0.427,-0.04,-0.03,0,0,0,1,0,0,0,0,0,0,0,0,0,0,0,0,0,0,0,0,77.908,77.77,43.5,325.5,0.673,0.556,0.036,0.034,48,198.5,63,2.5,0,0,0,0,0,0,0,0,0,893

Main.js:462 422.151,428.798,217.5,217.5,-0.737,-0.435,-0.04,-0.03,0,0,0,1,0,0,0,0,0,0,0,0,0,0,0,0,0,0,0,0,78.582,78.331,43.5,324,0.674,0.561,0.036,0.034,47,201,63,2.5,0,0,0,0,0,0,0,0,0,909

Main.js:462 421.414,428.356,217.5,217.5,-0.738,-0.442,-0.04,-0.03,0,0,0,1,0,0,0,0,0,0,0,0,0,0,0,0,0,0,0,0,79.256,78.897,43.5,322.5,0.675,0.565,0.036,0.034,46,203.5,63,2.5,0,0,0,0,0,0,0,0,0,928

Main.js:462 420.675,427.907,217.5,217.5,-0.738,-0.449,-0.04,-0.03,0,0,0,1,0,0,0,0,0,0,0,0,0,0,0,0,0,0,0,0,79.932,79.466,43.5,321,0.675,0.57,0.036,0.034,45,206,63,2.5,0,0,0,0,0,0,0,0,0,944

Main.js:462 419.937,427.451,219,219,-0.738,-0.456,-0.039,-0.031,0,0,1,1,0,0,0,0,0,0,0,0,0,0,0,0,0,0,0,0,80.608,80.04,43.5,319.5,0.676,0.574,0.036,0.034,44,208.5,63,2.5,0,0,0,0,0,0,0,0,0,960

Main.js:462 419.2,426.987,220.5,220.5,-0.738,-0.464,-0.038,-0.032,0,0,1,1,0,0,0,0,0,0,0,0,0,0,0,0,0,0,0,0,81.284,80.619,43.5,318,0.677,0.578,0.036,0.034,43,211,63,2.5,0,0,0,0,0,0,0,0,0,976

Main.js:462 418.464,426.514,222,222,-0.736,-0.473,-0.037,-0.033,0,0,1,1,0,0,0,0,0,0,0,0,0,0,0,0,0,0,0,0,81.962,81.2,43.5,316.5,0.677,0.582,0.036,0.034,42,213.5,63,2.5,0,0,0,0,0,0,0,0,0,992

Main.js:462 417.73,426.032,223.5,223.5,-0.734,-0.482,-0.036,-0.034,0,0,1,1,0,0,0,0,0,0,0,0,0,0,0,0,0,0,0,0,82.64,81.786,43.5,315,0.678,0.585,0.036,0.034,41,216,63,2.5,0,0,0,0,0,0,0,0,0,1010

Main.js:462 416.999,425.541,225,225,-0.731,-0.491,-0.035,-0.035,0,0,1,1,0,0,0,0,0,0,0,0,0,0,0,0,0,0,0,0,83.319,82.374,42,312,0.679,0.588,0.037,0.033,40,218.5,63,2.5,0,0,0,0,0,0,0,0,0,1026

Main.js:462 416.273,425.039,226.5,226.5,-0.727,-0.501,-0.034,-0.036,0,0,1,1,0,0,0,0,0,0,0,0,0,0,0,0,0,0,0,0,84,82.963,40.5,309,0.681,0.589,0.038,0.032,39,221,63,2.5,0,0,0,0,0,0,0,0,0,1043

Main.js:462 415.55,424.528,228,228,-0.722,-0.511,-0.033,-0.037,0,0,1,1,0,0,0,0,0,0,0,0,0,0,0,0,0,0,0,0,84.685,83.553,39,306,0.684,0.59,0.039,0.031,38,223.5,63,2.5,0,0,0,0,0,0,0,0,0,1058

Main.js:462 414.834,424.006,229.5,229.5,-0.717,-0.522,-0.032,-0.038,0,0,1,1,0,0,0,0,0,0,0,0,0,0,0,0,0,0,0,0,85.372,84.142,37.5,303,0.688,0.589,0.04,0.03,37,226,63,2.5,0,0,0,0,0,0,0,0,0,1076

Main.js:462 414.123,423.473,231,231,-0.711,-0.533,-0.031,-0.039,0,0,1,1,0,0,0,0,0,0,0,0,0,0,0,0,0,0,0,0,86.064,84.73,36,300,0.692,0.588,0.04,0.029,36,228.5,63,2.5,0,0,0,0,0,0,0,0,0,1093

Main.js:462 413.418,422.929,232.5,232.5,-0.704,-0.544,-0.03,-0.04,0,0,1,1,0,0,0,0,0,0,0,0,0,0,0,0,0,0,0,0,86.761,85.315,34.5,297,0.696,0.585,0.041,0.028,35,231,63,2.5,0,0,0,0,0,0,0,0,0,1109

Main.js:462 412.721,422.374,234,234,-0.697,-0.555,-0.029,-0.04,0,0,1,1,0,0,0,0,0,0,0,0,0,0,0,0,0,0,0,0,87.462,85.897,33,294,0.701,0.582,0.042,0.027,34,233.5,63,2.5,0,0,0,0,0,0,0,0,0,1126

Main.js:462 412.031,421.808,234,234,-0.69,-0.566,-0.029,-0.04,0,0,0,1,0,0,0,0,0,0,0,0,0,0,0,0,0,0,0,0,88.169,86.475,31.5,291,0.707,0.578,0.043,0.026,33,236,63,2.5,0,0,0,0,0,0,0,0,0,1142

Main.js:462 411.348,421.232,234,234,-0.684,-0.576,-0.029,-0.04,0,0,0,1,0,0,0,0,0,0,0,0,0,0,0,0,0,0,0,0,88.881,87.047,30,288,0.713,0.572,0.043,0.025,32,238.5,63,2.5,0,0,0,0,0,0,0,0,0,1160

Main.js:462 410.67,420.647,234,234,-0.677,-0.586,-0.029,-0.04,0,0,0,1,0,0,0,0,0,0,0,0,0,0,0,0,0,0,0,0,89.6,87.614,28.5,285,0.719,0.566,0.044,0.024,31,241,63,2.5,0,0,0,0,0,0,0,0,0,1177

Main.js:462 409.999,420.052,234,234,-0.671,-0.595,-0.029,-0.04,0,0,0,1,0,0,0,0,0,0,0,0,0,0,0,0,0,0,0,0,90.325,88.174,27,282,0.725,0.56,0.045,0.023,30,243.5,63,2.5,0,0,0,0,0,0,0,0,0,1193

Main.js:462 409.333,419.449,234,234,-0.666,-0.603,-0.029,-0.04,0,0,0,1,0,0,0,0,0,0,0,0,0,0,0,0,0,0,0,0,91.057,88.726,25.5,279,0.732,0.552,0.045,0.022,29,246,63,2.5,0,0,0,0,0,0,0,0,0,1208

Main.js:462 408.673,418.837,234,234,-0.66,-0.612,-0.029,-0.04,0,0,0,1,0,0,0,0,0,0,0,0,0,0,0,0,0,0,0,0,91.796,89.27,24,276,0.739,0.544,0.046,0.02,28,248.5,63,2.5,0,0,0,0,0,0,0,0,0,1227

Main.js:462 408.018,418.218,234,234,-0.655,-0.62,-0.029,-0.04,0,0,0,1,0,0,0,0,0,0,0,0,0,0,0,0,0,0,0,0,92.541,89.805,22.5,273,0.745,0.535,0.046,0.019,27,251,63,2.5,0,0,0,0,0,0,0,0,0,1242

Main.js:462 407.368,417.591,234,234,-0.65,-0.627,-0.029,-0.04,0,0,0,1,0,0,0,0,0,0,0,0,0,0,0,0,0,0,0,0,93.294,90.33,21,270,0.753,0.525,0.047,0.018,26,253.5,63,2.5,0,0,0,0,0,0,0,0,0,1260

Main.js:462 406.722,416.957,234,234,-0.646,-0.634,-0.029,-0.04,0,0,0,1,0,0,0,0,0,0,0,0,0,0,0,0,0,0,0,0,94.053,90.845,19.5,267,0.76,0.515,0.047,0.017,25,256,63,2.5,0,0,0,0,0,0,0,0,0,1276

Main.js:462 406.08,416.316,234,234,-0.641,-0.641,-0.029,-0.04,0,0,0,1,0,0,0,0,0,0,0,0,0,0,0,0,0,0,0,0,94.82,91.348,18,264,0.767,0.504,0.048,0.015,24,258.5,63,2.5,0,0,0,0,0,0,0,0,0,1293

Main.js:462 405.443,415.669,234,234,-0.637,-0.647,-0.029,-0.04,0,0,0,1,0,0,0,0,0,0,0,0,0,0,0,0,0,0,0,0,95.594,91.84,16.5,261,0.774,0.492,0.048,0.014,23,261,63,2.5,0,0,0,0,0,0,0,0,0,1309

Main.js:462 404.81,415.015,234,234,-0.633,-0.653,-0.029,-0.04,0,0,0,1,0,0,0,0,0,0,0,0,0,0,0,0,0,0,0,0,96.376,92.32,15,258,0.781,0.48,0.048,0.013,22,263.5,63,2.5,0,0,0,0,0,0,0,0,0,1326

Main.js:462 404.18,414.356,234,234,-0.63,-0.659,-0.029,-0.04,0,0,0,1,0,0,0,0,0,0,0,0,0,0,0,0,0,0,0,0,97.164,92.787,13.5,255,0.788,0.467,0.049,0.012,21,266,63,2.5,0,0,0,0,0,0,0,0,0,1342

Main.js:462 403.554,413.692,234,234,-0.626,-0.664,-0.029,-0.04,0,0,0,1,0,0,0,0,0,0,0,0,0,0,0,0,0,0,0,0,97.959,93.24,12,252,0.795,0.453,0.049,0.01,20,268.5,63,2.5,0,0,0,0,0,0,0,0,0,1359

Main.js:462 402.932,413.022,234,234,-0.623,-0.67,-0.029,-0.04,0,0,0,1,0,0,0,0,0,0,0,0,0,0,0,0,0,0,0,0,98.762,93.679,10.5,249,0.802,0.439,0.049,0.009,19,271,63,2.5,0,0,0,0,0,0,0,0,0,1376

Main.js:462 402.312,412.348,234,234,-0.619,-0.675,-0.029,-0.04,0,0,0,1,0,0,0,0,0,0,0,0,0,0,0,0,0,0,0,0,99.571,94.104,9,246,0.809,0.425,0.049,0.008,18,273.5,63,2.5,0,0,0,0,0,0,0,0,0,1392

Main.js:462 401.696,411.668,234,234,-0.616,-0.679,-0.029,-0.04,0,0,0,1,0,0,0,0,0,0,0,0,0,0,0,0,0,0,0,0,100.387,94.514,7.5,243,0.816,0.41,0.05,0.007,17,276,63,2.5,0,0,0,0,0,0,0,0,0,1410

Main.js:462 401.082,410.985,234,234,-0.613,-0.684,-0.029,-0.04,0,0,0,1,0,0,0,0,0,0,0,0,0,0,0,0,0,0,0,0,101.209,94.908,6,240,0.822,0.394,0.05,0.005,16,278.5,63,2.5,0,0,0,0,0,0,0,0,0,1443

Main.js:462 400.472,410.297,234,234,-0.611,-0.688,-0.029,-0.04,0,0,0,1,0,0,0,0,0,0,0,0,0,0,0,0,0,0,0,0,102.038,95.286,4.5,237,0.828,0.378,0.05,0.004,15,281,63,2.5,0,0,0,0,0,0,0,0,0,1458

Main.js:462 399.864,409.604,234,234,-0.608,-0.692,-0.029,-0.04,0,0,0,1,0,0,0,0,0,0,0,0,0,0,0,0,0,0,0,0,102.872,95.648,3,234,0.835,0.362,0.05,0.003,14,283.5,63,2.5,0,0,0,0,0,0,0,0,0,1477

Main.js:462 399.258,408.909,234,234,-0.606,-0.696,-0.029,-0.04,0,0,0,1,0,0,0,0,0,0,0,0,0,0,0,0,0,0,0,0,103.712,95.993,1.5,231,0.84,0.345,0.05,0.001,13,286,63,2.5,0,0,0,0,0,0,0,0,0,1493

Main.js:462 398.655,408.209,234,234,-0.603,-0.7,-0.029,-0.04,0,0,0,1,0,0,0,0,0,0,0,0,0,0,0,0,0,0,0,0,104.558,96.321,0,228,0.846,0.328,0.05,0,12,288.5,63,2.5,0,0,0,0,0,0,0,0,0,1510

Main.js:462 398.054,407.506,234,234,-0.601,-0.703,-0.029,-0.04,0,0,0,1,0,0,0,0,0,0,0,0,0,0,0,0,0,0,0,0,105.409,96.631,358.5,225,0.851,0.31,0.05,-0.001,11,291,63,2.5,0,0,0,0,0,0,0,0,0,1526

Main.js:462 397.455,406.8,234,234,-0.599,-0.706,-0.029,-0.04,0,0,0,1,0,0,0,0,0,0,0,0,0,0,0,0,0,0,0,0,106.265,96.923,357,222,0.856,0.292,0.05,-0.003,10,293.5,63,2.5,0,0,0,0,0,0,0,0,0,1543

Main.js:462 396.858,406.091,234,234,-0.597,-0.709,-0.029,-0.04,0,0,0,1,0,0,0,0,0,0,0,0,0,0,0,0,0,0,0,0,107.125,97.197,355.5,219,0.86,0.274,0.05,-0.004,9,296,63,2.5,0,0,0,0,0,0,0,0,0,1558

Main.js:462 396.263,405.378,234,234,-0.595,-0.712,-0.029,-0.04,0,0,0,1,0,0,0,0,0,0,0,0,0,0,0,0,0,0,0,0,107.99,97.452,354,216,0.865,0.255,0.05,-0.005,8,298.5,63,2.5,0,0,0,0,0,0,0,0,0,1576

Main.js:462 395.67,404.663,234,234,-0.593,-0.715,-0.029,-0.04,0,0,0,1,0,0,0,0,0,0,0,0,0,0,0,0,0,0,0,0,108.858,97.688,352.5,213,0.868,0.236,0.05,-0.007,7,301,63,2.5,0,0,0,0,0,0,0,0,0,1592

Main.js:462 395.079,403.945,234,234,-0.591,-0.718,-0.029,-0.04,0,0,0,1,0,0,0,0,0,0,0,0,0,0,0,0,0,0,0,0,109.73,97.905,351,210,0.872,0.217,0.049,-0.008,6,303.5,63,2.5,0,0,0,0,0,0,0,0,0,1609

Main.js:462 394.489,403.225,234,234,-0.59,-0.72,-0.029,-0.04,0,0,0,1,0,0,0,0,0,0,0,0,0,0,0,0,0,0,0,0,110.605,98.103,349.5,207,0.875,0.197,0.049,-0.009,5,306,63,2.5,0,0,0,0,0,0,0,0,0,1626

Main.js:462 393.901,402.502,234,234,-0.588,-0.723,-0.029,-0.04,0,0,0,1,0,0,0,0,0,0,0,0,0,0,0,0,0,0,0,0,111.483,98.28,348,204,0.878,0.178,0.049,-0.01,4,308.5,63,2.5,0,0,0,0,0,0,0,0,0,1643

Main.js:462 393.314,401.777,234,234,-0.587,-0.725,-0.029,-0.04,0,0,0,1,0,0,0,0,0,0,0,0,0,0,0,0,0,0,0,0,112.363,98.438,346.5,201,0.88,0.158,0.049,-0.012,3,311,63,2.5,0,0,0,0,0,0,0,0,0,1660

Main.js:462 392.729,401.05,234,234,-0.585,-0.727,-0.029,-0.04,0,0,0,1,0,0,0,0,0,0,0,0,0,0,0,0,0,0,0,0,113.245,98.576,345,198,0.882,0.138,0.048,-0.013,2,313.5,63,2.5,0,0,0,0,0,0,0,0,0,1677

Main.js:462 392.145,400.321,234,234,-0.584,-0.729,-0.029,-0.04,0,0,0,1,0,0,0,0,0,0,0,0,0,0,0,0,0,0,0,0,114.129,98.693,343.5,195,0.883,0.117,0.048,-0.014,1,316,63,2.5,0,0,0,0,0,0,0,0,0,1692

Main.js:462 391.562,399.589,234,234,-0.583,-0.731,-0.029,-0.04,0,0,0,1,0,0,0,0,0,0,0,0,0,0,0,0,0,0,0,0,115.013,98.789,342,192,0.884,0.097,0.048,-0.015,0,318.5,63,2.5,0,0,0,0,0,0,0,0,0,1710

Main.js:462 390.981,398.856,234,234,-0.581,-0.733,-0.029,-0.04,0,0,0,1,0,0,0,0,0,0,0,0,0,0,0,0,0,0,0,0,115.898,98.865,340.5,189,0.885,0.076,0.047,-0.017,99,321,63,2.5,0,0,0,0,0,0,0,0,0,1725

Main.js:462 390.401,398.121,234,234,-0.58,-0.735,-0.029,-0.04,0,0,0,1,0,0,0,0,0,0,0,0,0,0,0,0,0,0,0,0,116.783,98.92,339,186,0.885,0.055,0.047,-0.018,98,323.5,63,2.5,0,91.802,95.113,-2.469,-0.391,0,0,0,0,1742

Main.js:462 389.821,397.385,234,234,-0.579,-0.737,-0.029,-0.04,0,0,0,1,0,0,0,0,0,0,0,0,0,0,0,0,0,0,0,0,117.668,98.955,337.5,183,0.885,0.034,0.046,-0.019,97,326,63,2.5,0,89.333,94.722,-2.469,-0.391,0,0,0,0,1763

Main.js:462 389.243,396.647,234,234,-0.578,-0.738,-0.029,-0.04,0,0,0,1,0,0,0,0,0,0,0,0,0,0,0,0,0,0,0,0,118.552,98.968,336,180,0.884,0.013,0.046,-0.02,96,328.5,63,2.5,0,86.864,94.331,-2.469,-0.391,0,0,0,0,1776

Main.js:462 388.666,395.907,234,234,-0.577,-0.74,-0.029,-0.04,0,0,0,1,0,0,0,0,0,0,0,0,0,0,0,0,0,0,0,0,119.434,98.96,334.5,177,0.883,-0.008,0.045,-0.022,95,331,63,2.5,0,84.395,93.94,-2.469,-0.391,0,0,0,0,1793

Main.js:462 388.09,395.166,234,234,-0.576,-0.741,-0.029,-0.04,0,0,0,1,0,0,0,0,0,0,0,0,0,0,0,0,0,0,0,0,120.315,98.931,333,174,0.881,-0.029,0.045,-0.023,94,333.5,63,2.5,0,81.926,93.549,-2.469,-0.391,0,0,0,0,1808

Main.js:462 387.515,394.423,234,234,-0.575,-0.743,-0.029,-0.04,0,0,0,1,0,0,0,0,0,0,0,0,0,0,0,0,0,0,0,0,121.193,98.88,331.5,171,0.878,-0.05,0.044,-0.024,93,336,63,2.5,0,79.456,93.158,-2.469,-0.391,0,0,0,0,1826

Main.js:462 386.94,393.68,234,234,-0.574,-0.744,-0.029,-0.04,0,0,0,1,0,0,0,0,0,0,0,0,0,0,0,0,0,0,0,0,122.069,98.809,330,168,0.876,-0.072,0.043,-0.025,92,338.5,63,2.5,0,76.987,92.767,-2.469,-0.391,0,0,0,0,1841

Main.js:462 386.366,392.934,234,234,-0.574,-0.745,-0.029,-0.04,0,0,0,1,0,0,0,0,0,0,0,0,0,0,0,0,0,0,0,0,122.941,98.716,328.5,165,0.872,-0.093,0.043,-0.026,91,341,63,2.5,0,74.518,92.375,-2.469,-0.391,0,0,0,0,1859

Main.js:462 385.794,392.188,234,234,-0.573,-0.746,-0.029,-0.04,0,0,0,1,0,0,0,0,0,0,0,0,0,0,0,0,0,0,0,0,123.81,98.602,327,162,0.869,-0.114,0.042,-0.027,90,343.5,63,2.5,0,72.049,91.984,-2.469,-0.391,0,0,0,0,1877

Main.js:462 385.221,391.441,234,234,-0.572,-0.747,-0.029,-0.04,0,0,0,1,0,0,0,0,0,0,0,0,0,0,0,0,0,0,0,0,124.674,98.467,325.5,159,0.864,-0.135,0.041,-0.028,89,346,63,2.5,0,69.579,91.593,-2.469,-0.391,0,0,0,0,1892

Main.js:462 384.65,390.692,234,234,-0.571,-0.748,-0.029,-0.04,99,0,0,1,0,1,0,0,0,0,0,0,0,0,0,0,0,0,0,0,125.534,98.31,324,156,0.86,-0.156,0.04,-0.029,88,348.5,63,2.5,0,67.11,91.202,-2.469,-0.391,0,0,0,0,1911

Main.js:462 384.079,389.943,234,234,-0.571,-0.749,-0.029,-0.04,98,0,0,1,0,1,0,0,371.408,372.429,-1.469,-2.023,0,0,0,0,0,0,0,0,126.388,98.133,322.5,153,0.854,-0.177,0.04,-0.03,87,351,63,2.5,0,64.641,90.811,-2.469,-0.391,0,0,0,0,1926

Main.js:462 383.509,389.193,234,234,-0.57,-0.75,-0.029,-0.04,97,0,0,1,0,1,0,0,369.939,370.406,-1.469,-2.023,0,0,0,0,0,0,0,0,127.236,97.934,321,150,0.848,-0.199,0.039,-0.031,86,353.5,63,2.5,0,62.172,90.42,-2.469,-0.391,0,0,0,0,1942

Main.js:462 382.939,388.441,234,234,-0.57,-0.751,-0.029,-0.04,96,0,0,1,0,1,0,0,368.47,368.384,-1.469,-2.023,0,0,0,0,0,0,0,0,128.079,97.715,319.5,147,0.842,-0.219,0.038,-0.032,85,356,63,2.5,0,59.703,90.029,-2.469,-0.391,0,0,0,0,1960

Main.js:462 382.37,387.689,234,234,-0.569,-0.752,-0.029,-0.04,95,0,0,1,0,1,0,0,367,366.361,-1.469,-2.023,0,0,0,0,0,0,0,0,128.914,97.475,318,144,0.835,-0.24,0.037,-0.033,84,358.5,63,2.5,0,57.233,89.638,-2.469,-0.391,0,0,0,0,1976

Main.js:462 381.802,386.936,234,234,-0.569,-0.753,-0.029,-0.04,94,0,0,1,0,1,0,0,365.531,364.339,-1.469,-2.023,0,0,0,0,0,0,0,0,129.742,97.214,316.5,141,0.828,-0.261,0.036,-0.034,83,361,63,2.5,0,54.764,89.247,-2.469,-0.391,0,0,0,0,1992

Main.js:462 381.234,386.183,234,234,-0.568,-0.754,-0.029,-0.04,93,0,0,1,0,1,0,0,364.061,362.316,-1.469,-2.023,0,0,0,0,0,0,0,0,130.562,96.932,315,138,0.82,-0.281,0.035,-0.035,82,363.5,63,2.5,0,52.295,88.856,-2.469,-0.391,0,0,0,0,2009

Main.js:462 380.666,385.428,234,234,-0.568,-0.754,-0.029,-0.04,92,0,0,1,0,1,0,0,362.592,360.294,-1.469,-2.023,0,0,0,0,0,0,0,0,131.376,96.632,316.5,138,0.814,-0.3,0.036,-0.034,81,366,63,2.5,0,49.826,88.465,-2.469,-0.391,0,0,0,0,2026

Main.js:462 380.099,384.673,234,234,-0.567,-0.755,-0.029,-0.04,91,0,0,1,0,0,0,0,361.122,358.271,-1.469,-2.023,0,0,0,0,0,0,0,0,132.184,96.315,318,138,0.808,-0.317,0.037,-0.033,80,368.5,63,2.5,0,47.356,88.074,-2.469,-0.391,0,0,0,0,2043

Main.js:462 379.532,383.917,234,234,-0.567,-0.756,-0.029,-0.04,90,0,0,1,0,0,0,0,359.653,356.249,-1.469,-2.023,0,0,0,0,0,0,0,0,132.988,95.983,319.5,138,0.804,-0.332,0.038,-0.032,79,371,63,2.5,0,44.887,87.682,-2.469,-0.391,0,0,0,0,2060

Main.js:462 378.966,383.161,234,234,-0.566,-0.756,-0.029,-0.04,89,0,0,1,0,0,0,0,358.183,354.226,-1.469,-2.023,0,0,0,0,0,0,0,0,133.789,95.638,321,138,0.801,-0.345,0.039,-0.031,78,373.5,63,2.5,0,42.418,87.291,-2.469,-0.391,0,0,0,0,2077

Main.js:462 378.4,382.403,234,234,-0.566,-0.757,-0.029,-0.04,88,0,0,1,0,0,0,0,356.714,352.204,-1.469,-2.023,0,0,0,0,0,0,0,0,134.587,95.281,322.5,138,0.798,-0.357,0.04,-0.03,77,376,63,2.5,0,39.949,86.9,-2.469,-0.391,0,0,0,0,2092

Main.js:462 377.835,381.646,234,234,-0.565,-0.758,-0.029,-0.04,87,0,0,1,0,0,0,0,355.244,350.181,-1.469,-2.023,0,0,0,0,0,0,0,0,135.384,94.914,324,138,0.797,-0.367,0.04,-0.029,76,378.5,63,2.5,0,37.48,86.509,-2.469,-0.391,0,0,0,0,2110

Main.js:462 377.27,380.888,234,234,-0.565,-0.758,-0.029,-0.04,86,0,0,1,0,0,0,0,353.775,348.158,-1.469,-2.023,0,0,0,0,0,0,0,0,136.18,94.539,325.5,138,0.796,-0.375,0.041,-0.028,75,381,63,2.5,0,35.01,86.118,-2.469,-0.391,0,0,0,0,2127

Main.js:462 376.705,380.129,234,234,-0.565,-0.759,-0.029,-0.04,85,0,0,1,0,0,0,0,352.305,346.136,-1.469,-2.023,0,0,0,0,0,0,0,0,136.976,94.156,327,138,0.796,-0.383,0.042,-0.027,74,383.5,63,2.5,0,32.541,85.727,-2.469,-0.391,0,0,0,0,2143

Main.js:462 376.14,379.37,234,234,-0.564,-0.759,-0.029,-0.04,84,0,0,1,0,0,0,0,350.836,344.113,-1.469,-2.023,0,0,0,0,0,0,0,0,137.773,93.768,328.5,138,0.797,-0.388,0.043,-0.026,73,386,63,2.5,0,30.072,85.336,-2.469,-0.391,0,0,0,0,2161

Main.js:462 375.576,378.61,234,234,-0.564,-0.76,-0.029,-0.04,83,0,0,1,0,0,0,0,349.366,342.091,-1.469,-2.023,0,0,0,0,0,0,0,0,138.571,93.376,330,138,0.798,-0.393,0.043,-0.025,72,388.5,63,2.5,0,27.603,84.945,-2.469,-0.391,0,0,0,0,2177

Main.js:462 375.012,377.85,234,234,-0.564,-0.76,-0.029,-0.04,82,0,0,1,0,0,0,0,347.897,340.068,-1.469,-2.023,0,0,0,0,0,0,0,0,139.371,92.98,331.5,138,0.8,-0.396,0.044,-0.024,71,391,63,2.5,0,25.133,84.554,-2.469,-0.391,0,0,0,0,2192

Main.js:462 374.449,377.089,234,234,-0.564,-0.761,-0.029,-0.04,81,0,0,1,0,0,0,0,346.428,338.046,-1.469,-2.023,0,0,0,0,0,0,0,0,140.174,92.582,333,138,0.802,-0.397,0.045,-0.023,70,393.5,63,2.5,0,22.664,84.163,-2.469,-0.391,0,0,0,0,2210

Main.js:462 373.885,376.328,234,234,-0.563,-0.761,-0.029,-0.04,80,0,0,1,0,0,0,0,344.958,336.023,-1.469,-2.023,0,0,0,0,0,0,0,0,140.979,92.184,334.5,138,0.805,-0.398,0.045,-0.022,69,396,63,2.5,0,20.195,83.772,-2.469,-0.391,0,0,0,0,2226

Main.js:462 373.322,375.567,234,234,-0.563,-0.761,-0.029,-0.04,79,0,0,1,0,0,0,0,343.489,334.001,-1.469,-2.023,0,0,0,0,0,0,0,0,141.787,91.787,336,138,0.808,-0.397,0.046,-0.02,68,398.5,63,2.5,0,17.726,83.381,-2.469,-0.391,0,0,0,0,2243

Main.js:462 372.759,374.805,234,234,-0.563,-0.762,-0.029,-0.04,78,0,0,1,0,0,0,0,342.019,331.978,-1.469,-2.023,0,0,0,0,0,0,0,0,142.598,91.391,337.5,138,0.812,-0.396,0.046,-0.019,67,401,63,2.5,0,15.257,82.989,-2.469,-0.391,0,0,0,0,2258

Main.js:462 372.197,374.043,234,234,-0.563,-0.762,-0.029,-0.04,77,0,0,1,0,0,0,0,340.55,329.956,-1.469,-2.023,0,0,0,0,0,0,0,0,143.414,90.998,339,138,0.815,-0.393,0.047,-0.018,66,403.5,63,2.5,0,12.787,82.598,-2.469,-0.391,0,0,0,0,2275

Main.js:462 371.634,373.281,234,234,-0.562,-0.762,-0.029,-0.04,76,0,0,1,0,0,0,0,339.08,327.933,-1.469,-2.023,0,0,0,0,0,0,0,0,144.233,90.609,340.5,138,0.819,-0.389,0.047,-0.017,65,406,63,2.5,0,10.318,82.207,-2.469,-0.391,0,0,0,0,2292

Main.js:462 371.072,372.518,234,234,-0.562,-0.763,-0.029,-0.04,75,0,0,1,0,0,0,0,337.611,325.911,-1.469,-2.023,0,0,0,0,0,0,0,0,145.057,90.225,342,138,0.824,-0.384,0.048,-0.015,64,408.5,63,2.5,0,7.849,81.816,-2.469,-0.391,0,0,0,0,2309

Main.js:462 370.51,371.755,234,234,-0.562,-0.763,-0.029,-0.04,74,0,0,1,0,0,0,0,336.141,323.888,-1.469,-2.023,0,0,0,0,0,0,0,0,145.885,89.846,343.5,138,0.828,-0.379,0.048,-0.014,63,411,63,2.5,0,5.38,81.425,-2.469,-0.391,0,0,0,0,2327

Main.js:462 369.948,370.992,234,234,-0.562,-0.763,-0.029,-0.04,73,0,0,1,0,0,0,0,334.672,321.865,-1.469,-2.023,0,0,0,0,0,0,0,0,146.718,89.474,345,138,0.832,-0.372,0.048,-0.013,62,413.5,63,2.5,0,2.91,81.034,-2.469,-0.391,0,0,0,0,2342

Main.js:462 369.387,370.228,234,234,-0.562,-0.764,-0.029,-0.04,72,0,0,1,0,0,0,0,333.202,319.843,-1.469,-2.023,0,0,0,0,0,0,0,0,147.555,89.11,346.5,138,0.837,-0.365,0.049,-0.012,61,416,63,2.5,0,0.441,80.643,-2.469,-0.391,0,0,0,0,2359

Main.js:462 368.825,369.465,234,234,-0.562,-0.764,-0.029,-0.04,71,0,0,1,0,0,0,0,333.202,319.843,-1.469,-2.023,0,0,0,0,0,0,0,0,148.396,88.754,348,138,0.842,-0.356,0.049,-0.01,60,418.5,63,2.5,0,0,0,0,0,0,0,0,0,2376

Main.js:462 368.292,368.739,234,234,-0.533,-0.726,0,0,70,0,0,0,0,0,0,0,331.733,317.82,-1.469,-2.023,0,0,0,0,0,0,0,0,149.243,88.407,349.5,138,0.846,-0.347,0.049,-0.009,59,421,63,2.5,0,0,0,0,0,0,0,0,0,2392

Main.js:462 367.785,368.05,234,234,-0.507,-0.689,0,0,69,0,0,0,0,0,0,0,330.263,315.798,-1.469,-2.023,0,0,0,0,0,0,0,0,150.093,88.069,351,138,0.851,-0.337,0.049,-0.008,58,423.5,63,2.5,0,0,0,0,0,0,0,0,0,2410

Main.js:462 367.304,367.395,234,234,-0.481,-0.655,0,0,68,0,0,0,0,0,0,0,328.794,313.775,-1.469,-2.023,0,0,0,0,0,0,0,0,150.949,87.743,352.5,138,0.855,-0.326,0.05,-0.007,57,426,63,2.5,0,0,0,0,0,0,0,0,0,2427

Main.js:462 366.846,366.773,234,234,-0.457,-0.622,0,0,67,0,0,0,0,0,0,0,327.325,311.753,-1.469,-2.023,0,0,0,0,0,0,0,0,151.809,87.428,354,138,0.86,-0.315,0.05,-0.005,56,428.5,63,2.5,0,0,0,0,0,0,0,0,0,2443

Main.js:462 366.412,366.182,234,234,-0.434,-0.591,0,0,66,0,0,0,0,0,0,0,325.855,309.73,-1.469,-2.023,0,0,0,0,0,0,0,0,152.673,87.125,355.5,138,0.864,-0.303,0.05,-0.004,55,431,63,2.5,0,0,0,0,0,0,0,0,0,2460

Main.js:462 365.999,365.62,234,234,-0.413,-0.561,0,0,65,0,0,0,0,0,0,0,324.386,307.708,-1.469,-2.023,0,0,0,0,0,0,0,0,153.542,86.835,357,138,0.868,-0.29,0.05,-0.003,54,433.5,63,2.5,0,0,0,0,0,0,0,0,0,2476

Main.js:462 365.607,365.087,234,234,-0.392,-0.533,0,0,64,0,0,0,0,0,0,0,322.916,305.685,-1.469,-2.023,0,0,0,0,0,0,0,0,154.414,86.557,358.5,138,0.873,-0.277,0.05,-0.001,53,436,63,2.5,0,0,0,0,0,0,0,0,0,2493

Main.js:462 365.234,364.58,234,234,-0.373,-0.507,0,0,63,0,0,0,0,0,0,0,321.447,303.663,-1.469,-2.023,0,0,0,0,0,0,0,0,155.291,86.294,0,138,0.876,-0.263,0.05,0,52,438.5,63,2.5,0,0,0,0,0,0,0,0,0,2511

Main.js:462 364.88,364.099,234,234,-0.354,-0.481,0,0,62,0,0,0,0,0,0,0,319.977,301.64,-1.469,-2.023,0,0,0,0,0,0,0,0,156.171,86.044,0,136.5,0.88,-0.25,0.05,0,51,441,63,2.5,0,0,0,0,0,0,0,0,0,2527

Main.js:462 364.544,363.642,234,234,-0.336,-0.457,0,0,61,0,0,0,0,0,0,0,318.508,299.617,-1.469,-2.023,0,0,0,0,0,0,0,0,157.054,85.806,0,135,0.884,-0.238,0.05,0,50,443.5,63,2.5,0,0,0,0,0,0,0,0,0,2544

Main.js:462 364.225,363.207,234,234,-0.319,-0.434,0,0,60,0,0,0,0,0,0,0,317.038,297.595,-1.469,-2.023,0,0,0,0,0,0,0,0,157.941,85.581,0,133.5,0.887,-0.226,0.05,0,49,446,63,2.5,0,0,0,0,0,0,0,0,0,2558

Main.js:462 363.921,362.795,234,234,-0.303,-0.413,0,0,59,0,0,0,0,0,0,0,315.569,295.572,-1.469,-2.023,0,0,0,0,0,0,0,0,158.831,85.366,0,132,0.89,-0.214,0.05,0,48,448.5,63,2.5,0,0,0,0,0,0,0,0,0,2577

Main.js:462 363.633,362.402,234,234,-0.288,-0.392,0,0,58,0,0,0,0,0,0,0,314.099,293.55,-1.469,-2.023,0,0,0,0,0,0,0,0,159.724,85.163,0,130.5,0.893,-0.204,0.05,0,47,451,63,2.5,0,0,0,0,0,0,0,0,0,2594

Main.js:462 363.359,362.03,234,234,-0.274,-0.372,0,0,57,0,0,0,0,0,0,0,312.63,291.527,-1.469,-2.023,0,0,0,0,0,0,0,0,160.62,84.969,0,129,0.896,-0.194,0.05,0,46,453.5,63,2.5,0,0,0,0,0,0,0,0,0,2609

Main.js:462 363.099,361.676,234,234,-0.26,-0.354,0,0,56,0,0,0,0,0,0,0,311.16,289.505,-1.469,-2.023,0,0,0,0,0,0,0,0,161.519,84.785,0,127.5,0.899,-0.184,0.05,0,45,456,63,2.5,0,0,0,0,0,0,0,0,0,2625

Main.js:462 362.852,361.34,234,234,-0.247,-0.336,0,0,55,0,0,0,0,0,0,0,309.691,287.482,-1.469,-2.023,0,0,0,0,0,0,0,0,162.42,84.611,0,126,0.901,-0.175,0.05,0,44,458.5,63,2.5,0,0,0,0,0,0,0,0,0,2643

Main.js:462 362.617,361.021,234,234,-0.235,-0.319,0,0,54,0,0,0,0,0,0,0,308.222,285.46,-1.469,-2.023,0,0,0,0,0,0,0,0,163.324,84.445,0,124.5,0.904,-0.166,0.05,0,43,461,63,2.5,0,0,0,0,0,0,0,0,0,2659

Main.js:462 362.394,360.717,234,234,-0.223,-0.303,0,0,53,0,0,0,0,0,0,0,306.752,283.437,-1.469,-2.023,0,0,0,0,0,0,0,0,164.23,84.287,0,123,0.906,-0.158,0.05,0,42,463.5,63,2.5,0,0,0,0,0,0,0,0,0,2676

Main.js:462 362.182,360.429,234,234,-0.212,-0.288,0,0,52,0,0,0,0,0,0,0,305.283,281.415,-1.469,-2.023,0,0,0,0,0,0,0,0,165.138,84.137,0,121.5,0.908,-0.15,0.05,0,41,466,63,2.5,0,0,0,0,0,0,0,0,0,2692

Main.js:462 361.981,360.155,234,234,-0.201,-0.274,0,0,51,0,0,0,0,0,0,0,303.813,279.392,-1.469,-2.023,0,0,0,0,0,0,0,0,166.048,83.995,0,120,0.91,-0.142,0.05,0,40,468.5,63,2.5,0,0,0,0,0,0,0,0,0,2709

Main.js:462 361.79,359.895,234,234,-0.191,-0.26,0,0,50,0,0,0,0,0,0,0,302.344,277.37,-1.469,-2.023,0,0,0,0,0,0,0,0,166.96,83.86,0,118.5,0.912,-0.135,0.05,0,39,471,63,2.5,0,0,0,0,0,0,0,0,0,2727

Main.js:462 361.608,359.648,234,234,-0.182,-0.247,0,0,49,0,0,0,0,0,0,0,300.874,275.347,-1.469,-2.023,0,0,0,0,0,0,0,0,167.874,83.732,0,117,0.914,-0.128,0.05,0,38,473.5,63,2.5,0,0,0,0,0,0,0,0,0,2741

Main.js:462 361.408,359.375,234,234,-0.201,-0.273,-0.029,-0.04,48,0,0,1,0,0,0,0,299.405,273.324,-1.469,-2.023,0,0,0,0,0,0,0,0,168.79,83.61,0,115.5,0.916,-0.122,0.05,0,37,476,63,2.5,0,0,0,0,0,0,0,0,0,2761

Main.js:462 361.189,359.077,234,234,-0.218,-0.298,-0.029,-0.04,47,0,0,1,0,0,0,0,297.935,271.302,-1.469,-2.023,0,0,0,0,0,0,0,0,169.708,83.494,0,114,0.918,-0.116,0.05,0,36,478.5,63,2.5,0,0,0,0,0,0,0,0,0,2776

Main.js:462 360.954,358.755,234,234,-0.235,-0.321,-0.029,-0.04,46,0,0,1,0,0,0,0,296.466,269.279,-1.469,-2.023,0,0,0,0,0,0,0,0,170.627,83.384,0,112.5,0.919,-0.11,0.05,0,35,481,63,2.5,0,0,0,0,0,0,0,0,0,2793

Main.js:462 360.702,358.412,234,234,-0.252,-0.344,-0.029,-0.04,45,0,0,1,0,0,0,0,294.996,267.257,-1.469,-2.023,0,0,0,0,0,0,0,0,171.548,83.279,0,111,0.921,-0.105,0.05,0,34,483.5,63,2.5,0,0,0,0,0,0,0,0,0,2810

Main.js:462 360.435,358.047,234,234,-0.267,-0.365,-0.029,-0.04,44,0,0,1,0,0,0,0,293.527,265.234,-1.469,-2.023,0,0,0,0,0,0,0,0,172.47,83.18,0,109.5,0.922,-0.099,0.05,0,33,486,63,2.5,0,0,0,0,0,0,0,0,0,2827

Main.js:462 360.154,357.661,234,234,-0.281,-0.385,-0.029,-0.04,43,0,0,1,0,0,0,0,292.057,263.212,-1.469,-2.023,0,0,0,0,0,0,0,0,173.394,83.085,0,108,0.924,-0.094,0.05,0,32,488.5,63,2.5,0,0,0,0,0,0,0,0,0,2843

Main.js:462 359.859,357.257,234,234,-0.295,-0.404,-0.029,-0.04,42,0,0,1,0,0,0,0,290.588,261.189,-1.469,-2.023,0,0,0,0,0,0,0,0,174.319,82.996,0,106.5,0.925,-0.09,0.05,0,31,491,63,2.5,0,0,0,0,0,0,0,0,0,2861

Main.js:462 359.55,356.834,234,234,-0.308,-0.423,-0.029,-0.04,41,0,0,1,0,0,0,0,289.118,259.167,-1.469,-2.023,0,0,0,0,0,0,0,0,175.245,82.911,0,105,0.926,-0.085,0.05,0,30,493.5,63,2.5,0,0,0,0,0,0,0,0,0,2876

Main.js:462 359.229,356.394,234,234,-0.321,-0.44,-0.029,-0.04,40,0,0,1,0,0,0,0,287.649,257.144,-1.469,-2.023,0,0,0,0,0,0,0,0,176.172,82.83,0,103.5,0.927,-0.081,0.05,0,29,496,63,2.5,0,0,0,0,0,0,0,0,0,2892

Main.js:462 358.896,355.938,234,234,-0.333,-0.456,-0.029,-0.04,39,0,0,1,0,0,0,0,286.18,255.122,-1.469,-2.023,0,0,0,0,0,0,0,0,177.101,82.753,0,102,0.929,-0.077,0.05,0,28,498.5,63,2.5,0,0,0,0,0,0,0,0,0,2909

Main.js:462 358.552,355.466,234,234,-0.344,-0.472,-0.029,-0.04,38,0,0,1,0,0,0,0,286.18,255.122,-1.469,-2.023,0,0,0,0,0,0,0,0,178.03,82.68,0,100.5,0.93,-0.073,0.05,0,27,0,0,0,0,0,0,0,0,0,0,0,0,2925

Main.js:462 358.197,354.979,234,234,-0.355,-0.487,-0.029,-0.04,37,0,0,1,0,0,0,0,284.71,253.099,-1.469,-2.023,0,0,0,0,0,0,0,0,178.961,82.61,0,99,0.931,-0.069,0.05,0,26,0,0,0,0,0,0,0,0,0,0,0,0,2943

Main.js:462 357.832,354.478,234,234,-0.365,-0.501,-0.029,-0.04,36,0,0,1,0,0,0,0,283.241,251.076,-1.469,-2.023,0,0,0,0,0,0,0,0,179.892,82.545,0,97.5,0.932,-0.066,0.05,0,25,0,0,0,0,0,0,0,0,0,0,0,0,2960

Main.js:462 357.458,353.964,234,234,-0.375,-0.514,-0.029,-0.04,35,0,0,1,0,0,0,0,281.771,249.054,-1.469,-2.023,0,0,0,0,0,0,0,0,180.825,82.482,0,96,0.933,-0.063,0.05,0,24,0,0,0,0,0,0,0,0,0,0,0,0,2977

Main.js:462 357.074,353.437,234,234,-0.384,-0.527,-0.029,-0.04,34,0,0,1,0,0,0,0,280.302,247.031,-1.469,-2.023,0,0,0,0,0,0,0,0,181.758,82.422,0,94.5,0.933,-0.059,0.05,0,23,0,0,0,0,0,0,0,0,0,0,0,0,2993

Main.js:462 356.681,352.898,234,234,-0.393,-0.539,-0.029,-0.04,33,0,0,1,0,0,0,0,278.832,245.009,-1.469,-2.023,0,0,0,0,0,0,0,0,182.693,82.366,0,93,0.934,-0.057,0.05,0,22,0,0,0,0,0,0,0,0,0,0,0,0,3010

Main.js:462 356.28,352.348,234,234,-0.401,-0.551,-0.029,-0.04,32,0,0,1,0,0,0,0,277.363,242.986,-1.469,-2.023,0,0,0,0,0,0,0,0,183.628,82.311,358.5,90,0.935,-0.055,0.05,-0.001,21,0,0,0,0,0,0,0,0,0,0,0,0,3025

Main.js:462 355.872,351.786,234,234,-0.409,-0.561,-0.029,-0.04,31,0,0,1,0,0,0,0,275.893,240.964,-1.469,-2.023,0,0,0,0,0,0,0,0,184.563,82.256,357,87,0.936,-0.055,0.05,-0.003,20,0,0,0,0,0,0,0,0,0,0,0,0,3042

Main.js:462 355.455,351.214,234,234,-0.416,-0.572,-0.029,-0.04,30,0,0,1,0,0,0,0,274.424,238.941,-1.469,-2.023,0,0,0,0,0,0,0,0,185.499,82.201,355.5,84,0.936,-0.056,0.05,-0.004,19,0,0,0,0,0,0,0,0,0,0,0,0,3061

Main.js:462 355.032,350.633,234,234,-0.423,-0.582,-0.029,-0.04,29,0,0,1,0,0,0,0,272.954,236.919,-1.469,-2.023,0,0,0,0,0,0,0,0,186.436,82.143,354,81,0.937,-0.058,0.05,-0.005,18,0,0,0,0,0,0,0,0,0,0,0,0,3076

Main.js:462 354.602,350.042,234,234,-0.43,-0.591,-0.029,-0.04,28,0,0,1,0,0,0,0,271.485,234.896,-1.469,-2.023,0,0,0,0,0,0,0,0,187.373,82.082,352.5,78,0.937,-0.061,0.05,-0.007,17,0,0,0,0,0,0,0,0,0,0,0,0,3093

Main.js:462 354.165,349.442,234,234,-0.437,-0.6,-0.029,-0.04,27,0,0,1,0,0,0,0,270.015,232.874,-1.469,-2.023,0,0,0,0,0,0,0,0,188.31,82.016,351,75,0.937,-0.066,0.049,-0.008,16,0,0,0,0,0,0,0,0,0,0,0,0,3109

Main.js:462 353.723,348.834,234,234,-0.443,-0.608,-0.029,-0.04,26,0,0,1,0,0,0,0,268.546,230.851,-1.469,-2.023,0,0,0,0,0,0,0,0,189.247,81.945,349.5,72,0.937,-0.071,0.049,-0.009,15,0,0,0,0,0,0,0,0,0,0,0,0,3125

Main.js:462 353.274,348.217,234,234,-0.448,-0.616,-0.029,-0.04,25,0,0,1,0,0,0,0,267.077,228.828,-1.469,-2.023,0,0,0,0,0,0,0,0,190.183,81.868,348,69,0.936,-0.077,0.049,-0.01,14,0,0,0,0,0,0,0,0,0,0,0,0,3160

Main.js:462 352.821,347.593,234,234,-0.454,-0.624,-0.029,-0.04,24,0,0,1,0,0,0,0,265.607,226.806,-1.469,-2.023,0,0,0,0,0,0,0,0,191.119,81.784,346.5,66,0.936,-0.084,0.049,-0.012,13,0,0,0,0,0,0,0,0,0,0,0,0,3176

Main.js:462 352.361,346.962,234,234,-0.459,-0.631,-0.029,-0.04,23,0,0,1,0,0,0,0,264.138,224.783,-1.469,-2.023,0,0,0,0,0,0,0,0,192.054,81.691,345,63,0.935,-0.093,0.048,-0.013,12,0,0,0,0,0,0,0,0,0,0,0,0,3193

Main.js:462 351.897,346.324,234,234,-0.464,-0.638,-0.029,-0.04,22,0,0,1,0,0,0,0,262.668,222.761,-1.469,-2.023,0,0,0,0,0,0,0,0,192.988,81.59,343.5,60,0.934,-0.101,0.048,-0.014,11,0,0,0,0,0,0,0,0,0,0,0,0,3209

Main.js:462 351.429,345.68,234,234,-0.469,-0.645,-0.029,-0.04,21,0,0,1,0,0,0,0,261.199,220.738,-1.469,-2.023,0,0,0,0,0,0,0,0,193.92,81.479,342,57,0.932,-0.111,0.048,-0.015,10,0,0,0,0,0,0,0,0,0,0,0,0,3225

Main.js:462 350.955,345.029,234,234,-0.473,-0.651,-0.029,-0.04,20,0,0,1,0,0,0,0,259.729,218.716,-1.469,-2.023,0,0,0,0,0,0,0,0,194.85,81.357,340.5,54,0.93,-0.121,0.047,-0.017,9,0,0,0,0,0,0,0,0,0,0,0,0,3242

Main.js:462 350.506,344.411,234,234,-0.45,-0.618,0,0,19,0,0,0,0,0,0,0,258.26,216.693,-1.469,-2.023,0,0,0,0,0,0,0,0,195.779,81.225,339,51,0.928,-0.132,0.047,-0.018,8,0,0,0,0,0,0,0,0,0,0,0,0,3259

Main.js:462 350.079,343.823,234,234,-0.427,-0.587,0,0,18,0,0,0,0,0,0,0,256.79,214.671,-1.469,-2.023,0,0,0,0,0,0,0,0,196.704,81.081,337.5,48,0.926,-0.144,0.046,-0.019,7,0,0,0,0,0,0,0,0,0,0,0,0,3276

Main.js:462 349.673,343.265,235.5,235.5,-0.406,-0.558,0,0,17,0,1,0,0,0,0,0,255.321,212.648,-1.469,-2.023,0,0,0,0,0,0,0,0,197.627,80.925,336,45,0.923,-0.156,0.046,-0.02,6,0,0,0,0,0,0,0,0,0,0,0,0,3293

Main.js:462 349.287,342.735,237,237,-0.385,-0.53,0,0,16,0,1,0,0,0,0,0,253.851,210.626,-1.469,-2.023,0,0,0,0,0,0,0,0,198.547,80.757,334.5,42,0.92,-0.169,0.045,-0.022,5,0,0,0,0,0,0,0,0,0,0,0,0,3309

Main.js:462 348.921,342.232,238.5,238.5,-0.366,-0.504,0,0,15,0,1,0,0,0,0,0,252.382,208.603,-1.469,-2.023,0,0,0,0,0,0,0,0,199.462,80.575,333,39,0.916,-0.182,0.045,-0.023,4,0,0,0,0,0,0,0,0,0,0,0,0,3326

Main.js:462 348.573,341.753,240,240,-0.348,-0.478,0,0,14,0,1,0,0,0,0,0,250.912,206.581,-1.469,-2.023,0,0,0,0,0,0,0,0,200.374,80.38,331.5,36,0.912,-0.195,0.044,-0.024,3,0,0,0,0,0,0,0,0,0,0,0,0,3342

Main.js:462 348.243,341.299,240,240,-0.331,-0.454,0,0,13,0,0,0,0,0,0,0,249.443,204.558,-1.469,-2.023,0,0,0,0,0,0,0,0,201.282,80.17,330,33,0.907,-0.209,0.043,-0.025,2,0,0,0,0,0,0,0,0,0,0,0,0,3360

Main.js:462 347.929,340.867,240,240,-0.314,-0.432,0,0,12,0,0,0,0,1,0,0,247.974,202.535,-1.469,-2.023,0,0,0,0,0,0,0,0,202.184,79.947,328.5,30,0.902,-0.224,0.043,-0.026,1,0,0,0,0,0,0,0,0,0,0,0,0,3377

Main.js:462 347.63,340.457,240,240,-0.298,-0.41,0,0,11,0,0,0,0,1,0,0,246.504,200.513,-1.469,-2.023,0,0,0,0,0,0,0,0,203.081,79.708,327,27,0.897,-0.238,0.042,-0.027,0,0,0,0,0,0,0,0,0,0,0,0,0,3393

Main.js:462 347.347,340.068,240,240,-0.283,-0.39,0,0,10,0,0,0,0,1,0,0,245.035,198.49,-1.469,-2.023,0,0,0,0,0,0,0,0,203.973,79.455,325.5,24,0.891,-0.253,0.041,-0.028,99,0,0,0,0,0,0,0,0,0,0,0,0,3408

Main.js:462 347.078,339.697,240,240,-0.269,-0.37,0,0,9,0,0,0,0,0,0,0,243.565,196.468,-1.469,-2.023,0,0,0,0,0,0,0,0,204.858,79.186,324,21,0.885,-0.269,0.04,-0.029,98,224.55,89.267,2.284,1.017,0,0,0,0,0,0,0,0,3425

Main.js:462 346.822,339.346,240,240,-0.256,-0.352,0,0,8,0,0,0,0,0,0,0,242.096,194.445,-1.469,-2.023,0,0,0,0,0,0,0,0,205.737,78.902,322.5,18,0.879,-0.284,0.04,-0.03,97,226.834,90.284,2.284,1.017,0,0,0,0,0,0,0,0,3442

Main.js:462 346.579,339.012,240,240,-0.243,-0.334,0,0,7,0,0,0,0,0,0,0,240.626,192.423,-1.469,-2.023,0,0,0,0,0,0,0,0,206.609,78.603,321,15,0.872,-0.3,0.039,-0.031,96,229.117,91.3,2.284,1.017,0,0,0,0,0,0,0,0,3459

Main.js:462 346.348,338.694,240,240,-0.231,-0.317,0,0,6,0,0,0,0,0,0,0,239.157,190.4,-1.469,-2.023,0,0,0,0,0,0,0,0,207.473,78.287,319.5,12,0.864,-0.316,0.038,-0.032,95,231.401,92.317,2.284,1.017,0,0,0,0,0,0,0,0,3475

Main.js:462 346.129,338.393,240,240,-0.219,-0.301,0,0,5,0,0,0,0,0,0,0,237.687,188.378,-1.469,-2.023,0,0,0,0,0,0,0,0,208.329,77.955,318,9,0.856,-0.332,0.037,-0.033,94,233.685,93.334,2.284,1.017,0,0,0,0,0,0,0,0,3492

Main.js:462 345.921,338.106,240,240,-0.208,-0.286,0,0,4,0,0,0,0,0,0,0,236.218,186.355,-1.469,-2.023,0,0,0,0,0,0,0,0,209.177,77.608,316.5,6,0.848,-0.348,0.036,-0.034,93,235.969,94.351,2.284,1.017,0,0,0,0,0,0,0,0,3509

Main.js:462 345.723,337.834,240,240,-0.198,-0.272,0,0,3,0,0,0,0,0,0,0,234.748,184.333,-1.469,-2.023,0,0,0,0,0,0,0,0,210.016,77.244,315,3,0.839,-0.364,0.035,-0.035,92,238.253,95.368,2.284,1.017,0,0,0,0,0,0,0,0,3525

Main.js:462 345.535,337.576,240,240,-0.188,-0.258,0,0,2,0,0,0,0,1,0,0,233.279,182.31,-1.469,-2.023,0,0,0,0,0,0,0,0,210.846,76.864,313.5,0,0.83,-0.38,0.034,-0.036,91,240.537,96.385,2.284,1.017,0,0,0,0,0,0,0,0,3543

Main.js:462 345.356,337.33,240,240,-0.179,-0.246,0,0,1,0,0,0,0,1,0,0,231.809,180.287,-1.469,-2.023,0,0,0,0,0,0,0,0,211.667,76.467,312,-3,0.82,-0.396,0.033,-0.037,90,242.821,97.401,2.284,1.017,0,0,0,0,0,0,0,0,3559

Main.js:462 345.187,337.097,240,240,-0.17,-0.233,0,0,0,0,0,0,0,1,0,0,230.34,178.265,-1.469,-2.023,0,0,0,0,0,0,0,0,212.477,76.054,310.5,-6,0.81,-0.413,0.032,-0.038,89,245.104,98.418,2.284,1.017,0,0,0,0,0,0,0,0,3575

Main.js:462 345.025,336.875,240,240,-0.161,-0.222,0,0,99,0,0,0,0,1,0,0,228.871,176.242,-1.469,-2.023,0,0,0,0,0,0,0,0,213.276,75.625,309,-9,0.799,-0.429,0.031,-0.039,88,247.388,99.435,2.284,1.017,0,0,0,0,0,0,0,0,3593

Main.js:462 344.872,336.665,240,240,-0.153,-0.211,0,0,98,0,0,0,0,1,0,0,227.401,174.22,-1.469,-2.023,333.437,316.745,-1.25,-2.165,0,0,0,0,214.064,75.18,307.5,-12,0.788,-0.445,0.03,-0.04,87,249.672,100.452,2.284,1.017,0,0,0,0,0,0,0,0,3610

Main.js:462 344.727,336.465,240,240,-0.145,-0.2,0,0,97,0,0,0,0,0,0,0,225.932,172.197,-1.469,-2.023,332.187,314.58,-1.25,-2.165,0,0,0,0,214.841,74.718,306,-15,0.777,-0.461,0.029,-0.04,86,251.956,101.469,2.284,1.017,0,0,0,0,0,0,0,0,3627

Main.js:462 344.589,336.275,240,240,-0.138,-0.19,0,0,96,0,0,0,0,0,0,0,224.462,170.175,-1.469,-2.023,330.937,312.415,-1.25,-2.165,0,0,0,0,215.606,74.241,304.5,-18,0.765,-0.478,0.028,-0.041,85,254.24,102.486,2.284,1.017,0,0,0,0,0,0,0,0,3644

Main.js:462 344.457,336.094,240,240,-0.131,-0.181,0,0,95,0,0,0,0,0,0,0,222.993,168.152,-1.469,-2.023,329.687,310.25,-1.25,-2.165,0,0,0,0,216.359,73.747,303,-21,0.753,-0.493,0.027,-0.042,84,256.524,103.502,2.284,1.017,0,0,0,0,0,0,0,0,3659

Main.js:462 344.333,335.923,240,240,-0.125,-0.171,0,0,94,0,0,0,0,0,0,0,221.523,166.13,-1.469,-2.023,328.437,308.085,-1.25,-2.165,0,0,0,0,217.099,73.238,301.5,-24,0.74,-0.509,0.026,-0.043,83,258.808,104.519,2.284,1.017,0,0,0,0,0,0,0,0,3676

Main.js:462 344.214,335.76,241.5,241.5,-0.118,-0.163,0,0,93,0,1,0,0,0,0,0,220.054,164.107,-1.469,-2.023,327.187,305.92,-1.25,-2.165,0,0,0,0,217.825,72.713,300,-27,0.727,-0.525,0.025,-0.043,82,261.091,105.536,2.284,1.017,0,0,0,0,0,0,0,0,3694

Main.js:462 344.102,335.605,243,243,-0.113,-0.155,0,0,92,0,1,0,0,1,0,0,218.584,162.085,-1.469,-2.023,325.937,303.755,-1.25,-2.165,0,0,0,0,218.538,72.173,298.5,-30,0.713,-0.54,0.024,-0.044,81,263.375,106.553,2.284,1.017,0,0,0,0,0,0,0,0,3710

Main.js:462 343.995,335.458,244.5,244.5,-0.107,-0.147,0,0,91,0,1,0,0,1,0,0,217.115,160.062,-1.469,-2.023,324.687,301.59,-1.25,-2.165,0,0,0,0,219.237,71.617,297,-33,0.699,-0.556,0.023,-0.045,80,265.659,107.57,2.284,1.017,0,0,0,0,0,0,0,0,3727

Main.js:462 343.893,335.318,246,246,-0.102,-0.14,0,0,90,0,1,0,0,1,0,0,215.645,158.039,-1.469,-2.023,323.437,299.425,-1.25,-2.165,0,0,0,0,219.921,71.046,295.5,-36,0.684,-0.571,0.022,-0.045,79,267.943,108.587,2.284,1.017,0,0,0,0,0,0,0,0,3743

Main.js:462 343.797,335.186,247.5,247.5,-0.097,-0.133,0,0,89,0,1,0,0,1,0,0,214.176,156.017,-1.469,-2.023,322.187,297.26,-1.25,-2.165,0,0,0,0,220.59,70.46,294,-39,0.669,-0.586,0.02,-0.046,78,270.227,109.604,2.284,1.017,0,0,0,0,0,0,0,0,3759

Main.js:462 343.705,335.06,247.5,247.5,-0.092,-0.126,0,0,88,0,0,0,0,1,0,0,212.706,153.994,-1.469,-2.023,320.937,295.095,-1.25,-2.165,0,0,0,0,221.245,69.86,292.5,-42,0.654,-0.6,0.019,-0.046,77,272.511,110.62,2.284,1.017,0,0,0,0,0,0,0,0,3776

Main.js:462 343.618,334.94,247.5,247.5,-0.087,-0.12,0,0,87,0,0,0,0,0,0,0,211.237,151.972,-1.469,-2.023,319.687,292.93,-1.25,-2.165,0,0,0,0,221.883,69.245,291,-45,0.638,-0.615,0.018,-0.047,76,274.795,111.637,2.284,1.017,0,0,0,0,0,0,0,0,3792

Main.js:462 343.535,334.826,247.5,247.5,-0.083,-0.114,0,0,86,0,0,0,0,0,0,0,209.767,149.949,-1.469,-2.023,318.437,290.765,-1.25,-2.165,0,0,0,0,222.505,68.617,289.5,-48,0.622,-0.629,0.017,-0.047,75,277.079,112.654,2.284,1.017,0,0,0,0,0,0,0,0,3810

Main.js:462 343.456,334.718,247.5,247.5,-0.079,-0.108,0,0,85,0,0,0,0,0,0,0,208.298,147.927,-1.469,-2.023,317.187,288.6,-1.25,-2.165,0,0,0,0,223.111,67.974,288,-51,0.606,-0.642,0.015,-0.048,74,279.362,113.671,2.284,1.017,0,0,0,0,0,0,0,0,3827

Main.js:462 343.382,334.615,247.5,247.5,-0.075,-0.103,0,0,84,0,0,0,0,0,0,0,206.829,145.904,-1.469,-2.023,315.937,286.435,-1.25,-2.165,0,0,0,0,223.7,67.318,286.5,-54,0.589,-0.656,0.014,-0.048,73,281.646,114.688,2.284,1.017,0,0,0,0,0,0,0,0,3843

Main.js:462 343.311,334.518,247.5,247.5,-0.071,-0.098,0,0,83,0,0,0,0,0,0,0,205.359,143.882,-1.469,-2.023,314.687,284.269,-1.25,-2.165,0,0,0,0,224.272,66.649,285,-57,0.572,-0.669,0.013,-0.048,72,283.93,115.705,2.284,1.017,0,0,0,0,0,0,0,0,3859

Main.js:462 343.243,334.425,247.5,247.5,-0.067,-0.093,0,0,82,0,0,0,0,1,0,0,203.89,141.859,-1.469,-2.023,313.437,282.104,-1.25,-2.165,0,0,0,0,224.827,65.968,283.5,-60,0.554,-0.682,0.012,-0.049,71,286.214,116.721,2.284,1.017,0,0,0,0,0,0,0,0,3877

Main.js:462 343.179,334.337,247.5,247.5,-0.064,-0.088,0,0,81,0,0,0,0,1,0,0,202.42,139.837,-1.469,-2.023,312.187,279.939,-1.25,-2.165,0,0,0,0,225.363,65.274,282,-63,0.537,-0.694,0.01,-0.049,70,288.498,117.738,2.284,1.017,0,0,0,0,0,0,0,0,3893

Main.js:462 343.119,334.254,247.5,247.5,-0.061,-0.084,0,0,80,0,0,0,0,1,0,0,200.951,137.814,-1.469,-2.023,310.937,277.774,-1.25,-2.165,0,0,0,0,225.882,64.568,280.5,-66,0.518,-0.706,0.009,-0.049,69,290.782,118.755,2.284,1.017,0,0,0,0,0,0,0,0,3909

Main.js:462 343.061,334.174,247.5,247.5,-0.058,-0.079,0,0,79,0,0,0,0,1,0,0,199.481,135.792,-1.469,-2.023,309.687,275.609,-1.25,-2.165,0,0,0,0,226.382,63.85,279,-69,0.5,-0.718,0.008,-0.049,68,293.066,119.772,2.284,1.017,0,0,0,0,0,0,0,0,3926

Main.js:462 343.006,334.099,247.5,247.5,-0.055,-0.075,0,0,78,0,0,0,0,1,0,0,198.012,133.769,-1.469,-2.023,308.437,273.444,-1.25,-2.165,0,0,0,0,226.863,63.121,277.5,-72,0.481,-0.729,0.007,-0.05,67,295.349,120.789,2.284,1.017,0,0,0,0,0,0,0,0,3942

Main.js:462 342.954,334.027,247.5,247.5,-0.052,-0.072,0,0,77,0,0,0,0,0,0,0,196.542,131.746,-1.469,-2.023,307.187,271.279,-1.25,-2.165,0,0,0,0,227.325,62.381,276,-75,0.462,-0.74,0.005,-0.05,66,297.633,121.806,2.284,1.017,0,0,0,0,0,0,0,0,3960

Main.js:462 342.904,333.959,247.5,247.5,-0.05,-0.068,0,0,76,0,0,0,0,0,0,0,195.073,129.724,-1.469,-2.023,305.937,269.114,-1.25,-2.165,0,0,0,0,227.768,61.631,274.5,-78,0.443,-0.75,0.004,-0.05,65,299.917,122.822,2.284,1.017,0,0,0,0,0,0,0,0,3977

Main.js:462 342.857,333.894,247.5,247.5,-0.047,-0.065,0,0,75,0,0,0,0,0,0,0,193.603,127.701,-1.469,-2.023,304.687,266.949,-1.25,-2.165,0,0,0,0,228.191,60.871,273,-81,0.423,-0.76,0.003,-0.05,64,302.201,123.839,2.284,1.017,0,0,0,0,0,0,0,0,3994

Main.js:462 342.812,333.833,247.5,247.5,-0.045,-0.061,0,0,74,0,0,0,0,0,0,0,192.134,125.679,-1.469,-2.023,303.437,264.784,-1.25,-2.165,0,0,0,0,228.594,60.102,271.5,-84,0.403,-0.769,0.001,-0.05,63,304.485,124.856,2.284,1.017,0,0,0,0,0,0,0,0,4024

Main.js:462 342.77,333.774,247.5,247.5,-0.042,-0.058,0,0,73,0,0,0,0,0,0,0,190.664,123.656,-1.469,-2.023,302.187,262.619,-1.25,-2.165,0,0,0,0,228.979,59.324,273,-84,0.385,-0.778,0.003,-0.05,62,306.769,125.873,2.284,1.017,0,0,0,0,0,0,0,0,4042

Main.js:462 342.73,333.719,247.5,247.5,-0.04,-0.055,0,0,72,0,0,0,0,0,0,0,189.195,121.634,-1.469,-2.023,300.937,260.454,-1.25,-2.165,0,0,0,0,229.349,58.537,274.5,-84,0.37,-0.787,0.004,-0.05,61,309.053,126.89,2.284,1.017,0,0,0,0,0,0,0,0,4058

Main.js:462 342.691,333.666,247.5,247.5,-0.038,-0.053,0,0,71,0,0,0,0,1,0,0,187.726,119.611,-1.469,-2.023,299.687,258.289,-1.25,-2.165,0,0,0,0,229.705,57.742,276,-84,0.356,-0.795,0.005,-0.05,60,311.336,127.907,2.284,1.017,0,0,0,0,0,0,0,0,4076

Main.js:462 342.655,333.616,247.5,247.5,-0.036,-0.05,0,0,70,0,0,0,0,1,0,0,186.256,117.589,-1.469,-2.023,298.437,256.124,-1.25,-2.165,0,0,0,0,230.05,56.94,277.5,-84,0.345,-0.802,0.007,-0.05,59,313.62,128.924,2.284,1.017,0,0,0,0,0,0,0,0,4092

Main.js:462 342.62,333.568,247.5,247.5,-0.035,-0.048,0,0,69,0,0,0,0,1,0,0,184.787,115.566,-1.469,-2.023,297.187,253.959,-1.25,-2.165,0,0,0,0,230.385,56.131,279,-84,0.335,-0.809,0.008,-0.049,58,315.904,129.94,2.284,1.017,0,0,0,0,0,0,0,0,4109

Main.js:462 342.587,333.523,247.5,247.5,-0.033,-0.045,0,0,68,0,0,0,0,1,0,0,183.317,113.544,-1.469,-2.023,295.937,251.793,-1.25,-2.165,0,0,0,0,230.712,55.316,280.5,-84,0.327,-0.815,0.009,-0.049,57,318.188,130.957,2.284,1.017,0,0,0,0,0,0,0,0,4126

Main.js:462 342.556,333.48,247.5,247.5,-0.031,-0.043,0,0,67,0,0,0,0,1,0,0,181.848,111.521,-1.469,-2.023,294.687,249.628,-1.25,-2.165,0,0,0,0,231.032,54.495,282,-84,0.32,-0.821,0.01,-0.049,56,320.472,131.974,2.284,1.017,0,0,0,0,0,0,0,0,4142

Main.js:462 342.527,333.439,247.5,247.5,-0.03,-0.041,0,0,66,0,0,0,0,0,0,0,180.378,109.498,-1.469,-2.023,293.437,247.463,-1.25,-2.165,0,0,0,0,231.348,53.669,283.5,-84,0.315,-0.826,0.012,-0.049,55,322.756,132.991,2.284,1.017,0,0,0,0,0,0,0,0,4159

Main.js:462 342.498,333.401,247.5,247.5,-0.028,-0.039,0,0,65,0,0,0,0,0,0,0,178.909,107.476,-1.469,-2.023,292.187,245.298,-1.25,-2.165,0,0,0,0,231.66,52.838,285,-84,0.312,-0.831,0.013,-0.048,54,325.04,134.008,2.284,1.017,0,0,0,0,0,0,0,0,4175

Main.js:462 342.472,333.364,247.5,247.5,-0.027,-0.037,0,0,64,0,0,0,0,0,0,0,177.439,105.453,-1.469,-2.023,290.937,243.133,-1.25,-2.165,0,0,0,0,231.97,52.004,286.5,-84,0.31,-0.835,0.014,-0.048,53,327.324,135.025,2.284,1.017,0,0,0,0,0,0,0,0,4192

Main.js:462 342.446,333.329,247.5,247.5,-0.025,-0.035,0,0,63,0,0,0,0,0,0,0,175.97,103.431,-1.469,-2.023,289.687,240.968,-1.25,-2.165,0,0,0,0,232.279,51.166,288,-84,0.309,-0.838,0.015,-0.048,52,329.607,136.041,2.284,1.017,0,0,0,0,0,0,0,0,4209

Main.js:462 342.422,333.296,247.5,247.5,-0.024,-0.033,0,0,62,0,0,0,0,0,0,0,174.5,101.408,-1.469,-2.023,288.437,238.803,-1.25,-2.165,0,0,0,0,232.588,50.325,289.5,-84,0.309,-0.841,0.017,-0.047,51,331.891,137.058,2.284,1.017,0,0,0,0,0,0,0,0,4225

Main.js:462 342.399,333.264,247.5,247.5,-0.023,-0.032,0,0,61,0,0,0,0,0,0,0,173.031,99.386,-1.469,-2.023,287.187,236.638,-1.25,-2.165,0,0,0,0,232.899,49.481,291,-84,0.311,-0.843,0.018,-0.047,50,334.175,138.075,2.284,1.017,0,0,0,0,0,0,0,0,4242

Main.js:462 342.377,333.234,247.5,247.5,-0.022,-0.03,0,0,60,0,0,0,0,1,0,0,171.561,97.363,-1.469,-2.023,285.937,234.473,-1.25,-2.165,0,0,0,0,233.213,48.636,292.5,-84,0.314,-0.845,0.019,-0.046,49,336.459,139.092,2.284,1.017,0,0,0,0,0,0,0,0,4258

Main.js:462 342.357,333.206,247.5,247.5,-0.021,-0.028,0,0,59,0,0,0,0,1,0,0,170.092,95.341,-1.469,-2.023,284.687,232.308,-1.25,-2.165,0,0,0,0,233.53,47.79,294,-84,0.317,-0.846,0.02,-0.046,48,338.743,140.109,2.284,1.017,0,0,0,0,0,0,0,0,4277

Main.js:462 342.337,333.179,247.5,247.5,-0.02,-0.027,0,0,58,0,0,0,0,1,0,0,168.623,93.318,-1.469,-2.023,283.437,230.143,-1.25,-2.165,0,0,0,0,233.852,46.944,295.5,-84,0.322,-0.847,0.022,-0.045,47,341.027,141.126,2.284,1.017,0,0,0,0,0,0,0,0,4293

Main.js:462 342.318,333.153,247.5,247.5,-0.019,-0.026,0,0,57,0,0,0,0,1,0,0,167.153,91.296,-1.469,-2.023,282.187,227.978,-1.25,-2.165,0,0,0,0,234.179,46.097,297,-84,0.327,-0.847,0.023,-0.045,46,343.311,142.142,2.284,1.017,0,0,0,0,0,0,0,0,4310

Main.js:462 342.3,333.129,247.5,247.5,-0.018,-0.024,0,0,56,0,0,0,0,1,0,0,165.684,89.273,-1.469,-2.023,280.937,225.813,-1.25,-2.165,0,0,0,0,234.513,45.251,298.5,-84,0.334,-0.846,0.024,-0.044,45,345.594,143.159,2.284,1.017,0,0,0,0,0,0,0,0,4326

Main.js:462 342.284,333.105,247.5,247.5,-0.017,-0.023,0,0,55,0,0,0,0,0,0,0,164.214,87.251,-1.469,-2.023,279.687,223.648,-1.25,-2.165,0,0,0,0,234.853,44.406,300,-84,0.341,-0.845,0.025,-0.043,44,347.878,144.176,2.284,1.017,0,0,0,0,0,0,0,0,4344

Main.js:462 342.268,333.083,247.5,247.5,-0.016,-0.022,0,0,54,0,0,0,0,0,0,0,162.745,85.228,-1.469,-2.023,278.437,221.483,-1.25,-2.165,0,0,0,0,235.202,43.563,301.5,-84,0.348,-0.843,0.026,-0.043,43,350.162,145.193,2.284,1.017,0,0,0,0,0,0,0,0,4359

Main.js:462 342.252,333.062,247.5,247.5,-0.015,-0.021,0,0,53,0,0,0,0,0,0,0,161.275,83.205,-1.469,-2.023,277.187,219.318,-1.25,-2.165,0,0,0,0,235.559,42.722,303,-84,0.357,-0.841,0.027,-0.042,42,352.446,146.21,2.284,1.017,0,0,0,0,0,0,0,0,4376

Main.js:462 342.238,333.042,247.5,247.5,-0.014,-0.02,0,0,52,0,0,0,0,0,0,0,159.806,81.183,-1.469,-2.023,275.937,217.152,-1.25,-2.165,0,0,0,0,235.925,41.884,304.5,-84,0.366,-0.838,0.028,-0.041,41,354.73,147.227,2.284,1.017,0,0,0,0,0,0,0,0,4393

Main.js:462 342.224,333.024,247.5,247.5,-0.014,-0.019,0,0,51,0,0,0,0,0,0,0,158.336,79.16,-1.469,-2.023,274.687,214.987,-1.25,-2.165,0,0,0,0,236.3,41.05,306,-84,0.376,-0.834,0.029,-0.04,40,357.014,148.244,2.284,1.017,0,0,0,0,0,0,0,0,4409

Main.js:462 342.211,333.006,247.5,247.5,-0.013,-0.018,0,0,50,0,0,0,0,0,0,0,156.867,77.138,-1.469,-2.023,273.437,212.822,-1.25,-2.165,0,0,0,0,236.686,40.219,307.5,-84,0.386,-0.83,0.03,-0.04,39,359.298,149.26,2.284,1.017,0,0,0,0,0,0,0,0,4426

Main.js:462 342.199,332.989,247.5,247.5,-0.012,-0.017,0,0,49,0,0,0,0,0,0,0,155.397,75.115,-1.469,-2.023,272.187,210.657,-1.25,-2.165,0,0,0,0,237.083,39.393,309,-84,0.396,-0.826,0.031,-0.039,38,361.581,150.277,2.284,1.017,0,0,0,0,0,0,0,0,4442

Main.js:462 342.187,332.972,247.5,247.5,-0.012,-0.016,0,0,48,0,0,0,0,1,0,0,153.928,73.093,-1.469,-2.023,270.937,208.492,-1.25,-2.165,0,0,0,0,237.49,38.573,310.5,-84,0.407,-0.821,0.032,-0.038,37,363.865,151.294,2.284,1.017,0,0,0,0,0,0,0,0,4459

Main.js:462 342.176,332.957,247.5,247.5,-0.011,-0.015,0,0,47,0,0,0,0,1,0,0,152.458,71.07,-1.469,-2.023,269.687,206.327,-1.25,-2.165,0,0,0,0,237.909,37.758,312,-84,0.419,-0.815,0.033,-0.037,36,366.149,152.311,2.284,1.017,0,0,0,0,0,0,0,0,4477

Main.js:462 342.165,332.942,247.5,247.5,-0.011,-0.015,0,0,46,0,0,0,0,1,0,0,150.989,69.048,-1.469,-2.023,268.437,204.162,-1.25,-2.165,0,0,0,0,238.339,36.949,313.5,-84,0.431,-0.809,0.034,-0.036,35,368.433,153.328,2.284,1.017,0,0,0,0,0,0,0,0,4492

Main.js:462 342.155,332.928,247.5,247.5,-0.01,-0.014,0,0,45,0,0,0,0,1,0,0,149.52,67.025,-1.469,-2.023,267.187,201.997,-1.25,-2.165,0,0,0,0,238.782,36.147,315,-84,0.443,-0.802,0.035,-0.035,34,370.717,154.345,2.284,1.017,0,0,0,0,0,0,0,0,4509

Main.js:462 342.145,332.915,247.5,247.5,-0.01,-0.013,0,0,44,0,0,0,0,1,0,0,148.05,65.003,-1.469,-2.023,265.937,199.832,-1.25,-2.165,0,0,0,0,239.236,35.352,315,-85.5,0.454,-0.795,0.035,-0.035,33,373.001,155.361,2.284,1.017,0,0,0,0,0,0,0,0,4526

Main.js:462 342.136,332.903,247.5,247.5,-0.009,-0.013,0,0,43,0,0,0,0,0,0,0,146.581,62.98,-1.469,-2.023,264.687,197.667,-1.25,-2.165,0,0,0,0,239.701,34.563,315,-87,0.465,-0.789,0.035,-0.035,32,375.285,156.378,2.284,1.017,0,0,0,0,0,0,0,0,4543

Main.js:462 342.109,332.847,247.5,247.5,-0.027,-0.056,-0.019,-0.046,42,0,0,1,0,0,0,0,145.111,60.957,-1.469,-2.023,263.437,195.502,-1.25,-2.165,0,0,0,0,240.176,33.78,315,-88.5,0.475,-0.783,0.035,-0.035,31,377.569,157.395,2.284,1.017,0,0,0,0,0,0,0,0,4560

Main.js:462 342.066,332.75,247.5,247.5,-0.044,-0.097,-0.019,-0.046,41,0,0,1,0,0,0,0,143.642,58.935,-1.469,-2.023,262.187,193.337,-1.25,-2.165,0,0,0,0,240.661,33.002,315,-90,0.485,-0.778,0.035,-0.035,30,379.852,158.412,2.284,1.017,0,0,0,0,0,0,0,0,4577

Main.js:462 342.006,332.614,247.5,247.5,-0.06,-0.136,-0.019,-0.046,40,0,0,1,0,0,0,0,142.172,56.912,-1.469,-2.023,260.937,191.172,-1.25,-2.165,0,0,0,0,241.156,32.23,315,-91.5,0.494,-0.772,0.035,-0.035,29,382.136,159.429,2.284,1.017,0,0,0,0,0,0,0,0,4593

Main.js:462 341.931,332.441,247.5,247.5,-0.075,-0.173,-0.019,-0.046,39,0,0,1,0,0,0,0,140.703,54.89,-1.469,-2.023,259.687,189.007,-1.25,-2.165,0,0,0,0,241.659,31.462,315,-93,0.503,-0.767,0.035,-0.035,28,384.42,160.446,2.284,1.017,0,0,0,0,0,0,0,0,4609

Main.js:462 341.842,332.233,247.5,247.5,-0.089,-0.208,-0.019,-0.046,38,0,0,1,0,0,0,0,139.233,52.867,-1.469,-2.023,258.437,186.842,-1.25,-2.165,0,0,0,0,242.171,30.7,315,-94.5,0.512,-0.763,0.035,-0.035,27,386.704,161.462,2.284,1.017,0,0,0,0,0,0,0,0,4626

Main.js:462 341.739,331.991,247.5,247.5,-0.103,-0.242,-0.019,-0.046,37,0,0,1,0,0,0,0,137.764,50.845,-1.469,-2.023,257.187,184.677,-1.25,-2.165,0,0,0,0,242.691,29.942,315,-96,0.52,-0.758,0.035,-0.035,26,388.988,162.479,2.284,1.017,0,0,0,0,0,0,0,0,4643

Main.js:462 341.623,331.718,247.5,247.5,-0.116,-0.274,-0.019,-0.046,36,0,0,1,0,0,0,0,136.294,48.822,-1.469,-2.023,255.937,182.511,-1.25,-2.165,0,0,0,0,243.218,29.188,315,-97.5,0.527,-0.754,0.035,-0.035,25,391.272,163.496,2.284,1.017,0,0,0,0,0,0,0,0,4660

Main.js:462 341.494,331.414,247.5,247.5,-0.128,-0.304,-0.019,-0.046,35,0,0,1,0,0,0,0,134.825,46.8,-1.469,-2.023,254.687,180.346,-1.25,-2.165,0,0,0,0,243.752,28.438,315,-99,0.535,-0.75,0.035,-0.035,24,393.556,164.513,2.284,1.017,0,0,0,0,0,0,0,0,4676

Main.js:462 341.354,331.081,247.5,247.5,-0.14,-0.332,-0.019,-0.046,34,0,0,1,0,0,0,0,133.355,44.777,-1.469,-2.023,253.437,178.181,-1.25,-2.165,0,0,0,0,244.294,27.693,315,-100.5,0.541,-0.746,0.035,-0.035,23,395.839,165.53,2.284,1.017,0,0,0,0,0,0,0,0,4692

Main.js:462 341.203,330.722,247.5,247.5,-0.151,-0.36,-0.019,-0.046,33,0,0,1,0,0,0,0,131.886,42.755,-1.469,-2.023,252.187,176.016,-1.25,-2.165,0,0,0,0,244.842,26.951,315,-102,0.548,-0.742,0.035,-0.035,22,398.123,166.547,2.284,1.017,0,0,0,0,0,0,0,0,4711

Main.js:462 341.041,330.336,247.5,247.5,-0.162,-0.386,-0.019,-0.046,32,0,0,1,0,0,0,0,130.416,40.732,-1.469,-2.023,250.937,173.851,-1.25,-2.165,0,0,0,0,245.396,26.212,315,-103.5,0.554,-0.739,0.035,-0.035,21,400.407,167.564,2.284,1.017,0,0,0,0,0,0,0,0,4726

Main.js:462 340.869,329.926,247.5,247.5,-0.172,-0.41,-0.019,-0.046,31,0,0,1,0,0,0,0,128.947,38.709,-1.469,-2.023,249.687,171.686,-1.25,-2.165,0,0,0,0,245.956,25.477,315,-105,0.56,-0.735,0.035,-0.035,20,402.691,168.58,2.284,1.017,0,0,0,0,0,0,0,0,4743

Main.js:462 340.687,329.492,247.5,247.5,-0.182,-0.434,-0.019,-0.046,30,0,0,1,0,0,0,0,127.478,36.687,-1.469,-2.023,248.437,169.521,-1.25,-2.165,0,0,0,0,246.522,24.745,315,-106.5,0.566,-0.732,0.035,-0.035,19,404.975,169.597,2.284,1.017,0,0,0,0,0,0,0,0,4759

Main.js:462 340.497,329.037,247.5,247.5,-0.191,-0.456,-0.019,-0.046,29,0,0,1,0,0,0,0,126.008,34.664,-1.469,-2.023,247.187,167.356,-1.25,-2.165,0,0,0,0,247.092,24.016,315,-108,0.571,-0.729,0.035,-0.035,18,407.259,170.614,2.284,1.017,0,0,0,0,0,0,0,0,4775

Main.js:462 340.297,328.56,247.5,247.5,-0.199,-0.477,-0.019,-0.046,28,0,0,1,0,0,0,0,124.539,32.642,-1.469,-2.023,245.937,165.191,-1.25,-2.165,0,0,0,0,247.668,23.29,315,-109.5,0.576,-0.726,0.035,-0.035,17,409.543,171.631,2.284,1.017,0,0,0,0,0,0,0,0,4792

Main.js:462 340.09,328.063,247.5,247.5,-0.208,-0.497,-0.019,-0.046,27,0,0,1,0,0,0,0,123.069,30.619,-1.469,-2.023,244.687,163.026,-1.25,-2.165,0,0,0,0,248.249,22.567,315,-111,0.581,-0.723,0.035,-0.035,16,411.826,172.648,2.284,1.017,0,0,0,0,0,0,0,0,4809

Main.js:462 339.874,327.547,247.5,247.5,-0.215,-0.516,-0.019,-0.046,26,0,0,1,0,0,0,0,121.6,28.597,-1.469,-2.023,243.437,160.861,-1.25,-2.165,0,0,0,0,248.834,21.846,315,-112.5,0.585,-0.721,0.035,-0.035,15,414.11,173.665,2.284,1.017,0,0,0,0,0,0,0,0,4826

Main.js:462 339.652,327.013,247.5,247.5,-0.223,-0.534,-0.019,-0.046,25,0,0,1,0,0,0,0,120.13,26.574,-1.469,-2.023,242.187,158.696,-1.25,-2.165,0,0,0,0,249.424,21.127,315,-114,0.59,-0.718,0.035,-0.035,14,416.394,174.681,2.284,1.017,0,0,0,0,0,0,0,0,4844

Main.js:462 339.422,326.462,247.5,247.5,-0.23,-0.551,-0.019,-0.046,24,0,0,1,0,0,0,0,118.661,24.552,-1.469,-2.023,240.937,156.531,-1.25,-2.165,0,0,0,0,250.018,20.411,315,-115.5,0.594,-0.716,0.035,-0.035,13,418.678,175.698,2.284,1.017,0,0,0,0,0,0,0,0,4860

Main.js:462 339.185,325.894,247.5,247.5,-0.236,-0.568,-0.019,-0.046,23,0,0,1,0,0,0,0,117.191,22.529,-1.469,-2.023,239.687,154.366,-1.25,-2.165,0,0,0,0,250.615,19.697,315,-117,0.598,-0.714,0.035,-0.035,12,420.962,176.715,2.284,1.017,0,0,0,0,0,0,0,0,4876

Main.js:462 338.942,325.311,247.5,247.5,-0.243,-0.583,-0.019,-0.046,22,0,0,1,0,0,0,0,115.722,20.507,-1.469,-2.023,238.437,152.201,-1.25,-2.165,0,0,0,0,251.217,18.986,315,-118.5,0.601,-0.712,0.035,-0.035,11,423.246,177.732,2.284,1.017,0,0,0,0,0,0,0,0,4893

Main.js:462 338.694,324.713,247.5,247.5,-0.249,-0.598,-0.019,-0.046,21,0,0,1,0,0,0,0,114.252,18.484,-1.469,-2.023,237.187,150.036,-1.25,-2.165,0,0,0,0,251.821,18.276,315,-120,0.605,-0.71,0.035,-0.035,10,425.53,178.749,2.284,1.017,0,0,0,0,0,0,0,0,4909

Main.js:462 338.439,324.102,247.5,247.5,-0.255,-0.612,-0.019,-0.046,20,0,0,1,0,0,0,0,112.783,16.462,-1.469,-2.023,235.937,147.87,-1.25,-2.165,0,0,0,0,252.43,17.568,315,-121.5,0.608,-0.708,0.035,-0.035,9,427.814,179.766,2.284,1.017,0,0,0,0,0,0,0,0,4926

Main.js:462 338.179,323.476,247.5,247.5,-0.26,-0.625,-0.019,-0.046,19,0,0,1,0,0,0,0,111.313,14.439,-1.469,-2.023,234.687,145.705,-1.25,-2.165,0,0,0,0,253.041,16.862,315,-123,0.611,-0.706,0.035,-0.035,8,430.097,180.782,2.284,1.017,0,0,0,0,0,0,0,0,4943

Main.js:462 337.914,322.839,247.5,247.5,-0.265,-0.638,-0.019,-0.046,18,0,0,1,0,0,0,0,109.844,12.416,-1.469,-2.023,233.437,143.54,-1.25,-2.165,0,0,0,0,253.655,16.158,315,-124.5,0.614,-0.704,0.035,-0.035,7,432.381,181.799,2.284,1.017,0,0,0,0,0,0,0,0,4960

Main.js:462 337.644,322.189,247.5,247.5,-0.27,-0.65,-0.019,-0.046,17,0,0,1,0,0,0,0,108.375,10.394,-1.469,-2.023,232.187,141.375,-1.25,-2.165,0,0,0,0,254.273,15.455,315,-126,0.617,-0.703,0.035,-0.035,6,434.665,182.816,2.284,1.017,0,0,0,0,0,0,0,0,4976

Main.js:462 337.369,321.528,247.5,247.5,-0.275,-0.661,-0.019,-0.046,16,0,0,1,0,0,0,0,106.905,8.371,-1.469,-2.023,230.937,139.21,-1.25,-2.165,0,0,0,0,254.273,15.455,315,-127.5,0.62,-0.701,0.035,-0.035,5,436.949,183.833,2.284,1.017,0,0,0,0,0,0,0,0,4994

Main.js:462 337.089,320.856,247.5,247.5,-0.279,-0.672,-0.019,-0.046,15,0,0,1,0,0,0,0,105.436,6.349,-1.469,-2.023,229.687,137.045,-1.25,-2.165,0,0,0,0,254.273,15.455,315,-129,0.623,-0.7,0.035,-0.035,4,439.233,184.85,2.284,1.017,0,0,0,0,0,0,0,0,5008

Main.js:462 336.806,320.174,247.5,247.5,-0.283,-0.682,-0.019,-0.046,14,0,0,1,0,0,0,0,103.966,4.326,-1.469,-2.023,228.437,134.88,-1.25,-2.165,0,0,0,0,254.273,15.455,313.5,-132,0.624,-0.699,0.034,-0.036,3,441.517,185.867,2.284,1.017,0,0,0,0,0,0,0,0,5027

Main.js:462 336.519,319.482,247.5,247.5,-0.287,-0.692,-0.019,-0.046,13,0,0,1,0,0,0,0,102.497,2.304,-1.469,-2.023,227.187,132.715,-1.25,-2.165,0,0,0,0,254.273,15.455,312,-135,0.625,-0.699,0.033,-0.037,2,443.801,186.884,2.284,1.017,0,0,0,0,0,0,0,0,5042

Main.js:462 336.227,318.781,247.5,247.5,-0.291,-0.701,-0.019,-0.046,12,0,0,1,0,0,0,0,101.027,0.281,-1.469,-2.023,225.937,130.55,-1.25,-2.165,0,0,0,0,254.273,15.455,310.5,-138,0.624,-0.701,0.032,-0.038,1,446.084,187.9,2.284,1.017,0,0,0,0,0,0,0,0,5059

Main.js:462 335.932,318.07,247.5,247.5,-0.295,-0.71,-0.019,-0.046,11,0,0,1,0,0,0,0,224.687,128.385,-1.25,-2.165,0,0,0,0,0,0,0,0,254.273,15.455,309,-141,0.623,-0.703,0.031,-0.039,0,446.084,187.9,2.284,1.017,0,0,0,0,0,0,0,0,5076

Main.js:462 335.634,317.352,247.5,247.5,-0.298,-0.718,-0.019,-0.046,10,0,0,1,0,0,0,0,223.437,126.22,-1.25,-2.165,0,0,0,0,0,0,0,0,254.273,15.455,307.5,-144,0.621,-0.705,0.03,-0.04,99,448.368,188.917,2.284,1.017,0,0,0,0,0,0,0,0,5092

Main.js:462 335.334,316.625,249,249,-0.3,-0.727,-0.018,-0.047,9,0,1,1,0,0,0,0,222.187,124.055,-1.25,-2.165,0,0,0,0,0,0,0,0,254.273,15.455,306,-147,0.618,-0.708,0.029,-0.04,98,450.652,189.934,2.284,1.017,235.261,1.642,-2.023,-1.469,0,0,0,0,5108

Main.js:462 335.032,315.89,250.5,250.5,-0.301,-0.735,-0.017,-0.047,8,0,1,1,0,0,0,0,220.937,121.89,-1.25,-2.165,0,0,0,0,0,0,0,0,254.273,15.455,304.5,-150,0.614,-0.712,0.028,-0.041,97,452.936,190.951,2.284,1.017,233.238,0.173,-2.023,-1.469,0,0,0,0,5126

Main.js:462 334.731,315.146,252,252,-0.301,-0.744,-0.015,-0.048,7,0,1,1,0,0,0,0,219.687,119.725,-1.25,-2.165,0,0,0,0,0,0,0,0,254.273,15.455,303,-153,0.609,-0.716,0.027,-0.042,96,455.22,191.968,2.284,1.017,0,0,0,0,0,0,0,0,5145

Main.js:462 334.431,314.394,252,252,-0.301,-0.752,-0.015,-0.048,6,0,0,1,0,0,0,0,218.437,117.56,-1.25,-2.165,0,0,0,0,0,0,0,0,254.273,15.455,301.5,-156,0.603,-0.721,0.026,-0.043,95,457.504,192.985,2.284,1.017,0,0,0,0,0,0,0,0,5187

Main.js:462 334.131,313.635,252,252,-0.3,-0.759,-0.015,-0.048,5,0,0,1,0,0,0,0,217.187,115.394,-1.25,-2.165,0,0,0,0,0,0,0,0,254.273,15.455,300,-159,0.597,-0.726,0.025,-0.043,94,459.788,194.001,2.284,1.017,0,0,0,0,0,0,0,0,5194

Main.js:462 333.831,312.868,252,252,-0.3,-0.767,-0.015,-0.048,4,0,0,1,0,0,0,0,215.937,113.229,-1.25,-2.165,0,0,0,0,0,0,0,0,254.273,15.455,298.5,-162,0.59,-0.731,0.024,-0.044,93,462.071,195.018,2.284,1.017,0,0,0,0,0,0,0,0,5208

Main.js:462 333.546,312.14,252,252,-0.285,-0.728,0,0,3,0,0,0,0,0,0,0,214.687,111.064,-1.25,-2.165,0,0,0,0,0,0,0,0,254.273,15.455,297,-165,0.582,-0.737,0.023,-0.045,92,464.355,196.035,2.284,1.017,0,0,0,0,0,0,0,0,5225

Main.js:462 333.275,311.448,252,252,-0.271,-0.692,0,0,2,0,0,0,0,0,0,0,213.437,108.899,-1.25,-2.165,0,0,0,0,0,0,0,0,254.273,15.455,295.5,-168,0.573,-0.743,0.022,-0.045,91,466.639,197.052,2.284,1.017,0,0,0,0,0,0,0,0,5242

Main.js:462 333.018,310.791,252,252,-0.257,-0.657,0,0,1,0,0,0,0,0,0,0,212.187,106.734,-1.25,-2.165,0,0,0,0,0,0,0,0,254.273,15.455,294,-171,0.564,-0.749,0.02,-0.046,90,468.923,198.069,2.284,1.017,0,0,0,0,0,0,0,0,5260

Main.js:462 332.774,310.167,252,252,-0.244,-0.624,0,0,0,0,0,0,0,0,0,0,210.937,104.569,-1.25,-2.165,0,0,0,0,0,0,0,0,254.273,15.455,292.5,-174,0.554,-0.756,0.019,-0.046,89,471.207,199.086,2.284,1.017,0,0,0,0,0,0,0,0,5276

Main.js:462 332.542,309.574,252,252,-0.232,-0.593,0,0,0,0,0,0,0,0,0,0,209.687,102.404,-1.25,-2.165,0,0,0,0,0,0,0,0,254.273,15.455,291,-177,0.543,-0.762,0.018,-0.047,88,473.491,200.102,2.284,1.017,0,0,0,0,0,0,0,0,5293

Main.js:462 332.322,309.01,252,252,-0.22,-0.563,0,0,0,0,0,0,0,0,0,0,208.437,100.239,-1.25,-2.165,0,0,0,0,0,0,0,0,254.273,15.455,289.5,-180,0.532,-0.769,0.017,-0.047,87,475.775,201.119,2.284,1.017,0,0,0,0,0,0,0,0,5308

Main.js:462 332.112,308.475,252,252,-0.209,-0.535,0,0,0,0,0,0,0,0,0,0,207.187,98.074,-1.25,-2.165,0,0,0,0,0,0,0,0,254.273,15.455,288,-183,0.52,-0.776,0.015,-0.048,86,478.059,202.136,2.284,1.017,0,0,0,0,0,0,0,0,5327

Main.js:462 331.913,307.967,252,252,-0.199,-0.509,0,0,0,0,0,0,0,0,0,0,205.937,95.909,-1.25,-2.165,0,0,0,0,0,0,0,0,254.273,15.455,286.5,-186,0.507,-0.783,0.014,-0.048,85,480.342,203.153,2.284,1.017,0,0,0,0,0,0,0,0,5343

Main.js:462 331.724,307.483,252,252,-0.189,-0.483,0,0,0,0,0,0,0,0,0,0,204.687,93.744,-1.25,-2.165,0,0,0,0,0,0,0,0,254.273,15.455,285,-189,0.494,-0.789,0.013,-0.048,84,482.626,204.17,2.284,1.017,0,0,0,0,0,0,0,0,5359

Main.js:462 331.545,307.025,252,252,-0.18,-0.459,0,0,99,0,0,0,0,1,0,0,203.437,91.579,-1.25,-2.165,0,0,0,0,0,0,0,0,254.273,15.455,283.5,-192,0.481,-0.796,0.012,-0.049,83,484.91,205.187,2.284,1.017,0,0,0,0,0,0,0,0,5377

Main.js:462 331.374,306.589,252,252,-0.171,-0.436,0,0,98,0,0,0,0,1,0,0,202.187,89.414,-1.25,-2.165,324.463,285.134,-0.773,-2.378,0,0,0,0,254.273,15.455,282,-195,0.467,-0.803,0.01,-0.049,82,487.194,206.203,2.284,1.017,0,0,0,0,0,0,0,0,5392

Main.js:462 331.212,306.174,252,252,-0.162,-0.414,0,0,97,0,0,0,0,1,0,0,200.937,87.249,-1.25,-2.165,323.69,282.756,-0.773,-2.378,0,0,0,0,254.273,15.455,280.5,-198,0.452,-0.809,0.009,-0.049,81,489.478,207.22,2.284,1.017,0,0,0,0,0,0,0,0,5409

Main.js:462 331.058,305.781,252,252,-0.154,-0.393,0,0,96,0,0,0,0,1,0,0,199.687,85.084,-1.25,-2.165,322.917,280.378,-0.773,-2.378,0,0,0,0,254.273,15.455,279,-201,0.437,-0.816,0.008,-0.049,80,491.762,208.237,2.284,1.017,0,0,0,0,0,0,0,0,5426

Main.js:462 330.912,305.407,252,252,-0.146,-0.374,0,0,95,0,0,0,0,1,0,0,198.437,82.919,-1.25,-2.165,322.145,278.001,-0.773,-2.378,0,0,0,0,254.273,15.455,277.5,-204,0.421,-0.822,0.007,-0.05,79,494.046,209.254,2.284,1.017,0,0,0,0,0,0,0,0,5443

Main.js:462 330.773,305.052,252,252,-0.139,-0.355,0,0,94,0,0,0,0,1,0,0,197.187,80.753,-1.25,-2.165,321.372,275.623,-0.773,-2.378,0,0,0,0,254.273,15.455,276,-207,0.405,-0.828,0.005,-0.05,78,496.329,210.271,2.284,1.017,0,0,0,0,0,0,0,0,5459

Main.js:462 330.641,304.715,252,252,-0.132,-0.337,0,0,93,0,0,0,0,0,0,0,195.937,78.588,-1.25,-2.165,320.6,273.245,-0.773,-2.378,0,0,0,0,254.273,15.455,274.5,-210,0.388,-0.834,0.004,-0.05,77,498.613,211.288,2.284,1.017,0,0,0,0,0,0,0,0,5476

Main.js:462 330.516,304.394,252,252,-0.125,-0.32,0,0,92,0,0,0,0,0,0,0,195.937,78.588,-1.25,-2.165,319.827,270.868,-0.773,-2.378,0,0,0,0,254.273,15.455,273,-213,0.372,-0.84,0.003,-0.05,76,0,0,0,0,0,0,0,0,0,0,0,0,5493

Main.js:462 330.397,304.09,252,252,-0.119,-0.304,0,0,91,0,0,0,0,0,0,0,194.687,76.423,-1.25,-2.165,319.055,268.49,-0.773,-2.378,0,0,0,0,254.273,15.455,271.5,-216,0.354,-0.845,0.001,-0.05,75,0,0,0,0,0,0,0,0,0,0,0,0,5509

Main.js:462 330.284,303.8,252,252,-0.113,-0.289,0,0,90,0,0,0,0,0,0,0,193.437,74.258,-1.25,-2.165,318.282,266.112,-0.773,-2.378,0,0,0,0,254.273,15.455,270,-219,0.336,-0.851,0,-0.05,74,0,0,0,0,0,0,0,0,0,0,0,0,5526

Main.js:462 330.176,303.526,252,252,-0.107,-0.275,0,0,89,0,0,0,0,0,0,0,192.187,72.093,-1.25,-2.165,317.51,263.735,-0.773,-2.378,0,0,0,0,254.273,15.455,268.5,-222,0.318,-0.856,-0.001,-0.05,73,0,0,0,0,0,0,0,0,0,0,0,0,5543

Main.js:462 330.074,303.264,252,252,-0.102,-0.261,0,0,88,0,0,0,0,0,0,0,190.937,69.928,-1.25,-2.165,316.737,261.357,-0.773,-2.378,0,0,0,0,254.273,15.455,267,-225,0.3,-0.86,-0.003,-0.05,72,0,0,0,0,0,0,0,0,0,0,0,0,5559

Main.js:462 329.977,303.016,252,252,-0.097,-0.248,0,0,87,0,0,0,0,1,0,0,189.687,67.763,-1.25,-2.165,315.965,258.98,-0.773,-2.378,0,0,0,0,254.273,15.455,265.5,-228,0.281,-0.865,-0.004,-0.05,71,0,0,0,0,0,0,0,0,0,0,0,0,5577

Main.js:462 329.885,302.781,252,252,-0.092,-0.236,0,0,86,0,0,0,0,1,0,0,188.437,65.598,-1.25,-2.165,315.192,256.602,-0.773,-2.378,0,0,0,0,254.273,15.455,264,-231,0.262,-0.869,-0.005,-0.05,70,0,0,0,0,0,0,0,0,0,0,0,0,5594

Main.js:462 329.797,302.557,252,252,-0.088,-0.224,0,0,85,0,0,0,0,1,0,0,187.187,63.433,-1.25,-2.165,314.42,254.224,-0.773,-2.378,0,0,0,0,254.273,15.455,262.5,-234,0.243,-0.872,-0.007,-0.05,69,0,0,0,0,0,0,0,0,0,0,0,0,5610

Main.js:462 329.714,302.344,252,252,-0.083,-0.213,0,0,84,0,0,0,0,1,0,0,185.937,61.268,-1.25,-2.165,313.647,251.847,-0.773,-2.378,0,0,0,0,254.273,15.455,261,-237,0.223,-0.875,-0.008,-0.049,68,0,0,0,0,0,0,0,0,0,0,0,0,5625

Main.js:462 329.635,302.142,252,252,-0.079,-0.202,0,0,83,0,0,0,0,0,0,0,184.687,59.103,-1.25,-2.165,312.874,249.469,-0.773,-2.378,0,0,0,0,254.273,15.455,259.5,-240,0.204,-0.878,-0.009,-0.049,67,0,0,0,0,0,0,0,0,0,0,0,0,5645

Main.js:462 329.56,301.951,252,252,-0.075,-0.192,0,0,82,0,0,0,0,0,0,0,183.437,56.938,-1.25,-2.165,312.102,247.091,-0.773,-2.378,0,0,0,0,254.273,15.455,258,-243,0.183,-0.881,-0.01,-0.049,66,0,0,0,0,0,0,0,0,0,0,0,0,5659

Main.js:462 329.489,301.768,252,252,-0.071,-0.182,0,0,81,0,0,0,0,0,0,0,182.187,54.773,-1.25,-2.165,311.329,244.714,-0.773,-2.378,0,0,0,0,254.273,15.455,256.5,-246,0.163,-0.883,-0.012,-0.049,65,0,0,0,0,0,0,0,0,0,0,0,0,5677

Main.js:462 329.421,301.595,252,252,-0.068,-0.173,0,0,80,0,0,0,0,0,0,0,180.937,52.608,-1.25,-2.165,310.557,242.336,-0.773,-2.378,0,0,0,0,254.273,15.455,255,-249,0.143,-0.885,-0.013,-0.048,64,0,0,0,0,0,0,0,0,0,0,0,0,5695

Main.js:462 329.357,301.431,252,252,-0.064,-0.165,0,0,79,0,0,0,0,0,0,0,179.687,50.443,-1.25,-2.165,309.784,239.958,-0.773,-2.378,0,0,0,0,254.273,15.455,253.5,-252,0.122,-0.886,-0.014,-0.048,63,0,0,0,0,0,0,0,0,0,0,0,0,5709

Main.js:462 329.296,301.274,252,252,-0.061,-0.156,0,0,78,0,0,0,0,0,0,0,178.437,48.278,-1.25,-2.165,309.012,237.581,-0.773,-2.378,0,0,0,0,254.273,15.455,252,-255,0.101,-0.887,-0.015,-0.048,62,0,0,0,0,0,0,0,0,0,0,0,0,5726

Main.js:462 329.238,301.126,252,252,-0.058,-0.148,0,0,77,0,0,0,0,0,0,0,177.187,46.112,-1.25,-2.165,308.239,235.203,-0.773,-2.378,0,0,0,0,254.273,15.455,250.5,-258,0.08,-0.887,-0.017,-0.047,61,0,0,0,0,0,0,0,0,0,0,0,0,5742

Main.js:462 329.182,300.985,252,252,-0.055,-0.141,0,0,76,0,0,0,0,0,0,0,175.937,43.947,-1.25,-2.165,307.467,232.826,-0.773,-2.378,0,0,0,0,254.273,15.455,249,-261,0.059,-0.887,-0.018,-0.047,60,0,0,0,0,0,0,0,0,0,0,0,0,5760

Main.js:462 329.13,300.851,252,252,-0.052,-0.134,0,0,75,0,0,0,0,0,0,0,174.687,41.782,-1.25,-2.165,306.694,230.448,-0.773,-2.378,0,0,0,0,254.273,15.455,247.5,-264,0.038,-0.887,-0.019,-0.046,59,0,0,0,0,0,0,0,0,0,0,0,0,5776

Main.js:462 329.08,300.723,252,252,-0.05,-0.127,0,0,74,0,0,0,0,0,0,0,173.437,39.617,-1.25,-2.165,305.922,228.07,-0.773,-2.378,0,0,0,0,254.273,15.455,246,-267,0.017,-0.886,-0.02,-0.046,58,0,0,0,0,0,0,0,0,0,0,0,0,5792

Main.js:462 329.033,300.602,252,252,-0.047,-0.121,0,0,73,0,0,0,0,0,0,0,172.187,37.452,-1.25,-2.165,305.149,225.693,-0.773,-2.378,0,0,0,0,254.273,15.455,244.5,-270,-0.004,-0.885,-0.022,-0.045,57,0,0,0,0,0,0,0,0,0,0,0,0,5810

Main.js:462 328.988,300.488,252,252,-0.045,-0.115,0,0,72,0,0,0,0,0,0,0,170.937,35.287,-1.25,-2.165,304.376,223.315,-0.773,-2.378,0,0,0,0,254.273,15.455,243,-273,-0.026,-0.883,-0.023,-0.045,56,0,0,0,0,0,0,0,0,0,0,0,0,5826

Main.js:462 328.945,300.378,252,252,-0.043,-0.109,0,0,71,0,0,0,0,0,0,0,169.687,33.122,-1.25,-2.165,303.604,220.937,-0.773,-2.378,0,0,0,0,254.273,15.455,241.5,-276,-0.047,-0.88,-0.024,-0.044,55,0,0,0,0,0,0,0,0,0,0,0,0,5842

Main.js:462 328.905,300.275,252,252,-0.041,-0.104,0,0,70,0,0,0,0,0,0,0,168.437,30.957,-1.25,-2.165,302.831,218.56,-0.773,-2.378,0,0,0,0,254.273,15.455,240,-279,-0.068,-0.877,-0.025,-0.043,54,0,0,0,0,0,0,0,0,0,0,0,0,5859

Main.js:462 328.866,300.176,252,252,-0.039,-0.099,0,0,69,0,0,0,0,0,0,0,167.187,28.792,-1.25,-2.165,302.059,216.182,-0.773,-2.378,0,0,0,0,254.273,15.455,238.5,-282,-0.09,-0.874,-0.026,-0.043,53,0,0,0,0,0,0,0,0,0,0,0,0,5877

Main.js:462 328.83,300.083,252,252,-0.037,-0.094,0,0,68,0,0,0,0,0,0,0,165.937,26.627,-1.25,-2.165,301.286,213.804,-0.773,-2.378,0,0,0,0,254.273,15.455,237,-285,-0.111,-0.87,-0.027,-0.042,52,0,0,0,0,0,0,0,0,0,0,0,0,5893

Main.js:462 328.795,299.994,252,252,-0.035,-0.089,0,0,67,0,0,0,0,0,0,0,164.687,24.462,-1.25,-2.165,300.514,211.427,-0.773,-2.378,0,0,0,0,254.273,15.455,235.5,-288,-0.133,-0.866,-0.028,-0.041,51,0,0,0,0,0,0,0,0,0,0,0,0,5909

Main.js:462 328.762,299.909,250.5,250.5,-0.033,-0.084,0,0,66,1,0,0,0,0,0,0,163.437,22.297,-1.25,-2.165,299.741,209.049,-0.773,-2.378,0,0,0,0,254.273,15.455,234,-291,-0.154,-0.861,-0.029,-0.04,50,0,0,0,0,0,0,0,0,0,0,0,0,5926

Main.js:462 328.73,299.829,249,249,-0.031,-0.08,0,0,65,1,0,0,0,0,0,0,162.187,20.132,-1.25,-2.165,298.969,206.671,-0.773,-2.378,0,0,0,0,254.273,15.455,232.5,-294,-0.175,-0.856,-0.03,-0.04,49,0,0,0,0,0,0,0,0,0,0,0,0,5942

Main.js:462 328.701,299.753,247.5,247.5,-0.03,-0.076,0,0,64,1,0,0,0,0,0,0,160.937,17.967,-1.25,-2.165,298.196,204.294,-0.773,-2.378,0,0,0,0,254.273,15.455,231,-297,-0.196,-0.85,-0.031,-0.039,48,0,0,0,0,0,0,0,0,0,0,0,0,5959

Main.js:462 328.672,299.68,246,246,-0.028,-0.072,0,0,63,1,0,0,0,0,0,0,159.687,15.802,-1.25,-2.165,297.424,201.916,-0.773,-2.378,0,0,0,0,254.273,15.455,229.5,-300,-0.217,-0.843,-0.032,-0.038,47,0,0,0,0,0,0,0,0,0,0,0,0,5976

Main.js:462 328.645,299.612,244.5,244.5,-0.027,-0.069,0,0,62,1,0,0,0,0,0,0,158.437,13.637,-1.25,-2.165,296.651,199.539,-0.773,-2.378,0,0,0,0,254.273,15.455,228,-303,-0.238,-0.836,-0.033,-0.037,46,0,0,0,0,0,0,0,0,0,0,0,0,5992

Main.js:462 328.598,299.504,243,243,-0.047,-0.108,-0.023,-0.045,61,1,0,1,0,0,0,0,157.187,11.471,-1.25,-2.165,295.879,197.161,-0.773,-2.378,0,0,0,0,254.273,15.455,226.5,-306,-0.259,-0.829,-0.034,-0.036,45,0,0,0,0,0,0,0,0,0,0,0,0,6009

Main.js:462 328.531,299.36,241.5,241.5,-0.067,-0.144,-0.024,-0.044,60,1,0,1,0,0,0,0,155.937,9.306,-1.25,-2.165,295.106,194.783,-0.773,-2.378,0,0,0,0,254.273,15.455,228,-306,-0.278,-0.823,-0.033,-0.037,44,0,0,0,0,0,0,0,0,0,0,0,0,6026

Main.js:462 328.443,299.182,240,240,-0.088,-0.178,-0.025,-0.043,59,1,0,1,0,0,0,0,154.687,7.141,-1.25,-2.165,294.333,192.406,-0.773,-2.378,0,0,0,0,254.273,15.455,229.5,-306,-0.295,-0.818,-0.032,-0.038,43,0,0,0,0,0,0,0,0,0,0,0,0,6044

Main.js:462 328.335,298.972,238.5,238.5,-0.108,-0.21,-0.026,-0.043,58,1,0,1,0,0,0,0,153.437,4.976,-1.25,-2.165,293.561,190.028,-0.773,-2.378,0,0,0,0,254.273,15.455,231,-306,-0.31,-0.814,-0.031,-0.039,42,0,0,0,0,0,0,0,0,0,0,0,0,6060

Main.js:462 328.206,298.733,237,237,-0.129,-0.239,-0.027,-0.042,57,1,0,1,0,0,0,0,152.187,2.811,-1.25,-2.165,292.788,187.65,-0.773,-2.378,0,0,0,0,254.273,15.455,232.5,-306,-0.323,-0.811,-0.03,-0.04,41,0,0,0,0,0,0,0,0,0,0,0,0,6077

Main.js:462 328.057,298.467,235.5,235.5,-0.149,-0.266,-0.028,-0.041,56,1,0,1,0,0,0,0,150.937,0.646,-1.25,-2.165,292.016,185.273,-0.773,-2.378,0,0,0,0,254.273,15.455,234,-306,-0.335,-0.809,-0.029,-0.04,40,0,0,0,0,0,0,0,0,0,0,0,0,6092

Main.js:462 327.887,298.176,234,234,-0.17,-0.291,-0.029,-0.04,55,1,0,1,0,0,0,0,292.016,185.273,-0.773,-2.378,0,0,0,0,0,0,0,0,254.273,15.455,235.5,-306,-0.345,-0.808,-0.028,-0.041,39,0,0,0,0,0,0,0,0,0,0,0,0,6109

Main.js:462 327.697,297.862,232.5,232.5,-0.19,-0.314,-0.03,-0.04,54,1,0,1,0,0,0,0,291.243,182.895,-0.773,-2.378,0,0,0,0,0,0,0,0,254.273,15.455,237,-306,-0.354,-0.807,-0.027,-0.042,38,0,0,0,0,0,0,0,0,0,0,0,0,6126

Main.js:462 327.487,297.526,231,231,-0.21,-0.336,-0.031,-0.039,53,1,0,1,0,0,0,0,290.471,180.517,-0.773,-2.378,0,0,0,0,0,0,0,0,254.273,15.455,238.5,-306,-0.361,-0.807,-0.026,-0.043,37,0,0,0,0,0,0,0,0,0,0,0,0,6142

Main.js:462 327.256,297.171,229.5,229.5,-0.231,-0.355,-0.032,-0.038,52,1,0,1,0,0,0,0,289.698,178.14,-0.773,-2.378,0,0,0,0,0,0,0,0,254.273,15.455,240,-306,-0.367,-0.808,-0.025,-0.043,36,0,0,0,0,0,0,0,0,0,0,0,0,6160

Main.js:462 327.005,296.799,228,228,-0.251,-0.372,-0.033,-0.037,51,1,0,1,0,0,0,0,288.926,175.762,-0.773,-2.378,0,0,0,0,0,0,0,0,254.273,15.455,241.5,-306,-0.371,-0.809,-0.024,-0.044,35,0,0,0,0,0,0,0,0,0,0,0,0,6177

Main.js:462 326.734,296.41,226.5,226.5,-0.271,-0.388,-0.034,-0.036,50,1,0,1,0,0,0,0,288.153,173.384,-0.773,-2.378,0,0,0,0,0,0,0,0,254.273,15.455,243,-306,-0.374,-0.811,-0.023,-0.045,34,0,0,0,0,0,0,0,0,0,0,0,0,6194

Main.js:462 326.442,296.008,225,225,-0.291,-0.402,-0.035,-0.035,49,1,0,1,0,0,0,0,287.381,171.007,-0.773,-2.378,0,0,0,0,0,0,0,0,254.273,15.455,244.5,-306,-0.376,-0.813,-0.022,-0.045,33,0,0,0,0,0,0,0,0,0,0,0,0,6209

Main.js:462 326.131,295.593,223.5,223.5,-0.311,-0.415,-0.036,-0.034,48,1,0,1,0,0,0,0,286.608,168.629,-0.773,-2.378,0,0,0,0,0,0,0,0,254.273,15.455,246,-306,-0.376,-0.816,-0.02,-0.046,32,0,0,0,0,0,0,0,0,0,0,0,0,6226

Main.js:462 325.801,295.167,222,222,-0.331,-0.426,-0.037,-0.033,47,1,0,1,0,0,0,0,285.835,166.252,-0.773,-2.378,0,0,0,0,0,0,0,0,254.273,15.455,247.5,-306,-0.376,-0.819,-0.019,-0.046,31,0,0,0,0,0,0,0,0,0,0,0,0,6243

Main.js:462 325.45,294.731,220.5,220.5,-0.35,-0.436,-0.038,-0.032,46,1,0,1,0,0,0,0,285.063,163.874,-0.773,-2.378,0,0,0,0,0,0,0,0,254.273,15.455,249,-306,-0.374,-0.823,-0.018,-0.047,30,0,0,0,0,0,0,0,0,0,0,0,0,6259

Main.js:462 325.08,294.287,219,219,-0.37,-0.444,-0.039,-0.031,45,1,0,1,0,0,0,0,284.29,161.496,-0.773,-2.378,0,0,0,0,0,0,0,0,254.273,15.455,250.5,-306,-0.371,-0.826,-0.017,-0.047,29,0,0,0,0,0,0,0,0,0,0,0,0,6276

Main.js:462 324.691,293.837,217.5,217.5,-0.389,-0.45,-0.04,-0.03,44,1,0,1,0,0,0,0,283.518,159.119,-0.773,-2.378,0,0,0,0,0,0,0,0,254.273,15.455,252,-306,-0.367,-0.83,-0.015,-0.048,28,0,0,0,0,0,0,0,0,0,0,0,0,6293

Main.js:462 324.283,293.381,216,216,-0.408,-0.456,-0.04,-0.029,43,1,0,1,0,0,0,0,282.745,156.741,-0.773,-2.378,0,0,0,0,0,0,0,0,254.273,15.455,253.5,-306,-0.362,-0.834,-0.014,-0.048,27,0,0,0,0,0,0,0,0,0,0,0,0,6308

Main.js:462 323.857,292.921,214.5,214.5,-0.427,-0.46,-0.041,-0.028,42,1,0,1,0,0,0,0,281.973,154.363,-0.773,-2.378,0,0,0,0,0,0,0,0,254.273,15.455,255,-306,-0.356,-0.838,-0.013,-0.048,26,0,0,0,0,0,0,0,0,0,0,0,0,6327

Main.js:462 323.411,292.458,213,213,-0.445,-0.463,-0.042,-0.027,41,1,0,1,0,0,0,0,281.2,151.986,-0.773,-2.378,0,0,0,0,0,0,0,0,254.273,15.455,256.5,-306,-0.35,-0.843,-0.012,-0.049,25,0,0,0,0,0,0,0,0,0,0,0,0,6343

Main.js:462 322.948,291.994,211.5,211.5,-0.463,-0.465,-0.043,-0.026,40,1,0,1,0,0,0,0,280.428,149.608,-0.773,-2.378,0,0,0,0,0,0,0,0,254.273,15.455,258,-306,-0.342,-0.847,-0.01,-0.049,24,0,0,0,0,0,0,0,0,0,0,0,0,6359

Main.js:462 322.466,291.529,210,210,-0.481,-0.465,-0.043,-0.025,39,1,0,1,0,0,0,0,279.655,147.23,-0.773,-2.378,0,0,0,0,0,0,0,0,254.273,15.455,259.5,-306,-0.334,-0.851,-0.009,-0.049,23,0,0,0,0,0,0,0,0,0,0,0,0,6376

Main.js:462 321.967,291.064,208.5,208.5,-0.499,-0.464,-0.044,-0.024,38,1,0,1,0,0,0,0,278.883,144.853,-0.773,-2.378,0,0,0,0,0,0,0,0,254.273,15.455,261,-306,-0.324,-0.856,-0.008,-0.049,22,0,0,0,0,0,0,0,0,0,0,0,0,6393

Main.js:462 321.451,290.602,207,207,-0.516,-0.463,-0.045,-0.023,37,1,0,1,0,0,0,0,278.11,142.475,-0.773,-2.378,0,0,0,0,0,0,0,0,254.273,15.455,262.5,-306,-0.314,-0.86,-0.007,-0.05,21,0,0,0,0,0,0,0,0,0,0,0,0,6410

Main.js:462 320.917,290.141,205.5,205.5,-0.534,-0.46,-0.045,-0.022,36,1,0,1,0,0,0,0,277.337,140.098,-0.773,-2.378,0,0,0,0,0,0,0,0,254.273,15.455,264,-306,-0.304,-0.864,-0.005,-0.05,20,0,0,0,0,0,0,0,0,0,0,0,0,6427

Main.js:462 320.367,289.685,204,204,-0.55,-0.456,-0.046,-0.02,35,1,0,1,0,0,0,0,276.565,137.72,-0.773,-2.378,0,0,0,0,0,0,0,0,254.273,15.455,265.5,-306,-0.292,-0.868,-0.004,-0.05,19,0,0,0,0,0,0,0,0,0,0,0,0,6443

Main.js:462 319.8,289.233,202.5,202.5,-0.567,-0.452,-0.046,-0.019,34,1,0,1,0,0,0,0,275.792,135.342,-0.773,-2.378,0,0,0,0,0,0,0,0,254.273,15.455,267,-306,-0.28,-0.872,-0.003,-0.05,18,0,0,0,0,0,0,0,0,0,0,0,0,6459

Main.js:462 319.218,288.787,201,201,-0.583,-0.446,-0.047,-0.018,33,1,0,1,0,0,0,0,275.02,132.965,-0.773,-2.378,0,0,0,0,0,0,0,0,254.273,15.455,268.5,-306,-0.267,-0.876,-0.001,-0.05,17,0,0,0,0,0,0,0,0,0,0,0,0,6476

Main.js:462 318.62,288.347,199.5,199.5,-0.598,-0.44,-0.047,-0.017,32,1,0,1,0,0,0,0,274.247,130.587,-0.773,-2.378,0,0,0,0,0,0,0,0,254.273,15.455,270,-306,-0.254,-0.88,0,-0.05,16,0,0,0,0,0,0,0,0,0,0,0,0,6492

Main.js:462 318.006,287.915,198,198,-0.614,-0.432,-0.048,-0.015,31,1,0,1,0,0,0,0,273.475,128.209,-0.773,-2.378,0,0,0,0,0,0,0,0,254.273,15.455,271.5,-306,-0.24,-0.883,0.001,-0.05,15,0,0,0,0,0,0,0,0,0,0,0,0,6509

Main.js:462 317.378,287.491,196.5,196.5,-0.628,-0.424,-0.048,-0.014,30,1,0,1,0,0,0,0,272.702,125.832,-0.773,-2.378,0,0,0,0,0,0,0,0,254.273,15.455,271.5,-307.5,-0.227,-0.887,0.001,-0.05,14,0,0,0,0,0,0,0,0,0,0,0,0,6525

Main.js:462 316.735,287.075,195,195,-0.643,-0.415,-0.048,-0.013,29,1,0,1,0,0,0,0,271.93,123.454,-0.773,-2.378,0,0,0,0,0,0,0,0,254.273,15.455,271.5,-309,-0.214,-0.89,0.001,-0.05,13,0,0,0,0,0,0,0,0,0,0,0,0,6543

Main.js:462 316.078,286.669,193.5,193.5,-0.657,-0.406,-0.049,-0.012,28,1,0,1,0,0,0,0,271.157,121.076,-0.773,-2.378,0,0,0,0,0,0,0,0,254.273,15.455,271.5,-310.5,-0.202,-0.893,0.001,-0.05,12,0,0,0,0,0,0,0,0,0,0,0,0,6559

Main.js:462 315.407,286.274,192,192,-0.671,-0.395,-0.049,-0.01,27,1,0,1,0,0,0,0,270.385,118.699,-0.773,-2.378,0,0,0,0,0,0,0,0,254.273,15.455,271.5,-312,-0.191,-0.896,0.001,-0.05,11,0,0,0,0,0,0,0,0,0,0,0,0,6576

Main.js:462 314.724,285.89,190.5,190.5,-0.684,-0.384,-0.049,-0.009,26,1,0,1,0,0,0,0,269.612,116.321,-0.773,-2.378,0,0,0,0,0,0,0,0,254.273,15.455,271.5,-313.5,-0.18,-0.898,0.001,-0.05,10,0,0,0,0,0,0,0,0,0,0,0,0,6592

Main.js:462 314.027,285.518,189,189,-0.696,-0.372,-0.049,-0.008,25,1,0,1,0,0,0,0,268.84,113.943,-0.773,-2.378,0,0,0,0,0,0,0,0,254.273,15.455,271.5,-315,-0.17,-0.901,0.001,-0.05,9,0,0,0,0,0,0,0,0,0,0,0,0,6608

Main.js:462 313.319,285.156,189,189,-0.709,-0.361,-0.049,-0.008,24,0,0,1,0,0,0,0,268.067,111.566,-0.773,-2.378,0,0,0,0,0,0,0,0,254.273,15.455,271.5,-316.5,-0.16,-0.903,0.001,-0.05,8,0,0,0,0,0,0,0,0,0,0,0,0,6626

Main.js:462 312.599,284.806,189,189,-0.72,-0.351,-0.049,-0.008,23,0,0,1,0,0,0,0,267.294,109.188,-0.773,-2.378,0,0,0,0,0,0,0,0,254.273,15.455,271.5,-318,-0.151,-0.906,0.001,-0.05,7,0,0,0,0,0,0,0,0,0,0,0,0,6644

Main.js:462 311.868,284.465,189,189,-0.731,-0.34,-0.049,-0.008,22,0,0,1,0,0,0,0,266.522,106.811,-0.773,-2.378,0,0,0,0,0,0,0,0,254.273,15.455,271.5,-319.5,-0.142,-0.908,0.001,-0.05,6,0,0,0,0,0,0,0,0,0,0,0,0,6706

Main.js:462 311.126,284.134,189,189,-0.741,-0.331,-0.049,-0.008,21,0,0,1,0,0,0,0,265.749,104.433,-0.773,-2.378,0,0,0,0,0,0,0,0,254.273,15.455,271.5,-321,-0.134,-0.91,0.001,-0.05,5,0,0,0,0,0,0,0,0,0,0,0,0,6725

Main.js:462 310.375,283.813,189,189,-0.751,-0.322,-0.049,-0.008,20,0,0,1,0,0,0,0,264.977,102.055,-0.773,-2.378,0,0,0,0,0,0,0,0,254.273,15.455,271.5,-322.5,-0.126,-0.912,0.001,-0.05,4,0,0,0,0,0,0,0,0,0,0,0,0,6742

Main.js:462 309.615,283.499,189,189,-0.761,-0.313,-0.049,-0.008,19,0,0,1,0,0,0,0,264.204,99.678,-0.773,-2.378,0,0,0,0,0,0,0,0,254.273,15.455,271.5,-324,-0.118,-0.914,0.001,-0.05,3,0,0,0,0,0,0,0,0,0,0,0,0,6759

Main.js:462 308.845,283.194,189,189,-0.769,-0.305,-0.049,-0.008,18,0,0,1,0,0,0,0,263.432,97.3,-0.773,-2.378,0,0,0,0,0,0,0,0,254.273,15.455,271.5,-325.5,-0.111,-0.916,0.001,-0.05,2,0,0,0,0,0,0,0,0,0,0,0,0,6776

Main.js:462 308.068,282.897,189,189,-0.778,-0.297,-0.049,-0.008,17,0,0,1,0,0,0,0,262.659,94.922,-0.773,-2.378,0,0,0,0,0,0,0,0,254.273,15.455,271.5,-327,-0.104,-0.917,0.001,-0.05,1,0,0,0,0,0,0,0,0,0,0,0,0,6793

Main.js:462 307.282,282.608,189,189,-0.786,-0.29,-0.049,-0.008,16,0,0,1,0,0,0,0,261.887,92.545,-0.773,-2.378,0,0,0,0,0,0,0,0,254.273,15.455,271.5,-328.5,-0.098,-0.919,0.001,-0.05,0,0,0,0,0,0,0,0,0,0,0,0,0,6809

Main.js:462 306.488,282.325,189,189,-0.793,-0.283,-0.049,-0.008,15,0,0,1,0,0,0,0,261.114,90.167,-0.773,-2.378,0,0,0,0,0,0,0,0,254.273,15.455,271.5,-330,-0.092,-0.921,0.001,-0.05,99,0,0,0,0,0,0,0,0,0,0,0,0,6826

Main.js:462 305.688,282.049,189,189,-0.801,-0.276,-0.049,-0.008,14,0,0,1,0,0,0,0,260.342,87.789,-0.773,-2.378,0,0,0,0,0,0,0,0,254.273,15.455,271.5,-331.5,-0.086,-0.922,0.001,-0.05,98,274.624,27.205,2.165,1.25,0,0,0,0,0,0,0,0,6843

Main.js:462 304.88,281.78,189,189,-0.808,-0.27,-0.049,-0.008,13,0,0,1,0,0,0,0,259.569,85.412,-0.773,-2.378,0,0,0,0,0,0,0,0,254.273,15.455,271.5,-333,-0.08,-0.923,0.001,-0.05,97,276.789,28.455,2.165,1.25,0,0,0,0,0,0,0,0,6860

Main.js:462 304.066,281.516,189,189,-0.814,-0.263,-0.049,-0.008,12,0,0,1,0,0,0,0,258.796,83.034,-0.773,-2.378,0,0,0,0,0,0,0,0,254.273,15.455,271.5,-334.5,-0.075,-0.925,0.001,-0.05,96,278.954,29.705,2.165,1.25,0,0,0,0,0,0,0,0,6876

Main.js:462 303.245,281.258,189,189,-0.82,-0.258,-0.049,-0.008,11,0,0,1,0,0,0,0,258.024,80.656,-0.773,-2.378,0,0,0,0,0,0,0,0,254.273,15.455,271.5,-336,-0.07,-0.926,0.001,-0.05,95,281.119,30.955,2.165,1.25,0,0,0,0,0,0,0,0,6892

Main.js:462 302.419,281.005,190.5,190.5,-0.826,-0.254,-0.049,-0.009,10,0,1,1,0,0,0,0,257.251,78.279,-0.773,-2.378,0,0,0,0,0,0,0,0,254.273,15.455,271.5,-337.5,-0.065,-0.927,0.001,-0.05,94,283.285,32.205,2.165,1.25,0,0,0,0,0,0,0,0,6910

Main.js:462 301.588,280.754,192,192,-0.831,-0.251,-0.049,-0.01,9,0,1,1,0,0,0,0,256.479,75.901,-0.773,-2.378,0,0,0,0,0,0,0,0,254.273,15.455,271.5,-339,-0.061,-0.928,0.001,-0.05,93,285.45,33.455,2.165,1.25,0,0,0,0,0,0,0,0,6926

Main.js:462 300.752,280.505,193.5,193.5,-0.836,-0.249,-0.049,-0.012,8,0,1,1,0,0,0,0,255.706,73.524,-0.773,-2.378,0,0,0,0,0,0,0,0,254.273,15.455,271.5,-340.5,-0.057,-0.929,0.001,-0.05,92,287.615,34.705,2.165,1.25,0,0,0,0,0,0,0,0,6943

Main.js:462 299.958,280.268,195,195,-0.794,-0.237,0,0,7,0,1,0,0,0,0,0,254.934,71.146,-0.773,-2.378,0,0,0,0,0,0,0,0,254.273,15.455,271.5,-342,-0.052,-0.93,0.001,-0.05,91,289.78,35.955,2.165,1.25,0,0,0,0,0,0,0,0,6961

Main.js:462 299.204,280.043,196.5,196.5,-0.754,-0.225,0,0,6,0,1,0,0,0,0,0,254.161,68.768,-0.773,-2.378,0,0,0,0,0,0,0,0,254.273,15.455,271.5,-343.5,-0.049,-0.931,0.001,-0.05,90,291.945,37.205,2.165,1.25,0,0,0,0,0,0,0,0,6976

Main.js:462 298.487,279.829,198,198,-0.717,-0.214,0,0,5,0,1,0,0,0,0,0,253.389,66.391,-0.773,-2.378,0,0,0,0,0,0,0,0,254.273,15.455,271.5,-345,-0.045,-0.932,0.001,-0.05,89,294.11,38.455,2.165,1.25,0,0,0,0,0,0,0,0,7006

Main.js:462 297.807,279.626,199.5,199.5,-0.681,-0.203,0,0,4,0,1,0,0,0,0,0,252.616,64.013,-0.773,-2.378,0,0,0,0,0,0,0,0,254.273,15.455,270,-348,-0.043,-0.933,0,-0.05,88,296.275,39.705,2.165,1.25,0,0,0,0,0,0,0,0,7026

Main.js:462 297.16,279.433,201,201,-0.647,-0.193,0,0,3,0,1,0,0,0,0,0,251.844,61.635,-0.773,-2.378,0,0,0,0,0,0,0,0,254.273,15.455,268.5,-351,-0.042,-0.934,-0.001,-0.05,87,298.44,40.955,2.165,1.25,0,0,0,0,0,0,0,0,7041

Main.js:462 296.545,279.25,202.5,202.5,-0.614,-0.183,0,0,2,0,1,0,0,0,0,0,251.071,59.258,-0.773,-2.378,0,0,0,0,0,0,0,0,254.273,15.455,267,-354,-0.042,-0.935,-0.003,-0.05,86,300.605,42.205,2.165,1.25,0,0,0,0,0,0,0,0,7059

Main.js:462 295.962,279.076,204,204,-0.584,-0.174,0,0,1,0,1,0,0,0,0,0,250.299,56.88,-0.773,-2.378,0,0,0,0,0,0,0,0,254.273,15.455,265.5,-357,-0.044,-0.935,-0.004,-0.05,85,302.77,43.455,2.165,1.25,0,0,0,0,0,0,0,0,7075

Main.js:462 295.407,278.911,205.5,205.5,-0.555,-0.165,0,0,0,0,1,0,0,0,0,0,249.526,54.502,-0.773,-2.378,0,0,0,0,0,0,0,0,254.273,15.455,264,0,-0.047,-0.936,-0.005,-0.05,84,304.935,44.705,2.165,1.25,0,0,0,0,0,0,0,0,7092

Main.js:462 294.881,278.754,207,207,-0.527,-0.157,0,0,0,0,1,0,0,0,0,0,248.753,52.125,-0.773,-2.378,0,0,0,0,0,0,0,0,254.273,15.455,262.5,-3,-0.05,-0.936,-0.007,-0.05,83,307.1,45.955,2.165,1.25,0,0,0,0,0,0,0,0,7110

Main.js:462 294.38,278.604,208.5,208.5,-0.5,-0.149,0,0,0,0,1,0,0,0,0,0,247.981,49.747,-0.773,-2.378,0,0,0,0,0,0,0,0,254.273,15.455,261,-6,-0.055,-0.936,-0.008,-0.049,82,309.265,47.205,2.165,1.25,0,0,0,0,0,0,0,0,7126

Main.js:462 293.905,278.463,210,210,-0.475,-0.142,0,0,0,0,1,0,0,0,0,0,247.208,47.369,-0.773,-2.378,0,0,0,0,0,0,0,0,254.273,15.455,259.5,-9,-0.061,-0.936,-0.009,-0.049,81,311.43,48.455,2.165,1.25,0,0,0,0,0,0,0,0,7143

Main.js:462 293.453,278.328,211.5,211.5,-0.452,-0.135,0,0,0,0,1,0,0,0,0,0,246.436,44.992,-0.773,-2.378,0,0,0,0,0,0,0,0,254.273,15.455,258,-12,-0.068,-0.936,-0.01,-0.049,80,313.595,49.705,2.165,1.25,0,0,0,0,0,0,0,0,7160

Main.js:462 293.024,278.2,213,213,-0.429,-0.128,0,0,0,0,1,0,0,0,0,0,245.663,42.614,-0.773,-2.378,0,0,0,0,0,0,0,0,254.273,15.455,256.5,-15,-0.076,-0.935,-0.012,-0.049,79,315.76,50.955,2.165,1.25,0,0,0,0,0,0,0,0,7176

Main.js:462 292.616,278.078,214.5,214.5,-0.408,-0.122,0,0,0,0,1,0,0,0,0,0,244.891,40.237,-0.773,-2.378,0,0,0,0,0,0,0,0,254.273,15.455,255,-18,-0.084,-0.934,-0.013,-0.048,78,317.926,52.205,2.165,1.25,0,0,0,0,0,0,0,0,7193

Main.js:462 292.229,277.963,216,216,-0.387,-0.115,0,0,0,0,1,0,0,0,0,0,244.118,37.859,-0.773,-2.378,0,0,0,0,0,0,0,0,254.273,15.455,253.5,-21,-0.094,-0.933,-0.014,-0.048,77,320.091,53.455,2.165,1.25,0,0,0,0,0,0,0,0,7211

Main.js:462 291.861,277.853,217.5,217.5,-0.368,-0.11,0,0,0,0,1,0,0,0,0,0,243.346,35.481,-0.773,-2.378,0,0,0,0,0,0,0,0,254.273,15.455,252,-24,-0.104,-0.932,-0.015,-0.048,76,322.256,54.705,2.165,1.25,0,0,0,0,0,0,0,0,7226

Main.js:462 291.512,277.749,219,219,-0.349,-0.104,0,0,0,0,1,0,0,0,0,0,242.573,33.104,-0.773,-2.378,0,0,0,0,0,0,0,0,254.273,15.455,250.5,-27,-0.114,-0.93,-0.017,-0.047,75,324.421,55.955,2.165,1.25,0,0,0,0,0,0,0,0,7243

Main.js:462 291.18,277.65,220.5,220.5,-0.332,-0.099,0,0,0,0,1,0,0,0,0,0,241.801,30.726,-0.773,-2.378,0,0,0,0,0,0,0,0,254.273,15.455,249,-30,-0.126,-0.928,-0.018,-0.047,74,326.586,57.205,2.165,1.25,0,0,0,0,0,0,0,0,7259

Main.js:462 290.864,277.556,222,222,-0.315,-0.094,0,0,0,0,1,0,0,0,0,0,241.801,30.726,-0.773,-2.378,0,0,0,0,0,0,0,0,254.273,15.455,247.5,-33,-0.137,-0.925,-0.019,-0.046,73,326.586,57.205,2.165,1.25,0,0,0,0,0,0,0,0,7277

