Main.js:143 myTank.x,myTank.y,myTank.rotation,myTank.cannonRotation,myTank.velocityX,myTank.velocityY,myTank.accelerationX,myTank.accelerationY,myTank.shootCooldown,myTank.controls.turnLeft,myTank.controls.turnRight,myTank.controls.goForward,myTank.controls.goBack,myTank.controls.shoot,myTank.controls.cannonLeft,myTank.controls.cannonRight,myBullet1.x,myBullet1.y,myBullet1.velocityX,myBullet1.velocityY,myBullet2.x,myBullet2.y,myBullet2.velocityX,myBullet2.velocityY,myBullet3.x,myBullet3.y,myBullet3.velocityX,myBullet3.velocityY,enemyTank.x,enemyTank.y,enemyTank.rotation,enemyTank.cannonRotation,enemyTank.velocityX,enemyTank.velocityY,enemyTank.accelerationX,enemyTank.accelerationY,enemyTank.shootCooldown,enemyBullet1.x,enemyBullet1.y,enemyBullet1.velocityX,enemyBullet1.velocityY,enemyBullet2.x,enemyBullet2.y,enemyBullet2.velocityX,enemyBullet2.velocityY,enemyBullet3.x,enemyBullet3.y,enemyBullet3.velocityX,enemyBullet3.velocityY,currentGameTime
Main.js:462 50,174,0,0,0,0,0,0,0,0,0,0,0,0,0,0,0,0,0,0,0,0,0,0,0,0,0,0,450,326,180,180,0,0,0,0,0,0,0,0,0,0,0,0,0,0,0,0,0,7

Main.js:462 50,174,0,0,0,0,0,0,0,0,0,0,0,0,0,0,0,0,0,0,0,0,0,0,0,0,0,0,450,326,180,180,0,0,0,0,0,0,0,0,0,0,0,0,0,0,0,0,0,22

Main.js:462 50,174,0,0,0,0,0,0,0,0,0,0,0,0,0,0,0,0,0,0,0,0,0,0,0,0,0,0,449.953,325.999,181.5,180,-0.047,-0.001,-0.05,-0.001,99,0,0,0,0,0,0,0,0,0,0,0,0,38

Main.js:462 50,174,0,0,0,0,0,0,0,0,0,0,0,0,0,0,0,0,0,0,0,0,0,0,0,0,0,0,449.86,325.995,183,180,-0.093,-0.004,-0.05,-0.003,98,426.5,326,-2.5,0,0,0,0,0,0,0,0,0,54

Main.js:462 50,174,0,0,0,0,0,0,0,0,0,0,0,0,0,0,0,0,0,0,0,0,0,0,0,0,0,0,449.725,325.988,184.5,180,-0.135,-0.007,-0.05,-0.004,97,424,326,-2.5,0,0,0,0,0,0,0,0,0,72

Main.js:462 50,174,0,0,0,0,0,0,0,0,0,0,0,0,0,0,0,0,0,0,0,0,0,0,0,0,0,0,449.549,325.976,186,180,-0.176,-0.012,-0.05,-0.005,96,421.5,326,-2.5,0,0,0,0,0,0,0,0,0,89

Main.js:462 50.048,174,0,0,0.048,0,0.05,0,0,0,0,1,0,0,0,0,0,0,0,0,0,0,0,0,0,0,0,0,449.335,325.959,187.5,180,-0.214,-0.017,-0.05,-0.007,95,419,326,-2.5,0,0,0,0,0,0,0,0,0,106

Main.js:462 50.14,174,0,0,0.093,0,0.05,0,0,0,0,1,0,0,0,0,0,0,0,0,0,0,0,0,0,0,0,0,449.085,325.935,189,180,-0.25,-0.024,-0.049,-0.008,94,416.5,326,-2.5,0,0,0,0,0,0,0,0,0,123

Main.js:462 50.276,174,0,0,0.135,0,0.05,0,0,0,0,1,0,0,0,0,0,0,0,0,0,0,0,0,0,0,0,0,448.8,325.903,190.5,180,-0.284,-0.031,-0.049,-0.009,93,414,326,-2.5,0,0,0,0,0,0,0,0,0,140

Main.js:462 50.452,174,0,0,0.176,0,0.05,0,0,0,0,1,0,0,0,0,0,0,0,0,0,0,0,0,0,0,0,0,448.483,325.863,192,180,-0.317,-0.04,-0.049,-0.01,92,411.5,326,-2.5,0,0,0,0,0,0,0,0,0,156

Main.js:462 50.667,174,0,0,0.215,0,0.05,0,0,0,0,1,0,0,0,0,0,0,0,0,0,0,0,0,0,0,0,0,448.136,325.815,193.5,180,-0.347,-0.049,-0.049,-0.012,91,409,326,-2.5,0,0,0,0,0,0,0,0,0,171

Main.js:462 50.918,174,0,0,0.252,0,0.05,0,0,0,0,1,0,0,0,0,0,0,0,0,0,0,0,0,0,0,0,0,447.761,325.756,195,180,-0.376,-0.059,-0.048,-0.013,90,406.5,326,-2.5,0,0,0,0,0,0,0,0,0,190

Main.js:462 51.205,174,0,0,0.287,0,0.05,0,0,0,0,1,0,0,0,0,0,0,0,0,0,0,0,0,0,0,0,0,447.359,325.687,196.5,180,-0.402,-0.069,-0.048,-0.014,89,404,326,-2.5,0,0,0,0,0,0,0,0,0,206

Main.js:462 51.525,174,0,0,0.32,0,0.05,0,0,0,0,1,0,0,0,0,0,0,0,0,0,0,0,0,0,0,0,0,446.931,325.606,198,180,-0.427,-0.08,-0.048,-0.015,88,401.5,326,-2.5,0,0,0,0,0,0,0,0,0,222

Main.js:462 51.876,174,0,0,0.351,0,0.05,0,0,0,0,1,0,0,0,0,0,0,0,0,0,0,0,0,0,0,0,0,446.48,325.514,199.5,180,-0.451,-0.092,-0.047,-0.017,87,399,326,-2.5,0,0,0,0,0,0,0,0,0,240

Main.js:462 52.257,174,0,0,0.381,0,0.05,0,0,0,0,1,0,0,0,0,0,0,0,0,0,0,0,0,0,0,0,0,446.008,325.409,201,180,-0.473,-0.105,-0.047,-0.018,86,396.5,326,-2.5,0,0,0,0,0,0,0,0,0,256

Main.js:462 52.667,174,0,0,0.41,0,0.05,0,0,0,0,1,0,0,0,0,0,0,0,0,0,0,0,0,0,0,0,0,445.515,325.292,202.5,180,-0.493,-0.118,-0.046,-0.019,85,394,326,-2.5,0,0,0,0,0,0,0,0,0,273

Main.js:462 53.103,174,0,0,0.437,0,0.05,0,0,0,0,1,0,0,0,0,0,0,0,0,0,0,0,0,0,0,0,0,445.003,325.16,204,180,-0.512,-0.131,-0.046,-0.02,84,391.5,326,-2.5,0,0,0,0,0,0,0,0,0,290

Main.js:462 53.566,174,0,0,0.462,0,0.05,0,0,0,0,1,0,0,0,0,0,0,0,0,0,0,0,0,0,0,0,0,444.474,325.015,205.5,180,-0.529,-0.145,-0.045,-0.022,83,389,326,-2.5,0,0,0,0,0,0,0,0,0,306

Main.js:462 54.053,174.001,1.5,1.5,0.487,0.001,0.05,0.001,0,0,1,1,0,0,0,0,0,0,0,0,0,0,0,0,0,0,0,0,443.93,324.856,207,180,-0.545,-0.159,-0.045,-0.023,82,386.5,326,-2.5,0,0,0,0,0,0,0,0,0,323

Main.js:462 54.562,174.005,3,3,0.51,0.004,0.05,0.003,0,0,1,1,0,0,0,0,0,0,0,0,0,0,0,0,0,0,0,0,443.37,324.682,208.5,180,-0.559,-0.174,-0.044,-0.024,81,384,326,-2.5,0,0,0,0,0,0,0,0,0,339

Main.js:462 55.094,174.012,4.5,4.5,0.532,0.007,0.05,0.004,0,0,1,1,0,0,0,0,0,0,0,0,0,0,0,0,0,0,0,0,442.798,324.493,210,180,-0.572,-0.189,-0.043,-0.025,80,381.5,326,-2.5,0,0,0,0,0,0,0,0,0,355

Main.js:462 55.646,174.024,6,6,0.552,0.012,0.05,0.005,0,0,1,1,0,0,0,0,0,0,0,0,0,0,0,0,0,0,0,0,442.213,324.289,211.5,180,-0.584,-0.204,-0.043,-0.026,79,379,326,-2.5,0,0,0,0,0,0,0,0,0,372

Main.js:462 56.218,174.041,7.5,7.5,0.572,0.017,0.05,0.007,0,0,1,1,0,0,0,0,0,0,0,0,0,0,0,0,0,0,0,0,441.618,324.069,213,180,-0.595,-0.22,-0.042,-0.027,78,376.5,326,-2.5,0,0,0,0,0,0,0,0,0,389

Main.js:462 56.808,174.065,9,9,0.59,0.024,0.049,0.008,0,0,1,1,0,0,0,0,0,0,0,0,0,0,0,0,0,0,0,0,441.014,323.833,214.5,180,-0.604,-0.236,-0.041,-0.028,77,374,326,-2.5,0,0,0,0,0,0,0,0,0,406

Main.js:462 57.416,174.097,10.5,10.5,0.607,0.031,0.049,0.009,0,0,1,1,0,0,0,0,0,0,0,0,0,0,0,0,0,0,0,0,440.402,323.581,216,180,-0.613,-0.252,-0.04,-0.029,76,371.5,326,-2.5,0,0,0,0,0,0,0,0,0,421

Main.js:462 58.039,174.137,12,12,0.623,0.04,0.049,0.01,0,0,1,1,0,0,0,0,0,0,0,0,0,0,0,0,0,0,0,0,439.782,323.312,217.5,180,-0.62,-0.268,-0.04,-0.03,75,369,326,-2.5,0,0,0,0,0,0,0,0,0,439

Main.js:462 58.677,174.185,13.5,13.5,0.638,0.049,0.049,0.012,0,0,1,1,0,0,0,0,0,0,0,0,0,0,0,0,0,0,0,0,439.156,323.027,219,180,-0.626,-0.285,-0.039,-0.031,74,366.5,326,-2.5,0,0,0,0,0,0,0,0,0,456

Main.js:462 59.33,174.243,13.5,13.5,0.653,0.057,0.049,0.012,0,0,0,1,0,0,0,0,0,0,0,0,0,0,0,0,0,0,0,0,438.526,322.726,220.5,180,-0.63,-0.301,-0.038,-0.032,73,364,326,-2.5,0,0,0,0,0,0,0,0,0,473

Main.js:462 59.996,174.309,13.5,13.5,0.666,0.066,0.049,0.012,0,0,0,1,0,0,0,0,0,0,0,0,0,0,0,0,0,0,0,0,437.892,322.408,222,180,-0.634,-0.318,-0.037,-0.033,72,361.5,326,-2.5,0,0,0,0,0,0,0,0,0,503

Main.js:462 60.675,174.382,13.5,13.5,0.679,0.074,0.049,0.012,0,0,0,1,0,0,0,0,0,0,0,0,0,0,0,0,0,0,0,0,437.254,322.074,222,178.5,-0.638,-0.334,-0.037,-0.033,71,359,326,-2.5,0,0,0,0,0,0,0,0,0,522

Main.js:462 61.367,174.463,13.5,13.5,0.691,0.081,0.049,0.012,0,0,0,1,0,0,0,0,0,0,0,0,0,0,0,0,0,0,0,0,436.613,321.724,222,177,-0.641,-0.349,-0.037,-0.033,70,356.5,326,-2.5,0,0,0,0,0,0,0,0,0,539

Main.js:462 62.07,174.551,13.5,13.5,0.703,0.088,0.049,0.012,0,0,0,1,0,0,0,0,0,0,0,0,0,0,0,0,0,0,0,0,435.968,321.361,222,175.5,-0.644,-0.363,-0.037,-0.033,69,354,326,-2.5,0,0,0,0,0,0,0,0,0,555

Main.js:462 62.784,174.646,13.5,13.5,0.714,0.095,0.049,0.012,0,0,0,1,0,0,0,0,0,0,0,0,0,0,0,0,0,0,0,0,435.321,320.984,222,174,-0.647,-0.377,-0.037,-0.033,68,351.5,326,-2.5,0,0,0,0,0,0,0,0,0,573

Main.js:462 63.508,174.747,13.5,13.5,0.725,0.101,0.049,0.012,0,0,0,1,0,0,0,0,0,0,0,0,0,0,0,0,0,0,0,0,434.671,320.594,222,172.5,-0.65,-0.39,-0.037,-0.033,67,349,326,-2.5,0,0,0,0,0,0,0,0,0,588

Main.js:462 64.243,174.854,13.5,13.5,0.734,0.107,0.049,0.012,0,0,0,1,0,0,0,0,0,0,0,0,0,0,0,0,0,0,0,0,434.017,320.192,222,171,-0.653,-0.402,-0.037,-0.033,66,346.5,326,-2.5,0,0,0,0,0,0,0,0,0,605

Main.js:462 64.987,174.966,13.5,13.5,0.744,0.113,0.049,0.012,0,0,0,1,0,0,0,0,0,0,0,0,0,0,0,0,0,0,0,0,433.361,319.778,222,169.5,-0.656,-0.414,-0.037,-0.033,65,344,326,-2.5,0,0,0,0,0,0,0,0,0,623

Main.js:462 65.74,175.085,13.5,13.5,0.753,0.118,0.049,0.012,0,0,0,1,0,0,0,0,0,0,0,0,0,0,0,0,0,0,0,0,432.703,319.353,222,168,-0.658,-0.425,-0.037,-0.033,64,341.5,326,-2.5,0,0,0,0,0,0,0,0,0,640

Main.js:462 66.501,175.208,13.5,13.5,0.761,0.123,0.049,0.012,0,0,0,1,0,0,0,0,0,0,0,0,0,0,0,0,0,0,0,0,432.042,318.917,222,166.5,-0.661,-0.436,-0.037,-0.033,63,339,326,-2.5,0,0,0,0,0,0,0,0,0,655

Main.js:462 67.271,175.336,13.5,13.5,0.77,0.128,0.049,0.012,0,0,0,1,0,0,0,0,0,0,0,0,0,0,0,0,0,0,0,0,431.379,318.471,222,165,-0.663,-0.446,-0.037,-0.033,62,336.5,326,-2.5,0,0,0,0,0,0,0,0,0,673

Main.js:462 68.048,175.469,13.5,13.5,0.777,0.133,0.049,0.012,0,0,0,1,0,0,0,0,0,0,0,0,0,0,0,0,0,0,0,0,430.714,318.016,222,163.5,-0.665,-0.455,-0.037,-0.033,61,334,326,-2.5,0,0,0,0,0,0,0,0,0,688

Main.js:462 68.832,175.607,13.5,13.5,0.785,0.137,0.049,0.012,0,0,0,1,0,0,0,0,0,0,0,0,0,0,0,0,0,0,0,0,430.047,317.552,222,162,-0.667,-0.464,-0.037,-0.033,60,331.5,326,-2.5,0,0,0,0,0,0,0,0,0,706

Main.js:462 69.624,175.749,13.5,13.5,0.792,0.142,0.049,0.012,0,0,0,1,0,0,0,0,0,0,0,0,0,0,0,0,0,0,0,0,429.378,317.08,222,160.5,-0.669,-0.473,-0.037,-0.033,59,329,326,-2.5,0,0,0,0,0,0,0,0,0,722

Main.js:462 70.422,175.894,13.5,13.5,0.798,0.146,0.049,0.012,0,0,0,1,0,0,0,0,0,0,0,0,0,0,0,0,0,0,0,0,428.707,316.599,222,159,-0.671,-0.481,-0.037,-0.033,58,326.5,326,-2.5,0,0,0,0,0,0,0,0,0,738

Main.js:462 71.227,176.044,13.5,13.5,0.804,0.149,0.049,0.012,0,0,0,1,0,0,0,0,0,0,0,0,0,0,0,0,0,0,0,0,428.034,316.11,222,157.5,-0.673,-0.489,-0.037,-0.033,57,324,326,-2.5,0,0,0,0,0,0,0,0,0,756

Main.js:462 72.037,176.197,13.5,13.5,0.81,0.153,0.049,0.012,0,0,0,1,0,0,0,0,0,0,0,0,0,0,0,0,0,0,0,0,427.36,315.614,222,156,-0.674,-0.496,-0.037,-0.033,56,321.5,326,-2.5,0,0,0,0,0,0,0,0,0,773

Main.js:462 72.853,176.354,15,15,0.816,0.158,0.048,0.013,0,0,1,1,0,0,0,0,0,0,0,0,0,0,0,0,0,0,0,0,426.684,315.111,222,154.5,-0.676,-0.503,-0.037,-0.033,55,319,326,-2.5,0,0,0,0,0,0,0,0,0,790

Main.js:462 73.673,176.518,16.5,16.5,0.821,0.163,0.048,0.014,0,0,1,1,0,0,0,0,0,0,0,0,0,0,0,0,0,0,0,0,426.006,314.602,222,153,-0.677,-0.51,-0.037,-0.033,54,316.5,326,-2.5,0,0,0,0,0,0,0,0,0,806

Main.js:462 74.498,176.688,18,18,0.825,0.17,0.048,0.015,0,0,1,1,0,0,0,0,0,0,0,0,0,0,0,0,0,0,0,0,425.328,314.086,222,151.5,-0.679,-0.516,-0.037,-0.033,53,314,326,-2.5,0,0,0,0,0,0,0,0,0,823

Main.js:462 75.326,176.865,19.5,19.5,0.828,0.177,0.047,0.017,0,0,1,1,0,0,0,0,0,0,0,0,0,0,0,0,0,0,0,0,424.647,313.564,222,150,-0.68,-0.522,-0.037,-0.033,52,311.5,326,-2.5,0,0,0,0,0,0,0,0,0,839

Main.js:462 76.157,177.05,21,21,0.831,0.185,0.047,0.018,0,0,1,1,0,0,0,0,0,0,0,0,0,0,0,0,0,0,0,0,423.966,313.036,222,148.5,-0.682,-0.528,-0.037,-0.033,51,309,326,-2.5,0,0,0,0,0,0,0,0,0,856

Main.js:462 76.991,177.245,22.5,22.5,0.833,0.194,0.046,0.019,0,0,1,1,0,0,0,0,0,0,0,0,0,0,0,0,0,0,0,0,423.283,312.503,222,147,-0.683,-0.533,-0.037,-0.033,50,306.5,326,-2.5,0,0,0,0,0,0,0,0,0,873

Main.js:462 77.826,177.448,24,24,0.835,0.204,0.046,0.02,0,0,1,1,0,0,0,0,0,0,0,0,0,0,0,0,0,0,0,0,422.599,311.965,222,145.5,-0.684,-0.538,-0.037,-0.033,49,304,326,-2.5,0,0,0,0,0,0,0,0,0,889

Main.js:462 78.662,177.663,25.5,25.5,0.836,0.214,0.045,0.022,0,0,1,1,0,0,0,0,0,0,0,0,0,0,0,0,0,0,0,0,421.914,311.422,222,144,-0.685,-0.543,-0.037,-0.033,48,301.5,326,-2.5,0,0,0,0,0,0,0,0,0,906

Main.js:462 79.499,177.888,27,27,0.837,0.225,0.045,0.023,0,0,1,1,0,0,0,0,0,0,0,0,0,0,0,0,0,0,0,0,421.228,310.875,222,142.5,-0.686,-0.548,-0.037,-0.033,47,299,326,-2.5,0,0,0,0,0,0,0,0,0,922

Main.js:462 80.337,178.123,27,27,0.837,0.235,0.045,0.023,0,0,0,1,0,0,0,0,0,0,0,0,0,0,0,0,0,0,0,0,420.541,310.323,222,141,-0.687,-0.552,-0.037,-0.033,46,296.5,326,-2.5,0,0,0,0,0,0,0,0,0,939

Main.js:462 81.174,178.368,27,27,0.838,0.245,0.045,0.023,0,0,0,1,0,0,0,0,0,0,0,0,0,0,0,0,0,0,0,0,419.853,309.767,222,139.5,-0.688,-0.556,-0.037,-0.033,45,294,326,-2.5,0,0,0,0,0,0,0,0,0,955

Main.js:462 82.013,178.622,27,27,0.838,0.254,0.045,0.023,0,0,0,1,0,0,0,0,0,0,0,0,0,0,0,0,0,0,0,0,419.164,309.206,222,138,-0.689,-0.56,-0.037,-0.033,44,291.5,326,-2.5,0,0,0,0,0,0,0,0,0,973

Main.js:462 82.851,178.886,27,27,0.839,0.263,0.045,0.023,0,0,0,1,0,0,0,0,0,0,0,0,0,0,0,0,0,0,0,0,418.474,308.642,222,136.5,-0.69,-0.564,-0.037,-0.033,43,289,326,-2.5,0,0,0,0,0,0,0,0,0,990

Main.js:462 83.69,179.157,27,27,0.839,0.272,0.045,0.023,0,0,0,1,0,0,0,0,0,0,0,0,0,0,0,0,0,0,0,0,417.784,308.075,222,135,-0.691,-0.568,-0.037,-0.033,42,286.5,326,-2.5,0,0,0,0,0,0,0,0,0,1006

Main.js:462 84.53,179.437,27,27,0.839,0.28,0.045,0.023,0,0,0,1,0,0,0,0,0,0,0,0,0,0,0,0,0,0,0,0,417.092,307.505,220.5,132,-0.692,-0.57,-0.038,-0.032,41,284,326,-2.5,0,0,0,0,0,0,0,0,0,1021

Main.js:462 85.369,179.724,27,27,0.84,0.287,0.045,0.023,0,0,0,1,0,0,0,0,0,0,0,0,0,0,0,0,0,0,0,0,416.397,306.934,219,129,-0.694,-0.571,-0.039,-0.031,40,281.5,326,-2.5,0,0,0,0,0,0,0,0,0,1039

Main.js:462 86.209,180.019,27,27,0.84,0.294,0.045,0.023,0,0,0,1,0,0,0,0,0,0,0,0,0,0,0,0,0,0,0,0,415.7,306.362,217.5,126,-0.697,-0.572,-0.04,-0.03,39,279,326,-2.5,0,0,0,0,0,0,0,0,0,1056

Main.js:462 87.05,180.32,27,27,0.84,0.301,0.045,0.023,0,0,0,1,0,0,0,0,0,0,0,0,0,0,0,0,0,0,0,0,414.999,305.791,216,123,-0.701,-0.571,-0.04,-0.029,38,276.5,326,-2.5,0,0,0,0,0,0,0,0,0,1072

Main.js:462 87.89,180.628,27,27,0.841,0.308,0.045,0.023,0,0,0,1,0,0,0,0,0,0,0,0,0,0,0,0,0,0,0,0,414.294,305.221,214.5,120,-0.705,-0.569,-0.041,-0.028,37,274,326,-2.5,0,0,0,0,0,0,0,0,0,1090

Main.js:462 88.731,180.942,27,27,0.841,0.314,0.045,0.023,0,0,0,1,0,0,0,0,0,0,0,0,0,0,0,0,0,0,0,0,413.584,304.654,213,117,-0.71,-0.567,-0.042,-0.027,36,271.5,326,-2.5,0,0,0,0,0,0,0,0,0,1106

Main.js:462 89.573,181.261,27,27,0.841,0.32,0.045,0.023,0,0,0,1,0,0,0,0,0,0,0,0,0,0,0,0,0,0,0,0,412.869,304.091,211.5,114,-0.715,-0.563,-0.043,-0.026,35,269,326,-2.5,0,0,0,0,0,0,0,0,0,1123

Main.js:462 90.414,181.587,27,27,0.842,0.325,0.045,0.023,0,0,0,1,0,0,0,0,0,0,0,0,0,0,0,0,0,0,0,0,412.149,303.532,210,111,-0.72,-0.559,-0.043,-0.025,34,266.5,326,-2.5,0,0,0,0,0,0,0,0,0,1140

Main.js:462 91.256,181.917,27,27,0.842,0.331,0.045,0.023,0,0,0,1,0,0,0,0,0,0,0,0,0,0,0,0,0,0,0,0,411.423,302.979,208.5,108,-0.726,-0.554,-0.044,-0.024,33,264,326,-2.5,0,0,0,0,0,0,0,0,0,1156

Main.js:462 92.098,182.253,27,27,0.842,0.336,0.045,0.023,0,0,0,1,0,0,0,0,0,0,0,0,0,0,0,0,0,0,0,0,410.691,302.431,207,105,-0.732,-0.547,-0.045,-0.023,32,261.5,326,-2.5,0,0,0,0,0,0,0,0,0,1172

Main.js:462 92.94,182.594,27,27,0.842,0.34,0.045,0.023,0,0,0,1,0,0,0,0,0,0,0,0,0,0,0,0,0,0,0,0,409.953,301.891,205.5,102,-0.738,-0.541,-0.045,-0.022,31,259,326,-2.5,0,0,0,0,0,0,0,0,0,1190

Main.js:462 93.783,182.939,27,27,0.842,0.345,0.045,0.023,0,0,0,1,0,0,0,0,0,0,0,0,0,0,0,0,0,0,0,0,409.209,301.358,204,99,-0.745,-0.533,-0.046,-0.02,30,256.5,326,-2.5,0,0,0,0,0,0,0,0,0,1205

Main.js:462 94.625,183.288,27,27,0.843,0.349,0.045,0.023,0,0,0,1,0,0,0,0,0,0,0,0,0,0,0,0,0,0,0,0,408.457,300.833,202.5,96,-0.751,-0.524,-0.046,-0.019,29,254,326,-2.5,0,0,0,0,0,0,0,0,0,1221

Main.js:462 95.468,183.642,27,27,0.843,0.353,0.045,0.023,0,0,0,1,0,0,0,0,0,0,0,0,0,0,0,0,0,0,0,0,407.699,300.318,201,93,-0.758,-0.515,-0.047,-0.018,28,251.5,326,-2.5,0,0,0,0,0,0,0,0,0,1239

Main.js:462 96.311,183.999,27,27,0.843,0.357,0.045,0.023,0,0,0,1,0,0,0,0,0,0,0,0,0,0,0,0,0,0,0,0,406.934,299.813,199.5,90,-0.765,-0.505,-0.047,-0.017,27,249,326,-2.5,0,0,0,0,0,0,0,0,0,1256

Main.js:462 97.154,184.36,27,27,0.843,0.361,0.045,0.023,0,0,0,1,0,0,0,0,0,0,0,0,0,0,0,0,0,0,0,0,406.163,299.318,198,87,-0.772,-0.495,-0.048,-0.015,26,246.5,326,-2.5,0,0,0,0,0,0,0,0,0,1272

Main.js:462 97.998,184.724,27,27,0.843,0.365,0.045,0.023,0,0,0,1,0,0,0,0,0,0,0,0,0,0,0,0,0,0,0,0,405.384,298.835,196.5,84,-0.779,-0.483,-0.048,-0.014,25,244,326,-2.5,0,0,0,0,0,0,0,0,0,1288

Main.js:462 98.841,185.092,27,27,0.843,0.368,0.045,0.023,0,0,0,1,0,0,0,0,0,0,0,0,0,0,0,0,0,0,0,0,404.598,298.363,195,81,-0.786,-0.472,-0.048,-0.013,24,241.5,326,-2.5,0,0,0,0,0,0,0,0,0,1305

Main.js:462 99.685,185.463,27,27,0.844,0.371,0.045,0.023,0,0,0,1,0,0,0,0,0,0,0,0,0,0,0,0,0,0,0,0,403.805,297.904,193.5,78,-0.793,-0.459,-0.049,-0.012,23,239,326,-2.5,0,0,0,0,0,0,0,0,0,1322

Main.js:462 100.528,185.837,27,27,0.844,0.374,0.045,0.023,0,0,0,1,0,0,0,0,0,0,0,0,0,0,0,0,0,0,0,0,403.006,297.458,192,75,-0.799,-0.446,-0.049,-0.01,22,236.5,326,-2.5,0,0,0,0,0,0,0,0,0,1339

Main.js:462 101.372,186.214,27,27,0.844,0.377,0.045,0.023,0,0,0,1,0,0,0,0,0,0,0,0,0,0,0,0,0,0,0,0,402.2,297.026,190.5,72,-0.806,-0.432,-0.049,-0.009,21,234,326,-2.5,0,0,0,0,0,0,0,0,0,1356

Main.js:462 102.216,186.594,27,27,0.844,0.38,0.045,0.023,0,0,0,1,0,0,0,0,0,0,0,0,0,0,0,0,0,0,0,0,401.387,296.608,189,69,-0.813,-0.418,-0.049,-0.008,20,231.5,326,-2.5,0,0,0,0,0,0,0,0,0,1372

Main.js:462 103.061,186.976,27,27,0.844,0.382,0.045,0.023,0,0,0,1,0,0,0,0,0,0,0,0,0,0,0,0,0,0,0,0,400.568,296.204,187.5,66,-0.819,-0.403,-0.05,-0.007,19,229,326,-2.5,0,0,0,0,0,0,0,0,0,1389

Main.js:462 103.905,187.361,27,27,0.844,0.385,0.045,0.023,0,0,0,1,0,0,0,0,0,0,0,0,0,0,0,0,0,0,0,0,399.742,295.816,186,63,-0.826,-0.388,-0.05,-0.005,18,226.5,326,-2.5,0,0,0,0,0,0,0,0,0,1405

Main.js:462 104.749,187.748,27,27,0.844,0.387,0.045,0.023,0,0,0,1,0,0,0,0,0,0,0,0,0,0,0,0,0,0,0,0,398.91,295.443,184.5,60,-0.832,-0.373,-0.05,-0.004,17,224,326,-2.5,0,0,0,0,0,0,0,0,0,1423

Main.js:462 105.594,188.137,27,27,0.844,0.389,0.045,0.023,0,0,0,1,0,0,0,0,0,0,0,0,0,0,0,0,0,0,0,0,398.073,295.087,183,57,-0.837,-0.356,-0.05,-0.003,16,221.5,326,-2.5,0,0,0,0,0,0,0,0,0,1439

Main.js:462 106.438,188.528,27,27,0.845,0.391,0.045,0.023,0,0,0,1,0,0,0,0,0,0,0,0,0,0,0,0,0,0,0,0,397.23,294.747,181.5,54,-0.843,-0.34,-0.05,-0.001,15,219,326,-2.5,0,0,0,0,0,0,0,0,0,1456

Main.js:462 107.283,188.922,27,27,0.845,0.393,0.045,0.023,0,0,0,1,0,0,0,0,0,0,0,0,0,0,0,0,0,0,0,0,396.381,294.424,180,51,-0.848,-0.323,-0.05,0,14,216.5,326,-2.5,0,0,0,0,0,0,0,0,0,1472

Main.js:462 108.128,189.317,27,27,0.845,0.395,0.045,0.023,0,0,0,1,0,0,0,0,0,0,0,0,0,0,0,0,0,0,0,0,395.528,294.119,178.5,48,-0.853,-0.305,-0.05,0.001,13,214,326,-2.5,0,0,0,0,0,0,0,0,0,1489

Main.js:462 108.973,189.714,27,27,0.845,0.397,0.045,0.023,0,0,0,1,0,0,0,0,0,0,0,0,0,0,0,0,0,0,0,0,394.67,293.831,177,45,-0.858,-0.288,-0.05,0.003,12,211.5,326,-2.5,0,0,0,0,0,0,0,0,0,1505

Main.js:462 109.818,190.113,27,27,0.845,0.399,0.045,0.023,0,0,0,1,0,0,0,0,0,0,0,0,0,0,0,0,0,0,0,0,393.807,293.561,175.5,42,-0.863,-0.27,-0.05,0.004,11,209,326,-2.5,0,0,0,0,0,0,0,0,0,1522

Main.js:462 110.663,190.513,27,27,0.845,0.4,0.045,0.023,0,0,0,1,0,0,0,0,0,0,0,0,0,0,0,0,0,0,0,0,392.94,293.31,174,39,-0.867,-0.251,-0.05,0.005,10,206.5,326,-2.5,0,0,0,0,0,0,0,0,0,1540

Main.js:462 111.508,190.915,27,27,0.845,0.402,0.045,0.023,0,0,0,1,0,0,0,0,0,0,0,0,0,0,0,0,0,0,0,0,392.07,293.078,172.5,36,-0.871,-0.232,-0.05,0.007,9,204,326,-2.5,0,0,0,0,0,0,0,0,0,1555

Main.js:462 112.353,191.318,27,27,0.845,0.403,0.045,0.023,0,0,0,1,0,0,0,0,0,0,0,0,0,0,0,0,0,0,0,0,391.196,292.864,171,33,-0.874,-0.213,-0.049,0.008,8,201.5,326,-2.5,0,0,0,0,0,0,0,0,0,1572

Main.js:462 113.198,191.723,27,27,0.845,0.405,0.045,0.023,99,0,0,1,0,1,0,0,0,0,0,0,0,0,0,0,0,0,0,0,390.319,292.67,169.5,30,-0.877,-0.194,-0.049,0.009,7,199,326,-2.5,0,0,0,0,0,0,0,0,0,1588

Main.js:462 114.043,192.129,27,27,0.845,0.406,0.045,0.023,98,0,0,1,0,1,0,0,133.291,201.987,2.228,1.135,0,0,0,0,0,0,0,0,389.439,292.496,168,27,-0.88,-0.174,-0.049,0.01,6,196.5,326,-2.5,0,0,0,0,0,0,0,0,0,1605

Main.js:462 114.889,192.537,27,27,0.845,0.407,0.045,0.023,97,0,0,1,0,1,0,0,135.519,203.122,2.228,1.135,0,0,0,0,0,0,0,0,388.557,292.341,166.5,24,-0.882,-0.155,-0.049,0.012,5,194,326,-2.5,0,0,0,0,0,0,0,0,0,1622

Main.js:462 115.734,192.945,27,27,0.845,0.409,0.045,0.023,96,0,0,1,0,1,0,0,137.746,204.257,2.228,1.135,0,0,0,0,0,0,0,0,387.674,292.207,165,21,-0.884,-0.135,-0.048,0.013,4,191.5,326,-2.5,0,0,0,0,0,0,0,0,0,1639

Main.js:462 116.579,193.355,27,27,0.845,0.41,0.045,0.023,95,0,0,1,0,1,0,0,139.974,205.392,2.228,1.135,0,0,0,0,0,0,0,0,386.789,292.092,163.5,18,-0.885,-0.114,-0.048,0.014,3,189,326,-2.5,0,0,0,0,0,0,0,0,0,1656

Main.js:462 117.425,193.766,27,27,0.845,0.411,0.045,0.023,94,0,0,1,0,1,0,0,142.202,206.527,2.228,1.135,0,0,0,0,0,0,0,0,385.903,291.998,162,15,-0.886,-0.094,-0.048,0.015,2,186.5,326,-2.5,0,0,0,0,0,0,0,0,0,1673

Main.js:462 118.271,194.178,27,27,0.846,0.412,0.045,0.023,93,0,0,1,0,0,0,0,144.429,207.662,2.228,1.135,0,0,0,0,0,0,0,0,385.017,291.925,160.5,12,-0.886,-0.073,-0.047,0.017,1,184,326,-2.5,0,0,0,0,0,0,0,0,0,1690

Main.js:462 119.116,194.59,27,27,0.846,0.413,0.045,0.023,92,0,0,1,0,0,0,0,146.657,208.797,2.228,1.135,0,0,0,0,0,0,0,0,384.13,291.872,159,9,-0.886,-0.053,-0.047,0.018,0,181.5,326,-2.5,0,0,0,0,0,0,0,0,0,1706

Main.js:462 119.962,195.004,27,27,0.846,0.414,0.045,0.023,91,0,0,1,0,0,0,0,148.884,209.932,2.228,1.135,0,0,0,0,0,0,0,0,383.244,291.84,157.5,6,-0.886,-0.032,-0.046,0.019,99,179,326,-2.5,0,0,0,0,0,0,0,0,0,1722

Main.js:462 120.807,195.419,27,27,0.846,0.415,0.045,0.023,90,0,0,1,0,0,0,0,151.112,211.067,2.228,1.135,0,0,0,0,0,0,0,0,382.359,291.829,156,3,-0.885,-0.011,-0.046,0.02,98,176.5,326,-2.5,0,407.502,294.328,2.486,0.261,0,0,0,0,1739

Main.js:462 121.653,195.834,27,27,0.846,0.415,0.045,0.023,89,0,0,1,0,0,0,0,153.339,212.202,2.228,1.135,0,0,0,0,0,0,0,0,381.476,291.839,154.5,0,-0.884,0.01,-0.045,0.022,97,174,326,-2.5,0,409.988,294.59,2.486,0.261,0,0,0,0,1757

Main.js:462 122.499,196.25,27,27,0.846,0.416,0.045,0.023,88,0,0,1,0,0,0,0,155.567,213.337,2.228,1.135,0,0,0,0,0,0,0,0,380.594,291.87,153,357,-0.882,0.031,-0.045,0.023,96,171.5,326,-2.5,0,412.474,294.851,2.486,0.261,0,0,0,0,1773

Main.js:462 123.345,196.667,27,27,0.846,0.417,0.045,0.023,87,0,0,1,0,0,0,0,157.794,214.472,2.228,1.135,0,0,0,0,0,0,0,0,379.714,291.922,151.5,354,-0.879,0.052,-0.044,0.024,95,169,326,-2.5,0,414.961,295.112,2.486,0.261,0,0,0,0,1789

Main.js:462 124.191,197.085,27,27,0.846,0.418,0.045,0.023,86,0,0,1,0,0,0,0,160.022,215.607,2.228,1.135,0,0,0,0,0,0,0,0,378.838,291.996,150,351,-0.877,0.073,-0.043,0.025,94,166.5,326,-2.5,0,417.447,295.374,2.486,0.261,0,0,0,0,1806

Main.js:462 125.036,197.503,27,27,0.846,0.418,0.045,0.023,85,0,0,1,0,0,0,0,162.249,216.742,2.228,1.135,0,0,0,0,0,0,0,0,377.965,292.09,148.5,348,-0.873,0.094,-0.043,0.026,93,164,326,-2.5,0,419.933,295.635,2.486,0.261,0,0,0,0,1822

Main.js:462 125.882,197.922,27,27,0.846,0.419,0.045,0.023,84,0,0,1,0,0,0,0,164.477,217.877,2.228,1.135,0,0,0,0,0,0,0,0,377.095,292.206,147,345,-0.869,0.116,-0.042,0.027,92,161.5,326,-2.5,0,422.419,295.896,2.486,0.261,0,0,0,0,1839

Main.js:462 126.728,198.342,27,27,0.846,0.42,0.045,0.023,83,0,0,1,0,0,0,0,166.704,219.012,2.228,1.135,0,0,0,0,0,0,0,0,376.23,292.342,145.5,342,-0.865,0.137,-0.041,0.028,91,159,326,-2.5,0,424.906,296.158,2.486,0.261,0,0,0,0,1857

Main.js:462 127.574,198.762,27,27,0.846,0.42,0.045,0.023,82,0,0,1,0,0,0,0,168.932,220.147,2.228,1.135,0,0,0,0,0,0,0,0,375.37,292.5,144,339,-0.86,0.158,-0.04,0.029,90,156.5,326,-2.5,0,427.392,296.419,2.486,0.261,0,0,0,0,1872

Main.js:462 128.42,199.183,27,27,0.846,0.421,0.045,0.023,81,0,0,1,0,0,0,0,171.159,221.282,2.228,1.135,0,0,0,0,0,0,0,0,374.515,292.679,142.5,336,-0.855,0.179,-0.04,0.03,89,154,326,-2.5,0,429.878,296.68,2.486,0.261,0,0,0,0,1889

Main.js:462 129.266,199.604,27,27,0.846,0.421,0.045,0.023,80,0,0,1,0,0,0,0,173.387,222.417,2.228,1.135,0,0,0,0,0,0,0,0,373.666,292.879,141,333,-0.849,0.2,-0.039,0.031,88,151.5,326,-2.5,0,432.365,296.942,2.486,0.261,0,0,0,0,1906

Main.js:462 130.112,200.026,27,27,0.846,0.422,0.045,0.023,79,0,0,1,0,0,0,0,175.614,223.552,2.228,1.135,0,0,0,0,0,0,0,0,372.823,293.1,139.5,330,-0.843,0.221,-0.038,0.032,87,149,326,-2.5,0,434.851,297.203,2.486,0.261,0,0,0,0,1923

Main.js:462 130.958,200.448,27,27,0.846,0.422,0.045,0.023,78,0,0,1,0,0,0,0,177.842,224.687,2.228,1.135,0,0,0,0,0,0,0,0,371.987,293.341,138,327,-0.836,0.241,-0.037,0.033,86,146.5,326,-2.5,0,437.337,297.464,2.486,0.261,0,0,0,0,1942

Main.js:462 131.804,200.871,27,27,0.846,0.423,0.045,0.023,77,0,0,1,0,0,0,0,180.069,225.822,2.228,1.135,0,0,0,0,0,0,0,0,371.158,293.603,136.5,324,-0.829,0.262,-0.036,0.034,85,144,326,-2.5,0,439.824,297.726,2.486,0.261,0,0,0,0,1956

Main.js:462 132.65,201.294,27,27,0.846,0.423,0.045,0.023,76,0,0,1,0,0,0,0,182.297,226.957,2.228,1.135,0,0,0,0,0,0,0,0,370.337,293.885,135,321,-0.821,0.283,-0.035,0.035,84,141.5,326,-2.5,0,442.31,297.987,2.486,0.261,0,0,0,0,1972

Main.js:462 133.496,201.718,27,27,0.846,0.424,0.045,0.023,75,0,0,1,0,0,0,0,184.524,228.092,2.228,1.135,0,0,0,0,0,0,0,0,369.525,294.188,133.5,318,-0.812,0.303,-0.034,0.036,83,139,326,-2.5,0,444.796,298.248,2.486,0.261,0,0,0,0,1988

Main.js:462 134.342,202.142,27,27,0.846,0.424,0.045,0.023,74,0,0,1,0,0,0,0,186.752,229.227,2.228,1.135,0,0,0,0,0,0,0,0,368.721,294.511,132,315,-0.804,0.323,-0.033,0.037,82,136.5,326,-2.5,0,447.282,298.51,2.486,0.261,0,0,0,0,2006

Main.js:462 135.189,202.566,27,27,0.846,0.424,0.045,0.023,73,0,0,1,0,0,0,0,188.979,230.362,2.228,1.135,0,0,0,0,0,0,0,0,367.925,294.853,133.5,315,-0.796,0.341,-0.034,0.036,81,134,326,-2.5,0,449.769,298.771,2.486,0.261,0,0,0,0,2022

Main.js:462 136.035,202.99,27,27,0.846,0.425,0.045,0.023,72,0,0,1,0,0,0,0,191.207,231.497,2.228,1.135,0,0,0,0,0,0,0,0,367.135,295.21,135,315,-0.79,0.358,-0.035,0.035,80,131.5,326,-2.5,0,452.255,299.032,2.486,0.261,0,0,0,0,2039

Main.js:462 136.881,203.415,27,27,0.846,0.425,0.045,0.023,71,0,0,1,0,0,0,0,193.434,232.632,2.228,1.135,0,0,0,0,0,0,0,0,366.351,295.583,136.5,315,-0.785,0.373,-0.036,0.034,79,129,326,-2.5,0,454.741,299.294,2.486,0.261,0,0,0,0,2055

Main.js:462 137.727,203.841,27,27,0.846,0.425,0.045,0.023,70,0,0,1,0,0,0,0,195.662,233.767,2.228,1.135,0,0,0,0,0,0,0,0,365.57,295.969,138,315,-0.781,0.386,-0.037,0.033,78,126.5,326,-2.5,0,457.228,299.555,2.486,0.261,0,0,0,0,2073

Main.js:462 138.573,204.266,27,27,0.846,0.426,0.045,0.023,69,0,0,1,0,0,0,0,197.889,234.902,2.228,1.135,0,0,0,0,0,0,0,0,364.792,296.366,139.5,315,-0.778,0.397,-0.038,0.032,77,124,326,-2.5,0,459.714,299.816,2.486,0.261,0,0,0,0,2088

Main.js:462 139.419,204.692,27,27,0.846,0.426,0.045,0.023,68,0,0,1,0,0,0,0,200.117,236.037,2.228,1.135,0,0,0,0,0,0,0,0,364.016,296.774,141,315,-0.776,0.407,-0.039,0.031,76,121.5,326,-2.5,0,462.2,300.078,2.486,0.261,0,0,0,0,2107

Main.js:462 140.266,205.118,27,27,0.846,0.426,0.045,0.023,67,0,0,1,0,0,0,0,202.344,237.172,2.228,1.135,0,0,0,0,0,0,0,0,363.241,297.19,142.5,315,-0.775,0.416,-0.04,0.03,75,119,326,-2.5,0,464.687,300.339,2.486,0.261,0,0,0,0,2123

Main.js:462 141.112,205.545,27,27,0.846,0.426,0.045,0.023,66,0,0,1,0,0,0,0,204.572,238.306,2.228,1.135,0,0,0,0,0,0,0,0,362.466,297.613,144,315,-0.775,0.423,-0.04,0.029,74,116.5,326,-2.5,0,467.173,300.6,2.486,0.261,0,0,0,0,2140

Main.js:462 141.958,205.971,27,27,0.846,0.427,0.045,0.023,65,0,0,1,0,0,0,0,206.799,239.441,2.228,1.135,0,0,0,0,0,0,0,0,361.691,298.041,145.5,315,-0.775,0.429,-0.041,0.028,73,114,326,-2.5,0,469.659,300.862,2.486,0.261,0,0,0,0,2156

Main.js:462 142.804,206.398,27,27,0.846,0.427,0.045,0.023,64,0,0,1,0,0,0,0,209.027,240.576,2.228,1.135,0,0,0,0,0,0,0,0,360.915,298.475,147,315,-0.776,0.433,-0.042,0.027,72,111.5,326,-2.5,0,472.146,301.123,2.486,0.261,0,0,0,0,2173

Main.js:462 143.651,206.825,27,27,0.846,0.427,0.045,0.023,63,0,0,1,0,0,0,0,211.255,241.711,2.228,1.135,0,0,0,0,0,0,0,0,360.137,298.911,148.5,315,-0.778,0.436,-0.043,0.026,71,109,326,-2.5,0,474.632,301.384,2.486,0.261,0,0,0,0,2189

Main.js:462 144.497,207.253,27,27,0.846,0.427,0.045,0.023,62,0,0,1,0,0,0,0,213.482,242.846,2.228,1.135,0,0,0,0,0,0,0,0,359.357,299.349,150,315,-0.78,0.438,-0.043,0.025,70,106.5,326,-2.5,0,477.118,301.645,2.486,0.261,0,0,0,0,2206

Main.js:462 145.343,207.68,27,27,0.846,0.428,0.045,0.023,61,0,0,1,0,0,0,0,215.71,243.981,2.228,1.135,0,0,0,0,0,0,0,0,358.575,299.788,151.5,315,-0.783,0.439,-0.044,0.024,69,104,326,-2.5,0,479.604,301.907,2.486,0.261,0,0,0,0,2223

Main.js:462 146.189,208.108,27,27,0.846,0.428,0.045,0.023,60,0,0,1,0,0,0,0,217.937,245.116,2.228,1.135,0,0,0,0,0,0,0,0,357.789,300.227,153,315,-0.786,0.439,-0.045,0.023,68,101.5,326,-2.5,0,482.091,302.168,2.486,0.261,0,0,0,0,2239

Main.js:462 147.036,208.536,27,27,0.846,0.428,0.045,0.023,59,0,0,1,0,0,0,0,220.165,246.251,2.228,1.135,0,0,0,0,0,0,0,0,356.999,300.664,154.5,315,-0.79,0.437,-0.045,0.022,67,99,326,-2.5,0,484.577,302.429,2.486,0.261,0,0,0,0,2257

Main.js:462 147.882,208.964,27,27,0.846,0.428,0.045,0.023,58,0,0,1,0,0,0,0,222.392,247.386,2.228,1.135,0,0,0,0,0,0,0,0,356.206,301.099,156,315,-0.793,0.435,-0.046,0.02,66,96.5,326,-2.5,0,487.063,302.691,2.486,0.261,0,0,0,0,2273

Main.js:462 148.728,209.392,27,27,0.846,0.428,0.045,0.023,57,0,0,1,0,0,0,0,224.62,248.521,2.228,1.135,0,0,0,0,0,0,0,0,355.408,301.53,157.5,315,-0.798,0.431,-0.046,0.019,65,94,326,-2.5,0,489.55,302.952,2.486,0.261,0,0,0,0,2289

Main.js:462 149.575,209.821,27,27,0.846,0.428,0.045,0.023,56,0,0,1,0,0,0,0,226.847,249.656,2.228,1.135,0,0,0,0,0,0,0,0,354.606,301.957,159,315,-0.802,0.427,-0.047,0.018,64,91.5,326,-2.5,0,492.036,303.213,2.486,0.261,0,0,0,0,2307

Main.js:462 150.421,210.249,27,27,0.846,0.429,0.045,0.023,55,0,0,1,0,0,0,0,229.075,250.791,2.228,1.135,0,0,0,0,0,0,0,0,353.799,302.378,160.5,315,-0.807,0.421,-0.047,0.017,63,89,326,-2.5,0,494.522,303.475,2.486,0.261,0,0,0,0,2324

Main.js:462 151.267,210.678,27,27,0.846,0.429,0.045,0.023,54,0,0,1,0,0,0,0,231.302,251.926,2.228,1.135,0,0,0,0,0,0,0,0,352.988,302.792,162,315,-0.812,0.415,-0.048,0.015,62,86.5,326,-2.5,0,497.009,303.736,2.486,0.261,0,0,0,0,2339

Main.js:462 152.114,211.106,27,27,0.846,0.429,0.045,0.023,53,0,0,1,0,0,0,0,233.53,253.061,2.228,1.135,0,0,0,0,0,0,0,0,352.171,303.2,163.5,315,-0.817,0.407,-0.048,0.014,61,84,326,-2.5,0,499.495,303.997,2.486,0.261,0,0,0,0,2361

Main.js:462 152.96,211.535,27,27,0.846,0.429,0.045,0.023,52,0,0,1,0,0,0,0,235.757,254.196,2.228,1.135,0,0,0,0,0,0,0,0,351.349,303.599,165,315,-0.822,0.399,-0.048,0.013,60,81.5,326,-2.5,0,0,0,0,0,0,0,0,0,2373

Main.js:462 153.806,211.964,27,27,0.846,0.429,0.045,0.023,51,0,0,1,0,0,0,0,237.985,255.331,2.228,1.135,0,0,0,0,0,0,0,0,350.523,303.99,166.5,315,-0.827,0.391,-0.049,0.012,59,79,326,-2.5,0,0,0,0,0,0,0,0,0,2390

Main.js:462 154.653,212.394,27,27,0.846,0.429,0.045,0.023,50,0,0,1,0,0,0,0,240.212,256.466,2.228,1.135,0,0,0,0,0,0,0,0,349.691,304.371,168,315,-0.832,0.381,-0.049,0.01,58,76.5,326,-2.5,0,0,0,0,0,0,0,0,0,2405

Main.js:462 155.499,212.823,27,27,0.846,0.429,0.045,0.023,49,0,0,1,0,0,0,0,242.44,257.601,2.228,1.135,0,0,0,0,0,0,0,0,348.854,304.741,169.5,315,-0.837,0.37,-0.049,0.009,57,74,326,-2.5,0,0,0,0,0,0,0,0,0,2422

Main.js:462 156.345,213.252,27,27,0.846,0.429,0.045,0.023,48,0,0,1,0,0,0,0,244.667,258.736,2.228,1.135,0,0,0,0,0,0,0,0,348.012,305.1,171,315,-0.842,0.359,-0.049,0.008,56,71.5,326,-2.5,0,0,0,0,0,0,0,0,0,2439

Main.js:462 157.192,213.682,27,27,0.846,0.429,0.045,0.023,47,0,0,1,0,0,0,0,246.895,259.871,2.228,1.135,0,0,0,0,0,0,0,0,347.165,305.448,172.5,315,-0.847,0.348,-0.05,0.007,55,69,326,-2.5,0,0,0,0,0,0,0,0,0,2455

Main.js:462 158.038,214.111,27,27,0.846,0.43,0.045,0.023,46,0,0,1,0,0,0,0,249.122,261.006,2.228,1.135,0,0,0,0,0,0,0,0,346.313,305.783,174,315,-0.852,0.335,-0.05,0.005,54,66.5,326,-2.5,0,0,0,0,0,0,0,0,0,2472

Main.js:462 158.885,214.541,27,27,0.846,0.43,0.045,0.023,45,0,0,1,0,0,0,0,251.35,262.141,2.228,1.135,0,0,0,0,0,0,0,0,345.456,306.105,175.5,315,-0.857,0.322,-0.05,0.004,53,64,326,-2.5,0,0,0,0,0,0,0,0,0,2490

Main.js:462 159.731,214.971,27,27,0.846,0.43,0.045,0.023,44,0,0,1,0,0,0,0,253.577,263.276,2.228,1.135,0,0,0,0,0,0,0,0,344.595,306.414,177,315,-0.861,0.309,-0.05,0.003,52,61.5,326,-2.5,0,0,0,0,0,0,0,0,0,2506

Main.js:462 160.577,215.4,27,27,0.846,0.43,0.045,0.023,43,0,0,1,0,0,0,0,255.805,264.411,2.228,1.135,0,0,0,0,0,0,0,0,343.729,306.709,177,313.5,-0.866,0.296,-0.05,0.003,51,59,326,-2.5,0,0,0,0,0,0,0,0,0,2524

Main.js:462 161.424,215.83,27,27,0.846,0.43,0.045,0.023,42,0,0,1,0,0,0,0,258.032,265.546,2.228,1.135,0,0,0,0,0,0,0,0,342.859,306.993,177,312,-0.87,0.283,-0.05,0.003,50,56.5,326,-2.5,0,0,0,0,0,0,0,0,0,2540

Main.js:462 162.27,216.26,27,27,0.846,0.43,0.045,0.023,41,0,0,1,0,0,0,0,260.26,266.681,2.228,1.135,0,0,0,0,0,0,0,0,341.986,307.264,177,310.5,-0.874,0.272,-0.05,0.003,49,54,326,-2.5,0,0,0,0,0,0,0,0,0,2557

Main.js:462 163.117,216.69,27,27,0.846,0.43,0.045,0.023,40,0,0,1,0,0,0,0,262.487,267.816,2.228,1.135,0,0,0,0,0,0,0,0,341.108,307.525,177,309,-0.877,0.261,-0.05,0.003,48,51.5,326,-2.5,0,0,0,0,0,0,0,0,0,2572

Main.js:462 163.963,217.12,27,27,0.846,0.43,0.045,0.023,39,0,0,1,0,0,0,0,264.715,268.951,2.228,1.135,0,0,0,0,0,0,0,0,340.227,307.775,177,307.5,-0.881,0.25,-0.05,0.003,47,49,326,-2.5,0,0,0,0,0,0,0,0,0,2590

Main.js:462 164.809,217.55,27,27,0.846,0.43,0.045,0.023,38,0,0,1,0,0,0,0,266.942,270.086,2.228,1.135,0,0,0,0,0,0,0,0,339.343,308.015,177,306,-0.884,0.24,-0.05,0.003,46,46.5,326,-2.5,0,0,0,0,0,0,0,0,0,2605

Main.js:462 165.656,217.981,27,27,0.846,0.43,0.045,0.023,37,0,0,1,0,0,0,0,269.17,271.221,2.228,1.135,0,0,0,0,0,0,0,0,338.455,308.245,177,304.5,-0.888,0.23,-0.05,0.003,45,44,326,-2.5,0,0,0,0,0,0,0,0,0,2622

Main.js:462 166.502,218.411,27,27,0.846,0.43,0.045,0.023,36,0,0,1,0,0,0,0,271.397,272.356,2.228,1.135,0,0,0,0,0,0,0,0,337.564,308.467,177,303,-0.891,0.221,-0.05,0.003,44,41.5,326,-2.5,0,0,0,0,0,0,0,0,0,2640

Main.js:462 167.349,218.841,27,27,0.846,0.43,0.045,0.023,35,0,0,1,0,0,0,0,273.625,273.491,2.228,1.135,0,0,0,0,0,0,0,0,336.671,308.68,177,301.5,-0.894,0.213,-0.05,0.003,43,39,326,-2.5,0,0,0,0,0,0,0,0,0,2656

Main.js:462 168.195,219.271,27,27,0.846,0.43,0.045,0.023,34,0,0,1,0,0,0,0,275.852,274.626,2.228,1.135,0,0,0,0,0,0,0,0,335.774,308.884,177,300,-0.896,0.205,-0.05,0.003,42,36.5,326,-2.5,0,0,0,0,0,0,0,0,0,2673

Main.js:462 169.041,219.702,27,27,0.846,0.43,0.045,0.023,33,0,0,1,0,0,0,0,278.08,275.761,2.228,1.135,0,0,0,0,0,0,0,0,334.875,309.081,177,298.5,-0.899,0.197,-0.05,0.003,41,34,326,-2.5,0,0,0,0,0,0,0,0,0,2690

Main.js:462 169.888,220.132,27,27,0.846,0.43,0.045,0.023,32,0,0,1,0,0,0,0,280.308,276.896,2.228,1.135,0,0,0,0,0,0,0,0,333.974,309.271,177,297,-0.901,0.19,-0.05,0.003,40,31.5,326,-2.5,0,0,0,0,0,0,0,0,0,2706

Main.js:462 170.734,220.563,27,27,0.846,0.43,0.045,0.023,31,0,0,1,0,0,0,0,282.535,278.031,2.228,1.135,0,0,0,0,0,0,0,0,333.07,309.453,177,295.5,-0.904,0.183,-0.05,0.003,39,29,326,-2.5,0,0,0,0,0,0,0,0,0,2722

Main.js:462 171.581,220.993,27,27,0.846,0.431,0.045,0.023,30,0,0,1,0,0,0,0,284.763,279.166,2.228,1.135,0,0,0,0,0,0,0,0,332.164,309.629,177,294,-0.906,0.176,-0.05,0.003,38,26.5,326,-2.5,0,0,0,0,0,0,0,0,0,2740

Main.js:462 172.427,221.424,27,27,0.846,0.431,0.045,0.023,29,0,0,1,0,0,0,0,286.99,280.301,2.228,1.135,0,0,0,0,0,0,0,0,331.256,309.799,177,292.5,-0.908,0.17,-0.05,0.003,37,24,326,-2.5,0,0,0,0,0,0,0,0,0,2757

Main.js:462 173.274,221.854,27,27,0.846,0.431,0.045,0.023,28,0,0,1,0,0,0,0,289.218,281.436,2.228,1.135,0,0,0,0,0,0,0,0,330.346,309.963,177,291,-0.91,0.164,-0.05,0.003,36,21.5,326,-2.5,0,0,0,0,0,0,0,0,0,2778

Main.js:462 174.12,222.285,27,27,0.846,0.431,0.045,0.023,27,0,0,1,0,0,0,0,291.445,282.571,2.228,1.135,0,0,0,0,0,0,0,0,329.433,310.121,177,289.5,-0.912,0.158,-0.05,0.003,35,19,326,-2.5,0,0,0,0,0,0,0,0,0,2791

Main.js:462 174.966,222.716,27,27,0.846,0.431,0.045,0.023,26,0,0,1,0,0,0,0,293.673,283.706,2.228,1.135,0,0,0,0,0,0,0,0,328.519,310.273,177,288,-0.914,0.153,-0.05,0.003,34,16.5,326,-2.5,0,0,0,0,0,0,0,0,0,2807

Main.js:462 175.813,223.146,27,27,0.846,0.431,0.045,0.023,25,0,0,1,0,0,0,0,295.9,284.841,2.228,1.135,0,0,0,0,0,0,0,0,327.604,310.42,177,286.5,-0.916,0.147,-0.05,0.003,33,14,326,-2.5,0,0,0,0,0,0,0,0,0,2821

Main.js:462 176.659,223.577,27,27,0.846,0.431,0.045,0.023,24,0,0,1,0,0,0,0,298.128,285.975,2.228,1.135,0,0,0,0,0,0,0,0,326.686,310.563,177,285,-0.917,0.143,-0.05,0.003,32,11.5,326,-2.5,0,0,0,0,0,0,0,0,0,2840

Main.js:462 177.506,224.008,27,27,0.846,0.431,0.045,0.023,23,0,0,1,0,0,0,0,300.355,287.11,2.228,1.135,0,0,0,0,0,0,0,0,325.767,310.701,177,283.5,-0.919,0.138,-0.05,0.003,31,9,326,-2.5,0,0,0,0,0,0,0,0,0,2856

Main.js:462 178.352,224.439,27,27,0.846,0.431,0.045,0.023,22,0,0,1,0,0,0,0,302.583,288.245,2.228,1.135,0,0,0,0,0,0,0,0,324.847,310.834,177,282,-0.92,0.133,-0.05,0.003,30,6.5,326,-2.5,0,0,0,0,0,0,0,0,0,2871

Main.js:462 179.199,224.869,27,27,0.846,0.431,0.045,0.023,21,0,0,1,0,0,0,0,304.81,289.38,2.228,1.135,0,0,0,0,0,0,0,0,323.925,310.964,177,280.5,-0.922,0.129,-0.05,0.003,29,4,326,-2.5,0,0,0,0,0,0,0,0,0,2888

Main.js:462 180.045,225.3,27,27,0.846,0.431,0.045,0.023,20,0,0,1,0,0,0,0,307.038,290.515,2.228,1.135,0,0,0,0,0,0,0,0,323.002,311.089,177,279,-0.923,0.125,-0.05,0.003,28,1.5,326,-2.5,0,0,0,0,0,0,0,0,0,2907

Main.js:462 180.891,225.731,27,27,0.846,0.431,0.045,0.023,19,0,0,1,0,0,0,0,307.038,290.515,2.228,1.135,0,0,0,0,0,0,0,0,322.078,311.21,177,277.5,-0.924,0.122,-0.05,0.003,27,0,0,0,0,0,0,0,0,0,0,0,0,2923

Main.js:462 181.738,226.162,27,27,0.846,0.431,0.045,0.023,18,0,0,1,0,0,0,0,309.265,291.65,2.228,1.135,0,0,0,0,0,0,0,0,321.152,311.328,177,276,-0.926,0.118,-0.05,0.003,26,0,0,0,0,0,0,0,0,0,0,0,0,2939

Main.js:462 182.584,226.593,27,27,0.846,0.431,0.045,0.023,17,0,0,1,0,0,0,0,311.493,292.785,2.228,1.135,0,0,0,0,0,0,0,0,320.225,311.443,177,274.5,-0.927,0.115,-0.05,0.003,25,0,0,0,0,0,0,0,0,0,0,0,0,2955

Main.js:462 183.43,227.025,28.5,28.5,0.846,0.432,0.044,0.024,16,0,1,1,0,0,0,0,313.72,293.92,2.228,1.135,0,0,0,0,0,0,0,0,319.297,311.554,177,273,-0.928,0.111,-0.05,0.003,24,0,0,0,0,0,0,0,0,0,0,0,0,2972

Main.js:462 184.275,227.459,30,30,0.845,0.434,0.043,0.025,15,0,1,1,0,0,0,0,315.948,295.055,2.228,1.135,0,0,0,0,0,0,0,0,318.368,311.662,177,271.5,-0.929,0.108,-0.05,0.003,23,0,0,0,0,0,0,0,0,0,0,0,0,2988

Main.js:462 185.118,227.896,31.5,31.5,0.843,0.437,0.043,0.026,14,0,1,1,0,0,0,0,318.175,296.19,2.228,1.135,0,0,0,0,0,0,0,0,317.438,311.768,177,270,-0.93,0.105,-0.05,0.003,22,0,0,0,0,0,0,0,0,0,0,0,0,3005

Main.js:462 185.958,228.338,33,33,0.841,0.441,0.042,0.027,13,0,1,1,0,0,0,0,318.175,296.19,2.228,1.135,0,0,0,0,0,0,0,0,316.508,311.871,175.5,267,-0.931,0.104,-0.05,0.004,21,0,0,0,0,0,0,0,0,0,0,0,0,3021

