Main.js:143 myTank.x,myTank.y,myTank.rotation,myTank.cannonRotation,myTank.velocityX,myTank.velocityY,myTank.accelerationX,myTank.accelerationY,myTank.shootCooldown,myTank.controls.turnLeft,myTank.controls.turnRight,myTank.controls.goForward,myTank.controls.goBack,myTank.controls.shoot,myTank.controls.cannonLeft,myTank.controls.cannonRight,myBullet1.x,myBullet1.y,myBullet1.velocityX,myBullet1.velocityY,myBullet2.x,myBullet2.y,myBullet2.velocityX,myBullet2.velocityY,myBullet3.x,myBullet3.y,myBullet3.velocityX,myBullet3.velocityY,enemyTank.x,enemyTank.y,enemyTank.rotation,enemyTank.cannonRotation,enemyTank.velocityX,enemyTank.velocityY,enemyTank.accelerationX,enemyTank.accelerationY,enemyTank.shootCooldown,enemyBullet1.x,enemyBullet1.y,enemyBullet1.velocityX,enemyBullet1.velocityY,enemyBullet2.x,enemyBullet2.y,enemyBullet2.velocityX,enemyBullet2.velocityY,enemyBullet3.x,enemyBullet3.y,enemyBullet3.velocityX,enemyBullet3.velocityY,currentGameTime
Main.js:462 450,81,180,180,0,0,0,0,0,0,0,0,0,0,0,0,0,0,0,0,0,0,0,0,0,0,0,0,50,419,0,0,0,0,0,0,0,0,0,0,0,0,0,0,0,0,0,0,0,6

Main.js:462 450,81,180,180,0,0,0,0,0,0,0,0,0,0,0,0,0,0,0,0,0,0,0,0,0,0,0,0,50,419,0,0,0,0,0,0,0,0,0,0,0,0,0,0,0,0,0,0,0,21

Main.js:462 450,81,180,180,0,0,0,0,0,0,0,0,0,0,0,0,0,0,0,0,0,0,0,0,0,0,0,0,50.047,419.001,1.5,0,0.047,0.001,0.05,0.001,99,0,0,0,0,0,0,0,0,0,0,0,0,37

Main.js:462 450,81,180,180,0,0,0,0,0,0,0,0,0,0,0,0,0,0,0,0,0,0,0,0,0,0,0,0,50.14,419.005,3,0,0.093,0.004,0.05,0.003,98,73.5,419,2.5,0,0,0,0,0,0,0,0,0,53

Main.js:462 450,81,180,180,0,0,0,0,0,0,0,0,0,0,0,0,0,0,0,0,0,0,0,0,0,0,0,0,50.275,419.012,4.5,0,0.135,0.007,0.05,0.004,97,76,419,2.5,0,0,0,0,0,0,0,0,0,70

Main.js:462 450,81,180,180,0,0,0,0,0,0,0,0,0,0,0,0,0,0,0,0,0,0,0,0,0,0,0,0,50.451,419.024,6,0,0.176,0.012,0.05,0.005,96,78.5,419,2.5,0,0,0,0,0,0,0,0,0,87

Main.js:462 449.953,81,180,180,-0.047,0,-0.05,0,0,0,0,1,0,0,0,0,0,0,0,0,0,0,0,0,0,0,0,0,50.665,419.041,7.5,0,0.214,0.017,0.05,0.007,95,81,419,2.5,0,0,0,0,0,0,0,0,0,103

Main.js:462 449.86,81,180,180,-0.093,0,-0.05,0,0,0,0,1,0,0,0,0,0,0,0,0,0,0,0,0,0,0,0,0,50.915,419.065,9,0,0.25,0.024,0.049,0.008,94,83.5,419,2.5,0,0,0,0,0,0,0,0,0,120

Main.js:462 449.724,81,180,180,-0.135,0,-0.05,0,0,0,0,1,0,0,0,0,0,0,0,0,0,0,0,0,0,0,0,0,51.2,419.097,10.5,0,0.284,0.031,0.049,0.009,93,86,419,2.5,0,0,0,0,0,0,0,0,0,137

Main.js:462 449.548,81,180,180,-0.176,0,-0.05,0,0,0,0,1,0,0,0,0,0,0,0,0,0,0,0,0,0,0,0,0,51.517,419.137,12,0,0.317,0.04,0.049,0.01,92,88.5,419,2.5,0,0,0,0,0,0,0,0,0,153

Main.js:462 449.333,81,180,180,-0.215,0,-0.05,0,0,0,0,1,0,0,0,0,0,0,0,0,0,0,0,0,0,0,0,0,51.864,419.185,13.5,0,0.347,0.049,0.049,0.012,91,91,419,2.5,0,0,0,0,0,0,0,0,0,171

Main.js:462 449.082,81,180,180,-0.252,0,-0.05,0,0,0,0,1,0,0,0,0,0,0,0,0,0,0,0,0,0,0,0,0,52.239,419.244,15,0,0.376,0.059,0.048,0.013,90,93.5,419,2.5,0,0,0,0,0,0,0,0,0,188

Main.js:462 448.795,81,180,180,-0.287,0,-0.05,0,0,0,0,1,0,0,0,0,0,0,0,0,0,0,0,0,0,0,0,0,52.641,419.313,16.5,0,0.402,0.069,0.048,0.014,89,96,419,2.5,0,0,0,0,0,0,0,0,0,204

Main.js:462 448.475,81,180,180,-0.32,0,-0.05,0,0,0,0,1,0,0,0,0,0,0,0,0,0,0,0,0,0,0,0,0,53.069,419.394,18,0,0.427,0.08,0.048,0.015,88,98.5,419,2.5,0,0,0,0,0,0,0,0,0,220

Main.js:462 448.124,81,180,180,-0.351,0,-0.05,0,0,0,0,1,0,0,0,0,0,0,0,0,0,0,0,0,0,0,0,0,53.52,419.486,19.5,0,0.451,0.092,0.047,0.017,87,101,419,2.5,0,0,0,0,0,0,0,0,0,237

Main.js:462 447.743,81,180,180,-0.381,0,-0.05,0,0,0,0,1,0,0,0,0,0,0,0,0,0,0,0,0,0,0,0,0,53.992,419.591,21,0,0.473,0.105,0.047,0.018,86,103.5,419,2.5,0,0,0,0,0,0,0,0,0,254

Main.js:462 447.333,81,180,180,-0.41,0,-0.05,0,0,0,0,1,0,0,0,0,0,0,0,0,0,0,0,0,0,0,0,0,54.485,419.708,22.5,0,0.493,0.118,0.046,0.019,85,106,419,2.5,0,0,0,0,0,0,0,0,0,271

Main.js:462 446.897,81,180,180,-0.437,0,-0.05,0,0,0,0,1,0,0,0,0,0,0,0,0,0,0,0,0,0,0,0,0,54.997,419.84,24,0,0.512,0.131,0.046,0.02,84,108.5,419,2.5,0,0,0,0,0,0,0,0,0,289

Main.js:462 446.434,81,180,180,-0.462,0,-0.05,0,0,0,0,1,0,0,0,0,0,0,0,0,0,0,0,0,0,0,0,0,55.526,419.985,25.5,0,0.529,0.145,0.045,0.022,83,111,419,2.5,0,0,0,0,0,0,0,0,0,305

Main.js:462 445.947,81,180,180,-0.487,0,-0.05,0,0,0,0,1,0,0,0,0,0,0,0,0,0,0,0,0,0,0,0,0,56.07,420.144,27,0,0.545,0.159,0.045,0.023,82,113.5,419,2.5,0,0,0,0,0,0,0,0,0,321

Main.js:462 445.438,81,180,180,-0.51,0,-0.05,0,0,0,0,1,0,0,0,0,0,0,0,0,0,0,0,0,0,0,0,0,56.63,420.318,28.5,0,0.559,0.174,0.044,0.024,81,116,419,2.5,0,0,0,0,0,0,0,0,0,337

Main.js:462 444.906,81,180,180,-0.532,0,-0.05,0,0,0,0,1,0,0,0,0,0,0,0,0,0,0,0,0,0,0,0,0,57.202,420.507,30,0,0.572,0.189,0.043,0.025,80,118.5,419,2.5,0,0,0,0,0,0,0,0,0,354

Main.js:462 444.353,81,180,180,-0.553,0,-0.05,0,0,0,0,1,0,0,0,0,0,0,0,0,0,0,0,0,0,0,0,0,57.787,420.711,31.5,0,0.584,0.204,0.043,0.026,79,121,419,2.5,0,0,0,0,0,0,0,0,0,369

Main.js:462 443.78,81,180,180,-0.573,0,-0.05,0,0,0,0,1,0,0,0,0,0,0,0,0,0,0,0,0,0,0,0,0,58.382,420.931,33,0,0.595,0.22,0.042,0.027,78,123.5,419,2.5,0,0,0,0,0,0,0,0,0,388

Main.js:462 443.189,81,180,180,-0.592,0,-0.05,0,0,0,0,1,0,0,0,0,0,0,0,0,0,0,0,0,0,0,0,0,58.986,421.167,34.5,0,0.604,0.236,0.041,0.028,77,126,419,2.5,0,0,0,0,0,0,0,0,0,405

Main.js:462 442.579,81.001,178.5,178.5,-0.609,0.001,-0.05,0.001,0,1,0,1,0,0,0,0,0,0,0,0,0,0,0,0,0,0,0,0,59.598,421.419,36,0,0.613,0.252,0.04,0.029,76,128.5,419,2.5,0,0,0,0,0,0,0,0,0,420

Main.js:462 441.953,81.005,177,177,-0.626,0.004,-0.05,0.003,0,1,0,1,0,0,0,0,0,0,0,0,0,0,0,0,0,0,0,0,60.218,421.688,37.5,0,0.62,0.268,0.04,0.03,75,131,419,2.5,0,0,0,0,0,0,0,0,0,436

Main.js:462 441.311,81.012,175.5,175.5,-0.642,0.007,-0.05,0.004,0,1,0,1,0,0,0,0,0,0,0,0,0,0,0,0,0,0,0,0,60.844,421.973,39,0,0.626,0.285,0.039,0.031,74,133.5,419,2.5,0,0,0,0,0,0,0,0,0,454

Main.js:462 440.653,81.024,174,174,-0.658,0.012,-0.05,0.005,0,1,0,1,0,0,0,0,0,0,0,0,0,0,0,0,0,0,0,0,61.474,422.274,40.5,0,0.63,0.301,0.038,0.032,73,136,419,2.5,0,0,0,0,0,0,0,0,0,471

Main.js:462 439.981,81.041,172.5,172.5,-0.672,0.017,-0.05,0.007,0,1,0,1,0,0,0,0,0,0,0,0,0,0,0,0,0,0,0,0,62.108,422.592,42,0,0.634,0.318,0.037,0.033,72,138.5,419,2.5,0,0,0,0,0,0,0,0,0,487

Main.js:462 439.296,81.065,171,171,-0.685,0.024,-0.049,0.008,0,1,0,1,0,0,0,0,0,0,0,0,0,0,0,0,0,0,0,0,62.745,422.927,43.5,0,0.637,0.335,0.036,0.034,71,141,419,2.5,0,0,0,0,0,0,0,0,0,504

Main.js:462 438.599,81.097,169.5,169.5,-0.698,0.031,-0.049,0.009,0,1,0,1,0,0,0,0,0,0,0,0,0,0,0,0,0,0,0,0,63.385,423.278,43.5,358.5,0.64,0.351,0.036,0.034,70,143.5,419,2.5,0,0,0,0,0,0,0,0,0,520

Main.js:462 437.89,81.137,168,168,-0.709,0.04,-0.049,0.01,0,1,0,1,0,0,0,0,0,0,0,0,0,0,0,0,0,0,0,0,64.027,423.644,43.5,357,0.642,0.366,0.036,0.034,69,146,419,2.5,0,0,0,0,0,0,0,0,0,537

Main.js:462 437.17,81.185,166.5,166.5,-0.72,0.049,-0.049,0.012,0,1,0,1,0,0,0,0,0,0,0,0,0,0,0,0,0,0,0,0,64.671,424.025,43.5,355.5,0.644,0.38,0.036,0.034,68,148.5,419,2.5,0,0,0,0,0,0,0,0,0,554

Main.js:462 436.44,81.244,165,165,-0.73,0.059,-0.048,0.013,0,1,0,1,0,0,0,0,0,0,0,0,0,0,0,0,0,0,0,0,65.318,424.419,43.5,354,0.647,0.394,0.036,0.034,67,151,419,2.5,0,0,0,0,0,0,0,0,0,570

Main.js:462 435.701,81.313,163.5,163.5,-0.739,0.069,-0.048,0.014,0,1,0,1,0,0,0,0,0,0,0,0,0,0,0,0,0,0,0,0,65.966,424.826,43.5,352.5,0.649,0.407,0.036,0.034,66,153.5,419,2.5,0,0,0,0,0,0,0,0,0,587

Main.js:462 434.954,81.394,162,162,-0.747,0.08,-0.048,0.015,0,1,0,1,0,0,0,0,0,0,0,0,0,0,0,0,0,0,0,0,66.617,425.246,43.5,351,0.651,0.419,0.036,0.034,65,156,419,2.5,0,0,0,0,0,0,0,0,0,603

Main.js:462 434.2,81.486,160.5,160.5,-0.754,0.092,-0.047,0.017,0,1,0,1,0,0,0,0,0,0,0,0,0,0,0,0,0,0,0,0,67.27,425.677,43.5,349.5,0.653,0.431,0.036,0.034,64,158.5,419,2.5,0,0,0,0,0,0,0,0,0,619

Main.js:462 433.438,81.59,160.5,160.5,-0.762,0.104,-0.047,0.017,0,0,0,1,0,0,0,0,0,0,0,0,0,0,0,0,0,0,0,0,67.924,426.119,43.5,348,0.654,0.442,0.036,0.034,63,161,419,2.5,0,0,0,0,0,0,0,0,0,637

Main.js:462 432.67,81.704,160.5,160.5,-0.768,0.114,-0.047,0.017,0,0,0,1,0,0,0,0,0,0,0,0,0,0,0,0,0,0,0,0,68.58,426.572,43.5,346.5,0.656,0.453,0.036,0.034,62,163.5,419,2.5,0,0,0,0,0,0,0,0,0,654

Main.js:462 431.895,81.828,160.5,160.5,-0.775,0.124,-0.047,0.017,0,0,0,1,0,0,0,0,0,0,0,0,0,0,0,0,0,0,0,0,69.238,427.035,43.5,345,0.658,0.463,0.036,0.034,61,166,419,2.5,0,0,0,0,0,0,0,0,0,671

Main.js:462 431.115,81.962,160.5,160.5,-0.781,0.134,-0.047,0.017,0,0,0,1,0,0,0,0,0,0,0,0,0,0,0,0,0,0,0,0,69.898,427.507,43.5,343.5,0.659,0.473,0.036,0.034,60,168.5,419,2.5,0,0,0,0,0,0,0,0,0,686

Main.js:462 430.328,82.105,160.5,160.5,-0.786,0.143,-0.047,0.017,0,0,0,1,0,0,0,0,0,0,0,0,0,0,0,0,0,0,0,0,70.559,427.989,43.5,342,0.661,0.482,0.036,0.034,59,171,419,2.5,0,0,0,0,0,0,0,0,0,704

Main.js:462 429.537,82.257,160.5,160.5,-0.792,0.152,-0.047,0.017,0,0,0,1,0,0,0,0,0,0,0,0,0,0,0,0,0,0,0,0,71.221,428.479,43.5,340.5,0.662,0.49,0.036,0.034,58,173.5,419,2.5,0,0,0,0,0,0,0,0,0,719

Main.js:462 428.74,82.417,160.5,160.5,-0.797,0.16,-0.047,0.017,0,0,0,1,0,0,0,0,0,0,0,0,0,0,0,0,0,0,0,0,71.885,428.978,43.5,339,0.664,0.498,0.036,0.034,57,176,419,2.5,0,0,0,0,0,0,0,0,0,737

Main.js:462 427.938,82.585,160.5,160.5,-0.802,0.168,-0.047,0.017,0,0,0,1,0,0,0,0,0,0,0,0,0,0,0,0,0,0,0,0,72.55,429.484,43.5,337.5,0.665,0.506,0.036,0.034,56,178.5,419,2.5,0,0,0,0,0,0,0,0,0,754

Main.js:462 427.131,82.761,160.5,160.5,-0.807,0.175,-0.047,0.017,0,0,0,1,0,0,0,0,0,0,0,0,0,0,0,0,0,0,0,0,73.216,429.997,43.5,336,0.666,0.514,0.036,0.034,55,181,419,2.5,0,0,0,0,0,0,0,0,0,772

Main.js:462 426.32,82.943,160.5,160.5,-0.811,0.183,-0.047,0.017,0,0,0,1,0,0,0,0,0,0,0,0,0,0,0,0,0,0,0,0,73.883,430.518,43.5,334.5,0.667,0.521,0.036,0.034,54,183.5,419,2.5,0,0,0,0,0,0,0,0,0,789

Main.js:462 425.505,83.133,160.5,160.5,-0.815,0.189,-0.047,0.017,0,0,0,1,0,0,0,0,0,0,0,0,0,0,0,0,0,0,0,0,74.551,431.045,43.5,333,0.668,0.527,0.036,0.034,53,186,419,2.5,0,0,0,0,0,0,0,0,0,803

Main.js:462 424.686,83.329,159,159,-0.819,0.197,-0.047,0.018,0,1,0,1,0,0,0,0,0,0,0,0,0,0,0,0,0,0,0,0,75.221,431.579,43.5,331.5,0.669,0.534,0.036,0.034,52,188.5,419,2.5,0,0,0,0,0,0,0,0,0,822

Main.js:462 423.864,83.534,157.5,157.5,-0.822,0.205,-0.046,0.019,0,1,0,1,0,0,0,0,0,0,0,0,0,0,0,0,0,0,0,0,75.891,432.118,43.5,330,0.67,0.54,0.036,0.034,51,191,419,2.5,0,0,0,0,0,0,0,0,0,836

Main.js:462 423.04,83.749,156,156,-0.824,0.214,-0.046,0.02,0,1,0,1,0,0,0,0,0,0,0,0,0,0,0,0,0,0,0,0,76.563,432.664,43.5,328.5,0.671,0.545,0.036,0.034,50,193.5,419,2.5,0,0,0,0,0,0,0,0,0,852

Main.js:462 422.214,83.973,154.5,154.5,-0.826,0.224,-0.045,0.022,0,1,0,1,0,0,0,0,0,0,0,0,0,0,0,0,0,0,0,0,77.235,433.214,43.5,327,0.672,0.551,0.036,0.034,49,196,419,2.5,0,0,0,0,0,0,0,0,0,870

Main.js:462 421.387,84.207,153,153,-0.827,0.234,-0.045,0.023,0,1,0,1,0,0,0,0,0,0,0,0,0,0,0,0,0,0,0,0,77.908,433.77,43.5,325.5,0.673,0.556,0.036,0.034,48,198.5,419,2.5,0,0,0,0,0,0,0,0,0,887

Main.js:462 420.56,84.452,151.5,151.5,-0.827,0.245,-0.044,0.024,0,1,0,1,0,0,0,0,0,0,0,0,0,0,0,0,0,0,0,0,78.582,434.331,43.5,324,0.674,0.561,0.036,0.034,47,201,419,2.5,0,0,0,0,0,0,0,0,0,904

Main.js:462 419.733,84.709,150,150,-0.827,0.257,-0.043,0.025,0,1,0,1,0,0,0,0,0,0,0,0,0,0,0,0,0,0,0,0,79.256,434.897,43.5,322.5,0.675,0.565,0.036,0.034,46,203.5,419,2.5,0,0,0,0,0,0,0,0,0,920

Main.js:462 418.907,84.978,148.5,148.5,-0.826,0.269,-0.043,0.026,0,1,0,1,0,0,0,0,0,0,0,0,0,0,0,0,0,0,0,0,79.932,435.466,43.5,321,0.675,0.57,0.036,0.034,45,206,419,2.5,0,0,0,0,0,0,0,0,0,937

Main.js:462 418.082,85.259,147,147,-0.825,0.281,-0.042,0.027,0,1,0,1,0,0,0,0,0,0,0,0,0,0,0,0,0,0,0,0,80.608,436.04,43.5,319.5,0.676,0.574,0.036,0.034,44,208.5,419,2.5,0,0,0,0,0,0,0,0,0,954

Main.js:462 417.26,85.553,145.5,145.5,-0.823,0.294,-0.041,0.028,0,1,0,1,0,0,0,0,0,0,0,0,0,0,0,0,0,0,0,0,81.284,436.619,43.5,318,0.677,0.578,0.036,0.034,43,211,419,2.5,0,0,0,0,0,0,0,0,0,970

Main.js:462 416.44,85.86,144,144,-0.82,0.307,-0.04,0.029,0,1,0,1,0,0,0,0,0,0,0,0,0,0,0,0,0,0,0,0,81.962,437.2,43.5,316.5,0.677,0.582,0.036,0.034,42,213.5,419,2.5,0,0,0,0,0,0,0,0,0,987

Main.js:462 415.623,86.181,142.5,142.5,-0.817,0.321,-0.04,0.03,0,1,0,1,0,0,0,0,0,0,0,0,0,0,0,0,0,0,0,0,82.64,437.786,43.5,315,0.678,0.585,0.036,0.034,41,216,419,2.5,0,0,0,0,0,0,0,0,0,1004

Main.js:462 414.811,86.515,141,141,-0.813,0.335,-0.039,0.031,0,1,0,1,0,0,0,0,0,0,0,0,0,0,0,0,0,0,0,0,83.319,438.374,42,312,0.679,0.588,0.037,0.033,40,218.5,419,2.5,0,0,0,0,0,0,0,0,0,1021

Main.js:462 414.002,86.864,139.5,139.5,-0.808,0.349,-0.038,0.032,0,1,0,1,0,0,0,0,0,0,0,0,0,0,0,0,0,0,0,0,84,438.963,40.5,309,0.681,0.589,0.038,0.032,39,221,419,2.5,0,0,0,0,0,0,0,0,0,1037

Main.js:462 413.199,87.227,138,138,-0.803,0.363,-0.037,0.033,0,1,0,1,0,0,0,0,0,0,0,0,0,0,0,0,0,0,0,0,84.685,439.553,39,306,0.684,0.59,0.039,0.031,38,223.5,419,2.5,0,0,0,0,0,0,0,0,0,1053

Main.js:462 412.401,87.604,138,138,-0.798,0.377,-0.037,0.033,0,0,0,1,0,0,0,0,0,0,0,0,0,0,0,0,0,0,0,0,85.372,440.142,37.5,303,0.688,0.589,0.04,0.03,37,226,419,2.5,0,0,0,0,0,0,0,0,0,1071

Main.js:462 411.608,87.994,138,138,-0.794,0.39,-0.037,0.033,0,0,0,1,0,0,0,0,0,0,0,0,0,0,0,0,0,0,0,0,86.064,440.73,36,300,0.692,0.588,0.04,0.029,36,228.5,419,2.5,0,0,0,0,0,0,0,0,0,1087

Main.js:462 410.819,88.396,138,138,-0.789,0.402,-0.037,0.033,0,0,0,1,0,0,0,0,0,0,0,0,0,0,0,0,0,0,0,0,86.761,441.315,34.5,297,0.696,0.585,0.041,0.028,35,231,419,2.5,0,0,0,0,0,0,0,0,0,1104

Main.js:462 410.033,88.809,138,138,-0.785,0.414,-0.037,0.033,0,0,0,1,0,0,0,0,0,0,0,0,0,0,0,0,0,0,0,0,87.462,441.897,33,294,0.701,0.582,0.042,0.027,34,233.5,419,2.5,0,0,0,0,0,0,0,0,0,1121

Main.js:462 409.252,89.234,138,138,-0.781,0.425,-0.037,0.033,0,0,0,1,0,0,0,0,0,0,0,0,0,0,0,0,0,0,0,0,88.169,442.475,31.5,291,0.707,0.578,0.043,0.026,33,236,419,2.5,0,0,0,0,0,0,0,0,0,1138

Main.js:462 408.475,89.669,138,138,-0.777,0.435,-0.037,0.033,0,0,0,1,0,0,0,0,0,0,0,0,0,0,0,0,0,0,0,0,88.881,443.047,30,288,0.713,0.572,0.043,0.025,32,238.5,419,2.5,0,0,0,0,0,0,0,0,0,1154

Main.js:462 407.701,90.115,138,138,-0.774,0.445,-0.037,0.033,0,0,0,1,0,0,0,0,0,0,0,0,0,0,0,0,0,0,0,0,89.6,443.614,28.5,285,0.719,0.566,0.044,0.024,31,241,419,2.5,0,0,0,0,0,0,0,0,0,1171

Main.js:462 406.931,90.57,138,138,-0.77,0.455,-0.037,0.033,0,0,0,1,0,0,0,0,0,0,0,0,0,0,0,0,0,0,0,0,90.325,444.174,27,282,0.725,0.56,0.045,0.023,30,243.5,419,2.5,0,0,0,0,0,0,0,0,0,1187

Main.js:462 406.164,91.033,138,138,-0.767,0.464,-0.037,0.033,0,0,0,1,0,0,0,0,0,0,0,0,0,0,0,0,0,0,0,0,91.057,444.726,25.5,279,0.732,0.552,0.045,0.022,29,246,419,2.5,0,0,0,0,0,0,0,0,0,1204

Main.js:462 405.4,91.506,138,138,-0.764,0.472,-0.037,0.033,0,0,0,1,0,0,0,0,0,0,0,0,0,0,0,0,0,0,0,0,91.796,445.27,24,276,0.739,0.544,0.046,0.02,28,248.5,419,2.5,0,0,0,0,0,0,0,0,0,1220

Main.js:462 404.639,91.987,138,138,-0.761,0.481,-0.037,0.033,0,0,0,1,0,0,0,0,0,0,0,0,0,0,0,0,0,0,0,0,92.541,445.805,22.5,273,0.745,0.535,0.046,0.019,27,251,419,2.5,0,0,0,0,0,0,0,0,0,1238

Main.js:462 403.881,92.476,136.5,136.5,-0.758,0.489,-0.036,0.034,0,1,0,1,0,0,0,0,0,0,0,0,0,0,0,0,0,0,0,0,93.294,446.33,21,270,0.753,0.525,0.047,0.018,26,253.5,419,2.5,0,0,0,0,0,0,0,0,0,1253

Main.js:462 403.128,92.974,135,135,-0.753,0.498,-0.035,0.035,0,1,0,1,0,0,0,0,0,0,0,0,0,0,0,0,0,0,0,0,94.053,446.845,19.5,267,0.76,0.515,0.047,0.017,25,256,419,2.5,0,0,0,0,0,0,0,0,0,1271

Main.js:462 402.379,93.482,133.5,133.5,-0.748,0.508,-0.034,0.036,0,1,0,1,0,0,0,0,0,0,0,0,0,0,0,0,0,0,0,0,94.82,447.348,18,264,0.767,0.504,0.048,0.015,24,258.5,419,2.5,0,0,0,0,0,0,0,0,0,1288

Main.js:462 401.637,94,132,132,-0.743,0.518,-0.033,0.037,0,1,0,1,0,0,0,0,0,0,0,0,0,0,0,0,0,0,0,0,95.594,447.84,16.5,261,0.774,0.492,0.048,0.014,23,261,419,2.5,0,0,0,0,0,0,0,0,0,1304

Main.js:462 400.9,94.528,130.5,130.5,-0.736,0.528,-0.032,0.038,0,1,0,1,0,0,0,0,0,0,0,0,0,0,0,0,0,0,0,0,96.376,448.32,15,258,0.781,0.48,0.048,0.013,22,263.5,419,2.5,0,0,0,0,0,0,0,0,0,1319

Main.js:462 400.171,95.067,129,129,-0.729,0.539,-0.031,0.039,0,1,0,1,0,0,0,0,0,0,0,0,0,0,0,0,0,0,0,0,97.164,448.787,13.5,255,0.788,0.467,0.049,0.012,21,266,419,2.5,0,0,0,0,0,0,0,0,0,1338

Main.js:462 399.449,95.616,127.5,127.5,-0.722,0.549,-0.03,0.04,0,1,0,1,0,0,0,0,0,0,0,0,0,0,0,0,0,0,0,0,97.959,449.24,12,252,0.795,0.453,0.049,0.01,20,268.5,419,2.5,0,0,0,0,0,0,0,0,0,1354

Main.js:462 398.735,96.176,126,126,-0.714,0.56,-0.029,0.04,99,1,0,1,0,1,0,0,0,0,0,0,0,0,0,0,0,0,0,0,98.762,449.679,10.5,249,0.802,0.439,0.049,0.009,19,271,419,2.5,0,0,0,0,0,0,0,0,0,1371

Main.js:462 398.03,96.748,124.5,124.5,-0.705,0.571,-0.028,0.041,98,1,0,1,0,1,0,0,385.636,114.628,-1.469,2.023,0,0,0,0,0,0,0,0,99.571,450.104,9,246,0.809,0.425,0.049,0.008,18,273.5,419,2.5,0,0,0,0,0,0,0,0,0,1388

Main.js:462 397.335,97.331,123,123,-0.696,0.583,-0.027,0.042,97,1,0,1,0,1,0,0,384.166,116.651,-1.469,2.023,0,0,0,0,0,0,0,0,100.387,450.514,7.5,243,0.816,0.41,0.05,0.007,17,276,419,2.5,0,0,0,0,0,0,0,0,0,1403

Main.js:462 396.649,97.925,121.5,121.5,-0.686,0.594,-0.026,0.043,96,1,0,1,0,1,0,0,382.697,118.673,-1.469,2.023,0,0,0,0,0,0,0,0,101.209,450.908,6,240,0.822,0.394,0.05,0.005,16,278.5,419,2.5,0,0,0,0,0,0,0,0,0,1420

Main.js:462 395.974,98.53,120,120,-0.675,0.606,-0.025,0.043,95,1,0,1,0,1,0,0,381.227,120.696,-1.469,2.023,0,0,0,0,0,0,0,0,102.038,451.286,4.5,237,0.828,0.378,0.05,0.004,15,281,419,2.5,0,0,0,0,0,0,0,0,0,1437

Main.js:462 395.309,99.147,120,120,-0.665,0.616,-0.025,0.043,94,0,0,1,0,1,0,0,379.758,122.718,-1.469,2.023,0,0,0,0,0,0,0,0,102.872,451.648,3,234,0.835,0.362,0.05,0.003,14,283.5,419,2.5,0,0,0,0,0,0,0,0,0,1455

Main.js:462 394.653,99.773,120,120,-0.656,0.627,-0.025,0.043,93,0,0,1,0,0,0,0,378.289,124.741,-1.469,2.023,0,0,0,0,0,0,0,0,103.712,451.993,1.5,231,0.84,0.345,0.05,0.001,13,286,419,2.5,0,0,0,0,0,0,0,0,0,1471

Main.js:462 394.007,100.41,120,120,-0.647,0.636,-0.025,0.043,92,0,0,1,0,0,0,0,376.819,126.763,-1.469,2.023,0,0,0,0,0,0,0,0,104.558,452.321,0,228,0.846,0.328,0.05,0,12,288.5,419,2.5,0,0,0,0,0,0,0,0,0,1488

Main.js:462 393.369,101.055,120,120,-0.638,0.646,-0.025,0.043,91,0,0,1,0,0,0,0,375.35,128.786,-1.469,2.023,0,0,0,0,0,0,0,0,105.409,452.631,358.5,225,0.851,0.31,0.05,-0.001,11,291,419,2.5,0,0,0,0,0,0,0,0,0,1504

Main.js:462 392.739,101.71,120,120,-0.63,0.655,-0.025,0.043,90,0,0,1,0,0,0,0,373.88,130.808,-1.469,2.023,0,0,0,0,0,0,0,0,106.265,452.923,357,222,0.856,0.292,0.05,-0.003,10,293.5,419,2.5,0,0,0,0,0,0,0,0,0,1519

Main.js:462 392.117,102.373,120,120,-0.622,0.663,-0.025,0.043,89,0,0,1,0,0,0,0,372.411,132.831,-1.469,2.023,0,0,0,0,0,0,0,0,107.125,453.197,355.5,219,0.86,0.274,0.05,-0.004,9,296,419,2.5,0,0,0,0,0,0,0,0,0,1536

Main.js:462 391.502,103.044,120,120,-0.615,0.671,-0.025,0.043,88,0,0,1,0,0,0,0,370.941,134.853,-1.469,2.023,0,0,0,0,0,0,0,0,107.99,453.452,354,216,0.865,0.255,0.05,-0.005,8,298.5,419,2.5,0,0,0,0,0,0,0,0,0,1554

Main.js:462 390.894,103.723,120,120,-0.608,0.679,-0.025,0.043,87,0,0,1,0,0,0,0,369.472,136.876,-1.469,2.023,0,0,0,0,0,0,0,0,108.858,453.688,352.5,213,0.868,0.236,0.05,-0.007,7,301,419,2.5,0,0,0,0,0,0,0,0,0,1571

Main.js:462 390.293,104.409,120,120,-0.601,0.686,-0.025,0.043,86,0,0,1,0,0,0,0,368.002,138.899,-1.469,2.023,0,0,0,0,0,0,0,0,109.73,453.905,351,210,0.872,0.217,0.049,-0.008,6,303.5,419,2.5,0,0,0,0,0,0,0,0,0,1588

Main.js:462 389.698,105.101,120,120,-0.595,0.693,-0.025,0.043,85,0,0,1,0,0,0,0,366.533,140.921,-1.469,2.023,0,0,0,0,0,0,0,0,110.605,454.103,349.5,207,0.875,0.197,0.049,-0.009,5,306,419,2.5,0,0,0,0,0,0,0,0,0,1603

Main.js:462 389.11,105.8,120,120,-0.589,0.699,-0.025,0.043,84,0,0,1,0,0,0,0,365.063,142.944,-1.469,2.023,0,0,0,0,0,0,0,0,111.483,454.28,348,204,0.878,0.178,0.049,-0.01,4,308.5,419,2.5,0,0,0,0,0,0,0,0,0,1621

Main.js:462 388.526,106.506,120,120,-0.583,0.705,-0.025,0.043,83,0,0,1,0,0,0,0,363.594,144.966,-1.469,2.023,0,0,0,0,0,0,0,0,112.363,454.438,346.5,201,0.88,0.158,0.049,-0.012,3,311,419,2.5,0,0,0,0,0,0,0,0,0,1637

Main.js:462 387.949,107.217,120,120,-0.578,0.711,-0.025,0.043,82,0,0,1,0,0,0,0,362.124,146.989,-1.469,2.023,0,0,0,0,0,0,0,0,113.245,454.576,345,198,0.882,0.138,0.048,-0.013,2,313.5,419,2.5,0,0,0,0,0,0,0,0,0,1655

Main.js:462 387.4,107.893,120,120,-0.549,0.676,0,0,81,0,0,0,0,0,0,0,360.655,149.011,-1.469,2.023,0,0,0,0,0,0,0,0,114.129,454.693,343.5,195,0.883,0.117,0.048,-0.014,1,316,419,2.5,0,0,0,0,0,0,0,0,0,1673

Main.js:462 386.878,108.535,120,120,-0.521,0.642,0,0,80,0,0,0,0,0,0,0,359.186,151.034,-1.469,2.023,0,0,0,0,0,0,0,0,115.013,454.789,342,192,0.884,0.097,0.048,-0.015,0,318.5,419,2.5,0,0,0,0,0,0,0,0,0,1687

Main.js:462 386.383,109.144,120,120,-0.495,0.61,0,0,79,0,0,0,0,0,0,0,357.716,153.056,-1.469,2.023,0,0,0,0,0,0,0,0,115.898,454.865,340.5,189,0.885,0.076,0.047,-0.017,99,321,419,2.5,0,0,0,0,0,0,0,0,0,1704

Main.js:462 385.913,109.724,120,120,-0.471,0.579,0,0,78,0,0,0,0,0,0,0,356.247,155.079,-1.469,2.023,0,0,0,0,0,0,0,0,116.783,454.92,339,186,0.885,0.055,0.047,-0.018,98,323.5,419,2.5,0,91.802,451.113,-2.469,-0.391,0,0,0,0,1719

Main.js:462 385.466,110.274,120,120,-0.447,0.55,0,0,77,0,0,0,0,0,0,0,354.777,157.101,-1.469,2.023,0,0,0,0,0,0,0,0,117.668,454.955,337.5,183,0.885,0.034,0.046,-0.019,97,326,419,2.5,0,89.333,450.722,-2.469,-0.391,0,0,0,0,1737

Main.js:462 385.041,110.797,120,120,-0.425,0.523,0,0,76,0,0,0,0,0,0,0,353.308,159.124,-1.469,2.023,0,0,0,0,0,0,0,0,118.552,454.968,336,180,0.884,0.013,0.046,-0.02,96,328.5,419,2.5,0,86.864,450.331,-2.469,-0.391,0,0,0,0,1755

Main.js:462 384.637,111.293,120,120,-0.403,0.497,0,0,75,0,0,0,0,0,0,0,351.838,161.146,-1.469,2.023,0,0,0,0,0,0,0,0,119.434,454.96,334.5,177,0.883,-0.008,0.045,-0.022,95,331,419,2.5,0,84.395,449.94,-2.469,-0.391,0,0,0,0,1770

Main.js:462 384.254,111.765,120,120,-0.383,0.472,0,0,74,0,0,0,0,0,0,0,350.369,163.169,-1.469,2.023,0,0,0,0,0,0,0,0,120.315,454.931,333,174,0.881,-0.029,0.045,-0.023,94,333.5,419,2.5,0,81.926,449.549,-2.469,-0.391,0,0,0,0,1787

Main.js:462 383.89,112.213,120,120,-0.364,0.448,0,0,73,0,0,0,0,0,0,0,348.899,165.192,-1.469,2.023,0,0,0,0,0,0,0,0,121.193,454.88,331.5,171,0.878,-0.05,0.044,-0.024,93,336,419,2.5,0,79.456,449.158,-2.469,-0.391,0,0,0,0,1805

Main.js:462 383.544,112.639,120,120,-0.346,0.426,0,0,72,0,0,0,0,1,0,0,347.43,167.214,-1.469,2.023,0,0,0,0,0,0,0,0,122.069,454.809,330,168,0.876,-0.072,0.043,-0.025,92,338.5,419,2.5,0,76.987,448.767,-2.469,-0.391,0,0,0,0,1821

Main.js:462 383.216,113.044,120,120,-0.329,0.405,0,0,71,0,0,0,0,1,0,0,345.96,169.237,-1.469,2.023,0,0,0,0,0,0,0,0,122.941,454.716,328.5,165,0.872,-0.093,0.043,-0.026,91,341,419,2.5,0,74.518,448.375,-2.469,-0.391,0,0,0,0,1836

Main.js:462 382.903,113.428,120,120,-0.312,0.384,0,0,70,0,0,0,0,1,0,0,344.491,171.259,-1.469,2.023,0,0,0,0,0,0,0,0,123.81,454.602,327,162,0.869,-0.114,0.042,-0.027,90,343.5,419,2.5,0,72.049,447.984,-2.469,-0.391,0,0,0,0,1854

Main.js:462 382.607,113.793,120,120,-0.297,0.365,0,0,69,0,0,0,0,1,0,0,343.021,173.282,-1.469,2.023,0,0,0,0,0,0,0,0,124.674,454.467,325.5,159,0.864,-0.135,0.041,-0.028,89,346,419,2.5,0,69.579,447.593,-2.469,-0.391,0,0,0,0,1871

Main.js:462 382.325,114.14,120,120,-0.282,0.347,0,0,68,0,0,0,0,0,0,0,341.552,175.304,-1.469,2.023,0,0,0,0,0,0,0,0,125.534,454.31,324,156,0.86,-0.156,0.04,-0.029,88,348.5,419,2.5,0,67.11,447.202,-2.469,-0.391,0,0,0,0,1887

Main.js:462 382.057,114.47,120,120,-0.268,0.329,0,0,67,0,0,0,0,0,0,0,340.083,177.327,-1.469,2.023,0,0,0,0,0,0,0,0,126.388,454.133,322.5,153,0.854,-0.177,0.04,-0.03,87,351,419,2.5,0,64.641,446.811,-2.469,-0.391,0,0,0,0,1905

Main.js:462 381.803,114.783,120,120,-0.254,0.313,0,0,66,0,0,0,0,0,0,0,338.613,179.349,-1.469,2.023,0,0,0,0,0,0,0,0,127.236,453.934,321,150,0.848,-0.199,0.039,-0.031,86,353.5,419,2.5,0,62.172,446.42,-2.469,-0.391,0,0,0,0,1919

Main.js:462 381.562,115.08,120,120,-0.242,0.297,0,0,65,0,0,0,0,0,0,0,337.144,181.372,-1.469,2.023,0,0,0,0,0,0,0,0,128.079,453.715,319.5,147,0.842,-0.219,0.038,-0.032,85,356,419,2.5,0,59.703,446.029,-2.469,-0.391,0,0,0,0,1937

Main.js:462 381.332,115.363,120,120,-0.229,0.283,0,0,64,0,0,0,0,0,0,0,335.674,183.394,-1.469,2.023,0,0,0,0,0,0,0,0,128.914,453.475,318,144,0.835,-0.24,0.037,-0.033,84,358.5,419,2.5,0,57.233,445.638,-2.469,-0.391,0,0,0,0,1953

Main.js:462 381.114,115.631,120,120,-0.218,0.268,0,0,63,0,0,0,0,0,0,0,334.205,185.417,-1.469,2.023,0,0,0,0,0,0,0,0,129.742,453.214,316.5,141,0.828,-0.261,0.036,-0.034,83,361,419,2.5,0,54.764,445.247,-2.469,-0.391,0,0,0,0,1970

Main.js:462 380.907,115.886,120,120,-0.207,0.255,0,0,62,0,0,0,0,0,0,0,332.735,187.44,-1.469,2.023,0,0,0,0,0,0,0,0,130.562,452.932,315,138,0.82,-0.281,0.035,-0.035,82,363.5,419,2.5,0,52.295,444.856,-2.469,-0.391,0,0,0,0,1987

Main.js:462 380.71,116.128,120,120,-0.197,0.242,0,0,61,0,0,0,0,1,0,0,331.266,189.462,-1.469,2.023,0,0,0,0,0,0,0,0,131.374,452.63,313.5,135,0.812,-0.302,0.034,-0.036,81,366,419,2.5,0,49.826,444.465,-2.469,-0.391,0,0,0,0,2005

Main.js:462 380.5,116.399,120,120,-0.211,0.271,-0.025,0.043,60,0,0,1,0,1,0,0,329.796,191.485,-1.469,2.023,0,0,0,0,0,0,0,0,132.179,452.31,315,135,0.805,-0.32,0.035,-0.035,80,368.5,419,2.5,0,47.356,444.074,-2.469,-0.391,0,0,0,0,2020

Main.js:462 380.276,116.698,120,120,-0.224,0.299,-0.025,0.043,59,0,0,1,0,1,0,0,328.327,193.507,-1.469,2.023,0,0,0,0,0,0,0,0,132.978,451.973,316.5,135,0.799,-0.337,0.036,-0.034,79,371,419,2.5,0,44.887,443.682,-2.469,-0.391,0,0,0,0,2036

Main.js:462 380.039,117.023,120,120,-0.236,0.325,-0.025,0.043,58,0,0,1,0,1,0,0,326.857,195.53,-1.469,2.023,0,0,0,0,0,0,0,0,133.772,451.621,318,135,0.794,-0.352,0.037,-0.033,78,373.5,419,2.5,0,42.418,443.291,-2.469,-0.391,0,0,0,0,2054

Main.js:462 379.791,117.373,120,120,-0.248,0.35,-0.025,0.043,57,0,0,1,0,1,0,0,325.388,197.552,-1.469,2.023,0,0,0,0,0,0,0,0,134.563,451.256,319.5,135,0.791,-0.365,0.038,-0.032,77,376,419,2.5,0,39.949,442.9,-2.469,-0.391,0,0,0,0,2070

Main.js:462 379.531,117.747,120,120,-0.26,0.374,-0.025,0.043,56,0,0,1,0,1,0,0,323.918,199.575,-1.469,2.023,0,0,0,0,0,0,0,0,135.351,450.879,321,135,0.788,-0.377,0.039,-0.031,76,378.5,419,2.5,0,37.48,442.509,-2.469,-0.391,0,0,0,0,2087

Main.js:462 379.261,118.143,120,120,-0.27,0.396,-0.025,0.043,55,0,0,1,0,0,0,0,322.449,201.597,-1.469,2.023,0,0,0,0,0,0,0,0,136.138,450.492,322.5,135,0.786,-0.387,0.04,-0.03,75,381,419,2.5,0,35.01,442.118,-2.469,-0.391,0,0,0,0,2103

Main.js:462 378.98,118.56,120,120,-0.281,0.417,-0.025,0.043,54,0,0,1,0,0,0,0,320.979,203.62,-1.469,2.023,0,0,0,0,0,0,0,0,136.923,450.097,324,135,0.786,-0.395,0.04,-0.029,74,383.5,419,2.5,0,32.541,441.727,-2.469,-0.391,0,0,0,0,2120

Main.js:462 378.69,118.997,120,120,-0.29,0.438,-0.025,0.043,53,0,0,1,0,0,0,0,319.51,205.642,-1.469,2.023,0,0,0,0,0,0,0,0,137.709,449.694,325.5,135,0.785,-0.403,0.041,-0.028,73,386,419,2.5,0,30.072,441.336,-2.469,-0.391,0,0,0,0,2137

Main.js:462 378.39,119.454,120,120,-0.3,0.457,-0.025,0.043,52,0,0,1,0,0,0,0,318.041,207.665,-1.469,2.023,0,0,0,0,0,0,0,0,138.495,449.286,327,135,0.786,-0.408,0.042,-0.027,72,388.5,419,2.5,0,27.603,440.945,-2.469,-0.391,0,0,0,0,2155

Main.js:462 378.082,119.929,120,120,-0.308,0.475,-0.025,0.043,51,0,0,1,0,0,0,0,316.571,209.688,-1.469,2.023,0,0,0,0,0,0,0,0,139.282,448.873,328.5,135,0.787,-0.413,0.043,-0.026,71,391,419,2.5,0,25.133,440.554,-2.469,-0.391,0,0,0,0,2170

Main.js:462 377.765,120.422,120,120,-0.317,0.493,-0.025,0.043,50,0,0,1,0,0,0,0,315.102,211.71,-1.469,2.023,0,0,0,0,0,0,0,0,140.071,448.457,330,135,0.789,-0.416,0.043,-0.025,70,393.5,419,2.5,0,22.664,440.163,-2.469,-0.391,0,0,0,0,2187

Main.js:462 377.44,120.931,120,120,-0.325,0.509,-0.025,0.043,49,0,0,1,0,0,0,0,313.632,213.733,-1.469,2.023,0,0,0,0,0,0,0,0,140.862,448.039,331.5,135,0.791,-0.418,0.044,-0.024,69,396,419,2.5,0,20.195,439.772,-2.469,-0.391,0,0,0,0,2204

Main.js:462 377.108,121.456,120,120,-0.332,0.525,-0.025,0.043,48,0,0,1,0,0,0,0,312.163,215.755,-1.469,2.023,0,0,0,0,0,0,0,0,141.656,447.621,333,135,0.794,-0.418,0.045,-0.023,68,398.5,419,2.5,0,17.726,439.381,-2.469,-0.391,0,0,0,0,2220

Main.js:462 376.769,121.995,120,120,-0.339,0.54,-0.025,0.043,47,0,0,1,0,0,0,0,310.693,217.778,-1.469,2.023,0,0,0,0,0,0,0,0,142.454,447.203,334.5,135,0.797,-0.418,0.045,-0.022,67,401,419,2.5,0,15.257,438.989,-2.469,-0.391,0,0,0,0,2237

Main.js:462 376.423,122.549,120,120,-0.346,0.554,-0.025,0.043,46,0,0,1,0,0,0,0,309.224,219.8,-1.469,2.023,0,0,0,0,0,0,0,0,143.254,446.786,336,135,0.801,-0.416,0.046,-0.02,66,403.5,419,2.5,0,12.787,438.598,-2.469,-0.391,0,0,0,0,2253

Main.js:462 376.07,123.116,120,120,-0.353,0.567,-0.025,0.043,45,0,0,1,0,1,0,0,307.754,221.823,-1.469,2.023,0,0,0,0,0,0,0,0,144.059,446.373,337.5,135,0.805,-0.414,0.046,-0.019,65,406,419,2.5,0,10.318,438.207,-2.469,-0.391,0,0,0,0,2271

Main.js:462 375.712,123.696,120,120,-0.359,0.58,-0.025,0.043,44,0,0,1,0,1,0,0,306.285,223.845,-1.469,2.023,0,0,0,0,0,0,0,0,144.868,445.963,339,135,0.809,-0.41,0.047,-0.018,64,408.5,419,2.5,0,7.849,437.816,-2.469,-0.391,0,0,0,0,2286

Main.js:462 375.347,124.289,120,120,-0.364,0.592,-0.025,0.043,43,0,0,1,0,1,0,0,304.815,225.868,-1.469,2.023,0,0,0,0,0,0,0,0,145.681,445.557,340.5,135,0.813,-0.405,0.047,-0.017,63,411,419,2.5,0,5.38,437.425,-2.469,-0.391,0,0,0,0,2304

Main.js:462 374.977,124.892,120,120,-0.37,0.604,-0.025,0.043,42,0,0,1,0,1,0,0,303.346,227.89,-1.469,2.023,0,0,0,0,0,0,0,0,146.498,445.157,342,135,0.818,-0.4,0.048,-0.015,62,413.5,419,2.5,0,2.91,437.034,-2.469,-0.391,0,0,0,0,2321

Main.js:462 374.602,125.507,120,120,-0.375,0.615,-0.025,0.043,41,0,0,1,0,0,0,0,301.876,229.913,-1.469,2.023,0,0,0,0,0,0,0,0,147.321,444.764,343.5,135,0.822,-0.393,0.048,-0.014,61,416,419,2.5,0,0.441,436.643,-2.469,-0.391,0,0,0,0,2338

Main.js:462 374.222,126.132,120,120,-0.38,0.625,-0.025,0.043,40,0,0,1,0,0,0,0,300.407,231.935,-1.469,2.023,0,0,0,0,0,0,0,0,148.148,444.378,345,135,0.827,-0.386,0.048,-0.013,60,418.5,419,2.5,0,0,0,0,0,0,0,0,0,2354

Main.js:462 373.837,126.767,120,120,-0.385,0.635,-0.025,0.043,39,0,0,1,0,0,0,0,298.938,233.958,-1.469,2.023,0,0,0,0,0,0,0,0,148.979,444,346.5,135,0.832,-0.378,0.049,-0.012,59,421,419,2.5,0,0,0,0,0,0,0,0,0,2371

Main.js:462 373.447,127.411,120,120,-0.389,0.644,-0.025,0.043,38,0,0,1,0,0,0,0,297.468,235.981,-1.469,2.023,0,0,0,0,0,0,0,0,149.816,443.632,348,135,0.837,-0.369,0.049,-0.01,58,423.5,419,2.5,0,0,0,0,0,0,0,0,0,2386

Main.js:462 373.053,128.064,120,120,-0.394,0.653,-0.025,0.043,37,0,0,1,0,0,0,0,295.999,238.003,-1.469,2.023,0,0,0,0,0,0,0,0,150.658,443.273,349.5,135,0.842,-0.359,0.049,-0.009,57,426,419,2.5,0,0,0,0,0,0,0,0,0,2403

Main.js:462 372.656,128.726,120,120,-0.398,0.662,-0.025,0.043,36,0,0,1,0,0,0,0,294.529,240.026,-1.469,2.023,0,0,0,0,0,0,0,0,151.504,442.924,351,135,0.846,-0.348,0.049,-0.008,56,428.5,419,2.5,0,0,0,0,0,0,0,0,0,2420

Main.js:462 372.254,129.396,120,120,-0.402,0.67,-0.025,0.043,35,0,0,1,0,1,0,0,293.06,242.048,-1.469,2.023,0,0,0,0,0,0,0,0,152.355,442.587,352.5,135,0.851,-0.337,0.05,-0.007,55,431,419,2.5,0,0,0,0,0,0,0,0,0,2438

Main.js:462 371.849,130.073,120,120,-0.405,0.677,-0.025,0.043,34,0,0,1,0,1,0,0,291.59,244.071,-1.469,2.023,0,0,0,0,0,0,0,0,153.211,442.262,354,135,0.856,-0.325,0.05,-0.005,54,433.5,419,2.5,0,0,0,0,0,0,0,0,0,2454

Main.js:462 371.44,130.758,120,120,-0.409,0.685,-0.025,0.043,33,0,0,1,0,1,0,0,290.121,246.093,-1.469,2.023,0,0,0,0,0,0,0,0,154.072,441.949,355.5,135,0.86,-0.313,0.05,-0.004,53,436,419,2.5,0,0,0,0,0,0,0,0,0,2470

Main.js:462 371.028,131.449,120,120,-0.412,0.692,-0.025,0.043,32,0,0,1,0,1,0,0,288.651,248.116,-1.469,2.023,0,0,0,0,0,0,0,0,154.936,441.649,357,135,0.865,-0.3,0.05,-0.003,52,438.5,419,2.5,0,0,0,0,0,0,0,0,0,2487

Main.js:462 370.612,132.147,120,120,-0.415,0.698,-0.025,0.043,31,0,0,1,0,1,0,0,287.182,250.138,-1.469,2.023,0,0,0,0,0,0,0,0,155.806,441.363,358.5,135,0.869,-0.286,0.05,-0.001,51,441,419,2.5,0,0,0,0,0,0,0,0,0,2505

Main.js:462 370.194,132.852,120,120,-0.418,0.704,-0.025,0.043,30,0,0,1,0,0,0,0,285.712,252.161,-1.469,2.023,0,0,0,0,0,0,0,0,156.679,441.091,358.5,133.5,0.873,-0.273,0.05,-0.001,50,443.5,419,2.5,0,0,0,0,0,0,0,0,0,2521

Main.js:462 369.773,133.562,120,120,-0.421,0.71,-0.025,0.043,29,0,0,1,0,0,0,0,284.243,254.183,-1.469,2.023,0,0,0,0,0,0,0,0,157.556,440.83,358.5,132,0.877,-0.26,0.05,-0.001,49,446,419,2.5,0,0,0,0,0,0,0,0,0,2536

Main.js:462 369.349,134.278,120,120,-0.424,0.716,-0.025,0.043,28,0,0,1,0,0,0,0,282.773,256.206,-1.469,2.023,0,0,0,0,0,0,0,0,158.436,440.581,358.5,130.5,0.881,-0.249,0.05,-0.001,48,448.5,419,2.5,0,0,0,0,0,0,0,0,0,2553

Main.js:462 368.923,134.999,120,120,-0.426,0.721,-0.025,0.043,27,0,0,1,0,0,0,0,281.304,258.229,-1.469,2.023,0,0,0,0,0,0,0,0,159.32,440.344,358.5,129,0.884,-0.237,0.05,-0.001,47,451,419,2.5,0,0,0,0,0,0,0,0,0,2570

Main.js:462 368.494,135.726,120,120,-0.429,0.726,-0.025,0.043,26,0,0,1,0,0,0,0,279.835,260.251,-1.469,2.023,0,0,0,0,0,0,0,0,160.208,440.117,358.5,127.5,0.887,-0.227,0.05,-0.001,46,453.5,419,2.5,0,0,0,0,0,0,0,0,0,2587

Main.js:462 368.063,136.457,120,120,-0.431,0.731,-0.025,0.043,25,0,0,1,0,1,0,0,278.365,262.274,-1.469,2.023,0,0,0,0,0,0,0,0,161.098,439.9,358.5,126,0.89,-0.217,0.05,-0.001,45,456,419,2.5,0,0,0,0,0,0,0,0,0,2603

Main.js:462 367.63,137.192,120,120,-0.433,0.736,-0.025,0.043,24,0,0,1,0,1,0,0,276.896,264.296,-1.469,2.023,0,0,0,0,0,0,0,0,161.991,439.693,358.5,124.5,0.893,-0.207,0.05,-0.001,44,458.5,419,2.5,0,0,0,0,0,0,0,0,0,2620

Main.js:462 367.194,137.932,120,120,-0.435,0.74,-0.025,0.043,23,0,0,1,0,1,0,0,275.426,266.319,-1.469,2.023,0,0,0,0,0,0,0,0,162.888,439.495,358.5,123,0.896,-0.198,0.05,-0.001,43,461,419,2.5,0,0,0,0,0,0,0,0,0,2638

Main.js:462 366.757,138.677,120,120,-0.437,0.744,-0.025,0.043,22,0,0,1,0,1,0,0,273.957,268.341,-1.469,2.023,0,0,0,0,0,0,0,0,163.786,439.306,358.5,121.5,0.899,-0.189,0.05,-0.001,42,463.5,419,2.5,0,0,0,0,0,0,0,0,0,2655

Main.js:462 366.318,139.425,120,120,-0.439,0.748,-0.025,0.043,21,0,0,1,0,1,0,0,272.487,270.364,-1.469,2.023,0,0,0,0,0,0,0,0,164.688,439.125,358.5,120,0.901,-0.181,0.05,-0.001,41,466,419,2.5,0,0,0,0,0,0,0,0,0,2671

Main.js:462 365.877,140.177,120,120,-0.441,0.752,-0.025,0.043,20,0,0,1,0,0,0,0,271.018,272.386,-1.469,2.023,0,0,0,0,0,0,0,0,165.592,438.951,358.5,118.5,0.904,-0.173,0.05,-0.001,40,468.5,419,2.5,0,0,0,0,0,0,0,0,0,2687

Main.js:462 365.434,140.932,120,120,-0.443,0.755,-0.025,0.043,19,0,0,1,0,0,0,0,269.548,274.409,-1.469,2.023,0,0,0,0,0,0,0,0,166.498,438.785,358.5,117,0.906,-0.166,0.05,-0.001,39,471,419,2.5,0,0,0,0,0,0,0,0,0,2704

Main.js:462 364.99,141.691,120,120,-0.444,0.759,-0.025,0.043,18,0,0,1,0,0,0,0,268.079,276.431,-1.469,2.023,0,0,0,0,0,0,0,0,167.406,438.627,358.5,115.5,0.908,-0.159,0.05,-0.001,38,473.5,419,2.5,0,0,0,0,0,0,0,0,0,2720

Main.js:462 364.544,142.453,120,120,-0.446,0.762,-0.025,0.043,17,0,0,1,0,0,0,0,266.609,278.454,-1.469,2.023,0,0,0,0,0,0,0,0,168.317,438.474,358.5,114,0.91,-0.152,0.05,-0.001,37,476,419,2.5,0,0,0,0,0,0,0,0,0,2738

Main.js:462 364.096,143.218,120,120,-0.447,0.765,-0.025,0.043,16,0,0,1,0,0,0,0,265.14,280.477,-1.469,2.023,0,0,0,0,0,0,0,0,169.229,438.329,358.5,112.5,0.912,-0.146,0.05,-0.001,36,478.5,419,2.5,0,0,0,0,0,0,0,0,0,2755

Main.js:462 363.648,143.986,120,120,-0.449,0.768,-0.025,0.043,15,0,0,1,0,1,0,0,263.67,282.499,-1.469,2.023,0,0,0,0,0,0,0,0,170.143,438.189,358.5,111,0.914,-0.14,0.05,-0.001,35,481,419,2.5,0,0,0,0,0,0,0,0,0,2771

Main.js:462 363.198,144.756,120,120,-0.45,0.771,-0.025,0.043,14,0,0,1,0,1,0,0,262.201,284.522,-1.469,2.023,0,0,0,0,0,0,0,0,171.059,438.055,358.5,109.5,0.916,-0.134,0.05,-0.001,34,483.5,419,2.5,0,0,0,0,0,0,0,0,0,2786

Main.js:462 362.746,145.529,120,120,-0.451,0.773,-0.025,0.043,13,0,0,1,0,1,0,0,260.732,286.544,-1.469,2.023,0,0,0,0,0,0,0,0,171.977,437.926,358.5,108,0.918,-0.129,0.05,-0.001,33,486,419,2.5,0,0,0,0,0,0,0,0,0,2803

Main.js:462 362.294,146.305,120,120,-0.452,0.776,-0.025,0.043,12,0,0,1,0,1,0,0,259.262,288.567,-1.469,2.023,0,0,0,0,0,0,0,0,172.896,437.803,358.5,106.5,0.919,-0.123,0.05,-0.001,32,488.5,419,2.5,0,0,0,0,0,0,0,0,0,2821

Main.js:462 361.84,147.083,120,120,-0.454,0.778,-0.025,0.043,11,0,0,1,0,1,0,0,257.793,290.589,-1.469,2.023,0,0,0,0,0,0,0,0,173.817,437.685,358.5,105,0.921,-0.118,0.05,-0.001,31,491,419,2.5,0,0,0,0,0,0,0,0,0,2836

Main.js:462 361.386,147.864,120,120,-0.455,0.78,-0.025,0.043,10,0,0,1,0,0,0,0,256.323,292.612,-1.469,2.023,0,0,0,0,0,0,0,0,174.739,437.571,358.5,103.5,0.922,-0.114,0.05,-0.001,30,493.5,419,2.5,0,0,0,0,0,0,0,0,0,2854

Main.js:462 360.93,148.646,120,120,-0.456,0.782,-0.025,0.043,9,0,0,1,0,0,0,0,254.854,294.634,-1.469,2.023,0,0,0,0,0,0,0,0,175.663,437.461,358.5,102,0.924,-0.109,0.05,-0.001,29,496,419,2.5,0,0,0,0,0,0,0,0,0,2871

Main.js:462 360.473,149.43,120,120,-0.457,0.784,-0.025,0.043,8,0,0,1,0,0,0,0,253.384,296.657,-1.469,2.023,0,0,0,0,0,0,0,0,176.588,437.356,358.5,100.5,0.925,-0.105,0.05,-0.001,28,498.5,419,2.5,0,0,0,0,0,0,0,0,0,2887

Main.js:462 360.016,150.217,120,120,-0.458,0.786,-0.025,0.043,7,0,0,1,0,0,0,0,253.384,296.657,-1.469,2.023,0,0,0,0,0,0,0,0,177.514,437.255,358.5,99,0.926,-0.101,0.05,-0.001,27,0,0,0,0,0,0,0,0,0,0,0,0,2904

Main.js:462 359.557,151.005,120,120,-0.458,0.788,-0.025,0.043,6,0,0,1,0,0,0,0,251.915,298.679,-1.469,2.023,0,0,0,0,0,0,0,0,178.441,437.158,358.5,97.5,0.927,-0.097,0.05,-0.001,26,0,0,0,0,0,0,0,0,0,0,0,0,2921

Main.js:462 359.098,151.795,120,120,-0.459,0.79,-0.025,0.043,5,0,0,1,0,0,0,0,250.445,300.702,-1.469,2.023,0,0,0,0,0,0,0,0,179.369,437.064,358.5,96,0.928,-0.094,0.05,-0.001,25,0,0,0,0,0,0,0,0,0,0,0,0,2937

Main.js:462 358.638,152.586,120,120,-0.46,0.792,-0.025,0.043,4,0,0,1,0,1,0,0,248.976,302.724,-1.469,2.023,0,0,0,0,0,0,0,0,180.299,436.974,358.5,94.5,0.929,-0.09,0.05,-0.001,24,0,0,0,0,0,0,0,0,0,0,0,0,2954

Main.js:462 358.177,153.379,120,120,-0.461,0.793,-0.025,0.043,3,0,0,1,0,1,0,0,247.506,304.747,-1.469,2.023,0,0,0,0,0,0,0,0,181.229,436.887,358.5,93,0.931,-0.087,0.05,-0.001,23,0,0,0,0,0,0,0,0,0,0,0,0,2970

Main.js:462 357.716,154.174,120,120,-0.462,0.795,-0.025,0.043,2,0,0,1,0,1,0,0,246.037,306.77,-1.469,2.023,0,0,0,0,0,0,0,0,182.161,436.803,358.5,91.5,0.931,-0.084,0.05,-0.001,22,0,0,0,0,0,0,0,0,0,0,0,0,2986

Main.js:462 357.254,154.97,120,120,-0.462,0.796,-0.025,0.043,1,0,0,1,0,1,0,0,244.567,308.792,-1.469,2.023,0,0,0,0,0,0,0,0,183.093,436.722,358.5,90,0.932,-0.081,0.05,-0.001,21,0,0,0,0,0,0,0,0,0,0,0,0,3004

Main.js:462 356.791,155.767,120,120,-0.463,0.797,-0.025,0.043,0,0,0,1,0,0,0,0,243.098,310.815,-1.469,2.023,0,0,0,0,0,0,0,0,184.026,436.643,357,87,0.933,-0.079,0.05,-0.003,20,0,0,0,0,0,0,0,0,0,0,0,0,3022

Main.js:462 356.327,156.566,120,120,-0.463,0.799,-0.025,0.043,0,0,0,1,0,0,0,0,241.628,312.837,-1.469,2.023,0,0,0,0,0,0,0,0,184.96,436.564,355.5,84,0.934,-0.079,0.05,-0.004,19,0,0,0,0,0,0,0,0,0,0,0,0,3037

Main.js:462 355.863,157.366,120,120,-0.464,0.8,-0.025,0.043,0,0,0,1,0,0,0,0,240.159,314.86,-1.469,2.023,0,0,0,0,0,0,0,0,185.895,436.484,354,81,0.934,-0.08,0.05,-0.005,18,0,0,0,0,0,0,0,0,0,0,0,0,3054

Main.js:462 355.399,158.167,120,120,-0.465,0.801,-0.025,0.043,0,0,0,1,0,0,0,0,238.69,316.882,-1.469,2.023,0,0,0,0,0,0,0,0,186.83,436.402,352.5,78,0.935,-0.082,0.05,-0.007,17,0,0,0,0,0,0,0,0,0,0,0,0,3071

Main.js:462 354.934,158.969,120,120,-0.465,0.802,-0.025,0.043,0,0,0,1,0,0,0,0,237.22,318.905,-1.469,2.023,0,0,0,0,0,0,0,0,187.765,436.316,351,75,0.935,-0.086,0.049,-0.008,16,0,0,0,0,0,0,0,0,0,0,0,0,3087

Main.js:462 354.468,159.772,120,120,-0.466,0.803,-0.025,0.043,0,0,0,1,0,0,0,0,235.751,320.927,-1.469,2.023,0,0,0,0,0,0,0,0,188.7,436.226,349.5,72,0.935,-0.09,0.049,-0.009,15,0,0,0,0,0,0,0,0,0,0,0,0,3104

Main.js:462 354.002,160.576,120,120,-0.466,0.804,-0.025,0.043,99,0,0,1,0,1,0,0,234.281,322.95,-1.469,2.023,0,0,0,0,0,0,0,0,189.634,436.131,348,69,0.935,-0.095,0.049,-0.01,14,0,0,0,0,0,0,0,0,0,0,0,0,3120

Main.js:462 353.559,161.34,120,120,-0.443,0.764,0,0,98,0,0,0,0,1,0,0,232.812,324.972,-1.469,2.023,342.718,180.123,-1.25,2.165,0,0,0,0,190.568,436.029,346.5,66,0.934,-0.102,0.049,-0.012,13,0,0,0,0,0,0,0,0,0,0,0,0,3137

Main.js:462 353.139,162.065,120,120,-0.421,0.726,0,0,97,0,0,0,0,1,0,0,231.342,326.995,-1.469,2.023,341.468,182.288,-1.25,2.165,0,0,0,0,191.502,435.92,345,63,0.933,-0.109,0.048,-0.013,12,0,0,0,0,0,0,0,0,0,0,0,0,3153

Main.js:462 352.739,162.755,120,120,-0.4,0.689,0,0,96,0,0,0,0,1,0,0,229.873,329.018,-1.469,2.023,340.218,184.453,-1.25,2.165,0,0,0,0,192.434,435.803,343.5,60,0.932,-0.117,0.048,-0.014,11,0,0,0,0,0,0,0,0,0,0,0,0,3170

Main.js:462 352.359,163.409,120,120,-0.38,0.655,0,0,95,0,0,0,0,0,0,0,228.403,331.04,-1.469,2.023,338.968,186.618,-1.25,2.165,0,0,0,0,193.364,435.677,342,57,0.931,-0.126,0.048,-0.015,10,0,0,0,0,0,0,0,0,0,0,0,0,3187

Main.js:462 351.999,164.032,120,120,-0.361,0.622,0,0,94,0,0,0,0,0,0,0,226.934,333.063,-1.469,2.023,337.718,188.784,-1.25,2.165,0,0,0,0,194.293,435.542,340.5,54,0.929,-0.135,0.047,-0.017,9,0,0,0,0,0,0,0,0,0,0,0,0,3204

Main.js:462 351.656,164.623,120,120,-0.343,0.591,0,0,93,0,0,0,0,0,0,0,225.464,335.085,-1.469,2.023,336.468,190.949,-1.25,2.165,0,0,0,0,195.22,435.396,339,51,0.927,-0.146,0.047,-0.018,8,0,0,0,0,0,0,0,0,0,0,0,0,3220

Main.js:462 351.331,165.184,120,120,-0.325,0.561,0,0,92,0,0,0,0,0,0,0,223.995,337.108,-1.469,2.023,335.218,193.114,-1.25,2.165,0,0,0,0,196.145,435.24,337.5,48,0.924,-0.156,0.046,-0.019,7,0,0,0,0,0,0,0,0,0,0,0,0,3237

Main.js:462 351.022,165.718,120,120,-0.309,0.533,0,0,91,0,0,0,0,0,0,0,222.525,339.13,-1.469,2.023,333.968,195.279,-1.25,2.165,0,0,0,0,197.066,435.072,336,45,0.922,-0.168,0.046,-0.02,6,0,0,0,0,0,0,0,0,0,0,0,0,3254

Main.js:462 350.728,166.224,120,120,-0.294,0.507,0,0,90,0,0,0,0,1,0,0,221.056,341.153,-1.469,2.023,332.718,197.444,-1.25,2.165,0,0,0,0,197.985,434.892,334.5,42,0.918,-0.18,0.045,-0.022,5,0,0,0,0,0,0,0,0,0,0,0,0,3272

Main.js:462 350.449,166.706,120,120,-0.279,0.481,0,0,89,0,0,0,0,1,0,0,219.587,343.175,-1.469,2.023,331.468,199.609,-1.25,2.165,0,0,0,0,198.899,434.699,333,39,0.915,-0.193,0.045,-0.023,4,0,0,0,0,0,0,0,0,0,0,0,0,3288

Main.js:462 350.184,167.163,120,120,-0.265,0.457,0,0,88,0,0,0,0,1,0,0,218.117,345.198,-1.469,2.023,330.218,201.774,-1.25,2.165,0,0,0,0,199.81,434.494,331.5,36,0.911,-0.206,0.044,-0.024,3,0,0,0,0,0,0,0,0,0,0,0,0,3304

Main.js:462 349.932,167.598,120,120,-0.252,0.434,0,0,87,0,0,0,0,1,0,0,216.648,347.22,-1.469,2.023,328.968,203.939,-1.25,2.165,0,0,0,0,200.717,434.275,330,33,0.906,-0.219,0.043,-0.025,2,0,0,0,0,0,0,0,0,0,0,0,0,3322

Main.js:462 349.693,168.01,120,120,-0.239,0.413,0,0,86,0,0,0,0,1,0,0,215.178,349.243,-1.469,2.023,327.718,206.104,-1.25,2.165,0,0,0,0,201.618,434.042,328.5,30,0.902,-0.233,0.043,-0.026,1,0,0,0,0,0,0,0,0,0,0,0,0,3338

Main.js:462 349.465,168.402,120,120,-0.227,0.392,0,0,85,0,0,0,0,1,0,0,213.709,351.265,-1.469,2.023,326.468,208.269,-1.25,2.165,0,0,0,0,202.514,433.794,327,27,0.896,-0.247,0.042,-0.027,0,0,0,0,0,0,0,0,0,0,0,0,0,3354

Main.js:462 349.249,168.775,120,120,-0.216,0.373,0,0,84,0,0,0,0,0,0,0,212.239,353.288,-1.469,2.023,325.218,210.434,-1.25,2.165,0,0,0,0,203.405,433.533,325.5,24,0.891,-0.262,0.041,-0.028,99,0,0,0,0,0,0,0,0,0,0,0,0,3371

Main.js:462 349.044,169.129,120,120,-0.205,0.354,0,0,83,0,0,0,0,0,0,0,210.77,355.311,-1.469,2.023,323.968,212.599,-1.25,2.165,0,0,0,0,204.29,433.256,324,21,0.885,-0.277,0.04,-0.029,98,223.983,443.353,2.284,1.017,0,0,0,0,0,0,0,0,3387

Main.js:462 348.849,169.465,120,120,-0.195,0.336,0,0,82,0,0,0,0,0,0,0,209.3,357.333,-1.469,2.023,322.718,214.764,-1.25,2.165,0,0,0,0,205.168,432.964,322.5,18,0.878,-0.292,0.04,-0.03,97,226.267,444.37,2.284,1.017,0,0,0,0,0,0,0,0,3405

Main.js:462 348.664,169.784,120,120,-0.185,0.319,0,0,81,0,0,0,0,0,0,0,207.831,359.356,-1.469,2.023,321.468,216.929,-1.25,2.165,0,0,0,0,206.039,432.657,321,15,0.871,-0.307,0.039,-0.031,96,228.55,445.386,2.284,1.017,0,0,0,0,0,0,0,0,3421

Main.js:462 348.489,170.088,120,120,-0.176,0.303,0,0,80,0,0,0,0,0,0,0,206.361,361.378,-1.469,2.023,320.218,219.094,-1.25,2.165,0,0,0,0,206.902,432.335,319.5,12,0.864,-0.322,0.038,-0.032,95,230.834,446.403,2.284,1.017,0,0,0,0,0,0,0,0,3437

Main.js:462 348.321,170.376,120,120,-0.167,0.288,0,0,79,0,0,0,0,0,0,0,204.892,363.401,-1.469,2.023,318.968,221.259,-1.25,2.165,0,0,0,0,207.758,431.997,318,9,0.856,-0.338,0.037,-0.033,94,233.118,447.42,2.284,1.017,0,0,0,0,0,0,0,0,3453

Main.js:462 348.163,170.65,120,120,-0.159,0.274,0,0,78,0,0,0,0,0,0,0,203.422,365.423,-1.469,2.023,317.718,223.425,-1.25,2.165,0,0,0,0,208.605,431.643,316.5,6,0.847,-0.354,0.036,-0.034,93,235.402,448.437,2.284,1.017,0,0,0,0,0,0,0,0,3470

Main.js:462 348.012,170.91,120,120,-0.151,0.26,0,0,77,0,0,0,0,0,0,0,201.953,367.446,-1.469,2.023,316.468,225.59,-1.25,2.165,0,0,0,0,209.444,431.273,315,3,0.839,-0.37,0.035,-0.035,92,237.686,449.454,2.284,1.017,0,0,0,0,0,0,0,0,3488

Main.js:462 347.869,171.157,120,120,-0.143,0.247,0,0,76,0,0,0,0,0,0,0,200.484,369.468,-1.469,2.023,315.218,227.755,-1.25,2.165,0,0,0,0,210.273,430.887,313.5,0,0.829,-0.386,0.034,-0.036,91,239.97,450.471,2.284,1.017,0,0,0,0,0,0,0,0,3504

Main.js:462 347.733,171.392,120,120,-0.136,0.235,0,0,75,0,0,0,0,0,0,0,199.014,371.491,-1.469,2.023,313.968,229.92,-1.25,2.165,0,0,0,0,211.093,430.486,312,-3,0.82,-0.402,0.033,-0.037,90,242.254,451.487,2.284,1.017,0,0,0,0,0,0,0,0,3520

Main.js:462 347.603,171.615,120,120,-0.129,0.223,0,0,74,0,0,0,0,0,0,0,197.545,373.513,-1.469,2.023,312.718,232.085,-1.25,2.165,0,0,0,0,211.902,430.068,310.5,-6,0.81,-0.418,0.032,-0.038,89,244.538,452.504,2.284,1.017,0,0,0,0,0,0,0,0,3538

Main.js:462 347.481,171.827,120,120,-0.123,0.212,0,0,73,0,0,0,0,0,0,0,196.075,375.536,-1.469,2.023,311.468,234.25,-1.25,2.165,0,0,0,0,212.701,429.634,309,-9,0.799,-0.434,0.031,-0.039,88,246.821,453.521,2.284,1.017,0,0,0,0,0,0,0,0,3553

Main.js:462 347.364,172.028,120,120,-0.117,0.201,0,0,72,0,0,0,0,0,0,0,194.606,377.559,-1.469,2.023,310.218,236.415,-1.25,2.165,0,0,0,0,213.489,429.184,307.5,-12,0.788,-0.45,0.03,-0.04,87,249.105,454.538,2.284,1.017,0,0,0,0,0,0,0,0,3569

Main.js:462 347.253,172.219,120,120,-0.111,0.191,0,0,71,0,0,0,0,0,0,0,193.136,379.581,-1.469,2.023,308.968,238.58,-1.25,2.165,0,0,0,0,214.266,428.718,306,-15,0.776,-0.466,0.029,-0.04,86,251.389,455.555,2.284,1.017,0,0,0,0,0,0,0,0,3588

Main.js:462 347.148,172.401,120,120,-0.105,0.182,0,0,70,0,0,0,0,0,0,0,191.667,381.604,-1.469,2.023,307.718,240.745,-1.25,2.165,0,0,0,0,215.03,428.237,304.5,-18,0.765,-0.482,0.028,-0.041,85,253.673,456.572,2.284,1.017,0,0,0,0,0,0,0,0,3605

Main.js:462 347.048,172.574,120,120,-0.1,0.173,0,0,69,0,0,0,0,1,0,0,190.197,383.626,-1.469,2.023,306.468,242.91,-1.25,2.165,0,0,0,0,215.783,427.739,303,-21,0.752,-0.497,0.027,-0.042,84,255.957,457.589,2.284,1.017,0,0,0,0,0,0,0,0,3619

Main.js:462 346.953,172.738,120,120,-0.095,0.164,0,0,68,0,0,0,0,1,0,0,188.728,385.649,-1.469,2.023,305.218,245.075,-1.25,2.165,0,0,0,0,216.522,427.226,301.5,-24,0.739,-0.513,0.026,-0.043,83,258.241,458.605,2.284,1.017,0,0,0,0,0,0,0,0,3637

Main.js:462 346.862,172.893,120,120,-0.09,0.156,0,0,67,0,0,0,0,1,0,0,187.258,387.671,-1.469,2.023,303.968,247.24,-1.25,2.165,0,0,0,0,217.248,426.698,300,-27,0.726,-0.528,0.025,-0.043,82,260.525,459.622,2.284,1.017,0,0,0,0,0,0,0,0,3655

Main.js:462 346.777,173.041,120,120,-0.086,0.148,0,0,66,0,0,0,0,1,0,0,185.789,389.694,-1.469,2.023,302.718,249.405,-1.25,2.165,0,0,0,0,217.961,426.154,298.5,-30,0.713,-0.544,0.024,-0.044,81,262.808,460.639,2.284,1.017,0,0,0,0,0,0,0,0,3685

Main.js:462 346.695,173.182,120,120,-0.081,0.141,0,0,65,0,0,0,0,1,0,0,184.319,391.716,-1.469,2.023,301.468,251.57,-1.25,2.165,0,0,0,0,218.659,425.595,297,-33,0.698,-0.559,0.023,-0.045,80,265.092,461.656,2.284,1.017,0,0,0,0,0,0,0,0,3704

Main.js:462 346.618,173.315,120,120,-0.077,0.134,0,0,64,0,0,0,0,0,0,0,182.85,393.739,-1.469,2.023,300.218,253.735,-1.25,2.165,0,0,0,0,219.343,425.021,295.5,-36,0.684,-0.574,0.022,-0.045,79,267.376,462.673,2.284,1.017,0,0,0,0,0,0,0,0,3720

Main.js:462 346.544,173.442,120,120,-0.074,0.127,0,0,63,0,0,0,0,0,0,0,181.381,395.761,-1.469,2.023,298.968,255.9,-1.25,2.165,0,0,0,0,220.012,424.433,294,-39,0.669,-0.589,0.02,-0.046,78,269.66,463.69,2.284,1.017,0,0,0,0,0,0,0,0,3736

Main.js:462 346.451,173.604,120,120,-0.094,0.162,-0.025,0.043,62,0,0,1,0,0,0,0,179.911,397.784,-1.469,2.023,297.718,258.066,-1.25,2.165,0,0,0,0,220.666,423.83,292.5,-42,0.654,-0.603,0.019,-0.046,77,271.944,464.706,2.284,1.017,0,0,0,0,0,0,0,0,3756

Main.js:462 346.338,173.799,120,120,-0.113,0.195,-0.025,0.043,61,0,0,1,0,0,0,0,178.442,399.807,-1.469,2.023,296.468,260.231,-1.25,2.165,0,0,0,0,221.304,423.212,291,-45,0.638,-0.617,0.018,-0.047,76,274.228,465.723,2.284,1.017,0,0,0,0,0,0,0,0,3770

Main.js:462 346.207,174.025,120,120,-0.131,0.226,-0.025,0.043,60,0,0,1,0,0,0,0,176.972,401.829,-1.469,2.023,295.218,262.396,-1.25,2.165,0,0,0,0,221.926,422.581,289.5,-48,0.622,-0.631,0.017,-0.047,75,276.512,466.74,2.284,1.017,0,0,0,0,0,0,0,0,3787

Main.js:462 346.059,174.281,120,120,-0.148,0.256,-0.025,0.043,59,0,0,1,0,0,0,0,175.503,403.852,-1.469,2.023,293.968,264.561,-1.25,2.165,0,0,0,0,222.532,421.936,288,-51,0.606,-0.645,0.015,-0.048,74,278.795,467.757,2.284,1.017,0,0,0,0,0,0,0,0,3805

Main.js:462 345.895,174.565,120,120,-0.164,0.284,-0.025,0.043,58,0,0,1,0,0,0,0,174.033,405.874,-1.469,2.023,292.718,266.726,-1.25,2.165,0,0,0,0,223.121,421.278,286.5,-54,0.589,-0.658,0.014,-0.048,73,281.079,468.774,2.284,1.017,0,0,0,0,0,0,0,0,3820

Main.js:462 345.715,174.876,120,120,-0.18,0.311,-0.025,0.043,57,0,0,1,0,0,0,0,172.564,407.897,-1.469,2.023,291.468,268.891,-1.25,2.165,0,0,0,0,223.693,420.607,285,-57,0.572,-0.671,0.013,-0.048,72,283.363,469.791,2.284,1.017,0,0,0,0,0,0,0,0,3839

Main.js:462 345.52,175.213,120,120,-0.195,0.337,-0.025,0.043,56,0,0,1,0,0,0,0,171.094,409.919,-1.469,2.023,290.218,271.056,-1.25,2.165,0,0,0,0,224.247,419.924,283.5,-60,0.554,-0.684,0.012,-0.049,71,285.647,470.807,2.284,1.017,0,0,0,0,0,0,0,0,3855

Main.js:462 345.312,175.574,120,120,-0.209,0.361,-0.025,0.043,55,0,0,1,0,0,0,0,169.625,411.942,-1.469,2.023,288.968,273.221,-1.25,2.165,0,0,0,0,224.783,419.228,282,-63,0.536,-0.696,0.01,-0.049,70,287.931,471.824,2.284,1.017,0,0,0,0,0,0,0,0,3870

Main.js:462 345.09,175.958,120,120,-0.222,0.384,-0.025,0.043,54,0,0,1,0,0,0,0,168.155,413.964,-1.469,2.023,287.718,275.386,-1.25,2.165,0,0,0,0,225.301,418.52,280.5,-66,0.518,-0.708,0.009,-0.049,69,290.215,472.841,2.284,1.017,0,0,0,0,0,0,0,0,3887

Main.js:462 344.855,176.364,120,120,-0.235,0.406,-0.025,0.043,53,0,0,1,0,0,0,0,166.686,415.987,-1.469,2.023,286.468,277.551,-1.25,2.165,0,0,0,0,225.801,417.801,279,-69,0.5,-0.719,0.008,-0.049,68,292.499,473.858,2.284,1.017,0,0,0,0,0,0,0,0,3904

Main.js:462 344.608,176.791,120,120,-0.247,0.427,-0.025,0.043,52,0,0,1,0,0,0,0,165.216,418.009,-1.469,2.023,285.218,279.716,-1.25,2.165,0,0,0,0,226.282,417.07,277.5,-72,0.481,-0.731,0.007,-0.05,67,294.783,474.875,2.284,1.017,0,0,0,0,0,0,0,0,3921

Main.js:462 344.35,177.238,120,120,-0.258,0.447,-0.025,0.043,51,0,0,1,0,0,0,0,163.747,420.032,-1.469,2.023,283.968,281.881,-1.25,2.165,0,0,0,0,226.744,416.329,276,-75,0.462,-0.741,0.005,-0.05,66,297.066,475.892,2.284,1.017,0,0,0,0,0,0,0,0,3936

Main.js:462 344.081,177.703,120,120,-0.269,0.466,-0.025,0.043,50,0,0,1,0,0,0,0,162.277,422.054,-1.469,2.023,282.718,284.046,-1.25,2.165,0,0,0,0,227.187,415.577,274.5,-78,0.443,-0.752,0.004,-0.05,65,299.35,476.909,2.284,1.017,0,0,0,0,0,0,0,0,3955

Main.js:462 343.802,178.187,120,120,-0.279,0.483,-0.025,0.043,49,0,0,1,0,0,0,0,160.808,424.077,-1.469,2.023,281.468,286.211,-1.25,2.165,0,0,0,0,227.609,414.816,273,-81,0.423,-0.761,0.003,-0.05,64,301.634,477.925,2.284,1.017,0,0,0,0,0,0,0,0,3972

Main.js:462 343.513,178.687,120,120,-0.289,0.5,-0.025,0.043,48,0,0,1,0,0,0,0,159.339,426.1,-1.469,2.023,280.218,288.376,-1.25,2.165,0,0,0,0,228.012,414.045,271.5,-84,0.403,-0.771,0.001,-0.05,63,303.918,478.942,2.284,1.017,0,0,0,0,0,0,0,0,3987

Main.js:462 343.215,179.204,120,120,-0.298,0.516,-0.025,0.043,47,0,0,1,0,0,0,0,157.869,428.122,-1.469,2.023,278.968,290.541,-1.25,2.165,0,0,0,0,228.395,413.265,270,-87,0.383,-0.78,0,-0.05,62,306.202,479.959,2.284,1.017,0,0,0,0,0,0,0,0,4004

Main.js:462 342.931,179.694,120,120,-0.283,0.491,0,0,46,0,0,0,0,1,0,0,156.4,430.145,-1.469,2.023,277.718,292.707,-1.25,2.165,0,0,0,0,228.76,412.477,271.5,-87,0.365,-0.788,0.001,-0.05,61,308.486,480.976,2.284,1.017,0,0,0,0,0,0,0,0,4020

Main.js:462 342.662,180.16,120,120,-0.269,0.466,0,0,45,0,0,0,0,1,0,0,154.93,432.167,-1.469,2.023,276.468,294.872,-1.25,2.165,0,0,0,0,229.109,411.681,273,-87,0.349,-0.796,0.003,-0.05,60,310.77,481.993,2.284,1.017,0,0,0,0,0,0,0,0,4036

Main.js:462 342.406,180.603,120,120,-0.256,0.443,0,0,44,0,0,0,0,1,0,0,153.461,434.19,-1.469,2.023,275.218,297.037,-1.25,2.165,0,0,0,0,229.445,410.877,274.5,-87,0.335,-0.804,0.004,-0.05,59,313.053,483.01,2.284,1.017,0,0,0,0,0,0,0,0,4053

Main.js:462 342.164,181.024,120,120,-0.243,0.421,0,0,43,0,0,0,0,1,0,0,151.991,436.212,-1.469,2.023,273.968,299.202,-1.25,2.165,0,0,0,0,229.768,410.066,276,-87,0.324,-0.811,0.005,-0.05,58,315.337,484.026,2.284,1.017,0,0,0,0,0,0,0,0,4070

Main.js:462 341.933,181.423,120,120,-0.231,0.4,0,0,42,0,0,0,0,1,0,0,150.522,438.235,-1.469,2.023,272.718,301.367,-1.25,2.165,0,0,0,0,230.082,409.249,277.5,-87,0.314,-0.817,0.007,-0.05,57,317.621,485.043,2.284,1.017,0,0,0,0,0,0,0,0,4087

Main.js:462 341.713,181.803,120,120,-0.219,0.38,0,0,41,0,0,0,0,0,0,0,149.052,440.257,-1.469,2.023,271.468,303.532,-1.25,2.165,0,0,0,0,230.387,408.425,279,-87,0.305,-0.823,0.008,-0.049,56,319.905,486.06,2.284,1.017,0,0,0,0,0,0,0,0,4104

Main.js:462 341.505,182.164,120,120,-0.208,0.361,0,0,40,0,0,0,0,0,0,0,147.583,442.28,-1.469,2.023,270.218,305.697,-1.25,2.165,0,0,0,0,230.686,407.596,280.5,-87,0.299,-0.829,0.009,-0.049,55,322.189,487.077,2.284,1.017,0,0,0,0,0,0,0,0,4120

Main.js:462 341.307,182.506,120,120,-0.198,0.343,0,0,39,0,0,0,0,0,0,0,146.113,444.302,-1.469,2.023,268.968,307.862,-1.25,2.165,0,0,0,0,230.98,406.762,282,-87,0.294,-0.834,0.01,-0.049,54,324.473,488.094,2.284,1.017,0,0,0,0,0,0,0,0,4136

Main.js:462 341.119,182.832,120,120,-0.188,0.325,0,0,38,0,0,0,0,0,0,0,144.644,446.325,-1.469,2.023,267.718,310.027,-1.25,2.165,0,0,0,0,231.27,405.924,283.5,-87,0.29,-0.838,0.012,-0.049,53,326.757,489.111,2.284,1.017,0,0,0,0,0,0,0,0,4153

Main.js:462 340.941,183.141,120,120,-0.179,0.309,0,0,37,0,0,0,0,0,0,0,143.174,448.348,-1.469,2.023,266.468,312.192,-1.25,2.165,0,0,0,0,231.558,405.081,285,-87,0.288,-0.842,0.013,-0.048,52,329.04,490.127,2.284,1.017,0,0,0,0,0,0,0,0,4171

Main.js:462 340.771,183.435,120,120,-0.17,0.294,0,0,36,0,0,0,0,0,0,0,141.705,450.37,-1.469,2.023,265.218,314.357,-1.25,2.165,0,0,0,0,231.845,404.236,286.5,-87,0.287,-0.846,0.014,-0.048,51,331.324,491.144,2.284,1.017,0,0,0,0,0,0,0,0,4188

Main.js:462 340.61,183.714,120,120,-0.161,0.279,0,0,35,0,0,0,0,1,0,0,140.236,452.393,-1.469,2.023,263.968,316.522,-1.25,2.165,0,0,0,0,232.132,403.387,288,-87,0.287,-0.849,0.015,-0.048,50,333.608,492.161,2.284,1.017,0,0,0,0,0,0,0,0,4204

Main.js:462 340.457,183.979,120,120,-0.153,0.265,0,0,34,0,0,0,0,1,0,0,138.766,454.415,-1.469,2.023,262.718,318.687,-1.25,2.165,0,0,0,0,232.421,402.536,289.5,-87,0.289,-0.851,0.017,-0.047,49,335.892,493.178,2.284,1.017,0,0,0,0,0,0,0,0,4221

Main.js:462 340.311,184.231,120,120,-0.145,0.252,0,0,33,0,0,0,0,1,0,0,137.297,456.438,-1.469,2.023,261.468,320.852,-1.25,2.165,0,0,0,0,232.713,401.683,291,-87,0.291,-0.853,0.018,-0.047,48,338.176,494.195,2.284,1.017,0,0,0,0,0,0,0,0,4237

Main.js:462 340.173,184.47,120,120,-0.138,0.239,0,0,32,0,0,0,0,1,0,0,135.827,458.46,-1.469,2.023,260.218,323.017,-1.25,2.165,0,0,0,0,233.008,400.829,292.5,-87,0.295,-0.854,0.019,-0.046,47,340.46,495.212,2.284,1.017,0,0,0,0,0,0,0,0,4254

Main.js:462 340.042,184.697,120,120,-0.131,0.227,0,0,31,0,0,0,0,1,0,0,134.358,460.483,-1.469,2.023,258.968,325.183,-1.25,2.165,0,0,0,0,233.307,399.974,294,-87,0.3,-0.855,0.02,-0.046,46,342.744,496.228,2.284,1.017,0,0,0,0,0,0,0,0,4270

Main.js:462 339.917,184.913,120,120,-0.125,0.216,0,0,30,0,0,0,0,0,0,0,132.888,462.505,-1.469,2.023,257.718,327.348,-1.25,2.165,0,0,0,0,233.612,399.119,295.5,-87,0.305,-0.855,0.022,-0.045,45,345.028,497.245,2.284,1.017,0,0,0,0,0,0,0,0,4287

Main.js:462 339.798,185.118,120,120,-0.118,0.205,0,0,29,0,0,0,0,0,0,0,131.419,464.528,-1.469,2.023,256.468,329.513,-1.25,2.165,0,0,0,0,233.924,398.264,297,-87,0.311,-0.855,0.023,-0.045,44,347.311,498.262,2.284,1.017,0,0,0,0,0,0,0,0,4303

Main.js:462 339.686,185.313,120,120,-0.113,0.195,0,0,28,0,0,0,0,0,0,0,129.949,466.55,-1.469,2.023,255.218,331.678,-1.25,2.165,0,0,0,0,234.242,397.411,298.5,-87,0.318,-0.854,0.024,-0.044,43,349.595,499.279,2.284,1.017,0,0,0,0,0,0,0,0,4320

Main.js:462 339.579,185.498,120,120,-0.107,0.185,0,0,27,0,0,0,0,0,0,0,128.48,468.573,-1.469,2.023,253.968,333.843,-1.25,2.165,0,0,0,0,234.568,396.559,300,-87,0.326,-0.852,0.025,-0.043,42,0,0,0,0,0,0,0,0,0,0,0,0,4337

Main.js:462 339.477,185.674,120,120,-0.102,0.176,0,0,26,0,0,0,0,0,0,0,127.01,470.595,-1.469,2.023,252.718,336.008,-1.25,2.165,0,0,0,0,234.903,395.709,301.5,-87,0.335,-0.85,0.026,-0.043,41,0,0,0,0,0,0,0,0,0,0,0,0,4355

Main.js:462 339.381,185.841,120,120,-0.097,0.167,0,0,25,0,0,0,0,0,0,0,125.541,472.618,-1.469,2.023,251.468,338.173,-1.25,2.165,0,0,0,0,235.247,394.862,303,-87,0.344,-0.847,0.027,-0.042,40,0,0,0,0,0,0,0,0,0,0,0,0,4370

Main.js:462 339.265,186.041,120,120,-0.115,0.2,-0.025,0.043,24,0,0,1,0,0,0,0,124.071,474.641,-1.469,2.023,250.218,340.338,-1.25,2.165,0,0,0,0,235.601,394.018,304.5,-87,0.354,-0.844,0.028,-0.041,39,0,0,0,0,0,0,0,0,0,0,0,0,4388

Main.js:462 339.132,186.272,120,120,-0.133,0.231,-0.025,0.043,23,0,0,1,0,1,0,0,122.602,476.663,-1.469,2.023,248.968,342.503,-1.25,2.165,0,0,0,0,235.965,393.178,306,-87,0.364,-0.84,0.029,-0.04,38,0,0,0,0,0,0,0,0,0,0,0,0,4404

Main.js:462 338.981,186.533,120,120,-0.15,0.261,-0.025,0.043,22,0,0,1,0,1,0,0,121.133,478.686,-1.469,2.023,247.718,344.668,-1.25,2.165,0,0,0,0,236.339,392.342,307.5,-87,0.375,-0.836,0.03,-0.04,37,0,0,0,0,0,0,0,0,0,0,0,0,4421

Main.js:462 338.815,186.822,120,120,-0.167,0.289,-0.025,0.043,21,0,0,1,0,1,0,0,119.663,480.708,-1.469,2.023,246.468,346.833,-1.25,2.165,0,0,0,0,236.725,391.511,309,-87,0.386,-0.831,0.031,-0.039,36,0,0,0,0,0,0,0,0,0,0,0,0,4437

Main.js:462 338.633,187.137,120,120,-0.182,0.315,-0.025,0.043,20,0,0,1,0,1,0,0,118.194,482.731,-1.469,2.023,245.218,348.998,-1.25,2.165,0,0,0,0,237.122,390.685,310.5,-87,0.397,-0.826,0.032,-0.038,35,0,0,0,0,0,0,0,0,0,0,0,0,4454

Main.js:462 338.436,187.478,120,120,-0.197,0.341,-0.025,0.043,19,0,0,1,0,1,0,0,116.724,484.753,-1.469,2.023,243.968,351.163,-1.25,2.165,0,0,0,0,237.531,389.865,312,-87,0.409,-0.82,0.033,-0.037,34,0,0,0,0,0,0,0,0,0,0,0,0,4471

Main.js:462 338.225,187.843,120,120,-0.211,0.365,-0.025,0.043,18,0,0,1,0,1,0,0,115.255,486.776,-1.469,2.023,242.718,353.328,-1.25,2.165,0,0,0,0,237.953,389.052,313.5,-87,0.421,-0.813,0.034,-0.036,33,0,0,0,0,0,0,0,0,0,0,0,0,4487

Main.js:462 338.001,188.23,120,120,-0.224,0.388,-0.025,0.043,17,0,0,1,0,0,0,0,113.785,488.798,-1.469,2.023,241.468,355.493,-1.25,2.165,0,0,0,0,238.387,388.246,315,-87,0.434,-0.806,0.035,-0.035,32,0,0,0,0,0,0,0,0,0,0,0,0,4504

Main.js:462 337.765,188.64,120,120,-0.236,0.41,-0.025,0.043,16,0,0,1,0,0,0,0,112.316,490.821,-1.469,2.023,240.218,357.658,-1.25,2.165,0,0,0,0,238.833,387.447,315,-88.5,0.446,-0.799,0.035,-0.035,31,0,0,0,0,0,0,0,0,0,0,0,0,4521

Main.js:462 337.516,189.07,120,120,-0.248,0.43,-0.025,0.043,15,0,0,1,0,0,0,0,110.846,492.843,-1.469,2.023,238.968,359.824,-1.25,2.165,0,0,0,0,239.29,386.654,315,-90,0.457,-0.793,0.035,-0.035,30,0,0,0,0,0,0,0,0,0,0,0,0,4537

Main.js:462 337.257,189.52,120,120,-0.26,0.45,-0.025,0.043,14,0,0,1,0,0,0,0,109.377,494.866,-1.469,2.023,237.718,361.989,-1.25,2.165,0,0,0,0,239.758,385.867,315,-91.5,0.468,-0.787,0.035,-0.035,29,0,0,0,0,0,0,0,0,0,0,0,0,4554

Main.js:462 336.986,189.988,120,120,-0.27,0.468,-0.025,0.043,13,0,0,1,0,0,0,0,107.907,496.889,-1.469,2.023,236.468,364.154,-1.25,2.165,0,0,0,0,240.236,385.086,315,-93,0.478,-0.781,0.035,-0.035,28,0,0,0,0,0,0,0,0,0,0,0,0,4569

Main.js:462 336.705,190.475,120,120,-0.281,0.486,-0.025,0.043,12,0,0,1,0,0,0,0,106.438,498.911,-1.469,2.023,235.218,366.319,-1.25,2.165,0,0,0,0,240.724,384.31,315,-94.5,0.488,-0.776,0.035,-0.035,27,0,0,0,0,0,0,0,0,0,0,0,0,4586

Main.js:462 336.415,190.978,120,120,-0.29,0.503,-0.025,0.043,11,0,0,1,0,1,0,0,235.218,366.319,-1.25,2.165,0,0,0,0,0,0,0,0,241.221,383.54,315,-96,0.497,-0.77,0.035,-0.035,26,0,0,0,0,0,0,0,0,0,0,0,0,4603

Main.js:462 336.115,191.497,120,120,-0.3,0.519,-0.025,0.043,10,0,0,1,0,1,0,0,233.968,368.484,-1.25,2.165,0,0,0,0,0,0,0,0,241.726,382.774,315,-97.5,0.506,-0.766,0.035,-0.035,25,0,0,0,0,0,0,0,0,0,0,0,0,4620

Main.js:462 335.807,192.031,120,120,-0.308,0.534,-0.025,0.043,9,0,0,1,0,1,0,0,233.968,368.484,-1.25,2.165,0,0,0,0,0,0,0,0,242.24,382.014,315,-99,0.514,-0.761,0.035,-0.035,24,0,0,0,0,0,0,0,0,0,0,0,0,4637

