Main.js:143 myTank.x,myTank.y,myTank.rotation,myTank.cannonRotation,myTank.velocityX,myTank.velocityY,myTank.accelerationX,myTank.accelerationY,myTank.shootCooldown,myTank.controls.turnLeft,myTank.controls.turnRight,myTank.controls.goForward,myTank.controls.goBack,myTank.controls.shoot,myTank.controls.cannonLeft,myTank.controls.cannonRight,myBullet1.x,myBullet1.y,myBullet1.velocityX,myBullet1.velocityY,myBullet2.x,myBullet2.y,myBullet2.velocityX,myBullet2.velocityY,myBullet3.x,myBullet3.y,myBullet3.velocityX,myBullet3.velocityY,enemyTank.x,enemyTank.y,enemyTank.rotation,enemyTank.cannonRotation,enemyTank.velocityX,enemyTank.velocityY,enemyTank.accelerationX,enemyTank.accelerationY,enemyTank.shootCooldown,enemyBullet1.x,enemyBullet1.y,enemyBullet1.velocityX,enemyBullet1.velocityY,enemyBullet2.x,enemyBullet2.y,enemyBullet2.velocityX,enemyBullet2.velocityY,enemyBullet3.x,enemyBullet3.y,enemyBullet3.velocityX,enemyBullet3.velocityY,currentGameTime
Main.js:462 50,402,0,0,0,0,0,0,0,0,0,0,0,0,0,0,0,0,0,0,0,0,0,0,0,0,0,0,450,98,180,180,0,0,0,0,0,0,0,0,0,0,0,0,0,0,0,0,0,11

Main.js:462 50,402,0,0,0,0,0,0,0,0,0,0,0,0,0,0,0,0,0,0,0,0,0,0,0,0,0,0,449.953,97.999,181.5,180,-0.047,-0.001,-0.05,-0.001,99,0,0,0,0,0,0,0,0,0,0,0,0,42

Main.js:462 50,402,0,0,0,0,0,0,0,0,0,0,0,0,0,0,0,0,0,0,0,0,0,0,0,0,0,0,449.86,97.995,183,180,-0.093,-0.004,-0.05,-0.003,98,426.5,98,-2.5,0,0,0,0,0,0,0,0,0,58

Main.js:462 50,402,0,0,0,0,0,0,0,0,0,0,0,0,0,0,0,0,0,0,0,0,0,0,0,0,0,0,449.725,97.988,184.5,180,-0.135,-0.007,-0.05,-0.004,97,424,98,-2.5,0,0,0,0,0,0,0,0,0,75

Main.js:462 50,402,0,0,0,0,0,0,0,0,0,0,0,0,0,0,0,0,0,0,0,0,0,0,0,0,0,0,449.549,97.976,186,180,-0.176,-0.012,-0.05,-0.005,96,421.5,98,-2.5,0,0,0,0,0,0,0,0,0,92

Main.js:462 50,402,0,0,0,0,0,0,0,0,0,0,0,0,0,0,0,0,0,0,0,0,0,0,0,0,0,0,449.335,97.959,187.5,180,-0.214,-0.017,-0.05,-0.007,95,419,98,-2.5,0,0,0,0,0,0,0,0,0,108

Main.js:462 50,402,0,0,0,0,0,0,0,0,0,0,0,0,0,0,0,0,0,0,0,0,0,0,0,0,0,0,449.085,97.935,189,180,-0.25,-0.024,-0.049,-0.008,94,416.5,98,-2.5,0,0,0,0,0,0,0,0,0,125

Main.js:462 50,402,0,0,0,0,0,0,0,0,0,0,0,0,0,0,0,0,0,0,0,0,0,0,0,0,0,0,448.8,97.903,190.5,180,-0.284,-0.031,-0.049,-0.009,93,414,98,-2.5,0,0,0,0,0,0,0,0,0,142

Main.js:462 50,402,0,0,0,0,0,0,0,0,0,0,0,0,0,0,0,0,0,0,0,0,0,0,0,0,0,0,448.483,97.863,192,180,-0.317,-0.04,-0.049,-0.01,92,411.5,98,-2.5,0,0,0,0,0,0,0,0,0,159

Main.js:462 50,402,0,0,0,0,0,0,0,0,0,0,0,0,0,0,0,0,0,0,0,0,0,0,0,0,0,0,448.136,97.815,193.5,180,-0.347,-0.049,-0.049,-0.012,91,409,98,-2.5,0,0,0,0,0,0,0,0,0,176

Main.js:462 50,402,0,0,0,0,0,0,0,0,0,0,0,0,0,0,0,0,0,0,0,0,0,0,0,0,0,0,447.761,97.756,195,180,-0.376,-0.059,-0.048,-0.013,90,406.5,98,-2.5,0,0,0,0,0,0,0,0,0,193

Main.js:462 50,402,0,0,0,0,0,0,0,0,0,0,0,0,0,0,0,0,0,0,0,0,0,0,0,0,0,0,447.359,97.687,196.5,180,-0.402,-0.069,-0.048,-0.014,89,404,98,-2.5,0,0,0,0,0,0,0,0,0,209

Main.js:462 50,402,0,0,0,0,0,0,0,0,0,0,0,0,0,0,0,0,0,0,0,0,0,0,0,0,0,0,446.931,97.606,198,180,-0.427,-0.08,-0.048,-0.015,88,401.5,98,-2.5,0,0,0,0,0,0,0,0,0,225

Main.js:462 50,402,0,0,0,0,0,0,0,0,0,0,0,0,0,0,0,0,0,0,0,0,0,0,0,0,0,0,446.48,97.514,199.5,180,-0.451,-0.092,-0.047,-0.017,87,399,98,-2.5,0,0,0,0,0,0,0,0,0,243

Main.js:462 50,402,0,0,0,0,0,0,0,0,0,0,0,0,0,0,0,0,0,0,0,0,0,0,0,0,0,0,446.008,97.409,201,180,-0.473,-0.105,-0.047,-0.018,86,396.5,98,-2.5,0,0,0,0,0,0,0,0,0,260

Main.js:462 50,402,0,0,0,0,0,0,0,0,0,0,0,0,0,0,0,0,0,0,0,0,0,0,0,0,0,0,445.515,97.292,202.5,180,-0.493,-0.118,-0.046,-0.019,85,394,98,-2.5,0,0,0,0,0,0,0,0,0,276

Main.js:462 50,402,0,0,0,0,0,0,0,0,0,0,0,0,0,0,0,0,0,0,0,0,0,0,0,0,0,0,445.003,97.16,204,180,-0.512,-0.131,-0.046,-0.02,84,391.5,98,-2.5,0,0,0,0,0,0,0,0,0,293

Main.js:462 50,402,0,0,0,0,0,0,0,0,0,0,0,0,0,0,0,0,0,0,0,0,0,0,0,0,0,0,444.474,97.015,205.5,180,-0.529,-0.145,-0.045,-0.022,83,389,98,-2.5,0,0,0,0,0,0,0,0,0,309

Main.js:462 50.048,402,0,0,0.048,0,0.05,0,0,0,0,1,0,0,0,0,0,0,0,0,0,0,0,0,0,0,0,0,443.93,96.856,207,180,-0.545,-0.159,-0.045,-0.023,82,386.5,98,-2.5,0,0,0,0,0,0,0,0,0,326

Main.js:462 50.14,402,0,0,0.093,0,0.05,0,0,0,0,1,0,0,0,0,0,0,0,0,0,0,0,0,0,0,0,0,443.37,96.682,208.5,180,-0.559,-0.174,-0.044,-0.024,81,384,98,-2.5,0,0,0,0,0,0,0,0,0,343

Main.js:462 50.276,402,0,0,0.135,0,0.05,0,0,0,0,1,0,0,0,0,0,0,0,0,0,0,0,0,0,0,0,0,442.798,96.493,210,180,-0.572,-0.189,-0.043,-0.025,80,381.5,98,-2.5,0,0,0,0,0,0,0,0,0,359

Main.js:462 50.452,402,0,0,0.176,0,0.05,0,0,0,0,1,0,0,0,0,0,0,0,0,0,0,0,0,0,0,0,0,442.213,96.289,211.5,180,-0.584,-0.204,-0.043,-0.026,79,379,98,-2.5,0,0,0,0,0,0,0,0,0,375

Main.js:462 50.667,402,0,0,0.215,0,0.05,0,0,0,0,1,0,0,0,0,0,0,0,0,0,0,0,0,0,0,0,0,441.618,96.069,213,180,-0.595,-0.22,-0.042,-0.027,78,376.5,98,-2.5,0,0,0,0,0,0,0,0,0,392

Main.js:462 50.918,402,0,0,0.252,0,0.05,0,0,0,0,1,0,0,0,0,0,0,0,0,0,0,0,0,0,0,0,0,441.014,95.833,214.5,180,-0.604,-0.236,-0.041,-0.028,77,374,98,-2.5,0,0,0,0,0,0,0,0,0,409

Main.js:462 51.205,402,0,0,0.287,0,0.05,0,0,0,0,1,0,0,0,0,0,0,0,0,0,0,0,0,0,0,0,0,440.402,95.581,216,180,-0.613,-0.252,-0.04,-0.029,76,371.5,98,-2.5,0,0,0,0,0,0,0,0,0,425

Main.js:462 51.525,402,0,0,0.32,0,0.05,0,0,0,0,1,0,0,0,0,0,0,0,0,0,0,0,0,0,0,0,0,439.782,95.312,217.5,180,-0.62,-0.268,-0.04,-0.03,75,369,98,-2.5,0,0,0,0,0,0,0,0,0,442

Main.js:462 51.876,402,0,0,0.351,0,0.05,0,0,0,0,1,0,0,0,0,0,0,0,0,0,0,0,0,0,0,0,0,439.156,95.027,219,180,-0.626,-0.285,-0.039,-0.031,74,366.5,98,-2.5,0,0,0,0,0,0,0,0,0,458

Main.js:462 52.257,402,0,0,0.381,0,0.05,0,0,0,0,1,0,0,0,0,0,0,0,0,0,0,0,0,0,0,0,0,438.526,94.726,220.5,180,-0.63,-0.301,-0.038,-0.032,73,364,98,-2.5,0,0,0,0,0,0,0,0,0,477

Main.js:462 52.667,402,0,0,0.41,0,0.05,0,0,0,0,1,0,0,0,0,0,0,0,0,0,0,0,0,0,0,0,0,437.892,94.408,222,180,-0.634,-0.318,-0.037,-0.033,72,361.5,98,-2.5,0,0,0,0,0,0,0,0,0,493

Main.js:462 53.103,402,0,0,0.437,0,0.05,0,0,0,0,1,0,0,0,0,0,0,0,0,0,0,0,0,0,0,0,0,437.255,94.073,223.5,180,-0.637,-0.335,-0.036,-0.034,71,359,98,-2.5,0,0,0,0,0,0,0,0,0,509

Main.js:462 53.566,402,0,0,0.462,0,0.05,0,0,0,0,1,0,0,0,0,0,0,0,0,0,0,0,0,0,0,0,0,436.615,93.722,223.5,178.5,-0.64,-0.351,-0.036,-0.034,70,356.5,98,-2.5,0,0,0,0,0,0,0,0,0,525

Main.js:462 54.053,402,0,0,0.487,0,0.05,0,0,0,0,1,0,0,0,0,0,0,0,0,0,0,0,0,0,0,0,0,435.973,93.356,223.5,177,-0.642,-0.366,-0.036,-0.034,69,354,98,-2.5,0,0,0,0,0,0,0,0,0,542

Main.js:462 54.562,402,0,0,0.51,0,0.05,0,0,0,0,1,0,0,0,0,0,0,0,0,0,0,0,0,0,0,0,0,435.329,92.975,223.5,175.5,-0.644,-0.38,-0.036,-0.034,68,351.5,98,-2.5,0,0,0,0,0,0,0,0,0,559

Main.js:462 55.094,402,0,0,0.532,0,0.05,0,0,0,0,1,0,0,0,0,0,0,0,0,0,0,0,0,0,0,0,0,434.682,92.581,223.5,174,-0.647,-0.394,-0.036,-0.034,67,349,98,-2.5,0,0,0,0,0,0,0,0,0,576

Main.js:462 55.647,402,0,0,0.553,0,0.05,0,0,0,0,1,0,0,0,0,0,0,0,0,0,0,0,0,0,0,0,0,434.034,92.174,223.5,172.5,-0.649,-0.407,-0.036,-0.034,66,346.5,98,-2.5,0,0,0,0,0,0,0,0,0,592

Main.js:462 56.22,402,0,0,0.573,0,0.05,0,0,0,0,1,0,0,0,0,0,0,0,0,0,0,0,0,0,0,0,0,433.383,91.754,223.5,171,-0.651,-0.419,-0.036,-0.034,65,344,98,-2.5,0,0,0,0,0,0,0,0,0,610

Main.js:462 56.811,402,0,0,0.592,0,0.05,0,0,0,0,1,0,0,0,0,0,0,0,0,0,0,0,0,0,0,0,0,432.73,91.323,223.5,169.5,-0.653,-0.431,-0.036,-0.034,64,341.5,98,-2.5,0,0,0,0,0,0,0,0,0,626

Main.js:462 57.421,402,0,0,0.609,0,0.05,0,0,0,0,1,0,0,0,0,0,0,0,0,0,0,0,0,0,0,0,0,432.076,90.881,223.5,168,-0.654,-0.442,-0.036,-0.034,63,339,98,-2.5,0,0,0,0,0,0,0,0,0,645

Main.js:462 58.047,402,0,0,0.626,0,0.05,0,0,0,0,1,0,0,0,0,0,0,0,0,0,0,0,0,0,0,0,0,431.42,90.428,223.5,166.5,-0.656,-0.453,-0.036,-0.034,62,336.5,98,-2.5,0,0,0,0,0,0,0,0,0,659

Main.js:462 58.69,402,0,0,0.643,0,0.05,0,0,0,0,1,0,0,0,0,0,0,0,0,0,0,0,0,0,0,0,0,430.762,89.965,223.5,165,-0.658,-0.463,-0.036,-0.034,61,334,98,-2.5,0,0,0,0,0,0,0,0,0,676

Main.js:462 59.348,402,0,0,0.658,0,0.05,0,0,0,0,1,0,0,0,0,0,0,0,0,0,0,0,0,0,0,0,0,430.102,89.493,223.5,163.5,-0.659,-0.473,-0.036,-0.034,60,331.5,98,-2.5,0,0,0,0,0,0,0,0,0,691

Main.js:462 60.02,402,0,0,0.673,0,0.05,0,0,0,0,1,0,0,0,0,0,0,0,0,0,0,0,0,0,0,0,0,429.441,89.011,223.5,162,-0.661,-0.482,-0.036,-0.034,59,329,98,-2.5,0,0,0,0,0,0,0,0,0,708

Main.js:462 60.707,402,0,0,0.686,0,0.05,0,0,0,0,1,0,0,0,0,0,0,0,0,0,0,0,0,0,0,0,0,428.779,88.521,223.5,160.5,-0.662,-0.49,-0.036,-0.034,58,326.5,98,-2.5,0,0,0,0,0,0,0,0,0,727

Main.js:462 61.407,402,0,0,0.7,0,0.05,0,0,0,0,1,0,0,0,0,0,0,0,0,0,0,0,0,0,0,0,0,428.115,88.022,223.5,159,-0.664,-0.498,-0.036,-0.034,57,324,98,-2.5,0,0,0,0,0,0,0,0,0,742

Main.js:462 62.119,401.999,358.5,358.5,0.712,-0.001,0.05,-0.001,0,1,0,1,0,0,0,0,0,0,0,0,0,0,0,0,0,0,0,0,427.45,87.516,223.5,157.5,-0.665,-0.506,-0.036,-0.034,56,321.5,98,-2.5,0,0,0,0,0,0,0,0,0,757

Main.js:462 62.843,401.995,357,357,0.724,-0.004,0.05,-0.003,0,1,0,1,0,0,0,0,0,0,0,0,0,0,0,0,0,0,0,0,426.784,87.003,223.5,156,-0.666,-0.514,-0.036,-0.034,55,319,98,-2.5,0,0,0,0,0,0,0,0,0,775

Main.js:462 63.578,401.988,355.5,355.5,0.735,-0.007,0.05,-0.004,0,1,0,1,0,0,0,0,0,0,0,0,0,0,0,0,0,0,0,0,426.117,86.482,223.5,154.5,-0.667,-0.521,-0.036,-0.034,54,316.5,98,-2.5,0,0,0,0,0,0,0,0,0,794

Main.js:462 64.323,401.976,354,354,0.746,-0.012,0.05,-0.005,0,1,0,1,0,0,0,0,0,0,0,0,0,0,0,0,0,0,0,0,425.449,85.955,223.5,153,-0.668,-0.527,-0.036,-0.034,53,314,98,-2.5,0,0,0,0,0,0,0,0,0,810

Main.js:462 65.079,401.959,352.5,352.5,0.755,-0.017,0.05,-0.007,0,1,0,1,0,0,0,0,0,0,0,0,0,0,0,0,0,0,0,0,424.779,85.421,223.5,151.5,-0.669,-0.534,-0.036,-0.034,52,311.5,98,-2.5,0,0,0,0,0,0,0,0,0,829

Main.js:462 65.843,401.935,351,351,0.765,-0.024,0.049,-0.008,0,1,0,1,0,0,0,0,0,0,0,0,0,0,0,0,0,0,0,0,424.109,84.882,223.5,150,-0.67,-0.54,-0.036,-0.034,51,309,98,-2.5,0,0,0,0,0,0,0,0,0,843

Main.js:462 66.617,401.903,349.5,349.5,0.773,-0.031,0.049,-0.009,0,1,0,1,0,0,0,0,0,0,0,0,0,0,0,0,0,0,0,0,423.437,84.336,223.5,148.5,-0.671,-0.545,-0.036,-0.034,50,306.5,98,-2.5,0,0,0,0,0,0,0,0,0,859

Main.js:462 67.397,401.863,348,348,0.781,-0.04,0.049,-0.01,0,1,0,1,0,0,0,0,0,0,0,0,0,0,0,0,0,0,0,0,422.765,83.786,223.5,147,-0.672,-0.551,-0.036,-0.034,49,304,98,-2.5,0,0,0,0,0,0,0,0,0,877

Main.js:462 68.185,401.815,346.5,346.5,0.788,-0.049,0.049,-0.012,0,1,0,1,0,0,0,0,0,0,0,0,0,0,0,0,0,0,0,0,422.092,83.23,223.5,145.5,-0.673,-0.556,-0.036,-0.034,48,301.5,98,-2.5,0,0,0,0,0,0,0,0,0,893

Main.js:462 68.98,401.756,345,345,0.794,-0.059,0.048,-0.013,0,1,0,1,0,0,0,0,0,0,0,0,0,0,0,0,0,0,0,0,421.418,82.669,223.5,144,-0.674,-0.561,-0.036,-0.034,47,299,98,-2.5,0,0,0,0,0,0,0,0,0,908

Main.js:462 69.78,401.687,343.5,343.5,0.8,-0.069,0.048,-0.014,0,1,0,1,0,0,0,0,0,0,0,0,0,0,0,0,0,0,0,0,420.744,82.103,223.5,142.5,-0.675,-0.565,-0.036,-0.034,46,296.5,98,-2.5,0,0,0,0,0,0,0,0,0,926

Main.js:462 70.586,401.606,342,342,0.805,-0.08,0.048,-0.015,0,1,0,1,0,0,0,0,0,0,0,0,0,0,0,0,0,0,0,0,420.068,81.534,223.5,141,-0.675,-0.57,-0.036,-0.034,45,294,98,-2.5,0,0,0,0,0,0,0,0,0,943

Main.js:462 71.396,401.514,340.5,340.5,0.81,-0.092,0.047,-0.017,0,1,0,1,0,0,0,0,0,0,0,0,0,0,0,0,0,0,0,0,419.392,80.96,223.5,139.5,-0.676,-0.574,-0.036,-0.034,44,291.5,98,-2.5,0,0,0,0,0,0,0,0,0,960

Main.js:462 72.209,401.409,339,339,0.814,-0.105,0.047,-0.018,0,1,0,1,0,0,0,0,0,0,0,0,0,0,0,0,0,0,0,0,418.716,80.381,223.5,138,-0.677,-0.578,-0.036,-0.034,43,289,98,-2.5,0,0,0,0,0,0,0,0,0,976

Main.js:462 73.026,401.292,337.5,337.5,0.817,-0.118,0.046,-0.019,0,1,0,1,0,0,0,0,0,0,0,0,0,0,0,0,0,0,0,0,418.038,79.8,223.5,136.5,-0.677,-0.582,-0.036,-0.034,42,286.5,98,-2.5,0,0,0,0,0,0,0,0,0,992

Main.js:462 73.846,401.16,336,336,0.82,-0.131,0.046,-0.02,0,1,0,1,0,0,0,0,0,0,0,0,0,0,0,0,0,0,0,0,417.36,79.214,223.5,135,-0.678,-0.585,-0.036,-0.034,41,284,98,-2.5,0,0,0,0,0,0,0,0,0,1008

Main.js:462 74.667,401.015,334.5,334.5,0.821,-0.145,0.045,-0.022,0,1,0,1,0,0,0,0,0,0,0,0,0,0,0,0,0,0,0,0,416.681,78.626,222,132,-0.679,-0.588,-0.037,-0.033,40,281.5,98,-2.5,0,0,0,0,0,0,0,0,0,1027

Main.js:462 75.49,400.856,333,333,0.823,-0.159,0.045,-0.023,0,1,0,1,0,0,0,0,0,0,0,0,0,0,0,0,0,0,0,0,416,78.037,220.5,129,-0.681,-0.589,-0.038,-0.032,39,279,98,-2.5,0,0,0,0,0,0,0,0,0,1042

Main.js:462 76.313,400.682,331.5,331.5,0.823,-0.174,0.044,-0.024,0,1,0,1,0,0,0,0,0,0,0,0,0,0,0,0,0,0,0,0,415.315,77.447,219,126,-0.684,-0.59,-0.039,-0.031,38,276.5,98,-2.5,0,0,0,0,0,0,0,0,0,1059

Main.js:462 77.137,400.493,330,330,0.823,-0.189,0.043,-0.025,0,1,0,1,0,0,0,0,0,0,0,0,0,0,0,0,0,0,0,0,414.628,76.858,217.5,123,-0.688,-0.589,-0.04,-0.03,37,274,98,-2.5,0,0,0,0,0,0,0,0,0,1076

Main.js:462 77.959,400.289,328.5,328.5,0.823,-0.204,0.043,-0.026,0,1,0,1,0,0,0,0,0,0,0,0,0,0,0,0,0,0,0,0,413.936,76.27,216,120,-0.692,-0.588,-0.04,-0.029,36,271.5,98,-2.5,0,0,0,0,0,0,0,0,0,1092

Main.js:462 78.781,400.069,327,327,0.821,-0.22,0.042,-0.027,0,1,0,1,0,0,0,0,0,0,0,0,0,0,0,0,0,0,0,0,413.239,75.685,214.5,117,-0.696,-0.585,-0.041,-0.028,35,269,98,-2.5,0,0,0,0,0,0,0,0,0,1110

Main.js:462 79.6,399.833,325.5,325.5,0.819,-0.236,0.041,-0.028,0,1,0,1,0,0,0,0,0,0,0,0,0,0,0,0,0,0,0,0,412.538,75.103,213,114,-0.701,-0.582,-0.042,-0.027,34,266.5,98,-2.5,0,0,0,0,0,0,0,0,0,1126

Main.js:462 80.417,399.581,324,324,0.817,-0.252,0.04,-0.029,0,1,0,1,0,0,0,0,0,0,0,0,0,0,0,0,0,0,0,0,411.831,74.525,211.5,111,-0.707,-0.578,-0.043,-0.026,33,264,98,-2.5,0,0,0,0,0,0,0,0,0,1142

Main.js:462 81.231,399.312,322.5,322.5,0.814,-0.268,0.04,-0.03,0,1,0,1,0,0,0,0,0,0,0,0,0,0,0,0,0,0,0,0,411.119,73.953,210,108,-0.713,-0.572,-0.043,-0.025,32,261.5,98,-2.5,0,0,0,0,0,0,0,0,0,1159

Main.js:462 82.041,399.027,321,321,0.81,-0.285,0.039,-0.031,0,1,0,1,0,0,0,0,0,0,0,0,0,0,0,0,0,0,0,0,410.4,73.386,208.5,105,-0.719,-0.566,-0.044,-0.024,31,259,98,-2.5,0,0,0,0,0,0,0,0,0,1176

Main.js:462 82.847,398.727,321,321,0.806,-0.301,0.039,-0.031,0,0,0,1,0,0,0,0,0,0,0,0,0,0,0,0,0,0,0,0,409.675,72.826,207,102,-0.725,-0.56,-0.045,-0.023,30,256.5,98,-2.5,0,0,0,0,0,0,0,0,0,1193

Main.js:462 83.65,398.411,321,321,0.803,-0.315,0.039,-0.031,0,0,0,1,0,0,0,0,0,0,0,0,0,0,0,0,0,0,0,0,408.943,72.274,205.5,99,-0.732,-0.552,-0.045,-0.022,29,254,98,-2.5,0,0,0,0,0,0,0,0,0,1208

Main.js:462 84.45,398.082,321,321,0.8,-0.33,0.039,-0.031,0,0,0,1,0,0,0,0,0,0,0,0,0,0,0,0,0,0,0,0,408.204,71.73,204,96,-0.739,-0.544,-0.046,-0.02,28,251.5,98,-2.5,0,0,0,0,0,0,0,0,0,1225

Main.js:462 85.246,397.739,321,321,0.797,-0.343,0.039,-0.031,0,0,0,1,0,0,0,0,0,0,0,0,0,0,0,0,0,0,0,0,407.459,71.195,202.5,93,-0.745,-0.535,-0.046,-0.019,27,249,98,-2.5,0,0,0,0,0,0,0,0,0,1242

Main.js:462 86.04,397.383,321,321,0.794,-0.356,0.039,-0.031,0,0,0,1,0,0,0,0,0,0,0,0,0,0,0,0,0,0,0,0,406.706,70.67,201,90,-0.753,-0.525,-0.047,-0.018,26,246.5,98,-2.5,0,0,0,0,0,0,0,0,0,1259

Main.js:462 86.831,397.016,321,321,0.791,-0.368,0.039,-0.031,0,0,0,1,0,0,0,0,0,0,0,0,0,0,0,0,0,0,0,0,405.947,70.155,199.5,87,-0.76,-0.515,-0.047,-0.017,25,244,98,-2.5,0,0,0,0,0,0,0,0,0,1274

Main.js:462 87.619,396.636,321,321,0.788,-0.379,0.039,-0.031,0,0,0,1,0,0,0,0,0,0,0,0,0,0,0,0,0,0,0,0,405.18,69.652,198,84,-0.767,-0.504,-0.048,-0.015,24,241.5,98,-2.5,0,0,0,0,0,0,0,0,0,1292

Main.js:462 88.405,396.246,321,321,0.786,-0.39,0.039,-0.031,0,0,0,1,0,0,0,0,0,0,0,0,0,0,0,0,0,0,0,0,404.406,69.16,196.5,81,-0.774,-0.492,-0.048,-0.014,23,239,98,-2.5,0,0,0,0,0,0,0,0,0,1309

Main.js:462 89.188,395.845,321,321,0.783,-0.401,0.039,-0.031,0,0,0,1,0,0,0,0,0,0,0,0,0,0,0,0,0,0,0,0,403.624,68.68,195,78,-0.781,-0.48,-0.048,-0.013,22,236.5,98,-2.5,0,0,0,0,0,0,0,0,0,1325

Main.js:462 89.97,395.435,321,321,0.781,-0.41,0.039,-0.031,0,0,0,1,0,0,0,0,0,0,0,0,0,0,0,0,0,0,0,0,402.836,68.213,193.5,75,-0.788,-0.467,-0.049,-0.012,21,234,98,-2.5,0,0,0,0,0,0,0,0,0,1342

Main.js:462 90.749,395.015,321,321,0.779,-0.42,0.039,-0.031,0,0,0,1,0,0,0,0,0,0,0,0,0,0,0,0,0,0,0,0,402.041,67.76,192,72,-0.795,-0.453,-0.049,-0.01,20,231.5,98,-2.5,0,0,0,0,0,0,0,0,0,1360

Main.js:462 91.526,394.586,321,321,0.777,-0.429,0.039,-0.031,0,0,0,1,0,0,0,0,0,0,0,0,0,0,0,0,0,0,0,0,401.238,67.321,190.5,69,-0.802,-0.439,-0.049,-0.009,19,229,98,-2.5,0,0,0,0,0,0,0,0,0,1375

Main.js:462 92.301,394.149,321,321,0.775,-0.437,0.039,-0.031,0,0,0,1,0,0,0,0,0,0,0,0,0,0,0,0,0,0,0,0,400.429,66.896,189,66,-0.809,-0.425,-0.049,-0.008,18,226.5,98,-2.5,0,0,0,0,0,0,0,0,0,1393

Main.js:462 93.074,393.704,321,321,0.773,-0.445,0.039,-0.031,0,0,0,1,0,0,0,0,0,0,0,0,0,0,0,0,0,0,0,0,399.613,66.486,187.5,63,-0.816,-0.41,-0.05,-0.007,17,224,98,-2.5,0,0,0,0,0,0,0,0,0,1409

Main.js:462 93.845,393.251,321,321,0.771,-0.453,0.039,-0.031,0,0,0,1,0,0,0,0,0,0,0,0,0,0,0,0,0,0,0,0,398.791,66.092,186,60,-0.822,-0.394,-0.05,-0.005,16,221.5,98,-2.5,0,0,0,0,0,0,0,0,0,1426

Main.js:462 94.615,392.791,321,321,0.77,-0.46,0.039,-0.031,0,0,0,1,0,0,0,0,0,0,0,0,0,0,0,0,0,0,0,0,397.962,65.714,184.5,57,-0.828,-0.378,-0.05,-0.004,15,219,98,-2.5,0,0,0,0,0,0,0,0,0,1442

Main.js:462 95.383,392.324,321,321,0.768,-0.467,0.039,-0.031,0,0,0,1,0,0,0,0,0,0,0,0,0,0,0,0,0,0,0,0,397.128,65.352,183,54,-0.835,-0.362,-0.05,-0.003,14,216.5,98,-2.5,0,0,0,0,0,0,0,0,0,1458

Main.js:462 96.15,391.851,321,321,0.767,-0.474,0.039,-0.031,0,0,0,1,0,0,0,0,0,0,0,0,0,0,0,0,0,0,0,0,396.288,65.007,181.5,51,-0.84,-0.345,-0.05,-0.001,13,214,98,-2.5,0,0,0,0,0,0,0,0,0,1475

Main.js:462 96.916,391.371,321,321,0.765,-0.48,0.039,-0.031,0,0,0,1,0,0,0,0,0,0,0,0,0,0,0,0,0,0,0,0,395.442,64.679,180,48,-0.846,-0.328,-0.05,0,12,211.5,98,-2.5,0,0,0,0,0,0,0,0,0,1492

Main.js:462 97.68,390.885,321,321,0.764,-0.486,0.039,-0.031,0,0,0,1,0,0,0,0,0,0,0,0,0,0,0,0,0,0,0,0,394.591,64.369,178.5,45,-0.851,-0.31,-0.05,0.001,11,209,98,-2.5,0,0,0,0,0,0,0,0,0,1509

Main.js:462 98.442,390.394,321,321,0.763,-0.491,0.039,-0.031,0,0,0,1,0,0,0,0,0,0,0,0,0,0,0,0,0,0,0,0,393.735,64.077,177,42,-0.856,-0.292,-0.05,0.003,10,206.5,98,-2.5,0,0,0,0,0,0,0,0,0,1526

Main.js:462 99.204,389.897,321,321,0.761,-0.497,0.039,-0.031,0,0,0,1,0,0,0,0,0,0,0,0,0,0,0,0,0,0,0,0,392.875,63.803,175.5,39,-0.86,-0.274,-0.05,0.004,9,204,98,-2.5,0,0,0,0,0,0,0,0,0,1542

Main.js:462 99.964,389.396,321,321,0.76,-0.502,0.039,-0.031,0,0,0,1,0,0,0,0,0,0,0,0,0,0,0,0,0,0,0,0,392.01,63.548,174,36,-0.865,-0.255,-0.05,0.005,8,201.5,98,-2.5,0,0,0,0,0,0,0,0,0,1559

Main.js:462 100.722,388.888,319.5,319.5,0.758,-0.507,0.038,-0.032,0,1,0,1,0,0,0,0,0,0,0,0,0,0,0,0,0,0,0,0,391.142,63.312,172.5,33,-0.868,-0.236,-0.05,0.007,7,199,98,-2.5,0,0,0,0,0,0,0,0,0,1577

Main.js:462 101.478,388.374,318,318,0.756,-0.514,0.037,-0.033,0,1,0,1,0,0,0,0,0,0,0,0,0,0,0,0,0,0,0,0,390.27,63.095,171,30,-0.872,-0.217,-0.049,0.008,6,196.5,98,-2.5,0,0,0,0,0,0,0,0,0,1593

Main.js:462 102.231,387.853,316.5,316.5,0.752,-0.521,0.036,-0.034,0,1,0,1,0,0,0,0,0,0,0,0,0,0,0,0,0,0,0,0,389.395,62.897,169.5,27,-0.875,-0.197,-0.049,0.009,5,194,98,-2.5,0,0,0,0,0,0,0,0,0,1610

Main.js:462 102.979,387.325,315,315,0.748,-0.528,0.035,-0.035,0,1,0,1,0,0,0,0,0,0,0,0,0,0,0,0,0,0,0,0,388.517,62.72,168,24,-0.878,-0.178,-0.049,0.01,4,191.5,98,-2.5,0,0,0,0,0,0,0,0,0,1626

Main.js:462 103.723,386.789,313.5,313.5,0.744,-0.536,0.034,-0.036,0,1,0,1,0,0,0,0,0,0,0,0,0,0,0,0,0,0,0,0,387.637,62.562,166.5,21,-0.88,-0.158,-0.049,0.012,3,189,98,-2.5,0,0,0,0,0,0,0,0,0,1641

Main.js:462 104.461,386.244,312,312,0.738,-0.545,0.033,-0.037,0,1,0,1,0,0,0,0,0,0,0,0,0,0,0,0,0,0,0,0,386.755,62.424,165,18,-0.882,-0.138,-0.048,0.013,2,186.5,98,-2.5,0,0,0,0,0,0,0,0,0,1659

Main.js:462 105.193,385.69,310.5,310.5,0.732,-0.554,0.032,-0.038,0,1,0,1,0,0,0,0,0,0,0,0,0,0,0,0,0,0,0,0,385.871,62.307,163.5,15,-0.883,-0.117,-0.048,0.014,1,184,98,-2.5,0,0,0,0,0,0,0,0,0,1677

Main.js:462 105.919,385.127,309,309,0.726,-0.563,0.031,-0.039,0,1,0,1,0,0,0,0,0,0,0,0,0,0,0,0,0,0,0,0,384.987,62.211,162,12,-0.884,-0.097,-0.048,0.015,0,181.5,98,-2.5,0,0,0,0,0,0,0,0,0,1693

Main.js:462 106.637,384.554,307.5,307.5,0.718,-0.573,0.03,-0.04,0,1,0,1,0,0,0,0,0,0,0,0,0,0,0,0,0,0,0,0,384.102,62.135,160.5,9,-0.885,-0.076,-0.047,0.017,99,179,98,-2.5,0,0,0,0,0,0,0,0,0,1709

Main.js:462 107.347,383.972,306,306,0.71,-0.582,0.029,-0.04,0,1,0,1,0,0,0,0,0,0,0,0,0,0,0,0,0,0,0,0,383.217,62.08,159,6,-0.885,-0.055,-0.047,0.018,98,176.5,98,-2.5,0,408.198,65.887,2.469,0.391,0,0,0,0,1725

Main.js:462 108.049,383.38,304.5,304.5,0.702,-0.592,0.028,-0.041,0,1,0,1,0,0,0,0,0,0,0,0,0,0,0,0,0,0,0,0,382.332,62.045,157.5,3,-0.885,-0.034,-0.046,0.019,97,174,98,-2.5,0,410.667,66.278,2.469,0.391,0,0,0,0,1743

Main.js:462 108.741,382.777,303,303,0.692,-0.603,0.027,-0.042,0,1,0,1,0,0,0,0,0,0,0,0,0,0,0,0,0,0,0,0,381.448,62.032,156,0,-0.884,-0.013,-0.046,0.02,96,171.5,98,-2.5,0,413.136,66.669,2.469,0.391,0,0,0,0,1759

Main.js:462 109.424,382.164,301.5,301.5,0.683,-0.613,0.026,-0.043,0,1,0,1,0,0,0,0,0,0,0,0,0,0,0,0,0,0,0,0,380.566,62.04,154.5,357,-0.883,0.008,-0.045,0.022,95,169,98,-2.5,0,415.605,67.06,2.469,0.391,0,0,0,0,1775

Main.js:462 110.096,381.541,300,300,0.672,-0.623,0.025,-0.043,0,1,0,1,0,0,0,0,0,0,0,0,0,0,0,0,0,0,0,0,379.685,62.069,153,354,-0.881,0.029,-0.045,0.023,94,166.5,98,-2.5,0,418.074,67.451,2.469,0.391,0,0,0,0,1792

Main.js:462 110.757,380.907,298.5,298.5,0.661,-0.634,0.024,-0.044,0,1,0,1,0,0,0,0,0,0,0,0,0,0,0,0,0,0,0,0,378.807,62.12,151.5,351,-0.878,0.05,-0.044,0.024,93,164,98,-2.5,0,420.544,67.842,2.469,0.391,0,0,0,0,1809

Main.js:462 111.407,380.262,297,297,0.65,-0.645,0.023,-0.045,0,1,0,1,0,0,0,0,0,0,0,0,0,0,0,0,0,0,0,0,377.931,62.191,150,348,-0.876,0.072,-0.043,0.025,92,161.5,98,-2.5,0,423.013,68.233,2.469,0.391,0,0,0,0,1828

Main.js:462 112.044,379.607,295.5,295.5,0.638,-0.655,0.022,-0.045,0,1,0,1,0,0,0,0,0,0,0,0,0,0,0,0,0,0,0,0,377.059,62.284,148.5,345,-0.872,0.093,-0.043,0.026,91,159,98,-2.5,0,425.482,68.625,2.469,0.391,0,0,0,0,1843

Main.js:462 112.67,378.941,294,294,0.625,-0.666,0.02,-0.046,0,1,0,1,0,0,0,0,0,0,0,0,0,0,0,0,0,0,0,0,376.19,62.398,147,342,-0.869,0.114,-0.042,0.027,90,156.5,98,-2.5,0,427.951,69.016,2.469,0.391,0,0,0,0,1858

Main.js:462 113.282,378.264,292.5,292.5,0.612,-0.676,0.019,-0.046,0,1,0,1,0,0,0,0,0,0,0,0,0,0,0,0,0,0,0,0,375.326,62.533,145.5,339,-0.864,0.135,-0.041,0.028,89,154,98,-2.5,0,430.421,69.407,2.469,0.391,0,0,0,0,1875

Main.js:462 113.88,377.577,291,291,0.598,-0.687,0.018,-0.047,0,1,0,1,0,0,0,0,0,0,0,0,0,0,0,0,0,0,0,0,374.466,62.69,144,336,-0.86,0.156,-0.04,0.029,88,151.5,98,-2.5,0,432.89,69.798,2.469,0.391,0,0,0,0,1892

Main.js:462 114.464,376.88,289.5,289.5,0.584,-0.697,0.017,-0.047,0,1,0,1,0,0,0,0,0,0,0,0,0,0,0,0,0,0,0,0,373.612,62.867,142.5,333,-0.854,0.177,-0.04,0.03,87,149,98,-2.5,0,435.359,70.189,2.469,0.391,0,0,0,0,1908

Main.js:462 115.034,376.172,288,288,0.57,-0.708,0.015,-0.048,0,1,0,1,0,0,0,0,0,0,0,0,0,0,0,0,0,0,0,0,372.764,63.066,141,330,-0.848,0.199,-0.039,0.031,86,146.5,98,-2.5,0,437.828,70.58,2.469,0.391,0,0,0,0,1926

Main.js:462 115.589,375.454,286.5,286.5,0.555,-0.718,0.014,-0.048,0,1,0,1,0,0,0,0,0,0,0,0,0,0,0,0,0,0,0,0,371.921,63.285,139.5,327,-0.842,0.219,-0.038,0.032,85,144,98,-2.5,0,440.297,70.971,2.469,0.391,0,0,0,0,1943

Main.js:462 116.129,374.726,285,285,0.539,-0.728,0.013,-0.048,0,1,0,1,0,0,0,0,0,0,0,0,0,0,0,0,0,0,0,0,371.086,63.525,138,324,-0.835,0.24,-0.037,0.033,84,141.5,98,-2.5,0,442.767,71.362,2.469,0.391,0,0,0,0,1959

Main.js:462 116.652,373.989,283.5,283.5,0.524,-0.738,0.012,-0.049,0,1,0,1,0,0,0,0,0,0,0,0,0,0,0,0,0,0,0,0,370.258,63.786,136.5,321,-0.828,0.261,-0.036,0.034,83,139,98,-2.5,0,445.236,71.753,2.469,0.391,0,0,0,0,1977

Main.js:462 117.159,373.242,282,282,0.507,-0.747,0.01,-0.049,0,1,0,1,0,0,0,0,0,0,0,0,0,0,0,0,0,0,0,0,369.438,64.068,135,318,-0.82,0.281,-0.035,0.035,82,136.5,98,-2.5,0,447.705,72.144,2.469,0.391,0,0,0,0,1992

Main.js:462 117.65,372.485,280.5,280.5,0.491,-0.757,0.009,-0.049,0,1,0,1,0,0,0,0,0,0,0,0,0,0,0,0,0,0,0,0,368.626,64.37,133.5,315,-0.812,0.302,-0.034,0.036,81,134,98,-2.5,0,450.174,72.535,2.469,0.391,0,0,0,0,2010

Main.js:462 118.123,371.719,279,279,0.473,-0.766,0.008,-0.049,0,1,0,1,0,0,0,0,0,0,0,0,0,0,0,0,0,0,0,0,367.821,64.69,135,315,-0.805,0.32,-0.035,0.035,80,131.5,98,-2.5,0,452.644,72.926,2.469,0.391,0,0,0,0,2026

Main.js:462 118.579,370.945,277.5,277.5,0.456,-0.774,0.007,-0.05,0,1,0,1,0,0,0,0,0,0,0,0,0,0,0,0,0,0,0,0,367.022,65.027,136.5,315,-0.799,0.337,-0.036,0.034,79,129,98,-2.5,0,455.113,73.318,2.469,0.391,0,0,0,0,2042

Main.js:462 119.017,370.162,276,276,0.438,-0.783,0.005,-0.05,0,1,0,1,0,0,0,0,0,0,0,0,0,0,0,0,0,0,0,0,366.228,65.379,138,315,-0.794,0.352,-0.037,0.033,78,126.5,98,-2.5,0,457.582,73.709,2.469,0.391,0,0,0,0,2059

Main.js:462 119.437,369.371,274.5,274.5,0.42,-0.791,0.004,-0.05,0,1,0,1,0,0,0,0,0,0,0,0,0,0,0,0,0,0,0,0,365.437,65.744,139.5,315,-0.791,0.365,-0.038,0.032,77,124,98,-2.5,0,460.051,74.1,2.469,0.391,0,0,0,0,2075

Main.js:462 119.839,368.571,273,273,0.401,-0.799,0.003,-0.05,0,1,0,1,0,0,0,0,0,0,0,0,0,0,0,0,0,0,0,0,364.649,66.121,141,315,-0.788,0.377,-0.039,0.031,76,121.5,98,-2.5,0,462.52,74.491,2.469,0.391,0,0,0,0,2092

Main.js:462 120.221,367.765,271.5,271.5,0.383,-0.807,0.001,-0.05,0,1,0,1,0,0,0,0,0,0,0,0,0,0,0,0,0,0,0,0,363.862,66.508,142.5,315,-0.786,0.387,-0.04,0.03,75,119,98,-2.5,0,464.99,74.882,2.469,0.391,0,0,0,0,2108

Main.js:462 120.585,366.951,270,270,0.363,-0.814,0,-0.05,0,1,0,1,0,0,0,0,0,0,0,0,0,0,0,0,0,0,0,0,363.077,66.903,144,315,-0.786,0.395,-0.04,0.029,74,116.5,98,-2.5,0,467.459,75.273,2.469,0.391,0,0,0,0,2125

Main.js:462 120.929,366.13,268.5,268.5,0.344,-0.821,-0.001,-0.05,0,1,0,1,0,0,0,0,0,0,0,0,0,0,0,0,0,0,0,0,362.291,67.306,145.5,315,-0.785,0.403,-0.041,0.028,73,114,98,-2.5,0,469.928,75.664,2.469,0.391,0,0,0,0,2142

Main.js:462 121.255,365.303,268.5,268.5,0.326,-0.827,-0.001,-0.05,0,0,0,1,0,0,0,0,0,0,0,0,0,0,0,0,0,0,0,0,361.505,67.714,147,315,-0.786,0.408,-0.042,0.027,72,111.5,98,-2.5,0,472.397,76.055,2.469,0.391,0,0,0,0,2159

Main.js:462 121.563,364.47,268.5,268.5,0.308,-0.833,-0.001,-0.05,0,0,0,1,0,0,0,0,0,0,0,0,0,0,0,0,0,0,0,0,360.718,68.127,148.5,315,-0.787,0.413,-0.043,0.026,71,109,98,-2.5,0,474.867,76.446,2.469,0.391,0,0,0,0,2175

Main.js:462 121.854,363.631,268.5,268.5,0.291,-0.839,-0.001,-0.05,0,0,0,1,0,0,0,0,0,0,0,0,0,0,0,0,0,0,0,0,359.929,68.543,150,315,-0.789,0.416,-0.043,0.025,70,106.5,98,-2.5,0,477.336,76.837,2.469,0.391,0,0,0,0,2192

Main.js:462 122.13,362.787,268.5,268.5,0.276,-0.845,-0.001,-0.05,0,0,0,1,0,0,0,0,0,0,0,0,0,0,0,0,0,0,0,0,359.138,68.961,151.5,315,-0.791,0.418,-0.044,0.024,69,104,98,-2.5,0,479.805,77.228,2.469,0.391,0,0,0,0,2209

Main.js:462 122.39,361.937,268.5,268.5,0.261,-0.85,-0.001,-0.05,0,0,0,1,0,0,0,0,0,0,0,0,0,0,0,0,0,0,0,0,358.344,69.379,153,315,-0.794,0.418,-0.045,0.023,68,101.5,98,-2.5,0,482.274,77.619,2.469,0.391,0,0,0,0,2226

Main.js:462 122.637,361.082,268.5,268.5,0.246,-0.855,-0.001,-0.05,0,0,0,1,0,0,0,0,0,0,0,0,0,0,0,0,0,0,0,0,357.546,69.797,154.5,315,-0.797,0.418,-0.045,0.022,67,99,98,-2.5,0,484.743,78.011,2.469,0.391,0,0,0,0,2243

Main.js:462 122.869,360.223,268.5,268.5,0.233,-0.86,-0.001,-0.05,0,0,0,1,0,0,0,0,0,0,0,0,0,0,0,0,0,0,0,0,356.746,70.214,156,315,-0.801,0.416,-0.046,0.02,66,96.5,98,-2.5,0,487.213,78.402,2.469,0.391,0,0,0,0,2260

Main.js:462 123.089,359.359,268.5,268.5,0.22,-0.864,-0.001,-0.05,0,0,0,1,0,0,0,0,0,0,0,0,0,0,0,0,0,0,0,0,355.941,70.627,157.5,315,-0.805,0.414,-0.046,0.019,65,94,98,-2.5,0,489.682,78.793,2.469,0.391,0,0,0,0,2276

Main.js:462 123.297,358.49,268.5,268.5,0.208,-0.868,-0.001,-0.05,0,0,0,1,0,0,0,0,0,0,0,0,0,0,0,0,0,0,0,0,355.132,71.037,159,315,-0.809,0.41,-0.047,0.018,64,91.5,98,-2.5,0,492.151,79.184,2.469,0.391,0,0,0,0,2292

Main.js:462 123.493,357.618,268.5,268.5,0.196,-0.872,-0.001,-0.05,0,0,0,1,0,0,0,0,0,0,0,0,0,0,0,0,0,0,0,0,354.319,71.443,160.5,315,-0.813,0.405,-0.047,0.017,63,89,98,-2.5,0,494.62,79.575,2.469,0.391,0,0,0,0,2319

Main.js:462 123.678,356.742,268.5,268.5,0.185,-0.876,-0.001,-0.05,0,0,0,1,0,0,0,0,0,0,0,0,0,0,0,0,0,0,0,0,353.502,71.843,162,315,-0.818,0.4,-0.048,0.015,62,86.5,98,-2.5,0,497.09,79.966,2.469,0.391,0,0,0,0,2342

Main.js:462 123.852,355.862,268.5,268.5,0.174,-0.88,-0.001,-0.05,0,0,0,1,0,0,0,0,0,0,0,0,0,0,0,0,0,0,0,0,352.679,72.236,163.5,315,-0.822,0.393,-0.048,0.014,61,84,98,-2.5,0,499.559,80.357,2.469,0.391,0,0,0,0,2359

Main.js:462 124.018,354.978,270,270,0.166,-0.883,0,-0.05,0,0,1,1,0,0,0,0,0,0,0,0,0,0,0,0,0,0,0,0,351.852,72.622,165,315,-0.827,0.386,-0.048,0.013,60,81.5,98,-2.5,0,0,0,0,0,0,0,0,0,2375

Main.js:462 124.177,354.092,271.5,271.5,0.159,-0.887,0.001,-0.05,0,0,1,1,0,0,0,0,0,0,0,0,0,0,0,0,0,0,0,0,351.021,73,166.5,315,-0.832,0.378,-0.049,0.012,59,79,98,-2.5,0,0,0,0,0,0,0,0,0,2392

Main.js:462 124.33,353.202,273,273,0.153,-0.89,0.003,-0.05,0,0,1,1,0,0,0,0,0,0,0,0,0,0,0,0,0,0,0,0,350.184,73.368,168,315,-0.837,0.369,-0.049,0.01,58,76.5,98,-2.5,0,0,0,0,0,0,0,0,0,2409

Main.js:462 124.479,352.309,274.5,274.5,0.149,-0.893,0.004,-0.05,0,0,1,1,0,0,0,0,0,0,0,0,0,0,0,0,0,0,0,0,349.342,73.727,169.5,315,-0.842,0.359,-0.049,0.009,57,74,98,-2.5,0,0,0,0,0,0,0,0,0,2425

Main.js:462 124.626,351.414,276,276,0.147,-0.895,0.005,-0.05,0,0,1,1,0,0,0,0,0,0,0,0,0,0,0,0,0,0,0,0,348.496,74.076,171,315,-0.846,0.348,-0.049,0.008,56,71.5,98,-2.5,0,0,0,0,0,0,0,0,0,2443

Main.js:462 124.772,350.516,277.5,277.5,0.146,-0.898,0.007,-0.05,0,0,1,1,0,0,0,0,0,0,0,0,0,0,0,0,0,0,0,0,347.645,74.413,172.5,315,-0.851,0.337,-0.05,0.007,55,69,98,-2.5,0,0,0,0,0,0,0,0,0,2459

Main.js:462 124.918,349.616,279,279,0.146,-0.9,0.008,-0.049,0,0,1,1,0,0,0,0,0,0,0,0,0,0,0,0,0,0,0,0,346.789,74.738,174,315,-0.856,0.325,-0.05,0.005,54,66.5,98,-2.5,0,0,0,0,0,0,0,0,0,2475

Main.js:462 125.065,348.715,280.5,280.5,0.147,-0.901,0.009,-0.049,0,0,1,1,0,0,0,0,0,0,0,0,0,0,0,0,0,0,0,0,345.928,75.051,175.5,315,-0.86,0.313,-0.05,0.004,53,64,98,-2.5,0,0,0,0,0,0,0,0,0,2493

Main.js:462 125.215,347.812,282,282,0.15,-0.903,0.01,-0.049,0,0,1,1,0,0,0,0,0,0,0,0,0,0,0,0,0,0,0,0,345.064,75.351,177,315,-0.865,0.3,-0.05,0.003,52,61.5,98,-2.5,0,0,0,0,0,0,0,0,0,2508

Main.js:462 125.368,346.908,283.5,283.5,0.153,-0.904,0.012,-0.049,0,0,1,1,0,0,0,0,0,0,0,0,0,0,0,0,0,0,0,0,344.194,75.638,177,313.5,-0.869,0.287,-0.05,0.003,51,59,98,-2.5,0,0,0,0,0,0,0,0,0,2528

Main.js:462 125.526,346.004,285,285,0.158,-0.905,0.013,-0.048,0,0,1,1,0,0,0,0,0,0,0,0,0,0,0,0,0,0,0,0,343.321,75.913,177,312,-0.873,0.275,-0.05,0.003,50,56.5,98,-2.5,0,0,0,0,0,0,0,0,0,2543

Main.js:462 125.69,345.099,286.5,286.5,0.164,-0.905,0.014,-0.048,0,0,1,1,0,0,0,0,0,0,0,0,0,0,0,0,0,0,0,0,342.445,76.177,177,310.5,-0.877,0.264,-0.05,0.003,49,54,98,-2.5,0,0,0,0,0,0,0,0,0,2558

Main.js:462 125.86,344.194,288,288,0.17,-0.905,0.015,-0.048,0,0,1,1,0,0,0,0,0,0,0,0,0,0,0,0,0,0,0,0,341.564,76.43,177,309,-0.88,0.253,-0.05,0.003,48,51.5,98,-2.5,0,0,0,0,0,0,0,0,0,2576

Main.js:462 126.037,343.29,289.5,289.5,0.177,-0.904,0.017,-0.047,0,0,1,1,0,0,0,0,0,0,0,0,0,0,0,0,0,0,0,0,340.68,76.673,177,307.5,-0.884,0.243,-0.05,0.003,47,49,98,-2.5,0,0,0,0,0,0,0,0,0,2591

Main.js:462 126.223,342.387,291,291,0.186,-0.903,0.018,-0.047,0,0,1,1,0,0,0,0,0,0,0,0,0,0,0,0,0,0,0,0,339.793,76.907,177,306,-0.887,0.233,-0.05,0.003,46,46.5,98,-2.5,0,0,0,0,0,0,0,0,0,2609

Main.js:462 126.417,341.484,292.5,292.5,0.194,-0.902,0.019,-0.046,0,0,1,1,0,0,0,0,0,0,0,0,0,0,0,0,0,0,0,0,338.903,77.131,177,304.5,-0.89,0.224,-0.05,0.003,45,44,98,-2.5,0,0,0,0,0,0,0,0,0,2627

Main.js:462 126.621,340.584,294,294,0.204,-0.9,0.02,-0.046,0,0,1,1,0,0,0,0,0,0,0,0,0,0,0,0,0,0,0,0,338.01,77.347,177,303,-0.893,0.216,-0.05,0.003,44,41.5,98,-2.5,0,0,0,0,0,0,0,0,0,2642

Main.js:462 126.835,339.686,295.5,295.5,0.214,-0.898,0.022,-0.045,0,0,1,1,0,0,0,0,0,0,0,0,0,0,0,0,0,0,0,0,337.114,77.554,177,301.5,-0.896,0.207,-0.05,0.003,43,39,98,-2.5,0,0,0,0,0,0,0,0,0,2660

Main.js:462 127.059,338.79,295.5,295.5,0.224,-0.896,0.022,-0.045,0,0,0,1,0,0,0,0,0,0,0,0,0,0,0,0,0,0,0,0,336.216,77.753,177,300,-0.898,0.199,-0.05,0.003,42,36.5,98,-2.5,0,0,0,0,0,0,0,0,0,2676

Main.js:462 127.293,337.895,295.5,295.5,0.233,-0.894,0.022,-0.045,0,0,0,1,0,0,0,0,0,0,0,0,0,0,0,0,0,0,0,0,335.315,77.945,177,298.5,-0.901,0.192,-0.05,0.003,41,34,98,-2.5,0,0,0,0,0,0,0,0,0,2692

Main.js:462 127.535,337.003,295.5,295.5,0.242,-0.892,0.022,-0.045,0,0,0,1,0,0,0,0,0,0,0,0,0,0,0,0,0,0,0,0,334.411,78.13,177,297,-0.903,0.185,-0.05,0.003,40,31.5,98,-2.5,0,0,0,0,0,0,0,0,0,2710

Main.js:462 127.785,336.112,295.5,295.5,0.25,-0.891,0.022,-0.045,0,0,0,1,0,0,0,0,0,0,0,0,0,0,0,0,0,0,0,0,333.506,78.308,177,295.5,-0.906,0.178,-0.05,0.003,39,29,98,-2.5,0,0,0,0,0,0,0,0,0,2727

Main.js:462 128.043,335.223,295.5,295.5,0.258,-0.889,0.022,-0.045,0,0,0,1,0,0,0,0,0,0,0,0,0,0,0,0,0,0,0,0,332.598,78.479,177,294,-0.908,0.172,-0.05,0.003,38,26.5,98,-2.5,0,0,0,0,0,0,0,0,0,2742

Main.js:462 128.309,334.336,295.5,295.5,0.266,-0.887,0.022,-0.045,0,0,0,1,0,0,0,0,0,0,0,0,0,0,0,0,0,0,0,0,331.688,78.645,177,292.5,-0.91,0.165,-0.05,0.003,37,24,98,-2.5,0,0,0,0,0,0,0,0,0,2759

Main.js:462 128.582,333.45,295.5,295.5,0.273,-0.886,0.022,-0.045,0,0,0,1,0,0,0,0,0,0,0,0,0,0,0,0,0,0,0,0,330.776,78.805,177,291,-0.912,0.16,-0.05,0.003,36,21.5,98,-2.5,0,0,0,0,0,0,0,0,0,2775

Main.js:462 128.862,332.565,295.5,295.5,0.28,-0.885,0.022,-0.045,0,0,0,1,0,0,0,0,0,0,0,0,0,0,0,0,0,0,0,0,329.863,78.959,177,289.5,-0.914,0.154,-0.05,0.003,35,19,98,-2.5,0,0,0,0,0,0,0,0,0,2791

Main.js:462 129.148,331.682,295.5,295.5,0.286,-0.883,0.022,-0.045,0,0,0,1,0,0,0,0,0,0,0,0,0,0,0,0,0,0,0,0,328.947,79.108,177,288,-0.915,0.149,-0.05,0.003,34,16.5,98,-2.5,0,0,0,0,0,0,0,0,0,2808

Main.js:462 129.441,330.8,295.5,295.5,0.292,-0.882,0.022,-0.045,0,0,0,1,0,0,0,0,0,0,0,0,0,0,0,0,0,0,0,0,328.03,79.252,177,286.5,-0.917,0.144,-0.05,0.003,33,14,98,-2.5,0,0,0,0,0,0,0,0,0,2825

Main.js:462 129.739,329.919,295.5,295.5,0.298,-0.881,0.022,-0.045,0,0,0,1,0,0,0,0,0,0,0,0,0,0,0,0,0,0,0,0,327.112,79.391,177,285,-0.919,0.139,-0.05,0.003,32,11.5,98,-2.5,0,0,0,0,0,0,0,0,0,2843

Main.js:462 130.043,329.04,295.5,295.5,0.304,-0.88,0.022,-0.045,0,0,0,1,0,0,0,0,0,0,0,0,0,0,0,0,0,0,0,0,326.191,79.526,177,283.5,-0.92,0.135,-0.05,0.003,31,9,98,-2.5,0,0,0,0,0,0,0,0,0,2858

Main.js:462 130.352,328.161,295.5,295.5,0.309,-0.878,0.022,-0.045,0,0,0,1,0,0,0,0,0,0,0,0,0,0,0,0,0,0,0,0,325.27,79.657,177,282,-0.922,0.131,-0.05,0.003,30,6.5,98,-2.5,0,0,0,0,0,0,0,0,0,2877

Main.js:462 130.666,327.284,295.5,295.5,0.314,-0.877,0.022,-0.045,0,0,0,1,0,0,0,0,0,0,0,0,0,0,0,0,0,0,0,0,324.347,79.783,177,280.5,-0.923,0.127,-0.05,0.003,29,4,98,-2.5,0,0,0,0,0,0,0,0,0,2916

Main.js:462 130.985,326.408,295.5,295.5,0.319,-0.876,0.022,-0.045,0,0,0,1,0,0,0,0,0,0,0,0,0,0,0,0,0,0,0,0,323.423,79.906,177,279,-0.924,0.123,-0.05,0.003,28,1.5,98,-2.5,0,0,0,0,0,0,0,0,0,2925

Main.js:462 131.309,325.533,297,297,0.324,-0.875,0.023,-0.045,0,0,1,1,0,0,0,0,0,0,0,0,0,0,0,0,0,0,0,0,322.497,80.025,177,277.5,-0.925,0.119,-0.05,0.003,27,0,0,0,0,0,0,0,0,0,0,0,0,2942

Main.js:462 131.64,324.66,298.5,298.5,0.331,-0.873,0.024,-0.044,0,0,1,1,0,0,0,0,0,0,0,0,0,0,0,0,0,0,0,0,321.571,80.14,177,276,-0.927,0.116,-0.05,0.003,26,0,0,0,0,0,0,0,0,0,0,0,0,2957

Main.js:462 131.978,323.789,300,300,0.338,-0.87,0.025,-0.043,0,0,1,1,0,0,0,0,0,0,0,0,0,0,0,0,0,0,0,0,320.643,80.253,177,274.5,-0.928,0.112,-0.05,0.003,25,0,0,0,0,0,0,0,0,0,0,0,0,2975

Main.js:462 132.324,322.922,301.5,301.5,0.346,-0.867,0.026,-0.043,0,0,1,1,0,0,0,0,0,0,0,0,0,0,0,0,0,0,0,0,319.714,80.362,177,273,-0.929,0.109,-0.05,0.003,24,0,0,0,0,0,0,0,0,0,0,0,0,2992

Main.js:462 132.679,322.058,303,303,0.355,-0.864,0.027,-0.042,0,0,1,1,0,0,0,0,0,0,0,0,0,0,0,0,0,0,0,0,318.785,80.468,177,271.5,-0.93,0.106,-0.05,0.003,23,0,0,0,0,0,0,0,0,0,0,0,0,3010

Main.js:462 133.042,321.199,304.5,304.5,0.364,-0.86,0.028,-0.041,0,0,1,1,0,0,0,0,0,0,0,0,0,0,0,0,0,0,0,0,317.854,80.573,175.5,268.5,-0.931,0.105,-0.05,0.004,22,0,0,0,0,0,0,0,0,0,0,0,0,3026

Main.js:462 133.416,320.343,306,306,0.373,-0.855,0.029,-0.04,0,0,1,1,0,0,0,0,0,0,0,0,0,0,0,0,0,0,0,0,316.923,80.677,174,265.5,-0.931,0.104,-0.05,0.005,21,0,0,0,0,0,0,0,0,0,0,0,0,3042

Main.js:462 133.799,319.493,307.5,307.5,0.384,-0.85,0.03,-0.04,0,0,1,1,0,0,0,0,0,0,0,0,0,0,0,0,0,0,0,0,315.991,80.782,172.5,262.5,-0.932,0.105,-0.05,0.007,20,0,0,0,0,0,0,0,0,0,0,0,0,3059

Main.js:462 134.194,318.649,309,309,0.394,-0.845,0.031,-0.039,0,0,1,1,0,0,0,0,0,0,0,0,0,0,0,0,0,0,0,0,315.059,80.89,171,259.5,-0.932,0.107,-0.049,0.008,19,0,0,0,0,0,0,0,0,0,0,0,0,3076

Main.js:462 134.599,317.81,310.5,310.5,0.406,-0.838,0.032,-0.038,0,0,1,1,0,0,0,0,0,0,0,0,0,0,0,0,0,0,0,0,314.126,81,169.5,256.5,-0.932,0.111,-0.049,0.009,18,0,0,0,0,0,0,0,0,0,0,0,0,3092

Main.js:462 135.016,316.978,312,312,0.417,-0.832,0.033,-0.037,0,0,1,1,0,0,0,0,0,0,0,0,0,0,0,0,0,0,0,0,313.194,81.116,168,253.5,-0.932,0.115,-0.049,0.01,17,0,0,0,0,0,0,0,0,0,0,0,0,3108

Main.js:462 135.444,316.153,312,312,0.428,-0.826,0.033,-0.037,0,0,0,1,0,0,0,0,0,0,0,0,0,0,0,0,0,0,0,0,312.262,81.236,166.5,250.5,-0.932,0.12,-0.049,0.012,16,0,0,0,0,0,0,0,0,0,0,0,0,3125

Main.js:462 135.883,315.333,312,312,0.438,-0.82,0.033,-0.037,0,0,0,1,0,0,0,0,0,0,0,0,0,0,0,0,0,0,0,0,311.331,81.363,165,247.5,-0.931,0.127,-0.048,0.013,15,0,0,0,0,0,0,0,0,0,0,0,0,3141

Main.js:462 136.331,314.519,312,312,0.448,-0.814,0.033,-0.037,0,0,0,1,0,0,0,0,0,0,0,0,0,0,0,0,0,0,0,0,310.401,81.497,163.5,244.5,-0.93,0.134,-0.048,0.014,14,0,0,0,0,0,0,0,0,0,0,0,0,3158

Main.js:462 136.789,313.711,312,312,0.458,-0.808,0.033,-0.037,0,0,0,1,0,0,0,0,0,0,0,0,0,0,0,0,0,0,0,0,309.473,81.638,162,241.5,-0.929,0.142,-0.048,0.015,13,0,0,0,0,0,0,0,0,0,0,0,0,3175

Main.js:462 137.255,312.908,312,312,0.467,-0.803,0.033,-0.037,0,0,0,1,0,0,0,0,0,0,0,0,0,0,0,0,0,0,0,0,308.546,81.789,160.5,238.5,-0.927,0.151,-0.047,0.017,12,0,0,0,0,0,0,0,0,0,0,0,0,3192

Main.js:462 137.73,312.109,312,312,0.475,-0.798,0.033,-0.037,0,0,0,1,0,0,0,0,0,0,0,0,0,0,0,0,0,0,0,0,307.621,81.949,159,235.5,-0.925,0.16,-0.047,0.018,11,0,0,0,0,0,0,0,0,0,0,0,0,3209

Main.js:462 138.213,311.315,312,312,0.483,-0.794,0.033,-0.037,0,0,0,1,0,0,0,0,0,0,0,0,0,0,0,0,0,0,0,0,306.698,82.119,157.5,232.5,-0.923,0.17,-0.046,0.019,10,0,0,0,0,0,0,0,0,0,0,0,0,3226

Main.js:462 138.704,310.526,312,312,0.491,-0.789,0.033,-0.037,0,0,0,1,0,0,0,0,0,0,0,0,0,0,0,0,0,0,0,0,305.778,82.301,156,229.5,-0.92,0.181,-0.046,0.02,9,0,0,0,0,0,0,0,0,0,0,0,0,3242

Main.js:462 139.202,309.741,312,312,0.498,-0.785,0.033,-0.037,0,0,0,1,0,0,0,0,0,0,0,0,0,0,0,0,0,0,0,0,304.861,82.493,154.5,226.5,-0.917,0.192,-0.045,0.022,8,0,0,0,0,0,0,0,0,0,0,0,0,3258

Main.js:462 139.706,308.959,312,312,0.505,-0.781,0.033,-0.037,0,0,0,1,0,0,0,0,0,0,0,0,0,0,0,0,0,0,0,0,303.948,82.697,153,223.5,-0.913,0.204,-0.045,0.023,7,0,0,0,0,0,0,0,0,0,0,0,0,3275

Main.js:462 140.218,308.182,312,312,0.511,-0.778,0.033,-0.037,0,0,0,1,0,0,0,0,0,0,0,0,0,0,0,0,0,0,0,0,303.039,82.914,151.5,220.5,-0.909,0.217,-0.044,0.024,6,0,0,0,0,0,0,0,0,0,0,0,0,3293

Main.js:462 140.734,307.407,310.5,310.5,0.517,-0.775,0.032,-0.038,0,1,0,1,0,0,0,0,0,0,0,0,0,0,0,0,0,0,0,0,302.134,83.144,150,217.5,-0.905,0.23,-0.043,0.025,5,0,0,0,0,0,0,0,0,0,0,0,0,3309

Main.js:462 141.255,306.634,309,309,0.521,-0.773,0.031,-0.039,0,1,0,1,0,0,0,0,0,0,0,0,0,0,0,0,0,0,0,0,301.234,83.387,148.5,214.5,-0.9,0.243,-0.043,0.026,4,0,0,0,0,0,0,0,0,0,0,0,0,3325

Main.js:462 141.778,305.862,307.5,307.5,0.524,-0.772,0.03,-0.04,0,1,0,1,0,0,0,0,0,0,0,0,0,0,0,0,0,0,0,0,300.338,83.644,147,211.5,-0.895,0.257,-0.042,0.027,3,0,0,0,0,0,0,0,0,0,0,0,0,3342

Main.js:462 142.304,305.09,306,306,0.525,-0.772,0.029,-0.04,0,1,0,1,0,0,0,0,0,0,0,0,0,0,0,0,0,0,0,0,299.449,83.915,145.5,208.5,-0.889,0.271,-0.041,0.028,2,0,0,0,0,0,0,0,0,0,0,0,0,3359

Main.js:462 142.83,304.318,304.5,304.5,0.526,-0.772,0.028,-0.041,0,1,0,1,0,0,0,0,0,0,0,0,0,0,0,0,0,0,0,0,298.566,84.2,144,205.5,-0.883,0.285,-0.04,0.029,1,0,0,0,0,0,0,0,0,0,0,0,0,3376

Main.js:462 143.355,303.544,303,303,0.526,-0.774,0.027,-0.042,0,1,0,1,0,0,0,0,0,0,0,0,0,0,0,0,0,0,0,0,297.689,84.5,142.5,202.5,-0.877,0.3,-0.04,0.03,0,0,0,0,0,0,0,0,0,0,0,0,0,3393

Main.js:462 143.879,302.769,301.5,301.5,0.524,-0.775,0.026,-0.043,0,1,0,1,0,0,0,0,0,0,0,0,0,0,0,0,0,0,0,0,296.819,84.815,141,199.5,-0.87,0.315,-0.039,0.031,99,0,0,0,0,0,0,0,0,0,0,0,0,3410

Main.js:462 144.401,301.991,300,300,0.522,-0.778,0.025,-0.043,0,1,0,1,0,0,0,0,0,0,0,0,0,0,0,0,0,0,0,0,295.956,85.145,139.5,196.5,-0.863,0.33,-0.038,0.032,98,275.537,76.656,-2.357,-0.835,0,0,0,0,0,0,0,0,3424

Main.js:462 144.919,301.21,298.5,298.5,0.518,-0.781,0.024,-0.044,0,1,0,1,0,0,0,0,0,0,0,0,0,0,0,0,0,0,0,0,295.101,85.49,138,193.5,-0.855,0.345,-0.037,0.033,97,273.18,75.821,-2.357,-0.835,0,0,0,0,0,0,0,0,3442

Main.js:462 145.434,300.427,298.5,298.5,0.515,-0.783,0.024,-0.044,0,0,0,1,0,0,0,0,0,0,0,0,0,0,0,0,0,0,0,0,294.255,85.851,136.5,190.5,-0.847,0.361,-0.036,0.034,96,270.823,74.986,-2.357,-0.835,0,0,0,0,0,0,0,0,3458

Main.js:462 145.946,299.641,298.5,298.5,0.512,-0.786,0.024,-0.044,0,0,0,1,0,0,0,0,0,0,0,0,0,0,0,0,0,0,0,0,293.417,86.227,135,187.5,-0.838,0.376,-0.035,0.035,95,268.467,74.152,-2.357,-0.835,0,0,0,0,0,0,0,0,3475

Main.js:462 146.455,298.852,298.5,298.5,0.509,-0.788,0.024,-0.044,0,0,0,1,0,0,0,0,0,0,0,0,0,0,0,0,0,0,0,0,292.588,86.619,133.5,184.5,-0.829,0.392,-0.034,0.036,94,266.11,73.317,-2.357,-0.835,0,0,0,0,0,0,0,0,3492

Main.js:462 146.938,298.104,298.5,298.5,0.483,-0.749,0,0,0,0,0,0,0,0,0,0,0,0,0,0,0,0,0,0,0,0,0,0,291.769,87.026,132,181.5,-0.819,0.408,-0.033,0.037,93,263.754,72.483,-2.357,-0.835,0,0,0,0,0,0,0,0,3509

Main.js:462 147.398,297.392,298.5,298.5,0.459,-0.712,0,0,0,0,0,0,0,0,0,0,0,0,0,0,0,0,0,0,0,0,0,0,290.961,87.449,130.5,178.5,-0.809,0.423,-0.032,0.038,92,261.397,71.648,-2.357,-0.835,0,0,0,0,0,0,0,0,3541

Main.js:462 147.834,296.716,298.5,298.5,0.436,-0.676,0,0,0,0,0,0,0,0,0,0,0,0,0,0,0,0,0,0,0,0,0,0,290.162,87.888,129,175.5,-0.798,0.439,-0.031,0.039,91,259.04,70.814,-2.357,-0.835,0,0,0,0,0,0,0,0,3559

Main.js:462 148.248,296.074,298.5,298.5,0.415,-0.642,0,0,99,0,0,0,0,1,0,0,0,0,0,0,0,0,0,0,0,0,0,0,289.375,88.343,127.5,172.5,-0.787,0.455,-0.03,0.04,90,256.684,69.979,-2.357,-0.835,0,0,0,0,0,0,0,0,3575

Main.js:462 148.642,295.464,298.5,298.5,0.394,-0.61,0,0,98,0,0,0,0,1,0,0,159.047,276.064,1.193,-2.197,0,0,0,0,0,0,0,0,288.599,88.814,126,169.5,-0.776,0.47,-0.029,0.04,89,254.327,69.145,-2.357,-0.835,0,0,0,0,0,0,0,0,3591

Main.js:462 149.016,294.884,298.5,298.5,0.374,-0.58,0,0,97,0,0,0,0,1,0,0,160.24,273.867,1.193,-2.197,0,0,0,0,0,0,0,0,287.835,89.3,124.5,166.5,-0.764,0.486,-0.028,0.041,88,251.971,68.31,-2.357,-0.835,0,0,0,0,0,0,0,0,3609

Main.js:462 149.372,294.334,298.5,298.5,0.355,-0.551,0,0,96,0,0,0,0,1,0,0,161.433,271.67,1.193,-2.197,0,0,0,0,0,0,0,0,287.084,89.801,123,163.5,-0.752,0.502,-0.027,0.042,87,249.614,67.476,-2.357,-0.835,0,0,0,0,0,0,0,0,3626

Main.js:462 149.709,293.811,298.5,298.5,0.338,-0.523,0,0,95,0,0,0,0,1,0,0,162.626,269.473,1.193,-2.197,0,0,0,0,0,0,0,0,286.345,90.318,121.5,160.5,-0.739,0.517,-0.026,0.043,86,247.257,66.641,-2.357,-0.835,0,0,0,0,0,0,0,0,3643

Main.js:462 150.03,293.314,298.5,298.5,0.321,-0.497,0,0,94,0,0,0,0,1,0,0,163.819,267.276,1.193,-2.197,0,0,0,0,0,0,0,0,285.619,90.851,120,157.5,-0.726,0.532,-0.025,0.043,85,244.901,65.807,-2.357,-0.835,0,0,0,0,0,0,0,0,3660

Main.js:462 150.335,292.842,298.5,298.5,0.305,-0.472,0,0,93,0,0,0,0,0,0,0,165.012,265.079,1.193,-2.197,0,0,0,0,0,0,0,0,284.907,91.398,118.5,154.5,-0.712,0.547,-0.024,0.044,84,242.544,64.972,-2.357,-0.835,0,0,0,0,0,0,0,0,3676

Main.js:462 150.624,292.393,298.5,298.5,0.289,-0.448,0,0,92,0,0,0,0,0,0,0,166.204,262.882,1.193,-2.197,0,0,0,0,0,0,0,0,284.209,91.961,117,151.5,-0.698,0.562,-0.023,0.045,83,240.188,64.138,-2.357,-0.835,0,0,0,0,0,0,0,0,3693

Main.js:462 150.899,291.967,298.5,298.5,0.275,-0.426,0,0,91,0,0,0,0,0,0,0,167.397,260.685,1.193,-2.197,0,0,0,0,0,0,0,0,283.525,92.538,115.5,148.5,-0.684,0.577,-0.022,0.045,82,237.831,63.303,-2.357,-0.835,0,0,0,0,0,0,0,0,3709

Main.js:462 151.161,291.563,298.5,298.5,0.261,-0.405,0,0,90,0,0,0,0,0,0,0,168.59,258.488,1.193,-2.197,0,0,0,0,0,0,0,0,282.857,93.129,114,145.5,-0.669,0.592,-0.02,0.046,81,235.474,62.469,-2.357,-0.835,0,0,0,0,0,0,0,0,3725

Main.js:462 151.409,291.178,298.5,298.5,0.248,-0.384,0,0,89,0,0,0,0,0,0,0,169.783,256.29,1.193,-2.197,0,0,0,0,0,0,0,0,282.203,93.735,112.5,142.5,-0.653,0.606,-0.019,0.046,80,233.118,61.634,-2.357,-0.835,0,0,0,0,0,0,0,0,3742

Main.js:462 151.644,290.813,298.5,298.5,0.236,-0.365,0,0,88,0,0,0,0,0,0,0,170.976,254.093,1.193,-2.197,0,0,0,0,0,0,0,0,281.565,94.355,111,139.5,-0.638,0.62,-0.018,0.047,79,230.761,60.8,-2.357,-0.835,0,0,0,0,0,0,0,0,3758

Main.js:462 151.868,290.466,298.5,298.5,0.224,-0.347,0,0,87,0,0,0,0,0,0,0,172.169,251.896,1.193,-2.197,0,0,0,0,0,0,0,0,280.944,94.989,109.5,136.5,-0.622,0.634,-0.017,0.047,78,228.404,59.965,-2.357,-0.835,0,0,0,0,0,0,0,0,3776

Main.js:462 152.081,290.136,298.5,298.5,0.213,-0.33,0,0,86,0,0,0,0,0,0,0,173.362,249.699,1.193,-2.197,0,0,0,0,0,0,0,0,280.338,95.637,108,133.5,-0.605,0.647,-0.015,0.048,77,226.048,59.131,-2.357,-0.835,0,0,0,0,0,0,0,0,3792

Main.js:462 152.283,289.823,300,300,0.202,-0.313,0,0,85,0,1,0,0,0,0,0,174.555,247.502,1.193,-2.197,0,0,0,0,0,0,0,0,279.75,96.297,106.5,130.5,-0.589,0.66,-0.014,0.048,76,223.691,58.296,-2.357,-0.835,0,0,0,0,0,0,0,0,3809

Main.js:462 152.475,289.526,301.5,301.5,0.192,-0.297,0,0,84,0,1,0,0,0,0,0,175.748,245.305,1.193,-2.197,0,0,0,0,0,0,0,0,279.178,96.97,105,127.5,-0.571,0.673,-0.013,0.048,75,221.335,57.462,-2.357,-0.835,0,0,0,0,0,0,0,0,3826

Main.js:462 152.658,289.243,303,303,0.182,-0.283,0,0,83,0,1,0,0,0,0,0,176.941,243.108,1.193,-2.197,0,0,0,0,0,0,0,0,278.624,97.656,103.5,124.5,-0.554,0.686,-0.012,0.049,74,218.978,56.627,-2.357,-0.835,0,0,0,0,0,0,0,0,3842

Main.js:462 152.831,288.975,304.5,304.5,0.173,-0.268,0,0,82,0,1,0,0,0,0,0,178.133,240.911,1.193,-2.197,0,0,0,0,0,0,0,0,278.088,98.354,102,121.5,-0.536,0.698,-0.01,0.049,73,216.621,55.793,-2.357,-0.835,0,0,0,0,0,0,0,0,3858

Main.js:462 152.996,288.72,306,306,0.165,-0.255,0,0,81,0,1,0,0,0,0,0,179.326,238.714,1.193,-2.197,0,0,0,0,0,0,0,0,277.57,99.064,100.5,118.5,-0.518,0.71,-0.009,0.049,72,214.265,54.958,-2.357,-0.835,0,0,0,0,0,0,0,0,3875

Main.js:462 153.152,288.477,307.5,307.5,0.156,-0.242,0,0,80,0,1,0,0,0,0,0,180.519,236.517,1.193,-2.197,0,0,0,0,0,0,0,0,277.071,99.785,99,115.5,-0.5,0.721,-0.008,0.049,71,211.908,54.124,-2.357,-0.835,0,0,0,0,0,0,0,0,3891

Main.js:462 153.301,288.247,309,309,0.149,-0.23,0,0,79,0,1,0,0,0,0,0,181.712,234.32,1.193,-2.197,0,0,0,0,0,0,0,0,276.59,100.518,97.5,112.5,-0.481,0.732,-0.007,0.05,70,209.552,53.289,-2.357,-0.835,0,0,0,0,0,0,0,0,3909

Main.js:462 153.442,288.028,310.5,310.5,0.141,-0.219,0,0,78,0,1,0,0,0,0,0,182.905,232.123,1.193,-2.197,0,0,0,0,0,0,0,0,276.128,101.26,96,109.5,-0.462,0.743,-0.005,0.05,69,207.195,52.455,-2.357,-0.835,0,0,0,0,0,0,0,0,3925

Main.js:462 153.576,287.821,312,312,0.134,-0.208,0,0,77,0,1,0,0,0,0,0,184.098,229.926,1.193,-2.197,0,0,0,0,0,0,0,0,275.686,102.014,94.5,106.5,-0.442,0.753,-0.004,0.05,68,204.838,51.62,-2.357,-0.835,0,0,0,0,0,0,0,0,3942

Main.js:462 153.704,287.623,313.5,313.5,0.127,-0.197,0,0,76,0,1,0,0,0,0,0,185.291,227.729,1.193,-2.197,0,0,0,0,0,0,0,0,275.263,102.776,93,103.5,-0.423,0.763,-0.003,0.05,67,202.482,50.785,-2.357,-0.835,0,0,0,0,0,0,0,0,3959

Main.js:462 153.825,287.436,315,315,0.121,-0.187,0,0,75,0,1,0,0,0,0,0,186.484,225.532,1.193,-2.197,0,0,0,0,0,0,0,0,274.86,103.549,91.5,100.5,-0.403,0.772,-0.001,0.05,66,200.125,49.951,-2.357,-0.835,0,0,0,0,0,0,0,0,3975

Main.js:462 153.94,287.258,316.5,316.5,0.115,-0.178,0,0,74,0,1,0,0,0,0,0,187.677,223.335,1.193,-2.197,0,0,0,0,0,0,0,0,274.478,104.33,90,97.5,-0.383,0.781,0,0.05,65,197.769,49.116,-2.357,-0.835,0,0,0,0,0,0,0,0,3993

Main.js:462 154.049,287.088,316.5,316.5,0.109,-0.169,0,0,73,0,0,0,0,0,0,0,188.87,221.138,1.193,-2.197,0,0,0,0,0,0,0,0,274.115,105.119,88.5,94.5,-0.362,0.79,0.001,0.05,64,195.412,48.282,-2.357,-0.835,0,0,0,0,0,0,0,0,4009

Main.js:462 154.153,286.928,316.5,316.5,0.104,-0.161,0,0,72,0,0,0,0,0,0,0,190.062,218.941,1.193,-2.197,0,0,0,0,0,0,0,0,273.771,105.917,90,94.5,-0.344,0.798,0,0.05,63,193.055,47.447,-2.357,-0.835,0,0,0,0,0,0,0,0,4025

Main.js:462 154.251,286.775,316.5,316.5,0.099,-0.153,0,0,71,0,0,0,0,0,0,0,191.255,216.744,1.193,-2.197,0,0,0,0,0,0,0,0,273.443,106.722,91.5,94.5,-0.328,0.805,-0.001,0.05,62,190.699,46.613,-2.357,-0.835,0,0,0,0,0,0,0,0,4041

Main.js:462 154.345,286.63,316.5,316.5,0.094,-0.145,0,0,70,0,0,0,0,0,0,0,192.448,214.547,1.193,-2.197,0,0,0,0,0,0,0,0,273.129,107.534,93,94.5,-0.314,0.812,-0.003,0.05,61,188.342,45.778,-2.357,-0.835,0,0,0,0,0,0,0,0,4059

Main.js:462 154.434,286.492,318,318,0.089,-0.138,0,0,69,0,1,0,0,0,0,0,193.641,212.35,1.193,-2.197,0,0,0,0,0,0,0,0,272.827,108.354,94.5,94.5,-0.302,0.819,-0.004,0.05,60,185.986,44.944,-2.357,-0.835,0,0,0,0,0,0,0,0,4076

Main.js:462 154.518,286.361,319.5,319.5,0.085,-0.131,0,0,68,0,1,0,0,0,0,0,194.834,210.153,1.193,-2.197,0,0,0,0,0,0,0,0,272.534,109.179,96,94.5,-0.292,0.825,-0.005,0.05,59,183.629,44.109,-2.357,-0.835,0,0,0,0,0,0,0,0,4092

Main.js:462 154.599,286.237,321,321,0.08,-0.124,0,0,67,0,1,0,0,0,0,0,196.027,207.956,1.193,-2.197,0,0,0,0,0,0,0,0,272.251,110.01,97.5,94.5,-0.284,0.831,-0.007,0.05,58,181.272,43.275,-2.357,-0.835,0,0,0,0,0,0,0,0,4109

Main.js:462 154.675,286.118,322.5,322.5,0.076,-0.118,0,0,66,0,1,0,0,0,0,0,197.22,205.759,1.193,-2.197,0,0,0,0,0,0,0,0,271.974,110.847,99,94.5,-0.277,0.837,-0.008,0.049,57,178.916,42.44,-2.357,-0.835,0,0,0,0,0,0,0,0,4126

Main.js:462 154.747,286.006,324,324,0.072,-0.112,0,0,65,0,1,0,0,0,0,0,198.413,203.561,1.193,-2.197,0,0,0,0,0,0,0,0,271.702,111.688,100.5,94.5,-0.272,0.841,-0.009,0.049,56,176.559,41.606,-2.357,-0.835,0,0,0,0,0,0,0,0,4142

Main.js:462 154.816,285.9,325.5,325.5,0.069,-0.107,0,0,64,0,1,0,0,0,0,0,199.606,201.364,1.193,-2.197,0,0,0,0,0,0,0,0,271.434,112.534,102,94.5,-0.268,0.846,-0.01,0.049,55,174.203,40.771,-2.357,-0.835,0,0,0,0,0,0,0,0,4158

Main.js:462 154.882,285.798,327,327,0.065,-0.101,0,0,63,0,1,0,0,0,0,0,200.798,199.167,1.193,-2.197,0,0,0,0,0,0,0,0,271.168,113.384,103.5,94.5,-0.266,0.85,-0.012,0.049,54,171.846,39.937,-2.357,-0.835,0,0,0,0,0,0,0,0,4176

Main.js:462 154.944,285.702,328.5,328.5,0.062,-0.096,0,0,62,0,1,0,0,0,0,0,201.991,196.97,1.193,-2.197,0,0,0,0,0,0,0,0,270.903,114.237,105,94.5,-0.265,0.853,-0.013,0.048,53,169.489,39.102,-2.357,-0.835,0,0,0,0,0,0,0,0,4191

Main.js:462 155.003,285.611,330,330,0.059,-0.091,0,0,61,0,1,0,0,0,0,0,203.184,194.773,1.193,-2.197,0,0,0,0,0,0,0,0,270.638,115.093,106.5,94.5,-0.265,0.856,-0.014,0.048,52,167.133,38.268,-2.357,-0.835,0,0,0,0,0,0,0,0,4208

Main.js:462 155.059,285.524,330,330,0.056,-0.087,0,0,60,0,0,0,0,0,0,0,204.377,192.576,1.193,-2.197,0,0,0,0,0,0,0,0,270.372,115.951,108,94.5,-0.266,0.858,-0.015,0.048,51,164.776,37.433,-2.357,-0.835,0,0,0,0,0,0,0,0,4226

Main.js:462 155.112,285.441,330,330,0.053,-0.083,0,0,59,0,0,0,0,0,0,0,205.57,190.379,1.193,-2.197,0,0,0,0,0,0,0,0,270.103,116.811,109.5,94.5,-0.269,0.86,-0.017,0.047,50,162.42,36.599,-2.357,-0.835,0,0,0,0,0,0,0,0,4242

Main.js:462 155.163,285.363,330,330,0.051,-0.078,0,0,58,0,0,0,0,0,0,0,206.763,188.182,1.193,-2.197,0,0,0,0,0,0,0,0,269.83,117.673,111,94.5,-0.273,0.862,-0.018,0.047,49,160.063,35.764,-2.357,-0.835,0,0,0,0,0,0,0,0,4259

Main.js:462 155.252,285.265,330,330,0.089,-0.098,0.043,-0.025,57,0,0,1,0,0,0,0,207.956,185.985,1.193,-2.197,0,0,0,0,0,0,0,0,269.553,118.535,112.5,94.5,-0.277,0.862,-0.019,0.046,48,157.706,34.93,-2.357,-0.835,0,0,0,0,0,0,0,0,4276

Main.js:462 155.378,285.147,330,330,0.126,-0.117,0.043,-0.025,56,0,0,1,0,0,0,0,209.149,183.788,1.193,-2.197,0,0,0,0,0,0,0,0,269.271,119.398,114,94.5,-0.283,0.863,-0.02,0.046,47,155.35,34.095,-2.357,-0.835,0,0,0,0,0,0,0,0,4291

Main.js:462 155.539,285.013,330,330,0.161,-0.135,0.043,-0.025,55,0,0,1,0,0,0,0,210.342,181.591,1.193,-2.197,0,0,0,0,0,0,0,0,268.982,120.26,115.5,94.5,-0.289,0.862,-0.022,0.045,46,152.993,33.261,-2.357,-0.835,0,0,0,0,0,0,0,0,4310

Main.js:462 155.732,284.861,330,330,0.194,-0.152,0.043,-0.025,54,0,0,1,0,0,0,0,211.535,179.394,1.193,-2.197,0,0,0,0,0,0,0,0,268.686,121.122,117,94.5,-0.296,0.862,-0.023,0.045,45,150.637,32.426,-2.357,-0.835,0,0,0,0,0,0,0,0,4326

Main.js:462 155.958,284.692,330,330,0.225,-0.168,0.043,-0.025,53,0,0,1,0,0,0,0,212.727,177.197,1.193,-2.197,0,0,0,0,0,0,0,0,268.382,121.982,118.5,94.5,-0.304,0.86,-0.024,0.044,44,148.28,31.592,-2.357,-0.835,0,0,0,0,0,0,0,0,4343

Main.js:462 156.213,284.509,330,330,0.255,-0.183,0.043,-0.025,52,0,0,1,0,0,0,0,213.92,175,1.193,-2.197,0,0,0,0,0,0,0,0,268.07,122.841,120,94.5,-0.312,0.858,-0.025,0.043,43,145.923,30.757,-2.357,-0.835,0,0,0,0,0,0,0,0,4358

Main.js:462 156.496,284.311,330,330,0.284,-0.198,0.043,-0.025,51,0,0,1,0,0,0,0,215.113,172.803,1.193,-2.197,0,0,0,0,0,0,0,0,267.748,123.697,121.5,94.5,-0.322,0.856,-0.026,0.043,42,143.567,29.923,-2.357,-0.835,0,0,0,0,0,0,0,0,4375

Main.js:462 156.807,284.099,330,330,0.31,-0.212,0.043,-0.025,50,0,0,1,0,0,0,0,216.306,170.606,1.193,-2.197,0,0,0,0,0,0,0,0,267.416,124.55,123,94.5,-0.331,0.853,-0.027,0.042,41,141.21,29.088,-2.357,-0.835,0,0,0,0,0,0,0,0,4393

Main.js:462 157.143,283.874,330,330,0.336,-0.225,0.043,-0.025,49,0,0,1,0,0,0,0,217.499,168.409,1.193,-2.197,0,0,0,0,0,0,0,0,267.075,125.399,124.5,94.5,-0.342,0.849,-0.028,0.041,40,138.854,28.254,-2.357,-0.835,0,0,0,0,0,0,0,0,4409

Main.js:462 157.503,283.636,330,330,0.36,-0.238,0.043,-0.025,48,0,0,1,0,0,0,0,218.692,166.212,1.193,-2.197,0,0,0,0,0,0,0,0,266.722,126.244,126,94.5,-0.353,0.845,-0.029,0.04,39,136.497,27.419,-2.357,-0.835,0,0,0,0,0,0,0,0,4424

Main.js:462 157.887,283.387,330,330,0.384,-0.249,0.043,-0.025,47,0,0,1,0,0,0,0,219.885,164.015,1.193,-2.197,0,0,0,0,0,0,0,0,266.358,127.085,127.5,94.5,-0.364,0.841,-0.03,0.04,38,134.14,26.584,-2.357,-0.835,0,0,0,0,0,0,0,0,4442

Main.js:462 158.292,283.125,328.5,328.5,0.405,-0.262,0.043,-0.026,46,1,0,1,0,0,0,0,221.078,161.818,1.193,-2.197,0,0,0,0,0,0,0,0,265.983,127.921,129,94.5,-0.376,0.836,-0.031,0.039,37,131.784,25.75,-2.357,-0.835,0,0,0,0,0,0,0,0,4459

Main.js:462 158.716,282.851,327,327,0.424,-0.275,0.042,-0.027,45,1,0,1,0,0,0,0,222.271,159.621,1.193,-2.197,0,0,0,0,0,0,0,0,265.595,128.751,130.5,94.5,-0.388,0.83,-0.032,0.038,36,129.427,24.915,-2.357,-0.835,0,0,0,0,0,0,0,0,4475

Main.js:462 159.159,282.563,325.5,325.5,0.442,-0.288,0.041,-0.028,44,1,0,1,0,0,0,0,223.464,157.424,1.193,-2.197,0,0,0,0,0,0,0,0,265.195,129.575,132,94.5,-0.4,0.824,-0.033,0.037,35,127.071,24.081,-2.357,-0.835,0,0,0,0,0,0,0,0,4492

Main.js:462 159.617,282.262,324,324,0.459,-0.301,0.04,-0.029,43,1,0,1,0,0,0,0,224.656,155.227,1.193,-2.197,0,0,0,0,0,0,0,0,264.782,130.392,133.5,94.5,-0.413,0.817,-0.034,0.036,34,124.714,23.246,-2.357,-0.835,0,0,0,0,0,0,0,0,4509

Main.js:462 160.092,281.948,324,324,0.474,-0.314,0.04,-0.029,42,0,0,1,0,0,0,0,225.849,153.029,1.193,-2.197,0,0,0,0,0,0,0,0,264.358,131.203,133.5,93,-0.425,0.811,-0.034,0.036,33,122.357,22.412,-2.357,-0.835,0,0,0,0,0,0,0,0,4525

Main.js:462 160.58,281.621,324,324,0.489,-0.326,0.04,-0.029,41,0,0,1,0,0,0,0,227.042,150.832,1.193,-2.197,0,0,0,0,0,0,0,0,263.921,132.007,133.5,91.5,-0.436,0.805,-0.034,0.036,32,120.001,21.577,-2.357,-0.835,0,0,0,0,0,0,0,0,4543

Main.js:462 161.083,281.283,324,324,0.503,-0.338,0.04,-0.029,40,0,0,1,0,0,0,0,228.235,148.635,1.193,-2.197,0,0,0,0,0,0,0,0,263.474,132.806,133.5,90,-0.447,0.799,-0.034,0.036,31,117.644,20.743,-2.357,-0.835,0,0,0,0,0,0,0,0,4559

Main.js:462 161.6,280.934,324,324,0.516,-0.349,0.04,-0.029,39,0,0,1,0,0,0,0,229.428,146.438,1.193,-2.197,0,0,0,0,0,0,0,0,263.017,133.6,133.5,88.5,-0.457,0.793,-0.034,0.036,30,115.288,19.908,-2.357,-0.835,0,0,0,0,0,0,0,0,4576

Main.js:462 162.09,280.603,324,324,0.49,-0.332,0,0,38,0,0,0,0,0,0,0,230.621,144.241,1.193,-2.197,0,0,0,0,0,0,0,0,262.549,134.388,133.5,87,-0.467,0.788,-0.034,0.036,29,112.931,19.074,-2.357,-0.835,0,0,0,0,0,0,0,0,4593

Main.js:462 162.556,280.288,324,324,0.466,-0.315,0,0,37,0,0,0,0,1,0,0,231.814,142.044,1.193,-2.197,0,0,0,0,0,0,0,0,262.073,135.171,133.5,85.5,-0.477,0.783,-0.034,0.036,28,110.574,18.239,-2.357,-0.835,0,0,0,0,0,0,0,0,4610

Main.js:462 162.998,279.989,324,324,0.443,-0.299,0,0,36,0,0,0,0,1,0,0,233.007,139.847,1.193,-2.197,0,0,0,0,0,0,0,0,261.587,135.95,133.5,84,-0.485,0.779,-0.034,0.036,27,108.218,17.405,-2.357,-0.835,0,0,0,0,0,0,0,0,4627

Main.js:462 163.419,279.705,324,324,0.42,-0.284,0,0,35,0,0,0,0,1,0,0,234.2,137.65,1.193,-2.197,0,0,0,0,0,0,0,0,261.093,136.724,133.5,82.5,-0.494,0.774,-0.034,0.036,26,105.861,16.57,-2.357,-0.835,0,0,0,0,0,0,0,0,4642

Main.js:462 163.818,279.435,324,324,0.399,-0.27,0,0,34,0,0,0,0,1,0,0,235.392,135.453,1.193,-2.197,0,0,0,0,0,0,0,0,260.591,137.493,133.5,81,-0.502,0.77,-0.034,0.036,25,103.504,15.736,-2.357,-0.835,0,0,0,0,0,0,0,0,4660

Main.js:462 164.198,279.178,324,324,0.379,-0.257,0,0,33,0,0,0,0,1,0,0,236.585,133.256,1.193,-2.197,0,0,0,0,0,0,0,0,260.082,138.259,133.5,79.5,-0.51,0.766,-0.034,0.036,24,101.148,14.901,-2.357,-0.835,0,0,0,0,0,0,0,0,4675

Main.js:462 164.558,278.934,324,324,0.36,-0.244,0,0,32,0,0,0,0,0,0,0,237.778,131.059,1.193,-2.197,0,0,0,0,0,0,0,0,259.565,139.021,133.5,78,-0.517,0.762,-0.034,0.036,23,98.791,14.067,-2.357,-0.835,0,0,0,0,0,0,0,0,4693

Main.js:462 164.9,278.703,324,324,0.342,-0.232,0,0,31,0,0,0,0,0,0,0,238.971,128.862,1.193,-2.197,0,0,0,0,0,0,0,0,259.042,139.779,133.5,76.5,-0.524,0.758,-0.034,0.036,22,96.435,13.232,-2.357,-0.835,0,0,0,0,0,0,0,0,4709

Main.js:462 165.226,278.483,324,324,0.325,-0.22,0,0,30,0,0,0,0,0,0,0,240.164,126.665,1.193,-2.197,0,0,0,0,0,0,0,0,258.511,140.534,133.5,75,-0.53,0.755,-0.034,0.036,21,94.078,12.398,-2.357,-0.835,0,0,0,0,0,0,0,0,4725

Main.js:462 165.535,278.274,324,324,0.309,-0.209,0,0,29,0,0,0,0,0,0,0,241.357,124.468,1.193,-2.197,0,0,0,0,0,0,0,0,257.975,141.286,133.5,73.5,-0.536,0.752,-0.034,0.036,20,91.721,11.563,-2.357,-0.835,0,0,0,0,0,0,0,0,4742

Main.js:462 165.828,278.076,324,324,0.294,-0.198,0,0,28,0,0,0,0,0,0,0,242.55,122.271,1.193,-2.197,0,0,0,0,0,0,0,0,257.433,142.034,133.5,72,-0.542,0.748,-0.034,0.036,19,89.365,10.729,-2.357,-0.835,0,0,0,0,0,0,0,0,4759

Main.js:462 166.107,277.887,322.5,322.5,0.279,-0.189,0,0,27,1,0,0,0,0,0,0,243.743,120.074,1.193,-2.197,0,0,0,0,0,0,0,0,256.885,142.78,133.5,70.5,-0.548,0.745,-0.034,0.036,18,87.008,9.894,-2.357,-0.835,0,0,0,0,0,0,0,0,4775

Main.js:462 166.372,277.708,321,321,0.265,-0.179,0,0,26,1,0,0,0,1,0,0,244.936,117.877,1.193,-2.197,0,0,0,0,0,0,0,0,256.332,143.522,133.5,69,-0.553,0.743,-0.034,0.036,17,84.652,9.06,-2.357,-0.835,0,0,0,0,0,0,0,0,4792

Main.js:462 166.624,277.538,319.5,319.5,0.252,-0.17,0,0,25,1,0,0,0,1,0,0,246.129,115.68,1.193,-2.197,0,0,0,0,0,0,0,0,255.774,144.262,133.5,67.5,-0.558,0.74,-0.034,0.036,16,82.295,8.225,-2.357,-0.835,0,0,0,0,0,0,0,0,4810

Main.js:462 166.863,277.376,318,318,0.239,-0.162,0,0,24,1,0,0,0,1,0,0,247.321,113.483,1.193,-2.197,0,0,0,0,0,0,0,0,255.211,145,133.5,66,-0.563,0.737,-0.034,0.036,15,79.938,7.391,-2.357,-0.835,0,0,0,0,0,0,0,0,4825

Main.js:462 167.09,277.222,316.5,316.5,0.227,-0.154,0,0,23,1,0,0,0,1,0,0,248.514,111.286,1.193,-2.197,0,0,0,0,0,0,0,0,254.644,145.735,133.5,64.5,-0.567,0.735,-0.034,0.036,14,77.582,6.556,-2.357,-0.835,0,0,0,0,0,0,0,0,4842

Main.js:462 167.306,277.077,315,315,0.216,-0.146,0,0,22,1,0,0,0,0,0,0,249.707,109.089,1.193,-2.197,0,0,0,0,0,0,0,0,254.072,146.467,133.5,63,-0.572,0.733,-0.034,0.036,13,75.225,5.722,-2.357,-0.835,0,0,0,0,0,0,0,0,4858

Main.js:462 167.511,276.938,315,315,0.205,-0.139,0,0,21,0,0,0,0,0,0,0,250.9,106.892,1.193,-2.197,0,0,0,0,0,0,0,0,253.496,147.198,133.5,61.5,-0.576,0.731,-0.034,0.036,12,72.869,4.887,-2.357,-0.835,0,0,0,0,0,0,0,0,4874

Main.js:462 167.706,276.806,315,315,0.195,-0.132,0,0,20,0,0,0,0,0,0,0,252.093,104.695,1.193,-2.197,0,0,0,0,0,0,0,0,252.916,147.926,133.5,60,-0.58,0.728,-0.034,0.036,11,70.512,4.053,-2.357,-0.835,0,0,0,0,0,0,0,0,4892

Main.js:462 167.891,276.681,315,315,0.185,-0.125,0,0,19,0,0,0,0,0,0,0,253.286,102.497,1.193,-2.197,0,0,0,0,0,0,0,0,252.333,148.653,133.5,58.5,-0.584,0.726,-0.034,0.036,10,68.155,3.218,-2.357,-0.835,0,0,0,0,0,0,0,0,4908

Main.js:462 168.067,276.562,315,315,0.176,-0.119,0,0,18,0,0,0,0,0,0,0,254.479,100.3,1.193,-2.197,0,0,0,0,0,0,0,0,251.746,149.377,133.5,57,-0.587,0.725,-0.034,0.036,9,65.799,2.383,-2.357,-0.835,0,0,0,0,0,0,0,0,4925

Main.js:462 168.234,276.449,315,315,0.167,-0.113,0,0,17,0,0,0,0,1,0,0,255.672,98.103,1.193,-2.197,0,0,0,0,0,0,0,0,251.155,150.1,133.5,55.5,-0.59,0.723,-0.034,0.036,8,63.442,1.549,-2.357,-0.835,0,0,0,0,0,0,0,0,4942

Main.js:462 168.392,276.342,315,315,0.159,-0.107,0,0,16,0,0,0,0,1,0,0,256.865,95.906,1.193,-2.197,0,0,0,0,0,0,0,0,250.562,150.821,133.5,54,-0.594,0.721,-0.034,0.036,7,61.086,0.714,-2.357,-0.835,0,0,0,0,0,0,0,0,4959

Main.js:462 168.543,276.24,315,315,0.151,-0.102,0,0,15,0,0,0,0,1,0,0,256.865,95.906,1.193,-2.197,0,0,0,0,0,0,0,0,249.965,151.541,133.5,52.5,-0.597,0.72,-0.034,0.036,6,0,0,0,0,0,0,0,0,0,0,0,0,4976

Main.js:462 168.686,276.144,315,315,0.143,-0.097,0,0,14,0,0,0,0,1,0,0,258.058,93.709,1.193,-2.197,0,0,0,0,0,0,0,0,249.366,152.259,133.5,51,-0.599,0.718,-0.034,0.036,5,0,0,0,0,0,0,0,0,0,0,0,0,4992

Main.js:462 168.822,276.052,315,315,0.136,-0.092,0,0,13,0,0,0,0,1,0,0,259.25,91.512,1.193,-2.197,0,0,0,0,0,0,0,0,248.763,152.976,133.5,49.5,-0.602,0.717,-0.034,0.036,4,0,0,0,0,0,0,0,0,0,0,0,0,5009

Main.js:462 168.952,275.964,315,315,0.129,-0.087,0,0,12,0,0,0,0,1,0,0,260.443,89.315,1.193,-2.197,0,0,0,0,0,0,0,0,248.16,153.692,132,46.5,-0.604,0.716,-0.033,0.037,3,0,0,0,0,0,0,0,0,0,0,0,0,5025

Main.js:462 169.074,275.881,315,315,0.123,-0.083,0,0,11,0,0,0,0,0,0,0,261.636,87.118,1.193,-2.197,0,0,0,0,0,0,0,0,247.555,154.408,130.5,43.5,-0.604,0.716,-0.032,0.038,2,0,0,0,0,0,0,0,0,0,0,0,0,5042

Main.js:462 169.191,275.802,315,315,0.117,-0.079,0,0,10,0,0,0,0,0,0,0,262.829,84.921,1.193,-2.197,0,0,0,0,0,0,0,0,246.951,155.125,129,40.5,-0.604,0.717,-0.031,0.039,1,0,0,0,0,0,0,0,0,0,0,0,0,5060

Main.js:462 169.302,275.727,315,315,0.111,-0.075,0,0,9,0,0,0,0,0,0,0,264.022,82.724,1.193,-2.197,0,0,0,0,0,0,0,0,246.348,155.845,127.5,37.5,-0.603,0.719,-0.03,0.04,0,0,0,0,0,0,0,0,0,0,0,0,0,5075

Main.js:462 169.407,275.656,315,315,0.105,-0.071,0,0,8,0,0,0,0,0,0,0,265.215,80.527,1.193,-2.197,0,0,0,0,0,0,0,0,245.747,156.566,126,34.5,-0.601,0.722,-0.029,0.04,99,0,0,0,0,0,0,0,0,0,0,0,0,5092

Main.js:462 169.507,275.589,315,315,0.1,-0.068,0,0,7,0,0,0,0,0,0,0,266.408,78.33,1.193,-2.197,0,0,0,0,0,0,0,0,245.15,157.291,124.5,31.5,-0.598,0.725,-0.028,0.041,98,265.715,169.155,2.06,1.416,0,0,0,0,0,0,0,0,5110

Main.js:462 169.602,275.524,315,315,0.095,-0.064,0,0,6,0,0,0,0,1,0,0,267.601,76.133,1.193,-2.197,0,0,0,0,0,0,0,0,244.556,158.02,123,28.5,-0.594,0.728,-0.027,0.042,97,267.775,170.571,2.06,1.416,0,0,0,0,0,0,0,0,5127

Main.js:462 169.692,275.463,315,315,0.09,-0.061,0,0,5,0,0,0,0,1,0,0,268.794,73.936,1.193,-2.197,0,0,0,0,0,0,0,0,243.968,158.752,121.5,25.5,-0.589,0.732,-0.026,0.043,96,269.836,171.987,2.06,1.416,0,0,0,0,0,0,0,0,5143

Main.js:462 169.778,275.406,315,315,0.086,-0.058,0,0,4,0,0,0,0,1,0,0,269.986,71.739,1.193,-2.197,0,0,0,0,0,0,0,0,243.385,159.489,120,22.5,-0.583,0.737,-0.025,0.043,95,271.896,173.403,2.06,1.416,0,0,0,0,0,0,0,0,5160

Main.js:462 169.859,275.35,313.5,313.5,0.081,-0.055,0,0,3,1,0,0,0,1,0,0,271.179,69.542,1.193,-2.197,0,0,0,0,0,0,0,0,242.808,160.231,118.5,19.5,-0.576,0.742,-0.024,0.044,94,273.956,174.819,2.06,1.416,0,0,0,0,0,0,0,0,5175

Main.js:462 169.937,275.298,312,312,0.077,-0.052,0,0,2,1,0,0,0,1,0,0,272.372,67.345,1.193,-2.197,0,0,0,0,0,0,0,0,242.239,160.978,117,16.5,-0.569,0.747,-0.023,0.045,93,276.017,176.235,2.06,1.416,0,0,0,0,0,0,0,0,5192

Main.js:462 170.01,275.248,310.5,310.5,0.074,-0.05,0,0,1,1,0,0,0,0,0,0,273.565,65.148,1.193,-2.197,0,0,0,0,0,0,0,0,241.678,161.731,115.5,13.5,-0.561,0.753,-0.022,0.045,92,278.077,177.651,2.06,1.416,0,0,0,0,0,0,0,0,5209

Main.js:462 170.08,275.201,309,309,0.07,-0.047,0,0,0,1,0,0,0,0,0,0,274.758,62.951,1.193,-2.197,0,0,0,0,0,0,0,0,241.125,162.489,114,10.5,-0.552,0.758,-0.02,0.046,91,280.137,179.067,2.06,1.416,0,0,0,0,0,0,0,0,5224

Main.js:462 170.146,275.156,307.5,307.5,0.066,-0.045,0,0,0,1,0,0,0,0,0,0,275.951,60.754,1.193,-2.197,0,0,0,0,0,0,0,0,240.582,163.253,112.5,7.5,-0.543,0.764,-0.019,0.046,90,282.198,180.483,2.06,1.416,0,0,0,0,0,0,0,0,5243

Main.js:462 170.209,275.114,306,306,0.063,-0.043,0,0,0,1,0,0,0,0,0,0,277.144,58.557,1.193,-2.197,0,0,0,0,0,0,0,0,240.049,164.024,111,4.5,-0.533,0.77,-0.018,0.047,89,284.258,181.899,2.06,1.416,0,0,0,0,0,0,0,0,5259

Main.js:462 170.269,275.073,304.5,304.5,0.06,-0.04,0,0,0,1,0,0,0,0,0,0,278.337,56.36,1.193,-2.197,0,0,0,0,0,0,0,0,239.527,164.801,109.5,1.5,-0.522,0.777,-0.017,0.047,88,286.318,183.315,2.06,1.416,0,0,0,0,0,0,0,0,5274

Main.js:462 170.326,275.035,304.5,304.5,0.057,-0.038,0,0,99,0,0,0,0,1,0,0,279.53,54.163,1.193,-2.197,0,0,0,0,0,0,0,0,239.017,165.584,108,-1.5,-0.511,0.783,-0.015,0.048,87,288.378,184.731,2.06,1.416,0,0,0,0,0,0,0,0,5292

Main.js:462 170.38,274.998,304.5,304.5,0.054,-0.037,0,0,98,0,0,0,0,1,0,0,280.723,51.966,1.193,-2.197,183.58,255.706,1.416,-2.06,0,0,0,0,238.518,166.373,106.5,-4.5,-0.499,0.789,-0.014,0.048,86,290.439,186.147,2.06,1.416,0,0,0,0,0,0,0,0,5308

Main.js:462 170.432,274.964,304.5,304.5,0.051,-0.035,0,0,97,0,0,0,0,1,0,0,281.915,49.768,1.193,-2.197,184.996,253.646,1.416,-2.06,0,0,0,0,238.032,167.169,105,-7.5,-0.486,0.796,-0.013,0.048,85,292.499,187.563,2.06,1.416,0,0,0,0,0,0,0,0,5326

Main.js:462 170.48,274.931,304.5,304.5,0.049,-0.033,0,0,96,0,0,0,0,1,0,0,283.108,47.571,1.193,-2.197,186.412,251.586,1.416,-2.06,0,0,0,0,237.559,167.971,103.5,-10.5,-0.473,0.802,-0.012,0.049,84,294.559,188.979,2.06,1.416,0,0,0,0,0,0,0,0,5343

Main.js:462 170.527,274.899,304.5,304.5,0.046,-0.031,0,0,95,0,0,0,0,1,0,0,284.301,45.374,1.193,-2.197,187.828,249.525,1.416,-2.06,0,0,0,0,237.1,168.78,102,-13.5,-0.459,0.809,-0.01,0.049,83,296.62,190.395,2.06,1.416,0,0,0,0,0,0,0,0,5360

Main.js:462 170.571,274.87,304.5,304.5,0.044,-0.03,0,0,94,0,0,0,0,1,0,0,285.494,43.177,1.193,-2.197,189.244,247.465,1.416,-2.06,0,0,0,0,236.655,169.595,100.5,-16.5,-0.445,0.815,-0.009,0.049,82,298.68,191.811,2.06,1.416,0,0,0,0,0,0,0,0,5375

Main.js:462 170.612,274.841,304.5,304.5,0.042,-0.028,0,0,93,0,0,0,0,0,0,0,286.687,40.98,1.193,-2.197,190.66,245.405,1.416,-2.06,0,0,0,0,236.225,170.416,99,-19.5,-0.43,0.821,-0.008,0.049,81,300.74,193.228,2.06,1.416,0,0,0,0,0,0,0,0,5391

Main.js:462 170.652,274.815,304.5,304.5,0.04,-0.027,0,0,92,0,0,0,0,0,0,0,287.88,38.783,1.193,-2.197,192.076,243.345,1.416,-2.06,0,0,0,0,235.811,171.243,97.5,-22.5,-0.415,0.827,-0.007,0.05,80,302.801,194.644,2.06,1.416,0,0,0,0,0,0,0,0,5410

Main.js:462 170.69,274.789,304.5,304.5,0.038,-0.026,0,0,91,0,0,0,0,0,0,0,289.073,36.586,1.193,-2.197,193.492,241.284,1.416,-2.06,0,0,0,0,235.412,172.076,96,-25.5,-0.399,0.833,-0.005,0.05,79,304.861,196.06,2.06,1.416,0,0,0,0,0,0,0,0,5425

Main.js:462 170.726,274.765,304.5,304.5,0.036,-0.024,0,0,90,0,0,0,0,0,0,0,290.266,34.389,1.193,-2.197,194.908,239.224,1.416,-2.06,0,0,0,0,235.029,172.915,94.5,-28.5,-0.383,0.839,-0.004,0.05,78,306.921,197.476,2.06,1.416,0,0,0,0,0,0,0,0,5442

Main.js:462 170.76,274.742,304.5,304.5,0.034,-0.023,0,0,89,0,0,0,0,0,0,0,291.459,32.192,1.193,-2.197,196.324,237.164,1.416,-2.06,0,0,0,0,234.663,173.759,93,-31.5,-0.366,0.844,-0.003,0.05,77,308.982,198.892,2.06,1.416,0,0,0,0,0,0,0,0,5459

Main.js:462 170.792,274.72,304.5,304.5,0.032,-0.022,0,0,88,0,0,0,0,1,0,0,292.652,29.995,1.193,-2.197,197.74,235.103,1.416,-2.06,0,0,0,0,234.314,174.608,91.5,-34.5,-0.349,0.849,-0.001,0.05,76,311.042,200.308,2.06,1.416,0,0,0,0,0,0,0,0,5475

Main.js:462 170.823,274.699,304.5,304.5,0.031,-0.021,0,0,87,0,0,0,0,1,0,0,293.844,27.798,1.193,-2.197,199.156,233.043,1.416,-2.06,0,0,0,0,233.983,175.463,90,-37.5,-0.331,0.854,0,0.05,75,313.102,201.724,2.06,1.416,0,0,0,0,0,0,0,0,5493

Main.js:462 170.852,274.679,304.5,304.5,0.029,-0.02,0,0,86,0,0,0,0,1,0,0,295.037,25.601,1.193,-2.197,200.572,230.983,1.416,-2.06,0,0,0,0,233.669,176.322,88.5,-40.5,-0.314,0.859,0.001,0.05,74,315.163,203.14,2.06,1.416,0,0,0,0,0,0,0,0,5510

Main.js:462 170.88,274.661,304.5,304.5,0.028,-0.019,0,0,85,0,0,0,0,1,0,0,296.23,23.404,1.193,-2.197,201.988,228.922,1.416,-2.06,0,0,0,0,233.374,177.186,87,-43.5,-0.296,0.864,0.003,0.05,73,317.223,204.556,2.06,1.416,0,0,0,0,0,0,0,0,5526

Main.js:462 170.906,274.643,304.5,304.5,0.026,-0.018,0,0,84,0,0,0,0,1,0,0,297.423,21.207,1.193,-2.197,203.404,226.862,1.416,-2.06,0,0,0,0,233.097,178.054,85.5,-46.5,-0.277,0.868,0.004,0.05,72,319.283,205.972,2.06,1.416,0,0,0,0,0,0,0,0,5542

Main.js:462 170.931,274.626,304.5,304.5,0.025,-0.017,0,0,83,0,0,0,0,1,0,0,298.616,19.01,1.193,-2.197,204.82,224.802,1.416,-2.06,0,0,0,0,232.838,178.925,84,-49.5,-0.258,0.872,0.005,0.05,71,321.344,207.388,2.06,1.416,0,0,0,0,0,0,0,0,5559

Main.js:462 170.955,274.61,304.5,304.5,0.024,-0.016,0,0,82,0,0,0,0,0,0,0,299.809,16.813,1.193,-2.197,206.236,222.741,1.416,-2.06,0,0,0,0,232.599,179.801,82.5,-52.5,-0.239,0.875,0.007,0.05,70,323.404,208.804,2.06,1.416,0,0,0,0,0,0,0,0,5576

Main.js:462 170.978,274.595,304.5,304.5,0.023,-0.015,0,0,81,0,0,0,0,0,0,0,301.002,14.616,1.193,-2.197,207.652,220.681,1.416,-2.06,0,0,0,0,232.38,180.679,81,-55.5,-0.22,0.878,0.008,0.049,69,325.464,210.22,2.06,1.416,0,0,0,0,0,0,0,0,5593

Main.js:462 170.999,274.58,304.5,304.5,0.021,-0.015,0,0,80,0,0,0,0,0,0,0,302.195,12.419,1.193,-2.197,209.068,218.621,1.416,-2.06,0,0,0,0,232.18,181.56,79.5,-58.5,-0.2,0.881,0.009,0.049,68,327.524,211.636,2.06,1.416,0,0,0,0,0,0,0,0,5610

Main.js:462 171.019,274.566,304.5,304.5,0.02,-0.014,0,0,79,0,0,0,0,0,0,0,303.388,10.222,1.193,-2.197,210.484,216.56,1.416,-2.06,0,0,0,0,231.999,182.444,78,-61.5,-0.18,0.884,0.01,0.049,67,329.585,213.052,2.06,1.416,0,0,0,0,0,0,0,0,5627

Main.js:462 171.039,274.553,304.5,304.5,0.019,-0.013,0,0,78,0,0,0,0,0,0,0,304.581,8.025,1.193,-2.197,211.9,214.5,1.416,-2.06,0,0,0,0,231.839,183.329,76.5,-64.5,-0.16,0.886,0.012,0.049,66,331.645,214.468,2.06,1.416,0,0,0,0,0,0,0,0,5641

Main.js:462 171.057,274.541,304.5,304.5,0.018,-0.012,0,0,77,0,0,0,0,1,0,0,305.773,5.828,1.193,-2.197,213.316,212.44,1.416,-2.06,0,0,0,0,231.7,184.217,75,-67.5,-0.14,0.887,0.013,0.048,65,333.705,215.884,2.06,1.416,0,0,0,0,0,0,0,0,5659

Main.js:462 171.075,274.529,304.5,304.5,0.017,-0.012,0,0,76,0,0,0,0,1,0,0,306.966,3.631,1.193,-2.197,214.732,210.379,1.416,-2.06,0,0,0,0,231.58,185.105,73.5,-70.5,-0.119,0.888,0.014,0.048,64,335.766,217.3,2.06,1.416,0,0,0,0,0,0,0,0,5675

Main.js:462 171.091,274.518,304.5,304.5,0.017,-0.011,0,0,75,0,0,0,0,1,0,0,308.159,1.434,1.193,-2.197,216.148,208.319,1.416,-2.06,0,0,0,0,231.482,185.994,72,-73.5,-0.099,0.889,0.015,0.048,63,337.826,218.716,2.06,1.416,0,0,0,0,0,0,0,0,5692

Main.js:462 171.107,274.507,304.5,304.5,0.016,-0.011,0,0,74,0,0,0,0,1,0,0,217.564,206.259,1.416,-2.06,0,0,0,0,0,0,0,0,231.404,186.884,70.5,-76.5,-0.078,0.889,0.017,0.047,62,337.826,218.716,2.06,1.416,0,0,0,0,0,0,0,0,5710

Main.js:462 171.122,274.497,304.5,304.5,0.015,-0.01,0,0,73,0,0,0,0,1,0,0,218.98,204.199,1.416,-2.06,0,0,0,0,0,0,0,0,231.347,187.773,69,-79.5,-0.057,0.889,0.018,0.047,61,339.886,220.132,2.06,1.416,0,0,0,0,0,0,0,0,5727

Main.js:462 171.136,274.487,304.5,304.5,0.014,-0.01,0,0,72,0,0,0,0,1,0,0,218.98,204.199,1.416,-2.06,0,0,0,0,0,0,0,0,231.311,188.662,67.5,-82.5,-0.036,0.889,0.019,0.046,60,339.886,220.132,2.06,1.416,0,0,0,0,0,0,0,0,5743

