Main.js:143 myTank.x,myTank.y,myTank.rotation,myTank.cannonRotation,myTank.velocityX,myTank.velocityY,myTank.accelerationX,myTank.accelerationY,myTank.shootCooldown,myTank.controls.turnLeft,myTank.controls.turnRight,myTank.controls.goForward,myTank.controls.goBack,myTank.controls.shoot,myTank.controls.cannonLeft,myTank.controls.cannonRight,myBullet1.x,myBullet1.y,myBullet1.velocityX,myBullet1.velocityY,myBullet2.x,myBullet2.y,myBullet2.velocityX,myBullet2.velocityY,myBullet3.x,myBullet3.y,myBullet3.velocityX,myBullet3.velocityY,enemyTank.x,enemyTank.y,enemyTank.rotation,enemyTank.cannonRotation,enemyTank.velocityX,enemyTank.velocityY,enemyTank.accelerationX,enemyTank.accelerationY,enemyTank.shootCooldown,enemyBullet1.x,enemyBullet1.y,enemyBullet1.velocityX,enemyBullet1.velocityY,enemyBullet2.x,enemyBullet2.y,enemyBullet2.velocityX,enemyBullet2.velocityY,enemyBullet3.x,enemyBullet3.y,enemyBullet3.velocityX,enemyBullet3.velocityY,currentGameTime
Main.js:462 50,423,0,0,0,0,0,0,0,0,0,0,0,0,0,0,0,0,0,0,0,0,0,0,0,0,0,0,450,77,180,180,0,0,0,0,0,0,0,0,0,0,0,0,0,0,0,0,0,5

Main.js:462 50,423,0,0,0,0,0,0,0,0,0,0,0,0,0,0,0,0,0,0,0,0,0,0,0,0,0,0,450,77,180,180,0,0,0,0,0,0,0,0,0,0,0,0,0,0,0,0,0,32

Main.js:462 50,423,0,0,0,0,0,0,0,0,0,0,0,0,0,0,0,0,0,0,0,0,0,0,0,0,0,0,449.953,76.999,181.5,180,-0.047,-0.001,-0.05,-0.001,99,0,0,0,0,0,0,0,0,0,0,0,0,64

Main.js:462 50,423,0,0,0,0,0,0,0,0,0,0,0,0,0,0,0,0,0,0,0,0,0,0,0,0,0,0,449.86,76.995,183,180,-0.093,-0.004,-0.05,-0.003,98,426.5,77,-2.5,0,0,0,0,0,0,0,0,0,81

Main.js:462 50.048,423,0,0,0.048,0,0.05,0,0,0,0,1,0,0,0,0,0,0,0,0,0,0,0,0,0,0,0,0,449.725,76.988,184.5,180,-0.135,-0.007,-0.05,-0.004,97,424,77,-2.5,0,0,0,0,0,0,0,0,0,97

Main.js:462 50.14,423,0,0,0.093,0,0.05,0,0,0,0,1,0,0,0,0,0,0,0,0,0,0,0,0,0,0,0,0,449.549,76.976,186,180,-0.176,-0.012,-0.05,-0.005,96,421.5,77,-2.5,0,0,0,0,0,0,0,0,0,115

Main.js:462 50.276,423,0,0,0.135,0,0.05,0,0,0,0,1,0,0,0,0,0,0,0,0,0,0,0,0,0,0,0,0,449.335,76.959,187.5,180,-0.214,-0.017,-0.05,-0.007,95,419,77,-2.5,0,0,0,0,0,0,0,0,0,131

Main.js:462 50.452,423,0,0,0.176,0,0.05,0,0,0,0,1,0,0,0,0,0,0,0,0,0,0,0,0,0,0,0,0,449.085,76.935,189,180,-0.25,-0.024,-0.049,-0.008,94,416.5,77,-2.5,0,0,0,0,0,0,0,0,0,149

Main.js:462 50.667,423,0,0,0.215,0,0.05,0,0,0,0,1,0,0,0,0,0,0,0,0,0,0,0,0,0,0,0,0,448.8,76.903,190.5,180,-0.284,-0.031,-0.049,-0.009,93,414,77,-2.5,0,0,0,0,0,0,0,0,0,164

Main.js:462 50.918,423,0,0,0.252,0,0.05,0,0,0,0,1,0,0,0,0,0,0,0,0,0,0,0,0,0,0,0,0,448.483,76.863,192,180,-0.317,-0.04,-0.049,-0.01,92,411.5,77,-2.5,0,0,0,0,0,0,0,0,0,182

Main.js:462 51.205,423,0,0,0.287,0,0.05,0,0,0,0,1,0,0,0,0,0,0,0,0,0,0,0,0,0,0,0,0,448.136,76.815,193.5,180,-0.347,-0.049,-0.049,-0.012,91,409,77,-2.5,0,0,0,0,0,0,0,0,0,197

Main.js:462 51.525,423,0,0,0.32,0,0.05,0,0,0,0,1,0,0,0,0,0,0,0,0,0,0,0,0,0,0,0,0,447.761,76.756,195,180,-0.376,-0.059,-0.048,-0.013,90,406.5,77,-2.5,0,0,0,0,0,0,0,0,0,215

Main.js:462 51.876,423,0,0,0.351,0,0.05,0,0,0,0,1,0,0,0,0,0,0,0,0,0,0,0,0,0,0,0,0,447.359,76.687,196.5,180,-0.402,-0.069,-0.048,-0.014,89,404,77,-2.5,0,0,0,0,0,0,0,0,0,231

Main.js:462 52.257,423,0,0,0.381,0,0.05,0,0,0,0,1,0,0,0,0,0,0,0,0,0,0,0,0,0,0,0,0,446.931,76.606,198,180,-0.427,-0.08,-0.048,-0.015,88,401.5,77,-2.5,0,0,0,0,0,0,0,0,0,248

Main.js:462 52.667,423,0,0,0.41,0,0.05,0,0,0,0,1,0,0,0,0,0,0,0,0,0,0,0,0,0,0,0,0,446.48,76.514,199.5,180,-0.451,-0.092,-0.047,-0.017,87,399,77,-2.5,0,0,0,0,0,0,0,0,0,265

Main.js:462 53.103,423,0,0,0.437,0,0.05,0,0,0,0,1,0,0,0,0,0,0,0,0,0,0,0,0,0,0,0,0,446.008,76.409,201,180,-0.473,-0.105,-0.047,-0.018,86,396.5,77,-2.5,0,0,0,0,0,0,0,0,0,281

Main.js:462 53.566,423,0,0,0.462,0,0.05,0,0,0,0,1,0,0,0,0,0,0,0,0,0,0,0,0,0,0,0,0,445.515,76.292,202.5,180,-0.493,-0.118,-0.046,-0.019,85,394,77,-2.5,0,0,0,0,0,0,0,0,0,298

Main.js:462 54.053,423,0,0,0.487,0,0.05,0,0,0,0,1,0,0,0,0,0,0,0,0,0,0,0,0,0,0,0,0,445.003,76.16,204,180,-0.512,-0.131,-0.046,-0.02,84,391.5,77,-2.5,0,0,0,0,0,0,0,0,0,315

Main.js:462 54.562,423,0,0,0.51,0,0.05,0,0,0,0,1,0,0,0,0,0,0,0,0,0,0,0,0,0,0,0,0,444.474,76.015,205.5,180,-0.529,-0.145,-0.045,-0.022,83,389,77,-2.5,0,0,0,0,0,0,0,0,0,331

Main.js:462 55.094,423,0,0,0.532,0,0.05,0,0,0,0,1,0,0,0,0,0,0,0,0,0,0,0,0,0,0,0,0,443.93,75.856,207,180,-0.545,-0.159,-0.045,-0.023,82,386.5,77,-2.5,0,0,0,0,0,0,0,0,0,347

Main.js:462 55.647,423,0,0,0.553,0,0.05,0,0,0,0,1,0,0,0,0,0,0,0,0,0,0,0,0,0,0,0,0,443.37,75.682,208.5,180,-0.559,-0.174,-0.044,-0.024,81,384,77,-2.5,0,0,0,0,0,0,0,0,0,365

Main.js:462 56.22,423,0,0,0.573,0,0.05,0,0,0,0,1,0,0,0,0,0,0,0,0,0,0,0,0,0,0,0,0,442.798,75.493,210,180,-0.572,-0.189,-0.043,-0.025,80,381.5,77,-2.5,0,0,0,0,0,0,0,0,0,381

Main.js:462 56.811,423,0,0,0.592,0,0.05,0,0,0,0,1,0,0,0,0,0,0,0,0,0,0,0,0,0,0,0,0,442.213,75.289,211.5,180,-0.584,-0.204,-0.043,-0.026,79,379,77,-2.5,0,0,0,0,0,0,0,0,0,396

Main.js:462 57.421,423,0,0,0.609,0,0.05,0,0,0,0,1,0,0,0,0,0,0,0,0,0,0,0,0,0,0,0,0,441.618,75.069,213,180,-0.595,-0.22,-0.042,-0.027,78,376.5,77,-2.5,0,0,0,0,0,0,0,0,0,414

Main.js:462 58.047,423,0,0,0.626,0,0.05,0,0,0,0,1,0,0,0,0,0,0,0,0,0,0,0,0,0,0,0,0,441.014,74.833,214.5,180,-0.604,-0.236,-0.041,-0.028,77,374,77,-2.5,0,0,0,0,0,0,0,0,0,431

Main.js:462 58.69,423,0,0,0.643,0,0.05,0,0,0,0,1,0,0,0,0,0,0,0,0,0,0,0,0,0,0,0,0,440.402,74.581,216,180,-0.613,-0.252,-0.04,-0.029,76,371.5,77,-2.5,0,0,0,0,0,0,0,0,0,447

Main.js:462 59.348,423,0,0,0.658,0,0.05,0,0,0,0,1,0,0,0,0,0,0,0,0,0,0,0,0,0,0,0,0,439.782,74.312,217.5,180,-0.62,-0.268,-0.04,-0.03,75,369,77,-2.5,0,0,0,0,0,0,0,0,0,464

Main.js:462 60.02,423,0,0,0.673,0,0.05,0,0,0,0,1,0,0,0,0,0,0,0,0,0,0,0,0,0,0,0,0,439.156,74.027,219,180,-0.626,-0.285,-0.039,-0.031,74,366.5,77,-2.5,0,0,0,0,0,0,0,0,0,482

Main.js:462 60.707,423,0,0,0.686,0,0.05,0,0,0,0,1,0,0,0,0,0,0,0,0,0,0,0,0,0,0,0,0,438.526,73.726,220.5,180,-0.63,-0.301,-0.038,-0.032,73,364,77,-2.5,0,0,0,0,0,0,0,0,0,498

Main.js:462 61.407,423,0,0,0.7,0,0.05,0,0,0,0,1,0,0,0,0,0,0,0,0,0,0,0,0,0,0,0,0,437.892,73.408,222,180,-0.634,-0.318,-0.037,-0.033,72,361.5,77,-2.5,0,0,0,0,0,0,0,0,0,515

Main.js:462 62.119,423,0,0,0.712,0,0.05,0,0,0,0,1,0,0,0,0,0,0,0,0,0,0,0,0,0,0,0,0,437.254,73.074,222,178.5,-0.638,-0.334,-0.037,-0.033,71,359,77,-2.5,0,0,0,0,0,0,0,0,0,531

Main.js:462 62.843,423,0,0,0.724,0,0.05,0,0,0,0,1,0,0,0,0,0,0,0,0,0,0,0,0,0,0,0,0,436.613,72.724,222,177,-0.641,-0.349,-0.037,-0.033,70,356.5,77,-2.5,0,0,0,0,0,0,0,0,0,547

Main.js:462 63.578,423,0,0,0.735,0,0.05,0,0,0,0,1,0,0,0,0,0,0,0,0,0,0,0,0,0,0,0,0,435.968,72.361,222,175.5,-0.644,-0.363,-0.037,-0.033,69,354,77,-2.5,0,0,0,0,0,0,0,0,0,565

Main.js:462 64.324,423,0,0,0.746,0,0.05,0,0,0,0,1,0,0,0,0,0,0,0,0,0,0,0,0,0,0,0,0,435.321,71.984,222,174,-0.647,-0.377,-0.037,-0.033,68,351.5,77,-2.5,0,0,0,0,0,0,0,0,0,580

Main.js:462 65.081,423,0,0,0.756,0,0.05,0,0,0,0,1,0,0,0,0,0,0,0,0,0,0,0,0,0,0,0,0,434.671,71.594,222,172.5,-0.65,-0.39,-0.037,-0.033,67,349,77,-2.5,0,0,0,0,0,0,0,0,0,598

Main.js:462 65.846,423,0,0,0.766,0,0.05,0,0,0,0,1,0,0,0,0,0,0,0,0,0,0,0,0,0,0,0,0,434.017,71.192,222,171,-0.653,-0.402,-0.037,-0.033,66,346.5,77,-2.5,0,0,0,0,0,0,0,0,0,614

Main.js:462 66.622,423,0,0,0.775,0,0.05,0,0,0,0,1,0,0,0,0,0,0,0,0,0,0,0,0,0,0,0,0,433.361,70.778,222,169.5,-0.656,-0.414,-0.037,-0.033,65,344,77,-2.5,0,0,0,0,0,0,0,0,0,631

Main.js:462 67.406,423,0,0,0.784,0,0.05,0,0,0,0,1,0,0,0,0,0,0,0,0,0,0,0,0,0,0,0,0,432.703,70.353,222,168,-0.658,-0.425,-0.037,-0.033,64,341.5,77,-2.5,0,0,0,0,0,0,0,0,0,647

Main.js:462 68.198,423,0,0,0.792,0,0.05,0,0,0,0,1,0,0,0,0,0,0,0,0,0,0,0,0,0,0,0,0,432.042,69.917,222,166.5,-0.661,-0.436,-0.037,-0.033,63,339,77,-2.5,0,0,0,0,0,0,0,0,0,665

Main.js:462 68.998,423,0,0,0.8,0,0.05,0,0,0,0,1,0,0,0,0,0,0,0,0,0,0,0,0,0,0,0,0,431.379,69.471,222,165,-0.663,-0.446,-0.037,-0.033,62,336.5,77,-2.5,0,0,0,0,0,0,0,0,0,681

Main.js:462 69.806,422.999,358.5,358.5,0.808,-0.001,0.05,-0.001,0,1,0,1,0,0,0,0,0,0,0,0,0,0,0,0,0,0,0,0,430.714,69.016,222,163.5,-0.665,-0.455,-0.037,-0.033,61,334,77,-2.5,0,0,0,0,0,0,0,0,0,698

Main.js:462 70.62,422.995,357,357,0.815,-0.004,0.05,-0.003,0,1,0,1,0,0,0,0,0,0,0,0,0,0,0,0,0,0,0,0,430.047,68.552,222,162,-0.667,-0.464,-0.037,-0.033,60,331.5,77,-2.5,0,0,0,0,0,0,0,0,0,714

Main.js:462 71.441,422.988,355.5,355.5,0.821,-0.007,0.05,-0.004,0,1,0,1,0,0,0,0,0,0,0,0,0,0,0,0,0,0,0,0,429.378,68.08,222,160.5,-0.669,-0.473,-0.037,-0.033,59,329,77,-2.5,0,0,0,0,0,0,0,0,0,731

Main.js:462 72.269,422.976,354,354,0.827,-0.012,0.05,-0.005,0,1,0,1,0,0,0,0,0,0,0,0,0,0,0,0,0,0,0,0,428.707,67.599,222,159,-0.671,-0.481,-0.037,-0.033,58,326.5,77,-2.5,0,0,0,0,0,0,0,0,0,748

Main.js:462 73.102,422.959,352.5,352.5,0.833,-0.017,0.05,-0.007,0,1,0,1,0,0,0,0,0,0,0,0,0,0,0,0,0,0,0,0,428.034,67.11,222,157.5,-0.673,-0.489,-0.037,-0.033,57,324,77,-2.5,0,0,0,0,0,0,0,0,0,764

Main.js:462 73.94,422.935,351,351,0.838,-0.024,0.049,-0.008,0,1,0,1,0,0,0,0,0,0,0,0,0,0,0,0,0,0,0,0,427.36,66.614,222,156,-0.674,-0.496,-0.037,-0.033,56,321.5,77,-2.5,0,0,0,0,0,0,0,0,0,781

Main.js:462 74.784,422.903,349.5,349.5,0.843,-0.031,0.049,-0.009,0,1,0,1,0,0,0,0,0,0,0,0,0,0,0,0,0,0,0,0,426.684,66.111,222,154.5,-0.676,-0.503,-0.037,-0.033,55,319,77,-2.5,0,0,0,0,0,0,0,0,0,797

Main.js:462 75.631,422.863,348,348,0.848,-0.04,0.049,-0.01,0,1,0,1,0,0,0,0,0,0,0,0,0,0,0,0,0,0,0,0,426.006,65.602,222,153,-0.677,-0.51,-0.037,-0.033,54,316.5,77,-2.5,0,0,0,0,0,0,0,0,0,815

Main.js:462 76.482,422.815,346.5,346.5,0.851,-0.049,0.049,-0.012,0,1,0,1,0,0,0,0,0,0,0,0,0,0,0,0,0,0,0,0,425.328,65.086,222,151.5,-0.679,-0.516,-0.037,-0.033,53,314,77,-2.5,0,0,0,0,0,0,0,0,0,830

Main.js:462 77.337,422.756,345,345,0.855,-0.059,0.048,-0.013,0,1,0,1,0,0,0,0,0,0,0,0,0,0,0,0,0,0,0,0,424.647,64.564,222,150,-0.68,-0.522,-0.037,-0.033,52,311.5,77,-2.5,0,0,0,0,0,0,0,0,0,847

Main.js:462 78.195,422.687,343.5,343.5,0.857,-0.069,0.048,-0.014,0,1,0,1,0,0,0,0,0,0,0,0,0,0,0,0,0,0,0,0,423.966,64.036,222,148.5,-0.682,-0.528,-0.037,-0.033,51,309,77,-2.5,0,0,0,0,0,0,0,0,0,864

Main.js:462 79.054,422.606,342,342,0.86,-0.08,0.048,-0.015,0,1,0,1,0,0,0,0,0,0,0,0,0,0,0,0,0,0,0,0,423.283,63.503,222,147,-0.683,-0.533,-0.037,-0.033,50,306.5,77,-2.5,0,0,0,0,0,0,0,0,0,880

Main.js:462 79.916,422.515,342,342,0.862,-0.091,0.048,-0.015,0,0,0,1,0,0,0,0,0,0,0,0,0,0,0,0,0,0,0,0,422.599,62.965,222,145.5,-0.684,-0.538,-0.037,-0.033,49,304,77,-2.5,0,0,0,0,0,0,0,0,0,898

Main.js:462 80.78,422.414,342,342,0.864,-0.101,0.048,-0.015,0,0,0,1,0,0,0,0,0,0,0,0,0,0,0,0,0,0,0,0,421.914,62.422,222,144,-0.685,-0.543,-0.037,-0.033,48,301.5,77,-2.5,0,0,0,0,0,0,0,0,0,914

Main.js:462 81.646,422.303,342,342,0.866,-0.111,0.048,-0.015,0,0,0,1,0,0,0,0,0,0,0,0,0,0,0,0,0,0,0,0,421.228,61.875,222,142.5,-0.686,-0.548,-0.037,-0.033,47,299,77,-2.5,0,0,0,0,0,0,0,0,0,930

Main.js:462 82.514,422.183,342,342,0.868,-0.12,0.048,-0.015,0,0,0,1,0,0,0,0,0,0,0,0,0,0,0,0,0,0,0,0,420.541,61.323,222,141,-0.687,-0.552,-0.037,-0.033,46,296.5,77,-2.5,0,0,0,0,0,0,0,0,0,947

Main.js:462 83.384,422.054,342,342,0.87,-0.129,0.048,-0.015,0,0,0,1,0,0,0,0,0,0,0,0,0,0,0,0,0,0,0,0,419.853,60.767,222,139.5,-0.688,-0.556,-0.037,-0.033,45,294,77,-2.5,0,0,0,0,0,0,0,0,0,965

Main.js:462 84.255,421.917,342,342,0.871,-0.137,0.048,-0.015,0,0,0,1,0,0,0,0,0,0,0,0,0,0,0,0,0,0,0,0,419.164,60.206,222,138,-0.689,-0.56,-0.037,-0.033,44,291.5,77,-2.5,0,0,0,0,0,0,0,0,0,981

Main.js:462 85.128,421.771,340.5,340.5,0.873,-0.146,0.047,-0.017,0,1,0,1,0,0,0,0,0,0,0,0,0,0,0,0,0,0,0,0,418.474,59.642,222,136.5,-0.69,-0.564,-0.037,-0.033,43,289,77,-2.5,0,0,0,0,0,0,0,0,0,998

Main.js:462 86.001,421.616,339,339,0.873,-0.156,0.047,-0.018,0,1,0,1,0,0,0,0,0,0,0,0,0,0,0,0,0,0,0,0,417.784,59.075,222,135,-0.691,-0.568,-0.037,-0.033,42,286.5,77,-2.5,0,0,0,0,0,0,0,0,0,1013

Main.js:462 86.874,421.45,337.5,337.5,0.873,-0.166,0.046,-0.019,0,1,0,1,0,0,0,0,0,0,0,0,0,0,0,0,0,0,0,0,417.092,58.505,220.5,132,-0.692,-0.57,-0.038,-0.032,41,284,77,-2.5,0,0,0,0,0,0,0,0,0,1031

Main.js:462 87.748,421.273,336,336,0.873,-0.177,0.046,-0.02,0,1,0,1,0,0,0,0,0,0,0,0,0,0,0,0,0,0,0,0,416.397,57.934,219,129,-0.694,-0.571,-0.039,-0.031,40,281.5,77,-2.5,0,0,0,0,0,0,0,0,0,1048

Main.js:462 88.62,421.084,334.5,334.5,0.872,-0.189,0.045,-0.022,0,1,0,1,0,0,0,0,0,0,0,0,0,0,0,0,0,0,0,0,415.7,57.362,217.5,126,-0.697,-0.572,-0.04,-0.03,39,279,77,-2.5,0,0,0,0,0,0,0,0,0,1065

Main.js:462 89.491,420.883,333,333,0.871,-0.201,0.045,-0.023,0,1,0,1,0,0,0,0,0,0,0,0,0,0,0,0,0,0,0,0,414.999,56.791,216,123,-0.701,-0.571,-0.04,-0.029,38,276.5,77,-2.5,0,0,0,0,0,0,0,0,0,1080

Main.js:462 90.36,420.67,331.5,331.5,0.869,-0.213,0.044,-0.024,0,1,0,1,0,0,0,0,0,0,0,0,0,0,0,0,0,0,0,0,414.294,56.221,214.5,120,-0.705,-0.569,-0.041,-0.028,37,274,77,-2.5,0,0,0,0,0,0,0,0,0,1097

Main.js:462 91.227,420.443,330,330,0.867,-0.226,0.043,-0.025,0,1,0,1,0,0,0,0,0,0,0,0,0,0,0,0,0,0,0,0,413.584,55.654,213,117,-0.71,-0.567,-0.042,-0.027,36,271.5,77,-2.5,0,0,0,0,0,0,0,0,0,1115

Main.js:462 92.092,420.203,328.5,328.5,0.864,-0.24,0.043,-0.026,0,1,0,1,0,0,0,0,0,0,0,0,0,0,0,0,0,0,0,0,412.869,55.091,211.5,114,-0.715,-0.563,-0.043,-0.026,35,269,77,-2.5,0,0,0,0,0,0,0,0,0,1132

Main.js:462 92.952,419.949,327,327,0.861,-0.254,0.042,-0.027,0,1,0,1,0,0,0,0,0,0,0,0,0,0,0,0,0,0,0,0,412.149,54.532,210,111,-0.72,-0.559,-0.043,-0.025,34,266.5,77,-2.5,0,0,0,0,0,0,0,0,0,1149

Main.js:462 93.809,419.681,325.5,325.5,0.857,-0.268,0.041,-0.028,0,1,0,1,0,0,0,0,0,0,0,0,0,0,0,0,0,0,0,0,411.423,53.979,208.5,108,-0.726,-0.554,-0.044,-0.024,33,264,77,-2.5,0,0,0,0,0,0,0,0,0,1165

Main.js:462 94.662,419.399,324,324,0.852,-0.283,0.04,-0.029,0,1,0,1,0,0,0,0,0,0,0,0,0,0,0,0,0,0,0,0,410.691,53.431,207,105,-0.732,-0.547,-0.045,-0.023,32,261.5,77,-2.5,0,0,0,0,0,0,0,0,0,1180

Main.js:462 95.51,419.102,324,324,0.848,-0.296,0.04,-0.029,0,0,0,1,0,0,0,0,0,0,0,0,0,0,0,0,0,0,0,0,409.953,52.891,205.5,102,-0.738,-0.541,-0.045,-0.022,31,259,77,-2.5,0,0,0,0,0,0,0,0,0,1197

Main.js:462 96.354,418.793,324,324,0.844,-0.309,0.04,-0.029,0,0,0,1,0,0,0,0,0,0,0,0,0,0,0,0,0,0,0,0,409.209,52.358,204,99,-0.745,-0.533,-0.046,-0.02,30,256.5,77,-2.5,0,0,0,0,0,0,0,0,0,1215

Main.js:462 97.195,418.471,324,324,0.84,-0.322,0.04,-0.029,0,0,0,1,0,0,0,0,0,0,0,0,0,0,0,0,0,0,0,0,408.457,51.833,202.5,96,-0.751,-0.524,-0.046,-0.019,29,254,77,-2.5,0,0,0,0,0,0,0,0,0,1230

Main.js:462 98.032,418.137,324,324,0.837,-0.334,0.04,-0.029,0,0,0,1,0,0,0,0,0,0,0,0,0,0,0,0,0,0,0,0,407.699,51.318,201,93,-0.758,-0.515,-0.047,-0.018,28,251.5,77,-2.5,0,0,0,0,0,0,0,0,0,1248

Main.js:462 98.865,417.792,324,324,0.833,-0.345,0.04,-0.029,0,0,0,1,0,0,0,0,0,0,0,0,0,0,0,0,0,0,0,0,406.934,50.813,199.5,90,-0.765,-0.505,-0.047,-0.017,27,249,77,-2.5,0,0,0,0,0,0,0,0,0,1264

Main.js:462 99.695,417.437,324,324,0.83,-0.356,0.04,-0.029,0,0,0,1,0,0,0,0,0,0,0,0,0,0,0,0,0,0,0,0,406.163,50.318,198,87,-0.772,-0.495,-0.048,-0.015,26,246.5,77,-2.5,0,0,0,0,0,0,0,0,0,1280

Main.js:462 100.522,417.071,324,324,0.827,-0.366,0.04,-0.029,0,0,0,1,0,0,0,0,0,0,0,0,0,0,0,0,0,0,0,0,405.384,49.835,196.5,84,-0.779,-0.483,-0.048,-0.014,25,244,77,-2.5,0,0,0,0,0,0,0,0,0,1298

Main.js:462 101.347,416.695,324,324,0.824,-0.375,0.04,-0.029,0,0,0,1,0,0,0,0,0,0,0,0,0,0,0,0,0,0,0,0,404.598,49.363,195,81,-0.786,-0.472,-0.048,-0.013,24,241.5,77,-2.5,0,0,0,0,0,0,0,0,0,1314

Main.js:462 102.168,416.311,324,324,0.821,-0.385,0.04,-0.029,0,0,0,1,0,0,0,0,0,0,0,0,0,0,0,0,0,0,0,0,403.805,48.904,193.5,78,-0.793,-0.459,-0.049,-0.012,23,239,77,-2.5,0,0,0,0,0,0,0,0,0,1331

Main.js:462 102.987,415.918,324,324,0.819,-0.393,0.04,-0.029,0,0,0,1,0,0,0,0,0,0,0,0,0,0,0,0,0,0,0,0,403.006,48.458,192,75,-0.799,-0.446,-0.049,-0.01,22,236.5,77,-2.5,0,0,0,0,0,0,0,0,0,1347

Main.js:462 103.803,415.516,324,324,0.816,-0.402,0.04,-0.029,0,0,0,1,0,0,0,0,0,0,0,0,0,0,0,0,0,0,0,0,402.2,48.026,190.5,72,-0.806,-0.432,-0.049,-0.009,21,234,77,-2.5,0,0,0,0,0,0,0,0,0,1364

Main.js:462 104.616,415.106,322.5,322.5,0.813,-0.41,0.04,-0.03,0,1,0,1,0,0,0,0,0,0,0,0,0,0,0,0,0,0,0,0,401.387,47.608,189,69,-0.813,-0.418,-0.049,-0.008,20,231.5,77,-2.5,0,0,0,0,0,0,0,0,0,1381

Main.js:462 105.426,414.686,321,321,0.809,-0.42,0.039,-0.031,0,1,0,1,0,0,0,0,0,0,0,0,0,0,0,0,0,0,0,0,400.568,47.204,187.5,66,-0.819,-0.403,-0.05,-0.007,19,229,77,-2.5,0,0,0,0,0,0,0,0,0,1397

Main.js:462 106.231,414.256,319.5,319.5,0.805,-0.43,0.038,-0.032,0,1,0,1,0,0,0,0,0,0,0,0,0,0,0,0,0,0,0,0,399.742,46.816,186,63,-0.826,-0.388,-0.05,-0.005,18,226.5,77,-2.5,0,0,0,0,0,0,0,0,0,1416

Main.js:462 107.031,413.816,318,318,0.8,-0.44,0.037,-0.033,0,1,0,1,0,0,0,0,0,0,0,0,0,0,0,0,0,0,0,0,398.91,46.443,184.5,60,-0.832,-0.373,-0.05,-0.004,17,224,77,-2.5,0,0,0,0,0,0,0,0,0,1432

Main.js:462 107.825,413.366,316.5,316.5,0.795,-0.451,0.036,-0.034,0,1,0,1,0,0,0,0,0,0,0,0,0,0,0,0,0,0,0,0,398.073,46.087,183,57,-0.837,-0.356,-0.05,-0.003,16,221.5,77,-2.5,0,0,0,0,0,0,0,0,0,1448

Main.js:462 108.614,412.904,315,315,0.788,-0.462,0.035,-0.035,0,1,0,1,0,0,0,0,0,0,0,0,0,0,0,0,0,0,0,0,397.23,45.747,181.5,54,-0.843,-0.34,-0.05,-0.001,15,219,77,-2.5,0,0,0,0,0,0,0,0,0,1464

Main.js:462 109.396,412.431,313.5,313.5,0.782,-0.473,0.034,-0.036,0,1,0,1,0,0,0,0,0,0,0,0,0,0,0,0,0,0,0,0,396.381,45.424,180,51,-0.848,-0.323,-0.05,0,14,216.5,77,-2.5,0,0,0,0,0,0,0,0,0,1482

Main.js:462 110.17,411.946,312,312,0.774,-0.485,0.033,-0.037,0,1,0,1,0,0,0,0,0,0,0,0,0,0,0,0,0,0,0,0,395.528,45.119,178.5,48,-0.853,-0.305,-0.05,0.001,13,214,77,-2.5,0,0,0,0,0,0,0,0,0,1498

Main.js:462 110.936,411.45,310.5,310.5,0.767,-0.497,0.032,-0.038,0,1,0,1,0,0,0,0,0,0,0,0,0,0,0,0,0,0,0,0,394.67,44.831,177,45,-0.858,-0.288,-0.05,0.003,12,211.5,77,-2.5,0,0,0,0,0,0,0,0,0,1513

Main.js:462 111.694,410.941,309,309,0.758,-0.509,0.031,-0.039,0,1,0,1,0,0,0,0,0,0,0,0,0,0,0,0,0,0,0,0,393.807,44.561,175.5,42,-0.863,-0.27,-0.05,0.004,11,209,77,-2.5,0,0,0,0,0,0,0,0,0,1530

Main.js:462 112.444,410.42,307.5,307.5,0.749,-0.521,0.03,-0.04,0,1,0,1,0,0,0,0,0,0,0,0,0,0,0,0,0,0,0,0,392.94,44.31,174,39,-0.867,-0.251,-0.05,0.005,10,206.5,77,-2.5,0,0,0,0,0,0,0,0,0,1548

Main.js:462 113.183,409.887,306,306,0.74,-0.533,0.029,-0.04,0,1,0,1,0,0,0,0,0,0,0,0,0,0,0,0,0,0,0,0,392.07,44.078,172.5,36,-0.871,-0.232,-0.05,0.007,9,204,77,-2.5,0,0,0,0,0,0,0,0,0,1566

Main.js:462 113.913,409.341,304.5,304.5,0.729,-0.546,0.028,-0.041,0,1,0,1,0,0,0,0,0,0,0,0,0,0,0,0,0,0,0,0,391.196,43.864,171,33,-0.874,-0.213,-0.049,0.008,8,201.5,77,-2.5,0,0,0,0,0,0,0,0,0,1581

Main.js:462 114.632,408.783,303,303,0.719,-0.558,0.027,-0.042,0,1,0,1,0,0,0,0,0,0,0,0,0,0,0,0,0,0,0,0,390.319,43.67,169.5,30,-0.877,-0.194,-0.049,0.009,7,199,77,-2.5,0,0,0,0,0,0,0,0,0,1598

Main.js:462 115.34,408.213,303,303,0.709,-0.57,0.027,-0.042,0,0,0,1,0,0,0,0,0,0,0,0,0,0,0,0,0,0,0,0,389.439,43.496,168,27,-0.88,-0.174,-0.049,0.01,6,196.5,77,-2.5,0,0,0,0,0,0,0,0,0,1618

Main.js:462 116.04,407.631,303,303,0.699,-0.582,0.027,-0.042,0,0,0,1,0,0,0,0,0,0,0,0,0,0,0,0,0,0,0,0,388.557,43.341,166.5,24,-0.882,-0.155,-0.049,0.012,5,194,77,-2.5,0,0,0,0,0,0,0,0,0,1631

Main.js:462 116.73,407.039,303,303,0.69,-0.592,0.027,-0.042,0,0,0,1,0,0,0,0,0,0,0,0,0,0,0,0,0,0,0,0,387.674,43.207,165,21,-0.884,-0.135,-0.048,0.013,4,191.5,77,-2.5,0,0,0,0,0,0,0,0,0,1648

Main.js:462 117.411,406.436,303,303,0.682,-0.603,0.027,-0.042,0,0,0,1,0,0,0,0,0,0,0,0,0,0,0,0,0,0,0,0,386.789,43.092,163.5,18,-0.885,-0.114,-0.048,0.014,3,189,77,-2.5,0,0,0,0,0,0,0,0,0,1665

Main.js:462 118.085,405.824,303,303,0.673,-0.612,0.027,-0.042,0,0,0,1,0,0,0,0,0,0,0,0,0,0,0,0,0,0,0,0,385.903,42.998,162,15,-0.886,-0.094,-0.048,0.015,2,186.5,77,-2.5,0,0,0,0,0,0,0,0,0,1681

Main.js:462 118.75,405.203,303,303,0.666,-0.621,0.027,-0.042,0,0,0,1,0,0,0,0,0,0,0,0,0,0,0,0,0,0,0,0,385.017,42.925,160.5,12,-0.886,-0.073,-0.047,0.017,1,184,77,-2.5,0,0,0,0,0,0,0,0,0,1697

Main.js:462 119.408,404.572,303,303,0.658,-0.63,0.027,-0.042,0,0,0,1,0,0,0,0,0,0,0,0,0,0,0,0,0,0,0,0,384.13,42.872,159,9,-0.886,-0.053,-0.047,0.018,0,181.5,77,-2.5,0,0,0,0,0,0,0,0,0,1715

Main.js:462 120.059,403.934,303,303,0.651,-0.639,0.027,-0.042,0,0,0,1,0,0,0,0,0,0,0,0,0,0,0,0,0,0,0,0,383.244,42.84,157.5,6,-0.886,-0.032,-0.046,0.019,99,179,77,-2.5,0,0,0,0,0,0,0,0,0,1731

Main.js:462 120.704,403.287,303,303,0.644,-0.646,0.027,-0.042,99,0,0,1,0,1,0,0,0,0,0,0,0,0,0,0,0,0,0,0,382.359,42.829,156,3,-0.885,-0.011,-0.046,0.02,98,176.5,77,-2.5,0,407.502,45.328,2.486,0.261,0,0,0,0,1747

Main.js:462 121.342,402.633,303,303,0.638,-0.654,0.027,-0.042,98,0,0,1,0,1,0,0,132.858,384.225,1.362,-2.097,0,0,0,0,0,0,0,0,381.476,42.839,154.5,0,-0.884,0.01,-0.045,0.022,97,174,77,-2.5,0,409.988,45.59,2.486,0.261,0,0,0,0,1764

Main.js:462 121.974,401.972,303,303,0.632,-0.661,0.027,-0.042,97,0,0,1,0,1,0,0,134.22,382.128,1.362,-2.097,0,0,0,0,0,0,0,0,380.594,42.87,153,357,-0.882,0.031,-0.045,0.023,96,171.5,77,-2.5,0,412.474,45.851,2.486,0.261,0,0,0,0,1781

Main.js:462 122.6,401.304,303,303,0.626,-0.668,0.027,-0.042,96,0,0,1,0,1,0,0,135.581,380.032,1.362,-2.097,0,0,0,0,0,0,0,0,379.714,42.922,151.5,354,-0.879,0.052,-0.044,0.024,95,169,77,-2.5,0,414.961,46.112,2.486,0.261,0,0,0,0,1798

Main.js:462 123.221,400.63,303,303,0.621,-0.674,0.027,-0.042,95,0,0,1,0,1,0,0,136.943,377.935,1.362,-2.097,0,0,0,0,0,0,0,0,378.838,42.996,150,351,-0.877,0.073,-0.043,0.025,94,166.5,77,-2.5,0,417.447,46.374,2.486,0.261,0,0,0,0,1813

Main.js:462 123.836,399.95,303,303,0.616,-0.68,0.027,-0.042,94,0,0,1,0,1,0,0,138.305,375.838,1.362,-2.097,0,0,0,0,0,0,0,0,377.965,43.09,148.5,348,-0.873,0.094,-0.043,0.026,93,164,77,-2.5,0,419.933,46.635,2.486,0.261,0,0,0,0,1830

Main.js:462 124.447,399.263,303,303,0.611,-0.686,0.027,-0.042,93,0,0,1,0,1,0,0,139.666,373.742,1.362,-2.097,0,0,0,0,0,0,0,0,377.095,43.206,147,345,-0.869,0.116,-0.042,0.027,92,161.5,77,-2.5,0,422.419,46.896,2.486,0.261,0,0,0,0,1847

Main.js:462 125.053,398.571,303,303,0.606,-0.692,0.027,-0.042,92,0,0,1,0,0,0,0,141.028,371.645,1.362,-2.097,0,0,0,0,0,0,0,0,376.23,43.342,145.5,342,-0.865,0.137,-0.041,0.028,91,159,77,-2.5,0,424.906,47.158,2.486,0.261,0,0,0,0,1864

Main.js:462 125.655,397.874,303,303,0.602,-0.697,0.027,-0.042,91,0,0,1,0,0,0,0,142.389,369.548,1.362,-2.097,0,0,0,0,0,0,0,0,375.37,43.5,144,339,-0.86,0.158,-0.04,0.029,90,156.5,77,-2.5,0,427.392,47.419,2.486,0.261,0,0,0,0,1880

Main.js:462 126.252,397.172,303,303,0.597,-0.702,0.027,-0.042,90,0,0,1,0,0,0,0,143.751,367.452,1.362,-2.097,0,0,0,0,0,0,0,0,374.515,43.679,142.5,336,-0.855,0.179,-0.04,0.03,89,154,77,-2.5,0,429.878,47.68,2.486,0.261,0,0,0,0,1897

Main.js:462 126.846,396.466,303,303,0.593,-0.707,0.027,-0.042,89,0,0,1,0,0,0,0,145.113,365.355,1.362,-2.097,0,0,0,0,0,0,0,0,373.666,43.879,141,333,-0.849,0.2,-0.039,0.031,88,151.5,77,-2.5,0,432.365,47.942,2.486,0.261,0,0,0,0,1913

Main.js:462 127.435,395.754,303,303,0.59,-0.711,0.027,-0.042,88,0,0,1,0,0,0,0,146.474,363.258,1.362,-2.097,0,0,0,0,0,0,0,0,372.823,44.1,139.5,330,-0.843,0.221,-0.038,0.032,87,149,77,-2.5,0,434.851,48.203,2.486,0.261,0,0,0,0,1932

Main.js:462 128.021,395.039,303,303,0.586,-0.716,0.027,-0.042,87,0,0,1,0,0,0,0,147.836,361.162,1.362,-2.097,0,0,0,0,0,0,0,0,371.987,44.341,138,327,-0.836,0.241,-0.037,0.033,86,146.5,77,-2.5,0,437.337,48.464,2.486,0.261,0,0,0,0,1947

Main.js:462 128.604,394.319,303,303,0.583,-0.72,0.027,-0.042,86,0,0,1,0,0,0,0,149.197,359.065,1.362,-2.097,0,0,0,0,0,0,0,0,371.158,44.603,136.5,324,-0.829,0.262,-0.036,0.034,85,144,77,-2.5,0,439.824,48.726,2.486,0.261,0,0,0,0,1964

Main.js:462 129.183,393.596,303,303,0.579,-0.723,0.027,-0.042,85,0,0,1,0,0,0,0,150.559,356.968,1.362,-2.097,0,0,0,0,0,0,0,0,370.337,44.885,135,321,-0.821,0.283,-0.035,0.035,84,141.5,77,-2.5,0,442.31,48.987,2.486,0.261,0,0,0,0,1982

Main.js:462 129.76,392.869,303,303,0.576,-0.727,0.027,-0.042,84,0,0,1,0,0,0,0,151.921,354.872,1.362,-2.097,0,0,0,0,0,0,0,0,369.525,45.188,133.5,318,-0.812,0.303,-0.034,0.036,83,139,77,-2.5,0,444.796,49.248,2.486,0.261,0,0,0,0,1998

Main.js:462 130.333,392.138,303,303,0.573,-0.731,0.027,-0.042,83,0,0,1,0,0,0,0,153.282,352.775,1.362,-2.097,0,0,0,0,0,0,0,0,368.721,45.511,132,315,-0.804,0.323,-0.033,0.037,82,136.5,77,-2.5,0,447.282,49.51,2.486,0.261,0,0,0,0,2015

Main.js:462 130.903,391.404,303,303,0.571,-0.734,0.027,-0.042,82,0,0,1,0,0,0,0,154.644,350.678,1.362,-2.097,0,0,0,0,0,0,0,0,367.925,45.853,133.5,315,-0.796,0.341,-0.034,0.036,81,134,77,-2.5,0,449.769,49.771,2.486,0.261,0,0,0,0,2030

Main.js:462 131.471,390.667,303,303,0.568,-0.737,0.027,-0.042,81,0,0,1,0,0,0,0,156.005,348.582,1.362,-2.097,0,0,0,0,0,0,0,0,367.135,46.21,135,315,-0.79,0.358,-0.035,0.035,80,131.5,77,-2.5,0,452.255,50.032,2.486,0.261,0,0,0,0,2047

Main.js:462 132.037,389.927,303,303,0.565,-0.74,0.027,-0.042,80,0,0,1,0,0,0,0,157.367,346.485,1.362,-2.097,0,0,0,0,0,0,0,0,366.351,46.583,136.5,315,-0.785,0.373,-0.036,0.034,79,129,77,-2.5,0,454.741,50.294,2.486,0.261,0,0,0,0,2064

Main.js:462 132.6,389.184,303,303,0.563,-0.743,0.027,-0.042,79,0,0,1,0,0,0,0,158.729,344.388,1.362,-2.097,0,0,0,0,0,0,0,0,365.57,46.969,138,315,-0.781,0.386,-0.037,0.033,78,126.5,77,-2.5,0,457.228,50.555,2.486,0.261,0,0,0,0,2080

Main.js:462 133.16,388.439,303,303,0.561,-0.746,0.027,-0.042,78,0,0,1,0,0,0,0,160.09,342.292,1.362,-2.097,0,0,0,0,0,0,0,0,364.792,47.366,139.5,315,-0.778,0.397,-0.038,0.032,77,124,77,-2.5,0,459.714,50.816,2.486,0.261,0,0,0,0,2096

Main.js:462 133.719,387.69,303,303,0.558,-0.748,0.027,-0.042,77,0,0,1,0,0,0,0,161.452,340.195,1.362,-2.097,0,0,0,0,0,0,0,0,364.016,47.774,141,315,-0.776,0.407,-0.039,0.031,76,121.5,77,-2.5,0,462.2,51.078,2.486,0.261,0,0,0,0,2113

Main.js:462 134.275,386.94,303,303,0.556,-0.751,0.027,-0.042,76,0,0,1,0,0,0,0,162.813,338.098,1.362,-2.097,0,0,0,0,0,0,0,0,363.241,48.19,142.5,315,-0.775,0.416,-0.04,0.03,75,119,77,-2.5,0,464.687,51.339,2.486,0.261,0,0,0,0,2130

Main.js:462 134.83,386.187,303,303,0.554,-0.753,0.027,-0.042,75,0,0,1,0,0,0,0,164.175,336.001,1.362,-2.097,0,0,0,0,0,0,0,0,362.466,48.613,144,315,-0.775,0.423,-0.04,0.029,74,116.5,77,-2.5,0,467.173,51.6,2.486,0.261,0,0,0,0,2147

Main.js:462 135.382,385.432,303,303,0.553,-0.755,0.027,-0.042,74,0,0,1,0,0,0,0,165.537,333.905,1.362,-2.097,0,0,0,0,0,0,0,0,361.691,49.041,145.5,315,-0.775,0.429,-0.041,0.028,73,114,77,-2.5,0,469.659,51.862,2.486,0.261,0,0,0,0,2165

Main.js:462 135.933,384.675,303,303,0.551,-0.757,0.027,-0.042,73,0,0,1,0,0,0,0,166.898,331.808,1.362,-2.097,0,0,0,0,0,0,0,0,360.915,49.475,147,315,-0.776,0.433,-0.042,0.027,72,111.5,77,-2.5,0,472.146,52.123,2.486,0.261,0,0,0,0,2182

Main.js:462 136.482,383.916,303,303,0.549,-0.759,0.027,-0.042,72,0,0,1,0,0,0,0,168.26,329.711,1.362,-2.097,0,0,0,0,0,0,0,0,360.137,49.911,148.5,315,-0.778,0.436,-0.043,0.026,71,109,77,-2.5,0,474.632,52.384,2.486,0.261,0,0,0,0,2198

Main.js:462 137.03,383.155,303,303,0.548,-0.761,0.027,-0.042,71,0,0,1,0,0,0,0,169.621,327.615,1.362,-2.097,0,0,0,0,0,0,0,0,359.357,50.349,150,315,-0.78,0.438,-0.043,0.025,70,106.5,77,-2.5,0,477.118,52.645,2.486,0.261,0,0,0,0,2213

Main.js:462 137.576,382.392,303,303,0.546,-0.763,0.027,-0.042,70,0,0,1,0,0,0,0,170.983,325.518,1.362,-2.097,0,0,0,0,0,0,0,0,358.575,50.788,151.5,315,-0.783,0.439,-0.044,0.024,69,104,77,-2.5,0,479.604,52.907,2.486,0.261,0,0,0,0,2231

Main.js:462 138.121,381.627,303,303,0.545,-0.764,0.027,-0.042,69,0,0,1,0,0,0,0,172.345,323.421,1.362,-2.097,0,0,0,0,0,0,0,0,357.789,51.227,153,315,-0.786,0.439,-0.045,0.023,68,101.5,77,-2.5,0,482.091,53.168,2.486,0.261,0,0,0,0,2247

Main.js:462 138.664,380.861,303,303,0.543,-0.766,0.027,-0.042,68,0,0,1,0,0,0,0,173.706,321.325,1.362,-2.097,0,0,0,0,0,0,0,0,356.999,51.664,154.5,315,-0.79,0.437,-0.045,0.022,67,99,77,-2.5,0,484.577,53.429,2.486,0.261,0,0,0,0,2263

Main.js:462 139.206,380.094,303,303,0.542,-0.768,0.027,-0.042,67,0,0,1,0,0,0,0,175.068,319.228,1.362,-2.097,0,0,0,0,0,0,0,0,356.206,52.099,156,315,-0.793,0.435,-0.046,0.02,66,96.5,77,-2.5,0,487.063,53.691,2.486,0.261,0,0,0,0,2281

Main.js:462 139.747,379.325,303,303,0.541,-0.769,0.027,-0.042,66,0,0,1,0,0,0,0,176.429,317.131,1.362,-2.097,0,0,0,0,0,0,0,0,355.408,52.53,157.5,315,-0.798,0.431,-0.046,0.019,65,94,77,-2.5,0,489.55,53.952,2.486,0.261,0,0,0,0,2297

Main.js:462 140.286,378.554,303,303,0.54,-0.77,0.027,-0.042,65,0,0,1,0,0,0,0,177.791,315.035,1.362,-2.097,0,0,0,0,0,0,0,0,354.606,52.957,159,315,-0.802,0.427,-0.047,0.018,64,91.5,77,-2.5,0,492.036,54.213,2.486,0.261,0,0,0,0,2314

Main.js:462 140.825,377.782,303,303,0.538,-0.772,0.027,-0.042,64,0,0,1,0,0,0,0,179.153,312.938,1.362,-2.097,0,0,0,0,0,0,0,0,353.799,53.378,160.5,315,-0.807,0.421,-0.047,0.017,63,89,77,-2.5,0,494.522,54.475,2.486,0.261,0,0,0,0,2332

Main.js:462 141.362,377.009,303,303,0.537,-0.773,0.027,-0.042,63,0,0,1,0,0,0,0,180.514,310.841,1.362,-2.097,0,0,0,0,0,0,0,0,352.988,53.792,162,315,-0.812,0.415,-0.048,0.015,62,86.5,77,-2.5,0,497.009,54.736,2.486,0.261,0,0,0,0,2348

Main.js:462 141.899,376.235,303,303,0.536,-0.774,0.027,-0.042,62,0,0,1,0,0,0,0,181.876,308.745,1.362,-2.097,0,0,0,0,0,0,0,0,352.171,54.2,163.5,315,-0.817,0.407,-0.048,0.014,61,84,77,-2.5,0,499.495,54.997,2.486,0.261,0,0,0,0,2365

Main.js:462 142.434,375.46,303,303,0.535,-0.775,0.027,-0.042,61,0,0,1,0,0,0,0,181.876,308.745,1.362,-2.097,0,0,0,0,0,0,0,0,351.349,54.599,165,315,-0.822,0.399,-0.048,0.013,60,81.5,77,-2.5,0,0,0,0,0,0,0,0,0,2381

Main.js:462 142.969,374.683,303,303,0.535,-0.776,0.027,-0.042,60,0,0,1,0,0,0,0,183.237,306.648,1.362,-2.097,0,0,0,0,0,0,0,0,350.523,54.99,166.5,315,-0.827,0.391,-0.049,0.012,59,79,77,-2.5,0,0,0,0,0,0,0,0,0,2398

Main.js:462 143.502,373.906,303,303,0.534,-0.777,0.027,-0.042,59,0,0,1,0,0,0,0,184.599,304.551,1.362,-2.097,0,0,0,0,0,0,0,0,349.691,55.371,168,315,-0.832,0.381,-0.049,0.01,58,76.5,77,-2.5,0,0,0,0,0,0,0,0,0,2414

Main.js:462 144.035,373.128,303,303,0.533,-0.778,0.027,-0.042,58,0,0,1,0,0,0,0,185.961,302.455,1.362,-2.097,0,0,0,0,0,0,0,0,348.854,55.741,169.5,315,-0.837,0.37,-0.049,0.009,57,74,77,-2.5,0,0,0,0,0,0,0,0,0,2432

Main.js:462 144.568,372.348,303,303,0.532,-0.779,0.027,-0.042,57,0,0,1,0,0,0,0,187.322,300.358,1.362,-2.097,0,0,0,0,0,0,0,0,348.012,56.1,171,315,-0.842,0.359,-0.049,0.008,56,71.5,77,-2.5,0,0,0,0,0,0,0,0,0,2448

Main.js:462 145.099,371.568,303,303,0.531,-0.78,0.027,-0.042,56,0,0,1,0,0,0,0,188.684,298.261,1.362,-2.097,0,0,0,0,0,0,0,0,347.165,56.448,172.5,315,-0.847,0.348,-0.05,0.007,55,69,77,-2.5,0,0,0,0,0,0,0,0,0,2464

Main.js:462 145.63,370.787,303,303,0.531,-0.781,0.027,-0.042,55,0,0,1,0,0,0,0,190.045,296.165,1.362,-2.097,0,0,0,0,0,0,0,0,346.313,56.783,174,315,-0.852,0.335,-0.05,0.005,54,66.5,77,-2.5,0,0,0,0,0,0,0,0,0,2482

Main.js:462 146.16,370.005,303,303,0.53,-0.782,0.027,-0.042,54,0,0,1,0,0,0,0,191.407,294.068,1.362,-2.097,0,0,0,0,0,0,0,0,345.456,57.105,175.5,315,-0.857,0.322,-0.05,0.004,53,64,77,-2.5,0,0,0,0,0,0,0,0,0,2497

Main.js:462 146.689,369.223,303,303,0.529,-0.783,0.027,-0.042,53,0,0,1,0,0,0,0,192.769,291.971,1.362,-2.097,0,0,0,0,0,0,0,0,344.595,57.414,177,315,-0.861,0.309,-0.05,0.003,52,61.5,77,-2.5,0,0,0,0,0,0,0,0,0,2514

Main.js:462 147.218,368.439,303,303,0.529,-0.783,0.027,-0.042,52,0,0,1,0,0,0,0,194.13,289.875,1.362,-2.097,0,0,0,0,0,0,0,0,343.729,57.709,177,313.5,-0.866,0.296,-0.05,0.003,51,59,77,-2.5,0,0,0,0,0,0,0,0,0,2531

Main.js:462 147.746,367.656,303,303,0.528,-0.784,0.027,-0.042,51,0,0,1,0,0,0,0,195.492,287.778,1.362,-2.097,0,0,0,0,0,0,0,0,342.859,57.993,177,312,-0.87,0.283,-0.05,0.003,50,56.5,77,-2.5,0,0,0,0,0,0,0,0,0,2547

Main.js:462 148.274,366.871,303,303,0.528,-0.785,0.027,-0.042,50,0,0,1,0,0,0,0,196.853,285.681,1.362,-2.097,0,0,0,0,0,0,0,0,341.986,58.264,177,310.5,-0.874,0.272,-0.05,0.003,49,54,77,-2.5,0,0,0,0,0,0,0,0,0,2565

Main.js:462 148.801,366.086,303,303,0.527,-0.785,0.027,-0.042,49,0,0,1,0,0,0,0,198.215,283.585,1.362,-2.097,0,0,0,0,0,0,0,0,341.108,58.525,177,309,-0.877,0.261,-0.05,0.003,48,51.5,77,-2.5,0,0,0,0,0,0,0,0,0,2581

Main.js:462 149.328,365.3,303,303,0.527,-0.786,0.027,-0.042,48,0,0,1,0,0,0,0,199.577,281.488,1.362,-2.097,0,0,0,0,0,0,0,0,340.227,58.775,177,307.5,-0.881,0.25,-0.05,0.003,47,49,77,-2.5,0,0,0,0,0,0,0,0,0,2597

Main.js:462 149.854,364.514,303,303,0.526,-0.786,0.027,-0.042,47,0,0,1,0,0,0,0,200.938,279.391,1.362,-2.097,0,0,0,0,0,0,0,0,339.343,59.015,177,306,-0.884,0.24,-0.05,0.003,46,46.5,77,-2.5,0,0,0,0,0,0,0,0,0,2614

Main.js:462 150.38,363.727,303,303,0.526,-0.787,0.027,-0.042,46,0,0,1,0,0,0,0,202.3,277.295,1.362,-2.097,0,0,0,0,0,0,0,0,338.455,59.245,177,304.5,-0.888,0.23,-0.05,0.003,45,44,77,-2.5,0,0,0,0,0,0,0,0,0,2630

Main.js:462 150.905,362.94,303,303,0.525,-0.787,0.027,-0.042,45,0,0,1,0,0,0,0,203.661,275.198,1.362,-2.097,0,0,0,0,0,0,0,0,337.564,59.467,177,303,-0.891,0.221,-0.05,0.003,44,41.5,77,-2.5,0,0,0,0,0,0,0,0,0,2647

Main.js:462 151.43,362.152,303,303,0.525,-0.788,0.027,-0.042,44,0,0,1,0,0,0,0,205.023,273.101,1.362,-2.097,0,0,0,0,0,0,0,0,336.671,59.68,177,301.5,-0.894,0.213,-0.05,0.003,43,39,77,-2.5,0,0,0,0,0,0,0,0,0,2665

Main.js:462 151.955,361.364,303,303,0.525,-0.788,0.027,-0.042,43,0,0,1,0,0,0,0,206.385,271.005,1.362,-2.097,0,0,0,0,0,0,0,0,335.774,59.884,177,300,-0.896,0.205,-0.05,0.003,42,36.5,77,-2.5,0,0,0,0,0,0,0,0,0,2681

Main.js:462 152.479,360.575,303,303,0.524,-0.789,0.027,-0.042,42,0,0,1,0,0,0,0,207.746,268.908,1.362,-2.097,0,0,0,0,0,0,0,0,334.875,60.081,177,298.5,-0.899,0.197,-0.05,0.003,41,34,77,-2.5,0,0,0,0,0,0,0,0,0,2696

Main.js:462 153.003,359.786,303,303,0.524,-0.789,0.027,-0.042,41,0,0,1,0,0,0,0,209.108,266.811,1.362,-2.097,0,0,0,0,0,0,0,0,333.974,60.271,177,297,-0.901,0.19,-0.05,0.003,40,31.5,77,-2.5,0,0,0,0,0,0,0,0,0,2714

Main.js:462 153.526,358.996,303,303,0.524,-0.789,0.027,-0.042,40,0,0,1,0,0,0,0,210.469,264.714,1.362,-2.097,0,0,0,0,0,0,0,0,333.07,60.453,177,295.5,-0.904,0.183,-0.05,0.003,39,29,77,-2.5,0,0,0,0,0,0,0,0,0,2731

Main.js:462 154.05,358.207,303,303,0.523,-0.79,0.027,-0.042,39,0,0,1,0,0,0,0,211.831,262.618,1.362,-2.097,0,0,0,0,0,0,0,0,332.164,60.629,177,294,-0.906,0.176,-0.05,0.003,38,26.5,77,-2.5,0,0,0,0,0,0,0,0,0,2747

Main.js:462 154.572,357.416,303,303,0.523,-0.79,0.027,-0.042,38,0,0,1,0,0,0,0,213.193,260.521,1.362,-2.097,0,0,0,0,0,0,0,0,331.256,60.799,177,292.5,-0.908,0.17,-0.05,0.003,37,24,77,-2.5,0,0,0,0,0,0,0,0,0,2764

Main.js:462 155.095,356.626,303,303,0.523,-0.79,0.027,-0.042,37,0,0,1,0,0,0,0,214.554,258.424,1.362,-2.097,0,0,0,0,0,0,0,0,330.346,60.963,177,291,-0.91,0.164,-0.05,0.003,36,21.5,77,-2.5,0,0,0,0,0,0,0,0,0,2780

Main.js:462 155.618,355.835,303,303,0.522,-0.791,0.027,-0.042,36,0,0,1,0,0,0,0,215.916,256.328,1.362,-2.097,0,0,0,0,0,0,0,0,329.433,61.121,177,289.5,-0.912,0.158,-0.05,0.003,35,19,77,-2.5,0,0,0,0,0,0,0,0,0,2797

Main.js:462 156.14,355.044,303,303,0.522,-0.791,0.027,-0.042,35,0,0,1,0,0,0,0,217.277,254.231,1.362,-2.097,0,0,0,0,0,0,0,0,328.519,61.273,177,288,-0.914,0.153,-0.05,0.003,34,16.5,77,-2.5,0,0,0,0,0,0,0,0,0,2815

Main.js:462 156.662,354.253,303,303,0.522,-0.791,0.027,-0.042,34,0,0,1,0,0,0,0,218.639,252.134,1.362,-2.097,0,0,0,0,0,0,0,0,327.604,61.42,177,286.5,-0.916,0.147,-0.05,0.003,33,14,77,-2.5,0,0,0,0,0,0,0,0,0,2831

Main.js:462 157.183,353.461,303,303,0.522,-0.792,0.027,-0.042,33,0,0,1,0,0,0,0,220,250.038,1.362,-2.097,0,0,0,0,0,0,0,0,326.686,61.563,177,285,-0.917,0.143,-0.05,0.003,32,11.5,77,-2.5,0,0,0,0,0,0,0,0,0,2847

Main.js:462 157.705,352.669,303,303,0.521,-0.792,0.027,-0.042,32,0,0,1,0,0,0,0,221.362,247.941,1.362,-2.097,0,0,0,0,0,0,0,0,325.767,61.701,177,283.5,-0.919,0.138,-0.05,0.003,31,9,77,-2.5,0,0,0,0,0,0,0,0,0,2865

Main.js:462 158.226,351.877,303,303,0.521,-0.792,0.027,-0.042,31,0,0,1,0,0,0,0,222.724,245.844,1.362,-2.097,0,0,0,0,0,0,0,0,324.847,61.834,177,282,-0.92,0.133,-0.05,0.003,30,6.5,77,-2.5,0,0,0,0,0,0,0,0,0,2886

Main.js:462 158.747,351.085,303,303,0.521,-0.792,0.027,-0.042,30,0,0,1,0,0,0,0,224.085,243.748,1.362,-2.097,0,0,0,0,0,0,0,0,323.925,61.964,177,280.5,-0.922,0.129,-0.05,0.003,29,4,77,-2.5,0,0,0,0,0,0,0,0,0,2899

Main.js:462 159.268,350.292,303,303,0.521,-0.793,0.027,-0.042,29,0,0,1,0,0,0,0,225.447,241.651,1.362,-2.097,0,0,0,0,0,0,0,0,323.002,62.089,177,279,-0.923,0.125,-0.05,0.003,28,1.5,77,-2.5,0,0,0,0,0,0,0,0,0,2915

Main.js:462 159.789,349.499,303,303,0.521,-0.793,0.027,-0.042,28,0,0,1,0,0,0,0,225.447,241.651,1.362,-2.097,0,0,0,0,0,0,0,0,322.078,62.21,177,277.5,-0.924,0.122,-0.05,0.003,27,0,0,0,0,0,0,0,0,0,0,0,0,2929

Main.js:462 160.31,348.706,303,303,0.521,-0.793,0.027,-0.042,27,0,0,1,0,0,0,0,226.808,239.554,1.362,-2.097,0,0,0,0,0,0,0,0,321.152,62.328,177,276,-0.926,0.118,-0.05,0.003,26,0,0,0,0,0,0,0,0,0,0,0,0,2947

Main.js:462 160.83,347.913,303,303,0.52,-0.793,0.027,-0.042,26,0,0,1,0,0,0,0,228.17,237.458,1.362,-2.097,0,0,0,0,0,0,0,0,320.225,62.443,177,274.5,-0.927,0.115,-0.05,0.003,25,0,0,0,0,0,0,0,0,0,0,0,0,2965

Main.js:462 161.35,347.12,303,303,0.52,-0.793,0.027,-0.042,25,0,0,1,0,0,0,0,229.532,235.361,1.362,-2.097,0,0,0,0,0,0,0,0,319.297,62.554,177,273,-0.928,0.111,-0.05,0.003,24,0,0,0,0,0,0,0,0,0,0,0,0,2981

Main.js:462 161.87,346.326,303,303,0.52,-0.794,0.027,-0.042,24,0,0,1,0,0,0,0,230.893,233.264,1.362,-2.097,0,0,0,0,0,0,0,0,318.368,62.662,177,271.5,-0.929,0.108,-0.05,0.003,23,0,0,0,0,0,0,0,0,0,0,0,0,2997

Main.js:462 162.39,345.532,303,303,0.52,-0.794,0.027,-0.042,23,0,0,1,0,0,0,0,232.255,231.168,1.362,-2.097,0,0,0,0,0,0,0,0,317.438,62.768,177,270,-0.93,0.105,-0.05,0.003,22,0,0,0,0,0,0,0,0,0,0,0,0,3014

Main.js:462 162.91,344.739,303,303,0.52,-0.794,0.027,-0.042,22,0,0,1,0,0,0,0,233.616,229.071,1.362,-2.097,0,0,0,0,0,0,0,0,316.508,62.871,175.5,267,-0.931,0.104,-0.05,0.004,21,0,0,0,0,0,0,0,0,0,0,0,0,3030

Main.js:462 163.43,343.945,303,303,0.52,-0.794,0.027,-0.042,21,0,0,1,0,0,0,0,234.978,226.974,1.362,-2.097,0,0,0,0,0,0,0,0,315.576,62.975,174,264,-0.931,0.104,-0.05,0.005,20,0,0,0,0,0,0,0,0,0,0,0,0,3047

Main.js:462 163.949,343.151,303,303,0.52,-0.794,0.027,-0.042,20,0,0,1,0,0,0,0,236.34,224.878,1.362,-2.097,0,0,0,0,0,0,0,0,314.644,63.079,172.5,261,-0.932,0.105,-0.05,0.007,19,0,0,0,0,0,0,0,0,0,0,0,0,3065

Main.js:462 164.469,342.356,303,303,0.52,-0.794,0.027,-0.042,19,0,0,1,0,0,0,0,237.701,222.781,1.362,-2.097,0,0,0,0,0,0,0,0,313.712,63.186,171,258,-0.932,0.107,-0.049,0.008,18,0,0,0,0,0,0,0,0,0,0,0,0,3082

Main.js:462 164.988,341.562,303,303,0.519,-0.794,0.027,-0.042,18,0,0,1,0,0,0,0,239.063,220.684,1.362,-2.097,0,0,0,0,0,0,0,0,312.779,63.296,169.5,255,-0.932,0.11,-0.049,0.009,17,0,0,0,0,0,0,0,0,0,0,0,0,3097

Main.js:462 165.508,340.767,303,303,0.519,-0.794,0.027,-0.042,17,0,0,1,0,0,0,0,240.424,218.588,1.362,-2.097,0,0,0,0,0,0,0,0,311.847,63.411,168,252,-0.932,0.114,-0.049,0.01,16,0,0,0,0,0,0,0,0,0,0,0,0,3114

Main.js:462 166.027,339.973,303,303,0.519,-0.795,0.027,-0.042,16,0,0,1,0,0,0,0,241.786,216.491,1.362,-2.097,0,0,0,0,0,0,0,0,310.915,63.53,166.5,249,-0.932,0.12,-0.049,0.012,15,0,0,0,0,0,0,0,0,0,0,0,0,3131

Main.js:462 166.546,339.178,303,303,0.519,-0.795,0.027,-0.042,15,0,0,1,0,0,0,0,243.148,214.394,1.362,-2.097,0,0,0,0,0,0,0,0,309.984,63.656,165,246,-0.931,0.126,-0.048,0.013,14,0,0,0,0,0,0,0,0,0,0,0,0,3147

Main.js:462 167.065,338.383,303,303,0.519,-0.795,0.027,-0.042,14,0,0,1,0,0,0,0,244.509,212.298,1.362,-2.097,0,0,0,0,0,0,0,0,309.054,63.79,163.5,243,-0.93,0.133,-0.048,0.014,13,0,0,0,0,0,0,0,0,0,0,0,0,3165

Main.js:462 167.585,337.589,304.5,304.5,0.52,-0.794,0.028,-0.041,13,0,1,1,0,0,0,0,245.871,210.201,1.362,-2.097,0,0,0,0,0,0,0,0,308.125,63.931,162,240,-0.929,0.141,-0.048,0.015,12,0,0,0,0,0,0,0,0,0,0,0,0,3184

Main.js:462 168.107,336.796,306,306,0.522,-0.793,0.029,-0.04,12,0,1,1,0,0,0,0,247.232,208.104,1.362,-2.097,0,0,0,0,0,0,0,0,307.198,64.081,160.5,237,-0.927,0.15,-0.047,0.017,11,0,0,0,0,0,0,0,0,0,0,0,0,3196

Main.js:462 168.632,336.005,307.5,307.5,0.525,-0.791,0.03,-0.04,11,0,1,1,0,0,0,0,248.594,206.008,1.362,-2.097,0,0,0,0,0,0,0,0,306.273,64.241,159,234,-0.925,0.16,-0.047,0.018,10,0,0,0,0,0,0,0,0,0,0,0,0,3214

Main.js:462 169.16,335.217,309,309,0.528,-0.788,0.031,-0.039,10,0,1,1,0,0,0,0,249.956,203.911,1.362,-2.097,0,0,0,0,0,0,0,0,305.35,64.411,157.5,231,-0.923,0.17,-0.046,0.019,9,0,0,0,0,0,0,0,0,0,0,0,0,3231

Main.js:462 169.693,334.432,310.5,310.5,0.533,-0.785,0.032,-0.038,9,0,1,1,0,0,0,0,251.317,201.814,1.362,-2.097,0,0,0,0,0,0,0,0,304.43,64.591,156,228,-0.92,0.181,-0.046,0.02,8,0,0,0,0,0,0,0,0,0,0,0,0,3249

Main.js:462 170.231,333.651,312,312,0.538,-0.781,0.033,-0.037,8,0,1,1,0,0,0,0,252.679,199.718,1.362,-2.097,0,0,0,0,0,0,0,0,303.513,64.783,154.5,225,-0.917,0.192,-0.045,0.022,7,0,0,0,0,0,0,0,0,0,0,0,0,3264

Main.js:462 170.775,332.874,313.5,313.5,0.544,-0.776,0.034,-0.036,7,0,1,1,0,0,0,0,254.04,197.621,1.362,-2.097,0,0,0,0,0,0,0,0,302.6,64.987,153,222,-0.913,0.204,-0.045,0.023,6,0,0,0,0,0,0,0,0,0,0,0,0,3281

Main.js:462 171.325,332.103,315,315,0.55,-0.771,0.035,-0.035,6,0,1,1,0,0,0,0,255.402,195.524,1.362,-2.097,0,0,0,0,0,0,0,0,301.691,65.204,151.5,219,-0.909,0.216,-0.044,0.024,5,0,0,0,0,0,0,0,0,0,0,0,0,3296

Main.js:462 171.882,331.337,316.5,316.5,0.557,-0.765,0.036,-0.034,5,0,1,1,0,0,0,0,256.764,193.427,1.362,-2.097,0,0,0,0,0,0,0,0,300.786,65.433,150,216,-0.905,0.229,-0.043,0.025,4,0,0,0,0,0,0,0,0,0,0,0,0,3327

Main.js:462 172.446,330.579,318,318,0.565,-0.759,0.037,-0.033,4,0,1,1,0,0,0,0,258.125,191.331,1.362,-2.097,0,0,0,0,0,0,0,0,299.885,65.676,148.5,213,-0.9,0.243,-0.043,0.026,3,0,0,0,0,0,0,0,0,0,0,0,0,3346

Main.js:462 173.019,329.827,319.5,319.5,0.572,-0.752,0.038,-0.032,3,0,1,1,0,0,0,0,259.487,189.234,1.362,-2.097,0,0,0,0,0,0,0,0,298.99,65.932,147,210,-0.895,0.256,-0.042,0.027,2,0,0,0,0,0,0,0,0,0,0,0,0,3365

Main.js:462 173.6,329.083,321,321,0.581,-0.744,0.039,-0.031,2,0,1,1,0,0,0,0,260.848,187.137,1.362,-2.097,0,0,0,0,0,0,0,0,298.101,66.203,145.5,207,-0.89,0.271,-0.041,0.028,1,0,0,0,0,0,0,0,0,0,0,0,0,3381

Main.js:462 174.189,328.347,322.5,322.5,0.589,-0.736,0.04,-0.03,1,0,1,1,0,0,0,0,262.21,185.041,1.362,-2.097,0,0,0,0,0,0,0,0,297.217,66.488,144,204,-0.883,0.285,-0.04,0.029,0,0,0,0,0,0,0,0,0,0,0,0,0,3397

Main.js:462 174.787,327.62,324,324,0.598,-0.727,0.04,-0.029,0,0,1,1,0,0,0,0,263.572,182.944,1.362,-2.097,0,0,0,0,0,0,0,0,296.34,66.788,142.5,201,-0.877,0.3,-0.04,0.03,99,0,0,0,0,0,0,0,0,0,0,0,0,3414

Main.js:462 175.395,326.902,325.5,325.5,0.608,-0.718,0.041,-0.028,0,0,1,1,0,0,0,0,264.933,180.847,1.362,-2.097,0,0,0,0,0,0,0,0,295.47,67.102,141,198,-0.87,0.315,-0.039,0.031,98,275.278,58.066,-2.334,-0.896,0,0,0,0,0,0,0,0,3431

Main.js:462 176.012,326.195,327,327,0.617,-0.708,0.042,-0.027,0,0,1,1,0,0,0,0,266.295,178.751,1.362,-2.097,0,0,0,0,0,0,0,0,294.607,67.432,139.5,195,-0.863,0.33,-0.038,0.032,97,272.944,57.17,-2.334,-0.896,0,0,0,0,0,0,0,0,3448

Main.js:462 176.638,325.498,328.5,328.5,0.627,-0.697,0.043,-0.026,0,0,1,1,0,0,0,0,267.656,176.654,1.362,-2.097,0,0,0,0,0,0,0,0,293.752,67.777,138,192,-0.855,0.345,-0.037,0.033,96,270.61,56.274,-2.334,-0.896,0,0,0,0,0,0,0,0,3464

Main.js:462 177.275,324.812,330,330,0.636,-0.686,0.043,-0.025,0,0,1,1,0,0,0,0,269.018,174.557,1.362,-2.097,0,0,0,0,0,0,0,0,292.906,68.137,136.5,189,-0.847,0.36,-0.036,0.034,95,268.276,55.379,-2.334,-0.896,0,0,0,0,0,0,0,0,3481

Main.js:462 177.921,324.137,330,330,0.646,-0.675,0.043,-0.025,0,0,0,1,0,0,0,0,270.38,172.461,1.362,-2.097,0,0,0,0,0,0,0,0,292.068,68.513,135,186,-0.838,0.376,-0.035,0.035,94,265.942,54.483,-2.334,-0.896,0,0,0,0,0,0,0,0,3498

Main.js:462 178.575,323.471,330,330,0.655,-0.665,0.043,-0.025,0,0,0,1,0,0,0,0,271.741,170.364,1.362,-2.097,0,0,0,0,0,0,0,0,291.239,68.905,133.5,183,-0.829,0.392,-0.034,0.036,93,263.608,53.587,-2.334,-0.896,0,0,0,0,0,0,0,0,3514

Main.js:462 179.238,322.816,330,330,0.663,-0.656,0.043,-0.025,0,0,0,1,0,0,0,0,273.103,168.267,1.362,-2.097,0,0,0,0,0,0,0,0,290.42,69.312,132,180,-0.819,0.407,-0.033,0.037,92,261.274,52.691,-2.334,-0.896,0,0,0,0,0,0,0,0,3531

Main.js:462 179.909,322.169,330,330,0.671,-0.647,0.043,-0.025,0,0,0,1,0,0,0,0,274.464,166.171,1.362,-2.097,0,0,0,0,0,0,0,0,289.612,69.735,130.5,177,-0.809,0.423,-0.032,0.038,91,258.94,51.795,-2.334,-0.896,0,0,0,0,0,0,0,0,3547

Main.js:462 180.588,321.531,330,330,0.679,-0.638,0.043,-0.025,0,0,0,1,0,0,0,0,275.826,164.074,1.362,-2.097,0,0,0,0,0,0,0,0,288.813,70.174,129,174,-0.798,0.439,-0.031,0.039,90,256.606,50.899,-2.334,-0.896,0,0,0,0,0,0,0,0,3563

Main.js:462 181.274,320.901,330,330,0.686,-0.63,0.043,-0.025,0,0,0,1,0,0,0,0,277.188,161.977,1.362,-2.097,0,0,0,0,0,0,0,0,288.026,70.629,127.5,171,-0.787,0.455,-0.03,0.04,89,254.272,50.003,-2.334,-0.896,0,0,0,0,0,0,0,0,3580

Main.js:462 181.967,320.279,330,330,0.693,-0.622,0.043,-0.025,0,0,0,1,0,0,0,0,278.549,159.881,1.362,-2.097,0,0,0,0,0,0,0,0,287.25,71.099,126,168,-0.776,0.47,-0.029,0.04,88,251.938,49.107,-2.334,-0.896,0,0,0,0,0,0,0,0,3598

Main.js:462 182.666,319.664,330,330,0.699,-0.615,0.043,-0.025,0,0,0,1,0,0,0,0,279.911,157.784,1.362,-2.097,0,0,0,0,0,0,0,0,286.486,71.585,124.5,165,-0.764,0.486,-0.028,0.041,87,249.604,48.211,-2.334,-0.896,0,0,0,0,0,0,0,0,3614

Main.js:462 183.371,319.056,330,330,0.705,-0.608,0.043,-0.025,0,0,0,1,0,0,0,0,281.272,155.687,1.362,-2.097,0,0,0,0,0,0,0,0,285.734,72.086,123,162,-0.752,0.501,-0.027,0.042,86,247.27,47.315,-2.334,-0.896,0,0,0,0,0,0,0,0,3631

Main.js:462 184.082,318.455,330,330,0.711,-0.601,0.043,-0.025,0,0,0,1,0,0,0,0,282.634,153.591,1.362,-2.097,0,0,0,0,0,0,0,0,284.996,72.603,121.5,159,-0.739,0.517,-0.026,0.043,85,244.937,46.419,-2.334,-0.896,0,0,0,0,0,0,0,0,3649

Main.js:462 184.799,317.86,330,330,0.717,-0.595,0.043,-0.025,0,0,0,1,0,0,0,0,283.996,151.494,1.362,-2.097,0,0,0,0,0,0,0,0,284.27,73.136,120,156,-0.726,0.532,-0.025,0.043,84,242.603,45.523,-2.334,-0.896,0,0,0,0,0,0,0,0,3664

Main.js:462 185.521,317.271,330,330,0.722,-0.589,0.043,-0.025,0,0,0,1,0,0,0,0,285.357,149.397,1.362,-2.097,0,0,0,0,0,0,0,0,283.558,73.683,118.5,153,-0.712,0.547,-0.024,0.044,83,240.269,44.628,-2.334,-0.896,0,0,0,0,0,0,0,0,3681

Main.js:462 186.248,316.687,330,330,0.727,-0.583,0.043,-0.025,0,0,0,1,0,0,0,0,286.719,147.301,1.362,-2.097,0,0,0,0,0,0,0,0,282.86,74.245,117,150,-0.698,0.562,-0.023,0.045,82,237.935,43.732,-2.334,-0.896,0,0,0,0,0,0,0,0,3698

Main.js:462 186.98,316.11,330,330,0.732,-0.578,0.043,-0.025,0,0,0,1,0,0,0,0,288.08,145.204,1.362,-2.097,0,0,0,0,0,0,0,0,282.176,74.822,115.5,147,-0.684,0.577,-0.022,0.045,81,235.601,42.836,-2.334,-0.896,0,0,0,0,0,0,0,0,3713

Main.js:462 187.717,315.537,330,330,0.736,-0.573,0.043,-0.025,0,0,0,1,0,0,0,0,289.442,143.107,1.362,-2.097,0,0,0,0,0,0,0,0,281.507,75.414,114,144,-0.669,0.592,-0.02,0.046,80,233.267,41.94,-2.334,-0.896,0,0,0,0,0,0,0,0,3732

Main.js:462 188.457,314.969,330,330,0.741,-0.568,0.043,-0.025,0,0,0,1,0,0,0,0,290.804,141.011,1.362,-2.097,0,0,0,0,0,0,0,0,280.854,76.02,112.5,141,-0.653,0.606,-0.019,0.046,79,230.933,41.044,-2.334,-0.896,0,0,0,0,0,0,0,0,3748

Main.js:462 189.202,314.405,328.5,328.5,0.744,-0.564,0.043,-0.026,0,1,0,1,0,0,0,0,292.165,138.914,1.362,-2.097,0,0,0,0,0,0,0,0,280.216,76.64,111,138,-0.638,0.62,-0.018,0.047,78,228.599,40.148,-2.334,-0.896,0,0,0,0,0,0,0,0,3764

Main.js:462 189.948,313.843,327,327,0.747,-0.562,0.042,-0.027,0,1,0,1,0,0,0,0,293.527,136.817,1.362,-2.097,0,0,0,0,0,0,0,0,279.594,77.273,109.5,135,-0.622,0.634,-0.017,0.047,77,226.265,39.252,-2.334,-0.896,0,0,0,0,0,0,0,0,3780

Main.js:462 190.697,313.282,325.5,325.5,0.749,-0.561,0.041,-0.028,0,1,0,1,0,0,0,0,294.888,134.721,1.362,-2.097,0,0,0,0,0,0,0,0,278.989,77.92,108,132,-0.605,0.647,-0.015,0.048,76,223.931,38.356,-2.334,-0.896,0,0,0,0,0,0,0,0,3798

Main.js:462 191.447,312.722,324,324,0.75,-0.561,0.04,-0.029,0,1,0,1,0,0,0,0,296.25,132.624,1.362,-2.097,0,0,0,0,0,0,0,0,278.4,78.581,106.5,129,-0.589,0.66,-0.014,0.048,75,221.597,37.46,-2.334,-0.896,0,0,0,0,0,0,0,0,3814

Main.js:462 192.196,312.16,322.5,322.5,0.75,-0.561,0.04,-0.03,0,1,0,1,0,0,0,0,297.612,130.527,1.362,-2.097,0,0,0,0,0,0,0,0,277.829,79.254,105,126,-0.571,0.673,-0.013,0.048,74,219.263,36.564,-2.334,-0.896,0,0,0,0,0,0,0,0,3831

Main.js:462 192.946,311.597,321,321,0.749,-0.563,0.039,-0.031,0,1,0,1,0,0,0,0,298.973,128.431,1.362,-2.097,0,0,0,0,0,0,0,0,277.275,79.94,103.5,123,-0.554,0.686,-0.012,0.049,73,216.929,35.668,-2.334,-0.896,0,0,0,0,0,0,0,0,3848

Main.js:462 193.694,311.031,319.5,319.5,0.748,-0.566,0.038,-0.032,0,1,0,1,0,0,0,0,300.335,126.334,1.362,-2.097,0,0,0,0,0,0,0,0,276.739,80.638,102,120,-0.536,0.698,-0.01,0.049,72,214.595,34.772,-2.334,-0.896,0,0,0,0,0,0,0,0,3865

Main.js:462 194.44,310.462,318,318,0.746,-0.569,0.037,-0.033,0,1,0,1,0,0,0,0,301.696,124.237,1.362,-2.097,0,0,0,0,0,0,0,0,276.221,81.348,100.5,117,-0.518,0.71,-0.009,0.049,71,212.261,33.876,-2.334,-0.896,0,0,0,0,0,0,0,0,3880

Main.js:462 195.183,309.889,318,318,0.744,-0.573,0.037,-0.033,0,0,0,1,0,0,0,0,303.058,122.14,1.362,-2.097,0,0,0,0,0,0,0,0,275.721,82.069,99,114,-0.5,0.721,-0.008,0.049,70,209.927,32.981,-2.334,-0.896,0,0,0,0,0,0,0,0,3898

Main.js:462 195.925,309.313,318,318,0.742,-0.576,0.037,-0.033,0,0,0,1,0,0,0,0,304.42,120.044,1.362,-2.097,0,0,0,0,0,0,0,0,275.24,82.801,97.5,111,-0.481,0.732,-0.007,0.05,69,207.593,32.085,-2.334,-0.896,0,0,0,0,0,0,0,0,3915

Main.js:462 196.665,308.734,318,318,0.74,-0.579,0.037,-0.033,0,0,0,1,0,0,0,0,305.781,117.947,1.362,-2.097,0,0,0,0,0,0,0,0,274.779,83.544,96,108,-0.462,0.743,-0.005,0.05,68,205.259,31.189,-2.334,-0.896,0,0,0,0,0,0,0,0,3931

Main.js:462 197.404,308.152,318,318,0.738,-0.582,0.037,-0.033,0,0,0,1,0,0,0,0,307.143,115.85,1.362,-2.097,0,0,0,0,0,0,0,0,274.336,84.297,94.5,105,-0.442,0.753,-0.004,0.05,67,202.925,30.293,-2.334,-0.896,0,0,0,0,0,0,0,0,3947

Main.js:462 198.141,307.568,318,318,0.737,-0.584,0.037,-0.033,0,0,0,1,0,0,0,0,308.504,113.754,1.362,-2.097,0,0,0,0,0,0,0,0,273.914,85.06,93,102,-0.423,0.763,-0.003,0.05,66,200.591,29.397,-2.334,-0.896,0,0,0,0,0,0,0,0,3963

Main.js:462 198.875,306.98,316.5,316.5,0.734,-0.588,0.036,-0.034,0,1,0,1,0,0,0,0,309.866,111.657,1.362,-2.097,0,0,0,0,0,0,0,0,273.511,85.832,91.5,99,-0.403,0.772,-0.001,0.05,65,198.258,28.501,-2.334,-0.896,0,0,0,0,0,0,0,0,3981

Main.js:462 199.606,306.388,315,315,0.731,-0.592,0.035,-0.035,0,1,0,1,0,0,0,0,311.228,109.56,1.362,-2.097,0,0,0,0,0,0,0,0,273.128,86.613,90,96,-0.383,0.781,0,0.05,64,195.924,27.605,-2.334,-0.896,0,0,0,0,0,0,0,0,3998

Main.js:462 200.334,305.791,313.5,313.5,0.727,-0.597,0.034,-0.036,0,1,0,1,0,0,0,0,312.589,107.464,1.362,-2.097,0,0,0,0,0,0,0,0,272.766,87.403,88.5,93,-0.362,0.79,0.001,0.05,63,193.59,26.709,-2.334,-0.896,0,0,0,0,0,0,0,0,4014

Main.js:462 201.057,305.188,312,312,0.723,-0.602,0.033,-0.037,0,1,0,1,0,0,0,0,313.951,105.367,1.362,-2.097,0,0,0,0,0,0,0,0,272.422,88.2,90,93,-0.344,0.798,0,0.05,62,191.256,25.813,-2.334,-0.896,0,0,0,0,0,0,0,0,4032

Main.js:462 201.774,304.58,310.5,310.5,0.718,-0.608,0.032,-0.038,0,1,0,1,0,0,0,0,315.312,103.27,1.362,-2.097,0,0,0,0,0,0,0,0,272.094,89.005,91.5,93,-0.328,0.805,-0.001,0.05,61,188.922,24.917,-2.334,-0.896,0,0,0,0,0,0,0,0,4048

Main.js:462 202.486,303.965,309,309,0.712,-0.615,0.031,-0.039,0,1,0,1,0,0,0,0,316.674,101.174,1.362,-2.097,0,0,0,0,0,0,0,0,271.779,89.817,93,93,-0.314,0.812,-0.003,0.05,60,186.588,24.021,-2.334,-0.896,0,0,0,0,0,0,0,0,4064

Main.js:462 203.191,303.343,307.5,307.5,0.705,-0.622,0.03,-0.04,0,1,0,1,0,0,0,0,318.036,99.077,1.362,-2.097,0,0,0,0,0,0,0,0,271.477,90.637,94.5,93,-0.302,0.819,-0.004,0.05,59,184.254,23.125,-2.334,-0.896,0,0,0,0,0,0,0,0,4081

Main.js:462 203.888,302.714,306,306,0.698,-0.629,0.029,-0.04,0,1,0,1,0,0,0,0,319.397,96.98,1.362,-2.097,0,0,0,0,0,0,0,0,271.185,91.462,96,93,-0.292,0.825,-0.005,0.05,58,181.92,22.23,-2.334,-0.896,0,0,0,0,0,0,0,0,4097

Main.js:462 204.578,302.077,304.5,304.5,0.69,-0.637,0.028,-0.041,99,1,0,1,0,1,0,0,320.759,94.884,1.362,-2.097,0,0,0,0,0,0,0,0,270.901,92.293,97.5,93,-0.284,0.831,-0.007,0.05,57,179.586,21.334,-2.334,-0.896,0,0,0,0,0,0,0,0,4113

Main.js:462 205.233,301.472,303,303,0.655,-0.605,0,0,98,1,0,0,0,1,0,0,322.12,92.787,1.362,-2.097,217.199,283.347,1.416,-2.06,0,0,0,0,270.624,93.13,99,93,-0.277,0.837,-0.008,0.049,56,177.252,20.438,-2.334,-0.896,0,0,0,0,0,0,0,0,4131

Main.js:462 205.855,300.897,301.5,301.5,0.622,-0.575,0,0,97,1,0,0,0,1,0,0,323.482,90.69,1.362,-2.097,218.615,281.287,1.416,-2.06,0,0,0,0,270.352,93.971,100.5,93,-0.272,0.841,-0.009,0.049,55,174.918,19.542,-2.334,-0.896,0,0,0,0,0,0,0,0,4149

Main.js:462 206.447,300.351,300,300,0.591,-0.546,0,0,96,1,0,0,0,1,0,0,324.844,88.594,1.362,-2.097,220.031,279.227,1.416,-2.06,0,0,0,0,270.084,94.817,102,93,-0.268,0.846,-0.01,0.049,54,172.584,18.646,-2.334,-0.896,0,0,0,0,0,0,0,0,4163

Main.js:462 207.008,299.833,298.5,298.5,0.562,-0.519,0,0,95,1,0,0,0,1,0,0,326.205,86.497,1.362,-2.097,221.447,277.166,1.416,-2.06,0,0,0,0,269.819,95.666,103.5,93,-0.266,0.85,-0.012,0.049,53,170.25,17.75,-2.334,-0.896,0,0,0,0,0,0,0,0,4180

Main.js:462 207.542,299.34,298.5,298.5,0.534,-0.493,0,0,94,0,0,0,0,1,0,0,327.567,84.4,1.362,-2.097,222.863,275.106,1.416,-2.06,0,0,0,0,269.554,96.52,105,93,-0.265,0.853,-0.013,0.048,52,167.916,16.854,-2.334,-0.896,0,0,0,0,0,0,0,0,4197

Main.js:462 208.049,298.872,298.5,298.5,0.507,-0.468,0,0,93,0,0,0,0,0,0,0,328.928,82.304,1.362,-2.097,224.279,273.046,1.416,-2.06,0,0,0,0,269.289,97.376,106.5,93,-0.265,0.856,-0.014,0.048,51,165.582,15.958,-2.334,-0.896,0,0,0,0,0,0,0,0,4214

Main.js:462 208.53,298.427,298.5,298.5,0.482,-0.445,0,0,92,0,0,0,0,0,0,0,330.29,80.207,1.362,-2.097,225.695,270.985,1.416,-2.06,0,0,0,0,269.022,98.234,108,93,-0.266,0.858,-0.015,0.048,50,163.248,15.062,-2.334,-0.896,0,0,0,0,0,0,0,0,4231

Main.js:462 208.988,298.005,298.5,298.5,0.457,-0.423,0,0,91,0,0,0,0,0,0,0,331.651,78.11,1.362,-2.097,227.111,268.925,1.416,-2.06,0,0,0,0,268.753,99.094,109.5,93,-0.269,0.86,-0.017,0.047,49,160.914,14.166,-2.334,-0.896,0,0,0,0,0,0,0,0,4248

Main.js:462 209.422,297.603,298.5,298.5,0.435,-0.401,0,0,90,0,0,0,0,0,0,0,333.013,76.014,1.362,-2.097,228.527,266.865,1.416,-2.06,0,0,0,0,268.481,99.956,111,93,-0.273,0.862,-0.018,0.047,48,158.58,13.27,-2.334,-0.896,0,0,0,0,0,0,0,0,4263

Main.js:462 209.835,297.222,298.5,298.5,0.413,-0.381,0,0,89,0,0,0,0,0,0,0,334.375,73.917,1.362,-2.097,229.943,264.804,1.416,-2.06,0,0,0,0,268.204,100.818,112.5,93,-0.277,0.862,-0.019,0.046,47,156.246,12.374,-2.334,-0.896,0,0,0,0,0,0,0,0,4280

Main.js:462 210.228,296.86,298.5,298.5,0.392,-0.362,0,0,88,0,0,0,0,1,0,0,335.736,71.82,1.362,-2.097,231.359,262.744,1.416,-2.06,0,0,0,0,267.921,101.681,114,93,-0.283,0.863,-0.02,0.046,46,153.912,11.478,-2.334,-0.896,0,0,0,0,0,0,0,0,4297

Main.js:462 210.6,296.515,298.5,298.5,0.373,-0.344,0,0,87,0,0,0,0,1,0,0,337.098,69.724,1.362,-2.097,232.775,260.684,1.416,-2.06,0,0,0,0,267.632,102.543,115.5,93,-0.289,0.862,-0.022,0.045,45,151.578,10.583,-2.334,-0.896,0,0,0,0,0,0,0,0,4318

Main.js:462 210.954,296.189,298.5,298.5,0.354,-0.327,0,0,86,0,0,0,0,1,0,0,338.459,67.627,1.362,-2.097,234.191,258.623,1.416,-2.06,0,0,0,0,267.336,103.405,117,93,-0.296,0.862,-0.023,0.045,44,149.245,9.687,-2.334,-0.896,0,0,0,0,0,0,0,0,4347

Main.js:462 211.291,295.878,298.5,298.5,0.336,-0.311,0,0,85,0,0,0,0,1,0,0,339.821,65.53,1.362,-2.097,235.607,256.563,1.416,-2.06,0,0,0,0,267.032,104.265,118.5,93,-0.304,0.86,-0.024,0.044,43,146.911,8.791,-2.334,-0.896,0,0,0,0,0,0,0,0,4365

Main.js:462 211.61,295.583,298.5,298.5,0.319,-0.295,0,0,84,0,0,0,0,0,0,0,341.183,63.434,1.362,-2.097,237.023,254.503,1.416,-2.06,0,0,0,0,266.72,105.123,120,93,-0.312,0.858,-0.025,0.043,42,144.577,7.895,-2.334,-0.896,0,0,0,0,0,0,0,0,4381

Main.js:462 211.913,295.303,298.5,298.5,0.304,-0.28,0,0,83,0,0,0,0,0,0,0,342.544,61.337,1.362,-2.097,238.439,252.442,1.416,-2.06,0,0,0,0,266.398,105.979,121.5,93,-0.322,0.856,-0.026,0.043,41,142.243,6.999,-2.334,-0.896,0,0,0,0,0,0,0,0,4397

Main.js:462 212.202,295.036,298.5,298.5,0.288,-0.266,0,0,82,0,0,0,0,0,0,0,343.906,59.24,1.362,-2.097,239.855,250.382,1.416,-2.06,0,0,0,0,266.067,106.832,123,93,-0.331,0.853,-0.027,0.042,40,139.909,6.103,-2.334,-0.896,0,0,0,0,0,0,0,0,4413

Main.js:462 212.476,294.783,298.5,298.5,0.274,-0.253,0,0,81,0,0,0,0,0,0,0,345.267,57.144,1.362,-2.097,241.271,248.322,1.416,-2.06,0,0,0,0,265.725,107.682,124.5,93,-0.342,0.849,-0.028,0.041,39,137.575,5.207,-2.334,-0.896,0,0,0,0,0,0,0,0,4431

Main.js:462 212.736,294.543,298.5,298.5,0.26,-0.24,0,0,80,0,0,0,0,0,0,0,346.629,55.047,1.362,-2.097,242.687,246.261,1.416,-2.06,0,0,0,0,265.373,108.527,126,93,-0.353,0.845,-0.029,0.04,38,135.241,4.311,-2.334,-0.896,0,0,0,0,0,0,0,0,4448

Main.js:462 212.983,294.315,298.5,298.5,0.247,-0.228,0,0,79,0,0,0,0,1,0,0,347.991,52.95,1.362,-2.097,244.103,244.201,1.416,-2.06,0,0,0,0,265.009,109.368,127.5,93,-0.364,0.841,-0.03,0.04,37,132.907,3.415,-2.334,-0.896,0,0,0,0,0,0,0,0,4465

Main.js:462 213.218,294.098,298.5,298.5,0.235,-0.217,0,0,78,0,0,0,0,1,0,0,349.352,50.853,1.362,-2.097,245.519,242.141,1.416,-2.06,0,0,0,0,264.633,110.204,129,93,-0.376,0.836,-0.031,0.039,36,130.573,2.519,-2.334,-0.896,0,0,0,0,0,0,0,0,4481

Main.js:462 213.441,293.892,298.5,298.5,0.223,-0.206,0,0,77,0,0,0,0,1,0,0,350.714,48.757,1.362,-2.097,246.935,240.081,1.416,-2.06,0,0,0,0,264.245,111.034,130.5,93,-0.388,0.83,-0.032,0.038,35,128.239,1.623,-2.334,-0.896,0,0,0,0,0,0,0,0,4497

Main.js:462 213.653,293.696,298.5,298.5,0.212,-0.196,0,0,76,0,0,0,0,1,0,0,352.075,46.66,1.362,-2.097,248.351,238.02,1.416,-2.06,0,0,0,0,263.845,111.857,132,93,-0.4,0.824,-0.033,0.037,34,125.905,0.727,-2.334,-0.896,0,0,0,0,0,0,0,0,4515

Main.js:462 213.854,293.51,298.5,298.5,0.201,-0.186,0,0,75,0,0,0,0,1,0,0,353.437,44.563,1.362,-2.097,248.351,238.02,1.416,-2.06,0,0,0,0,263.434,112.675,132,91.5,-0.412,0.818,-0.033,0.037,33,0,0,0,0,0,0,0,0,0,0,0,0,4531

Main.js:462 214.046,293.333,298.5,298.5,0.191,-0.177,0,0,74,0,0,0,0,0,0,0,354.799,42.467,1.362,-2.097,249.767,235.96,1.416,-2.06,0,0,0,0,263.011,113.488,132,90,-0.423,0.812,-0.033,0.037,32,0,0,0,0,0,0,0,0,0,0,0,0,4547

Main.js:462 214.227,293.166,298.5,298.5,0.182,-0.168,0,0,73,0,0,0,0,0,0,0,356.16,40.37,1.362,-2.097,251.183,233.9,1.416,-2.06,0,0,0,0,262.577,114.295,132,88.5,-0.434,0.807,-0.033,0.037,31,0,0,0,0,0,0,0,0,0,0,0,0,4564

Main.js:462 214.4,293.006,298.5,298.5,0.173,-0.159,0,0,72,0,0,0,0,0,0,0,357.522,38.273,1.362,-2.097,252.599,231.839,1.416,-2.06,0,0,0,0,262.133,115.097,132,87,-0.444,0.802,-0.033,0.037,30,0,0,0,0,0,0,0,0,0,0,0,0,4581

Main.js:462 214.564,292.855,298.5,298.5,0.164,-0.151,0,0,71,0,0,0,0,0,0,0,358.883,36.177,1.362,-2.097,254.015,229.779,1.416,-2.06,0,0,0,0,261.68,115.894,132,85.5,-0.453,0.797,-0.033,0.037,29,0,0,0,0,0,0,0,0,0,0,0,0,4596

Main.js:462 214.72,292.711,298.5,298.5,0.156,-0.144,0,0,70,0,0,0,0,0,0,0,360.245,34.08,1.362,-2.097,255.431,227.719,1.416,-2.06,0,0,0,0,261.217,116.687,132,84,-0.462,0.793,-0.033,0.037,28,0,0,0,0,0,0,0,0,0,0,0,0,4614

Main.js:462 214.868,292.574,298.5,298.5,0.148,-0.137,0,0,69,0,0,0,0,1,0,0,361.607,31.983,1.362,-2.097,256.847,225.658,1.416,-2.06,0,0,0,0,260.746,117.475,132,82.5,-0.471,0.788,-0.033,0.037,27,0,0,0,0,0,0,0,0,0,0,0,0,4630

Main.js:462 215.009,292.444,298.5,298.5,0.141,-0.13,0,0,68,0,0,0,0,1,0,0,362.968,29.887,1.362,-2.097,258.263,223.598,1.416,-2.06,0,0,0,0,260.267,118.259,132,81,-0.479,0.784,-0.033,0.037,26,0,0,0,0,0,0,0,0,0,0,0,0,4648

Main.js:462 215.142,292.321,298.5,298.5,0.134,-0.123,0,0,67,0,0,0,0,1,0,0,364.33,27.79,1.362,-2.097,259.679,221.538,1.416,-2.06,0,0,0,0,259.78,119.039,132,79.5,-0.487,0.78,-0.033,0.037,25,0,0,0,0,0,0,0,0,0,0,0,0,4665

Main.js:462 215.269,292.204,298.5,298.5,0.127,-0.117,0,0,66,0,0,0,0,1,0,0,365.691,25.693,1.362,-2.097,261.095,219.477,1.416,-2.06,0,0,0,0,259.285,119.816,132,78,-0.495,0.777,-0.033,0.037,24,0,0,0,0,0,0,0,0,0,0,0,0,4681

Main.js:462 215.39,292.092,298.5,298.5,0.121,-0.111,0,0,65,0,0,0,0,1,0,0,367.053,23.597,1.362,-2.097,262.511,217.417,1.416,-2.06,0,0,0,0,258.784,120.589,132,76.5,-0.502,0.773,-0.033,0.037,23,0,0,0,0,0,0,0,0,0,0,0,0,4697

Main.js:462 215.504,291.987,298.5,298.5,0.115,-0.106,0,0,64,0,0,0,0,1,0,0,368.415,21.5,1.362,-2.097,263.927,215.357,1.416,-2.06,0,0,0,0,258.275,121.359,132,75,-0.508,0.77,-0.033,0.037,22,0,0,0,0,0,0,0,0,0,0,0,0,4715

Main.js:462 215.613,291.886,298.5,298.5,0.109,-0.1,0,0,63,0,0,0,0,0,0,0,369.776,19.403,1.362,-2.097,265.343,213.296,1.416,-2.06,0,0,0,0,257.76,122.125,132,73.5,-0.515,0.766,-0.033,0.037,21,0,0,0,0,0,0,0,0,0,0,0,0,4730

Main.js:462 215.716,291.791,298.5,298.5,0.103,-0.095,0,0,62,0,0,0,0,0,0,0,371.138,17.307,1.362,-2.097,266.759,211.236,1.416,-2.06,0,0,0,0,257.24,122.889,132,72,-0.521,0.763,-0.033,0.037,20,0,0,0,0,0,0,0,0,0,0,0,0,4747

Main.js:462 215.837,291.658,298.5,298.5,0.121,-0.132,0.024,-0.044,61,0,0,1,0,0,0,0,372.499,15.21,1.362,-2.097,268.175,209.176,1.416,-2.06,0,0,0,0,256.713,123.649,132,70.5,-0.527,0.761,-0.033,0.037,19,0,0,0,0,0,0,0,0,0,0,0,0,4764

Main.js:462 215.974,291.49,297,297,0.136,-0.168,0.023,-0.045,60,1,0,1,0,0,0,0,373.861,13.113,1.362,-2.097,269.591,207.116,1.416,-2.06,0,0,0,0,256.181,124.407,132,69,-0.532,0.758,-0.033,0.037,18,0,0,0,0,0,0,0,0,0,0,0,0,4781

Main.js:462 216.124,291.287,295.5,295.5,0.15,-0.203,0.022,-0.045,59,1,0,1,0,0,0,0,375.223,11.017,1.362,-2.097,271.007,205.055,1.416,-2.06,0,0,0,0,255.644,125.162,132,67.5,-0.537,0.755,-0.033,0.037,17,0,0,0,0,0,0,0,0,0,0,0,0,4797

Main.js:462 216.285,291.052,294,294,0.162,-0.236,0.02,-0.046,58,1,0,1,0,1,0,0,376.584,8.92,1.362,-2.097,272.423,202.995,1.416,-2.06,0,0,0,0,255.102,125.915,132,66,-0.542,0.753,-0.033,0.037,16,0,0,0,0,0,0,0,0,0,0,0,0,4813

Main.js:462 216.439,290.828,292.5,292.5,0.154,-0.224,0,0,57,1,0,0,0,1,0,0,377.946,6.823,1.362,-2.097,273.839,200.935,1.416,-2.06,0,0,0,0,254.555,126.666,132,64.5,-0.547,0.75,-0.033,0.037,15,0,0,0,0,0,0,0,0,0,0,0,0,4831

Main.js:462 216.585,290.615,291,291,0.146,-0.213,0,0,56,1,0,0,0,1,0,0,379.307,4.727,1.362,-2.097,275.255,198.874,1.416,-2.06,0,0,0,0,254.004,127.414,132,63,-0.551,0.748,-0.033,0.037,14,0,0,0,0,0,0,0,0,0,0,0,0,4848

Main.js:462 216.724,290.412,289.5,289.5,0.139,-0.202,0,0,55,1,0,0,0,1,0,0,380.669,2.63,1.362,-2.097,276.671,196.814,1.416,-2.06,0,0,0,0,253.449,128.16,132,61.5,-0.555,0.746,-0.033,0.037,13,0,0,0,0,0,0,0,0,0,0,0,0,4863

Main.js:462 216.856,290.22,289.5,289.5,0.132,-0.192,0,0,54,0,0,0,0,1,0,0,382.031,0.533,1.362,-2.097,278.087,194.754,1.416,-2.06,0,0,0,0,252.889,128.904,132,60,-0.559,0.744,-0.033,0.037,12,0,0,0,0,0,0,0,0,0,0,0,0,4880

Main.js:462 216.981,290.038,289.5,289.5,0.125,-0.183,0,0,53,0,0,0,0,1,0,0,278.087,194.754,1.416,-2.06,0,0,0,0,0,0,0,0,252.326,129.646,132,58.5,-0.563,0.742,-0.033,0.037,11,0,0,0,0,0,0,0,0,0,0,0,0,4897

Main.js:462 217.1,289.864,289.5,289.5,0.119,-0.173,0,0,52,0,0,0,0,0,0,0,279.503,192.693,1.416,-2.06,0,0,0,0,0,0,0,0,251.759,130.387,132,57,-0.567,0.74,-0.033,0.037,10,0,0,0,0,0,0,0,0,0,0,0,0,4913

Main.js:462 217.213,289.7,289.5,289.5,0.113,-0.165,0,0,51,0,0,0,0,0,0,0,280.919,190.633,1.416,-2.06,0,0,0,0,0,0,0,0,251.189,131.125,132,55.5,-0.57,0.739,-0.033,0.037,9,0,0,0,0,0,0,0,0,0,0,0,0,4930

Main.js:462 217.32,289.543,289.5,289.5,0.107,-0.156,0,0,50,0,0,0,0,0,0,0,282.335,188.573,1.416,-2.06,0,0,0,0,0,0,0,0,250.615,131.862,132,54,-0.574,0.737,-0.033,0.037,8,0,0,0,0,0,0,0,0,0,0,0,0,4947

Main.js:462 217.422,289.395,289.5,289.5,0.102,-0.149,0,0,49,0,0,0,0,0,0,0,283.752,186.512,1.416,-2.06,0,0,0,0,0,0,0,0,250.038,132.598,132,52.5,-0.577,0.735,-0.033,0.037,7,0,0,0,0,0,0,0,0,0,0,0,0,4964

Main.js:462 217.519,289.253,289.5,289.5,0.097,-0.141,0,0,48,0,0,0,0,1,0,0,285.168,184.452,1.416,-2.06,0,0,0,0,0,0,0,0,249.459,133.332,132,51,-0.58,0.734,-0.033,0.037,6,0,0,0,0,0,0,0,0,0,0,0,0,4981

Main.js:462 217.611,289.119,289.5,289.5,0.092,-0.134,0,0,47,0,0,0,0,1,0,0,286.584,182.392,1.416,-2.06,0,0,0,0,0,0,0,0,248.876,134.065,132,49.5,-0.582,0.733,-0.033,0.037,5,0,0,0,0,0,0,0,0,0,0,0,0,4997

Main.js:462 217.699,288.992,289.5,289.5,0.087,-0.127,0,0,46,0,0,0,0,1,0,0,288,180.331,1.416,-2.06,0,0,0,0,0,0,0,0,248.291,134.796,132,48,-0.585,0.731,-0.033,0.037,4,0,0,0,0,0,0,0,0,0,0,0,0,5014

Main.js:462 217.782,288.871,289.5,289.5,0.083,-0.121,0,0,45,0,0,0,0,1,0,0,289.416,178.271,1.416,-2.06,0,0,0,0,0,0,0,0,247.705,135.527,130.5,45,-0.587,0.731,-0.032,0.038,3,0,0,0,0,0,0,0,0,0,0,0,0,5031

Main.js:462 217.861,288.756,289.5,289.5,0.079,-0.115,0,0,44,0,0,0,0,1,0,0,290.832,176.211,1.416,-2.06,0,0,0,0,0,0,0,0,247.117,136.258,129,42,-0.587,0.731,-0.031,0.039,2,0,0,0,0,0,0,0,0,0,0,0,0,5047

Main.js:462 217.936,288.646,289.5,289.5,0.075,-0.109,0,0,43,0,0,0,0,1,0,0,292.248,174.15,1.416,-2.06,0,0,0,0,0,0,0,0,246.531,136.99,127.5,39,-0.587,0.732,-0.03,0.04,1,0,0,0,0,0,0,0,0,0,0,0,0,5064

Main.js:462 218.007,288.543,289.5,289.5,0.071,-0.104,0,0,42,0,0,0,0,0,0,0,293.664,172.09,1.416,-2.06,0,0,0,0,0,0,0,0,245.945,137.724,126,36,-0.585,0.734,-0.029,0.04,0,0,0,0,0,0,0,0,0,0,0,0,0,5081

Main.js:462 218.075,288.444,289.5,289.5,0.068,-0.099,0,0,41,0,0,0,0,0,0,0,295.08,170.03,1.416,-2.06,0,0,0,0,0,0,0,0,245.362,138.461,124.5,33,-0.583,0.737,-0.028,0.041,99,0,0,0,0,0,0,0,0,0,0,0,0,5097

Main.js:462 218.139,288.35,289.5,289.5,0.064,-0.094,0,0,40,0,0,0,0,0,0,0,296.496,167.97,1.416,-2.06,0,0,0,0,0,0,0,0,244.782,139.201,123,30,-0.58,0.74,-0.027,0.042,98,265.654,150.523,2.097,1.362,0,0,0,0,0,0,0,0,5114

Main.js:462 218.2,288.261,289.5,289.5,0.061,-0.089,0,0,39,0,0,0,0,0,0,0,297.912,165.909,1.416,-2.06,0,0,0,0,0,0,0,0,244.207,139.944,121.5,27,-0.576,0.743,-0.026,0.043,97,267.751,151.885,2.097,1.362,0,0,0,0,0,0,0,0,5131

Main.js:462 218.258,288.177,288,288,0.058,-0.085,0,0,38,1,0,0,0,1,0,0,299.328,163.849,1.416,-2.06,0,0,0,0,0,0,0,0,243.636,140.691,120,24,-0.571,0.747,-0.025,0.043,96,269.847,153.247,2.097,1.362,0,0,0,0,0,0,0,0,5163

Main.js:462 218.313,288.096,286.5,286.5,0.055,-0.08,0,0,37,1,0,0,0,1,0,0,300.744,161.789,1.416,-2.06,0,0,0,0,0,0,0,0,243.072,141.442,118.5,21,-0.565,0.751,-0.024,0.044,95,271.944,154.608,2.097,1.362,0,0,0,0,0,0,0,0,5180

Main.js:462 218.365,288.02,285,285,0.052,-0.076,0,0,36,1,0,0,0,1,0,0,302.16,159.728,1.416,-2.06,0,0,0,0,0,0,0,0,242.514,142.198,117,18,-0.558,0.756,-0.023,0.045,94,274.041,155.97,2.097,1.362,0,0,0,0,0,0,0,0,5197

Main.js:462 218.415,287.948,283.5,283.5,0.05,-0.072,0,0,35,1,0,0,0,1,0,0,303.576,157.668,1.416,-2.06,0,0,0,0,0,0,0,0,241.963,142.96,115.5,15,-0.551,0.761,-0.022,0.045,93,276.137,157.331,2.097,1.362,0,0,0,0,0,0,0,0,5214

Main.js:462 218.462,287.879,282,282,0.047,-0.069,0,0,34,1,0,0,0,1,0,0,304.992,155.608,1.416,-2.06,0,0,0,0,0,0,0,0,241.421,143.726,114,12,-0.542,0.767,-0.02,0.046,92,278.234,158.693,2.097,1.362,0,0,0,0,0,0,0,0,5231

Main.js:462 218.507,287.813,282,282,0.045,-0.065,0,0,33,0,0,0,0,0,0,0,306.408,153.547,1.416,-2.06,0,0,0,0,0,0,0,0,240.887,144.499,112.5,9,-0.533,0.772,-0.019,0.046,91,280.331,160.055,2.097,1.362,0,0,0,0,0,0,0,0,5247

Main.js:462 218.55,287.751,282,282,0.043,-0.062,0,0,32,0,0,0,0,0,0,0,307.824,151.487,1.416,-2.06,0,0,0,0,0,0,0,0,240.364,145.276,111,6,-0.524,0.778,-0.018,0.047,90,282.427,161.416,2.097,1.362,0,0,0,0,0,0,0,0,5263

Main.js:462 218.59,287.692,282,282,0.041,-0.059,0,0,31,0,0,0,0,0,0,0,309.24,149.427,1.416,-2.06,0,0,0,0,0,0,0,0,239.85,146.06,109.5,3,-0.513,0.784,-0.017,0.047,89,284.524,162.778,2.097,1.362,0,0,0,0,0,0,0,0,5280

Main.js:462 218.629,287.636,282,282,0.038,-0.056,0,0,30,0,0,0,0,0,0,0,310.656,147.366,1.416,-2.06,0,0,0,0,0,0,0,0,239.348,146.85,108,0,-0.502,0.79,-0.015,0.048,88,286.621,164.139,2.097,1.362,0,0,0,0,0,0,0,0,5297

Main.js:462 218.665,287.583,282,282,0.037,-0.053,0,0,29,0,0,0,0,0,0,0,312.072,145.306,1.416,-2.06,0,0,0,0,0,0,0,0,238.857,147.646,106.5,-3,-0.491,0.796,-0.014,0.048,87,288.717,165.501,2.097,1.362,0,0,0,0,0,0,0,0,5315

Main.js:462 218.7,287.532,282,282,0.035,-0.051,0,0,28,0,0,0,0,1,0,0,313.488,143.246,1.416,-2.06,0,0,0,0,0,0,0,0,238.378,148.448,105,-6,-0.479,0.802,-0.013,0.048,86,290.814,166.863,2.097,1.362,0,0,0,0,0,0,0,0,5331

Main.js:462 218.733,287.484,282,282,0.033,-0.048,0,0,27,0,0,0,0,1,0,0,314.904,141.185,1.416,-2.06,0,0,0,0,0,0,0,0,237.913,149.256,103.5,-9,-0.466,0.808,-0.012,0.049,85,292.911,168.224,2.097,1.362,0,0,0,0,0,0,0,0,5347

Main.js:462 218.765,287.438,282,282,0.031,-0.046,0,0,26,0,0,0,0,1,0,0,316.32,139.125,1.416,-2.06,0,0,0,0,0,0,0,0,237.46,150.07,102,-12,-0.452,0.814,-0.01,0.049,84,295.007,169.586,2.097,1.362,0,0,0,0,0,0,0,0,5363

Main.js:462 218.794,287.395,282,282,0.03,-0.043,0,0,25,0,0,0,0,1,0,0,317.736,137.065,1.416,-2.06,0,0,0,0,0,0,0,0,237.022,150.89,100.5,-15,-0.438,0.82,-0.009,0.049,83,297.104,170.947,2.097,1.362,0,0,0,0,0,0,0,0,5380

Main.js:462 218.823,287.354,282,282,0.028,-0.041,0,0,24,0,0,0,0,1,0,0,319.152,135.004,1.416,-2.06,0,0,0,0,0,0,0,0,236.598,151.716,99,-18,-0.424,0.826,-0.008,0.049,82,299.201,172.309,2.097,1.362,0,0,0,0,0,0,0,0,5397

Main.js:462 218.85,287.315,282,282,0.027,-0.039,0,0,23,0,0,0,0,1,0,0,320.568,132.944,1.416,-2.06,0,0,0,0,0,0,0,0,236.189,152.548,97.5,-21,-0.409,0.832,-0.007,0.05,81,301.297,173.671,2.097,1.362,0,0,0,0,0,0,0,0,5414

Main.js:462 218.875,287.277,282,282,0.026,-0.037,0,0,22,0,0,0,0,0,0,0,321.984,130.884,1.416,-2.06,0,0,0,0,0,0,0,0,235.796,153.385,96,-24,-0.393,0.837,-0.005,0.05,80,303.394,175.032,2.097,1.362,0,0,0,0,0,0,0,0,5432

Main.js:462 218.899,287.242,282,282,0.024,-0.035,0,0,21,0,0,0,0,0,0,0,323.4,128.824,1.416,-2.06,0,0,0,0,0,0,0,0,235.418,154.228,94.5,-27,-0.377,0.843,-0.004,0.05,79,305.491,176.394,2.097,1.362,0,0,0,0,0,0,0,0,5447

Main.js:462 218.922,287.208,282,282,0.023,-0.034,0,0,20,0,0,0,0,0,0,0,324.816,126.763,1.416,-2.06,0,0,0,0,0,0,0,0,235.057,155.076,93,-30,-0.361,0.848,-0.003,0.05,78,307.587,177.755,2.097,1.362,0,0,0,0,0,0,0,0,5463

Main.js:462 218.944,287.176,282,282,0.022,-0.032,0,0,19,0,0,0,0,0,0,0,326.232,124.703,1.416,-2.06,0,0,0,0,0,0,0,0,234.713,155.93,91.5,-33,-0.344,0.853,-0.001,0.05,77,309.684,179.117,2.097,1.362,0,0,0,0,0,0,0,0,5480

Main.js:462 218.965,287.146,282,282,0.021,-0.03,0,0,18,0,0,0,0,1,0,0,327.648,122.643,1.416,-2.06,0,0,0,0,0,0,0,0,234.386,156.788,90,-36,-0.327,0.858,0,0.05,76,311.781,180.479,2.097,1.362,0,0,0,0,0,0,0,0,5497

Main.js:462 218.985,287.117,282,282,0.02,-0.029,0,0,17,0,0,0,0,1,0,0,329.064,120.582,1.416,-2.06,0,0,0,0,0,0,0,0,234.077,157.65,88.5,-39,-0.309,0.863,0.001,0.05,75,313.877,181.84,2.097,1.362,0,0,0,0,0,0,0,0,5513

Main.js:462 219.004,287.09,282,282,0.019,-0.027,0,0,16,0,0,0,0,1,0,0,330.48,118.522,1.416,-2.06,0,0,0,0,0,0,0,0,233.785,158.517,87,-42,-0.291,0.867,0.003,0.05,74,315.974,183.202,2.097,1.362,0,0,0,0,0,0,0,0,5532

Main.js:462 219.021,287.064,282,282,0.018,-0.026,0,0,15,0,0,0,0,1,0,0,331.896,116.462,1.416,-2.06,0,0,0,0,0,0,0,0,233.512,159.388,85.5,-45,-0.273,0.871,0.004,0.05,73,318.071,184.563,2.097,1.362,0,0,0,0,0,0,0,0,5548

Main.js:462 219.038,287.039,282,282,0.017,-0.025,0,0,14,0,0,0,0,1,0,0,333.312,114.401,1.416,-2.06,0,0,0,0,0,0,0,0,233.257,160.263,84,-48,-0.255,0.875,0.005,0.05,72,320.168,185.925,2.097,1.362,0,0,0,0,0,0,0,0,5564

Main.js:462 219.054,287.016,282,282,0.016,-0.023,0,0,13,0,0,0,0,1,0,0,334.728,112.341,1.416,-2.06,0,0,0,0,0,0,0,0,233.022,161.141,82.5,-51,-0.236,0.878,0.007,0.05,71,322.264,187.287,2.097,1.362,0,0,0,0,0,0,0,0,5582

Main.js:462 219.07,286.994,282,282,0.015,-0.022,0,0,12,0,0,0,0,0,0,0,336.144,110.281,1.416,-2.06,0,0,0,0,0,0,0,0,232.805,162.022,81,-54,-0.216,0.881,0.008,0.049,70,324.361,188.648,2.097,1.362,0,0,0,0,0,0,0,0,5598

Main.js:462 219.084,286.972,282,282,0.015,-0.021,0,0,11,0,0,0,0,0,0,0,337.56,108.22,1.416,-2.06,0,0,0,0,0,0,0,0,232.608,162.906,79.5,-57,-0.197,0.884,0.009,0.049,69,326.458,190.01,2.097,1.362,0,0,0,0,0,0,0,0,5614

Main.js:462 219.098,286.952,282,282,0.014,-0.02,0,0,10,0,0,0,0,0,0,0,338.976,106.16,1.416,-2.06,0,0,0,0,0,0,0,0,232.431,163.792,78,-60,-0.177,0.886,0.01,0.049,68,328.554,191.371,2.097,1.362,0,0,0,0,0,0,0,0,5631

Main.js:462 219.111,286.933,280.5,280.5,0.013,-0.019,0,0,9,1,0,0,0,0,0,0,340.392,104.1,1.416,-2.06,0,0,0,0,0,0,0,0,232.274,164.68,76.5,-63,-0.157,0.888,0.012,0.049,67,330.651,192.733,2.097,1.362,0,0,0,0,0,0,0,0,5648

Main.js:462 219.124,286.915,279,279,0.012,-0.018,0,0,8,1,0,0,0,1,0,0,341.808,102.039,1.416,-2.06,0,0,0,0,0,0,0,0,232.137,165.569,75,-66,-0.137,0.889,0.013,0.048,66,332.748,194.095,2.097,1.362,0,0,0,0,0,0,0,0,5664

Main.js:462 219.135,286.898,277.5,277.5,0.012,-0.017,0,0,7,1,0,0,0,1,0,0,343.224,99.979,1.416,-2.06,0,0,0,0,0,0,0,0,232.02,166.46,73.5,-69,-0.117,0.89,0.014,0.048,65,334.844,195.456,2.097,1.362,0,0,0,0,0,0,0,0,5681

Main.js:462 219.147,286.881,277.5,277.5,0.011,-0.016,0,0,6,0,0,0,0,1,0,0,344.64,97.919,1.416,-2.06,0,0,0,0,0,0,0,0,231.924,167.351,72,-72,-0.096,0.891,0.015,0.048,64,336.941,196.818,2.097,1.362,0,0,0,0,0,0,0,0,5698

Main.js:462 219.157,286.866,277.5,277.5,0.011,-0.016,0,0,5,0,0,0,0,1,0,0,346.056,95.858,1.416,-2.06,0,0,0,0,0,0,0,0,231.848,168.242,70.5,-75,-0.076,0.891,0.017,0.047,63,339.038,198.179,2.097,1.362,0,0,0,0,0,0,0,0,5713

Main.js:462 219.167,286.851,277.5,277.5,0.01,-0.015,0,0,4,0,0,0,0,1,0,0,347.472,93.798,1.416,-2.06,0,0,0,0,0,0,0,0,231.793,169.133,69,-78,-0.055,0.891,0.018,0.047,62,341.134,199.541,2.097,1.362,0,0,0,0,0,0,0,0,5731

Main.js:462 219.177,286.837,277.5,277.5,0.01,-0.014,0,0,3,0,0,0,0,1,0,0,348.888,91.738,1.416,-2.06,0,0,0,0,0,0,0,0,231.759,170.023,67.5,-81,-0.034,0.89,0.019,0.046,61,343.231,200.903,2.097,1.362,0,0,0,0,0,0,0,0,5748

Main.js:462 219.186,286.824,277.5,277.5,0.009,-0.013,0,0,2,0,0,0,0,0,0,0,350.304,89.678,1.416,-2.06,0,0,0,0,0,0,0,0,231.747,170.913,66,-84,-0.013,0.889,0.02,0.046,60,345.328,202.264,2.097,1.362,0,0,0,0,0,0,0,0,5765

Main.js:462 219.195,286.811,277.5,277.5,0.009,-0.013,0,0,1,0,0,0,0,0,0,0,351.72,87.617,1.416,-2.06,0,0,0,0,0,0,0,0,231.755,171.8,64.5,-87,0.008,0.888,0.022,0.045,59,347.424,203.626,2.097,1.362,0,0,0,0,0,0,0,0,5781

Main.js:462 219.203,286.799,277.5,277.5,0.008,-0.012,0,0,0,0,0,0,0,0,0,0,353.136,85.557,1.416,-2.06,0,0,0,0,0,0,0,0,231.784,172.686,63,-90,0.029,0.886,0.023,0.045,58,349.521,204.987,2.097,1.362,0,0,0,0,0,0,0,0,5830

Main.js:462 219.211,286.788,277.5,277.5,0.008,-0.011,0,0,99,0,0,0,0,1,0,0,354.552,83.497,1.416,-2.06,0,0,0,0,0,0,0,0,231.835,173.569,61.5,-93,0.051,0.883,0.024,0.044,57,351.618,206.349,2.097,1.362,0,0,0,0,0,0,0,0,5847

Main.js:462 219.219,286.777,277.5,277.5,0.007,-0.011,0,0,98,0,0,0,0,1,0,0,355.968,81.436,1.416,-2.06,222.271,263.5,0.326,-2.479,0,0,0,0,231.907,174.449,60,-96,0.072,0.88,0.025,0.043,56,353.714,207.71,2.097,1.362,0,0,0,0,0,0,0,0,5865

Main.js:462 219.226,286.766,277.5,277.5,0.007,-0.01,0,0,97,0,0,0,0,1,0,0,357.384,79.376,1.416,-2.06,222.597,261.021,0.326,-2.479,0,0,0,0,232,175.326,58.5,-99,0.093,0.877,0.026,0.043,55,355.811,209.072,2.097,1.362,0,0,0,0,0,0,0,0,5880

Main.js:462 219.232,286.757,277.5,277.5,0.007,-0.01,0,0,96,0,0,0,0,1,0,0,358.8,77.316,1.416,-2.06,222.923,258.543,0.326,-2.479,0,0,0,0,232.114,176.198,57,-102,0.114,0.873,0.027,0.042,54,357.908,210.434,2.097,1.362,0,0,0,0,0,0,0,0,5898

Main.js:462 219.239,286.747,277.5,277.5,0.006,-0.009,0,0,95,0,0,0,0,1,0,0,360.216,75.255,1.416,-2.06,223.25,256.064,0.326,-2.479,0,0,0,0,232.249,177.067,55.5,-105,0.135,0.868,0.028,0.041,53,360.004,211.795,2.097,1.362,0,0,0,0,0,0,0,0,5914

Main.js:462 219.245,286.738,277.5,277.5,0.006,-0.009,0,0,94,0,0,0,0,1,0,0,361.632,73.195,1.416,-2.06,223.576,253.586,0.326,-2.479,0,0,0,0,232.406,177.93,54,-108,0.157,0.863,0.029,0.04,52,362.101,213.157,2.097,1.362,0,0,0,0,0,0,0,0,5930

Main.js:462 219.251,286.73,277.5,277.5,0.006,-0.008,0,0,93,0,0,0,0,0,0,0,363.048,71.135,1.416,-2.06,223.902,251.107,0.326,-2.479,0,0,0,0,232.584,178.787,52.5,-111,0.178,0.858,0.03,0.04,51,364.198,214.518,2.097,1.362,0,0,0,0,0,0,0,0,5946

Main.js:462 219.256,286.722,277.5,277.5,0.005,-0.008,0,0,92,0,0,0,0,0,0,0,364.464,69.074,1.416,-2.06,224.228,248.628,0.326,-2.479,0,0,0,0,232.782,179.639,51,-114,0.199,0.852,0.031,0.039,50,366.294,215.88,2.097,1.362,0,0,0,0,0,0,0,0,5964

Main.js:462 219.261,286.714,277.5,277.5,0.005,-0.008,0,0,91,0,0,0,0,0,0,0,365.88,67.014,1.416,-2.06,224.555,246.15,0.326,-2.479,0,0,0,0,233.002,180.484,49.5,-117,0.22,0.845,0.032,0.038,49,368.391,217.242,2.097,1.362,0,0,0,0,0,0,0,0,5981

Main.js:462 219.266,286.707,277.5,277.5,0.005,-0.007,0,0,90,0,0,0,0,0,0,0,367.296,64.954,1.416,-2.06,224.881,243.671,0.326,-2.479,0,0,0,0,233.242,181.322,48,-120,0.24,0.838,0.033,0.037,48,370.488,218.603,2.097,1.362,0,0,0,0,0,0,0,0,5998

Main.js:462 219.271,286.7,277.5,277.5,0.005,-0.007,0,0,89,0,0,0,0,0,0,0,368.712,62.893,1.416,-2.06,225.207,241.193,0.326,-2.479,0,0,0,0,233.503,182.153,46.5,-123,0.261,0.831,0.034,0.036,47,372.584,219.965,2.097,1.362,0,0,0,0,0,0,0,0,6014

Main.js:462 219.275,286.694,277.5,277.5,0.004,-0.007,0,0,88,0,0,0,0,1,0,0,370.128,60.833,1.416,-2.06,225.534,238.714,0.326,-2.479,0,0,0,0,233.783,182.978,48,-123,0.28,0.825,0.033,0.037,46,374.681,221.326,2.097,1.362,0,0,0,0,0,0,0,0,6031

Main.js:462 219.28,286.688,277.5,277.5,0.004,-0.006,0,0,87,0,0,0,0,1,0,0,371.544,58.773,1.416,-2.06,225.86,236.235,0.326,-2.479,0,0,0,0,234.08,183.797,49.5,-123,0.297,0.819,0.032,0.038,45,376.778,222.688,2.097,1.362,0,0,0,0,0,0,0,0,6047

Main.js:462 219.284,286.682,277.5,277.5,0.004,-0.006,0,0,86,0,0,0,0,1,0,0,372.96,56.712,1.416,-2.06,226.186,233.757,0.326,-2.479,0,0,0,0,234.392,184.613,51,-123,0.312,0.815,0.031,0.039,44,378.874,224.05,2.097,1.362,0,0,0,0,0,0,0,0,6064

Main.js:462 219.287,286.676,277.5,277.5,0.004,-0.006,0,0,85,0,0,0,0,1,0,0,374.377,54.652,1.416,-2.06,226.513,231.278,0.326,-2.479,0,0,0,0,234.717,185.425,52.5,-123,0.325,0.812,0.03,0.04,43,380.971,225.411,2.097,1.362,0,0,0,0,0,0,0,0,6081

Main.js:462 219.291,286.671,277.5,277.5,0.004,-0.005,0,0,84,0,0,0,0,1,0,0,375.793,52.592,1.416,-2.06,226.839,228.799,0.326,-2.479,0,0,0,0,235.053,186.235,54,-123,0.337,0.81,0.029,0.04,42,383.068,226.773,2.097,1.362,0,0,0,0,0,0,0,0,6096

Main.js:462 219.295,286.666,277.5,277.5,0.003,-0.005,0,0,83,0,0,0,0,0,0,0,377.209,50.532,1.416,-2.06,227.165,226.321,0.326,-2.479,0,0,0,0,235.4,187.044,55.5,-123,0.347,0.809,0.028,0.041,41,385.164,228.134,2.097,1.362,0,0,0,0,0,0,0,0,6114

Main.js:462 219.298,286.661,277.5,277.5,0.003,-0.005,0,0,82,0,0,0,0,0,0,0,378.625,48.471,1.416,-2.06,227.492,223.842,0.326,-2.479,0,0,0,0,235.756,187.852,57,-123,0.355,0.808,0.027,0.042,40,387.261,229.496,2.097,1.362,0,0,0,0,0,0,0,0,6132

Main.js:462 219.301,286.657,277.5,277.5,0.003,-0.005,0,0,81,0,0,0,0,0,0,0,380.041,46.411,1.416,-2.06,227.818,221.364,0.326,-2.479,0,0,0,0,236.118,188.66,58.5,-123,0.362,0.808,0.026,0.043,39,389.358,230.858,2.097,1.362,0,0,0,0,0,0,0,0,6149

Main.js:462 219.304,286.652,277.5,277.5,0.003,-0.004,0,0,80,0,0,0,0,0,0,0,381.457,44.351,1.416,-2.06,228.144,218.885,0.326,-2.479,0,0,0,0,236.486,189.469,60,-123,0.368,0.809,0.025,0.043,38,391.455,232.219,2.097,1.362,0,0,0,0,0,0,0,0,6164

Main.js:462 219.307,286.648,277.5,277.5,0.003,-0.004,0,0,79,0,0,0,0,0,0,0,382.873,42.29,1.416,-2.06,228.471,216.406,0.326,-2.479,0,0,0,0,236.858,190.28,61.5,-123,0.372,0.81,0.024,0.044,37,393.551,233.581,2.097,1.362,0,0,0,0,0,0,0,0,6181

Main.js:462 219.309,286.644,277.5,277.5,0.003,-0.004,0,0,78,0,0,0,0,0,0,0,384.289,40.23,1.416,-2.06,228.797,213.928,0.326,-2.479,0,0,0,0,237.233,191.092,63,-123,0.375,0.812,0.023,0.045,36,395.648,234.942,2.097,1.362,0,0,0,0,0,0,0,0,6197

Main.js:462 219.312,286.641,277.5,277.5,0.003,-0.004,0,0,77,0,0,0,0,0,0,0,385.705,38.17,1.416,-2.06,229.123,211.449,0.326,-2.479,0,0,0,0,237.61,191.906,64.5,-123,0.377,0.814,0.022,0.045,35,397.745,236.304,2.097,1.362,0,0,0,0,0,0,0,0,6214

Main.js:462 219.314,286.637,277.5,277.5,0.002,-0.004,0,0,76,0,0,0,0,0,0,0,387.121,36.109,1.416,-2.06,229.45,208.971,0.326,-2.479,0,0,0,0,237.988,192.723,66,-123,0.377,0.817,0.02,0.046,34,399.841,237.666,2.097,1.362,0,0,0,0,0,0,0,0,6232

Main.js:462 219.317,286.634,277.5,277.5,0.002,-0.003,0,0,75,0,0,0,0,0,0,0,387.121,36.109,1.416,-2.06,229.45,208.971,0.326,-2.479,0,0,0,0,238.364,193.543,67.5,-123,0.377,0.82,0.019,0.046,33,401.938,239.027,2.097,1.362,0,0,0,0,0,0,0,0,6248

