Main.js:143 myTank.x,myTank.y,myTank.rotation,myTank.cannonRotation,myTank.velocityX,myTank.velocityY,myTank.accelerationX,myTank.accelerationY,myTank.shootCooldown,myTank.controls.turnLeft,myTank.controls.turnRight,myTank.controls.goForward,myTank.controls.goBack,myTank.controls.shoot,myTank.controls.cannonLeft,myTank.controls.cannonRight,myBullet1.x,myBullet1.y,myBullet1.velocityX,myBullet1.velocityY,myBullet2.x,myBullet2.y,myBullet2.velocityX,myBullet2.velocityY,myBullet3.x,myBullet3.y,myBullet3.velocityX,myBullet3.velocityY,enemyTank.x,enemyTank.y,enemyTank.rotation,enemyTank.cannonRotation,enemyTank.velocityX,enemyTank.velocityY,enemyTank.accelerationX,enemyTank.accelerationY,enemyTank.shootCooldown,enemyBullet1.x,enemyBullet1.y,enemyBullet1.velocityX,enemyBullet1.velocityY,enemyBullet2.x,enemyBullet2.y,enemyBullet2.velocityX,enemyBullet2.velocityY,enemyBullet3.x,enemyBullet3.y,enemyBullet3.velocityX,enemyBullet3.velocityY,currentGameTime
Main.js:462 450,364,180,180,0,0,0,0,0,0,0,0,0,0,0,0,0,0,0,0,0,0,0,0,0,0,0,0,50,136,0,0,0,0,0,0,0,0,0,0,0,0,0,0,0,0,0,0,0,6

Main.js:462 450,364,180,180,0,0,0,0,0,0,0,0,0,0,0,0,0,0,0,0,0,0,0,0,0,0,0,0,50,136,0,0,0,0,0,0,0,0,0,0,0,0,0,0,0,0,0,0,0,21

Main.js:462 450,364,180,180,0,0,0,0,0,0,0,0,0,0,0,0,0,0,0,0,0,0,0,0,0,0,0,0,50,136,0,0,0,0,0,0,0,0,0,0,0,0,0,0,0,0,0,0,0,37

Main.js:462 450,364,180,180,0,0,0,0,0,0,0,0,0,0,0,0,0,0,0,0,0,0,0,0,0,0,0,0,50.047,136.001,1.5,0,0.047,0.001,0.05,0.001,99,0,0,0,0,0,0,0,0,0,0,0,0,55

Main.js:462 450,364,180,180,0,0,0,0,0,0,0,0,0,0,0,0,0,0,0,0,0,0,0,0,0,0,0,0,50.14,136.005,3,0,0.093,0.004,0.05,0.003,98,73.5,136,2.5,0,0,0,0,0,0,0,0,0,69

Main.js:462 450,364,180,180,0,0,0,0,0,0,0,0,0,0,0,0,0,0,0,0,0,0,0,0,0,0,0,0,50.275,136.012,4.5,0,0.135,0.007,0.05,0.004,97,76,136,2.5,0,0,0,0,0,0,0,0,0,86

Main.js:462 449.953,364,180,180,-0.047,0,-0.05,0,0,0,0,1,0,0,0,0,0,0,0,0,0,0,0,0,0,0,0,0,50.451,136.024,6,0,0.176,0.012,0.05,0.005,96,78.5,136,2.5,0,0,0,0,0,0,0,0,0,103

Main.js:462 449.86,364,180,180,-0.093,0,-0.05,0,0,0,0,1,0,0,0,0,0,0,0,0,0,0,0,0,0,0,0,0,50.665,136.041,7.5,0,0.214,0.017,0.05,0.007,95,81,136,2.5,0,0,0,0,0,0,0,0,0,121

Main.js:462 449.724,364,180,180,-0.135,0,-0.05,0,0,0,0,1,0,0,0,0,0,0,0,0,0,0,0,0,0,0,0,0,50.915,136.065,9,0,0.25,0.024,0.049,0.008,94,83.5,136,2.5,0,0,0,0,0,0,0,0,0,136

Main.js:462 449.548,364,180,180,-0.176,0,-0.05,0,0,0,0,1,0,0,0,0,0,0,0,0,0,0,0,0,0,0,0,0,51.2,136.097,10.5,0,0.284,0.031,0.049,0.009,93,86,136,2.5,0,0,0,0,0,0,0,0,0,154

Main.js:462 449.333,364,180,180,-0.215,0,-0.05,0,0,0,0,1,0,0,0,0,0,0,0,0,0,0,0,0,0,0,0,0,51.517,136.137,12,0,0.317,0.04,0.049,0.01,92,88.5,136,2.5,0,0,0,0,0,0,0,0,0,171

Main.js:462 449.082,364,180,180,-0.252,0,-0.05,0,0,0,0,1,0,0,0,0,0,0,0,0,0,0,0,0,0,0,0,0,51.864,136.185,13.5,0,0.347,0.049,0.049,0.012,91,91,136,2.5,0,0,0,0,0,0,0,0,0,186

Main.js:462 448.795,364,180,180,-0.287,0,-0.05,0,0,0,0,1,0,0,0,0,0,0,0,0,0,0,0,0,0,0,0,0,52.239,136.244,15,0,0.376,0.059,0.048,0.013,90,93.5,136,2.5,0,0,0,0,0,0,0,0,0,202

Main.js:462 448.475,364,180,180,-0.32,0,-0.05,0,0,0,0,1,0,0,0,0,0,0,0,0,0,0,0,0,0,0,0,0,52.641,136.313,16.5,0,0.402,0.069,0.048,0.014,89,96,136,2.5,0,0,0,0,0,0,0,0,0,220

Main.js:462 448.124,364,180,180,-0.351,0,-0.05,0,0,0,0,1,0,0,0,0,0,0,0,0,0,0,0,0,0,0,0,0,53.069,136.394,18,0,0.427,0.08,0.048,0.015,88,98.5,136,2.5,0,0,0,0,0,0,0,0,0,236

Main.js:462 447.743,364,180,180,-0.381,0,-0.05,0,0,0,0,1,0,0,0,0,0,0,0,0,0,0,0,0,0,0,0,0,53.52,136.486,19.5,0,0.451,0.092,0.047,0.017,87,101,136,2.5,0,0,0,0,0,0,0,0,0,254

Main.js:462 447.333,364,180,180,-0.41,0,-0.05,0,0,0,0,1,0,0,0,0,0,0,0,0,0,0,0,0,0,0,0,0,53.992,136.591,21,0,0.473,0.105,0.047,0.018,86,103.5,136,2.5,0,0,0,0,0,0,0,0,0,271

Main.js:462 446.897,364,180,180,-0.437,0,-0.05,0,0,0,0,1,0,0,0,0,0,0,0,0,0,0,0,0,0,0,0,0,54.485,136.708,22.5,0,0.493,0.118,0.046,0.019,85,106,136,2.5,0,0,0,0,0,0,0,0,0,286

Main.js:462 446.434,364,180,180,-0.462,0,-0.05,0,0,0,0,1,0,0,0,0,0,0,0,0,0,0,0,0,0,0,0,0,54.997,136.84,24,0,0.512,0.131,0.046,0.02,84,108.5,136,2.5,0,0,0,0,0,0,0,0,0,303

Main.js:462 445.947,364,180,180,-0.487,0,-0.05,0,0,0,0,1,0,0,0,0,0,0,0,0,0,0,0,0,0,0,0,0,55.526,136.985,25.5,0,0.529,0.145,0.045,0.022,83,111,136,2.5,0,0,0,0,0,0,0,0,0,319

Main.js:462 445.438,364,180,180,-0.51,0,-0.05,0,0,0,0,1,0,0,0,0,0,0,0,0,0,0,0,0,0,0,0,0,56.07,137.144,27,0,0.545,0.159,0.045,0.023,82,113.5,136,2.5,0,0,0,0,0,0,0,0,0,336

Main.js:462 444.906,364,180,180,-0.532,0,-0.05,0,0,0,0,1,0,0,0,0,0,0,0,0,0,0,0,0,0,0,0,0,56.63,137.318,28.5,0,0.559,0.174,0.044,0.024,81,116,136,2.5,0,0,0,0,0,0,0,0,0,354

Main.js:462 444.353,363.999,181.5,181.5,-0.553,-0.001,-0.05,-0.001,0,0,1,1,0,0,0,0,0,0,0,0,0,0,0,0,0,0,0,0,57.202,137.507,30,0,0.572,0.189,0.043,0.025,80,118.5,136,2.5,0,0,0,0,0,0,0,0,0,371

Main.js:462 443.78,363.995,183,183,-0.573,-0.004,-0.05,-0.003,0,0,1,1,0,0,0,0,0,0,0,0,0,0,0,0,0,0,0,0,57.787,137.711,31.5,0,0.584,0.204,0.043,0.026,79,121,136,2.5,0,0,0,0,0,0,0,0,0,387

Main.js:462 443.189,363.988,184.5,184.5,-0.591,-0.007,-0.05,-0.004,0,0,1,1,0,0,0,0,0,0,0,0,0,0,0,0,0,0,0,0,58.382,137.931,33,0,0.595,0.22,0.042,0.027,78,123.5,136,2.5,0,0,0,0,0,0,0,0,0,403

Main.js:462 442.58,363.976,186,186,-0.609,-0.012,-0.05,-0.005,0,0,1,1,0,0,0,0,0,0,0,0,0,0,0,0,0,0,0,0,58.986,138.167,34.5,0,0.604,0.236,0.041,0.028,77,126,136,2.5,0,0,0,0,0,0,0,0,0,420

Main.js:462 441.954,363.96,186,186,-0.626,-0.016,-0.05,-0.005,0,0,0,1,0,0,0,0,0,0,0,0,0,0,0,0,0,0,0,0,59.598,138.419,36,0,0.613,0.252,0.04,0.029,76,128.5,136,2.5,0,0,0,0,0,0,0,0,0,437

Main.js:462 441.313,363.94,186,186,-0.642,-0.02,-0.05,-0.005,0,0,0,1,0,0,0,0,0,0,0,0,0,0,0,0,0,0,0,0,60.218,138.688,37.5,0,0.62,0.268,0.04,0.03,75,131,136,2.5,0,0,0,0,0,0,0,0,0,452

Main.js:462 440.656,363.915,186,186,-0.657,-0.024,-0.05,-0.005,0,0,0,1,0,0,0,0,0,0,0,0,0,0,0,0,0,0,0,0,60.844,138.973,39,0,0.626,0.285,0.039,0.031,74,133.5,136,2.5,0,0,0,0,0,0,0,0,0,470

Main.js:462 439.985,363.887,186,186,-0.671,-0.028,-0.05,-0.005,0,0,0,1,0,0,0,0,0,0,0,0,0,0,0,0,0,0,0,0,61.474,139.274,40.5,0,0.63,0.301,0.038,0.032,73,136,136,2.5,0,0,0,0,0,0,0,0,0,487

Main.js:462 439.3,363.856,186,186,-0.685,-0.032,-0.05,-0.005,0,0,0,1,0,0,0,0,0,0,0,0,0,0,0,0,0,0,0,0,62.108,139.592,42,0,0.634,0.318,0.037,0.033,72,138.5,136,2.5,0,0,0,0,0,0,0,0,0,503

Main.js:462 438.602,363.821,186,186,-0.698,-0.035,-0.05,-0.005,0,0,0,1,0,0,0,0,0,0,0,0,0,0,0,0,0,0,0,0,62.746,139.926,42,358.5,0.638,0.334,0.037,0.033,71,141,136,2.5,0,0,0,0,0,0,0,0,0,520

Main.js:462 437.891,363.782,186,186,-0.71,-0.038,-0.05,-0.005,0,0,0,1,0,0,0,0,0,0,0,0,0,0,0,0,0,0,0,0,63.387,140.276,42,357,0.641,0.349,0.037,0.033,70,143.5,136,2.5,0,0,0,0,0,0,0,0,0,538

Main.js:462 437.169,363.741,186,186,-0.722,-0.041,-0.05,-0.005,0,0,0,1,0,0,0,0,0,0,0,0,0,0,0,0,0,0,0,0,64.032,140.639,42,355.5,0.644,0.363,0.037,0.033,69,146,136,2.5,0,0,0,0,0,0,0,0,0,554

Main.js:462 436.436,363.697,186,186,-0.733,-0.044,-0.05,-0.005,0,0,0,1,0,0,0,0,0,0,0,0,0,0,0,0,0,0,0,0,64.679,141.016,42,354,0.647,0.377,0.037,0.033,68,148.5,136,2.5,0,0,0,0,0,0,0,0,0,571

Main.js:462 435.693,363.65,186,186,-0.744,-0.047,-0.05,-0.005,0,0,0,1,0,0,0,0,0,0,0,0,0,0,0,0,0,0,0,0,65.329,141.406,42,352.5,0.65,0.39,0.037,0.033,67,151,136,2.5,0,0,0,0,0,0,0,0,0,586

Main.js:462 434.939,363.601,186,186,-0.754,-0.05,-0.05,-0.005,0,0,0,1,0,0,0,0,0,0,0,0,0,0,0,0,0,0,0,0,65.983,141.808,42,351,0.653,0.402,0.037,0.033,66,153.5,136,2.5,0,0,0,0,0,0,0,0,0,603

Main.js:462 434.175,363.548,186,186,-0.763,-0.052,-0.05,-0.005,0,0,0,1,0,0,0,0,0,0,0,0,0,0,0,0,0,0,0,0,66.639,142.222,42,349.5,0.656,0.414,0.037,0.033,65,156,136,2.5,0,0,0,0,0,0,0,0,0,620

Main.js:462 433.403,363.494,186,186,-0.772,-0.054,-0.05,-0.005,0,0,0,1,0,0,0,0,0,0,0,0,0,0,0,0,0,0,0,0,67.297,142.647,42,348,0.658,0.425,0.037,0.033,64,158.5,136,2.5,0,0,0,0,0,0,0,0,0,636

Main.js:462 432.622,363.437,186,186,-0.781,-0.057,-0.05,-0.005,0,0,0,1,0,0,0,0,0,0,0,0,0,0,0,0,0,0,0,0,67.958,143.083,42,346.5,0.661,0.436,0.037,0.033,63,161,136,2.5,0,0,0,0,0,0,0,0,0,654

Main.js:462 431.833,363.379,186,186,-0.789,-0.059,-0.05,-0.005,0,0,0,1,0,0,0,0,0,0,0,0,0,0,0,0,0,0,0,0,68.621,143.529,42,345,0.663,0.446,0.037,0.033,62,163.5,136,2.5,0,0,0,0,0,0,0,0,0,670

Main.js:462 431.036,363.317,187.5,187.5,-0.797,-0.062,-0.05,-0.007,0,0,1,1,0,0,0,0,0,0,0,0,0,0,0,0,0,0,0,0,69.286,143.984,42,343.5,0.665,0.455,0.037,0.033,61,166,136,2.5,0,0,0,0,0,0,0,0,0,686

Main.js:462 430.232,363.25,189,189,-0.804,-0.066,-0.049,-0.008,0,0,1,1,0,0,0,0,0,0,0,0,0,0,0,0,0,0,0,0,69.953,144.448,42,342,0.667,0.464,0.037,0.033,60,168.5,136,2.5,0,0,0,0,0,0,0,0,0,704

Main.js:462 429.422,363.179,190.5,190.5,-0.81,-0.072,-0.049,-0.009,0,0,1,1,0,0,0,0,0,0,0,0,0,0,0,0,0,0,0,0,70.622,144.92,42,340.5,0.669,0.473,0.037,0.033,59,171,136,2.5,0,0,0,0,0,0,0,0,0,720

Main.js:462 428.605,363.101,192,192,-0.816,-0.078,-0.049,-0.01,0,0,1,1,0,0,0,0,0,0,0,0,0,0,0,0,0,0,0,0,71.293,145.401,42,339,0.671,0.481,0.037,0.033,58,173.5,136,2.5,0,0,0,0,0,0,0,0,0,737

Main.js:462 427.784,363.015,193.5,193.5,-0.822,-0.085,-0.049,-0.012,0,0,1,1,0,0,0,0,0,0,0,0,0,0,0,0,0,0,0,0,71.966,145.89,42,337.5,0.673,0.489,0.037,0.033,57,176,136,2.5,0,0,0,0,0,0,0,0,0,754

Main.js:462 426.957,362.922,195,195,-0.827,-0.093,-0.048,-0.013,0,0,1,1,0,0,0,0,0,0,0,0,0,0,0,0,0,0,0,0,72.64,146.386,42,336,0.674,0.496,0.037,0.033,56,178.5,136,2.5,0,0,0,0,0,0,0,0,0,770

Main.js:462 426.126,362.82,196.5,196.5,-0.831,-0.102,-0.048,-0.014,0,0,1,1,0,0,0,0,0,0,0,0,0,0,0,0,0,0,0,0,73.316,146.889,42,334.5,0.676,0.503,0.037,0.033,55,181,136,2.5,0,0,0,0,0,0,0,0,0,786

Main.js:462 425.292,362.709,198,198,-0.834,-0.112,-0.048,-0.015,0,0,1,1,0,0,0,0,0,0,0,0,0,0,0,0,0,0,0,0,73.994,147.398,42,333,0.677,0.51,0.037,0.033,54,183.5,136,2.5,0,0,0,0,0,0,0,0,0,803

Main.js:462 424.454,362.587,199.5,199.5,-0.837,-0.122,-0.047,-0.017,0,0,1,1,0,0,0,0,0,0,0,0,0,0,0,0,0,0,0,0,74.672,147.914,42,331.5,0.679,0.516,0.037,0.033,53,186,136,2.5,0,0,0,0,0,0,0,0,0,820

Main.js:462 423.614,362.454,201,201,-0.84,-0.133,-0.047,-0.018,0,0,1,1,0,0,0,0,0,0,0,0,0,0,0,0,0,0,0,0,75.353,148.436,42,330,0.68,0.522,0.037,0.033,52,188.5,136,2.5,0,0,0,0,0,0,0,0,0,836

Main.js:462 422.773,362.309,202.5,202.5,-0.842,-0.144,-0.046,-0.019,0,0,1,1,0,0,0,0,0,0,0,0,0,0,0,0,0,0,0,0,76.034,148.964,42,328.5,0.682,0.528,0.037,0.033,51,191,136,2.5,0,0,0,0,0,0,0,0,0,853

Main.js:462 421.93,362.153,204,204,-0.843,-0.156,-0.046,-0.02,0,0,1,1,0,0,0,0,0,0,0,0,0,0,0,0,0,0,0,0,76.717,149.497,42,327,0.683,0.533,0.037,0.033,50,193.5,136,2.5,0,0,0,0,0,0,0,0,0,870

Main.js:462 421.086,361.984,205.5,205.5,-0.844,-0.169,-0.045,-0.022,0,0,1,1,0,0,0,0,0,0,0,0,0,0,0,0,0,0,0,0,77.401,150.035,42,325.5,0.684,0.538,0.037,0.033,49,196,136,2.5,0,0,0,0,0,0,0,0,0,888

Main.js:462 420.242,361.802,207,207,-0.844,-0.182,-0.045,-0.023,0,0,1,1,0,0,0,0,0,0,0,0,0,0,0,0,0,0,0,0,78.086,150.578,42,324,0.685,0.543,0.037,0.033,48,198.5,136,2.5,0,0,0,0,0,0,0,0,0,903

Main.js:462 419.398,361.606,208.5,208.5,-0.844,-0.196,-0.044,-0.024,0,0,1,1,0,0,0,0,0,0,0,0,0,0,0,0,0,0,0,0,78.772,151.125,42,322.5,0.686,0.548,0.037,0.033,47,201,136,2.5,0,0,0,0,0,0,0,0,0,921

Main.js:462 418.555,361.397,208.5,208.5,-0.843,-0.209,-0.044,-0.024,0,0,0,1,0,0,0,0,0,0,0,0,0,0,0,0,0,0,0,0,79.459,151.677,42,321,0.687,0.552,0.037,0.033,46,203.5,136,2.5,0,0,0,0,0,0,0,0,0,937

Main.js:462 417.713,361.176,208.5,208.5,-0.843,-0.221,-0.044,-0.024,0,0,0,1,0,0,0,0,0,0,0,0,0,0,0,0,0,0,0,0,80.147,152.233,42,319.5,0.688,0.556,0.037,0.033,45,206,136,2.5,0,0,0,0,0,0,0,0,0,953

Main.js:462 416.87,360.944,208.5,208.5,-0.842,-0.232,-0.044,-0.024,0,0,0,1,0,0,0,0,0,0,0,0,0,0,0,0,0,0,0,0,80.836,152.794,42,318,0.689,0.56,0.037,0.033,44,208.5,136,2.5,0,0,0,0,0,0,0,0,0,968

Main.js:462 416.028,360.7,208.5,208.5,-0.842,-0.244,-0.044,-0.024,0,0,0,1,0,0,0,0,0,0,0,0,0,0,0,0,0,0,0,0,81.526,153.358,42,316.5,0.69,0.564,0.037,0.033,43,211,136,2.5,0,0,0,0,0,0,0,0,0,986

Main.js:462 415.187,360.446,208.5,208.5,-0.842,-0.254,-0.044,-0.024,0,0,0,1,0,0,0,0,0,0,0,0,0,0,0,0,0,0,0,0,82.216,153.925,42,315,0.691,0.568,0.037,0.033,42,213.5,136,2.5,0,0,0,0,0,0,0,0,0,1003

Main.js:462 414.346,360.182,208.5,208.5,-0.841,-0.264,-0.044,-0.024,0,0,0,1,0,0,0,0,0,0,0,0,0,0,0,0,0,0,0,0,82.908,154.495,40.5,312,0.692,0.57,0.038,0.032,41,216,136,2.5,0,0,0,0,0,0,0,0,0,1019

Main.js:462 413.505,359.909,208.5,208.5,-0.841,-0.273,-0.044,-0.024,0,0,0,1,0,0,0,0,0,0,0,0,0,0,0,0,0,0,0,0,83.603,155.066,39,309,0.694,0.571,0.039,0.031,40,218.5,136,2.5,0,0,0,0,0,0,0,0,0,1037

Main.js:462 412.664,359.627,208.5,208.5,-0.841,-0.282,-0.044,-0.024,0,0,0,1,0,0,0,0,0,0,0,0,0,0,0,0,0,0,0,0,84.3,155.638,37.5,306,0.697,0.572,0.04,0.03,39,221,136,2.5,0,0,0,0,0,0,0,0,0,1053

Main.js:462 411.824,359.336,208.5,208.5,-0.84,-0.291,-0.044,-0.024,0,0,0,1,0,0,0,0,0,0,0,0,0,0,0,0,0,0,0,0,85.001,156.209,36,303,0.701,0.571,0.04,0.029,38,223.5,136,2.5,0,0,0,0,0,0,0,0,0,1069

Main.js:462 410.984,359.037,208.5,208.5,-0.84,-0.299,-0.044,-0.024,0,0,0,1,0,0,0,0,0,0,0,0,0,0,0,0,0,0,0,0,85.706,156.779,34.5,300,0.705,0.569,0.041,0.028,37,226,136,2.5,0,0,0,0,0,0,0,0,0,1087

Main.js:462 410.144,358.73,208.5,208.5,-0.84,-0.307,-0.044,-0.024,0,0,0,1,0,0,0,0,0,0,0,0,0,0,0,0,0,0,0,0,86.416,157.346,33,297,0.71,0.567,0.042,0.027,36,228.5,136,2.5,0,0,0,0,0,0,0,0,0,1104

Main.js:462 409.304,358.416,208.5,208.5,-0.84,-0.314,-0.044,-0.024,0,0,0,1,0,0,0,0,0,0,0,0,0,0,0,0,0,0,0,0,87.131,157.909,31.5,294,0.715,0.563,0.043,0.026,35,231,136,2.5,0,0,0,0,0,0,0,0,0,1120

Main.js:462 408.465,358.094,208.5,208.5,-0.839,-0.321,-0.044,-0.024,0,0,0,1,0,0,0,0,0,0,0,0,0,0,0,0,0,0,0,0,87.851,158.468,30,291,0.72,0.559,0.043,0.025,34,233.5,136,2.5,0,0,0,0,0,0,0,0,0,1137

Main.js:462 407.626,357.767,208.5,208.5,-0.839,-0.328,-0.044,-0.024,0,0,0,1,0,0,0,0,0,0,0,0,0,0,0,0,0,0,0,0,88.577,159.021,28.5,288,0.726,0.554,0.044,0.024,33,236,136,2.5,0,0,0,0,0,0,0,0,0,1153

Main.js:462 406.787,357.433,208.5,208.5,-0.839,-0.334,-0.044,-0.024,0,0,0,1,0,0,0,0,0,0,0,0,0,0,0,0,0,0,0,0,89.309,159.569,27,285,0.732,0.547,0.045,0.023,32,238.5,136,2.5,0,0,0,0,0,0,0,0,0,1170

Main.js:462 405.949,357.093,208.5,208.5,-0.839,-0.34,-0.044,-0.024,0,0,0,1,0,0,0,0,0,0,0,0,0,0,0,0,0,0,0,0,90.047,160.109,25.5,282,0.738,0.541,0.045,0.022,31,241,136,2.5,0,0,0,0,0,0,0,0,0,1186

Main.js:462 405.11,356.747,208.5,208.5,-0.838,-0.346,-0.044,-0.024,0,0,0,1,0,0,0,0,0,0,0,0,0,0,0,0,0,0,0,0,90.791,160.642,24,279,0.745,0.533,0.046,0.02,30,243.5,136,2.5,0,0,0,0,0,0,0,0,0,1202

Main.js:462 404.272,356.396,208.5,208.5,-0.838,-0.351,-0.044,-0.024,0,0,0,1,0,0,0,0,0,0,0,0,0,0,0,0,0,0,0,0,91.543,161.167,22.5,276,0.751,0.524,0.046,0.019,29,246,136,2.5,0,0,0,0,0,0,0,0,0,1220

Main.js:462 403.434,356.04,208.5,208.5,-0.838,-0.356,-0.044,-0.024,0,0,0,1,0,0,0,0,0,0,0,0,0,0,0,0,0,0,0,0,92.301,161.682,21,273,0.758,0.515,0.047,0.018,28,248.5,136,2.5,0,0,0,0,0,0,0,0,0,1237

Main.js:462 402.596,355.679,208.5,208.5,-0.838,-0.361,-0.044,-0.024,0,0,0,1,0,0,0,0,0,0,0,0,0,0,0,0,0,0,0,0,93.066,162.187,19.5,270,0.765,0.505,0.047,0.017,27,251,136,2.5,0,0,0,0,0,0,0,0,0,1253

Main.js:462 401.758,355.314,208.5,208.5,-0.838,-0.366,-0.044,-0.024,0,0,0,1,0,0,0,0,0,0,0,0,0,0,0,0,0,0,0,0,93.837,162.682,18,267,0.772,0.495,0.048,0.015,26,253.5,136,2.5,0,0,0,0,0,0,0,0,0,1270

Main.js:462 400.92,354.944,208.5,208.5,-0.838,-0.37,-0.044,-0.024,0,0,0,1,0,0,0,0,0,0,0,0,0,0,0,0,0,0,0,0,94.616,163.165,16.5,264,0.779,0.483,0.048,0.014,25,256,136,2.5,0,0,0,0,0,0,0,0,0,1287

Main.js:462 400.083,354.569,208.5,208.5,-0.838,-0.374,-0.044,-0.024,0,0,0,1,0,0,0,0,0,0,0,0,0,0,0,0,0,0,0,0,95.402,163.637,15,261,0.786,0.472,0.048,0.013,24,258.5,136,2.5,0,0,0,0,0,0,0,0,0,1303

Main.js:462 399.245,354.191,208.5,208.5,-0.837,-0.378,-0.044,-0.024,0,0,0,1,0,0,0,0,0,0,0,0,0,0,0,0,0,0,0,0,96.195,164.096,13.5,258,0.793,0.459,0.049,0.012,23,261,136,2.5,0,0,0,0,0,0,0,0,0,1319

Main.js:462 398.408,353.809,208.5,208.5,-0.837,-0.382,-0.044,-0.024,0,0,0,1,0,0,0,0,0,0,0,0,0,0,0,0,0,0,0,0,96.994,164.542,12,255,0.799,0.446,0.049,0.01,22,263.5,136,2.5,0,0,0,0,0,0,0,0,0,1336

Main.js:462 397.571,353.424,208.5,208.5,-0.837,-0.385,-0.044,-0.024,0,0,0,1,0,0,0,0,0,0,0,0,0,0,0,0,0,0,0,0,97.8,164.974,10.5,252,0.806,0.432,0.049,0.009,21,266,136,2.5,0,0,0,0,0,0,0,0,0,1353

Main.js:462 396.734,353.035,208.5,208.5,-0.837,-0.389,-0.044,-0.024,0,0,0,1,0,0,0,0,0,0,0,0,0,0,0,0,0,0,0,0,98.613,165.392,9,249,0.813,0.418,0.049,0.008,20,268.5,136,2.5,0,0,0,0,0,0,0,0,0,1369

Main.js:462 395.897,352.643,208.5,208.5,-0.837,-0.392,-0.044,-0.024,0,0,0,1,0,0,0,0,0,0,0,0,0,0,0,0,0,0,0,0,99.432,165.796,7.5,246,0.819,0.403,0.05,0.007,19,271,136,2.5,0,0,0,0,0,0,0,0,0,1386

Main.js:462 395.061,352.247,210,210,-0.836,-0.396,-0.043,-0.025,0,0,1,1,0,0,0,0,0,0,0,0,0,0,0,0,0,0,0,0,100.258,166.184,6,243,0.826,0.388,0.05,0.005,18,273.5,136,2.5,0,0,0,0,0,0,0,0,0,1402

Main.js:462 394.226,351.846,211.5,211.5,-0.835,-0.401,-0.043,-0.026,0,0,1,1,0,0,0,0,0,0,0,0,0,0,0,0,0,0,0,0,101.09,166.557,4.5,240,0.832,0.373,0.05,0.004,17,276,136,2.5,0,0,0,0,0,0,0,0,0,1420

Main.js:462 393.393,351.439,213,213,-0.833,-0.407,-0.042,-0.027,0,0,1,1,0,0,0,0,0,0,0,0,0,0,0,0,0,0,0,0,101.927,166.913,3,237,0.837,0.356,0.05,0.003,16,278.5,136,2.5,0,0,0,0,0,0,0,0,0,1437

Main.js:462 392.562,351.025,214.5,214.5,-0.83,-0.414,-0.041,-0.028,0,0,1,1,0,0,0,0,0,0,0,0,0,0,0,0,0,0,0,0,102.77,167.253,1.5,234,0.843,0.34,0.05,0.001,15,281,136,2.5,0,0,0,0,0,0,0,0,0,1454

Main.js:462 391.735,350.604,216,216,-0.827,-0.421,-0.04,-0.029,0,0,1,1,0,0,0,0,0,0,0,0,0,0,0,0,0,0,0,0,103.619,167.576,0,231,0.848,0.323,0.05,0,14,283.5,136,2.5,0,0,0,0,0,0,0,0,0,1470

Main.js:462 390.911,350.176,217.5,217.5,-0.824,-0.429,-0.04,-0.03,0,0,1,1,0,0,0,0,0,0,0,0,0,0,0,0,0,0,0,0,104.472,167.881,358.5,228,0.853,0.305,0.05,-0.001,13,286,136,2.5,0,0,0,0,0,0,0,0,0,1486

Main.js:462 390.092,349.739,219,219,-0.819,-0.437,-0.039,-0.031,0,0,1,1,0,0,0,0,0,0,0,0,0,0,0,0,0,0,0,0,105.33,168.169,357,225,0.858,0.288,0.05,-0.003,12,288.5,136,2.5,0,0,0,0,0,0,0,0,0,1503

Main.js:462 389.276,349.293,219,219,-0.815,-0.445,-0.039,-0.031,0,0,0,1,0,0,0,0,0,0,0,0,0,0,0,0,0,0,0,0,106.193,168.439,355.5,222,0.863,0.27,0.05,-0.004,11,291,136,2.5,0,0,0,0,0,0,0,0,0,1520

Main.js:462 388.465,348.841,219,219,-0.812,-0.453,-0.039,-0.031,0,0,0,1,0,0,0,0,0,0,0,0,0,0,0,0,0,0,0,0,107.06,168.69,354,219,0.867,0.251,0.05,-0.005,10,293.5,136,2.5,0,0,0,0,0,0,0,0,0,1537

Main.js:462 387.657,348.38,219,219,-0.808,-0.46,-0.039,-0.031,0,0,0,1,0,0,0,0,0,0,0,0,0,0,0,0,0,0,0,0,107.93,168.922,352.5,216,0.871,0.232,0.05,-0.007,9,296,136,2.5,0,0,0,0,0,0,0,0,0,1554

Main.js:462 386.853,347.914,219,219,-0.804,-0.467,-0.039,-0.031,0,0,0,1,0,0,0,0,0,0,0,0,0,0,0,0,0,0,0,0,108.804,169.136,351,213,0.874,0.213,0.049,-0.008,8,298.5,136,2.5,0,0,0,0,0,0,0,0,0,1570

Main.js:462 386.051,347.44,219,219,-0.801,-0.474,-0.039,-0.031,0,0,0,1,0,0,0,0,0,0,0,0,0,0,0,0,0,0,0,0,109.681,169.33,349.5,210,0.877,0.194,0.049,-0.009,7,301,136,2.5,0,0,0,0,0,0,0,0,0,1587

Main.js:462 385.254,346.96,219,219,-0.798,-0.48,-0.039,-0.031,0,0,0,1,0,0,0,0,0,0,0,0,0,0,0,0,0,0,0,0,110.561,169.504,348,207,0.88,0.174,0.049,-0.01,6,303.5,136,2.5,0,0,0,0,0,0,0,0,0,1603

Main.js:462 384.459,346.475,219,219,-0.795,-0.486,-0.039,-0.031,0,0,0,1,0,0,0,0,0,0,0,0,0,0,0,0,0,0,0,0,111.443,169.659,346.5,204,0.882,0.155,0.049,-0.012,5,306,136,2.5,0,0,0,0,0,0,0,0,0,1619

Main.js:462 383.666,345.983,219,219,-0.792,-0.491,-0.039,-0.031,0,0,0,1,0,0,0,0,0,0,0,0,0,0,0,0,0,0,0,0,112.326,169.793,345,201,0.884,0.135,0.048,-0.013,4,308.5,136,2.5,0,0,0,0,0,0,0,0,0,1637

Main.js:462 382.877,345.487,219,219,-0.789,-0.497,-0.039,-0.031,0,0,0,1,0,0,0,0,0,0,0,0,0,0,0,0,0,0,0,0,113.211,169.908,343.5,198,0.885,0.114,0.048,-0.014,3,311,136,2.5,0,0,0,0,0,0,0,0,0,1653

Main.js:462 382.09,344.985,219,219,-0.787,-0.502,-0.039,-0.031,0,0,0,1,0,0,0,0,0,0,0,0,0,0,0,0,0,0,0,0,114.097,170.002,342,195,0.886,0.094,0.048,-0.015,2,313.5,136,2.5,0,0,0,0,0,0,0,0,0,1670

Main.js:462 381.306,344.479,219,219,-0.784,-0.506,-0.039,-0.031,0,0,0,1,0,0,0,0,0,0,0,0,0,0,0,0,0,0,0,0,114.983,170.075,340.5,192,0.886,0.073,0.047,-0.017,1,316,136,2.5,0,0,0,0,0,0,0,0,0,1687

Main.js:462 380.524,343.967,220.5,220.5,-0.781,-0.512,-0.038,-0.032,0,0,1,1,0,0,0,0,0,0,0,0,0,0,0,0,0,0,0,0,115.87,170.128,339,189,0.886,0.053,0.047,-0.018,0,318.5,136,2.5,0,0,0,0,0,0,0,0,0,1704

Main.js:462 379.747,343.449,222,222,-0.778,-0.518,-0.037,-0.033,0,0,1,1,0,0,0,0,0,0,0,0,0,0,0,0,0,0,0,0,116.756,170.16,337.5,186,0.886,0.032,0.046,-0.019,99,321,136,2.5,0,0,0,0,0,0,0,0,0,1721

Main.js:462 378.974,342.924,223.5,223.5,-0.773,-0.525,-0.036,-0.034,0,0,1,1,0,0,0,0,0,0,0,0,0,0,0,0,0,0,0,0,117.641,170.171,336,183,0.885,0.011,0.046,-0.02,98,323.5,136,2.5,0,92.498,167.672,-2.486,-0.261,0,0,0,0,1738

Main.js:462 378.205,342.392,223.5,223.5,-0.769,-0.531,-0.036,-0.034,0,0,0,1,0,0,0,0,0,0,0,0,0,0,0,0,0,0,0,0,118.524,170.161,334.5,180,0.884,-0.01,0.045,-0.022,97,326,136,2.5,0,90.012,167.41,-2.486,-0.261,0,0,0,0,1754

Main.js:462 377.44,341.855,223.5,223.5,-0.765,-0.538,-0.036,-0.034,0,0,0,1,0,0,0,0,0,0,0,0,0,0,0,0,0,0,0,0,119.406,170.13,333,177,0.882,-0.031,0.045,-0.023,96,328.5,136,2.5,0,87.526,167.149,-2.486,-0.261,0,0,0,0,1770

Main.js:462 376.679,341.311,223.5,223.5,-0.761,-0.543,-0.036,-0.034,0,0,0,1,0,0,0,0,0,0,0,0,0,0,0,0,0,0,0,0,120.286,170.078,331.5,174,0.879,-0.052,0.044,-0.024,95,331,136,2.5,0,85.039,166.888,-2.486,-0.261,0,0,0,0,1787

Main.js:462 375.921,340.763,223.5,223.5,-0.758,-0.549,-0.036,-0.034,0,0,0,1,0,0,0,0,0,0,0,0,0,0,0,0,0,0,0,0,121.162,170.004,330,171,0.877,-0.073,0.043,-0.025,94,333.5,136,2.5,0,82.553,166.626,-2.486,-0.261,0,0,0,0,1803

Main.js:462 375.167,340.208,223.5,223.5,-0.754,-0.554,-0.036,-0.034,0,0,0,1,0,0,0,0,0,0,0,0,0,0,0,0,0,0,0,0,122.035,169.91,328.5,168,0.873,-0.094,0.043,-0.026,93,336,136,2.5,0,80.067,166.365,-2.486,-0.261,0,0,0,0,1820

Main.js:462 374.416,339.649,223.5,223.5,-0.751,-0.559,-0.036,-0.034,0,0,0,1,0,0,0,0,0,0,0,0,0,0,0,0,0,0,0,0,122.905,169.794,327,165,0.869,-0.116,0.042,-0.027,92,338.5,136,2.5,0,77.581,166.104,-2.486,-0.261,0,0,0,0,1838

Main.js:462 373.668,339.086,223.5,223.5,-0.748,-0.564,-0.036,-0.034,0,0,0,1,0,0,0,0,0,0,0,0,0,0,0,0,0,0,0,0,123.77,169.658,325.5,162,0.865,-0.137,0.041,-0.028,91,341,136,2.5,0,75.094,165.842,-2.486,-0.261,0,0,0,0,1860

Main.js:462 372.923,338.517,223.5,223.5,-0.745,-0.568,-0.036,-0.034,0,0,0,1,0,0,0,0,0,0,0,0,0,0,0,0,0,0,0,0,124.63,169.5,324,159,0.86,-0.158,0.04,-0.029,90,343.5,136,2.5,0,72.608,165.581,-2.486,-0.261,0,0,0,0,1870

Main.js:462 372.181,337.945,223.5,223.5,-0.742,-0.573,-0.036,-0.034,0,0,0,1,0,0,0,0,0,0,0,0,0,0,0,0,0,0,0,0,125.485,169.321,322.5,156,0.855,-0.179,0.04,-0.03,89,346,136,2.5,0,70.122,165.32,-2.486,-0.261,0,0,0,0,1886

Main.js:462 371.442,337.368,223.5,223.5,-0.739,-0.577,-0.036,-0.034,0,0,0,1,0,0,0,0,0,0,0,0,0,0,0,0,0,0,0,0,126.334,169.121,321,153,0.849,-0.2,0.039,-0.031,88,348.5,136,2.5,0,67.635,165.058,-2.486,-0.261,0,0,0,0,1903

Main.js:462 370.705,336.787,223.5,223.5,-0.737,-0.581,-0.036,-0.034,0,0,0,1,0,0,0,0,0,0,0,0,0,0,0,0,0,0,0,0,127.177,168.9,319.5,150,0.843,-0.221,0.038,-0.032,87,351,136,2.5,0,65.149,164.797,-2.486,-0.261,0,0,0,0,1920

Main.js:462 369.97,336.203,223.5,223.5,-0.735,-0.584,-0.036,-0.034,0,0,0,1,0,0,0,0,0,0,0,0,0,0,0,0,0,0,0,0,128.013,168.659,318,147,0.836,-0.241,0.037,-0.033,86,353.5,136,2.5,0,62.663,164.536,-2.486,-0.261,0,0,0,0,1936

Main.js:462 369.238,335.615,223.5,223.5,-0.732,-0.588,-0.036,-0.034,0,0,0,1,0,0,0,0,0,0,0,0,0,0,0,0,0,0,0,0,128.842,168.397,316.5,144,0.829,-0.262,0.036,-0.034,85,356,136,2.5,0,60.176,164.274,-2.486,-0.261,0,0,0,0,1954

Main.js:462 368.508,335.024,223.5,223.5,-0.73,-0.591,-0.036,-0.034,0,0,0,1,0,0,0,0,0,0,0,0,0,0,0,0,0,0,0,0,129.663,168.115,315,141,0.821,-0.283,0.035,-0.035,84,358.5,136,2.5,0,57.69,164.013,-2.486,-0.261,0,0,0,0,1971

Main.js:462 367.78,334.43,223.5,223.5,-0.728,-0.594,-0.036,-0.034,0,0,0,1,0,0,0,0,0,0,0,0,0,0,0,0,0,0,0,0,130.475,167.812,313.5,138,0.812,-0.303,0.034,-0.036,83,361,136,2.5,0,55.204,163.752,-2.486,-0.261,0,0,0,0,1986

Main.js:462 367.054,333.833,223.5,223.5,-0.726,-0.597,-0.036,-0.034,0,0,0,1,0,0,0,0,0,0,0,0,0,0,0,0,0,0,0,0,131.279,167.489,312,135,0.804,-0.323,0.033,-0.037,82,363.5,136,2.5,0,52.718,163.49,-2.486,-0.261,0,0,0,0,2004

Main.js:462 366.33,333.233,223.5,223.5,-0.724,-0.6,-0.036,-0.034,0,0,0,1,0,0,0,0,0,0,0,0,0,0,0,0,0,0,0,0,132.075,167.147,313.5,135,0.796,-0.341,0.034,-0.036,81,366,136,2.5,0,50.231,163.229,-2.486,-0.261,0,0,0,0,2020

Main.js:462 365.607,332.63,223.5,223.5,-0.722,-0.603,-0.036,-0.034,0,0,0,1,0,0,0,0,0,0,0,0,0,0,0,0,0,0,0,0,132.865,166.79,315,135,0.79,-0.358,0.035,-0.035,80,368.5,136,2.5,0,47.745,162.968,-2.486,-0.261,0,0,0,0,2037

Main.js:462 364.886,332.025,223.5,223.5,-0.721,-0.605,-0.036,-0.034,0,0,0,1,0,0,0,0,0,0,0,0,0,0,0,0,0,0,0,0,133.649,166.417,316.5,135,0.785,-0.373,0.036,-0.034,79,371,136,2.5,0,45.259,162.706,-2.486,-0.261,0,0,0,0,2053

Main.js:462 364.167,331.417,223.5,223.5,-0.719,-0.608,-0.036,-0.034,0,0,0,1,0,0,0,0,0,0,0,0,0,0,0,0,0,0,0,0,134.43,166.031,318,135,0.781,-0.386,0.037,-0.033,78,373.5,136,2.5,0,42.772,162.445,-2.486,-0.261,0,0,0,0,2068

Main.js:462 363.449,330.807,223.5,223.5,-0.718,-0.61,-0.036,-0.034,0,0,0,1,0,0,0,0,0,0,0,0,0,0,0,0,0,0,0,0,135.208,165.634,319.5,135,0.778,-0.397,0.038,-0.032,77,376,136,2.5,0,40.286,162.184,-2.486,-0.261,0,0,0,0,2088

Main.js:462 362.734,330.194,225,225,-0.715,-0.613,-0.035,-0.035,0,0,1,1,0,0,0,0,0,0,0,0,0,0,0,0,0,0,0,0,135.984,165.226,321,135,0.776,-0.407,0.039,-0.031,76,378.5,136,2.5,0,37.8,161.922,-2.486,-0.261,0,0,0,0,2104

Main.js:462 362.022,329.577,226.5,226.5,-0.712,-0.617,-0.034,-0.036,0,0,1,1,0,0,0,0,0,0,0,0,0,0,0,0,0,0,0,0,136.759,164.81,322.5,135,0.775,-0.416,0.04,-0.03,75,381,136,2.5,0,35.313,161.661,-2.486,-0.261,0,0,0,0,2120

Main.js:462 361.313,328.956,228,228,-0.709,-0.621,-0.033,-0.037,0,0,1,1,0,0,0,0,0,0,0,0,0,0,0,0,0,0,0,0,137.534,164.387,324,135,0.775,-0.423,0.04,-0.029,74,383.5,136,2.5,0,32.827,161.4,-2.486,-0.261,0,0,0,0,2137

Main.js:462 360.609,328.33,229.5,229.5,-0.704,-0.626,-0.032,-0.038,0,0,1,1,0,0,0,0,0,0,0,0,0,0,0,0,0,0,0,0,138.309,163.959,325.5,135,0.775,-0.429,0.041,-0.028,73,386,136,2.5,0,30.341,161.138,-2.486,-0.261,0,0,0,0,2154

Main.js:462 359.91,327.698,231,231,-0.699,-0.632,-0.031,-0.039,0,0,1,1,0,0,0,0,0,0,0,0,0,0,0,0,0,0,0,0,139.085,163.525,327,135,0.776,-0.433,0.042,-0.027,72,388.5,136,2.5,0,27.854,160.877,-2.486,-0.261,0,0,0,0,2170

Main.js:462 359.218,327.059,232.5,232.5,-0.693,-0.638,-0.03,-0.04,0,0,1,1,0,0,0,0,0,0,0,0,0,0,0,0,0,0,0,0,139.863,163.089,328.5,135,0.778,-0.436,0.043,-0.026,71,391,136,2.5,0,25.368,160.616,-2.486,-0.261,0,0,0,0,2188

Main.js:462 358.532,326.415,234,234,-0.686,-0.645,-0.029,-0.04,0,0,1,1,0,0,0,0,0,0,0,0,0,0,0,0,0,0,0,0,140.643,162.651,330,135,0.78,-0.438,0.043,-0.025,70,393.5,136,2.5,0,22.882,160.355,-2.486,-0.261,0,0,0,0,2203

Main.js:462 357.852,325.764,234,234,-0.68,-0.651,-0.029,-0.04,0,0,0,1,0,0,0,0,0,0,0,0,0,0,0,0,0,0,0,0,141.425,162.212,331.5,135,0.783,-0.439,0.044,-0.024,69,396,136,2.5,0,20.396,160.093,-2.486,-0.261,0,0,0,0,2219

Main.js:462 357.179,325.107,234,234,-0.673,-0.657,-0.029,-0.04,0,0,0,1,0,0,0,0,0,0,0,0,0,0,0,0,0,0,0,0,142.211,161.773,333,135,0.786,-0.439,0.045,-0.023,68,398.5,136,2.5,0,17.909,159.832,-2.486,-0.261,0,0,0,0,2237

Main.js:462 356.511,324.445,234,234,-0.668,-0.662,-0.029,-0.04,0,0,0,1,0,0,0,0,0,0,0,0,0,0,0,0,0,0,0,0,143.001,161.336,334.5,135,0.79,-0.437,0.045,-0.022,67,401,136,2.5,0,15.423,159.571,-2.486,-0.261,0,0,0,0,2253

Main.js:462 355.849,323.777,234,234,-0.662,-0.668,-0.029,-0.04,0,0,0,1,0,0,0,0,0,0,0,0,0,0,0,0,0,0,0,0,143.794,160.901,336,135,0.793,-0.435,0.046,-0.02,66,403.5,136,2.5,0,12.937,159.309,-2.486,-0.261,0,0,0,0,2270

Main.js:462 355.192,323.105,234,234,-0.657,-0.673,-0.029,-0.04,0,0,0,1,0,0,0,0,0,0,0,0,0,0,0,0,0,0,0,0,144.592,160.47,337.5,135,0.798,-0.431,0.046,-0.019,65,406,136,2.5,0,10.45,159.048,-2.486,-0.261,0,0,0,0,2287

Main.js:462 354.54,322.427,234,234,-0.652,-0.677,-0.029,-0.04,0,0,0,1,0,0,0,0,0,0,0,0,0,0,0,0,0,0,0,0,145.394,160.043,339,135,0.802,-0.427,0.047,-0.018,64,408.5,136,2.5,0,7.964,158.787,-2.486,-0.261,0,0,0,0,2303

Main.js:462 353.892,321.745,234,234,-0.647,-0.682,-0.029,-0.04,0,0,0,1,0,0,0,0,0,0,0,0,0,0,0,0,0,0,0,0,146.201,159.622,340.5,135,0.807,-0.421,0.047,-0.017,63,411,136,2.5,0,5.478,158.525,-2.486,-0.261,0,0,0,0,2319

Main.js:462 353.249,321.059,234,234,-0.643,-0.686,-0.029,-0.04,0,0,0,1,0,0,0,0,0,0,0,0,0,0,0,0,0,0,0,0,147.012,159.208,342,135,0.812,-0.415,0.048,-0.015,62,413.5,136,2.5,0,2.991,158.264,-2.486,-0.261,0,0,0,0,2353

Main.js:462 352.638,320.407,234,234,-0.611,-0.652,0,0,99,0,0,0,0,1,0,0,0,0,0,0,0,0,0,0,0,0,0,0,147.829,158.8,343.5,135,0.817,-0.407,0.048,-0.014,61,416,136,2.5,0,0.505,158.003,-2.486,-0.261,0,0,0,0,2369

Main.js:462 352.058,319.788,234,234,-0.58,-0.619,0,0,98,0,0,0,0,1,0,0,340.906,304.07,-1.469,-2.023,0,0,0,0,0,0,0,0,148.651,158.401,345,135,0.822,-0.399,0.048,-0.013,60,418.5,136,2.5,0,0,0,0,0,0,0,0,0,2387

Main.js:462 351.507,319.199,234,234,-0.551,-0.588,0,0,97,0,0,0,0,1,0,0,339.436,302.047,-1.469,-2.023,0,0,0,0,0,0,0,0,149.477,158.01,346.5,135,0.827,-0.391,0.049,-0.012,59,421,136,2.5,0,0,0,0,0,0,0,0,0,2402

Main.js:462 350.983,318.64,234,234,-0.524,-0.559,0,0,96,0,0,0,0,0,0,0,337.967,300.025,-1.469,-2.023,0,0,0,0,0,0,0,0,150.309,157.629,348,135,0.832,-0.381,0.049,-0.01,58,423.5,136,2.5,0,0,0,0,0,0,0,0,0,2420

Main.js:462 350.486,318.109,234,234,-0.498,-0.531,0,0,95,0,0,0,0,0,0,0,336.497,298.002,-1.469,-2.023,0,0,0,0,0,0,0,0,151.146,157.259,349.5,135,0.837,-0.37,0.049,-0.009,57,426,136,2.5,0,0,0,0,0,0,0,0,0,2436

Main.js:462 350.013,317.605,234,234,-0.473,-0.505,0,0,94,0,0,0,0,0,0,0,335.028,295.98,-1.469,-2.023,0,0,0,0,0,0,0,0,151.988,156.9,351,135,0.842,-0.359,0.049,-0.008,56,428.5,136,2.5,0,0,0,0,0,0,0,0,0,2453

Main.js:462 349.564,317.125,234,234,-0.449,-0.479,0,0,93,0,0,0,0,0,0,0,333.558,293.957,-1.469,-2.023,0,0,0,0,0,0,0,0,152.835,156.552,352.5,135,0.847,-0.348,0.05,-0.007,55,431,136,2.5,0,0,0,0,0,0,0,0,0,2469

Main.js:462 349.137,316.67,234,234,-0.427,-0.455,0,0,92,0,0,0,0,0,0,0,332.089,291.934,-1.469,-2.023,0,0,0,0,0,0,0,0,153.687,156.217,354,135,0.852,-0.335,0.05,-0.005,54,433.5,136,2.5,0,0,0,0,0,0,0,0,0,2486

Main.js:462 348.732,316.237,234,234,-0.405,-0.433,0,0,91,0,0,0,0,0,0,0,330.62,289.912,-1.469,-2.023,0,0,0,0,0,0,0,0,154.544,155.895,355.5,135,0.857,-0.322,0.05,-0.004,53,436,136,2.5,0,0,0,0,0,0,0,0,0,2504

Main.js:462 348.347,315.827,234,234,-0.385,-0.411,0,0,90,0,0,0,0,0,0,0,329.15,287.889,-1.469,-2.023,0,0,0,0,0,0,0,0,155.405,155.585,355.5,133.5,0.861,-0.31,0.05,-0.004,52,438.5,136,2.5,0,0,0,0,0,0,0,0,0,2519

Main.js:462 347.981,315.436,234,234,-0.366,-0.39,0,0,89,0,0,0,0,0,0,0,327.681,285.867,-1.469,-2.023,0,0,0,0,0,0,0,0,156.271,155.287,355.5,132,0.865,-0.298,0.05,-0.004,51,441,136,2.5,0,0,0,0,0,0,0,0,0,2537

Main.js:462 347.634,315.065,234,234,-0.347,-0.371,0,0,88,0,0,0,0,1,0,0,326.211,283.844,-1.469,-2.023,0,0,0,0,0,0,0,0,157.14,155,355.5,130.5,0.87,-0.287,0.05,-0.004,50,443.5,136,2.5,0,0,0,0,0,0,0,0,0,2553

Main.js:462 347.304,314.713,234,234,-0.33,-0.352,0,0,87,0,0,0,0,1,0,0,324.742,281.822,-1.469,-2.023,0,0,0,0,0,0,0,0,158.014,154.724,355.5,129,0.873,-0.276,0.05,-0.004,49,446,136,2.5,0,0,0,0,0,0,0,0,0,2570

Main.js:462 346.99,314.378,234,234,-0.314,-0.335,0,0,86,0,0,0,0,1,0,0,323.272,279.799,-1.469,-2.023,0,0,0,0,0,0,0,0,158.891,154.458,355.5,127.5,0.877,-0.266,0.05,-0.004,48,448.5,136,2.5,0,0,0,0,0,0,0,0,0,2587

Main.js:462 346.692,314.06,234,234,-0.298,-0.318,0,0,85,0,0,0,0,1,0,0,321.803,277.777,-1.469,-2.023,0,0,0,0,0,0,0,0,159.771,154.201,355.5,126,0.881,-0.257,0.05,-0.004,47,451,136,2.5,0,0,0,0,0,0,0,0,0,2604

Main.js:462 346.409,313.758,234,234,-0.283,-0.302,0,0,84,0,0,0,0,1,0,0,320.333,275.754,-1.469,-2.023,0,0,0,0,0,0,0,0,160.655,153.954,355.5,124.5,0.884,-0.247,0.05,-0.004,46,453.5,136,2.5,0,0,0,0,0,0,0,0,0,2619

Main.js:462 346.141,313.471,234,234,-0.269,-0.287,0,0,83,0,0,0,0,0,0,0,318.864,273.732,-1.469,-2.023,0,0,0,0,0,0,0,0,161.542,153.715,355.5,123,0.887,-0.239,0.05,-0.004,45,456,136,2.5,0,0,0,0,0,0,0,0,0,2636

Main.js:462 345.885,313.199,234,234,-0.255,-0.273,0,0,82,0,0,0,0,0,0,0,317.394,271.709,-1.469,-2.023,0,0,0,0,0,0,0,0,162.433,153.484,355.5,121.5,0.89,-0.231,0.05,-0.004,44,458.5,136,2.5,0,0,0,0,0,0,0,0,0,2654

Main.js:462 345.642,312.94,234,234,-0.243,-0.259,0,0,81,0,0,0,0,0,0,0,315.925,269.686,-1.469,-2.023,0,0,0,0,0,0,0,0,163.325,153.261,355.5,120,0.893,-0.223,0.05,-0.004,43,461,136,2.5,0,0,0,0,0,0,0,0,0,2671

Main.js:462 345.412,312.694,234,234,-0.231,-0.246,0,0,80,0,0,0,0,0,0,0,314.455,267.664,-1.469,-2.023,0,0,0,0,0,0,0,0,164.221,153.046,355.5,118.5,0.896,-0.215,0.05,-0.004,42,463.5,136,2.5,0,0,0,0,0,0,0,0,0,2688

Main.js:462 345.193,312.46,234,234,-0.219,-0.234,0,0,79,0,0,0,0,0,0,0,312.986,265.641,-1.469,-2.023,0,0,0,0,0,0,0,0,165.119,152.838,355.5,117,0.898,-0.208,0.05,-0.004,41,466,136,2.5,0,0,0,0,0,0,0,0,0,2703

Main.js:462 344.985,312.238,234,234,-0.208,-0.222,0,0,78,0,0,0,0,0,0,0,311.516,263.619,-1.469,-2.023,0,0,0,0,0,0,0,0,166.02,152.636,355.5,115.5,0.901,-0.202,0.05,-0.004,40,468.5,136,2.5,0,0,0,0,0,0,0,0,0,2721

Main.js:462 344.787,312.027,234,234,-0.198,-0.211,0,0,77,0,0,0,0,1,0,0,310.047,261.596,-1.469,-2.023,0,0,0,0,0,0,0,0,166.923,152.441,355.5,114,0.903,-0.195,0.05,-0.004,39,471,136,2.5,0,0,0,0,0,0,0,0,0,2738

Main.js:462 344.6,311.826,234,234,-0.188,-0.2,0,0,76,0,0,0,0,1,0,0,308.578,259.574,-1.469,-2.023,0,0,0,0,0,0,0,0,167.828,152.251,355.5,112.5,0.905,-0.189,0.05,-0.004,38,473.5,136,2.5,0,0,0,0,0,0,0,0,0,2754

Main.js:462 344.421,311.636,234,234,-0.178,-0.19,0,0,75,0,0,0,0,1,0,0,307.108,257.551,-1.469,-2.023,0,0,0,0,0,0,0,0,168.735,152.068,355.5,111,0.907,-0.184,0.05,-0.004,37,476,136,2.5,0,0,0,0,0,0,0,0,0,2769

Main.js:462 344.252,311.455,234,234,-0.169,-0.181,0,0,74,0,0,0,0,1,0,0,305.639,255.529,-1.469,-2.023,0,0,0,0,0,0,0,0,169.645,151.89,355.5,109.5,0.909,-0.178,0.05,-0.004,36,478.5,136,2.5,0,0,0,0,0,0,0,0,0,2786

Main.js:462 344.091,311.283,234,234,-0.161,-0.172,0,0,73,0,0,0,0,1,0,0,304.169,253.506,-1.469,-2.023,0,0,0,0,0,0,0,0,170.556,151.717,355.5,108,0.911,-0.173,0.05,-0.004,35,481,136,2.5,0,0,0,0,0,0,0,0,0,2802

Main.js:462 343.938,311.12,234,234,-0.153,-0.163,0,0,72,0,0,0,0,0,0,0,302.7,251.484,-1.469,-2.023,0,0,0,0,0,0,0,0,171.469,151.549,355.5,106.5,0.913,-0.168,0.05,-0.004,34,483.5,136,2.5,0,0,0,0,0,0,0,0,0,2820

Main.js:462 343.793,310.965,234,234,-0.145,-0.155,0,0,71,0,0,0,0,0,0,0,301.23,249.461,-1.469,-2.023,0,0,0,0,0,0,0,0,172.384,151.386,355.5,105,0.915,-0.163,0.05,-0.004,33,486,136,2.5,0,0,0,0,0,0,0,0,0,2836

Main.js:462 343.655,310.818,234,234,-0.138,-0.147,0,0,70,0,0,0,0,0,0,0,299.761,247.439,-1.469,-2.023,0,0,0,0,0,0,0,0,173.3,151.227,355.5,103.5,0.916,-0.159,0.05,-0.004,32,488.5,136,2.5,0,0,0,0,0,0,0,0,0,2854

Main.js:462 343.523,310.678,234,234,-0.131,-0.14,0,0,69,0,0,0,0,0,0,0,298.291,245.416,-1.469,-2.023,0,0,0,0,0,0,0,0,174.218,151.072,355.5,102,0.918,-0.155,0.05,-0.004,31,491,136,2.5,0,0,0,0,0,0,0,0,0,2869

Main.js:462 343.399,310.545,234,234,-0.125,-0.133,0,0,68,0,0,0,0,0,0,0,296.822,243.393,-1.469,-2.023,0,0,0,0,0,0,0,0,175.137,150.921,355.5,100.5,0.919,-0.151,0.05,-0.004,30,493.5,136,2.5,0,0,0,0,0,0,0,0,0,2887

Main.js:462 343.281,310.419,234,234,-0.118,-0.126,0,0,67,0,0,0,0,0,0,0,295.352,241.371,-1.469,-2.023,0,0,0,0,0,0,0,0,176.058,150.775,355.5,99,0.921,-0.147,0.05,-0.004,29,496,136,2.5,0,0,0,0,0,0,0,0,0,2903

Main.js:462 343.14,310.26,234,234,-0.14,-0.158,-0.029,-0.04,66,0,0,1,0,1,0,0,293.883,239.348,-1.469,-2.023,0,0,0,0,0,0,0,0,176.98,150.631,355.5,97.5,0.922,-0.143,0.05,-0.004,28,498.5,136,2.5,0,0,0,0,0,0,0,0,0,2920

Main.js:462 342.979,310.071,234,234,-0.161,-0.189,-0.029,-0.04,65,0,0,1,0,1,0,0,293.883,239.348,-1.469,-2.023,0,0,0,0,0,0,0,0,177.903,150.492,355.5,96,0.923,-0.14,0.05,-0.004,27,0,0,0,0,0,0,0,0,0,0,0,0,2937

Main.js:462 342.798,309.853,234,234,-0.181,-0.218,-0.029,-0.04,64,0,0,1,0,1,0,0,292.413,237.326,-1.469,-2.023,0,0,0,0,0,0,0,0,178.827,150.355,355.5,94.5,0.924,-0.137,0.05,-0.004,26,0,0,0,0,0,0,0,0,0,0,0,0,2955

Main.js:462 342.598,309.608,234,234,-0.2,-0.245,-0.029,-0.04,63,0,0,1,0,1,0,0,290.944,235.303,-1.469,-2.023,0,0,0,0,0,0,0,0,179.753,150.222,355.5,93,0.926,-0.133,0.05,-0.004,25,0,0,0,0,0,0,0,0,0,0,0,0,2969

Main.js:462 342.38,309.336,234,234,-0.218,-0.272,-0.029,-0.04,62,0,0,1,0,0,0,0,289.475,233.281,-1.469,-2.023,0,0,0,0,0,0,0,0,180.68,150.091,355.5,91.5,0.927,-0.13,0.05,-0.004,24,0,0,0,0,0,0,0,0,0,0,0,0,2988

Main.js:462 342.145,309.04,234,234,-0.235,-0.296,-0.029,-0.04,61,0,0,1,0,0,0,0,288.005,231.258,-1.469,-2.023,0,0,0,0,0,0,0,0,181.607,149.964,355.5,90,0.928,-0.128,0.05,-0.004,23,0,0,0,0,0,0,0,0,0,0,0,0,3003

Main.js:462 341.894,308.72,234,234,-0.251,-0.32,-0.029,-0.04,60,0,0,1,0,0,0,0,286.536,229.236,-1.469,-2.023,0,0,0,0,0,0,0,0,182.536,149.837,354,87,0.929,-0.126,0.05,-0.005,22,0,0,0,0,0,0,0,0,0,0,0,0,3020

Main.js:462 341.628,308.377,234,234,-0.266,-0.342,-0.029,-0.04,59,0,0,1,0,0,0,0,285.066,227.213,-1.469,-2.023,0,0,0,0,0,0,0,0,183.465,149.711,352.5,84,0.929,-0.126,0.05,-0.007,21,0,0,0,0,0,0,0,0,0,0,0,0,3036

Main.js:462 341.347,308.014,234,234,-0.281,-0.364,-0.029,-0.04,58,0,0,1,0,0,0,0,283.597,225.191,-1.469,-2.023,0,0,0,0,0,0,0,0,184.395,149.584,351,81,0.93,-0.127,0.049,-0.008,20,0,0,0,0,0,0,0,0,0,0,0,0,3052

Main.js:462 341.052,307.63,234,234,-0.295,-0.384,-0.029,-0.04,57,0,0,1,0,0,0,0,282.127,223.168,-1.469,-2.023,0,0,0,0,0,0,0,0,185.324,149.454,349.5,78,0.93,-0.13,0.049,-0.009,19,0,0,0,0,0,0,0,0,0,0,0,0,3071

Main.js:462 340.744,307.226,234,234,-0.308,-0.403,-0.029,-0.04,56,0,0,1,0,1,0,0,280.658,221.145,-1.469,-2.023,0,0,0,0,0,0,0,0,186.254,149.321,348,75,0.93,-0.133,0.049,-0.01,18,0,0,0,0,0,0,0,0,0,0,0,0,3087

Main.js:462 340.423,306.805,234,234,-0.321,-0.422,-0.029,-0.04,55,0,0,1,0,1,0,0,279.188,219.123,-1.469,-2.023,0,0,0,0,0,0,0,0,187.184,149.184,346.5,72,0.93,-0.137,0.049,-0.012,17,0,0,0,0,0,0,0,0,0,0,0,0,3102

Main.js:462 340.091,306.366,234,234,-0.332,-0.439,-0.029,-0.04,54,0,0,1,0,1,0,0,277.719,217.1,-1.469,-2.023,0,0,0,0,0,0,0,0,188.113,149.041,345,69,0.929,-0.143,0.048,-0.013,16,0,0,0,0,0,0,0,0,0,0,0,0,3120

Main.js:462 339.747,305.911,234,234,-0.344,-0.455,-0.029,-0.04,53,0,0,1,0,1,0,0,276.249,215.078,-1.469,-2.023,0,0,0,0,0,0,0,0,189.041,148.892,343.5,66,0.928,-0.149,0.048,-0.014,15,0,0,0,0,0,0,0,0,0,0,0,0,3137

Main.js:462 339.392,305.44,234,234,-0.355,-0.471,-0.029,-0.04,52,0,0,1,0,1,0,0,274.78,213.055,-1.469,-2.023,0,0,0,0,0,0,0,0,189.968,148.735,342,63,0.927,-0.156,0.048,-0.015,14,0,0,0,0,0,0,0,0,0,0,0,0,3153

Main.js:462 339.028,304.954,234,234,-0.365,-0.486,-0.029,-0.04,51,0,0,1,0,0,0,0,273.31,211.033,-1.469,-2.023,0,0,0,0,0,0,0,0,190.893,148.571,340.5,60,0.925,-0.164,0.047,-0.017,13,0,0,0,0,0,0,0,0,0,0,0,0,3170

Main.js:462 338.653,304.454,234,234,-0.374,-0.5,-0.029,-0.04,50,0,0,1,0,0,0,0,271.841,209.01,-1.469,-2.023,0,0,0,0,0,0,0,0,191.816,148.398,339,57,0.923,-0.173,0.047,-0.018,12,0,0,0,0,0,0,0,0,0,0,0,0,3186

Main.js:462 338.27,303.94,234,234,-0.384,-0.513,-0.029,-0.04,49,0,0,1,0,0,0,0,270.372,206.988,-1.469,-2.023,0,0,0,0,0,0,0,0,192.737,148.215,337.5,54,0.921,-0.183,0.046,-0.019,11,0,0,0,0,0,0,0,0,0,0,0,0,3204

Main.js:462 337.877,303.414,234,234,-0.392,-0.526,-0.029,-0.04,48,0,0,1,0,0,0,0,268.902,204.965,-1.469,-2.023,0,0,0,0,0,0,0,0,193.656,148.022,336,51,0.918,-0.193,0.046,-0.02,10,0,0,0,0,0,0,0,0,0,0,0,0,3221

Main.js:462 337.477,302.876,234,234,-0.401,-0.538,-0.029,-0.04,47,0,0,1,0,0,0,0,267.433,202.943,-1.469,-2.023,0,0,0,0,0,0,0,0,194.571,147.818,334.5,48,0.915,-0.204,0.045,-0.022,9,0,0,0,0,0,0,0,0,0,0,0,0,3238

Main.js:462 337.068,302.326,234,234,-0.409,-0.55,-0.029,-0.04,46,0,0,1,0,0,0,0,265.963,200.92,-1.469,-2.023,0,0,0,0,0,0,0,0,195.483,147.603,333,45,0.912,-0.215,0.045,-0.023,8,0,0,0,0,0,0,0,0,0,0,0,0,3253

Main.js:462 336.652,301.765,234,234,-0.416,-0.561,-0.029,-0.04,45,0,0,1,0,1,0,0,264.494,198.897,-1.469,-2.023,0,0,0,0,0,0,0,0,196.391,147.376,331.5,42,0.908,-0.227,0.044,-0.024,7,0,0,0,0,0,0,0,0,0,0,0,0,3269

Main.js:462 336.229,301.194,234,234,-0.423,-0.571,-0.029,-0.04,44,0,0,1,0,1,0,0,263.024,196.875,-1.469,-2.023,0,0,0,0,0,0,0,0,197.295,147.137,330,39,0.904,-0.239,0.043,-0.025,6,0,0,0,0,0,0,0,0,0,0,0,0,3287

Main.js:462 335.799,300.613,234,234,-0.43,-0.581,-0.029,-0.04,43,0,0,1,0,1,0,0,261.555,194.852,-1.469,-2.023,0,0,0,0,0,0,0,0,198.194,146.885,328.5,36,0.899,-0.252,0.043,-0.026,5,0,0,0,0,0,0,0,0,0,0,0,0,3303

Main.js:462 335.363,300.022,234,234,-0.436,-0.59,-0.029,-0.04,42,0,0,1,0,1,0,0,260.085,192.83,-1.469,-2.023,0,0,0,0,0,0,0,0,199.088,146.619,327,33,0.894,-0.266,0.042,-0.027,4,0,0,0,0,0,0,0,0,0,0,0,0,3320

Main.js:462 334.92,299.423,234,234,-0.442,-0.599,-0.029,-0.04,41,0,0,1,0,1,0,0,258.616,190.807,-1.469,-2.023,0,0,0,0,0,0,0,0,199.976,146.34,325.5,30,0.888,-0.279,0.041,-0.028,3,0,0,0,0,0,0,0,0,0,0,0,0,3337

Main.js:462 334.472,298.815,234,234,-0.448,-0.608,-0.029,-0.04,40,0,0,1,0,1,0,0,257.146,188.785,-1.469,-2.023,0,0,0,0,0,0,0,0,200.859,146.047,324,27,0.882,-0.293,0.04,-0.029,2,0,0,0,0,0,0,0,0,0,0,0,0,3352

Main.js:462 334.018,298.2,234,234,-0.454,-0.616,-0.029,-0.04,39,0,0,1,0,0,0,0,255.677,186.762,-1.469,-2.023,0,0,0,0,0,0,0,0,201.735,145.739,322.5,24,0.876,-0.307,0.04,-0.03,1,0,0,0,0,0,0,0,0,0,0,0,0,3371

Main.js:462 333.559,297.576,234,234,-0.459,-0.623,-0.029,-0.04,38,0,0,1,0,0,0,0,254.207,184.74,-1.469,-2.023,0,0,0,0,0,0,0,0,202.604,145.417,321,21,0.869,-0.322,0.039,-0.031,0,0,0,0,0,0,0,0,0,0,0,0,0,3387

Main.js:462 333.095,296.945,234,234,-0.464,-0.631,-0.029,-0.04,37,0,0,1,0,0,0,0,252.738,182.717,-1.469,-2.023,0,0,0,0,0,0,0,0,203.465,145.081,319.5,18,0.862,-0.337,0.038,-0.032,99,0,0,0,0,0,0,0,0,0,0,0,0,3402

Main.js:462 332.627,296.308,234,234,-0.469,-0.638,-0.029,-0.04,36,0,0,1,0,0,0,0,251.269,180.695,-1.469,-2.023,0,0,0,0,0,0,0,0,204.319,144.729,318,15,0.854,-0.352,0.037,-0.033,98,224.954,152.679,2.378,0.773,0,0,0,0,0,0,0,0,3419

Main.js:462 332.154,295.664,234,234,-0.473,-0.644,-0.029,-0.04,35,0,0,1,0,0,0,0,249.799,178.672,-1.469,-2.023,0,0,0,0,0,0,0,0,205.165,144.362,316.5,12,0.846,-0.367,0.036,-0.034,97,227.331,153.452,2.378,0.773,0,0,0,0,0,0,0,0,3438

Main.js:462 331.676,295.013,234,234,-0.477,-0.65,-0.029,-0.04,34,0,0,1,0,1,0,0,248.33,176.65,-1.469,-2.023,0,0,0,0,0,0,0,0,206.002,143.981,315,9,0.837,-0.382,0.035,-0.035,96,229.709,154.224,2.378,0.773,0,0,0,0,0,0,0,0,3453

Main.js:462 331.195,294.357,234,234,-0.481,-0.656,-0.029,-0.04,33,0,0,1,0,1,0,0,246.86,174.627,-1.469,-2.023,0,0,0,0,0,0,0,0,206.83,143.583,313.5,6,0.828,-0.397,0.034,-0.036,95,232.086,154.997,2.378,0.773,0,0,0,0,0,0,0,0,3471

Main.js:462 330.709,293.695,234,234,-0.485,-0.662,-0.029,-0.04,32,0,0,1,0,1,0,0,245.391,172.604,-1.469,-2.023,0,0,0,0,0,0,0,0,207.648,143.17,312,3,0.818,-0.413,0.033,-0.037,94,234.464,155.77,2.378,0.773,0,0,0,0,0,0,0,0,3487

Main.js:462 330.22,293.028,234,234,-0.489,-0.667,-0.029,-0.04,31,0,0,1,0,1,0,0,243.921,170.582,-1.469,-2.023,0,0,0,0,0,0,0,0,208.457,142.742,310.5,0,0.808,-0.428,0.032,-0.038,93,236.842,156.542,2.378,0.773,0,0,0,0,0,0,0,0,3503

Main.js:462 329.728,292.356,234,234,-0.492,-0.672,-0.029,-0.04,30,0,0,1,0,1,0,0,242.452,168.559,-1.469,-2.023,0,0,0,0,0,0,0,0,209.254,142.298,309,-3,0.798,-0.444,0.031,-0.039,92,239.219,157.315,2.378,0.773,0,0,0,0,0,0,0,0,3520

Main.js:462 329.232,291.678,234,234,-0.496,-0.677,-0.029,-0.04,29,0,0,1,0,1,0,0,240.982,166.537,-1.469,-2.023,0,0,0,0,0,0,0,0,210.041,141.839,307.5,-6,0.787,-0.459,0.03,-0.04,91,241.597,158.087,2.378,0.773,0,0,0,0,0,0,0,0,3537

Main.js:462 328.733,290.997,234,234,-0.499,-0.682,-0.029,-0.04,28,0,0,1,0,0,0,0,239.513,164.514,-1.469,-2.023,0,0,0,0,0,0,0,0,210.816,141.364,306,-9,0.775,-0.475,0.029,-0.04,90,243.975,158.86,2.378,0.773,0,0,0,0,0,0,0,0,3553

Main.js:462 328.259,290.349,234,234,-0.474,-0.648,0,0,27,0,0,0,0,0,0,0,238.043,162.492,-1.469,-2.023,0,0,0,0,0,0,0,0,211.58,140.874,304.5,-12,0.763,-0.49,0.028,-0.041,89,246.352,159.632,2.378,0.773,0,0,0,0,0,0,0,0,3570

Main.js:462 327.809,289.734,234,234,-0.45,-0.615,0,0,26,0,0,0,0,0,0,0,236.574,160.469,-1.469,-2.023,0,0,0,0,0,0,0,0,212.331,140.369,303,-15,0.751,-0.505,0.027,-0.042,88,248.73,160.405,2.378,0.773,0,0,0,0,0,0,0,0,3586

Main.js:462 327.382,289.149,234,234,-0.428,-0.584,0,0,25,0,0,0,0,0,0,0,235.104,158.447,-1.469,-2.023,0,0,0,0,0,0,0,0,213.069,139.848,301.5,-18,0.738,-0.521,0.026,-0.043,87,251.108,161.177,2.378,0.773,0,0,0,0,0,0,0,0,3603

Main.js:462 326.975,288.594,234,234,-0.406,-0.555,0,0,24,0,0,0,0,0,0,0,233.635,156.424,-1.469,-2.023,0,0,0,0,0,0,0,0,213.795,139.312,300,-21,0.725,-0.536,0.025,-0.043,86,253.485,161.95,2.378,0.773,0,0,0,0,0,0,0,0,3620

Main.js:462 326.589,288.067,234,234,-0.386,-0.527,0,0,23,0,0,0,0,1,0,0,232.165,154.402,-1.469,-2.023,0,0,0,0,0,0,0,0,214.506,138.762,298.5,-24,0.712,-0.551,0.024,-0.044,85,255.863,162.722,2.378,0.773,0,0,0,0,0,0,0,0,3636

Main.js:462 326.222,287.566,234,234,-0.367,-0.501,0,0,22,0,0,0,0,1,0,0,230.696,152.379,-1.469,-2.023,0,0,0,0,0,0,0,0,215.204,138.196,297,-27,0.698,-0.566,0.023,-0.045,84,258.241,163.495,2.378,0.773,0,0,0,0,0,0,0,0,3654

Main.js:462 325.874,287.09,234,234,-0.348,-0.476,0,0,21,0,0,0,0,1,0,0,230.696,152.379,-1.469,-2.023,0,0,0,0,0,0,0,0,215.887,137.616,295.5,-30,0.683,-0.58,0.022,-0.045,83,258.241,163.495,2.378,0.773,0,0,0,0,0,0,0,0,3670

