Main.js:143 myTank.x,myTank.y,myTank.rotation,myTank.cannonRotation,myTank.velocityX,myTank.velocityY,myTank.accelerationX,myTank.accelerationY,myTank.shootCooldown,myTank.controls.turnLeft,myTank.controls.turnRight,myTank.controls.goForward,myTank.controls.goBack,myTank.controls.shoot,myTank.controls.cannonLeft,myTank.controls.cannonRight,myBullet1.x,myBullet1.y,myBullet1.velocityX,myBullet1.velocityY,myBullet2.x,myBullet2.y,myBullet2.velocityX,myBullet2.velocityY,myBullet3.x,myBullet3.y,myBullet3.velocityX,myBullet3.velocityY,enemyTank.x,enemyTank.y,enemyTank.rotation,enemyTank.cannonRotation,enemyTank.velocityX,enemyTank.velocityY,enemyTank.accelerationX,enemyTank.accelerationY,enemyTank.shootCooldown,enemyBullet1.x,enemyBullet1.y,enemyBullet1.velocityX,enemyBullet1.velocityY,enemyBullet2.x,enemyBullet2.y,enemyBullet2.velocityX,enemyBullet2.velocityY,enemyBullet3.x,enemyBullet3.y,enemyBullet3.velocityX,enemyBullet3.velocityY,currentGameTime
Main.js:462 450,222,180,180,0,0,0,0,0,0,0,0,0,0,0,0,0,0,0,0,0,0,0,0,0,0,0,0,50,278,0,0,0,0,0,0,0,0,0,0,0,0,0,0,0,0,0,0,0,10

Main.js:462 450,222,180,180,0,0,0,0,0,0,0,0,0,0,0,0,0,0,0,0,0,0,0,0,0,0,0,0,50,278,0,0,0,0,0,0,0,0,0,0,0,0,0,0,0,0,0,0,0,26

Main.js:462 450,222,180,180,0,0,0,0,0,0,0,0,0,0,0,0,0,0,0,0,0,0,0,0,0,0,0,0,50.047,278.001,1.5,0,0.047,0.001,0.05,0.001,99,0,0,0,0,0,0,0,0,0,0,0,0,44

Main.js:462 450,222,180,180,0,0,0,0,0,0,0,0,0,0,0,0,0,0,0,0,0,0,0,0,0,0,0,0,50.14,278.005,3,0,0.093,0.004,0.05,0.003,98,73.5,278,2.5,0,0,0,0,0,0,0,0,0,59

Main.js:462 450,222,180,180,0,0,0,0,0,0,0,0,0,0,0,0,0,0,0,0,0,0,0,0,0,0,0,0,50.275,278.012,4.5,0,0.135,0.007,0.05,0.004,97,76,278,2.5,0,0,0,0,0,0,0,0,0,75

Main.js:462 450,222,180,180,0,0,0,0,0,0,0,0,0,0,0,0,0,0,0,0,0,0,0,0,0,0,0,0,50.451,278.024,6,0,0.176,0.012,0.05,0.005,96,78.5,278,2.5,0,0,0,0,0,0,0,0,0,93

Main.js:462 450,222,180,180,0,0,0,0,0,0,0,0,0,0,0,0,0,0,0,0,0,0,0,0,0,0,0,0,50.665,278.041,7.5,0,0.214,0.017,0.05,0.007,95,81,278,2.5,0,0,0,0,0,0,0,0,0,109

Main.js:462 450,222,180,180,0,0,0,0,0,0,0,0,0,0,0,0,0,0,0,0,0,0,0,0,0,0,0,0,50.915,278.065,9,0,0.25,0.024,0.049,0.008,94,83.5,278,2.5,0,0,0,0,0,0,0,0,0,127

Main.js:462 450,222,180,180,0,0,0,0,0,0,0,0,0,0,0,0,0,0,0,0,0,0,0,0,0,0,0,0,51.2,278.097,10.5,0,0.284,0.031,0.049,0.009,93,86,278,2.5,0,0,0,0,0,0,0,0,0,143

Main.js:462 450,222,180,180,0,0,0,0,0,0,0,0,0,0,0,0,0,0,0,0,0,0,0,0,0,0,0,0,51.517,278.137,12,0,0.317,0.04,0.049,0.01,92,88.5,278,2.5,0,0,0,0,0,0,0,0,0,159

Main.js:462 450,222,180,180,0,0,0,0,0,0,0,0,0,0,0,0,0,0,0,0,0,0,0,0,0,0,0,0,51.864,278.185,13.5,0,0.347,0.049,0.049,0.012,91,91,278,2.5,0,0,0,0,0,0,0,0,0,176

Main.js:462 450,222,180,180,0,0,0,0,0,0,0,0,0,0,0,0,0,0,0,0,0,0,0,0,0,0,0,0,52.239,278.244,15,0,0.376,0.059,0.048,0.013,90,93.5,278,2.5,0,0,0,0,0,0,0,0,0,193

Main.js:462 450,222,180,180,0,0,0,0,0,0,0,0,0,0,0,0,0,0,0,0,0,0,0,0,0,0,0,0,52.641,278.313,16.5,0,0.402,0.069,0.048,0.014,89,96,278,2.5,0,0,0,0,0,0,0,0,0,210

Main.js:462 450,222,180,180,0,0,0,0,0,0,0,0,0,0,0,0,0,0,0,0,0,0,0,0,0,0,0,0,53.069,278.394,18,0,0.427,0.08,0.048,0.015,88,98.5,278,2.5,0,0,0,0,0,0,0,0,0,226

Main.js:462 450,222,180,180,0,0,0,0,0,0,0,0,0,0,0,0,0,0,0,0,0,0,0,0,0,0,0,0,53.52,278.486,19.5,0,0.451,0.092,0.047,0.017,87,101,278,2.5,0,0,0,0,0,0,0,0,0,244

Main.js:462 450,222,180,180,0,0,0,0,0,0,0,0,0,0,0,0,0,0,0,0,0,0,0,0,0,0,0,0,53.992,278.591,21,0,0.473,0.105,0.047,0.018,86,103.5,278,2.5,0,0,0,0,0,0,0,0,0,259

Main.js:462 450,222,180,180,0,0,0,0,0,0,0,0,0,0,0,0,0,0,0,0,0,0,0,0,0,0,0,0,54.485,278.708,22.5,0,0.493,0.118,0.046,0.019,85,106,278,2.5,0,0,0,0,0,0,0,0,0,277

Main.js:462 449.953,222,180,180,-0.047,0,-0.05,0,0,0,0,1,0,0,0,0,0,0,0,0,0,0,0,0,0,0,0,0,54.997,278.84,24,0,0.512,0.131,0.046,0.02,84,108.5,278,2.5,0,0,0,0,0,0,0,0,0,293

Main.js:462 449.86,222,180,180,-0.093,0,-0.05,0,0,0,0,1,0,0,0,0,0,0,0,0,0,0,0,0,0,0,0,0,55.526,278.985,25.5,0,0.529,0.145,0.045,0.022,83,111,278,2.5,0,0,0,0,0,0,0,0,0,311

Main.js:462 449.724,222,180,180,-0.135,0,-0.05,0,0,0,0,1,0,0,0,0,0,0,0,0,0,0,0,0,0,0,0,0,56.07,279.144,27,0,0.545,0.159,0.045,0.023,82,113.5,278,2.5,0,0,0,0,0,0,0,0,0,326

Main.js:462 449.548,222,180,180,-0.176,0,-0.05,0,0,0,0,1,0,0,0,0,0,0,0,0,0,0,0,0,0,0,0,0,56.63,279.318,28.5,0,0.559,0.174,0.044,0.024,81,116,278,2.5,0,0,0,0,0,0,0,0,0,343

Main.js:462 449.333,222,180,180,-0.215,0,-0.05,0,0,0,0,1,0,0,0,0,0,0,0,0,0,0,0,0,0,0,0,0,57.202,279.507,30,0,0.572,0.189,0.043,0.025,80,118.5,278,2.5,0,0,0,0,0,0,0,0,0,359

Main.js:462 449.082,222,180,180,-0.252,0,-0.05,0,0,0,0,1,0,0,0,0,0,0,0,0,0,0,0,0,0,0,0,0,57.787,279.711,31.5,0,0.584,0.204,0.043,0.026,79,121,278,2.5,0,0,0,0,0,0,0,0,0,376

Main.js:462 448.795,222,180,180,-0.287,0,-0.05,0,0,0,0,1,0,0,0,0,0,0,0,0,0,0,0,0,0,0,0,0,58.382,279.931,33,0,0.595,0.22,0.042,0.027,78,123.5,278,2.5,0,0,0,0,0,0,0,0,0,392

Main.js:462 448.475,222,180,180,-0.32,0,-0.05,0,0,0,0,1,0,0,0,0,0,0,0,0,0,0,0,0,0,0,0,0,58.986,280.167,34.5,0,0.604,0.236,0.041,0.028,77,126,278,2.5,0,0,0,0,0,0,0,0,0,408

Main.js:462 448.124,222,180,180,-0.351,0,-0.05,0,0,0,0,1,0,0,0,0,0,0,0,0,0,0,0,0,0,0,0,0,59.598,280.419,36,0,0.613,0.252,0.04,0.029,76,128.5,278,2.5,0,0,0,0,0,0,0,0,0,427

Main.js:462 447.743,222,180,180,-0.381,0,-0.05,0,0,0,0,1,0,0,0,0,0,0,0,0,0,0,0,0,0,0,0,0,60.218,280.688,37.5,0,0.62,0.268,0.04,0.03,75,131,278,2.5,0,0,0,0,0,0,0,0,0,442

Main.js:462 447.333,222,180,180,-0.41,0,-0.05,0,0,0,0,1,0,0,0,0,0,0,0,0,0,0,0,0,0,0,0,0,60.844,280.973,39,0,0.626,0.285,0.039,0.031,74,133.5,278,2.5,0,0,0,0,0,0,0,0,0,460

Main.js:462 446.897,222,180,180,-0.437,0,-0.05,0,0,0,0,1,0,0,0,0,0,0,0,0,0,0,0,0,0,0,0,0,61.474,281.274,40.5,0,0.63,0.301,0.038,0.032,73,136,278,2.5,0,0,0,0,0,0,0,0,0,476

Main.js:462 446.434,222,180,180,-0.462,0,-0.05,0,0,0,0,1,0,0,0,0,0,0,0,0,0,0,0,0,0,0,0,0,62.108,281.592,42,0,0.634,0.318,0.037,0.033,72,138.5,278,2.5,0,0,0,0,0,0,0,0,0,492

Main.js:462 445.947,222,180,180,-0.487,0,-0.05,0,0,0,0,1,0,0,0,0,0,0,0,0,0,0,0,0,0,0,0,0,62.745,281.927,43.5,0,0.637,0.335,0.036,0.034,71,141,278,2.5,0,0,0,0,0,0,0,0,0,509

Main.js:462 445.438,222,180,180,-0.51,0,-0.05,0,0,0,0,1,0,0,0,0,0,0,0,0,0,0,0,0,0,0,0,0,63.385,282.278,43.5,358.5,0.64,0.351,0.036,0.034,70,143.5,278,2.5,0,0,0,0,0,0,0,0,0,525

Main.js:462 444.906,222,180,180,-0.532,0,-0.05,0,0,0,0,1,0,0,0,0,0,0,0,0,0,0,0,0,0,0,0,0,64.027,282.644,43.5,357,0.642,0.366,0.036,0.034,69,146,278,2.5,0,0,0,0,0,0,0,0,0,544

Main.js:462 444.353,222,180,180,-0.553,0,-0.05,0,0,0,0,1,0,0,0,0,0,0,0,0,0,0,0,0,0,0,0,0,64.671,283.025,43.5,355.5,0.644,0.38,0.036,0.034,68,148.5,278,2.5,0,0,0,0,0,0,0,0,0,560

Main.js:462 443.78,222,180,180,-0.573,0,-0.05,0,0,0,0,1,0,0,0,0,0,0,0,0,0,0,0,0,0,0,0,0,65.318,283.419,43.5,354,0.647,0.394,0.036,0.034,67,151,278,2.5,0,0,0,0,0,0,0,0,0,575

Main.js:462 443.189,222,180,180,-0.592,0,-0.05,0,0,0,0,1,0,0,0,0,0,0,0,0,0,0,0,0,0,0,0,0,65.966,283.826,43.5,352.5,0.649,0.407,0.036,0.034,66,153.5,278,2.5,0,0,0,0,0,0,0,0,0,593

Main.js:462 442.579,222,180,180,-0.609,0,-0.05,0,0,0,0,1,0,0,0,0,0,0,0,0,0,0,0,0,0,0,0,0,66.617,284.246,43.5,351,0.651,0.419,0.036,0.034,65,156,278,2.5,0,0,0,0,0,0,0,0,0,610

Main.js:462 441.953,222,180,180,-0.626,0,-0.05,0,0,0,0,1,0,0,0,0,0,0,0,0,0,0,0,0,0,0,0,0,67.27,284.677,43.5,349.5,0.653,0.431,0.036,0.034,64,158.5,278,2.5,0,0,0,0,0,0,0,0,0,627

Main.js:462 441.31,222.001,178.5,178.5,-0.643,0.001,-0.05,0.001,0,1,0,1,0,0,0,0,0,0,0,0,0,0,0,0,0,0,0,0,67.924,285.119,43.5,348,0.654,0.442,0.036,0.034,63,161,278,2.5,0,0,0,0,0,0,0,0,0,642

Main.js:462 440.652,222.005,177,177,-0.658,0.004,-0.05,0.003,0,1,0,1,0,0,0,0,0,0,0,0,0,0,0,0,0,0,0,0,68.58,285.572,43.5,346.5,0.656,0.453,0.036,0.034,62,163.5,278,2.5,0,0,0,0,0,0,0,0,0,659

Main.js:462 439.98,222.012,175.5,175.5,-0.672,0.007,-0.05,0.004,0,1,0,1,0,0,0,0,0,0,0,0,0,0,0,0,0,0,0,0,69.238,286.035,43.5,345,0.658,0.463,0.036,0.034,61,166,278,2.5,0,0,0,0,0,0,0,0,0,676

Main.js:462 439.294,222.024,174,174,-0.686,0.012,-0.05,0.005,0,1,0,1,0,0,0,0,0,0,0,0,0,0,0,0,0,0,0,0,69.898,286.507,43.5,343.5,0.659,0.473,0.036,0.034,60,168.5,278,2.5,0,0,0,0,0,0,0,0,0,693

Main.js:462 438.595,222.041,172.5,172.5,-0.699,0.017,-0.05,0.007,0,1,0,1,0,0,0,0,0,0,0,0,0,0,0,0,0,0,0,0,70.559,286.989,43.5,342,0.661,0.482,0.036,0.034,59,171,278,2.5,0,0,0,0,0,0,0,0,0,710

Main.js:462 437.884,222.065,171,171,-0.711,0.024,-0.049,0.008,0,1,0,1,0,0,0,0,0,0,0,0,0,0,0,0,0,0,0,0,71.221,287.479,43.5,340.5,0.662,0.49,0.036,0.034,58,173.5,278,2.5,0,0,0,0,0,0,0,0,0,727

Main.js:462 437.162,222.096,171,171,-0.722,0.03,-0.049,0.008,0,0,0,1,0,0,0,0,0,0,0,0,0,0,0,0,0,0,0,0,71.885,287.978,43.5,339,0.664,0.498,0.036,0.034,57,176,278,2.5,0,0,0,0,0,0,0,0,0,742

Main.js:462 436.429,222.132,171,171,-0.733,0.036,-0.049,0.008,0,0,0,1,0,0,0,0,0,0,0,0,0,0,0,0,0,0,0,0,72.55,288.484,43.5,337.5,0.665,0.506,0.036,0.034,56,178.5,278,2.5,0,0,0,0,0,0,0,0,0,760

Main.js:462 435.686,222.173,171,171,-0.743,0.042,-0.049,0.008,0,0,0,1,0,0,0,0,0,0,0,0,0,0,0,0,0,0,0,0,73.216,288.997,43.5,336,0.666,0.514,0.036,0.034,55,181,278,2.5,0,0,0,0,0,0,0,0,0,775

Main.js:462 434.933,222.221,171,171,-0.753,0.047,-0.049,0.008,0,0,0,1,0,0,0,0,0,0,0,0,0,0,0,0,0,0,0,0,73.883,289.518,43.5,334.5,0.667,0.521,0.036,0.034,54,183.5,278,2.5,0,0,0,0,0,0,0,0,0,794

Main.js:462 434.171,222.273,171,171,-0.762,0.052,-0.049,0.008,0,0,0,1,0,0,0,0,0,0,0,0,0,0,0,0,0,0,0,0,74.551,290.045,43.5,333,0.668,0.527,0.036,0.034,53,186,278,2.5,0,0,0,0,0,0,0,0,0,809

Main.js:462 433.4,222.33,171,171,-0.771,0.057,-0.049,0.008,0,0,0,1,0,0,0,0,0,0,0,0,0,0,0,0,0,0,0,0,75.221,290.579,43.5,331.5,0.669,0.534,0.036,0.034,52,188.5,278,2.5,0,0,0,0,0,0,0,0,0,825

Main.js:462 432.62,222.391,171,171,-0.779,0.062,-0.049,0.008,0,0,0,1,0,0,0,0,0,0,0,0,0,0,0,0,0,0,0,0,75.891,291.118,43.5,330,0.67,0.54,0.036,0.034,51,191,278,2.5,0,0,0,0,0,0,0,0,0,843

Main.js:462 431.833,222.457,171,171,-0.787,0.066,-0.049,0.008,0,0,0,1,0,0,0,0,0,0,0,0,0,0,0,0,0,0,0,0,76.563,291.664,43.5,328.5,0.671,0.545,0.036,0.034,50,193.5,278,2.5,0,0,0,0,0,0,0,0,0,860

Main.js:462 431.038,222.527,171,171,-0.795,0.07,-0.049,0.008,0,0,0,1,0,0,0,0,0,0,0,0,0,0,0,0,0,0,0,0,77.235,292.214,43.5,327,0.672,0.551,0.036,0.034,49,196,278,2.5,0,0,0,0,0,0,0,0,0,876

Main.js:462 430.236,222.601,171,171,-0.802,0.074,-0.049,0.008,0,0,0,1,0,0,0,0,0,0,0,0,0,0,0,0,0,0,0,0,77.908,292.77,43.5,325.5,0.673,0.556,0.036,0.034,48,198.5,278,2.5,0,0,0,0,0,0,0,0,0,892

Main.js:462 429.427,222.679,171,171,-0.809,0.078,-0.049,0.008,0,0,0,1,0,0,0,0,0,0,0,0,0,0,0,0,0,0,0,0,78.582,293.331,43.5,324,0.674,0.561,0.036,0.034,47,201,278,2.5,0,0,0,0,0,0,0,0,0,910

Main.js:462 428.612,222.76,171,171,-0.815,0.081,-0.049,0.008,0,0,0,1,0,0,0,0,0,0,0,0,0,0,0,0,0,0,0,0,79.256,293.897,43.5,322.5,0.675,0.565,0.036,0.034,46,203.5,278,2.5,0,0,0,0,0,0,0,0,0,925

Main.js:462 427.79,222.845,171,171,-0.822,0.085,-0.049,0.008,0,0,0,1,0,0,0,0,0,0,0,0,0,0,0,0,0,0,0,0,79.932,294.466,43.5,321,0.675,0.57,0.036,0.034,45,206,278,2.5,0,0,0,0,0,0,0,0,0,942

Main.js:462 426.963,222.933,171,171,-0.827,0.088,-0.049,0.008,0,0,0,1,0,0,0,0,0,0,0,0,0,0,0,0,0,0,0,0,80.608,295.04,43.5,319.5,0.676,0.574,0.036,0.034,44,208.5,278,2.5,0,0,0,0,0,0,0,0,0,959

Main.js:462 426.13,223.024,171,171,-0.833,0.091,-0.049,0.008,0,0,0,1,0,0,0,0,0,0,0,0,0,0,0,0,0,0,0,0,81.284,295.619,43.5,318,0.677,0.578,0.036,0.034,43,211,278,2.5,0,0,0,0,0,0,0,0,0,976

Main.js:462 425.292,223.117,171,171,-0.838,0.094,-0.049,0.008,0,0,0,1,0,0,0,0,0,0,0,0,0,0,0,0,0,0,0,0,81.962,296.2,43.5,316.5,0.677,0.582,0.036,0.034,42,213.5,278,2.5,0,0,0,0,0,0,0,0,0,992

Main.js:462 424.449,223.214,171,171,-0.843,0.097,-0.049,0.008,0,0,0,1,0,0,0,0,0,0,0,0,0,0,0,0,0,0,0,0,82.64,296.786,43.5,315,0.678,0.585,0.036,0.034,41,216,278,2.5,0,0,0,0,0,0,0,0,0,1011

Main.js:462 423.601,223.313,171,171,-0.848,0.099,-0.049,0.008,0,0,0,1,0,0,0,0,0,0,0,0,0,0,0,0,0,0,0,0,83.319,297.374,42,312,0.679,0.588,0.037,0.033,40,218.5,278,2.5,0,0,0,0,0,0,0,0,0,1025

Main.js:462 422.748,223.415,171,171,-0.852,0.102,-0.049,0.008,0,0,0,1,0,0,0,0,0,0,0,0,0,0,0,0,0,0,0,0,84,297.963,40.5,309,0.681,0.589,0.038,0.032,39,221,278,2.5,0,0,0,0,0,0,0,0,0,1043

Main.js:462 421.892,223.519,171,171,-0.857,0.104,-0.049,0.008,0,0,0,1,0,0,0,0,0,0,0,0,0,0,0,0,0,0,0,0,84.685,298.553,39,306,0.684,0.59,0.039,0.031,38,223.5,278,2.5,0,0,0,0,0,0,0,0,0,1061

Main.js:462 421.031,223.625,171,171,-0.861,0.106,-0.049,0.008,0,0,0,1,0,0,0,0,0,0,0,0,0,0,0,0,0,0,0,0,85.372,299.142,37.5,303,0.688,0.589,0.04,0.03,37,226,278,2.5,0,0,0,0,0,0,0,0,0,1077

Main.js:462 420.166,223.733,171,171,-0.865,0.108,-0.049,0.008,0,0,0,1,0,0,0,0,0,0,0,0,0,0,0,0,0,0,0,0,86.064,299.73,36,300,0.692,0.588,0.04,0.029,36,228.5,278,2.5,0,0,0,0,0,0,0,0,0,1092

Main.js:462 419.298,223.843,171,171,-0.868,0.11,-0.049,0.008,0,0,0,1,0,0,0,0,0,0,0,0,0,0,0,0,0,0,0,0,86.761,300.315,34.5,297,0.696,0.585,0.041,0.028,35,231,278,2.5,0,0,0,0,0,0,0,0,0,1110

Main.js:462 418.426,223.956,171,171,-0.872,0.112,-0.049,0.008,0,0,0,1,0,0,0,0,0,0,0,0,0,0,0,0,0,0,0,0,87.462,300.897,33,294,0.701,0.582,0.042,0.027,34,233.5,278,2.5,0,0,0,0,0,0,0,0,0,1127

Main.js:462 417.551,224.07,171,171,-0.875,0.114,-0.049,0.008,0,0,0,1,0,0,0,0,0,0,0,0,0,0,0,0,0,0,0,0,88.169,301.475,31.5,291,0.707,0.578,0.043,0.026,33,236,278,2.5,0,0,0,0,0,0,0,0,0,1144

Main.js:462 416.672,224.185,171,171,-0.878,0.116,-0.049,0.008,0,0,0,1,0,0,0,0,0,0,0,0,0,0,0,0,0,0,0,0,88.881,302.047,30,288,0.713,0.572,0.043,0.025,32,238.5,278,2.5,0,0,0,0,0,0,0,0,0,1159

Main.js:462 415.791,224.303,171,171,-0.881,0.117,-0.049,0.008,0,0,0,1,0,0,0,0,0,0,0,0,0,0,0,0,0,0,0,0,89.6,302.614,28.5,285,0.719,0.566,0.044,0.024,31,241,278,2.5,0,0,0,0,0,0,0,0,0,1177

Main.js:462 414.907,224.422,171,171,-0.884,0.119,-0.049,0.008,0,0,0,1,0,0,0,0,0,0,0,0,0,0,0,0,0,0,0,0,90.325,303.174,27,282,0.725,0.56,0.045,0.023,30,243.5,278,2.5,0,0,0,0,0,0,0,0,0,1193

Main.js:462 414.02,224.542,171,171,-0.887,0.12,-0.049,0.008,0,0,0,1,0,0,0,0,0,0,0,0,0,0,0,0,0,0,0,0,91.057,303.726,25.5,279,0.732,0.552,0.045,0.022,29,246,278,2.5,0,0,0,0,0,0,0,0,0,1210

Main.js:462 413.13,224.664,171,171,-0.889,0.122,-0.049,0.008,0,0,0,1,0,0,0,0,0,0,0,0,0,0,0,0,0,0,0,0,91.796,304.27,24,276,0.739,0.544,0.046,0.02,28,248.5,278,2.5,0,0,0,0,0,0,0,0,0,1226

Main.js:462 412.238,224.787,171,171,-0.892,0.123,-0.049,0.008,0,0,0,1,0,0,0,0,0,0,0,0,0,0,0,0,0,0,0,0,92.541,304.805,22.5,273,0.745,0.535,0.046,0.019,27,251,278,2.5,0,0,0,0,0,0,0,0,0,1242

Main.js:462 411.344,224.912,171,171,-0.894,0.124,-0.049,0.008,0,0,0,1,0,0,0,0,0,0,0,0,0,0,0,0,0,0,0,0,93.294,305.33,21,270,0.753,0.525,0.047,0.018,26,253.5,278,2.5,0,0,0,0,0,0,0,0,0,1259

Main.js:462 410.448,225.037,171,171,-0.896,0.126,-0.049,0.008,0,0,0,1,0,0,0,0,0,0,0,0,0,0,0,0,0,0,0,0,94.053,305.845,19.5,267,0.76,0.515,0.047,0.017,25,256,278,2.5,0,0,0,0,0,0,0,0,0,1277

Main.js:462 409.549,225.164,171,171,-0.899,0.127,-0.049,0.008,0,0,0,1,0,0,0,0,0,0,0,0,0,0,0,0,0,0,0,0,94.82,306.348,18,264,0.767,0.504,0.048,0.015,24,258.5,278,2.5,0,0,0,0,0,0,0,0,0,1292

Main.js:462 408.649,225.291,172.5,172.5,-0.901,0.127,-0.05,0.007,0,0,1,1,0,0,0,0,0,0,0,0,0,0,0,0,0,0,0,0,95.594,306.84,16.5,261,0.774,0.492,0.048,0.014,23,261,278,2.5,0,0,0,0,0,0,0,0,0,1309

Main.js:462 407.746,225.416,174,174,-0.903,0.125,-0.05,0.005,0,0,1,1,0,0,0,0,0,0,0,0,0,0,0,0,0,0,0,0,96.376,307.32,15,258,0.781,0.48,0.048,0.013,22,263.5,278,2.5,0,0,0,0,0,0,0,0,0,1326

Main.js:462 406.841,225.539,175.5,175.5,-0.905,0.123,-0.05,0.004,0,0,1,1,0,0,0,0,0,0,0,0,0,0,0,0,0,0,0,0,97.164,307.787,13.5,255,0.788,0.467,0.049,0.012,21,266,278,2.5,0,0,0,0,0,0,0,0,0,1342

Main.js:462 405.933,225.658,177,177,-0.907,0.119,-0.05,0.003,0,0,1,1,0,0,0,0,0,0,0,0,0,0,0,0,0,0,0,0,97.959,308.24,12,252,0.795,0.453,0.049,0.01,20,268.5,278,2.5,0,0,0,0,0,0,0,0,0,1359

Main.js:462 405.024,225.773,178.5,178.5,-0.909,0.114,-0.05,0.001,0,0,1,1,0,0,0,0,0,0,0,0,0,0,0,0,0,0,0,0,98.762,308.679,10.5,249,0.802,0.439,0.049,0.009,19,271,278,2.5,0,0,0,0,0,0,0,0,0,1375

Main.js:462 404.112,225.881,180,180,-0.911,0.109,-0.05,0,0,0,1,1,0,0,0,0,0,0,0,0,0,0,0,0,0,0,0,0,99.571,309.104,9,246,0.809,0.425,0.049,0.008,18,273.5,278,2.5,0,0,0,0,0,0,0,0,0,1392

Main.js:462 403.199,225.983,181.5,181.5,-0.913,0.102,-0.05,-0.001,0,0,1,1,0,0,0,0,0,0,0,0,0,0,0,0,0,0,0,0,100.387,309.514,7.5,243,0.816,0.41,0.05,0.007,17,276,278,2.5,0,0,0,0,0,0,0,0,0,1410

Main.js:462 402.284,226.078,183,183,-0.915,0.094,-0.05,-0.003,0,0,1,1,0,0,0,0,0,0,0,0,0,0,0,0,0,0,0,0,101.209,309.908,6,240,0.822,0.394,0.05,0.005,16,278.5,278,2.5,0,0,0,0,0,0,0,0,0,1425

Main.js:462 401.367,226.164,184.5,184.5,-0.917,0.086,-0.05,-0.004,0,0,1,1,0,0,0,0,0,0,0,0,0,0,0,0,0,0,0,0,102.038,310.286,4.5,237,0.828,0.378,0.05,0.004,15,281,278,2.5,0,0,0,0,0,0,0,0,0,1443

Main.js:462 400.449,226.24,186,186,-0.918,0.077,-0.05,-0.005,0,0,1,1,0,0,0,0,0,0,0,0,0,0,0,0,0,0,0,0,102.872,310.648,3,234,0.835,0.362,0.05,0.003,14,283.5,278,2.5,0,0,0,0,0,0,0,0,0,1459

Main.js:462 399.53,226.308,186,186,-0.919,0.068,-0.05,-0.005,0,0,0,1,0,0,0,0,0,0,0,0,0,0,0,0,0,0,0,0,103.712,310.993,1.5,231,0.84,0.345,0.05,0.001,13,286,278,2.5,0,0,0,0,0,0,0,0,0,1475

Main.js:462 398.609,226.368,186,186,-0.921,0.06,-0.05,-0.005,0,0,0,1,0,0,0,0,0,0,0,0,0,0,0,0,0,0,0,0,104.558,311.321,0,228,0.846,0.328,0.05,0,12,288.5,278,2.5,0,0,0,0,0,0,0,0,0,1493

Main.js:462 397.687,226.419,186,186,-0.922,0.052,-0.05,-0.005,0,0,0,1,0,0,0,0,0,0,0,0,0,0,0,0,0,0,0,0,105.409,311.631,358.5,225,0.851,0.31,0.05,-0.001,11,291,278,2.5,0,0,0,0,0,0,0,0,0,1509

Main.js:462 396.764,226.463,186,186,-0.923,0.044,-0.05,-0.005,0,0,0,1,0,0,0,0,0,0,0,0,0,0,0,0,0,0,0,0,106.265,311.923,357,222,0.856,0.292,0.05,-0.003,10,293.5,278,2.5,0,0,0,0,0,0,0,0,0,1525

Main.js:462 395.84,226.5,186,186,-0.924,0.037,-0.05,-0.005,0,0,0,1,0,0,0,0,0,0,0,0,0,0,0,0,0,0,0,0,107.125,312.197,355.5,219,0.86,0.274,0.05,-0.004,9,296,278,2.5,0,0,0,0,0,0,0,0,0,1542

Main.js:462 394.915,226.53,186,186,-0.925,0.03,-0.05,-0.005,0,0,0,1,0,0,0,0,0,0,0,0,0,0,0,0,0,0,0,0,107.99,312.452,354,216,0.865,0.255,0.05,-0.005,8,298.5,278,2.5,0,0,0,0,0,0,0,0,0,1560

Main.js:462 393.988,226.554,186,186,-0.926,0.024,-0.05,-0.005,0,0,0,1,0,0,0,0,0,0,0,0,0,0,0,0,0,0,0,0,108.858,312.688,352.5,213,0.868,0.236,0.05,-0.007,7,301,278,2.5,0,0,0,0,0,0,0,0,0,1576

Main.js:462 393.061,226.572,186,186,-0.927,0.017,-0.05,-0.005,0,0,0,1,0,0,0,0,0,0,0,0,0,0,0,0,0,0,0,0,109.73,312.905,351,210,0.872,0.217,0.049,-0.008,6,303.5,278,2.5,0,0,0,0,0,0,0,0,0,1591

Main.js:462 392.133,226.583,186,186,-0.928,0.012,-0.05,-0.005,0,0,0,1,0,0,0,0,0,0,0,0,0,0,0,0,0,0,0,0,110.605,313.103,349.5,207,0.875,0.197,0.049,-0.009,5,306,278,2.5,0,0,0,0,0,0,0,0,0,1611

Main.js:462 391.205,226.589,186,186,-0.929,0.006,-0.05,-0.005,0,0,0,1,0,0,0,0,0,0,0,0,0,0,0,0,0,0,0,0,111.483,313.28,348,204,0.878,0.178,0.049,-0.01,4,308.5,278,2.5,0,0,0,0,0,0,0,0,0,1625

Main.js:462 390.275,226.59,186,186,-0.93,0.001,-0.05,-0.005,0,0,0,1,0,0,0,0,0,0,0,0,0,0,0,0,0,0,0,0,112.363,313.438,346.5,201,0.88,0.158,0.049,-0.012,3,311,278,2.5,0,0,0,0,0,0,0,0,0,1643

Main.js:462 389.345,226.586,186,186,-0.93,-0.004,-0.05,-0.005,0,0,0,1,0,0,0,0,0,0,0,0,0,0,0,0,0,0,0,0,113.245,313.576,345,198,0.882,0.138,0.048,-0.013,2,313.5,278,2.5,0,0,0,0,0,0,0,0,0,1660

Main.js:462 388.413,226.577,186,186,-0.931,-0.009,-0.05,-0.005,0,0,0,1,0,0,0,0,0,0,0,0,0,0,0,0,0,0,0,0,114.129,313.693,343.5,195,0.883,0.117,0.048,-0.014,1,316,278,2.5,0,0,0,0,0,0,0,0,0,1676

Main.js:462 387.482,226.563,186,186,-0.932,-0.013,-0.05,-0.005,0,0,0,1,0,0,0,0,0,0,0,0,0,0,0,0,0,0,0,0,115.013,313.789,342,192,0.884,0.097,0.048,-0.015,0,318.5,278,2.5,0,0,0,0,0,0,0,0,0,1695

Main.js:462 386.549,226.546,186,186,-0.932,-0.018,-0.05,-0.005,0,0,0,1,0,0,0,0,0,0,0,0,0,0,0,0,0,0,0,0,115.898,313.865,340.5,189,0.885,0.076,0.047,-0.017,99,321,278,2.5,0,0,0,0,0,0,0,0,0,1710

Main.js:462 385.616,226.524,186,186,-0.933,-0.022,-0.05,-0.005,0,0,0,1,0,0,0,0,0,0,0,0,0,0,0,0,0,0,0,0,116.783,313.92,339,186,0.885,0.055,0.047,-0.018,98,323.5,278,2.5,0,91.802,310.113,-2.469,-0.391,0,0,0,0,1726

Main.js:462 384.683,226.498,186,186,-0.934,-0.026,-0.05,-0.005,0,0,0,1,0,0,0,0,0,0,0,0,0,0,0,0,0,0,0,0,117.668,313.955,337.5,183,0.885,0.034,0.046,-0.019,97,326,278,2.5,0,89.333,309.722,-2.469,-0.391,0,0,0,0,1743

Main.js:462 383.748,226.469,186,186,-0.934,-0.029,-0.05,-0.005,0,0,0,1,0,0,0,0,0,0,0,0,0,0,0,0,0,0,0,0,118.552,313.968,336,180,0.884,0.013,0.046,-0.02,96,328.5,278,2.5,0,86.864,309.331,-2.469,-0.391,0,0,0,0,1760

Main.js:462 382.814,226.436,186,186,-0.935,-0.033,-0.05,-0.005,0,0,0,1,0,0,0,0,0,0,0,0,0,0,0,0,0,0,0,0,119.434,313.96,334.5,177,0.883,-0.008,0.045,-0.022,95,331,278,2.5,0,84.395,308.94,-2.469,-0.391,0,0,0,0,1775

Main.js:462 381.878,226.4,186,186,-0.935,-0.036,-0.05,-0.005,0,0,0,1,0,0,0,0,0,0,0,0,0,0,0,0,0,0,0,0,120.315,313.931,333,174,0.881,-0.029,0.045,-0.023,94,333.5,278,2.5,0,81.926,308.549,-2.469,-0.391,0,0,0,0,1794

Main.js:462 380.943,226.36,186,186,-0.936,-0.039,-0.05,-0.005,0,0,0,1,0,0,0,0,0,0,0,0,0,0,0,0,0,0,0,0,121.193,313.88,331.5,171,0.878,-0.05,0.044,-0.024,93,336,278,2.5,0,79.456,308.158,-2.469,-0.391,0,0,0,0,1810

Main.js:462 380.007,226.318,186,186,-0.936,-0.042,-0.05,-0.005,0,0,0,1,0,0,0,0,0,0,0,0,0,0,0,0,0,0,0,0,122.069,313.809,330,168,0.876,-0.072,0.043,-0.025,92,338.5,278,2.5,0,76.987,307.767,-2.469,-0.391,0,0,0,0,1826

Main.js:462 379.07,226.273,186,186,-0.937,-0.045,-0.05,-0.005,0,0,0,1,0,0,0,0,0,0,0,0,0,0,0,0,0,0,0,0,122.941,313.716,328.5,165,0.872,-0.093,0.043,-0.026,91,341,278,2.5,0,74.518,307.375,-2.469,-0.391,0,0,0,0,1842

Main.js:462 378.133,226.225,186,186,-0.937,-0.048,-0.05,-0.005,0,0,0,1,0,0,0,0,0,0,0,0,0,0,0,0,0,0,0,0,123.81,313.602,327,162,0.869,-0.114,0.042,-0.027,90,343.5,278,2.5,0,72.049,306.984,-2.469,-0.391,0,0,0,0,1860

Main.js:462 377.196,226.174,186,186,-0.937,-0.05,-0.05,-0.005,0,0,0,1,0,0,0,0,0,0,0,0,0,0,0,0,0,0,0,0,124.674,313.467,325.5,159,0.864,-0.135,0.041,-0.028,89,346,278,2.5,0,69.579,306.593,-2.469,-0.391,0,0,0,0,1877

Main.js:462 376.258,226.121,186,186,-0.938,-0.053,-0.05,-0.005,0,0,0,1,0,0,0,0,0,0,0,0,0,0,0,0,0,0,0,0,125.534,313.31,324,156,0.86,-0.156,0.04,-0.029,88,348.5,278,2.5,0,67.11,306.202,-2.469,-0.391,0,0,0,0,1892

Main.js:462 375.32,226.066,186,186,-0.938,-0.055,-0.05,-0.005,0,0,0,1,0,0,0,0,0,0,0,0,0,0,0,0,0,0,0,0,126.388,313.133,322.5,153,0.854,-0.177,0.04,-0.03,87,351,278,2.5,0,64.641,305.811,-2.469,-0.391,0,0,0,0,1909

Main.js:462 374.381,226.009,186,186,-0.938,-0.057,-0.05,-0.005,0,0,0,1,0,0,0,0,0,0,0,0,0,0,0,0,0,0,0,0,127.236,312.934,321,150,0.848,-0.199,0.039,-0.031,86,353.5,278,2.5,0,62.172,305.42,-2.469,-0.391,0,0,0,0,1926

Main.js:462 373.442,225.949,186,186,-0.939,-0.06,-0.05,-0.005,0,0,0,1,0,0,0,0,0,0,0,0,0,0,0,0,0,0,0,0,128.079,312.715,319.5,147,0.842,-0.219,0.038,-0.032,85,356,278,2.5,0,59.703,305.029,-2.469,-0.391,0,0,0,0,1942

Main.js:462 372.503,225.888,186,186,-0.939,-0.062,-0.05,-0.005,0,0,0,1,0,0,0,0,0,0,0,0,0,0,0,0,0,0,0,0,128.914,312.475,318,144,0.835,-0.24,0.037,-0.033,84,358.5,278,2.5,0,57.233,304.638,-2.469,-0.391,0,0,0,0,1960

Main.js:462 371.564,225.824,186,186,-0.939,-0.063,-0.05,-0.005,0,0,0,1,0,0,0,0,0,0,0,0,0,0,0,0,0,0,0,0,129.742,312.214,316.5,141,0.828,-0.261,0.036,-0.034,83,361,278,2.5,0,54.764,304.247,-2.469,-0.391,0,0,0,0,1976

Main.js:462 370.624,225.759,186,186,-0.94,-0.065,-0.05,-0.005,0,0,0,1,0,0,0,0,0,0,0,0,0,0,0,0,0,0,0,0,130.562,311.932,315,138,0.82,-0.281,0.035,-0.035,82,363.5,278,2.5,0,52.295,303.856,-2.469,-0.391,0,0,0,0,1992

Main.js:462 369.684,225.692,186,186,-0.94,-0.067,-0.05,-0.005,0,0,0,1,0,0,0,0,0,0,0,0,0,0,0,0,0,0,0,0,131.374,311.63,313.5,135,0.812,-0.302,0.034,-0.036,81,366,278,2.5,0,49.826,303.465,-2.469,-0.391,0,0,0,0,2008

Main.js:462 368.744,225.624,186,186,-0.94,-0.069,-0.05,-0.005,0,0,0,1,0,0,0,0,0,0,0,0,0,0,0,0,0,0,0,0,132.179,311.31,315,135,0.805,-0.32,0.035,-0.035,80,368.5,278,2.5,0,47.356,303.074,-2.469,-0.391,0,0,0,0,2025

Main.js:462 367.804,225.554,186,186,-0.94,-0.07,-0.05,-0.005,0,0,0,1,0,0,0,0,0,0,0,0,0,0,0,0,0,0,0,0,132.978,310.973,316.5,135,0.799,-0.337,0.036,-0.034,79,371,278,2.5,0,44.887,302.682,-2.469,-0.391,0,0,0,0,2044

Main.js:462 366.863,225.482,186,186,-0.941,-0.072,-0.05,-0.005,0,0,0,1,0,0,0,0,0,0,0,0,0,0,0,0,0,0,0,0,133.772,310.621,318,135,0.794,-0.352,0.037,-0.033,78,373.5,278,2.5,0,42.418,302.291,-2.469,-0.391,0,0,0,0,2060

Main.js:462 365.923,225.409,186,186,-0.941,-0.073,-0.05,-0.005,0,0,0,1,0,0,0,0,0,0,0,0,0,0,0,0,0,0,0,0,134.563,310.256,319.5,135,0.791,-0.365,0.038,-0.032,77,376,278,2.5,0,39.949,301.9,-2.469,-0.391,0,0,0,0,2076

Main.js:462 364.982,225.335,186,186,-0.941,-0.074,-0.05,-0.005,0,0,0,1,0,0,0,0,0,0,0,0,0,0,0,0,0,0,0,0,135.351,309.879,321,135,0.788,-0.377,0.039,-0.031,76,378.5,278,2.5,0,37.48,301.509,-2.469,-0.391,0,0,0,0,2093

Main.js:462 364.04,225.261,184.5,184.5,-0.941,-0.074,-0.05,-0.004,0,1,0,1,0,0,0,0,0,0,0,0,0,0,0,0,0,0,0,0,136.138,309.492,322.5,135,0.786,-0.387,0.04,-0.03,75,381,278,2.5,0,35.01,301.118,-2.469,-0.391,0,0,0,0,2131

Main.js:462 363.099,225.188,183,183,-0.942,-0.073,-0.05,-0.003,0,1,0,1,0,0,0,0,0,0,0,0,0,0,0,0,0,0,0,0,136.923,309.097,324,135,0.786,-0.395,0.04,-0.029,74,383.5,278,2.5,0,32.541,300.727,-2.469,-0.391,0,0,0,0,2159

Main.js:462 362.157,225.117,181.5,181.5,-0.942,-0.071,-0.05,-0.001,0,1,0,1,0,0,0,0,0,0,0,0,0,0,0,0,0,0,0,0,137.709,308.694,325.5,135,0.785,-0.403,0.041,-0.028,73,386,278,2.5,0,30.072,300.336,-2.469,-0.391,0,0,0,0,2176

Main.js:462 361.214,225.05,180,180,-0.942,-0.067,-0.05,0,0,1,0,1,0,0,0,0,0,0,0,0,0,0,0,0,0,0,0,0,138.495,308.286,327,135,0.786,-0.408,0.042,-0.027,72,388.5,278,2.5,0,27.603,299.945,-2.469,-0.391,0,0,0,0,2192

Main.js:462 360.271,224.987,178.5,178.5,-0.943,-0.062,-0.05,0.001,0,1,0,1,0,0,0,0,0,0,0,0,0,0,0,0,0,0,0,0,139.282,307.873,328.5,135,0.787,-0.413,0.043,-0.026,71,391,278,2.5,0,25.133,299.554,-2.469,-0.391,0,0,0,0,2209

Main.js:462 359.328,224.931,177,177,-0.943,-0.057,-0.05,0.003,0,1,0,1,0,0,0,0,0,0,0,0,0,0,0,0,0,0,0,0,140.071,307.457,330,135,0.789,-0.416,0.043,-0.025,70,393.5,278,2.5,0,22.664,299.163,-2.469,-0.391,0,0,0,0,2226

Main.js:462 358.385,224.88,175.5,175.5,-0.943,-0.05,-0.05,0.004,0,1,0,1,0,0,0,0,0,0,0,0,0,0,0,0,0,0,0,0,140.862,307.039,331.5,135,0.791,-0.418,0.044,-0.024,69,396,278,2.5,0,20.195,298.772,-2.469,-0.391,0,0,0,0,2243

Main.js:462 357.441,224.837,174,174,-0.943,-0.043,-0.05,0.005,0,1,0,1,0,0,0,0,0,0,0,0,0,0,0,0,0,0,0,0,141.656,306.621,333,135,0.794,-0.418,0.045,-0.023,68,398.5,278,2.5,0,17.726,298.381,-2.469,-0.391,0,0,0,0,2259

Main.js:462 356.498,224.803,172.5,172.5,-0.943,-0.034,-0.05,0.007,0,1,0,1,0,0,0,0,0,0,0,0,0,0,0,0,0,0,0,0,142.454,306.203,334.5,135,0.797,-0.418,0.045,-0.022,67,401,278,2.5,0,15.257,297.989,-2.469,-0.391,0,0,0,0,2276

Main.js:462 355.555,224.778,171,171,-0.943,-0.025,-0.049,0.008,0,1,0,1,0,0,0,0,0,0,0,0,0,0,0,0,0,0,0,0,143.254,305.786,336,135,0.801,-0.416,0.046,-0.02,66,403.5,278,2.5,0,12.787,297.598,-2.469,-0.391,0,0,0,0,2292

Main.js:462 354.612,224.761,171,171,-0.943,-0.017,-0.049,0.008,0,0,0,1,0,0,0,0,0,0,0,0,0,0,0,0,0,0,0,0,144.059,305.373,337.5,135,0.805,-0.414,0.046,-0.019,65,406,278,2.5,0,10.318,297.207,-2.469,-0.391,0,0,0,0,2309

Main.js:462 353.67,224.753,171,171,-0.943,-0.008,-0.049,0.008,0,0,0,1,0,0,0,0,0,0,0,0,0,0,0,0,0,0,0,0,144.868,304.963,339,135,0.809,-0.41,0.047,-0.018,64,408.5,278,2.5,0,7.849,296.816,-2.469,-0.391,0,0,0,0,2326

Main.js:462 352.727,224.752,171,171,-0.942,-0.001,-0.049,0.008,0,0,0,1,0,0,0,0,0,0,0,0,0,0,0,0,0,0,0,0,145.681,304.557,340.5,135,0.813,-0.405,0.047,-0.017,63,411,278,2.5,0,5.38,296.425,-2.469,-0.391,0,0,0,0,2342

Main.js:462 351.785,224.759,171,171,-0.942,0.007,-0.049,0.008,0,0,0,1,0,0,0,0,0,0,0,0,0,0,0,0,0,0,0,0,146.498,304.157,342,135,0.818,-0.4,0.048,-0.015,62,413.5,278,2.5,0,2.91,296.034,-2.469,-0.391,0,0,0,0,2360

Main.js:462 350.843,224.773,171,171,-0.942,0.014,-0.049,0.008,0,0,0,1,0,0,0,0,0,0,0,0,0,0,0,0,0,0,0,0,147.321,303.764,343.5,135,0.822,-0.393,0.048,-0.014,61,416,278,2.5,0,0.441,295.643,-2.469,-0.391,0,0,0,0,2377

Main.js:462 349.901,224.794,171,171,-0.942,0.021,-0.049,0.008,0,0,0,1,0,0,0,0,0,0,0,0,0,0,0,0,0,0,0,0,148.148,303.378,345,135,0.827,-0.386,0.048,-0.013,60,418.5,278,2.5,0,0,0,0,0,0,0,0,0,2394

Main.js:462 348.96,224.821,171,171,-0.942,0.027,-0.049,0.008,0,0,0,1,0,0,0,0,0,0,0,0,0,0,0,0,0,0,0,0,148.979,303,346.5,135,0.832,-0.378,0.049,-0.012,59,421,278,2.5,0,0,0,0,0,0,0,0,0,2409

Main.js:462 348.018,224.854,171,171,-0.941,0.033,-0.049,0.008,0,0,0,1,0,0,0,0,0,0,0,0,0,0,0,0,0,0,0,0,149.816,302.632,348,135,0.837,-0.369,0.049,-0.01,58,423.5,278,2.5,0,0,0,0,0,0,0,0,0,2426

Main.js:462 347.077,224.893,171,171,-0.941,0.039,-0.049,0.008,0,0,0,1,0,0,0,0,0,0,0,0,0,0,0,0,0,0,0,0,150.658,302.273,349.5,135,0.842,-0.359,0.049,-0.009,57,426,278,2.5,0,0,0,0,0,0,0,0,0,2442

Main.js:462 346.136,224.938,171,171,-0.941,0.044,-0.049,0.008,99,0,0,1,0,1,0,0,0,0,0,0,0,0,0,0,0,0,0,0,151.504,301.924,351,135,0.846,-0.348,0.049,-0.008,56,428.5,278,2.5,0,0,0,0,0,0,0,0,0,2458

Main.js:462 345.195,224.987,171,171,-0.941,0.05,-0.049,0.008,98,0,0,1,0,1,0,0,323.866,228.569,-2.469,0.391,0,0,0,0,0,0,0,0,152.355,301.587,352.5,135,0.851,-0.337,0.05,-0.007,55,431,278,2.5,0,0,0,0,0,0,0,0,0,2475

Main.js:462 344.254,225.042,171,171,-0.941,0.055,-0.049,0.008,97,0,0,1,0,1,0,0,321.397,228.96,-2.469,0.391,0,0,0,0,0,0,0,0,153.211,301.262,354,135,0.856,-0.325,0.05,-0.005,54,433.5,278,2.5,0,0,0,0,0,0,0,0,0,2493

Main.js:462 343.313,225.101,171,171,-0.941,0.059,-0.049,0.008,96,0,0,1,0,1,0,0,318.928,229.352,-2.469,0.391,0,0,0,0,0,0,0,0,154.072,300.949,355.5,135,0.86,-0.313,0.05,-0.004,53,436,278,2.5,0,0,0,0,0,0,0,0,0,2509

Main.js:462 342.372,225.165,171,171,-0.941,0.064,-0.049,0.008,95,0,0,1,0,0,0,0,316.459,229.743,-2.469,0.391,0,0,0,0,0,0,0,0,154.936,300.648,355.5,133.5,0.865,-0.301,0.05,-0.004,52,438.5,278,2.5,0,0,0,0,0,0,0,0,0,2525

Main.js:462 341.432,225.233,171,171,-0.941,0.068,-0.049,0.008,94,0,0,1,0,0,0,0,313.989,230.134,-2.469,0.391,0,0,0,0,0,0,0,0,155.805,300.359,355.5,132,0.869,-0.29,0.05,-0.004,51,441,278,2.5,0,0,0,0,0,0,0,0,0,2544

Main.js:462 340.492,225.306,169.5,169.5,-0.94,0.073,-0.049,0.009,93,1,0,1,0,0,0,0,311.52,230.525,-2.469,0.391,0,0,0,0,0,0,0,0,156.678,300.08,355.5,130.5,0.873,-0.279,0.05,-0.004,50,443.5,278,2.5,0,0,0,0,0,0,0,0,0,2559

Main.js:462 339.552,225.386,168,168,-0.94,0.079,-0.049,0.01,92,1,0,1,0,0,0,0,309.051,230.916,-2.469,0.391,0,0,0,0,0,0,0,0,157.555,299.811,355.5,129,0.877,-0.269,0.05,-0.004,49,446,278,2.5,0,0,0,0,0,0,0,0,0,2577

Main.js:462 338.613,225.472,166.5,166.5,-0.939,0.087,-0.049,0.012,91,1,0,1,0,0,0,0,306.582,231.307,-2.469,0.391,0,0,0,0,0,0,0,0,158.435,299.552,355.5,127.5,0.88,-0.259,0.05,-0.004,48,448.5,278,2.5,0,0,0,0,0,0,0,0,0,2593

Main.js:462 337.675,225.567,165,165,-0.938,0.095,-0.048,0.013,90,1,0,1,0,0,0,0,304.112,231.698,-2.469,0.391,0,0,0,0,0,0,0,0,159.318,299.303,355.5,126,0.883,-0.25,0.05,-0.004,47,451,278,2.5,0,0,0,0,0,0,0,0,0,2610

Main.js:462 336.739,225.67,163.5,163.5,-0.936,0.103,-0.048,0.014,89,1,0,1,0,0,0,0,301.643,232.089,-2.469,0.391,0,0,0,0,0,0,0,0,160.205,299.062,355.5,124.5,0.887,-0.241,0.05,-0.004,46,453.5,278,2.5,0,0,0,0,0,0,0,0,0,2625

Main.js:462 335.804,225.783,162,162,-0.935,0.113,-0.048,0.015,88,1,0,1,0,0,0,0,299.174,232.48,-2.469,0.391,0,0,0,0,0,0,0,0,161.094,298.829,355.5,123,0.89,-0.233,0.05,-0.004,45,456,278,2.5,0,0,0,0,0,0,0,0,0,2643

Main.js:462 334.871,225.905,162,162,-0.933,0.122,-0.048,0.015,87,0,0,1,0,0,0,0,296.705,232.871,-2.469,0.391,0,0,0,0,0,0,0,0,161.987,298.604,355.5,121.5,0.892,-0.225,0.05,-0.004,44,458.5,278,2.5,0,0,0,0,0,0,0,0,0,2659

Main.js:462 333.939,226.035,162,162,-0.932,0.13,-0.048,0.015,86,0,0,1,0,0,0,0,294.236,233.262,-2.469,0.391,0,0,0,0,0,0,0,0,162.882,298.387,355.5,120,0.895,-0.217,0.05,-0.004,43,461,278,2.5,0,0,0,0,0,0,0,0,0,2675

Main.js:462 333.009,226.174,162,162,-0.93,0.139,-0.048,0.015,85,0,0,1,0,0,0,0,291.766,233.653,-2.469,0.391,0,0,0,0,0,0,0,0,163.78,298.177,355.5,118.5,0.898,-0.21,0.05,-0.004,42,463.5,278,2.5,0,0,0,0,0,0,0,0,0,2692

Main.js:462 332.08,226.32,162,162,-0.929,0.146,-0.048,0.015,84,0,0,1,0,0,0,0,289.297,234.045,-2.469,0.391,0,0,0,0,0,0,0,0,164.68,297.974,355.5,117,0.9,-0.203,0.05,-0.004,41,466,278,2.5,0,0,0,0,0,0,0,0,0,2709

Main.js:462 331.152,226.474,162,162,-0.928,0.154,-0.048,0.015,83,0,0,1,0,0,0,0,286.828,234.436,-2.469,0.391,0,0,0,0,0,0,0,0,165.582,297.777,355.5,115.5,0.903,-0.197,0.05,-0.004,40,468.5,278,2.5,0,0,0,0,0,0,0,0,0,2726

Main.js:462 330.271,226.62,162,162,-0.881,0.146,0,0,82,0,0,0,0,0,0,0,284.359,234.827,-2.469,0.391,0,0,0,0,0,0,0,0,166.487,297.586,355.5,114,0.905,-0.191,0.05,-0.004,39,471,278,2.5,0,0,0,0,0,0,0,0,0,2744

Main.js:462 329.434,226.759,162,162,-0.837,0.139,0,0,81,0,0,0,0,0,0,0,281.889,235.218,-2.469,0.391,0,0,0,0,0,0,0,0,167.394,297.401,355.5,112.5,0.907,-0.185,0.05,-0.004,38,473.5,278,2.5,0,0,0,0,0,0,0,0,0,2759

Main.js:462 328.638,226.891,162,162,-0.795,0.132,0,0,80,0,0,0,0,0,0,0,279.42,235.609,-2.469,0.391,0,0,0,0,0,0,0,0,168.303,297.222,355.5,111,0.909,-0.179,0.05,-0.004,37,476,278,2.5,0,0,0,0,0,0,0,0,0,2775

Main.js:462 327.883,227.016,162,162,-0.756,0.125,0,0,79,0,0,0,0,1,0,0,276.951,236,-2.469,0.391,0,0,0,0,0,0,0,0,169.214,297.048,355.5,109.5,0.911,-0.174,0.05,-0.004,36,478.5,278,2.5,0,0,0,0,0,0,0,0,0,2794

Main.js:462 327.165,227.135,162,162,-0.718,0.119,0,0,78,0,0,0,0,1,0,0,274.482,236.391,-2.469,0.391,0,0,0,0,0,0,0,0,170.127,296.879,355.5,108,0.913,-0.169,0.05,-0.004,35,481,278,2.5,0,0,0,0,0,0,0,0,0,2809

Main.js:462 326.483,227.248,162,162,-0.682,0.113,0,0,77,0,0,0,0,1,0,0,272.013,236.782,-2.469,0.391,0,0,0,0,0,0,0,0,171.041,296.714,355.5,106.5,0.914,-0.164,0.05,-0.004,34,483.5,278,2.5,0,0,0,0,0,0,0,0,0,2826

Main.js:462 325.835,227.355,162,162,-0.648,0.107,0,0,76,0,0,0,0,1,0,0,269.543,237.173,-2.469,0.391,0,0,0,0,0,0,0,0,171.957,296.554,355.5,105,0.916,-0.16,0.05,-0.004,33,486,278,2.5,0,0,0,0,0,0,0,0,0,2842

Main.js:462 325.219,227.457,162,162,-0.615,0.102,0,0,75,0,0,0,0,1,0,0,267.074,237.564,-2.469,0.391,0,0,0,0,0,0,0,0,172.875,296.399,355.5,103.5,0.918,-0.156,0.05,-0.004,32,488.5,278,2.5,0,0,0,0,0,0,0,0,0,2860

Main.js:462 324.635,227.554,162,162,-0.585,0.097,0,0,74,0,0,0,0,0,0,0,264.605,237.955,-2.469,0.391,0,0,0,0,0,0,0,0,173.794,296.247,355.5,102,0.919,-0.152,0.05,-0.004,31,491,278,2.5,0,0,0,0,0,0,0,0,0,2875

Main.js:462 324.079,227.646,162,162,-0.555,0.092,0,0,73,0,0,0,0,0,0,0,262.136,238.346,-2.469,0.391,0,0,0,0,0,0,0,0,174.714,296.099,355.5,100.5,0.92,-0.148,0.05,-0.004,30,493.5,278,2.5,0,0,0,0,0,0,0,0,0,2893

Main.js:462 323.552,227.734,162,162,-0.528,0.087,0,0,72,0,0,0,0,0,0,0,259.666,238.738,-2.469,0.391,0,0,0,0,0,0,0,0,175.636,295.955,355.5,99,0.922,-0.144,0.05,-0.004,29,496,278,2.5,0,0,0,0,0,0,0,0,0,2909

Main.js:462 323.05,227.817,162,162,-0.501,0.083,0,0,71,0,0,0,0,0,0,0,257.197,239.129,-2.469,0.391,0,0,0,0,0,0,0,0,176.559,295.815,355.5,97.5,0.923,-0.141,0.05,-0.004,28,498.5,278,2.5,0,0,0,0,0,0,0,0,0,2926

Main.js:462 322.574,227.896,162,162,-0.476,0.079,0,0,70,0,0,0,0,0,0,0,257.197,239.129,-2.469,0.391,0,0,0,0,0,0,0,0,177.483,295.677,355.5,96,0.924,-0.137,0.05,-0.004,27,0,0,0,0,0,0,0,0,0,0,0,0,2943

Main.js:462 322.122,227.971,162,162,-0.452,0.075,0,0,69,0,0,0,0,0,0,0,254.728,239.52,-2.469,0.391,0,0,0,0,0,0,0,0,178.409,295.543,355.5,94.5,0.925,-0.134,0.05,-0.004,26,0,0,0,0,0,0,0,0,0,0,0,0,2960

Main.js:462 321.692,228.042,162,162,-0.43,0.071,0,0,68,0,0,0,0,1,0,0,252.259,239.911,-2.469,0.391,0,0,0,0,0,0,0,0,179.335,295.412,355.5,93,0.926,-0.131,0.05,-0.004,25,0,0,0,0,0,0,0,0,0,0,0,0,2976

Main.js:462 321.284,228.109,162,162,-0.408,0.068,0,0,67,0,0,0,0,1,0,0,249.79,240.302,-2.469,0.391,0,0,0,0,0,0,0,0,180.262,295.284,355.5,91.5,0.927,-0.128,0.05,-0.004,24,0,0,0,0,0,0,0,0,0,0,0,0,2994

Main.js:462 320.896,228.174,162,162,-0.388,0.064,0,0,66,0,0,0,0,1,0,0,247.32,240.693,-2.469,0.391,0,0,0,0,0,0,0,0,181.191,295.158,355.5,90,0.928,-0.126,0.05,-0.004,23,0,0,0,0,0,0,0,0,0,0,0,0,3009

Main.js:462 320.527,228.235,162,162,-0.369,0.061,0,0,65,0,0,0,0,1,0,0,244.851,241.084,-2.469,0.391,0,0,0,0,0,0,0,0,182.12,295.033,354,87,0.929,-0.124,0.05,-0.005,22,0,0,0,0,0,0,0,0,0,0,0,0,3025

Main.js:462 320.177,228.293,162,162,-0.35,0.058,0,0,64,0,0,0,0,1,0,0,242.382,241.475,-2.469,0.391,0,0,0,0,0,0,0,0,183.05,294.909,352.5,84,0.93,-0.124,0.05,-0.007,21,0,0,0,0,0,0,0,0,0,0,0,0,3042

Main.js:462 319.845,228.348,162,162,-0.333,0.055,0,0,63,0,0,0,0,0,0,0,239.913,241.866,-2.469,0.391,0,0,0,0,0,0,0,0,183.98,294.784,351,81,0.93,-0.126,0.049,-0.008,20,0,0,0,0,0,0,0,0,0,0,0,0,3060

Main.js:462 319.529,228.4,162,162,-0.316,0.052,0,0,62,0,0,0,0,0,0,0,237.443,242.257,-2.469,0.391,0,0,0,0,0,0,0,0,184.911,294.656,349.5,78,0.931,-0.128,0.049,-0.009,19,0,0,0,0,0,0,0,0,0,0,0,0,3076

Main.js:462 319.228,228.45,162,162,-0.3,0.05,0,0,61,0,0,0,0,0,0,0,234.974,242.648,-2.469,0.391,0,0,0,0,0,0,0,0,185.841,294.524,348,75,0.93,-0.131,0.049,-0.01,18,0,0,0,0,0,0,0,0,0,0,0,0,3092

Main.js:462 318.943,228.497,162,162,-0.285,0.047,0,0,60,0,0,0,0,0,0,0,232.505,243.04,-2.469,0.391,0,0,0,0,0,0,0,0,186.772,294.388,346.5,72,0.93,-0.136,0.049,-0.012,17,0,0,0,0,0,0,0,0,0,0,0,0,3109

Main.js:462 318.672,228.542,162,162,-0.271,0.045,0,0,59,0,0,0,0,0,0,0,230.036,243.431,-2.469,0.391,0,0,0,0,0,0,0,0,187.701,294.247,345,69,0.93,-0.141,0.048,-0.013,16,0,0,0,0,0,0,0,0,0,0,0,0,3126

Main.js:462 318.415,228.585,162,162,-0.257,0.043,0,0,58,0,0,0,0,0,0,0,227.567,243.822,-2.469,0.391,0,0,0,0,0,0,0,0,188.63,294.099,343.5,66,0.929,-0.148,0.048,-0.014,15,0,0,0,0,0,0,0,0,0,0,0,0,3141

Main.js:462 318.171,228.625,162,162,-0.244,0.041,0,0,57,0,0,0,0,1,0,0,225.097,244.213,-2.469,0.391,0,0,0,0,0,0,0,0,189.557,293.944,342,63,0.927,-0.155,0.048,-0.015,14,0,0,0,0,0,0,0,0,0,0,0,0,3159

Main.js:462 317.938,228.664,162,162,-0.232,0.038,0,0,56,0,0,0,0,1,0,0,222.628,244.604,-2.469,0.391,0,0,0,0,0,0,0,0,190.483,293.781,340.5,60,0.926,-0.163,0.047,-0.017,13,0,0,0,0,0,0,0,0,0,0,0,0,3177

Main.js:462 317.718,228.7,162,162,-0.221,0.037,0,0,55,0,0,0,0,1,0,0,220.159,244.995,-2.469,0.391,0,0,0,0,0,0,0,0,191.407,293.609,339,57,0.924,-0.172,0.047,-0.018,12,0,0,0,0,0,0,0,0,0,0,0,0,3193

Main.js:462 317.508,228.735,162,162,-0.21,0.035,0,0,54,0,0,0,0,1,0,0,217.69,245.386,-2.469,0.391,0,0,0,0,0,0,0,0,192.328,293.427,337.5,54,0.921,-0.182,0.046,-0.019,11,0,0,0,0,0,0,0,0,0,0,0,0,3209

Main.js:462 317.309,228.768,162,162,-0.199,0.033,0,0,53,0,0,0,0,1,0,0,215.22,245.777,-2.469,0.391,0,0,0,0,0,0,0,0,193.247,293.235,336,51,0.919,-0.192,0.046,-0.02,10,0,0,0,0,0,0,0,0,0,0,0,0,3226

Main.js:462 317.12,228.799,162,162,-0.189,0.031,0,0,52,0,0,0,0,0,0,0,212.751,246.168,-2.469,0.391,0,0,0,0,0,0,0,0,194.163,293.032,334.5,48,0.916,-0.203,0.045,-0.022,9,0,0,0,0,0,0,0,0,0,0,0,0,3242

Main.js:462 316.94,228.829,160.5,160.5,-0.18,0.03,0,0,51,1,0,0,0,0,0,0,210.282,246.559,-2.469,0.391,0,0,0,0,0,0,0,0,195.075,292.818,333,45,0.912,-0.214,0.045,-0.023,8,0,0,0,0,0,0,0,0,0,0,0,0,3259

Main.js:462 316.769,228.857,159,159,-0.171,0.028,0,0,50,1,0,0,0,0,0,0,207.813,246.95,-2.469,0.391,0,0,0,0,0,0,0,0,195.983,292.592,331.5,42,0.908,-0.226,0.044,-0.024,7,0,0,0,0,0,0,0,0,0,0,0,0,3275

Main.js:462 316.607,228.884,157.5,157.5,-0.162,0.027,0,0,49,1,0,0,0,0,0,0,205.344,247.341,-2.469,0.391,0,0,0,0,0,0,0,0,196.887,292.353,330,39,0.904,-0.239,0.043,-0.025,6,0,0,0,0,0,0,0,0,0,0,0,0,3292

Main.js:462 316.453,228.91,156,156,-0.154,0.026,0,0,48,1,0,0,0,0,0,0,202.874,247.733,-2.469,0.391,0,0,0,0,0,0,0,0,197.787,292.102,328.5,36,0.899,-0.251,0.043,-0.026,5,0,0,0,0,0,0,0,0,0,0,0,0,3309

Main.js:462 316.307,228.934,154.5,154.5,-0.146,0.024,0,0,47,1,0,0,0,1,0,0,200.405,248.124,-2.469,0.391,0,0,0,0,0,0,0,0,198.681,291.837,327,33,0.894,-0.265,0.042,-0.027,4,0,0,0,0,0,0,0,0,0,0,0,0,3326

Main.js:462 316.168,228.957,154.5,154.5,-0.139,0.023,0,0,46,0,0,0,0,1,0,0,197.936,248.515,-2.469,0.391,0,0,0,0,0,0,0,0,199.57,291.559,325.5,30,0.889,-0.278,0.041,-0.028,3,0,0,0,0,0,0,0,0,0,0,0,0,3342

Main.js:462 316.036,228.979,154.5,154.5,-0.132,0.022,0,0,45,0,0,0,0,1,0,0,195.467,248.906,-2.469,0.391,0,0,0,0,0,0,0,0,200.452,291.266,324,27,0.883,-0.292,0.04,-0.029,2,0,0,0,0,0,0,0,0,0,0,0,0,3359

Main.js:462 315.91,229,154.5,154.5,-0.125,0.021,0,0,44,0,0,0,0,1,0,0,192.997,249.297,-2.469,0.391,0,0,0,0,0,0,0,0,201.329,290.96,322.5,24,0.876,-0.307,0.04,-0.03,1,0,0,0,0,0,0,0,0,0,0,0,0,3375

Main.js:462 315.791,229.02,154.5,154.5,-0.119,0.02,0,0,43,0,0,0,0,1,0,0,190.528,249.688,-2.469,0.391,0,0,0,0,0,0,0,0,202.198,290.638,321,21,0.869,-0.321,0.039,-0.031,0,0,0,0,0,0,0,0,0,0,0,0,0,3394

Main.js:462 315.678,229.038,154.5,154.5,-0.113,0.019,0,0,42,0,0,0,0,0,0,0,188.059,250.079,-2.469,0.391,0,0,0,0,0,0,0,0,203.06,290.302,319.5,18,0.862,-0.336,0.038,-0.032,99,0,0,0,0,0,0,0,0,0,0,0,0,3409

Main.js:462 315.57,229.056,154.5,154.5,-0.108,0.018,0,0,41,0,0,0,0,0,0,0,185.59,250.47,-2.469,0.391,0,0,0,0,0,0,0,0,203.914,289.951,318,15,0.854,-0.351,0.037,-0.033,98,224.548,297.9,2.378,0.773,0,0,0,0,0,0,0,0,3425

Main.js:462 315.468,229.073,154.5,154.5,-0.102,0.017,0,0,40,0,0,0,0,0,0,0,183.121,250.861,-2.469,0.391,0,0,0,0,0,0,0,0,204.76,289.585,316.5,12,0.846,-0.366,0.036,-0.034,97,226.925,298.673,2.378,0.773,0,0,0,0,0,0,0,0,3443

Main.js:462 315.371,229.089,154.5,154.5,-0.097,0.016,0,0,39,0,0,0,0,0,0,0,180.651,251.252,-2.469,0.391,0,0,0,0,0,0,0,0,205.597,289.204,315,9,0.837,-0.381,0.035,-0.035,96,229.303,299.445,2.378,0.773,0,0,0,0,0,0,0,0,3461

Main.js:462 315.278,229.105,154.5,154.5,-0.092,0.015,0,0,38,0,0,0,0,0,0,0,178.182,251.643,-2.469,0.391,0,0,0,0,0,0,0,0,206.425,288.807,313.5,6,0.828,-0.397,0.034,-0.036,95,231.681,300.218,2.378,0.773,0,0,0,0,0,0,0,0,3476

Main.js:462 315.191,229.119,154.5,154.5,-0.088,0.015,0,0,37,0,0,0,0,1,0,0,175.713,252.034,-2.469,0.391,0,0,0,0,0,0,0,0,207.244,288.394,312,3,0.818,-0.412,0.033,-0.037,94,234.058,300.99,2.378,0.773,0,0,0,0,0,0,0,0,3493

Main.js:462 315.108,229.133,153,153,-0.083,0.014,0,0,36,1,0,0,0,1,0,0,173.244,252.426,-2.469,0.391,0,0,0,0,0,0,0,0,208.052,287.967,310.5,0,0.808,-0.428,0.032,-0.038,93,236.436,301.763,2.378,0.773,0,0,0,0,0,0,0,0,3509

Main.js:462 315.028,229.146,151.5,151.5,-0.079,0.013,0,0,35,1,0,0,0,1,0,0,170.774,252.817,-2.469,0.391,0,0,0,0,0,0,0,0,208.85,287.523,309,-3,0.798,-0.443,0.031,-0.039,92,238.814,302.535,2.378,0.773,0,0,0,0,0,0,0,0,3525

Main.js:462 314.953,229.158,150,150,-0.075,0.012,0,0,34,1,0,0,0,1,0,0,168.305,253.208,-2.469,0.391,0,0,0,0,0,0,0,0,209.637,287.064,307.5,-6,0.787,-0.459,0.03,-0.04,91,241.191,303.308,2.378,0.773,0,0,0,0,0,0,0,0,3544

Main.js:462 314.882,229.17,148.5,148.5,-0.071,0.012,0,0,33,1,0,0,0,1,0,0,165.836,253.599,-2.469,0.391,0,0,0,0,0,0,0,0,210.413,286.59,306,-9,0.775,-0.474,0.029,-0.04,90,243.569,304.081,2.378,0.773,0,0,0,0,0,0,0,0,3560

Main.js:462 314.814,229.181,147,147,-0.068,0.011,0,0,32,1,0,0,0,0,0,0,163.367,253.99,-2.469,0.391,0,0,0,0,0,0,0,0,211.176,286.1,304.5,-12,0.764,-0.49,0.028,-0.041,89,245.947,304.853,2.378,0.773,0,0,0,0,0,0,0,0,3576

Main.js:462 314.75,229.192,145.5,145.5,-0.064,0.011,0,0,31,1,0,0,0,0,0,0,160.898,254.381,-2.469,0.391,0,0,0,0,0,0,0,0,211.927,285.595,303,-15,0.751,-0.505,0.027,-0.042,88,248.324,305.626,2.378,0.773,0,0,0,0,0,0,0,0,3593

Main.js:462 314.688,229.202,144,144,-0.061,0.01,0,0,30,1,0,0,0,0,0,0,158.428,254.772,-2.469,0.391,0,0,0,0,0,0,0,0,212.666,285.075,301.5,-18,0.739,-0.52,0.026,-0.043,87,250.702,306.398,2.378,0.773,0,0,0,0,0,0,0,0,3610

Main.js:462 314.63,229.212,142.5,142.5,-0.058,0.01,0,0,29,1,0,0,0,0,0,0,155.959,255.163,-2.469,0.391,0,0,0,0,0,0,0,0,213.391,284.539,300,-21,0.725,-0.535,0.025,-0.043,86,253.08,307.171,2.378,0.773,0,0,0,0,0,0,0,0,3626

Main.js:462 314.575,229.221,142.5,142.5,-0.055,0.009,0,0,28,0,0,0,0,0,0,0,153.49,255.554,-2.469,0.391,0,0,0,0,0,0,0,0,214.103,283.989,298.5,-24,0.712,-0.55,0.024,-0.044,85,255.457,307.943,2.378,0.773,0,0,0,0,0,0,0,0,3644

Main.js:462 314.523,229.23,142.5,142.5,-0.052,0.009,0,0,27,0,0,0,0,1,0,0,151.021,255.945,-2.469,0.391,0,0,0,0,0,0,0,0,214.801,283.424,297,-27,0.698,-0.565,0.023,-0.045,84,257.835,308.716,2.378,0.773,0,0,0,0,0,0,0,0,3660

Main.js:462 314.473,229.238,142.5,142.5,-0.05,0.008,0,0,26,0,0,0,0,1,0,0,148.552,256.336,-2.469,0.391,0,0,0,0,0,0,0,0,215.484,282.844,295.5,-30,0.683,-0.58,0.022,-0.045,83,260.212,309.488,2.378,0.773,0,0,0,0,0,0,0,0,3676

Main.js:462 314.425,229.246,142.5,142.5,-0.047,0.008,0,0,25,0,0,0,0,1,0,0,146.082,256.728,-2.469,0.391,0,0,0,0,0,0,0,0,216.152,282.249,294,-33,0.668,-0.594,0.02,-0.046,82,262.59,310.261,2.378,0.773,0,0,0,0,0,0,0,0,3693

Main.js:462 314.38,229.253,142.5,142.5,-0.045,0.007,0,0,24,0,0,0,0,1,0,0,143.613,257.119,-2.469,0.391,0,0,0,0,0,0,0,0,216.806,281.641,292.5,-36,0.653,-0.608,0.019,-0.046,81,264.968,311.033,2.378,0.773,0,0,0,0,0,0,0,0,3709

Main.js:462 314.338,229.26,142.5,142.5,-0.043,0.007,0,0,23,0,0,0,0,1,0,0,141.144,257.51,-2.469,0.391,0,0,0,0,0,0,0,0,217.443,281.019,291,-39,0.638,-0.622,0.018,-0.047,80,267.345,311.806,2.378,0.773,0,0,0,0,0,0,0,0,3726

Main.js:462 314.297,229.267,142.5,142.5,-0.041,0.007,0,0,22,0,0,0,0,1,0,0,138.675,257.901,-2.469,0.391,0,0,0,0,0,0,0,0,218.065,280.383,289.5,-42,0.622,-0.636,0.017,-0.047,79,269.723,312.579,2.378,0.773,0,0,0,0,0,0,0,0,3743

Main.js:462 314.259,229.274,142.5,142.5,-0.039,0.006,0,0,21,0,0,0,0,0,0,0,136.205,258.292,-2.469,0.391,0,0,0,0,0,0,0,0,218.67,279.733,288,-45,0.605,-0.649,0.015,-0.048,78,272.101,313.351,2.378,0.773,0,0,0,0,0,0,0,0,3760

Main.js:462 314.222,229.28,142.5,142.5,-0.037,0.006,0,0,20,0,0,0,0,0,0,0,133.736,258.683,-2.469,0.391,0,0,0,0,0,0,0,0,219.258,279.071,286.5,-48,0.588,-0.662,0.014,-0.048,77,274.478,314.124,2.378,0.773,0,0,0,0,0,0,0,0,3775

Main.js:462 314.187,229.285,142.5,142.5,-0.035,0.006,0,0,19,0,0,0,0,0,0,0,131.267,259.074,-2.469,0.391,0,0,0,0,0,0,0,0,219.83,278.396,285,-51,0.571,-0.675,0.013,-0.048,76,276.856,314.896,2.378,0.773,0,0,0,0,0,0,0,0,3792

Main.js:462 314.154,229.291,142.5,142.5,-0.033,0.005,0,0,18,0,0,0,0,0,0,0,128.798,259.465,-2.469,0.391,0,0,0,0,0,0,0,0,220.383,277.708,283.5,-54,0.554,-0.688,0.012,-0.049,75,279.234,315.669,2.378,0.773,0,0,0,0,0,0,0,0,3808

Main.js:462 314.123,229.296,142.5,142.5,-0.031,0.005,0,0,17,0,0,0,0,0,0,0,126.329,259.856,-2.469,0.391,0,0,0,0,0,0,0,0,220.919,277.008,282,-57,0.536,-0.7,0.01,-0.049,74,281.611,316.441,2.378,0.773,0,0,0,0,0,0,0,0,3825

Main.js:462 314.093,229.301,142.5,142.5,-0.03,0.005,0,0,16,0,0,0,0,1,0,0,123.859,260.247,-2.469,0.391,0,0,0,0,0,0,0,0,221.437,276.297,280.5,-60,0.518,-0.711,0.009,-0.049,73,283.989,317.214,2.378,0.773,0,0,0,0,0,0,0,0,3843

Main.js:462 314.064,229.306,142.5,142.5,-0.028,0.005,0,0,15,0,0,0,0,1,0,0,121.39,260.638,-2.469,0.391,0,0,0,0,0,0,0,0,221.936,275.574,279,-63,0.499,-0.723,0.008,-0.049,72,286.367,317.986,2.378,0.773,0,0,0,0,0,0,0,0,3858

Main.js:462 314.037,229.31,142.5,142.5,-0.027,0.004,0,0,14,0,0,0,0,1,0,0,118.921,261.029,-2.469,0.391,0,0,0,0,0,0,0,0,222.417,274.84,277.5,-66,0.481,-0.734,0.007,-0.05,71,288.744,318.759,2.378,0.773,0,0,0,0,0,0,0,0,3876

Main.js:462 314.012,229.314,142.5,142.5,-0.026,0.004,0,0,13,0,0,0,0,1,0,0,116.452,261.421,-2.469,0.391,0,0,0,0,0,0,0,0,222.879,274.096,276,-69,0.462,-0.744,0.005,-0.05,70,291.122,319.531,2.378,0.773,0,0,0,0,0,0,0,0,3892

Main.js:462 313.988,229.318,142.5,142.5,-0.024,0.004,0,0,12,0,0,0,0,1,0,0,113.982,261.812,-2.469,0.391,0,0,0,0,0,0,0,0,223.321,273.342,274.5,-72,0.442,-0.754,0.004,-0.05,69,293.499,320.304,2.378,0.773,0,0,0,0,0,0,0,0,3909

Main.js:462 313.964,229.322,142.5,142.5,-0.023,0.004,0,0,11,0,0,0,0,0,0,0,111.513,262.203,-2.469,0.391,0,0,0,0,0,0,0,0,223.743,272.577,273,-75,0.423,-0.764,0.003,-0.05,68,295.877,321.076,2.378,0.773,0,0,0,0,0,0,0,0,3925

Main.js:462 313.942,229.326,142.5,142.5,-0.022,0.004,0,0,10,0,0,0,0,0,0,0,109.044,262.594,-2.469,0.391,0,0,0,0,0,0,0,0,224.146,271.804,271.5,-78,0.403,-0.773,0.001,-0.05,67,298.255,321.849,2.378,0.773,0,0,0,0,0,0,0,0,3942

Main.js:462 313.922,229.329,142.5,142.5,-0.021,0.003,0,0,9,0,0,0,0,0,0,0,106.575,262.985,-2.469,0.391,0,0,0,0,0,0,0,0,224.529,271.022,270,-81,0.383,-0.782,0,-0.05,66,300.632,322.622,2.378,0.773,0,0,0,0,0,0,0,0,3959

Main.js:462 313.902,229.333,142.5,142.5,-0.02,0.003,0,0,8,0,0,0,0,0,0,0,104.106,263.376,-2.469,0.391,0,0,0,0,0,0,0,0,224.891,270.231,268.5,-84,0.362,-0.791,-0.001,-0.05,65,303.01,323.394,2.378,0.773,0,0,0,0,0,0,0,0,3977

Main.js:462 313.883,229.336,142.5,142.5,-0.019,0.003,0,0,7,0,0,0,0,0,0,0,101.636,263.767,-2.469,0.391,0,0,0,0,0,0,0,0,225.232,269.433,267,-87,0.342,-0.799,-0.003,-0.05,64,305.388,324.167,2.378,0.773,0,0,0,0,0,0,0,0,3993

Main.js:462 313.865,229.339,142.5,142.5,-0.018,0.003,0,0,6,0,0,0,0,1,0,0,99.167,264.158,-2.469,0.391,0,0,0,0,0,0,0,0,225.553,268.627,265.5,-90,0.321,-0.806,-0.004,-0.05,63,307.765,324.939,2.378,0.773,0,0,0,0,0,0,0,0,4008

Main.js:462 313.848,229.342,144,144,-0.017,0.003,0,0,5,0,1,0,0,1,0,0,96.698,264.549,-2.469,0.391,0,0,0,0,0,0,0,0,225.855,267.814,267,-90,0.302,-0.813,-0.003,-0.05,62,310.143,325.712,2.378,0.773,0,0,0,0,0,0,0,0,4025

Main.js:462 313.832,229.344,145.5,145.5,-0.016,0.003,0,0,4,0,1,0,0,1,0,0,94.229,264.94,-2.469,0.391,0,0,0,0,0,0,0,0,226.141,266.994,268.5,-90,0.286,-0.82,-0.001,-0.05,61,312.521,326.484,2.378,0.773,0,0,0,0,0,0,0,0,4043

Main.js:462 313.817,229.347,147,147,-0.015,0.003,0,0,3,0,1,0,0,1,0,0,91.759,265.331,-2.469,0.391,0,0,0,0,0,0,0,0,226.413,266.167,270,-90,0.272,-0.826,0,-0.05,60,314.898,327.257,2.378,0.773,0,0,0,0,0,0,0,0,4062

Main.js:462 313.802,229.349,148.5,148.5,-0.015,0.002,0,0,2,0,1,0,0,1,0,0,89.29,265.723,-2.469,0.391,0,0,0,0,0,0,0,0,226.672,265.335,271.5,-90,0.259,-0.833,0.001,-0.05,59,317.276,328.029,2.378,0.773,0,0,0,0,0,0,0,0,4076

Main.js:462 313.788,229.351,150,150,-0.014,0.002,0,0,1,0,1,0,0,0,0,0,86.821,266.114,-2.469,0.391,0,0,0,0,0,0,0,0,226.921,264.496,273,-90,0.249,-0.838,0.003,-0.05,58,319.653,328.802,2.378,0.773,0,0,0,0,0,0,0,0,4093

Main.js:462 313.775,229.354,151.5,151.5,-0.013,0.002,0,0,0,0,1,0,0,0,0,0,84.352,266.505,-2.469,0.391,0,0,0,0,0,0,0,0,227.161,263.652,274.5,-90,0.24,-0.844,0.004,-0.05,57,322.031,329.574,2.378,0.773,0,0,0,0,0,0,0,0,4108

Main.js:462 313.763,229.356,153,153,-0.012,0.002,0,0,0,0,1,0,0,0,0,0,81.883,266.896,-2.469,0.391,0,0,0,0,0,0,0,0,227.394,262.803,276,-90,0.233,-0.849,0.005,-0.05,56,324.409,330.347,2.378,0.773,0,0,0,0,0,0,0,0,4125

Main.js:462 313.751,229.358,154.5,154.5,-0.012,0.002,0,0,0,0,1,0,0,0,0,0,79.413,267.287,-2.469,0.391,0,0,0,0,0,0,0,0,227.621,261.95,277.5,-90,0.228,-0.854,0.007,-0.05,55,326.786,331.12,2.378,0.773,0,0,0,0,0,0,0,0,4142

Main.js:462 313.74,229.36,156,156,-0.011,0.002,0,0,0,0,1,0,0,0,0,0,76.944,267.678,-2.469,0.391,0,0,0,0,0,0,0,0,227.845,261.092,279,-90,0.224,-0.858,0.008,-0.049,54,329.164,331.892,2.378,0.773,0,0,0,0,0,0,0,0,4160

Main.js:462 313.729,229.361,157.5,157.5,-0.011,0.002,0,0,0,0,1,0,0,0,0,0,74.475,268.069,-2.469,0.391,0,0,0,0,0,0,0,0,228.066,260.231,280.5,-90,0.221,-0.862,0.009,-0.049,53,331.542,332.665,2.378,0.773,0,0,0,0,0,0,0,0,4175

Main.js:462 313.719,229.363,159,159,-0.01,0.002,0,0,0,0,1,0,0,0,0,0,72.006,268.46,-2.469,0.391,0,0,0,0,0,0,0,0,228.286,259.366,282,-90,0.22,-0.865,0.01,-0.049,52,333.919,333.437,2.378,0.773,0,0,0,0,0,0,0,0,4192

Main.js:462 313.709,229.365,160.5,160.5,-0.01,0.002,0,0,0,0,1,0,0,0,0,0,69.536,268.851,-2.469,0.391,0,0,0,0,0,0,0,0,228.506,258.498,283.5,-90,0.22,-0.868,0.012,-0.049,51,336.297,334.21,2.378,0.773,0,0,0,0,0,0,0,0,4208

Main.js:462 313.7,229.366,162,162,-0.009,0.002,0,0,99,0,1,0,0,1,0,0,67.067,269.242,-2.469,0.391,0,0,0,0,0,0,0,0,228.727,257.627,285,-90,0.221,-0.87,0.013,-0.048,50,338.675,334.982,2.378,0.773,0,0,0,0,0,0,0,0,4226

Main.js:462 313.691,229.368,163.5,163.5,-0.009,0.001,0,0,98,0,1,0,0,1,0,0,64.598,269.633,-2.469,0.391,291.359,236.626,-2.378,0.773,0,0,0,0,228.951,256.755,286.5,-90,0.224,-0.872,0.014,-0.048,49,341.052,335.755,2.378,0.773,0,0,0,0,0,0,0,0,4242

Main.js:462 313.683,229.369,165,165,-0.008,0.001,0,0,97,0,1,0,0,1,0,0,62.129,270.024,-2.469,0.391,288.982,237.399,-2.378,0.773,0,0,0,0,229.178,255.881,288,-90,0.227,-0.874,0.015,-0.048,48,343.43,336.527,2.378,0.773,0,0,0,0,0,0,0,0,4259

Main.js:462 313.675,229.37,166.5,166.5,-0.008,0.001,0,0,96,0,1,0,0,1,0,0,59.66,270.416,-2.469,0.391,286.604,238.172,-2.378,0.773,0,0,0,0,229.41,255.006,289.5,-90,0.232,-0.875,0.017,-0.047,47,345.808,337.3,2.378,0.773,0,0,0,0,0,0,0,0,4275

Main.js:462 313.668,229.371,168,168,-0.007,0.001,0,0,95,0,1,0,0,1,0,0,57.19,270.807,-2.469,0.391,284.226,238.944,-2.378,0.773,0,0,0,0,229.647,254.13,291,-90,0.237,-0.876,0.018,-0.047,46,348.185,338.072,2.378,0.773,0,0,0,0,0,0,0,0,4292

Main.js:462 313.66,229.373,169.5,169.5,-0.007,0.001,0,0,94,0,1,0,0,1,0,0,54.721,271.198,-2.469,0.391,281.849,239.717,-2.378,0.773,0,0,0,0,229.891,253.255,292.5,-90,0.243,-0.876,0.019,-0.046,45,350.563,338.845,2.378,0.773,0,0,0,0,0,0,0,0,4309

Main.js:462 313.654,229.374,171,171,-0.007,0.001,0,0,93,0,1,0,0,0,0,0,52.252,271.589,-2.469,0.391,279.471,240.489,-2.378,0.773,0,0,0,0,230.141,252.379,294,-90,0.251,-0.875,0.02,-0.046,44,352.94,339.617,2.378,0.773,0,0,0,0,0,0,0,0,4325

Main.js:462 313.647,229.375,172.5,172.5,-0.006,0.001,0,0,92,0,1,0,0,0,0,0,49.783,271.98,-2.469,0.391,277.093,241.262,-2.378,0.773,0,0,0,0,230.4,251.505,295.5,-90,0.259,-0.874,0.022,-0.045,43,355.318,340.39,2.378,0.773,0,0,0,0,0,0,0,0,4342

Main.js:462 313.641,229.376,172.5,172.5,-0.006,0.001,0,0,91,0,0,0,0,0,0,0,47.313,272.371,-2.469,0.391,274.716,242.034,-2.378,0.773,0,0,0,0,230.667,250.632,297,-90,0.267,-0.873,0.023,-0.045,42,357.696,341.163,2.378,0.773,0,0,0,0,0,0,0,0,4358

Main.js:462 313.635,229.377,172.5,172.5,-0.006,0.001,0,0,90,0,0,0,0,0,0,0,44.844,272.762,-2.469,0.391,272.338,242.807,-2.378,0.773,0,0,0,0,230.944,249.761,298.5,-90,0.276,-0.871,0.024,-0.044,41,360.073,341.935,2.378,0.773,0,0,0,0,0,0,0,0,4374

Main.js:462 313.63,229.378,172.5,172.5,-0.005,0.001,0,0,89,0,0,0,0,0,0,0,42.375,273.153,-2.469,0.391,269.96,243.579,-2.378,0.773,0,0,0,0,231.23,248.892,300,-90,0.286,-0.869,0.025,-0.043,40,362.451,342.708,2.378,0.773,0,0,0,0,0,0,0,0,4392

Main.js:462 313.625,229.379,172.5,172.5,-0.005,0.001,0,0,88,0,0,0,0,0,0,0,39.906,273.544,-2.469,0.391,267.583,244.352,-2.378,0.773,0,0,0,0,231.527,248.026,301.5,-90,0.297,-0.866,0.026,-0.043,39,364.829,343.48,2.378,0.773,0,0,0,0,0,0,0,0,4408

Main.js:462 313.62,229.379,172.5,172.5,-0.005,0.001,0,0,87,0,0,0,0,1,0,0,37.437,273.935,-2.469,0.391,265.205,245.124,-2.378,0.773,0,0,0,0,231.835,247.164,303,-90,0.308,-0.862,0.027,-0.042,38,367.206,344.253,2.378,0.773,0,0,0,0,0,0,0,0,4425

Main.js:462 313.615,229.38,172.5,172.5,-0.005,0.001,0,0,86,0,0,0,0,1,0,0,34.967,274.326,-2.469,0.391,262.828,245.897,-2.378,0.773,0,0,0,0,232.154,246.305,304.5,-90,0.319,-0.858,0.028,-0.041,37,369.584,345.025,2.378,0.773,0,0,0,0,0,0,0,0,4442

Main.js:462 313.611,229.381,172.5,172.5,-0.004,0.001,0,0,85,0,0,0,0,1,0,0,32.498,274.717,-2.469,0.391,260.45,246.67,-2.378,0.773,0,0,0,0,232.486,245.451,306,-90,0.331,-0.854,0.029,-0.04,36,371.962,345.798,2.378,0.773,0,0,0,0,0,0,0,0,4458

Main.js:462 313.606,229.382,172.5,172.5,-0.004,0.001,0,0,84,0,0,0,0,1,0,0,30.029,275.109,-2.469,0.391,258.072,247.442,-2.378,0.773,0,0,0,0,232.829,244.603,307.5,-90,0.344,-0.849,0.03,-0.04,35,374.339,346.57,2.378,0.773,0,0,0,0,0,0,0,0,4475

Main.js:462 313.602,229.382,172.5,172.5,-0.004,0.001,0,0,83,0,0,0,0,1,0,0,27.56,275.5,-2.469,0.391,255.695,248.215,-2.378,0.773,0,0,0,0,233.186,243.759,309,-90,0.356,-0.843,0.031,-0.039,34,376.717,347.343,2.378,0.773,0,0,0,0,0,0,0,0,4492

Main.js:462 313.599,229.383,172.5,172.5,-0.004,0.001,0,0,82,0,0,0,0,1,0,0,25.09,275.891,-2.469,0.391,253.317,248.987,-2.378,0.773,0,0,0,0,233.555,242.922,310.5,-90,0.369,-0.837,0.032,-0.038,33,379.095,348.115,2.378,0.773,0,0,0,0,0,0,0,0,4509

Main.js:462 313.595,229.384,172.5,172.5,-0.004,0.001,0,0,81,0,0,0,0,0,0,0,22.621,276.282,-2.469,0.391,250.939,249.76,-2.378,0.773,0,0,0,0,233.937,242.09,310.5,-91.5,0.382,-0.832,0.032,-0.038,32,381.472,348.888,2.378,0.773,0,0,0,0,0,0,0,0,4526

Main.js:462 313.591,229.384,172.5,172.5,-0.003,0.001,0,0,80,0,0,0,0,0,0,0,20.152,276.673,-2.469,0.391,248.562,250.532,-2.378,0.773,0,0,0,0,234.331,241.264,310.5,-93,0.394,-0.826,0.032,-0.038,31,383.85,349.661,2.378,0.773,0,0,0,0,0,0,0,0,4543

Main.js:462 313.588,229.385,172.5,172.5,-0.003,0.001,0,0,79,0,0,0,0,0,0,0,20.152,276.673,-2.469,0.391,248.562,250.532,-2.378,0.773,0,0,0,0,234.736,240.443,310.5,-94.5,0.405,-0.821,0.032,-0.038,30,386.227,350.433,2.378,0.773,0,0,0,0,0,0,0,0,4559

