Main.js:143 myTank.x,myTank.y,myTank.rotation,myTank.cannonRotation,myTank.velocityX,myTank.velocityY,myTank.accelerationX,myTank.accelerationY,myTank.shootCooldown,myTank.controls.turnLeft,myTank.controls.turnRight,myTank.controls.goForward,myTank.controls.goBack,myTank.controls.shoot,myTank.controls.cannonLeft,myTank.controls.cannonRight,myBullet1.x,myBullet1.y,myBullet1.velocityX,myBullet1.velocityY,myBullet2.x,myBullet2.y,myBullet2.velocityX,myBullet2.velocityY,myBullet3.x,myBullet3.y,myBullet3.velocityX,myBullet3.velocityY,enemyTank.x,enemyTank.y,enemyTank.rotation,enemyTank.cannonRotation,enemyTank.velocityX,enemyTank.velocityY,enemyTank.accelerationX,enemyTank.accelerationY,enemyTank.shootCooldown,enemyBullet1.x,enemyBullet1.y,enemyBullet1.velocityX,enemyBullet1.velocityY,enemyBullet2.x,enemyBullet2.y,enemyBullet2.velocityX,enemyBullet2.velocityY,enemyBullet3.x,enemyBullet3.y,enemyBullet3.velocityX,enemyBullet3.velocityY,currentGameTime
Main.js:462 450,337,180,180,0,0,0,0,0,0,0,0,0,0,0,0,0,0,0,0,0,0,0,0,0,0,0,0,50,163,0,0,0,0,0,0,0,0,0,0,0,0,0,0,0,0,0,0,0,5

Main.js:462 450,337,180,180,0,0,0,0,0,0,0,0,0,0,0,0,0,0,0,0,0,0,0,0,0,0,0,0,50,163,0,0,0,0,0,0,0,0,0,0,0,0,0,0,0,0,0,0,0,34

Main.js:462 450,337,180,180,0,0,0,0,0,0,0,0,0,0,0,0,0,0,0,0,0,0,0,0,0,0,0,0,50.047,163.001,1.5,0,0.047,0.001,0.05,0.001,99,0,0,0,0,0,0,0,0,0,0,0,0,50

Main.js:462 450,337,180,180,0,0,0,0,0,0,0,0,0,0,0,0,0,0,0,0,0,0,0,0,0,0,0,0,50.14,163.005,3,0,0.093,0.004,0.05,0.003,98,73.5,163,2.5,0,0,0,0,0,0,0,0,0,66

Main.js:462 450,337,180,180,0,0,0,0,0,0,0,0,0,0,0,0,0,0,0,0,0,0,0,0,0,0,0,0,50.275,163.012,4.5,0,0.135,0.007,0.05,0.004,97,76,163,2.5,0,0,0,0,0,0,0,0,0,83

Main.js:462 450,337,180,180,0,0,0,0,0,0,0,0,0,0,0,0,0,0,0,0,0,0,0,0,0,0,0,0,50.451,163.024,6,0,0.176,0.012,0.05,0.005,96,78.5,163,2.5,0,0,0,0,0,0,0,0,0,100

Main.js:462 450,337,180,180,0,0,0,0,0,0,0,0,0,0,0,0,0,0,0,0,0,0,0,0,0,0,0,0,50.665,163.041,7.5,0,0.214,0.017,0.05,0.007,95,81,163,2.5,0,0,0,0,0,0,0,0,0,116

Main.js:462 450,337,180,180,0,0,0,0,0,0,0,0,0,0,0,0,0,0,0,0,0,0,0,0,0,0,0,0,50.915,163.065,9,0,0.25,0.024,0.049,0.008,94,83.5,163,2.5,0,0,0,0,0,0,0,0,0,133

Main.js:462 450,337,180,180,0,0,0,0,0,0,0,0,0,0,0,0,0,0,0,0,0,0,0,0,0,0,0,0,51.2,163.097,10.5,0,0.284,0.031,0.049,0.009,93,86,163,2.5,0,0,0,0,0,0,0,0,0,151

Main.js:462 450,337,180,180,0,0,0,0,0,0,0,0,0,0,0,0,0,0,0,0,0,0,0,0,0,0,0,0,51.517,163.137,12,0,0.317,0.04,0.049,0.01,92,88.5,163,2.5,0,0,0,0,0,0,0,0,0,167

Main.js:462 450,337,180,180,0,0,0,0,0,0,0,0,0,0,0,0,0,0,0,0,0,0,0,0,0,0,0,0,51.864,163.185,13.5,0,0.347,0.049,0.049,0.012,91,91,163,2.5,0,0,0,0,0,0,0,0,0,183

Main.js:462 450,337,180,180,0,0,0,0,0,0,0,0,0,0,0,0,0,0,0,0,0,0,0,0,0,0,0,0,52.239,163.244,15,0,0.376,0.059,0.048,0.013,90,93.5,163,2.5,0,0,0,0,0,0,0,0,0,201

Main.js:462 450,337,180,180,0,0,0,0,0,0,0,0,0,0,0,0,0,0,0,0,0,0,0,0,0,0,0,0,52.641,163.313,16.5,0,0.402,0.069,0.048,0.014,89,96,163,2.5,0,0,0,0,0,0,0,0,0,217

Main.js:462 450,337,180,180,0,0,0,0,0,0,0,0,0,0,0,0,0,0,0,0,0,0,0,0,0,0,0,0,53.069,163.394,18,0,0.427,0.08,0.048,0.015,88,98.5,163,2.5,0,0,0,0,0,0,0,0,0,233

Main.js:462 450,337,180,180,0,0,0,0,0,0,0,0,0,0,0,0,0,0,0,0,0,0,0,0,0,0,0,0,53.52,163.486,19.5,0,0.451,0.092,0.047,0.017,87,101,163,2.5,0,0,0,0,0,0,0,0,0,250

Main.js:462 450,337,180,180,0,0,0,0,0,0,0,0,0,0,0,0,0,0,0,0,0,0,0,0,0,0,0,0,53.992,163.591,21,0,0.473,0.105,0.047,0.018,86,103.5,163,2.5,0,0,0,0,0,0,0,0,0,267

Main.js:462 450,337,180,180,0,0,0,0,0,0,0,0,0,0,0,0,0,0,0,0,0,0,0,0,0,0,0,0,54.485,163.708,22.5,0,0.493,0.118,0.046,0.019,85,106,163,2.5,0,0,0,0,0,0,0,0,0,283

Main.js:462 450,337,180,180,0,0,0,0,0,0,0,0,0,0,0,0,0,0,0,0,0,0,0,0,0,0,0,0,54.997,163.84,24,0,0.512,0.131,0.046,0.02,84,108.5,163,2.5,0,0,0,0,0,0,0,0,0,301

Main.js:462 450,337,180,180,0,0,0,0,0,0,0,0,0,0,0,0,0,0,0,0,0,0,0,0,0,0,0,0,55.526,163.985,25.5,0,0.529,0.145,0.045,0.022,83,111,163,2.5,0,0,0,0,0,0,0,0,0,317

Main.js:462 449.953,337,180,180,-0.047,0,-0.05,0,0,0,0,1,0,0,0,0,0,0,0,0,0,0,0,0,0,0,0,0,56.07,164.144,27,0,0.545,0.159,0.045,0.023,82,113.5,163,2.5,0,0,0,0,0,0,0,0,0,333

Main.js:462 449.86,337,180,180,-0.093,0,-0.05,0,0,0,0,1,0,0,0,0,0,0,0,0,0,0,0,0,0,0,0,0,56.63,164.318,28.5,0,0.559,0.174,0.044,0.024,81,116,163,2.5,0,0,0,0,0,0,0,0,0,351

Main.js:462 449.724,337,180,180,-0.135,0,-0.05,0,0,0,0,1,0,0,0,0,0,0,0,0,0,0,0,0,0,0,0,0,57.202,164.507,30,0,0.572,0.189,0.043,0.025,80,118.5,163,2.5,0,0,0,0,0,0,0,0,0,366

Main.js:462 449.548,337,180,180,-0.176,0,-0.05,0,0,0,0,1,0,0,0,0,0,0,0,0,0,0,0,0,0,0,0,0,57.787,164.711,31.5,0,0.584,0.204,0.043,0.026,79,121,163,2.5,0,0,0,0,0,0,0,0,0,384

Main.js:462 449.333,337,180,180,-0.215,0,-0.05,0,0,0,0,1,0,0,0,0,0,0,0,0,0,0,0,0,0,0,0,0,58.382,164.931,33,0,0.595,0.22,0.042,0.027,78,123.5,163,2.5,0,0,0,0,0,0,0,0,0,401

Main.js:462 449.082,337,180,180,-0.252,0,-0.05,0,0,0,0,1,0,0,0,0,0,0,0,0,0,0,0,0,0,0,0,0,58.986,165.167,34.5,0,0.604,0.236,0.041,0.028,77,126,163,2.5,0,0,0,0,0,0,0,0,0,418

Main.js:462 448.795,337,180,180,-0.287,0,-0.05,0,0,0,0,1,0,0,0,0,0,0,0,0,0,0,0,0,0,0,0,0,59.598,165.419,36,0,0.613,0.252,0.04,0.029,76,128.5,163,2.5,0,0,0,0,0,0,0,0,0,434

Main.js:462 448.475,337,180,180,-0.32,0,-0.05,0,0,0,0,1,0,0,0,0,0,0,0,0,0,0,0,0,0,0,0,0,60.218,165.688,37.5,0,0.62,0.268,0.04,0.03,75,131,163,2.5,0,0,0,0,0,0,0,0,0,450

Main.js:462 448.124,337,180,180,-0.351,0,-0.05,0,0,0,0,1,0,0,0,0,0,0,0,0,0,0,0,0,0,0,0,0,60.844,165.973,39,0,0.626,0.285,0.039,0.031,74,133.5,163,2.5,0,0,0,0,0,0,0,0,0,468

Main.js:462 447.743,337,180,180,-0.381,0,-0.05,0,0,0,0,1,0,0,0,0,0,0,0,0,0,0,0,0,0,0,0,0,61.474,166.274,40.5,0,0.63,0.301,0.038,0.032,73,136,163,2.5,0,0,0,0,0,0,0,0,0,484

Main.js:462 447.333,337,180,180,-0.41,0,-0.05,0,0,0,0,1,0,0,0,0,0,0,0,0,0,0,0,0,0,0,0,0,62.108,166.592,42,0,0.634,0.318,0.037,0.033,72,138.5,163,2.5,0,0,0,0,0,0,0,0,0,500

Main.js:462 446.897,337,180,180,-0.437,0,-0.05,0,0,0,0,1,0,0,0,0,0,0,0,0,0,0,0,0,0,0,0,0,62.746,166.926,42,358.5,0.638,0.334,0.037,0.033,71,141,163,2.5,0,0,0,0,0,0,0,0,0,516

Main.js:462 446.434,337,180,180,-0.462,0,-0.05,0,0,0,0,1,0,0,0,0,0,0,0,0,0,0,0,0,0,0,0,0,63.387,167.276,42,357,0.641,0.349,0.037,0.033,70,143.5,163,2.5,0,0,0,0,0,0,0,0,0,535

Main.js:462 445.947,337,180,180,-0.487,0,-0.05,0,0,0,0,1,0,0,0,0,0,0,0,0,0,0,0,0,0,0,0,0,64.032,167.639,42,355.5,0.644,0.363,0.037,0.033,69,146,163,2.5,0,0,0,0,0,0,0,0,0,550

Main.js:462 445.438,337,180,180,-0.51,0,-0.05,0,0,0,0,1,0,0,0,0,0,0,0,0,0,0,0,0,0,0,0,0,64.679,168.016,42,354,0.647,0.377,0.037,0.033,68,148.5,163,2.5,0,0,0,0,0,0,0,0,0,566

Main.js:462 444.906,337,180,180,-0.532,0,-0.05,0,0,0,0,1,0,0,0,0,0,0,0,0,0,0,0,0,0,0,0,0,65.329,168.406,42,352.5,0.65,0.39,0.037,0.033,67,151,163,2.5,0,0,0,0,0,0,0,0,0,584

Main.js:462 444.353,337,180,180,-0.553,0,-0.05,0,0,0,0,1,0,0,0,0,0,0,0,0,0,0,0,0,0,0,0,0,65.983,168.808,42,351,0.653,0.402,0.037,0.033,66,153.5,163,2.5,0,0,0,0,0,0,0,0,0,600

Main.js:462 443.78,337,180,180,-0.573,0,-0.05,0,0,0,0,1,0,0,0,0,0,0,0,0,0,0,0,0,0,0,0,0,66.639,169.222,42,349.5,0.656,0.414,0.037,0.033,65,156,163,2.5,0,0,0,0,0,0,0,0,0,617

Main.js:462 443.189,337,180,180,-0.592,0,-0.05,0,0,0,0,1,0,0,0,0,0,0,0,0,0,0,0,0,0,0,0,0,67.297,169.647,42,348,0.658,0.425,0.037,0.033,64,158.5,163,2.5,0,0,0,0,0,0,0,0,0,635

Main.js:462 442.579,337,180,180,-0.609,0,-0.05,0,0,0,0,1,0,0,0,0,0,0,0,0,0,0,0,0,0,0,0,0,67.958,170.083,42,346.5,0.661,0.436,0.037,0.033,63,161,163,2.5,0,0,0,0,0,0,0,0,0,650

Main.js:462 441.953,337,180,180,-0.626,0,-0.05,0,0,0,0,1,0,0,0,0,0,0,0,0,0,0,0,0,0,0,0,0,68.621,170.529,42,345,0.663,0.446,0.037,0.033,62,163.5,163,2.5,0,0,0,0,0,0,0,0,0,667

Main.js:462 441.31,337,180,180,-0.643,0,-0.05,0,0,0,0,1,0,0,0,0,0,0,0,0,0,0,0,0,0,0,0,0,69.286,170.984,42,343.5,0.665,0.455,0.037,0.033,61,166,163,2.5,0,0,0,0,0,0,0,0,0,682

Main.js:462 440.652,337,180,180,-0.658,0,-0.05,0,0,0,0,1,0,0,0,0,0,0,0,0,0,0,0,0,0,0,0,0,69.953,171.448,42,342,0.667,0.464,0.037,0.033,60,168.5,163,2.5,0,0,0,0,0,0,0,0,0,700

Main.js:462 439.98,337,180,180,-0.673,0,-0.05,0,0,0,0,1,0,0,0,0,0,0,0,0,0,0,0,0,0,0,0,0,70.622,171.92,42,340.5,0.669,0.473,0.037,0.033,59,171,163,2.5,0,0,0,0,0,0,0,0,0,717

Main.js:462 439.293,337,180,180,-0.686,0,-0.05,0,0,0,0,1,0,0,0,0,0,0,0,0,0,0,0,0,0,0,0,0,71.293,172.401,42,339,0.671,0.481,0.037,0.033,58,173.5,163,2.5,0,0,0,0,0,0,0,0,0,733

Main.js:462 438.593,337,180,180,-0.7,0,-0.05,0,0,0,0,1,0,0,0,0,0,0,0,0,0,0,0,0,0,0,0,0,71.966,172.89,42,337.5,0.673,0.489,0.037,0.033,57,176,163,2.5,0,0,0,0,0,0,0,0,0,750

Main.js:462 437.881,337,180,180,-0.712,0,-0.05,0,0,0,0,1,0,0,0,0,0,0,0,0,0,0,0,0,0,0,0,0,72.64,173.386,42,336,0.674,0.496,0.037,0.033,56,178.5,163,2.5,0,0,0,0,0,0,0,0,0,767

Main.js:462 437.157,337,180,180,-0.724,0,-0.05,0,0,0,0,1,0,0,0,0,0,0,0,0,0,0,0,0,0,0,0,0,73.316,173.889,42,334.5,0.676,0.503,0.037,0.033,55,181,163,2.5,0,0,0,0,0,0,0,0,0,823

Main.js:462 436.422,336.999,181.5,181.5,-0.735,-0.001,-0.05,-0.001,0,0,1,1,0,0,0,0,0,0,0,0,0,0,0,0,0,0,0,0,73.994,174.398,42,333,0.677,0.51,0.037,0.033,54,183.5,163,2.5,0,0,0,0,0,0,0,0,0,849

Main.js:462 435.676,336.995,183,183,-0.746,-0.004,-0.05,-0.003,0,0,1,1,0,0,0,0,0,0,0,0,0,0,0,0,0,0,0,0,74.672,174.914,42,331.5,0.679,0.516,0.037,0.033,53,186,163,2.5,0,0,0,0,0,0,0,0,0,866

Main.js:462 434.92,336.988,184.5,184.5,-0.756,-0.007,-0.05,-0.004,0,0,1,1,0,0,0,0,0,0,0,0,0,0,0,0,0,0,0,0,75.353,175.436,42,330,0.68,0.522,0.037,0.033,52,188.5,163,2.5,0,0,0,0,0,0,0,0,0,883

Main.js:462 434.154,336.976,186,186,-0.766,-0.012,-0.05,-0.005,0,0,1,1,0,0,0,0,0,0,0,0,0,0,0,0,0,0,0,0,76.034,175.964,42,328.5,0.682,0.528,0.037,0.033,51,191,163,2.5,0,0,0,0,0,0,0,0,0,900

Main.js:462 433.38,336.959,187.5,187.5,-0.774,-0.017,-0.05,-0.007,0,0,1,1,0,0,0,0,0,0,0,0,0,0,0,0,0,0,0,0,76.717,176.497,42,327,0.683,0.533,0.037,0.033,50,193.5,163,2.5,0,0,0,0,0,0,0,0,0,915

Main.js:462 432.597,336.935,189,189,-0.783,-0.024,-0.049,-0.008,0,0,1,1,0,0,0,0,0,0,0,0,0,0,0,0,0,0,0,0,77.401,177.035,42,325.5,0.684,0.538,0.037,0.033,49,196,163,2.5,0,0,0,0,0,0,0,0,0,935

Main.js:462 431.807,336.903,190.5,190.5,-0.79,-0.031,-0.049,-0.009,0,0,1,1,0,0,0,0,0,0,0,0,0,0,0,0,0,0,0,0,78.086,177.578,42,324,0.685,0.543,0.037,0.033,48,198.5,163,2.5,0,0,0,0,0,0,0,0,0,950

Main.js:462 431.01,336.863,192,192,-0.797,-0.04,-0.049,-0.01,0,0,1,1,0,0,0,0,0,0,0,0,0,0,0,0,0,0,0,0,78.772,178.125,42,322.5,0.686,0.548,0.037,0.033,47,201,163,2.5,0,0,0,0,0,0,0,0,0,967

Main.js:462 430.207,336.815,193.5,193.5,-0.803,-0.049,-0.049,-0.012,0,0,1,1,0,0,0,0,0,0,0,0,0,0,0,0,0,0,0,0,79.459,178.677,42,321,0.687,0.552,0.037,0.033,46,203.5,163,2.5,0,0,0,0,0,0,0,0,0,985

Main.js:462 429.398,336.756,195,195,-0.809,-0.059,-0.048,-0.013,0,0,1,1,0,0,0,0,0,0,0,0,0,0,0,0,0,0,0,0,80.147,179.233,42,319.5,0.688,0.556,0.037,0.033,45,206,163,2.5,0,0,0,0,0,0,0,0,0,1001

Main.js:462 428.584,336.687,196.5,196.5,-0.814,-0.069,-0.048,-0.014,0,0,1,1,0,0,0,0,0,0,0,0,0,0,0,0,0,0,0,0,80.837,179.793,40.5,316.5,0.69,0.559,0.038,0.032,44,208.5,163,2.5,0,0,0,0,0,0,0,0,0,1017

Main.js:462 427.765,336.606,198,198,-0.819,-0.08,-0.048,-0.015,0,0,1,1,0,0,0,0,0,0,0,0,0,0,0,0,0,0,0,0,81.529,180.354,39,313.5,0.692,0.561,0.039,0.031,43,211,163,2.5,0,0,0,0,0,0,0,0,0,1034

Main.js:462 426.942,336.514,199.5,199.5,-0.822,-0.092,-0.047,-0.017,0,0,1,1,0,0,0,0,0,0,0,0,0,0,0,0,0,0,0,0,82.224,180.916,37.5,310.5,0.695,0.562,0.04,0.03,42,213.5,163,2.5,0,0,0,0,0,0,0,0,0,1050

Main.js:462 426.117,336.409,201,201,-0.826,-0.105,-0.047,-0.018,0,0,1,1,0,0,0,0,0,0,0,0,0,0,0,0,0,0,0,0,82.923,181.478,36,307.5,0.699,0.562,0.04,0.029,41,216,163,2.5,0,0,0,0,0,0,0,0,0,1066

Main.js:462 425.288,336.292,202.5,202.5,-0.828,-0.118,-0.046,-0.019,0,0,1,1,0,0,0,0,0,0,0,0,0,0,0,0,0,0,0,0,83.626,182.038,34.5,304.5,0.703,0.561,0.041,0.028,40,218.5,163,2.5,0,0,0,0,0,0,0,0,0,1084

Main.js:462 424.458,336.162,202.5,202.5,-0.831,-0.13,-0.046,-0.019,0,0,0,1,0,0,0,0,0,0,0,0,0,0,0,0,0,0,0,0,84.334,182.597,33,301.5,0.708,0.558,0.042,0.027,39,221,163,2.5,0,0,0,0,0,0,0,0,0,1101

Main.js:462 423.625,336.02,202.5,202.5,-0.833,-0.142,-0.046,-0.019,0,0,0,1,0,0,0,0,0,0,0,0,0,0,0,0,0,0,0,0,85.047,183.152,31.5,298.5,0.713,0.555,0.043,0.026,38,223.5,163,2.5,0,0,0,0,0,0,0,0,0,1117

Main.js:462 422.789,335.867,202.5,202.5,-0.835,-0.153,-0.046,-0.019,0,0,0,1,0,0,0,0,0,0,0,0,0,0,0,0,0,0,0,0,85.765,183.704,30,295.5,0.718,0.551,0.043,0.025,37,226,163,2.5,0,0,0,0,0,0,0,0,0,1133

Main.js:462 421.952,335.704,202.5,202.5,-0.837,-0.163,-0.046,-0.019,0,0,0,1,0,0,0,0,0,0,0,0,0,0,0,0,0,0,0,0,86.489,184.25,28.5,292.5,0.724,0.546,0.044,0.024,36,228.5,163,2.5,0,0,0,0,0,0,0,0,0,1150

Main.js:462 421.112,335.531,202.5,202.5,-0.839,-0.173,-0.046,-0.019,0,0,0,1,0,0,0,0,0,0,0,0,0,0,0,0,0,0,0,0,87.22,184.791,27,289.5,0.73,0.541,0.045,0.023,35,231,163,2.5,0,0,0,0,0,0,0,0,0,1167

Main.js:462 420.271,335.348,202.5,202.5,-0.841,-0.183,-0.046,-0.019,0,0,0,1,0,0,0,0,0,0,0,0,0,0,0,0,0,0,0,0,87.956,185.325,25.5,286.5,0.737,0.534,0.045,0.022,34,233.5,163,2.5,0,0,0,0,0,0,0,0,0,1185

Main.js:462 419.428,335.156,202.5,202.5,-0.843,-0.192,-0.046,-0.019,0,0,0,1,0,0,0,0,0,0,0,0,0,0,0,0,0,0,0,0,88.7,185.852,24,283.5,0.743,0.527,0.046,0.02,33,236,163,2.5,0,0,0,0,0,0,0,0,0,1202

Main.js:462 418.583,334.956,202.5,202.5,-0.845,-0.2,-0.046,-0.019,0,0,0,1,0,0,0,0,0,0,0,0,0,0,0,0,0,0,0,0,89.45,186.37,22.5,280.5,0.75,0.519,0.046,0.019,32,238.5,163,2.5,0,0,0,0,0,0,0,0,0,1217

Main.js:462 417.736,334.747,202.5,202.5,-0.847,-0.209,-0.046,-0.019,0,0,0,1,0,0,0,0,0,0,0,0,0,0,0,0,0,0,0,0,90.206,186.88,21,277.5,0.757,0.51,0.047,0.018,31,241,163,2.5,0,0,0,0,0,0,0,0,0,1233

Main.js:462 416.888,334.531,202.5,202.5,-0.848,-0.216,-0.046,-0.019,0,0,0,1,0,0,0,0,0,0,0,0,0,0,0,0,0,0,0,0,90.97,187.38,19.5,274.5,0.764,0.5,0.047,0.017,30,243.5,163,2.5,0,0,0,0,0,0,0,0,0,1251

Main.js:462 416.038,334.307,202.5,202.5,-0.85,-0.224,-0.046,-0.019,0,0,0,1,0,0,0,0,0,0,0,0,0,0,0,0,0,0,0,0,91.741,187.87,18,271.5,0.771,0.49,0.048,0.015,29,246,163,2.5,0,0,0,0,0,0,0,0,0,1267

Main.js:462 415.187,334.076,202.5,202.5,-0.851,-0.231,-0.046,-0.019,0,0,0,1,0,0,0,0,0,0,0,0,0,0,0,0,0,0,0,0,92.519,188.348,16.5,268.5,0.778,0.479,0.048,0.014,28,248.5,163,2.5,0,0,0,0,0,0,0,0,0,1283

Main.js:462 414.335,333.839,202.5,202.5,-0.852,-0.237,-0.046,-0.019,0,0,0,1,0,0,0,0,0,0,0,0,0,0,0,0,0,0,0,0,93.303,188.815,15,265.5,0.785,0.467,0.048,0.013,27,251,163,2.5,0,0,0,0,0,0,0,0,0,1300

Main.js:462 413.481,333.595,202.5,202.5,-0.854,-0.244,-0.046,-0.019,0,0,0,1,0,0,0,0,0,0,0,0,0,0,0,0,0,0,0,0,94.095,189.27,13.5,262.5,0.792,0.455,0.049,0.012,26,253.5,163,2.5,0,0,0,0,0,0,0,0,0,1317

Main.js:462 412.627,333.346,202.5,202.5,-0.855,-0.25,-0.046,-0.019,0,0,0,1,0,0,0,0,0,0,0,0,0,0,0,0,0,0,0,0,94.894,189.712,12,259.5,0.799,0.442,0.049,0.01,25,256,163,2.5,0,0,0,0,0,0,0,0,0,1334

Main.js:462 411.771,333.091,202.5,202.5,-0.856,-0.255,-0.046,-0.019,0,0,0,1,0,0,0,0,0,0,0,0,0,0,0,0,0,0,0,0,95.699,190.141,10.5,256.5,0.805,0.429,0.049,0.009,24,258.5,163,2.5,0,0,0,0,0,0,0,0,0,1351

Main.js:462 410.914,332.83,202.5,202.5,-0.857,-0.261,-0.046,-0.019,0,0,0,1,0,0,0,0,0,0,0,0,0,0,0,0,0,0,0,0,96.511,190.555,9,253.5,0.812,0.415,0.049,0.008,23,261,163,2.5,0,0,0,0,0,0,0,0,0,1367

Main.js:462 410.055,332.564,202.5,202.5,-0.858,-0.266,-0.046,-0.019,0,0,0,1,0,0,0,0,0,0,0,0,0,0,0,0,0,0,0,0,97.329,190.955,7.5,250.5,0.818,0.4,0.05,0.007,22,263.5,163,2.5,0,0,0,0,0,0,0,0,0,1384

Main.js:462 409.196,332.293,202.5,202.5,-0.859,-0.271,-0.046,-0.019,0,0,0,1,0,0,0,0,0,0,0,0,0,0,0,0,0,0,0,0,98.154,191.34,6,247.5,0.825,0.385,0.05,0.005,21,266,163,2.5,0,0,0,0,0,0,0,0,0,1400

Main.js:462 408.336,332.018,202.5,202.5,-0.86,-0.275,-0.046,-0.019,0,0,0,1,0,0,0,0,0,0,0,0,0,0,0,0,0,0,0,0,98.985,191.71,4.5,244.5,0.831,0.369,0.05,0.004,20,268.5,163,2.5,0,0,0,0,0,0,0,0,0,1416

Main.js:462 407.476,331.738,202.5,202.5,-0.861,-0.28,-0.046,-0.019,0,0,0,1,0,0,0,0,0,0,0,0,0,0,0,0,0,0,0,0,99.822,192.063,3,241.5,0.837,0.353,0.05,0.003,19,271,163,2.5,0,0,0,0,0,0,0,0,0,1435

Main.js:462 406.614,331.454,202.5,202.5,-0.862,-0.284,-0.046,-0.019,0,0,0,1,0,0,0,0,0,0,0,0,0,0,0,0,0,0,0,0,100.664,192.4,1.5,238.5,0.842,0.337,0.05,0.001,18,273.5,163,2.5,0,0,0,0,0,0,0,0,0,1451

Main.js:462 405.751,331.166,202.5,202.5,-0.863,-0.288,-0.046,-0.019,0,0,0,1,0,0,0,0,0,0,0,0,0,0,0,0,0,0,0,0,101.512,192.72,0,235.5,0.848,0.32,0.05,0,17,276,163,2.5,0,0,0,0,0,0,0,0,0,1466

Main.js:462 404.889,330.873,204,204,-0.863,-0.293,-0.046,-0.02,0,0,1,1,0,0,0,0,0,0,0,0,0,0,0,0,0,0,0,0,102.365,193.023,358.5,232.5,0.853,0.303,0.05,-0.001,16,278.5,163,2.5,0,0,0,0,0,0,0,0,0,1483

Main.js:462 404.026,330.574,205.5,205.5,-0.863,-0.299,-0.045,-0.022,0,0,1,1,0,0,0,0,0,0,0,0,0,0,0,0,0,0,0,0,103.223,193.308,357,229.5,0.858,0.285,0.05,-0.003,15,281,163,2.5,0,0,0,0,0,0,0,0,0,1501

Main.js:462 403.164,330.269,207,207,-0.862,-0.305,-0.045,-0.023,0,0,1,1,0,0,0,0,0,0,0,0,0,0,0,0,0,0,0,0,104.085,193.576,355.5,226.5,0.862,0.267,0.05,-0.004,14,283.5,163,2.5,0,0,0,0,0,0,0,0,0,1516

Main.js:462 402.304,329.956,208.5,208.5,-0.86,-0.313,-0.044,-0.024,0,0,1,1,0,0,0,0,0,0,0,0,0,0,0,0,0,0,0,0,104.951,193.825,354,223.5,0.866,0.249,0.05,-0.005,13,286,163,2.5,0,0,0,0,0,0,0,0,0,1533

Main.js:462 401.445,329.636,210,210,-0.858,-0.321,-0.043,-0.025,0,0,1,1,0,0,0,0,0,0,0,0,0,0,0,0,0,0,0,0,105.821,194.055,352.5,220.5,0.87,0.23,0.05,-0.007,12,288.5,163,2.5,0,0,0,0,0,0,0,0,0,1550

Main.js:462 400.589,329.306,211.5,211.5,-0.856,-0.33,-0.043,-0.026,0,0,1,1,0,0,0,0,0,0,0,0,0,0,0,0,0,0,0,0,106.695,194.266,351,217.5,0.873,0.211,0.049,-0.008,11,291,163,2.5,0,0,0,0,0,0,0,0,0,1566

Main.js:462 399.736,328.968,211.5,211.5,-0.854,-0.338,-0.043,-0.026,0,0,0,1,0,0,0,0,0,0,0,0,0,0,0,0,0,0,0,0,107.571,194.458,349.5,214.5,0.877,0.192,0.049,-0.009,10,293.5,163,2.5,0,0,0,0,0,0,0,0,0,1583

Main.js:462 398.884,328.622,211.5,211.5,-0.852,-0.346,-0.043,-0.026,0,0,0,1,0,0,0,0,0,0,0,0,0,0,0,0,0,0,0,0,108.451,194.631,348,211.5,0.879,0.173,0.049,-0.01,9,296,163,2.5,0,0,0,0,0,0,0,0,0,1601

Main.js:462 398.035,328.269,211.5,211.5,-0.849,-0.353,-0.043,-0.026,0,0,0,1,0,0,0,0,0,0,0,0,0,0,0,0,0,0,0,0,109.332,194.784,346.5,208.5,0.881,0.153,0.049,-0.012,8,298.5,163,2.5,0,0,0,0,0,0,0,0,0,1617

Main.js:462 397.187,327.908,211.5,211.5,-0.848,-0.361,-0.043,-0.026,0,0,0,1,0,0,0,0,0,0,0,0,0,0,0,0,0,0,0,0,110.215,194.917,345,205.5,0.883,0.133,0.048,-0.013,7,301,163,2.5,0,0,0,0,0,0,0,0,0,1633

Main.js:462 396.341,327.541,211.5,211.5,-0.846,-0.367,-0.043,-0.026,0,0,0,1,0,0,0,0,0,0,0,0,0,0,0,0,0,0,0,0,111.1,195.03,343.5,202.5,0.885,0.113,0.048,-0.014,6,303.5,163,2.5,0,0,0,0,0,0,0,0,0,1650

Main.js:462 395.498,327.167,211.5,211.5,-0.844,-0.374,-0.043,-0.026,0,0,0,1,0,0,0,0,0,0,0,0,0,0,0,0,0,0,0,0,111.985,195.122,342,199.5,0.886,0.093,0.048,-0.015,5,306,163,2.5,0,0,0,0,0,0,0,0,0,1666

Main.js:462 394.655,326.787,211.5,211.5,-0.842,-0.38,-0.043,-0.026,0,0,0,1,0,0,0,0,0,0,0,0,0,0,0,0,0,0,0,0,112.871,195.194,340.5,196.5,0.886,0.072,0.047,-0.017,4,308.5,163,2.5,0,0,0,0,0,0,0,0,0,1683

Main.js:462 393.816,326.4,213,213,-0.84,-0.387,-0.042,-0.027,0,0,1,1,0,0,0,0,0,0,0,0,0,0,0,0,0,0,0,0,113.757,195.246,339,193.5,0.886,0.051,0.047,-0.018,3,311,163,2.5,0,0,0,0,0,0,0,0,0,1700

Main.js:462 392.978,326.006,214.5,214.5,-0.837,-0.394,-0.041,-0.028,0,0,1,1,0,0,0,0,0,0,0,0,0,0,0,0,0,0,0,0,114.643,195.277,337.5,190.5,0.886,0.031,0.046,-0.019,2,313.5,163,2.5,0,0,0,0,0,0,0,0,0,1716

Main.js:462 392.145,325.603,216,216,-0.834,-0.403,-0.04,-0.029,0,0,1,1,0,0,0,0,0,0,0,0,0,0,0,0,0,0,0,0,115.528,195.286,336,187.5,0.885,0.01,0.046,-0.02,1,316,163,2.5,0,0,0,0,0,0,0,0,0,1735

Main.js:462 391.315,325.192,217.5,217.5,-0.83,-0.411,-0.04,-0.03,0,0,1,1,0,0,0,0,0,0,0,0,0,0,0,0,0,0,0,0,116.411,195.275,334.5,184.5,0.883,-0.011,0.045,-0.022,0,318.5,163,2.5,0,0,0,0,0,0,0,0,0,1750

Main.js:462 390.489,324.772,217.5,217.5,-0.826,-0.42,-0.04,-0.03,0,0,0,1,0,0,0,0,0,0,0,0,0,0,0,0,0,0,0,0,117.293,195.243,333,181.5,0.882,-0.032,0.045,-0.023,99,321,163,2.5,0,0,0,0,0,0,0,0,0,1767

Main.js:462 389.667,324.345,217.5,217.5,-0.822,-0.428,-0.04,-0.03,0,0,0,1,0,0,0,0,0,0,0,0,0,0,0,0,0,0,0,0,118.172,195.19,331.5,178.5,0.879,-0.053,0.044,-0.024,98,323.5,163,2.5,0,92.919,194.66,-2.499,-0.065,0,0,0,0,1807

Main.js:462 388.848,323.91,217.5,217.5,-0.819,-0.435,-0.04,-0.03,0,0,0,1,0,0,0,0,0,0,0,0,0,0,0,0,0,0,0,0,119.048,195.116,330,175.5,0.876,-0.074,0.043,-0.025,97,326,163,2.5,0,90.42,194.595,-2.499,-0.065,0,0,0,0,1833

Main.js:462 388.07,323.496,217.5,217.5,-0.778,-0.413,0,0,0,0,0,0,0,0,0,0,0,0,0,0,0,0,0,0,0,0,0,0,119.921,195.02,328.5,172.5,0.873,-0.095,0.043,-0.026,96,328.5,163,2.5,0,87.921,194.529,-2.499,-0.065,0,0,0,0,1849

Main.js:462 387.332,323.103,217.5,217.5,-0.739,-0.393,0,0,0,0,0,0,0,0,0,0,0,0,0,0,0,0,0,0,0,0,0,0,120.791,194.904,327,169.5,0.869,-0.116,0.042,-0.027,95,331,163,2.5,0,85.422,194.464,-2.499,-0.065,0,0,0,0,1866

Main.js:462 386.63,322.73,217.5,217.5,-0.702,-0.373,0,0,99,0,0,0,0,1,0,0,0,0,0,0,0,0,0,0,0,0,0,0,121.656,194.766,325.5,166.5,0.865,-0.138,0.041,-0.028,94,333.5,163,2.5,0,82.923,194.398,-2.499,-0.065,0,0,0,0,1883

Main.js:462 385.963,322.376,217.5,217.5,-0.667,-0.354,0,0,98,0,0,0,0,1,0,0,368.688,308.797,-1.983,-1.522,0,0,0,0,0,0,0,0,122.516,194.608,324,163.5,0.86,-0.159,0.04,-0.029,93,336,163,2.5,0,80.424,194.333,-2.499,-0.065,0,0,0,0,1900

Main.js:462 385.329,322.039,217.5,217.5,-0.634,-0.337,0,0,97,0,0,0,0,1,0,0,366.704,307.276,-1.983,-1.522,0,0,0,0,0,0,0,0,123.371,194.428,322.5,160.5,0.855,-0.18,0.04,-0.03,92,338.5,163,2.5,0,77.924,194.267,-2.499,-0.065,0,0,0,0,1917

Main.js:462 384.727,321.719,217.5,217.5,-0.602,-0.32,0,0,96,0,0,0,0,1,0,0,364.721,305.754,-1.983,-1.522,0,0,0,0,0,0,0,0,124.22,194.228,321,157.5,0.849,-0.201,0.039,-0.031,91,341,163,2.5,0,75.425,194.202,-2.499,-0.065,0,0,0,0,1933

Main.js:462 384.155,321.415,217.5,217.5,-0.572,-0.304,0,0,95,0,0,0,0,1,0,0,362.738,304.232,-1.983,-1.522,0,0,0,0,0,0,0,0,125.062,194.006,319.5,154.5,0.843,-0.221,0.038,-0.032,90,343.5,163,2.5,0,72.926,194.137,-2.499,-0.065,0,0,0,0,1950

Main.js:462 383.612,321.127,217.5,217.5,-0.543,-0.289,0,0,94,0,0,0,0,1,0,0,360.754,302.71,-1.983,-1.522,0,0,0,0,0,0,0,0,125.898,193.764,318,151.5,0.836,-0.242,0.037,-0.033,89,346,163,2.5,0,70.427,194.071,-2.499,-0.065,0,0,0,0,1968

Main.js:462 383.096,320.852,217.5,217.5,-0.516,-0.274,0,0,93,0,0,0,0,0,0,0,358.771,301.188,-1.983,-1.522,0,0,0,0,0,0,0,0,126.726,193.502,316.5,148.5,0.828,-0.263,0.036,-0.034,88,348.5,163,2.5,0,67.928,194.006,-2.499,-0.065,0,0,0,0,1985

Main.js:462 382.606,320.592,217.5,217.5,-0.49,-0.261,0,0,92,0,0,0,0,0,0,0,356.787,299.666,-1.983,-1.522,0,0,0,0,0,0,0,0,127.547,193.218,315,145.5,0.821,-0.283,0.035,-0.035,87,351,163,2.5,0,65.429,193.94,-2.499,-0.065,0,0,0,0,2000

Main.js:462 382.14,320.344,217.5,217.5,-0.466,-0.248,0,0,91,0,0,0,0,0,0,0,354.804,298.144,-1.983,-1.522,0,0,0,0,0,0,0,0,128.361,192.917,316.5,145.5,0.814,-0.302,0.036,-0.034,86,353.5,163,2.5,0,62.93,193.875,-2.499,-0.065,0,0,0,0,2016

Main.js:462 381.698,320.109,217.5,217.5,-0.442,-0.235,0,0,90,0,0,0,0,0,0,0,352.821,296.622,-1.983,-1.522,0,0,0,0,0,0,0,0,129.17,192.599,318,145.5,0.809,-0.318,0.037,-0.033,85,356,163,2.5,0,60.43,193.809,-2.499,-0.065,0,0,0,0,2034

Main.js:462 381.277,319.886,217.5,217.5,-0.42,-0.223,0,0,89,0,0,0,0,0,0,0,350.837,295.1,-1.983,-1.522,0,0,0,0,0,0,0,0,129.974,192.265,319.5,145.5,0.804,-0.333,0.038,-0.032,84,358.5,163,2.5,0,57.931,193.744,-2.499,-0.065,0,0,0,0,2050

Main.js:462 380.878,319.674,217.5,217.5,-0.399,-0.212,0,0,88,0,0,0,0,0,0,0,348.854,293.578,-1.983,-1.522,0,0,0,0,0,0,0,0,130.775,191.919,321,145.5,0.801,-0.346,0.039,-0.031,83,361,163,2.5,0,55.432,193.678,-2.499,-0.065,0,0,0,0,2066

Main.js:462 380.499,319.472,217.5,217.5,-0.379,-0.202,0,0,87,0,0,0,0,0,0,0,346.871,292.057,-1.983,-1.522,0,0,0,0,0,0,0,0,131.574,191.561,322.5,145.5,0.799,-0.358,0.04,-0.03,82,363.5,163,2.5,0,52.933,193.613,-2.499,-0.065,0,0,0,0,2083

Main.js:462 380.138,319.28,217.5,217.5,-0.36,-0.192,0,0,86,0,0,0,0,0,0,0,344.887,290.535,-1.983,-1.522,0,0,0,0,0,0,0,0,132.371,191.193,324,145.5,0.797,-0.368,0.04,-0.029,81,366,163,2.5,0,50.434,193.548,-2.499,-0.065,0,0,0,0,2100

Main.js:462 379.796,319.098,217.5,217.5,-0.342,-0.182,0,0,85,0,0,0,0,0,0,0,342.904,289.013,-1.983,-1.522,0,0,0,0,0,0,0,0,133.167,190.816,325.5,145.5,0.796,-0.377,0.041,-0.028,80,368.5,163,2.5,0,47.935,193.482,-2.499,-0.065,0,0,0,0,2116

Main.js:462 379.471,318.926,217.5,217.5,-0.325,-0.173,0,0,84,0,0,0,0,0,0,0,340.92,287.491,-1.983,-1.522,0,0,0,0,0,0,0,0,133.964,190.432,327,145.5,0.796,-0.384,0.042,-0.027,79,371,163,2.5,0,45.436,193.417,-2.499,-0.065,0,0,0,0,2135

Main.js:462 379.162,318.761,217.5,217.5,-0.309,-0.164,0,0,83,0,0,0,0,0,0,0,338.937,285.969,-1.983,-1.522,0,0,0,0,0,0,0,0,134.761,190.043,328.5,145.5,0.797,-0.389,0.043,-0.026,78,373.5,163,2.5,0,42.936,193.351,-2.499,-0.065,0,0,0,0,2151

Main.js:462 378.868,318.605,217.5,217.5,-0.294,-0.156,0,0,82,0,0,0,0,0,0,0,336.954,284.447,-1.983,-1.522,0,0,0,0,0,0,0,0,135.56,189.649,330,145.5,0.798,-0.394,0.043,-0.025,77,376,163,2.5,0,40.437,193.286,-2.499,-0.065,0,0,0,0,2168

Main.js:462 378.589,318.457,217.5,217.5,-0.279,-0.148,0,0,81,0,0,0,0,0,0,0,334.97,282.925,-1.983,-1.522,0,0,0,0,0,0,0,0,136.36,189.253,331.5,145.5,0.8,-0.397,0.044,-0.024,76,378.5,163,2.5,0,37.938,193.22,-2.499,-0.065,0,0,0,0,2184

Main.js:462 378.324,318.316,217.5,217.5,-0.265,-0.141,0,0,80,0,0,0,0,0,0,0,332.987,281.403,-1.983,-1.522,0,0,0,0,0,0,0,0,137.162,188.855,333,145.5,0.803,-0.398,0.045,-0.023,75,381,163,2.5,0,35.439,193.155,-2.499,-0.065,0,0,0,0,2199

Main.js:462 378.073,318.183,217.5,217.5,-0.252,-0.134,0,0,79,0,0,0,0,0,0,0,331.003,279.881,-1.983,-1.522,0,0,0,0,0,0,0,0,137.968,188.456,334.5,145.5,0.805,-0.399,0.045,-0.022,74,383.5,163,2.5,0,32.94,193.09,-2.499,-0.065,0,0,0,0,2216

Main.js:462 377.834,318.056,217.5,217.5,-0.239,-0.127,0,0,78,0,0,0,0,0,0,0,329.02,278.359,-1.983,-1.522,0,0,0,0,0,0,0,0,138.776,188.058,336,145.5,0.808,-0.398,0.046,-0.02,73,386,163,2.5,0,30.441,193.024,-2.499,-0.065,0,0,0,0,2232

Main.js:462 377.607,317.935,217.5,217.5,-0.227,-0.121,0,0,77,0,0,0,0,0,0,0,327.037,276.837,-1.983,-1.522,0,0,0,0,0,0,0,0,139.588,187.661,337.5,145.5,0.812,-0.396,0.046,-0.019,72,388.5,163,2.5,0,27.942,192.959,-2.499,-0.065,0,0,0,0,2250

Main.js:462 377.391,317.82,217.5,217.5,-0.216,-0.115,0,0,76,0,0,0,0,0,0,0,325.053,275.316,-1.983,-1.522,0,0,0,0,0,0,0,0,140.404,187.267,339,145.5,0.816,-0.394,0.047,-0.018,71,391,163,2.5,0,25.442,192.893,-2.499,-0.065,0,0,0,0,2268

Main.js:462 377.186,317.711,217.5,217.5,-0.205,-0.109,0,0,75,0,0,0,0,0,0,0,323.07,273.794,-1.983,-1.522,0,0,0,0,0,0,0,0,141.223,186.878,340.5,145.5,0.82,-0.39,0.047,-0.017,70,393.5,163,2.5,0,22.943,192.828,-2.499,-0.065,0,0,0,0,2283

Main.js:462 376.991,317.608,217.5,217.5,-0.195,-0.103,0,0,74,0,0,0,0,0,0,0,321.087,272.272,-1.983,-1.522,0,0,0,0,0,0,0,0,142.047,186.493,342,145.5,0.824,-0.385,0.048,-0.015,69,396,163,2.5,0,20.444,192.762,-2.499,-0.065,0,0,0,0,2300

Main.js:462 376.768,317.481,217.5,217.5,-0.223,-0.127,-0.04,-0.03,73,0,0,1,0,0,0,0,319.103,270.75,-1.983,-1.522,0,0,0,0,0,0,0,0,142.875,186.113,343.5,145.5,0.828,-0.379,0.048,-0.014,68,398.5,163,2.5,0,17.945,192.697,-2.499,-0.065,0,0,0,0,2316

Main.js:462 376.519,317.331,217.5,217.5,-0.249,-0.15,-0.04,-0.03,72,0,0,1,0,0,0,0,317.12,269.228,-1.983,-1.522,0,0,0,0,0,0,0,0,143.708,185.741,345,145.5,0.833,-0.373,0.048,-0.013,67,401,163,2.5,0,15.446,192.631,-2.499,-0.065,0,0,0,0,2334

Main.js:462 376.245,317.16,217.5,217.5,-0.274,-0.171,-0.04,-0.03,71,0,0,1,0,0,0,0,315.136,267.706,-1.983,-1.522,0,0,0,0,0,0,0,0,144.545,185.376,346.5,145.5,0.837,-0.365,0.049,-0.012,66,403.5,163,2.5,0,12.947,192.566,-2.499,-0.065,0,0,0,0,2351

Main.js:462 375.946,316.968,217.5,217.5,-0.298,-0.192,-0.04,-0.03,70,0,0,1,0,0,0,0,313.153,266.184,-1.983,-1.522,0,0,0,0,0,0,0,0,145.387,185.019,348,145.5,0.842,-0.357,0.049,-0.01,65,406,163,2.5,0,10.447,192.501,-2.499,-0.065,0,0,0,0,2367

Main.js:462 375.625,316.757,217.5,217.5,-0.321,-0.211,-0.04,-0.03,69,0,0,1,0,0,0,0,311.17,264.662,-1.983,-1.522,0,0,0,0,0,0,0,0,146.233,184.671,349.5,145.5,0.846,-0.348,0.049,-0.009,64,408.5,163,2.5,0,7.948,192.435,-2.499,-0.065,0,0,0,0,2383

Main.js:462 375.282,316.528,217.5,217.5,-0.343,-0.229,-0.04,-0.03,68,0,0,1,0,0,0,0,309.186,263.14,-1.983,-1.522,0,0,0,0,0,0,0,0,147.084,184.334,351,145.5,0.851,-0.338,0.049,-0.008,63,411,163,2.5,0,5.449,192.37,-2.499,-0.065,0,0,0,0,2401

Main.js:462 374.919,316.281,217.5,217.5,-0.363,-0.247,-0.04,-0.03,67,0,0,1,0,0,0,0,307.203,261.618,-1.983,-1.522,0,0,0,0,0,0,0,0,147.94,184.007,352.5,145.5,0.856,-0.327,0.05,-0.007,62,413.5,163,2.5,0,2.95,192.304,-2.499,-0.065,0,0,0,0,2417

Main.js:462 374.536,316.018,217.5,217.5,-0.383,-0.263,-0.04,-0.03,66,0,0,1,0,0,0,0,305.219,260.097,-1.983,-1.522,0,0,0,0,0,0,0,0,148.8,183.692,354,145.5,0.86,-0.316,0.05,-0.005,61,416,163,2.5,0,0.451,192.239,-2.499,-0.065,0,0,0,0,2433

Main.js:462 374.135,315.739,217.5,217.5,-0.401,-0.279,-0.04,-0.03,65,0,0,1,0,0,0,0,305.219,260.097,-1.983,-1.522,0,0,0,0,0,0,0,0,149.664,183.388,355.5,145.5,0.864,-0.303,0.05,-0.004,60,418.5,163,2.5,0,0,0,0,0,0,0,0,0,2450

Main.js:462 373.716,315.445,217.5,217.5,-0.419,-0.294,-0.04,-0.03,64,0,0,1,0,0,0,0,303.236,258.575,-1.983,-1.522,0,0,0,0,0,0,0,0,150.533,183.097,357,145.5,0.869,-0.291,0.05,-0.003,59,421,163,2.5,0,0,0,0,0,0,0,0,0,2466

Main.js:462 373.28,315.136,217.5,217.5,-0.436,-0.308,-0.04,-0.03,63,0,0,1,0,0,0,0,301.253,257.053,-1.983,-1.522,0,0,0,0,0,0,0,0,151.406,182.82,358.5,145.5,0.873,-0.277,0.05,-0.001,58,423.5,163,2.5,0,0,0,0,0,0,0,0,0,2483

Main.js:462 372.828,314.815,217.5,217.5,-0.452,-0.322,-0.04,-0.03,62,0,0,1,0,0,0,0,299.269,255.531,-1.983,-1.522,0,0,0,0,0,0,0,0,152.282,182.556,0,145.5,0.877,-0.264,0.05,0,57,426,163,2.5,0,0,0,0,0,0,0,0,0,2500

Main.js:462 372.362,314.48,217.5,217.5,-0.467,-0.335,-0.04,-0.03,61,0,0,1,0,0,0,0,297.286,254.009,-1.983,-1.522,0,0,0,0,0,0,0,0,153.162,182.306,0,144,0.88,-0.25,0.05,0,56,428.5,163,2.5,0,0,0,0,0,0,0,0,0,2517

Main.js:462 371.88,314.133,217.5,217.5,-0.481,-0.347,-0.04,-0.03,60,0,0,1,0,0,0,0,295.303,252.487,-1.983,-1.522,0,0,0,0,0,0,0,0,154.046,182.068,0,142.5,0.884,-0.238,0.05,0,55,431,163,2.5,0,0,0,0,0,0,0,0,0,2533

Main.js:462 371.386,313.775,217.5,217.5,-0.495,-0.358,-0.04,-0.03,59,0,0,1,0,0,0,0,293.319,250.965,-1.983,-1.522,0,0,0,0,0,0,0,0,154.933,181.842,0,141,0.887,-0.226,0.05,0,54,433.5,163,2.5,0,0,0,0,0,0,0,0,0,2550

Main.js:462 370.878,313.406,217.5,217.5,-0.508,-0.369,-0.04,-0.03,58,0,0,1,0,0,0,0,291.336,249.443,-1.983,-1.522,0,0,0,0,0,0,0,0,155.823,181.627,0,139.5,0.89,-0.215,0.05,0,53,436,163,2.5,0,0,0,0,0,0,0,0,0,2568

Main.js:462 370.358,313.026,217.5,217.5,-0.52,-0.38,-0.04,-0.03,57,0,0,1,0,0,0,0,289.352,247.921,-1.983,-1.522,0,0,0,0,0,0,0,0,156.716,181.423,0,138,0.893,-0.204,0.05,0,52,438.5,163,2.5,0,0,0,0,0,0,0,0,0,2584

Main.js:462 369.826,312.636,217.5,217.5,-0.532,-0.39,-0.04,-0.03,56,0,0,1,0,0,0,0,287.369,246.399,-1.983,-1.522,0,0,0,0,0,0,0,0,157.612,181.23,0,136.5,0.896,-0.194,0.05,0,51,441,163,2.5,0,0,0,0,0,0,0,0,0,2600

Main.js:462 369.284,312.237,217.5,217.5,-0.543,-0.399,-0.04,-0.03,55,0,0,1,0,0,0,0,285.386,244.878,-1.983,-1.522,0,0,0,0,0,0,0,0,158.511,181.045,0,135,0.899,-0.184,0.05,0,50,443.5,163,2.5,0,0,0,0,0,0,0,0,0,2618

Main.js:462 368.73,311.829,217.5,217.5,-0.553,-0.408,-0.04,-0.03,54,0,0,1,0,0,0,0,283.402,243.356,-1.983,-1.522,0,0,0,0,0,0,0,0,159.412,180.871,0,133.5,0.901,-0.175,0.05,0,49,446,163,2.5,0,0,0,0,0,0,0,0,0,2634

Main.js:462 368.167,311.412,217.5,217.5,-0.563,-0.417,-0.04,-0.03,53,0,0,1,0,0,0,0,281.419,241.834,-1.983,-1.522,0,0,0,0,0,0,0,0,160.316,180.704,0,132,0.904,-0.166,0.05,0,48,448.5,163,2.5,0,0,0,0,0,0,0,0,0,2650

Main.js:462 367.594,310.988,217.5,217.5,-0.573,-0.425,-0.04,-0.03,52,0,0,1,0,0,0,0,279.435,240.312,-1.983,-1.522,0,0,0,0,0,0,0,0,161.222,180.547,0,130.5,0.906,-0.158,0.05,0,47,451,163,2.5,0,0,0,0,0,0,0,0,0,2667

Main.js:462 367.012,310.555,217.5,217.5,-0.582,-0.432,-0.04,-0.03,51,0,0,1,0,0,0,0,277.452,238.79,-1.983,-1.522,0,0,0,0,0,0,0,0,162.13,180.397,0,129,0.908,-0.15,0.05,0,46,453.5,163,2.5,0,0,0,0,0,0,0,0,0,2684

Main.js:462 366.422,310.116,217.5,217.5,-0.59,-0.44,-0.04,-0.03,50,0,0,1,0,0,0,0,275.469,237.268,-1.983,-1.522,0,0,0,0,0,0,0,0,163.04,180.254,0,127.5,0.91,-0.142,0.05,0,45,456,163,2.5,0,0,0,0,0,0,0,0,0,2700

Main.js:462 365.823,309.669,217.5,217.5,-0.599,-0.447,-0.04,-0.03,49,0,0,1,0,0,0,0,273.485,235.746,-1.983,-1.522,0,0,0,0,0,0,0,0,163.953,180.119,0,126,0.912,-0.135,0.05,0,44,458.5,163,2.5,0,0,0,0,0,0,0,0,0,2717

Main.js:462 365.217,309.216,217.5,217.5,-0.606,-0.453,-0.04,-0.03,48,0,0,1,0,0,0,0,271.502,234.224,-1.983,-1.522,0,0,0,0,0,0,0,0,164.867,179.99,0,124.5,0.914,-0.129,0.05,0,43,461,163,2.5,0,0,0,0,0,0,0,0,0,2732

Main.js:462 364.603,308.756,217.5,217.5,-0.614,-0.459,-0.04,-0.03,47,0,0,1,0,0,0,0,269.519,232.702,-1.983,-1.522,0,0,0,0,0,0,0,0,165.783,179.868,0,123,0.916,-0.122,0.05,0,42,463.5,163,2.5,0,0,0,0,0,0,0,0,0,2750

Main.js:462 363.982,308.291,217.5,217.5,-0.621,-0.465,-0.04,-0.03,46,0,0,1,0,0,0,0,267.535,231.18,-1.983,-1.522,0,0,0,0,0,0,0,0,166.7,179.752,0,121.5,0.918,-0.116,0.05,0,41,466,163,2.5,0,0,0,0,0,0,0,0,0,2767

Main.js:462 363.355,307.82,217.5,217.5,-0.627,-0.471,-0.04,-0.03,45,0,0,1,0,0,0,0,265.552,229.658,-1.983,-1.522,0,0,0,0,0,0,0,0,167.62,179.642,0,120,0.919,-0.11,0.05,0,40,468.5,163,2.5,0,0,0,0,0,0,0,0,0,2783

Main.js:462 362.721,307.343,217.5,217.5,-0.634,-0.476,-0.04,-0.03,44,0,0,1,0,0,0,0,263.568,228.137,-1.983,-1.522,0,0,0,0,0,0,0,0,168.541,179.537,0,118.5,0.921,-0.105,0.05,0,39,471,163,2.5,0,0,0,0,0,0,0,0,0,2801

Main.js:462 362.081,306.862,217.5,217.5,-0.64,-0.482,-0.04,-0.03,43,0,0,1,0,0,0,0,261.585,226.615,-1.983,-1.522,0,0,0,0,0,0,0,0,169.463,179.438,0,117,0.922,-0.099,0.05,0,38,473.5,163,2.5,0,0,0,0,0,0,0,0,0,2817

Main.js:462 361.436,306.376,217.5,217.5,-0.645,-0.486,-0.04,-0.03,42,0,0,1,0,0,0,0,259.602,225.093,-1.983,-1.522,0,0,0,0,0,0,0,0,170.386,179.343,0,115.5,0.924,-0.094,0.05,0,37,476,163,2.5,0,0,0,0,0,0,0,0,0,2833

Main.js:462 360.785,305.885,217.5,217.5,-0.651,-0.491,-0.04,-0.03,41,0,0,1,0,0,0,0,257.618,223.571,-1.983,-1.522,0,0,0,0,0,0,0,0,171.311,179.254,0,114,0.925,-0.09,0.05,0,36,478.5,163,2.5,0,0,0,0,0,0,0,0,0,2850

Main.js:462 360.129,305.389,217.5,217.5,-0.656,-0.495,-0.04,-0.03,40,0,0,1,0,0,0,0,255.635,222.049,-1.983,-1.522,0,0,0,0,0,0,0,0,172.238,179.168,0,112.5,0.926,-0.085,0.05,0,35,481,163,2.5,0,0,0,0,0,0,0,0,0,2868

Main.js:462 359.468,304.89,217.5,217.5,-0.661,-0.499,-0.04,-0.03,39,0,0,1,0,0,0,0,253.651,220.527,-1.983,-1.522,0,0,0,0,0,0,0,0,173.165,179.087,0,111,0.927,-0.081,0.05,0,34,483.5,163,2.5,0,0,0,0,0,0,0,0,0,2883

Main.js:462 358.803,304.386,217.5,217.5,-0.665,-0.503,-0.04,-0.03,38,0,0,1,0,0,0,0,251.668,219.005,-1.983,-1.522,0,0,0,0,0,0,0,0,174.094,179.01,0,109.5,0.929,-0.077,0.05,0,33,486,163,2.5,0,0,0,0,0,0,0,0,0,2901

Main.js:462 358.133,303.879,217.5,217.5,-0.67,-0.507,-0.04,-0.03,37,0,0,1,0,0,0,0,249.685,217.483,-1.983,-1.522,0,0,0,0,0,0,0,0,175.023,178.937,0,108,0.93,-0.073,0.05,0,32,488.5,163,2.5,0,0,0,0,0,0,0,0,0,2917

Main.js:462 357.459,303.369,217.5,217.5,-0.674,-0.511,-0.04,-0.03,36,0,0,1,0,0,0,0,247.701,215.961,-1.983,-1.522,0,0,0,0,0,0,0,0,175.954,178.868,0,106.5,0.931,-0.069,0.05,0,31,491,163,2.5,0,0,0,0,0,0,0,0,0,2933

Main.js:462 356.781,302.854,217.5,217.5,-0.678,-0.514,-0.04,-0.03,35,0,0,1,0,0,0,0,245.718,214.439,-1.983,-1.522,0,0,0,0,0,0,0,0,176.885,178.802,0,105,0.932,-0.066,0.05,0,30,493.5,163,2.5,0,0,0,0,0,0,0,0,0,2951

Main.js:462 356.099,302.337,217.5,217.5,-0.682,-0.517,-0.04,-0.03,34,0,0,1,0,0,0,0,243.735,212.918,-1.983,-1.522,0,0,0,0,0,0,0,0,177.818,178.739,0,103.5,0.933,-0.063,0.05,0,29,496,163,2.5,0,0,0,0,0,0,0,0,0,2968

Main.js:462 355.414,301.817,217.5,217.5,-0.685,-0.52,-0.04,-0.03,33,0,0,1,0,0,0,0,241.751,211.396,-1.983,-1.522,0,0,0,0,0,0,0,0,178.751,178.679,0,102,0.933,-0.06,0.05,0,28,498.5,163,2.5,0,0,0,0,0,0,0,0,0,2999

Main.js:462 354.725,301.294,217.5,217.5,-0.689,-0.523,-0.04,-0.03,32,0,0,1,0,0,0,0,241.751,211.396,-1.983,-1.522,0,0,0,0,0,0,0,0,179.686,178.623,0,100.5,0.934,-0.057,0.05,0,27,0,0,0,0,0,0,0,0,0,0,0,0,3017

Main.js:462 354.033,300.768,217.5,217.5,-0.692,-0.526,-0.04,-0.03,31,0,0,1,0,0,0,0,239.768,209.874,-1.983,-1.522,0,0,0,0,0,0,0,0,180.621,178.568,358.5,97.5,0.935,-0.055,0.05,-0.001,26,0,0,0,0,0,0,0,0,0,0,0,0,3032

Main.js:462 353.337,300.239,217.5,217.5,-0.695,-0.529,-0.04,-0.03,30,0,0,1,0,0,0,0,237.784,208.352,-1.983,-1.522,0,0,0,0,0,0,0,0,181.556,178.513,357,94.5,0.936,-0.055,0.05,-0.003,25,0,0,0,0,0,0,0,0,0,0,0,0,3051

Main.js:462 352.639,299.708,217.5,217.5,-0.698,-0.531,-0.04,-0.03,29,0,0,1,0,0,0,0,235.801,206.83,-1.983,-1.522,0,0,0,0,0,0,0,0,182.493,178.457,355.5,91.5,0.936,-0.056,0.05,-0.004,24,0,0,0,0,0,0,0,0,0,0,0,0,3068

Main.js:462 351.938,299.174,217.5,217.5,-0.701,-0.533,-0.04,-0.03,28,0,0,1,0,0,0,0,233.818,205.308,-1.983,-1.522,0,0,0,0,0,0,0,0,183.429,178.4,354,88.5,0.937,-0.058,0.05,-0.005,23,0,0,0,0,0,0,0,0,0,0,0,0,3084

Main.js:462 351.235,298.639,217.5,217.5,-0.704,-0.536,-0.04,-0.03,27,0,0,1,0,0,0,0,231.834,203.786,-1.983,-1.522,0,0,0,0,0,0,0,0,184.366,178.338,352.5,85.5,0.937,-0.061,0.05,-0.007,22,0,0,0,0,0,0,0,0,0,0,0,0,3101

Main.js:462 350.529,298.101,217.5,217.5,-0.706,-0.538,-0.04,-0.03,26,0,0,1,0,0,0,0,229.851,202.264,-1.983,-1.522,0,0,0,0,0,0,0,0,185.303,178.273,351,82.5,0.937,-0.066,0.049,-0.008,21,0,0,0,0,0,0,0,0,0,0,0,0,3116

Main.js:462 349.82,297.561,217.5,217.5,-0.708,-0.54,-0.04,-0.03,25,0,0,1,0,0,0,0,227.868,200.742,-1.983,-1.522,0,0,0,0,0,0,0,0,186.24,178.202,349.5,79.5,0.937,-0.071,0.049,-0.009,20,0,0,0,0,0,0,0,0,0,0,0,0,3133

Main.js:462 349.11,297.019,217.5,217.5,-0.711,-0.542,-0.04,-0.03,24,0,0,1,0,0,0,0,225.884,199.22,-1.983,-1.522,0,0,0,0,0,0,0,0,187.177,178.125,348,76.5,0.936,-0.077,0.049,-0.01,19,0,0,0,0,0,0,0,0,0,0,0,0,3151

Main.js:462 348.397,296.476,217.5,217.5,-0.713,-0.544,-0.04,-0.03,23,0,0,1,0,0,0,0,223.901,197.699,-1.983,-1.522,0,0,0,0,0,0,0,0,188.112,178.04,346.5,73.5,0.936,-0.085,0.049,-0.012,18,0,0,0,0,0,0,0,0,0,0,0,0,3167

Main.js:462 347.682,295.93,217.5,217.5,-0.715,-0.545,-0.04,-0.03,22,0,0,1,0,0,0,0,221.917,196.177,-1.983,-1.522,0,0,0,0,0,0,0,0,189.047,177.947,345,70.5,0.935,-0.093,0.048,-0.013,17,0,0,0,0,0,0,0,0,0,0,0,0,3184

Main.js:462 346.965,295.383,217.5,217.5,-0.717,-0.547,-0.04,-0.03,21,0,0,1,0,0,0,0,219.934,194.655,-1.983,-1.522,0,0,0,0,0,0,0,0,189.981,177.846,343.5,67.5,0.934,-0.101,0.048,-0.014,16,0,0,0,0,0,0,0,0,0,0,0,0,3199

Main.js:462 346.247,294.835,217.5,217.5,-0.719,-0.549,-0.04,-0.03,20,0,0,1,0,0,0,0,217.951,193.133,-1.983,-1.522,0,0,0,0,0,0,0,0,190.913,177.735,342,64.5,0.932,-0.111,0.048,-0.015,15,0,0,0,0,0,0,0,0,0,0,0,0,3216

Main.js:462 345.526,294.285,217.5,217.5,-0.72,-0.55,-0.04,-0.03,19,0,0,1,0,0,0,0,215.967,191.611,-1.983,-1.522,0,0,0,0,0,0,0,0,191.844,177.614,340.5,61.5,0.93,-0.121,0.047,-0.017,14,0,0,0,0,0,0,0,0,0,0,0,0,3233

Main.js:462 344.804,293.733,217.5,217.5,-0.722,-0.551,-0.04,-0.03,18,0,0,1,0,0,0,0,213.984,190.089,-1.983,-1.522,0,0,0,0,0,0,0,0,192.772,177.481,339,58.5,0.928,-0.132,0.047,-0.018,13,0,0,0,0,0,0,0,0,0,0,0,0,3250

Main.js:462 344.08,293.18,217.5,217.5,-0.724,-0.553,-0.04,-0.03,17,0,0,1,0,0,0,0,212,188.567,-1.983,-1.522,0,0,0,0,0,0,0,0,193.698,177.337,337.5,55.5,0.926,-0.144,0.046,-0.019,12,0,0,0,0,0,0,0,0,0,0,0,0,3268

Main.js:462 343.355,292.626,217.5,217.5,-0.725,-0.554,-0.04,-0.03,16,0,0,1,0,0,0,0,210.017,187.045,-1.983,-1.522,0,0,0,0,0,0,0,0,194.62,177.181,336,52.5,0.923,-0.156,0.046,-0.02,11,0,0,0,0,0,0,0,0,0,0,0,0,3284

Main.js:462 342.629,292.071,217.5,217.5,-0.727,-0.555,-0.04,-0.03,15,0,0,1,0,0,0,0,210.017,187.045,-1.983,-1.522,0,0,0,0,0,0,0,0,195.54,177.013,334.5,49.5,0.92,-0.169,0.045,-0.022,10,0,0,0,0,0,0,0,0,0,0,0,0,3301

