Main.js:143 myTank.x,myTank.y,myTank.rotation,myTank.cannonRotation,myTank.velocityX,myTank.velocityY,myTank.accelerationX,myTank.accelerationY,myTank.shootCooldown,myTank.controls.turnLeft,myTank.controls.turnRight,myTank.controls.goForward,myTank.controls.goBack,myTank.controls.shoot,myTank.controls.cannonLeft,myTank.controls.cannonRight,myBullet1.x,myBullet1.y,myBullet1.velocityX,myBullet1.velocityY,myBullet2.x,myBullet2.y,myBullet2.velocityX,myBullet2.velocityY,myBullet3.x,myBullet3.y,myBullet3.velocityX,myBullet3.velocityY,enemyTank.x,enemyTank.y,enemyTank.rotation,enemyTank.cannonRotation,enemyTank.velocityX,enemyTank.velocityY,enemyTank.accelerationX,enemyTank.accelerationY,enemyTank.shootCooldown,enemyBullet1.x,enemyBullet1.y,enemyBullet1.velocityX,enemyBullet1.velocityY,enemyBullet2.x,enemyBullet2.y,enemyBullet2.velocityX,enemyBullet2.velocityY,enemyBullet3.x,enemyBullet3.y,enemyBullet3.velocityX,enemyBullet3.velocityY,currentGameTime
Main.js:462 450,226,180,180,0,0,0,0,0,0,0,0,0,0,0,0,0,0,0,0,0,0,0,0,0,0,0,0,50,274,0,0,0,0,0,0,0,0,0,0,0,0,0,0,0,0,0,0,0,6

Main.js:462 450,226,180,180,0,0,0,0,0,0,0,0,0,0,0,0,0,0,0,0,0,0,0,0,0,0,0,0,50,274,0,0,0,0,0,0,0,0,0,0,0,0,0,0,0,0,0,0,0,33

Main.js:462 450,226,180,180,0,0,0,0,0,0,0,0,0,0,0,0,0,0,0,0,0,0,0,0,0,0,0,0,50.047,274.001,1.5,0,0.047,0.001,0.05,0.001,99,0,0,0,0,0,0,0,0,0,0,0,0,49

Main.js:462 450,226,180,180,0,0,0,0,0,0,0,0,0,0,0,0,0,0,0,0,0,0,0,0,0,0,0,0,50.14,274.005,3,0,0.093,0.004,0.05,0.003,98,73.5,274,2.5,0,0,0,0,0,0,0,0,0,66

Main.js:462 450,226,180,180,0,0,0,0,0,0,0,0,0,0,0,0,0,0,0,0,0,0,0,0,0,0,0,0,50.275,274.012,4.5,0,0.135,0.007,0.05,0.004,97,76,274,2.5,0,0,0,0,0,0,0,0,0,82

Main.js:462 450,226,180,180,0,0,0,0,0,0,0,0,0,0,0,0,0,0,0,0,0,0,0,0,0,0,0,0,50.451,274.024,6,0,0.176,0.012,0.05,0.005,96,78.5,274,2.5,0,0,0,0,0,0,0,0,0,100

Main.js:462 450,226,180,180,0,0,0,0,0,0,0,0,0,0,0,0,0,0,0,0,0,0,0,0,0,0,0,0,50.665,274.041,7.5,0,0.214,0.017,0.05,0.007,95,81,274,2.5,0,0,0,0,0,0,0,0,0,115

Main.js:462 450,226,180,180,0,0,0,0,0,0,0,0,0,0,0,0,0,0,0,0,0,0,0,0,0,0,0,0,50.915,274.065,9,0,0.25,0.024,0.049,0.008,94,83.5,274,2.5,0,0,0,0,0,0,0,0,0,132

Main.js:462 450,226,180,180,0,0,0,0,0,0,0,0,0,0,0,0,0,0,0,0,0,0,0,0,0,0,0,0,51.2,274.097,10.5,0,0.284,0.031,0.049,0.009,93,86,274,2.5,0,0,0,0,0,0,0,0,0,150

Main.js:462 450,226,180,180,0,0,0,0,0,0,0,0,0,0,0,0,0,0,0,0,0,0,0,0,0,0,0,0,51.517,274.137,12,0,0.317,0.04,0.049,0.01,92,88.5,274,2.5,0,0,0,0,0,0,0,0,0,166

Main.js:462 449.953,226,180,180,-0.047,0,-0.05,0,0,0,0,1,0,0,0,0,0,0,0,0,0,0,0,0,0,0,0,0,51.864,274.185,13.5,0,0.347,0.049,0.049,0.012,91,91,274,2.5,0,0,0,0,0,0,0,0,0,183

Main.js:462 449.86,226,180,180,-0.093,0,-0.05,0,0,0,0,1,0,0,0,0,0,0,0,0,0,0,0,0,0,0,0,0,52.239,274.244,15,0,0.376,0.059,0.048,0.013,90,93.5,274,2.5,0,0,0,0,0,0,0,0,0,200

Main.js:462 449.724,226,180,180,-0.135,0,-0.05,0,0,0,0,1,0,0,0,0,0,0,0,0,0,0,0,0,0,0,0,0,52.641,274.313,16.5,0,0.402,0.069,0.048,0.014,89,96,274,2.5,0,0,0,0,0,0,0,0,0,216

Main.js:462 449.548,226,180,180,-0.176,0,-0.05,0,0,0,0,1,0,0,0,0,0,0,0,0,0,0,0,0,0,0,0,0,53.069,274.394,18,0,0.427,0.08,0.048,0.015,88,98.5,274,2.5,0,0,0,0,0,0,0,0,0,233

Main.js:462 449.333,226,180,180,-0.215,0,-0.05,0,0,0,0,1,0,0,0,0,0,0,0,0,0,0,0,0,0,0,0,0,53.52,274.486,19.5,0,0.451,0.092,0.047,0.017,87,101,274,2.5,0,0,0,0,0,0,0,0,0,250

Main.js:462 449.082,226,180,180,-0.252,0,-0.05,0,0,0,0,1,0,0,0,0,0,0,0,0,0,0,0,0,0,0,0,0,53.992,274.591,21,0,0.473,0.105,0.047,0.018,86,103.5,274,2.5,0,0,0,0,0,0,0,0,0,266

Main.js:462 448.795,226,180,180,-0.287,0,-0.05,0,0,0,0,1,0,0,0,0,0,0,0,0,0,0,0,0,0,0,0,0,54.485,274.708,22.5,0,0.493,0.118,0.046,0.019,85,106,274,2.5,0,0,0,0,0,0,0,0,0,283

Main.js:462 448.475,226,180,180,-0.32,0,-0.05,0,0,0,0,1,0,0,0,0,0,0,0,0,0,0,0,0,0,0,0,0,54.997,274.84,24,0,0.512,0.131,0.046,0.02,84,108.5,274,2.5,0,0,0,0,0,0,0,0,0,299

Main.js:462 448.124,226,180,180,-0.351,0,-0.05,0,0,0,0,1,0,0,0,0,0,0,0,0,0,0,0,0,0,0,0,0,55.526,274.985,25.5,0,0.529,0.145,0.045,0.022,83,111,274,2.5,0,0,0,0,0,0,0,0,0,315

Main.js:462 447.743,226,180,180,-0.381,0,-0.05,0,0,0,0,1,0,0,0,0,0,0,0,0,0,0,0,0,0,0,0,0,56.07,275.144,27,0,0.545,0.159,0.045,0.023,82,113.5,274,2.5,0,0,0,0,0,0,0,0,0,333

Main.js:462 447.333,226.001,178.5,178.5,-0.41,0.001,-0.05,0.001,0,1,0,1,0,0,0,0,0,0,0,0,0,0,0,0,0,0,0,0,56.63,275.318,28.5,0,0.559,0.174,0.044,0.024,81,116,274,2.5,0,0,0,0,0,0,0,0,0,349

Main.js:462 446.897,226.005,177,177,-0.437,0.004,-0.05,0.003,0,1,0,1,0,0,0,0,0,0,0,0,0,0,0,0,0,0,0,0,57.202,275.507,30,0,0.572,0.189,0.043,0.025,80,118.5,274,2.5,0,0,0,0,0,0,0,0,0,366

Main.js:462 446.434,226.012,175.5,175.5,-0.462,0.007,-0.05,0.004,0,1,0,1,0,0,0,0,0,0,0,0,0,0,0,0,0,0,0,0,57.787,275.711,31.5,0,0.584,0.204,0.043,0.026,79,121,274,2.5,0,0,0,0,0,0,0,0,0,382

Main.js:462 445.948,226.024,174,174,-0.486,0.012,-0.05,0.005,0,1,0,1,0,0,0,0,0,0,0,0,0,0,0,0,0,0,0,0,58.382,275.931,33,0,0.595,0.22,0.042,0.027,78,123.5,274,2.5,0,0,0,0,0,0,0,0,0,400

Main.js:462 445.439,226.041,172.5,172.5,-0.509,0.017,-0.05,0.007,0,1,0,1,0,0,0,0,0,0,0,0,0,0,0,0,0,0,0,0,58.986,276.167,34.5,0,0.604,0.236,0.041,0.028,77,126,274,2.5,0,0,0,0,0,0,0,0,0,415

Main.js:462 444.909,226.065,171,171,-0.53,0.024,-0.049,0.008,0,1,0,1,0,0,0,0,0,0,0,0,0,0,0,0,0,0,0,0,59.598,276.419,36,0,0.613,0.252,0.04,0.029,76,128.5,274,2.5,0,0,0,0,0,0,0,0,0,433

Main.js:462 444.358,226.097,169.5,169.5,-0.551,0.031,-0.049,0.009,0,1,0,1,0,0,0,0,0,0,0,0,0,0,0,0,0,0,0,0,60.218,276.688,37.5,0,0.62,0.268,0.04,0.03,75,131,274,2.5,0,0,0,0,0,0,0,0,0,450

Main.js:462 443.788,226.135,169.5,169.5,-0.57,0.039,-0.049,0.009,0,0,0,1,0,0,0,0,0,0,0,0,0,0,0,0,0,0,0,0,60.844,276.973,39,0,0.626,0.285,0.039,0.031,74,133.5,274,2.5,0,0,0,0,0,0,0,0,0,465

Main.js:462 443.2,226.181,169.5,169.5,-0.588,0.045,-0.049,0.009,0,0,0,1,0,0,0,0,0,0,0,0,0,0,0,0,0,0,0,0,61.474,277.274,40.5,0,0.63,0.301,0.038,0.032,73,136,274,2.5,0,0,0,0,0,0,0,0,0,482

Main.js:462 442.595,226.232,169.5,169.5,-0.605,0.052,-0.049,0.009,0,0,0,1,0,0,0,0,0,0,0,0,0,0,0,0,0,0,0,0,62.108,277.592,42,0,0.634,0.318,0.037,0.033,72,138.5,274,2.5,0,0,0,0,0,0,0,0,0,500

Main.js:462 441.973,226.29,169.5,169.5,-0.622,0.058,-0.049,0.009,0,0,0,1,0,0,0,0,0,0,0,0,0,0,0,0,0,0,0,0,62.746,277.926,42,358.5,0.638,0.334,0.037,0.033,71,141,274,2.5,0,0,0,0,0,0,0,0,0,516

Main.js:462 441.336,226.353,169.5,169.5,-0.637,0.063,-0.049,0.009,0,0,0,1,0,0,0,0,0,0,0,0,0,0,0,0,0,0,0,0,63.387,278.276,42,357,0.641,0.349,0.037,0.033,70,143.5,274,2.5,0,0,0,0,0,0,0,0,0,532

Main.js:462 440.683,226.422,169.5,169.5,-0.652,0.069,-0.049,0.009,0,0,0,1,0,0,0,0,0,0,0,0,0,0,0,0,0,0,0,0,64.032,278.639,42,355.5,0.644,0.363,0.037,0.033,69,146,274,2.5,0,0,0,0,0,0,0,0,0,549

Main.js:462 440.017,226.497,169.5,169.5,-0.666,0.074,-0.049,0.009,0,0,0,1,0,0,0,0,0,0,0,0,0,0,0,0,0,0,0,0,64.679,279.016,42,354,0.647,0.377,0.037,0.033,68,148.5,274,2.5,0,0,0,0,0,0,0,0,0,565

Main.js:462 439.337,226.576,169.5,169.5,-0.68,0.079,-0.049,0.009,0,0,0,1,0,0,0,0,0,0,0,0,0,0,0,0,0,0,0,0,65.329,279.406,42,352.5,0.65,0.39,0.037,0.033,67,151,274,2.5,0,0,0,0,0,0,0,0,0,583

Main.js:462 438.645,226.66,169.5,169.5,-0.692,0.084,-0.049,0.009,0,0,0,1,0,0,0,0,0,0,0,0,0,0,0,0,0,0,0,0,65.983,279.808,42,351,0.653,0.402,0.037,0.033,66,153.5,274,2.5,0,0,0,0,0,0,0,0,0,601

Main.js:462 437.94,226.748,169.5,169.5,-0.705,0.088,-0.049,0.009,0,0,0,1,0,0,0,0,0,0,0,0,0,0,0,0,0,0,0,0,66.639,280.222,42,349.5,0.656,0.414,0.037,0.033,65,156,274,2.5,0,0,0,0,0,0,0,0,0,616

Main.js:462 437.224,226.84,169.5,169.5,-0.716,0.093,-0.049,0.009,0,0,0,1,0,0,0,0,0,0,0,0,0,0,0,0,0,0,0,0,67.297,280.647,42,348,0.658,0.425,0.037,0.033,64,158.5,274,2.5,0,0,0,0,0,0,0,0,0,632

Main.js:462 436.498,226.937,169.5,169.5,-0.727,0.097,-0.049,0.009,0,0,0,1,0,0,0,0,0,0,0,0,0,0,0,0,0,0,0,0,67.958,281.083,42,346.5,0.661,0.436,0.037,0.033,63,161,274,2.5,0,0,0,0,0,0,0,0,0,650

Main.js:462 435.76,227.037,169.5,169.5,-0.737,0.1,-0.049,0.009,0,0,0,1,0,0,0,0,0,0,0,0,0,0,0,0,0,0,0,0,68.621,281.529,42,345,0.663,0.446,0.037,0.033,62,163.5,274,2.5,0,0,0,0,0,0,0,0,0,666

Main.js:462 435.013,227.141,169.5,169.5,-0.747,0.104,-0.049,0.009,0,0,0,1,0,0,0,0,0,0,0,0,0,0,0,0,0,0,0,0,69.286,281.984,42,343.5,0.665,0.455,0.037,0.033,61,166,274,2.5,0,0,0,0,0,0,0,0,0,683

Main.js:462 434.257,227.249,169.5,169.5,-0.756,0.107,-0.049,0.009,0,0,0,1,0,0,0,0,0,0,0,0,0,0,0,0,0,0,0,0,69.953,282.448,42,342,0.667,0.464,0.037,0.033,60,168.5,274,2.5,0,0,0,0,0,0,0,0,0,699

Main.js:462 433.491,227.36,169.5,169.5,-0.765,0.111,-0.049,0.009,0,0,0,1,0,0,0,0,0,0,0,0,0,0,0,0,0,0,0,0,70.622,282.92,42,340.5,0.669,0.473,0.037,0.033,59,171,274,2.5,0,0,0,0,0,0,0,0,0,716

Main.js:462 432.718,227.473,169.5,169.5,-0.774,0.114,-0.049,0.009,0,0,0,1,0,0,0,0,0,0,0,0,0,0,0,0,0,0,0,0,71.293,283.401,42,339,0.671,0.481,0.037,0.033,58,173.5,274,2.5,0,0,0,0,0,0,0,0,0,733

Main.js:462 431.936,227.592,168,168,-0.782,0.118,-0.049,0.01,0,1,0,1,0,0,0,0,0,0,0,0,0,0,0,0,0,0,0,0,71.966,283.89,42,337.5,0.673,0.489,0.037,0.033,57,176,274,2.5,0,0,0,0,0,0,0,0,0,751

Main.js:462 431.147,227.715,166.5,166.5,-0.789,0.123,-0.049,0.012,0,1,0,1,0,0,0,0,0,0,0,0,0,0,0,0,0,0,0,0,72.64,284.386,42,336,0.674,0.496,0.037,0.033,56,178.5,274,2.5,0,0,0,0,0,0,0,0,0,767

Main.js:462 430.352,227.844,165,165,-0.795,0.129,-0.048,0.013,0,1,0,1,0,0,0,0,0,0,0,0,0,0,0,0,0,0,0,0,73.316,284.889,42,334.5,0.676,0.503,0.037,0.033,55,181,274,2.5,0,0,0,0,0,0,0,0,0,782

Main.js:462 429.551,227.981,163.5,163.5,-0.801,0.136,-0.048,0.014,0,1,0,1,0,0,0,0,0,0,0,0,0,0,0,0,0,0,0,0,73.994,285.398,42,333,0.677,0.51,0.037,0.033,54,183.5,274,2.5,0,0,0,0,0,0,0,0,0,799

Main.js:462 428.745,228.125,162,162,-0.806,0.144,-0.048,0.015,0,1,0,1,0,0,0,0,0,0,0,0,0,0,0,0,0,0,0,0,74.672,285.914,42,331.5,0.679,0.516,0.037,0.033,53,186,274,2.5,0,0,0,0,0,0,0,0,0,816

Main.js:462 427.935,228.278,160.5,160.5,-0.81,0.153,-0.047,0.017,0,1,0,1,0,0,0,0,0,0,0,0,0,0,0,0,0,0,0,0,75.353,286.436,42,330,0.68,0.522,0.037,0.033,52,188.5,274,2.5,0,0,0,0,0,0,0,0,0,832

Main.js:462 427.121,228.44,159,159,-0.814,0.162,-0.047,0.018,0,1,0,1,0,0,0,0,0,0,0,0,0,0,0,0,0,0,0,0,76.034,286.964,42,328.5,0.682,0.528,0.037,0.033,51,191,274,2.5,0,0,0,0,0,0,0,0,0,849

Main.js:462 426.303,228.612,157.5,157.5,-0.817,0.172,-0.046,0.019,0,1,0,1,0,0,0,0,0,0,0,0,0,0,0,0,0,0,0,0,76.717,287.497,42,327,0.683,0.533,0.037,0.033,50,193.5,274,2.5,0,0,0,0,0,0,0,0,0,867

Main.js:462 425.483,228.795,156,156,-0.82,0.183,-0.046,0.02,0,1,0,1,0,0,0,0,0,0,0,0,0,0,0,0,0,0,0,0,77.401,288.035,42,325.5,0.684,0.538,0.037,0.033,49,196,274,2.5,0,0,0,0,0,0,0,0,0,883

Main.js:462 424.661,228.99,154.5,154.5,-0.822,0.194,-0.045,0.022,0,1,0,1,0,0,0,0,0,0,0,0,0,0,0,0,0,0,0,0,78.086,288.578,42,324,0.685,0.543,0.037,0.033,48,198.5,274,2.5,0,0,0,0,0,0,0,0,0,900

Main.js:462 423.838,229.195,154.5,154.5,-0.824,0.205,-0.045,0.022,0,0,0,1,0,0,0,0,0,0,0,0,0,0,0,0,0,0,0,0,78.772,289.125,42,322.5,0.686,0.548,0.037,0.033,47,201,274,2.5,0,0,0,0,0,0,0,0,0,915

Main.js:462 423.055,229.39,154.5,154.5,-0.782,0.195,0,0,0,0,0,0,0,0,0,0,0,0,0,0,0,0,0,0,0,0,0,0,79.459,289.677,42,321,0.687,0.552,0.037,0.033,46,203.5,274,2.5,0,0,0,0,0,0,0,0,0,931

Main.js:462 422.312,229.575,154.5,154.5,-0.743,0.185,0,0,0,0,0,0,0,0,0,0,0,0,0,0,0,0,0,0,0,0,0,0,80.147,290.233,42,319.5,0.688,0.556,0.037,0.033,45,206,274,2.5,0,0,0,0,0,0,0,0,0,950

Main.js:462 421.606,229.751,154.5,154.5,-0.706,0.176,0,0,0,0,0,0,0,0,0,0,0,0,0,0,0,0,0,0,0,0,0,0,80.836,290.794,42,318,0.689,0.56,0.037,0.033,44,208.5,274,2.5,0,0,0,0,0,0,0,0,0,968

Main.js:462 420.935,229.918,154.5,154.5,-0.671,0.167,0,0,0,0,0,0,0,0,0,0,0,0,0,0,0,0,0,0,0,0,0,0,81.526,291.358,42,316.5,0.69,0.564,0.037,0.033,43,211,274,2.5,0,0,0,0,0,0,0,0,0,983

Main.js:462 420.297,230.076,154.5,154.5,-0.637,0.159,0,0,99,0,0,0,0,1,0,0,0,0,0,0,0,0,0,0,0,0,0,0,82.216,291.925,42,315,0.691,0.568,0.037,0.033,42,213.5,274,2.5,0,0,0,0,0,0,0,0,0,999

Main.js:462 419.692,230.227,154.5,154.5,-0.605,0.151,0,0,98,0,0,0,0,1,0,0,399.724,240.035,-2.256,1.076,0,0,0,0,0,0,0,0,82.908,292.496,42,313.5,0.691,0.571,0.037,0.033,41,216,274,2.5,0,0,0,0,0,0,0,0,0,1016

Main.js:462 419.117,230.37,154.5,154.5,-0.575,0.143,0,0,97,0,0,0,0,1,0,0,397.467,241.111,-2.256,1.076,0,0,0,0,0,0,0,0,83.601,293.069,40.5,310.5,0.693,0.573,0.038,0.032,40,218.5,274,2.5,0,0,0,0,0,0,0,0,0,1034

Main.js:462 418.57,230.506,154.5,154.5,-0.546,0.136,0,0,96,0,0,0,0,1,0,0,395.211,242.187,-2.256,1.076,0,0,0,0,0,0,0,0,84.296,293.644,39,307.5,0.695,0.574,0.039,0.031,39,221,274,2.5,0,0,0,0,0,0,0,0,0,1049

Main.js:462 418.051,230.636,154.5,154.5,-0.519,0.129,0,0,95,0,0,0,0,1,0,0,392.955,243.263,-2.256,1.076,0,0,0,0,0,0,0,0,84.994,294.218,37.5,304.5,0.698,0.575,0.04,0.03,38,223.5,274,2.5,0,0,0,0,0,0,0,0,0,1067

Main.js:462 417.558,230.758,154.5,154.5,-0.493,0.123,0,0,94,0,0,0,0,1,0,0,390.698,244.34,-2.256,1.076,0,0,0,0,0,0,0,0,85.695,294.792,36,301.5,0.702,0.574,0.04,0.029,37,226,274,2.5,0,0,0,0,0,0,0,0,0,1083

Main.js:462 417.089,230.875,154.5,154.5,-0.468,0.117,0,0,93,0,0,0,0,0,0,0,388.442,245.416,-2.256,1.076,0,0,0,0,0,0,0,0,86.401,295.364,34.5,298.5,0.706,0.572,0.041,0.028,36,228.5,274,2.5,0,0,0,0,0,0,0,0,0,1100

Main.js:462 416.644,230.986,154.5,154.5,-0.445,0.111,0,0,92,0,0,0,0,0,0,0,386.185,246.492,-2.256,1.076,0,0,0,0,0,0,0,0,87.111,295.934,33,295.5,0.71,0.569,0.042,0.027,35,231,274,2.5,0,0,0,0,0,0,0,0,0,1116

Main.js:462 416.222,231.091,154.5,154.5,-0.423,0.105,0,0,91,0,0,0,0,0,0,0,383.929,247.569,-2.256,1.076,0,0,0,0,0,0,0,0,87.827,296.499,31.5,292.5,0.715,0.566,0.043,0.026,34,233.5,274,2.5,0,0,0,0,0,0,0,0,0,1133

Main.js:462 415.82,231.191,154.5,154.5,-0.402,0.1,0,0,90,0,0,0,0,0,0,0,381.672,248.645,-2.256,1.076,0,0,0,0,0,0,0,0,88.547,297.06,30,289.5,0.721,0.561,0.043,0.025,33,236,274,2.5,0,0,0,0,0,0,0,0,0,1159

Main.js:462 415.438,231.286,154.5,154.5,-0.382,0.095,0,0,89,0,0,0,0,0,0,0,379.416,249.721,-2.256,1.076,0,0,0,0,0,0,0,0,89.273,297.616,28.5,286.5,0.726,0.556,0.044,0.024,32,238.5,274,2.5,0,0,0,0,0,0,0,0,0,1183

Main.js:462 415.076,231.376,154.5,154.5,-0.363,0.09,0,0,88,0,0,0,0,1,0,0,377.159,250.797,-2.256,1.076,0,0,0,0,0,0,0,0,90.006,298.166,27,283.5,0.732,0.55,0.045,0.023,31,241,274,2.5,0,0,0,0,0,0,0,0,0,1200

Main.js:462 414.731,231.462,154.5,154.5,-0.344,0.086,0,0,87,0,0,0,0,1,0,0,374.903,251.874,-2.256,1.076,0,0,0,0,0,0,0,0,90.744,298.708,25.5,280.5,0.739,0.543,0.045,0.022,30,243.5,274,2.5,0,0,0,0,0,0,0,0,0,1217

Main.js:462 414.404,231.544,154.5,154.5,-0.327,0.081,0,0,86,0,0,0,0,1,0,0,372.646,252.95,-2.256,1.076,0,0,0,0,0,0,0,0,91.489,299.243,24,277.5,0.745,0.535,0.046,0.02,29,246,274,2.5,0,0,0,0,0,0,0,0,0,1233

Main.js:462 414.093,231.621,154.5,154.5,-0.311,0.077,0,0,85,0,0,0,0,1,0,0,370.39,254.026,-2.256,1.076,0,0,0,0,0,0,0,0,92.241,299.769,22.5,274.5,0.752,0.526,0.046,0.019,28,248.5,274,2.5,0,0,0,0,0,0,0,0,0,1249

Main.js:462 413.798,231.694,154.5,154.5,-0.295,0.074,0,0,84,0,0,0,0,1,0,0,368.133,255.103,-2.256,1.076,0,0,0,0,0,0,0,0,92.999,300.286,21,271.5,0.758,0.517,0.047,0.018,27,251,274,2.5,0,0,0,0,0,0,0,0,0,1265

Main.js:462 413.518,231.764,154.5,154.5,-0.281,0.07,0,0,83,0,0,0,0,0,0,0,365.877,256.179,-2.256,1.076,0,0,0,0,0,0,0,0,93.765,300.793,19.5,268.5,0.765,0.507,0.047,0.017,26,253.5,274,2.5,0,0,0,0,0,0,0,0,0,1283

Main.js:462 413.251,231.831,154.5,154.5,-0.266,0.066,0,0,82,0,0,0,0,0,0,0,363.62,257.255,-2.256,1.076,0,0,0,0,0,0,0,0,94.537,301.289,18,265.5,0.772,0.496,0.048,0.015,25,256,274,2.5,0,0,0,0,0,0,0,0,0,1299

Main.js:462 412.998,231.894,154.5,154.5,-0.253,0.063,0,0,81,0,0,0,0,0,0,0,361.364,258.331,-2.256,1.076,0,0,0,0,0,0,0,0,95.316,301.774,16.5,262.5,0.779,0.485,0.048,0.014,24,258.5,274,2.5,0,0,0,0,0,0,0,0,0,1316

Main.js:462 412.758,231.954,154.5,154.5,-0.24,0.06,0,0,80,0,0,0,0,0,0,0,359.108,259.408,-2.256,1.076,0,0,0,0,0,0,0,0,96.102,302.247,15,259.5,0.786,0.473,0.048,0.013,23,261,274,2.5,0,0,0,0,0,0,0,0,0,1333

Main.js:462 412.529,232.01,154.5,154.5,-0.228,0.057,0,0,79,0,0,0,0,0,0,0,356.851,260.484,-2.256,1.076,0,0,0,0,0,0,0,0,96.895,302.707,13.5,256.5,0.793,0.46,0.049,0.012,22,263.5,274,2.5,0,0,0,0,0,0,0,0,0,1349

Main.js:462 412.312,232.065,154.5,154.5,-0.217,0.054,0,0,78,0,0,0,0,0,0,0,354.595,261.56,-2.256,1.076,0,0,0,0,0,0,0,0,97.695,303.154,12,253.5,0.8,0.447,0.049,0.01,21,266,274,2.5,0,0,0,0,0,0,0,0,0,1366

Main.js:462 412.106,232.116,154.5,154.5,-0.206,0.051,0,0,77,0,0,0,0,0,0,0,352.338,262.636,-2.256,1.076,0,0,0,0,0,0,0,0,98.501,303.588,10.5,250.5,0.806,0.434,0.049,0.009,20,268.5,274,2.5,0,0,0,0,0,0,0,0,0,1383

Main.js:462 411.91,232.165,154.5,154.5,-0.196,0.049,0,0,76,0,0,0,0,0,0,0,350.082,263.713,-2.256,1.076,0,0,0,0,0,0,0,0,99.314,304.007,9,247.5,0.813,0.419,0.049,0.008,19,271,274,2.5,0,0,0,0,0,0,0,0,0,1399

Main.js:462 411.724,232.211,154.5,154.5,-0.186,0.046,0,0,75,0,0,0,0,0,0,0,347.825,264.789,-2.256,1.076,0,0,0,0,0,0,0,0,100.134,304.412,7.5,244.5,0.82,0.405,0.05,0.007,18,273.5,274,2.5,0,0,0,0,0,0,0,0,0,1417

Main.js:462 411.504,232.275,154.5,154.5,-0.22,0.064,-0.045,0.022,74,0,0,1,0,0,0,0,345.569,265.865,-2.256,1.076,0,0,0,0,0,0,0,0,100.96,304.801,6,241.5,0.826,0.389,0.05,0.005,17,276,274,2.5,0,0,0,0,0,0,0,0,0,1433

Main.js:462 411.253,232.357,154.5,154.5,-0.252,0.082,-0.045,0.022,73,0,0,1,0,0,0,0,343.312,266.942,-2.256,1.076,0,0,0,0,0,0,0,0,101.792,305.175,4.5,238.5,0.832,0.374,0.05,0.004,16,278.5,274,2.5,0,0,0,0,0,0,0,0,0,1449

Main.js:462 410.97,232.454,156,156,-0.282,0.097,-0.046,0.02,72,0,1,1,0,0,0,0,341.056,268.018,-2.256,1.076,0,0,0,0,0,0,0,0,102.629,305.532,3,235.5,0.838,0.357,0.05,0.003,15,281,274,2.5,0,0,0,0,0,0,0,0,0,1467

Main.js:462 410.658,232.564,157.5,157.5,-0.312,0.11,-0.046,0.019,71,0,1,1,0,0,0,0,338.799,269.094,-2.256,1.076,0,0,0,0,0,0,0,0,103.472,305.873,1.5,232.5,0.843,0.341,0.05,0.001,14,283.5,274,2.5,0,0,0,0,0,0,0,0,0,1484

Main.js:462 410.317,232.686,159,159,-0.341,0.122,-0.047,0.018,70,0,1,1,0,0,0,0,336.543,270.17,-2.256,1.076,0,0,0,0,0,0,0,0,104.321,306.196,0,229.5,0.849,0.324,0.05,0,13,286,274,2.5,0,0,0,0,0,0,0,0,0,1499

Main.js:462 409.949,232.818,160.5,160.5,-0.369,0.132,-0.047,0.017,69,0,1,1,0,0,0,0,334.286,271.247,-2.256,1.076,0,0,0,0,0,0,0,0,105.175,306.502,358.5,226.5,0.854,0.306,0.05,-0.001,12,288.5,274,2.5,0,0,0,0,0,0,0,0,0,1516

Main.js:462 409.553,232.957,162,162,-0.395,0.14,-0.048,0.015,68,0,1,1,0,0,0,0,332.03,272.323,-2.256,1.076,0,0,0,0,0,0,0,0,106.033,306.791,357,223.5,0.858,0.288,0.05,-0.003,11,291,274,2.5,0,0,0,0,0,0,0,0,0,1532

Main.js:462 409.132,233.103,163.5,163.5,-0.421,0.146,-0.048,0.014,67,0,1,1,0,0,0,0,329.774,273.399,-2.256,1.076,0,0,0,0,0,0,0,0,106.896,307.061,355.5,220.5,0.863,0.27,0.05,-0.004,10,293.5,274,2.5,0,0,0,0,0,0,0,0,0,1549

Main.js:462 408.686,233.255,165,165,-0.446,0.151,-0.048,0.013,66,0,1,1,0,0,0,0,327.517,274.476,-2.256,1.076,0,0,0,0,0,0,0,0,107.763,307.313,354,217.5,0.867,0.252,0.05,-0.005,9,296,274,2.5,0,0,0,0,0,0,0,0,0,1567

Main.js:462 408.216,233.409,166.5,166.5,-0.47,0.155,-0.049,0.012,65,0,1,1,0,0,0,0,325.261,275.552,-2.256,1.076,0,0,0,0,0,0,0,0,108.634,307.546,352.5,214.5,0.871,0.233,0.05,-0.007,8,298.5,274,2.5,0,0,0,0,0,0,0,0,0,1583

Main.js:462 407.724,233.566,168,168,-0.493,0.157,-0.049,0.01,64,0,1,1,0,0,0,0,323.004,276.628,-2.256,1.076,0,0,0,0,0,0,0,0,109.508,307.76,351,211.5,0.874,0.214,0.049,-0.008,7,301,274,2.5,0,0,0,0,0,0,0,0,0,1600

Main.js:462 407.209,233.725,168,168,-0.515,0.159,-0.049,0.01,63,0,0,1,0,0,0,0,320.748,277.704,-2.256,1.076,0,0,0,0,0,0,0,0,110.385,307.955,349.5,208.5,0.877,0.195,0.049,-0.009,6,303.5,274,2.5,0,0,0,0,0,0,0,0,0,1649

Main.js:462 406.674,233.886,168,168,-0.535,0.161,-0.049,0.01,62,0,0,1,0,0,0,0,318.491,278.781,-2.256,1.076,0,0,0,0,0,0,0,0,111.265,308.13,348,205.5,0.88,0.175,0.049,-0.01,5,306,274,2.5,0,0,0,0,0,0,0,0,0,1665

Main.js:462 406.119,234.048,168,168,-0.555,0.163,-0.049,0.01,61,0,0,1,0,0,0,0,316.235,279.857,-2.256,1.076,0,0,0,0,0,0,0,0,112.146,308.285,346.5,202.5,0.882,0.155,0.049,-0.012,4,308.5,274,2.5,0,0,0,0,0,0,0,0,0,1682

Main.js:462 405.545,234.213,168,168,-0.574,0.164,-0.049,0.01,60,0,0,1,0,0,0,0,313.978,280.933,-2.256,1.076,0,0,0,0,0,0,0,0,113.03,308.42,345,199.5,0.884,0.135,0.048,-0.013,3,311,274,2.5,0,0,0,0,0,0,0,0,0,1698

Main.js:462 404.953,234.379,168,168,-0.592,0.166,-0.049,0.01,59,0,0,1,0,0,0,0,311.722,282.009,-2.256,1.076,0,0,0,0,0,0,0,0,113.915,308.535,343.5,196.5,0.885,0.115,0.048,-0.014,2,313.5,274,2.5,0,0,0,0,0,0,0,0,0,1716

Main.js:462 404.345,234.546,168,168,-0.608,0.168,-0.049,0.01,58,0,0,1,0,0,0,0,309.465,283.086,-2.256,1.076,0,0,0,0,0,0,0,0,114.801,308.629,342,193.5,0.886,0.094,0.048,-0.015,1,316,274,2.5,0,0,0,0,0,0,0,0,0,1732

Main.js:462 403.72,234.715,168,168,-0.624,0.169,-0.049,0.01,57,0,0,1,0,0,0,0,307.209,284.162,-2.256,1.076,0,0,0,0,0,0,0,0,115.688,308.703,340.5,190.5,0.886,0.074,0.047,-0.017,0,318.5,274,2.5,0,0,0,0,0,0,0,0,0,1749

Main.js:462 403.081,234.886,168,168,-0.64,0.171,-0.049,0.01,56,0,0,1,0,0,0,0,304.952,285.238,-2.256,1.076,0,0,0,0,0,0,0,0,116.574,308.756,339,187.5,0.886,0.053,0.047,-0.018,99,321,274,2.5,0,0,0,0,0,0,0,0,0,1767

Main.js:462 402.426,235.058,168,168,-0.654,0.172,-0.049,0.01,55,0,0,1,0,0,0,0,302.696,286.315,-2.256,1.076,0,0,0,0,0,0,0,0,117.46,308.788,337.5,184.5,0.886,0.032,0.046,-0.019,98,323.5,274,2.5,0,92.389,305.636,-2.479,-0.326,0,0,0,0,1782

Main.js:462 401.758,235.231,168,168,-0.668,0.173,-0.049,0.01,54,0,0,1,0,0,0,0,300.44,287.391,-2.256,1.076,0,0,0,0,0,0,0,0,118.345,308.8,336,181.5,0.885,0.011,0.046,-0.02,97,326,274,2.5,0,89.91,305.309,-2.479,-0.326,0,0,0,0,1799

Main.js:462 401.077,235.405,168,168,-0.681,0.174,-0.049,0.01,53,0,0,1,0,0,0,0,298.183,288.467,-2.256,1.076,0,0,0,0,0,0,0,0,119.229,308.79,334.5,178.5,0.884,-0.01,0.045,-0.022,96,328.5,274,2.5,0,87.431,304.983,-2.479,-0.326,0,0,0,0,1816

Main.js:462 400.384,235.581,168,168,-0.693,0.176,-0.049,0.01,52,0,0,1,0,0,0,0,295.927,289.543,-2.256,1.076,0,0,0,0,0,0,0,0,120.111,308.759,333,175.5,0.882,-0.031,0.045,-0.023,95,331,274,2.5,0,84.953,304.657,-2.479,-0.326,0,0,0,0,1832

Main.js:462 399.679,235.757,168,168,-0.705,0.177,-0.049,0.01,51,0,0,1,0,0,0,0,293.67,290.62,-2.256,1.076,0,0,0,0,0,0,0,0,120.99,308.708,331.5,172.5,0.88,-0.052,0.044,-0.024,94,333.5,274,2.5,0,82.474,304.33,-2.479,-0.326,0,0,0,0,1850

Main.js:462 398.962,235.935,168,168,-0.716,0.178,-0.049,0.01,50,0,0,1,0,0,0,0,291.414,291.696,-2.256,1.076,0,0,0,0,0,0,0,0,121.867,308.635,330,169.5,0.877,-0.073,0.043,-0.025,93,336,274,2.5,0,79.995,304.004,-2.479,-0.326,0,0,0,0,1866

Main.js:462 398.235,236.114,168,168,-0.727,0.179,-0.049,0.01,49,0,0,1,0,0,0,0,289.157,292.772,-2.256,1.076,0,0,0,0,0,0,0,0,122.74,308.54,328.5,166.5,0.873,-0.094,0.043,-0.026,92,338.5,274,2.5,0,77.517,303.678,-2.479,-0.326,0,0,0,0,1883

Main.js:462 397.498,236.293,168,168,-0.737,0.18,-0.049,0.01,48,0,0,1,0,0,0,0,286.901,293.849,-2.256,1.076,0,0,0,0,0,0,0,0,123.61,308.425,327,163.5,0.87,-0.115,0.042,-0.027,91,341,274,2.5,0,75.038,303.351,-2.479,-0.326,0,0,0,0,1900

Main.js:462 396.752,236.474,168,168,-0.747,0.18,-0.049,0.01,47,0,0,1,0,0,0,0,284.644,294.925,-2.256,1.076,0,0,0,0,0,0,0,0,124.475,308.289,325.5,160.5,0.865,-0.136,0.041,-0.028,90,343.5,274,2.5,0,72.56,303.025,-2.479,-0.326,0,0,0,0,1916

Main.js:462 395.996,236.655,168,168,-0.756,0.181,-0.049,0.01,46,0,0,1,0,0,0,0,282.388,296.001,-2.256,1.076,0,0,0,0,0,0,0,0,125.335,308.131,324,157.5,0.86,-0.158,0.04,-0.029,89,346,274,2.5,0,70.081,302.699,-2.479,-0.326,0,0,0,0,1933

Main.js:462 395.231,236.837,168,168,-0.765,0.182,-0.049,0.01,45,0,0,1,0,0,0,0,280.131,297.077,-2.256,1.076,0,0,0,0,0,0,0,0,126.19,307.952,322.5,154.5,0.855,-0.179,0.04,-0.03,88,348.5,274,2.5,0,67.602,302.372,-2.479,-0.326,0,0,0,0,1949

Main.js:462 394.458,237.019,169.5,169.5,-0.773,0.182,-0.049,0.009,44,0,1,1,0,0,0,0,277.875,298.154,-2.256,1.076,0,0,0,0,0,0,0,0,127.039,307.753,321,151.5,0.849,-0.2,0.039,-0.031,87,351,274,2.5,0,65.124,302.046,-2.479,-0.326,0,0,0,0,1966

Main.js:462 393.677,237.199,171,171,-0.781,0.18,-0.049,0.008,43,0,1,1,0,0,0,0,275.618,299.23,-2.256,1.076,0,0,0,0,0,0,0,0,127.882,307.532,319.5,148.5,0.843,-0.22,0.038,-0.032,86,353.5,274,2.5,0,62.645,301.72,-2.479,-0.326,0,0,0,0,1983

Main.js:462 392.887,237.376,172.5,172.5,-0.789,0.177,-0.05,0.007,42,0,1,1,0,0,0,0,273.362,300.306,-2.256,1.076,0,0,0,0,0,0,0,0,128.718,307.291,318,145.5,0.836,-0.241,0.037,-0.033,85,356,274,2.5,0,60.167,301.394,-2.479,-0.326,0,0,0,0,1999

Main.js:462 392.09,237.55,174,174,-0.797,0.173,-0.05,0.005,41,0,1,1,0,0,0,0,271.105,301.382,-2.256,1.076,0,0,0,0,0,0,0,0,129.547,307.029,316.5,142.5,0.829,-0.262,0.036,-0.034,84,358.5,274,2.5,0,57.688,301.067,-2.479,-0.326,0,0,0,0,2016

Main.js:462 391.286,237.718,175.5,175.5,-0.805,0.168,-0.05,0.004,40,0,1,1,0,0,0,0,268.849,302.459,-2.256,1.076,0,0,0,0,0,0,0,0,130.37,306.749,318,142.5,0.823,-0.281,0.037,-0.033,83,361,274,2.5,0,55.209,300.741,-2.479,-0.326,0,0,0,0,2032

Main.js:462 390.474,237.88,177,177,-0.812,0.162,-0.05,0.003,39,0,1,1,0,0,0,0,266.593,303.535,-2.256,1.076,0,0,0,0,0,0,0,0,131.187,306.451,319.5,142.5,0.818,-0.297,0.038,-0.032,82,363.5,274,2.5,0,52.731,300.415,-2.479,-0.326,0,0,0,0,2049

Main.js:462 389.655,238.036,178.5,178.5,-0.819,0.156,-0.05,0.001,38,0,1,1,0,0,0,0,264.336,304.611,-2.256,1.076,0,0,0,0,0,0,0,0,132.001,306.139,321,142.5,0.814,-0.312,0.039,-0.031,81,366,274,2.5,0,50.252,300.088,-2.479,-0.326,0,0,0,0,2066

Main.js:462 388.83,238.184,180,180,-0.825,0.148,-0.05,0,37,0,1,1,0,0,0,0,262.08,305.688,-2.256,1.076,0,0,0,0,0,0,0,0,132.811,305.813,322.5,142.5,0.811,-0.326,0.04,-0.03,80,368.5,274,2.5,0,47.774,299.762,-2.479,-0.326,0,0,0,0,2081

Main.js:462 387.999,238.324,180,180,-0.831,0.14,-0.05,0,36,0,0,1,0,0,0,0,259.823,306.764,-2.256,1.076,0,0,0,0,0,0,0,0,133.62,305.476,324,142.5,0.808,-0.337,0.04,-0.029,79,371,274,2.5,0,45.295,299.436,-2.479,-0.326,0,0,0,0,2099

Main.js:462 387.161,238.458,180,180,-0.837,0.133,-0.05,0,35,0,0,1,0,0,0,0,257.567,307.84,-2.256,1.076,0,0,0,0,0,0,0,0,134.427,305.129,325.5,142.5,0.807,-0.347,0.041,-0.028,78,373.5,274,2.5,0,42.816,299.109,-2.479,-0.326,0,0,0,0,2117

Main.js:462 386.318,238.584,180,180,-0.843,0.127,-0.05,0,34,0,0,1,0,0,0,0,255.31,308.916,-2.256,1.076,0,0,0,0,0,0,0,0,135.233,304.773,327,142.5,0.807,-0.356,0.042,-0.027,77,376,274,2.5,0,40.338,298.783,-2.479,-0.326,0,0,0,0,2132

Main.js:462 385.47,238.705,180,180,-0.848,0.12,-0.05,0,33,0,0,1,0,0,0,0,253.054,309.993,-2.256,1.076,0,0,0,0,0,0,0,0,136.04,304.41,328.5,142.5,0.807,-0.363,0.043,-0.026,76,378.5,274,2.5,0,37.859,298.457,-2.479,-0.326,0,0,0,0,2150

Main.js:462 384.616,238.819,180,180,-0.853,0.114,-0.05,0,32,0,0,1,0,0,0,0,250.797,311.069,-2.256,1.076,0,0,0,0,0,0,0,0,136.848,304.041,330,142.5,0.808,-0.368,0.043,-0.025,75,381,274,2.5,0,35.38,298.13,-2.479,-0.326,0,0,0,0,2166

Main.js:462 383.758,238.928,180,180,-0.858,0.109,-0.05,0,31,0,0,1,0,0,0,0,248.541,312.145,-2.256,1.076,0,0,0,0,0,0,0,0,137.657,303.669,331.5,142.5,0.809,-0.373,0.044,-0.024,74,383.5,274,2.5,0,32.902,297.804,-2.479,-0.326,0,0,0,0,2182

Main.js:462 382.895,239.031,180,180,-0.863,0.103,-0.05,0,30,0,0,1,0,0,0,0,246.284,313.222,-2.256,1.076,0,0,0,0,0,0,0,0,138.468,303.293,333,142.5,0.811,-0.376,0.045,-0.023,73,386,274,2.5,0,30.423,297.478,-2.479,-0.326,0,0,0,0,2199

Main.js:462 382.028,239.129,180,180,-0.867,0.098,-0.05,0,29,0,0,1,0,0,0,0,244.028,314.298,-2.256,1.076,0,0,0,0,0,0,0,0,139.281,302.916,334.5,142.5,0.813,-0.377,0.045,-0.022,72,388.5,274,2.5,0,27.945,297.151,-2.479,-0.326,0,0,0,0,2216

Main.js:462 381.156,239.222,180,180,-0.871,0.093,-0.05,0,28,0,0,1,0,0,0,0,241.771,315.374,-2.256,1.076,0,0,0,0,0,0,0,0,140.097,302.538,336,142.5,0.816,-0.378,0.046,-0.02,71,391,274,2.5,0,25.466,296.825,-2.479,-0.326,0,0,0,0,2233

Main.js:462 380.281,239.311,180,180,-0.875,0.089,-0.05,0,27,0,0,1,0,0,0,0,239.515,316.45,-2.256,1.076,0,0,0,0,0,0,0,0,140.916,302.161,337.5,142.5,0.819,-0.377,0.046,-0.019,70,393.5,274,2.5,0,22.987,296.499,-2.479,-0.326,0,0,0,0,2249

Main.js:462 379.402,239.395,180,180,-0.879,0.084,-0.05,0,26,0,0,1,0,0,0,0,237.259,317.527,-2.256,1.076,0,0,0,0,0,0,0,0,141.738,301.786,339,142.5,0.822,-0.375,0.047,-0.018,69,396,274,2.5,0,20.509,296.172,-2.479,-0.326,0,0,0,0,2268

Main.js:462 378.519,239.475,180,180,-0.883,0.08,-0.05,0,25,0,0,1,0,0,0,0,235.002,318.603,-2.256,1.076,0,0,0,0,0,0,0,0,142.564,301.413,340.5,142.5,0.826,-0.372,0.047,-0.017,68,398.5,274,2.5,0,18.03,295.846,-2.479,-0.326,0,0,0,0,2284

Main.js:462 377.633,239.551,180,180,-0.886,0.076,-0.05,0,24,0,0,1,0,0,0,0,232.746,319.679,-2.256,1.076,0,0,0,0,0,0,0,0,143.394,301.045,342,142.5,0.83,-0.368,0.048,-0.015,67,401,274,2.5,0,15.552,295.52,-2.479,-0.326,0,0,0,0,2299

Main.js:462 376.744,239.623,180,180,-0.889,0.072,-0.05,0,23,0,0,1,0,0,0,0,230.489,320.755,-2.256,1.076,0,0,0,0,0,0,0,0,144.228,300.681,343.5,142.5,0.834,-0.363,0.048,-0.014,66,403.5,274,2.5,0,13.073,295.194,-2.479,-0.326,0,0,0,0,2315

Main.js:462 375.852,239.691,180,180,-0.892,0.068,-0.05,0,22,0,0,1,0,0,0,0,228.233,321.832,-2.256,1.076,0,0,0,0,0,0,0,0,145.066,300.324,345,142.5,0.838,-0.358,0.048,-0.013,65,406,274,2.5,0,10.594,294.867,-2.479,-0.326,0,0,0,0,2332

Main.js:462 374.957,239.756,180,180,-0.895,0.065,-0.05,0,21,0,0,1,0,0,0,0,225.976,322.908,-2.256,1.076,0,0,0,0,0,0,0,0,145.909,299.973,346.5,142.5,0.842,-0.351,0.049,-0.012,64,408.5,274,2.5,0,8.116,294.541,-2.479,-0.326,0,0,0,0,2349

Main.js:462 374.059,239.818,180,180,-0.898,0.062,-0.05,0,20,0,0,1,0,0,0,0,223.72,323.984,-2.256,1.076,0,0,0,0,0,0,0,0,146.756,299.63,348,142.5,0.847,-0.343,0.049,-0.01,63,411,274,2.5,0,5.637,294.215,-2.479,-0.326,0,0,0,0,2365

Main.js:462 373.159,239.877,180,180,-0.9,0.059,-0.05,0,19,0,0,1,0,0,0,0,221.463,325.061,-2.256,1.076,0,0,0,0,0,0,0,0,147.607,299.295,349.5,142.5,0.851,-0.335,0.049,-0.009,62,413.5,274,2.5,0,3.159,293.888,-2.479,-0.326,0,0,0,0,2382

Main.js:462 372.256,239.933,180,180,-0.903,0.056,-0.05,0,18,0,0,1,0,0,0,0,219.207,326.137,-2.256,1.076,0,0,0,0,0,0,0,0,148.462,298.97,351,142.5,0.856,-0.325,0.049,-0.008,61,416,274,2.5,0,0.68,293.562,-2.479,-0.326,0,0,0,0,2399

Main.js:462 371.35,239.986,180,180,-0.905,0.053,-0.05,0,17,0,0,1,0,0,0,0,216.95,327.213,-2.256,1.076,0,0,0,0,0,0,0,0,149.322,298.655,352.5,142.5,0.86,-0.315,0.05,-0.007,60,418.5,274,2.5,0,0,0,0,0,0,0,0,0,2417

Main.js:462 370.443,240.036,180,180,-0.908,0.05,-0.05,0,16,0,0,1,0,0,0,0,214.694,328.289,-2.256,1.076,0,0,0,0,0,0,0,0,150.186,298.35,354,142.5,0.864,-0.304,0.05,-0.005,59,421,274,2.5,0,0,0,0,0,0,0,0,0,2434

Main.js:462 369.533,240.084,180,180,-0.91,0.048,-0.05,0,15,0,0,1,0,0,0,0,212.437,329.366,-2.256,1.076,0,0,0,0,0,0,0,0,151.054,298.057,355.5,142.5,0.868,-0.293,0.05,-0.004,58,423.5,274,2.5,0,0,0,0,0,0,0,0,0,2450

Main.js:462 368.622,240.129,180,180,-0.912,0.045,-0.05,0,14,0,0,1,0,0,0,0,210.181,330.442,-2.256,1.076,0,0,0,0,0,0,0,0,151.927,297.776,357,142.5,0.872,-0.281,0.05,-0.003,57,426,274,2.5,0,0,0,0,0,0,0,0,0,2466

Main.js:462 367.708,240.172,180,180,-0.914,0.043,-0.05,0,13,0,0,1,0,0,0,0,207.925,331.518,-2.256,1.076,0,0,0,0,0,0,0,0,152.803,297.508,358.5,142.5,0.876,-0.268,0.05,-0.001,56,428.5,274,2.5,0,0,0,0,0,0,0,0,0,2483

Main.js:462 366.793,240.213,180,180,-0.915,0.041,-0.05,0,12,0,0,1,0,0,0,0,205.668,332.595,-2.256,1.076,0,0,0,0,0,0,0,0,153.683,297.254,0,142.5,0.88,-0.255,0.05,0,55,431,274,2.5,0,0,0,0,0,0,0,0,0,2499

Main.js:462 365.876,240.252,180,180,-0.917,0.039,-0.05,0,11,0,0,1,0,0,0,0,203.412,333.671,-2.256,1.076,0,0,0,0,0,0,0,0,154.566,297.013,1.5,142.5,0.883,-0.241,0.05,0.001,54,433.5,274,2.5,0,0,0,0,0,0,0,0,0,2515

Main.js:462 364.957,240.289,180,180,-0.919,0.037,-0.05,0,10,0,0,1,0,0,0,0,201.155,334.747,-2.256,1.076,0,0,0,0,0,0,0,0,155.453,296.786,1.5,141,0.887,-0.227,0.05,0.001,53,436,274,2.5,0,0,0,0,0,0,0,0,0,2532

Main.js:462 364.036,240.324,180,180,-0.92,0.035,-0.05,0,9,0,0,1,0,0,0,0,198.899,335.823,-2.256,1.076,0,0,0,0,0,0,0,0,156.342,296.571,1.5,139.5,0.89,-0.215,0.05,0.001,52,438.5,274,2.5,0,0,0,0,0,0,0,0,0,2550

Main.js:462 363.115,240.359,178.5,178.5,-0.922,0.035,-0.05,0.001,8,1,0,1,0,0,0,0,196.642,336.9,-2.256,1.076,0,0,0,0,0,0,0,0,157.235,296.368,1.5,138,0.893,-0.203,0.05,0.001,51,441,274,2.5,0,0,0,0,0,0,0,0,0,2566

Main.js:462 362.191,240.394,177,177,-0.923,0.035,-0.05,0.003,7,1,0,1,0,0,0,0,194.386,337.976,-2.256,1.076,0,0,0,0,0,0,0,0,158.131,296.177,1.5,136.5,0.896,-0.191,0.05,0.001,50,443.5,274,2.5,0,0,0,0,0,0,0,0,0,2583

Main.js:462 361.267,240.432,175.5,175.5,-0.924,0.037,-0.05,0.004,6,1,0,1,0,0,0,0,192.129,339.052,-2.256,1.076,0,0,0,0,0,0,0,0,159.029,295.996,1.5,135,0.898,-0.181,0.05,0.001,49,446,274,2.5,0,0,0,0,0,0,0,0,0,2600

Main.js:462 360.389,240.467,175.5,175.5,-0.878,0.035,0,0,5,0,0,0,0,0,0,0,189.873,340.128,-2.256,1.076,0,0,0,0,0,0,0,0,159.93,295.826,1.5,133.5,0.901,-0.17,0.05,0.001,48,448.5,274,2.5,0,0,0,0,0,0,0,0,0,2667

Main.js:462 359.555,240.501,175.5,175.5,-0.834,0.034,0,0,4,0,0,0,0,0,0,0,187.616,341.205,-2.256,1.076,0,0,0,0,0,0,0,0,160.833,295.666,1.5,132,0.903,-0.161,0.05,0.001,47,451,274,2.5,0,0,0,0,0,0,0,0,0,2682

Main.js:462 358.762,240.533,175.5,175.5,-0.793,0.032,0,0,3,0,0,0,0,0,0,0,185.36,342.281,-2.256,1.076,0,0,0,0,0,0,0,0,161.739,295.514,1.5,130.5,0.906,-0.151,0.05,0.001,46,453.5,274,2.5,0,0,0,0,0,0,0,0,0,2699

Main.js:462 358.009,240.563,175.5,175.5,-0.753,0.03,0,0,2,0,0,0,0,0,0,0,183.103,343.357,-2.256,1.076,0,0,0,0,0,0,0,0,162.647,295.372,1.5,129,0.908,-0.142,0.05,0.001,45,456,274,2.5,0,0,0,0,0,0,0,0,0,2715

Main.js:462 357.294,240.592,175.5,175.5,-0.715,0.029,0,0,1,0,0,0,0,0,0,0,180.847,344.434,-2.256,1.076,0,0,0,0,0,0,0,0,163.557,295.238,1.5,127.5,0.91,-0.134,0.05,0.001,44,458.5,274,2.5,0,0,0,0,0,0,0,0,0,2732

Main.js:462 356.615,240.62,175.5,175.5,-0.679,0.027,0,0,0,0,0,0,0,0,0,0,178.591,345.51,-2.256,1.076,0,0,0,0,0,0,0,0,164.469,295.112,1.5,126,0.912,-0.126,0.05,0.001,43,461,274,2.5,0,0,0,0,0,0,0,0,0,2749

Main.js:462 355.969,240.646,175.5,175.5,-0.646,0.026,0,0,99,0,0,0,0,1,0,0,176.334,346.586,-2.256,1.076,0,0,0,0,0,0,0,0,165.382,294.993,1.5,124.5,0.914,-0.119,0.05,0.001,42,463.5,274,2.5,0,0,0,0,0,0,0,0,0,2767

Main.js:462 355.356,240.671,175.5,175.5,-0.613,0.025,0,0,98,0,0,0,0,1,0,0,174.078,347.662,-2.256,1.076,333.187,242.464,-2.492,0.196,0,0,0,0,166.298,294.882,1.5,123,0.916,-0.111,0.05,0.001,41,466,274,2.5,0,0,0,0,0,0,0,0,0,2782

Main.js:462 354.773,240.694,174,174,-0.583,0.024,0,0,97,1,0,0,0,1,0,0,171.821,348.739,-2.256,1.076,330.695,242.66,-2.492,0.196,0,0,0,0,167.215,294.777,1.5,121.5,0.917,-0.105,0.05,0.001,40,468.5,274,2.5,0,0,0,0,0,0,0,0,0,2800

Main.js:462 354.22,240.717,172.5,172.5,-0.553,0.022,0,0,96,1,0,0,0,1,0,0,169.565,349.815,-2.256,1.076,328.203,242.856,-2.492,0.196,0,0,0,0,168.134,294.679,1.5,120,0.919,-0.098,0.05,0.001,39,471,274,2.5,0,0,0,0,0,0,0,0,0,2815

Main.js:462 353.694,240.738,171,171,-0.526,0.021,0,0,95,1,0,0,0,0,0,0,167.308,350.891,-2.256,1.076,325.71,243.052,-2.492,0.196,0,0,0,0,169.055,294.587,1.5,118.5,0.92,-0.092,0.05,0.001,38,473.5,274,2.5,0,0,0,0,0,0,0,0,0,2832

Main.js:462 353.195,240.758,169.5,169.5,-0.499,0.02,0,0,94,1,0,0,0,0,0,0,165.052,351.968,-2.256,1.076,323.218,243.248,-2.492,0.196,0,0,0,0,169.977,294.501,1.5,117,0.922,-0.086,0.05,0.001,37,476,274,2.5,0,0,0,0,0,0,0,0,0,2850

Main.js:462 352.72,240.777,168,168,-0.475,0.019,0,0,93,1,0,0,0,0,0,0,162.795,353.044,-2.256,1.076,320.726,243.444,-2.492,0.196,0,0,0,0,170.9,294.42,1.5,115.5,0.923,-0.081,0.05,0.001,36,478.5,274,2.5,0,0,0,0,0,0,0,0,0,2866

Main.js:462 352.269,240.795,166.5,166.5,-0.451,0.018,0,0,92,1,0,0,0,0,0,0,160.539,354.12,-2.256,1.076,318.233,243.64,-2.492,0.196,0,0,0,0,171.825,294.345,1.5,114,0.925,-0.075,0.05,0.001,35,481,274,2.5,0,0,0,0,0,0,0,0,0,2882

Main.js:462 351.841,240.813,165,165,-0.428,0.017,0,0,91,1,0,0,0,0,0,0,158.282,355.196,-2.256,1.076,315.741,243.837,-2.492,0.196,0,0,0,0,172.75,294.274,1.5,112.5,0.926,-0.07,0.05,0.001,34,483.5,274,2.5,0,0,0,0,0,0,0,0,0,2899

Main.js:462 351.434,240.829,165,165,-0.407,0.016,0,0,90,0,0,0,0,0,0,0,156.026,356.273,-2.256,1.076,313.249,244.033,-2.492,0.196,0,0,0,0,173.677,294.209,1.5,111,0.927,-0.066,0.05,0.001,33,486,274,2.5,0,0,0,0,0,0,0,0,0,2917

Main.js:462 351.048,240.845,165,165,-0.386,0.016,0,0,89,0,0,0,0,0,0,0,153.769,357.349,-2.256,1.076,310.756,244.229,-2.492,0.196,0,0,0,0,174.606,294.148,1.5,109.5,0.928,-0.061,0.05,0.001,32,488.5,274,2.5,0,0,0,0,0,0,0,0,0,2933

Main.js:462 350.681,240.86,165,165,-0.367,0.015,0,0,88,0,0,0,0,0,0,0,151.513,358.425,-2.256,1.076,308.264,244.425,-2.492,0.196,0,0,0,0,175.535,294.091,1.5,108,0.929,-0.057,0.05,0.001,31,491,274,2.5,0,0,0,0,0,0,0,0,0,2950

Main.js:462 350.332,240.874,165,165,-0.349,0.014,0,0,87,0,0,0,0,0,0,0,149.256,359.501,-2.256,1.076,305.772,244.621,-2.492,0.196,0,0,0,0,176.465,294.038,1.5,106.5,0.93,-0.053,0.05,0.001,30,493.5,274,2.5,0,0,0,0,0,0,0,0,0,2965

Main.js:462 350.001,240.887,165,165,-0.331,0.013,0,0,86,0,0,0,0,0,0,0,147,360.578,-2.256,1.076,303.28,244.817,-2.492,0.196,0,0,0,0,177.397,293.99,1.5,105,0.931,-0.049,0.05,0.001,29,496,274,2.5,0,0,0,0,0,0,0,0,0,2983

Main.js:462 349.686,240.9,165,165,-0.315,0.013,0,0,85,0,0,0,0,0,0,0,144.744,361.654,-2.256,1.076,300.787,245.013,-2.492,0.196,0,0,0,0,178.329,293.945,1.5,103.5,0.932,-0.045,0.05,0.001,28,498.5,274,2.5,0,0,0,0,0,0,0,0,0,3000

Main.js:462 349.387,240.912,165,165,-0.299,0.012,0,0,84,0,0,0,0,0,0,0,144.744,361.654,-2.256,1.076,298.295,245.21,-2.492,0.196,0,0,0,0,179.262,293.903,1.5,102,0.933,-0.042,0.05,0.001,27,0,0,0,0,0,0,0,0,0,0,0,0,3015

Main.js:462 349.103,240.923,165,165,-0.284,0.011,0,0,83,0,0,0,0,0,0,0,142.487,362.73,-2.256,1.076,295.803,245.406,-2.492,0.196,0,0,0,0,180.196,293.863,0,99,0.934,-0.04,0.05,0,26,0,0,0,0,0,0,0,0,0,0,0,0,3034

Main.js:462 348.833,240.934,165,165,-0.27,0.011,0,0,82,0,0,0,0,0,0,0,140.231,363.807,-2.256,1.076,293.31,245.602,-2.492,0.196,0,0,0,0,181.13,293.825,358.5,96,0.935,-0.039,0.05,-0.001,25,0,0,0,0,0,0,0,0,0,0,0,0,3050

Main.js:462 348.576,240.945,165,165,-0.256,0.01,0,0,81,0,0,0,0,0,0,0,137.974,364.883,-2.256,1.076,290.818,245.798,-2.492,0.196,0,0,0,0,182.066,293.785,357,93,0.935,-0.039,0.05,-0.003,24,0,0,0,0,0,0,0,0,0,0,0,0,3065

Main.js:462 348.333,240.954,165,165,-0.244,0.01,0,0,80,0,0,0,0,0,0,0,135.718,365.959,-2.256,1.076,288.326,245.994,-2.492,0.196,0,0,0,0,183.002,293.744,355.5,90,0.936,-0.041,0.05,-0.004,23,0,0,0,0,0,0,0,0,0,0,0,0,3083

Main.js:462 348.101,240.964,165,165,-0.231,0.009,0,0,79,0,0,0,0,0,0,0,133.461,367.035,-2.256,1.076,285.834,246.19,-2.492,0.196,0,0,0,0,183.938,293.7,354,87,0.936,-0.044,0.05,-0.005,22,0,0,0,0,0,0,0,0,0,0,0,0,3099

Main.js:462 347.881,240.973,165,165,-0.22,0.009,0,0,78,0,0,0,0,0,0,0,131.205,368.112,-2.256,1.076,283.341,246.386,-2.492,0.196,0,0,0,0,184.875,293.652,352.5,84,0.937,-0.048,0.05,-0.007,21,0,0,0,0,0,0,0,0,0,0,0,0,3116

Main.js:462 347.673,240.981,165,165,-0.209,0.008,0,0,77,0,0,0,0,1,0,0,128.948,369.188,-2.256,1.076,280.849,246.583,-2.492,0.196,0,0,0,0,185.812,293.599,351,81,0.937,-0.053,0.049,-0.008,20,0,0,0,0,0,0,0,0,0,0,0,0,3132

Main.js:462 347.474,240.989,165,165,-0.198,0.008,0,0,76,0,0,0,0,1,0,0,126.692,370.264,-2.256,1.076,278.357,246.779,-2.492,0.196,0,0,0,0,186.748,293.54,349.5,78,0.937,-0.059,0.049,-0.009,19,0,0,0,0,0,0,0,0,0,0,0,0,3150

Main.js:462 347.286,240.997,165,165,-0.188,0.008,0,0,75,0,0,0,0,1,0,0,124.435,371.341,-2.256,1.076,275.864,246.975,-2.492,0.196,0,0,0,0,187.685,293.474,348,75,0.936,-0.066,0.049,-0.01,18,0,0,0,0,0,0,0,0,0,0,0,0,3167

Main.js:462 347.107,241.004,165,165,-0.179,0.007,0,0,74,0,0,0,0,0,0,0,122.179,372.417,-2.256,1.076,273.372,247.171,-2.492,0.196,0,0,0,0,188.62,293.4,346.5,72,0.936,-0.074,0.049,-0.012,17,0,0,0,0,0,0,0,0,0,0,0,0,3182

Main.js:462 346.937,241.011,165,165,-0.17,0.007,0,0,73,0,0,0,0,0,0,0,119.922,373.493,-2.256,1.076,270.88,247.367,-2.492,0.196,0,0,0,0,189.555,293.318,345,69,0.935,-0.082,0.048,-0.013,16,0,0,0,0,0,0,0,0,0,0,0,0,3200

Main.js:462 346.775,241.017,165,165,-0.162,0.007,0,0,72,0,0,0,0,0,0,0,117.666,374.569,-2.256,1.076,268.388,247.563,-2.492,0.196,0,0,0,0,190.488,293.226,343.5,66,0.934,-0.092,0.048,-0.014,15,0,0,0,0,0,0,0,0,0,0,0,0,3216

Main.js:462 346.621,241.024,165,165,-0.154,0.006,0,0,71,0,0,0,0,0,0,0,115.41,375.646,-2.256,1.076,265.895,247.76,-2.492,0.196,0,0,0,0,191.421,293.125,342,63,0.932,-0.102,0.048,-0.015,14,0,0,0,0,0,0,0,0,0,0,0,0,3232

Main.js:462 346.476,241.029,165,165,-0.146,0.006,0,0,70,0,0,0,0,0,0,0,113.153,376.722,-2.256,1.076,263.403,247.956,-2.492,0.196,0,0,0,0,192.351,293.012,340.5,60,0.93,-0.113,0.047,-0.017,13,0,0,0,0,0,0,0,0,0,0,0,0,3248

Main.js:462 346.337,241.035,165,165,-0.139,0.006,0,0,69,0,0,0,0,0,0,0,110.897,377.798,-2.256,1.076,260.911,248.152,-2.492,0.196,0,0,0,0,193.279,292.888,339,57,0.928,-0.124,0.047,-0.018,12,0,0,0,0,0,0,0,0,0,0,0,0,3267

Main.js:462 346.205,241.04,165,165,-0.132,0.005,0,0,68,0,0,0,0,0,0,0,108.64,378.874,-2.256,1.076,258.418,248.348,-2.492,0.196,0,0,0,0,194.204,292.752,337.5,54,0.926,-0.136,0.046,-0.019,11,0,0,0,0,0,0,0,0,0,0,0,0,3283

Main.js:462 346.08,241.045,165,165,-0.125,0.005,0,0,67,0,0,0,0,0,0,0,106.384,379.951,-2.256,1.076,255.926,248.544,-2.492,0.196,0,0,0,0,195.127,292.604,336,51,0.923,-0.148,0.046,-0.02,10,0,0,0,0,0,0,0,0,0,0,0,0,3299

Main.js:462 345.962,241.05,165,165,-0.119,0.005,0,0,66,0,0,0,0,1,0,0,104.127,381.027,-2.256,1.076,253.434,248.74,-2.492,0.196,0,0,0,0,196.046,292.442,334.5,48,0.919,-0.162,0.045,-0.022,9,0,0,0,0,0,0,0,0,0,0,0,0,3316

Main.js:462 345.803,241.067,165,165,-0.159,0.017,-0.048,0.013,65,0,0,1,0,1,0,0,101.871,382.103,-2.256,1.076,250.941,248.936,-2.492,0.196,0,0,0,0,196.962,292.267,333,45,0.916,-0.175,0.045,-0.023,8,0,0,0,0,0,0,0,0,0,0,0,0,3333

Main.js:462 345.606,241.095,165,165,-0.197,0.028,-0.048,0.013,64,0,0,1,0,1,0,0,99.614,383.18,-2.256,1.076,248.449,249.133,-2.492,0.196,0,0,0,0,197.874,292.078,331.5,42,0.912,-0.189,0.044,-0.024,7,0,0,0,0,0,0,0,0,0,0,0,0,3350

Main.js:462 345.374,241.135,165,165,-0.233,0.039,-0.048,0.013,63,0,0,1,0,1,0,0,97.358,384.256,-2.256,1.076,245.957,249.329,-2.492,0.196,0,0,0,0,198.781,291.875,330,39,0.907,-0.203,0.043,-0.025,6,0,0,0,0,0,0,0,0,0,0,0,0,3366

Main.js:462 345.107,241.184,165,165,-0.267,0.05,-0.048,0.013,62,0,0,1,0,0,0,0,95.101,385.332,-2.256,1.076,243.465,249.525,-2.492,0.196,0,0,0,0,199.683,291.657,328.5,36,0.902,-0.218,0.043,-0.026,5,0,0,0,0,0,0,0,0,0,0,0,0,3382

Main.js:462 344.807,241.243,165,165,-0.3,0.059,-0.048,0.013,61,0,0,1,0,0,0,0,92.845,386.408,-2.256,1.076,240.972,249.721,-2.492,0.196,0,0,0,0,200.581,291.424,327,33,0.897,-0.233,0.042,-0.027,4,0,0,0,0,0,0,0,0,0,0,0,0,3399

Main.js:462 344.477,241.312,165,165,-0.33,0.069,-0.048,0.013,60,0,0,1,0,0,0,0,90.588,387.485,-2.256,1.076,238.48,249.917,-2.492,0.196,0,0,0,0,201.472,291.176,325.5,30,0.891,-0.248,0.041,-0.028,3,0,0,0,0,0,0,0,0,0,0,0,0,3415

Main.js:462 344.117,241.39,165,165,-0.36,0.078,-0.048,0.013,59,0,0,1,0,0,0,0,88.332,388.561,-2.256,1.076,235.988,250.113,-2.492,0.196,0,0,0,0,202.357,290.912,324,27,0.885,-0.264,0.04,-0.029,2,0,0,0,0,0,0,0,0,0,0,0,0,3432

Main.js:462 343.729,241.476,165,165,-0.388,0.086,-0.048,0.013,58,0,0,1,0,0,0,0,86.076,389.637,-2.256,1.076,233.495,250.309,-2.492,0.196,0,0,0,0,203.236,290.633,322.5,24,0.879,-0.279,0.04,-0.03,1,0,0,0,0,0,0,0,0,0,0,0,0,3450

Main.js:462 343.315,241.569,165,165,-0.414,0.094,-0.048,0.013,57,0,0,1,0,0,0,0,83.819,390.714,-2.256,1.076,231.003,250.506,-2.492,0.196,0,0,0,0,204.108,290.338,321,21,0.872,-0.295,0.039,-0.031,0,0,0,0,0,0,0,0,0,0,0,0,0,3465

Main.js:462 342.876,241.671,165,165,-0.439,0.102,-0.048,0.013,56,0,0,1,0,0,0,0,81.563,391.79,-2.256,1.076,228.511,250.702,-2.492,0.196,0,0,0,0,204.972,290.026,319.5,18,0.864,-0.311,0.038,-0.032,99,0,0,0,0,0,0,0,0,0,0,0,0,3482

Main.js:462 342.412,241.78,165,165,-0.463,0.109,-0.048,0.013,55,0,0,1,0,0,0,0,79.306,392.866,-2.256,1.076,226.019,250.898,-2.492,0.196,0,0,0,0,205.828,289.699,318,15,0.856,-0.328,0.037,-0.033,98,226.457,297.6,2.378,0.773,0,0,0,0,0,0,0,0,3500

Main.js:462 341.926,241.895,165,165,-0.486,0.116,-0.048,0.013,54,0,0,1,0,0,0,0,77.05,393.942,-2.256,1.076,223.526,251.094,-2.492,0.196,0,0,0,0,206.676,289.355,316.5,12,0.848,-0.344,0.036,-0.034,97,228.835,298.372,2.378,0.773,0,0,0,0,0,0,0,0,3516

Main.js:462 341.419,242.018,165,165,-0.508,0.122,-0.048,0.013,53,0,0,1,0,0,0,0,74.793,395.019,-2.256,1.076,221.034,251.29,-2.492,0.196,0,0,0,0,207.515,288.995,315,9,0.839,-0.36,0.035,-0.035,96,231.213,299.145,2.378,0.773,0,0,0,0,0,0,0,0,3532

Main.js:462 340.891,242.146,165,165,-0.528,0.128,-0.048,0.013,52,0,0,1,0,0,0,0,72.537,396.095,-2.256,1.076,218.542,251.486,-2.492,0.196,0,0,0,0,208.345,288.618,313.5,6,0.83,-0.377,0.034,-0.036,95,233.59,299.917,2.378,0.773,0,0,0,0,0,0,0,0,3549

Main.js:462 340.343,242.28,165,165,-0.548,0.134,-0.048,0.013,51,0,0,1,0,0,0,0,70.28,397.171,-2.256,1.076,216.049,251.682,-2.492,0.196,0,0,0,0,209.165,288.225,312,3,0.82,-0.393,0.033,-0.037,94,235.968,300.69,2.378,0.773,0,0,0,0,0,0,0,0,3566

Main.js:462 339.777,242.42,165,165,-0.566,0.14,-0.048,0.013,50,0,0,1,0,0,0,0,68.024,398.247,-2.256,1.076,213.557,251.879,-2.492,0.196,0,0,0,0,209.975,287.815,310.5,0,0.81,-0.41,0.032,-0.038,93,238.346,301.462,2.378,0.773,0,0,0,0,0,0,0,0,3582

Main.js:462 339.194,242.565,165,165,-0.584,0.145,-0.048,0.013,49,0,0,1,0,0,0,0,65.767,399.324,-2.256,1.076,211.065,252.075,-2.492,0.196,0,0,0,0,210.774,287.389,309,-3,0.799,-0.426,0.031,-0.039,92,240.723,302.235,2.378,0.773,0,0,0,0,0,0,0,0,3599

Main.js:462 338.593,242.715,165,165,-0.6,0.15,-0.048,0.013,48,0,0,1,0,1,0,0,63.511,400.4,-2.256,1.076,208.572,252.271,-2.492,0.196,0,0,0,0,211.563,286.946,307.5,-6,0.788,-0.442,0.03,-0.04,91,243.101,303.007,2.378,0.773,0,0,0,0,0,0,0,0,3616

Main.js:462 337.977,242.87,165,165,-0.616,0.155,-0.048,0.013,47,0,0,1,0,1,0,0,61.254,401.476,-2.256,1.076,206.08,252.467,-2.492,0.196,0,0,0,0,212.34,286.488,306,-9,0.777,-0.459,0.029,-0.04,90,245.479,303.78,2.378,0.773,0,0,0,0,0,0,0,0,3634

Main.js:462 337.346,243.029,165,165,-0.631,0.159,-0.048,0.013,46,0,0,1,0,1,0,0,58.998,402.553,-2.256,1.076,203.588,252.663,-2.492,0.196,0,0,0,0,213.105,286.013,304.5,-12,0.765,-0.475,0.028,-0.041,89,247.856,304.553,2.378,0.773,0,0,0,0,0,0,0,0,3649

Main.js:462 336.7,243.193,165,165,-0.646,0.164,-0.048,0.013,45,0,0,1,0,1,0,0,56.741,403.629,-2.256,1.076,201.096,252.859,-2.492,0.196,0,0,0,0,213.857,285.522,303,-15,0.753,-0.491,0.027,-0.042,88,250.234,305.325,2.378,0.773,0,0,0,0,0,0,0,0,3665

Main.js:462 336.041,243.361,165,165,-0.659,0.168,-0.048,0.013,44,0,0,1,0,1,0,0,54.485,404.705,-2.256,1.076,198.603,253.056,-2.492,0.196,0,0,0,0,214.597,285.015,301.5,-18,0.74,-0.507,0.026,-0.043,87,252.611,306.098,2.378,0.773,0,0,0,0,0,0,0,0,3683

Main.js:462 335.415,243.52,165,165,-0.626,0.159,0,0,43,0,0,0,0,0,0,0,52.229,405.781,-2.256,1.076,196.111,253.252,-2.492,0.196,0,0,0,0,215.323,284.492,300,-21,0.726,-0.523,0.025,-0.043,86,254.989,306.87,2.378,0.773,0,0,0,0,0,0,0,0,3700

Main.js:462 334.82,243.672,165,165,-0.595,0.152,0,0,42,0,0,0,0,0,0,0,49.972,406.858,-2.256,1.076,193.619,253.448,-2.492,0.196,0,0,0,0,216.036,283.953,298.5,-24,0.713,-0.538,0.024,-0.044,85,257.367,307.643,2.378,0.773,0,0,0,0,0,0,0,0,3716

Main.js:462 334.255,243.816,165,165,-0.565,0.144,0,0,41,0,0,0,0,0,0,0,47.716,407.934,-2.256,1.076,191.126,253.644,-2.492,0.196,0,0,0,0,216.735,283.4,297,-27,0.699,-0.554,0.023,-0.045,84,259.744,308.415,2.378,0.773,0,0,0,0,0,0,0,0,3733

Main.js:462 333.718,243.953,165,165,-0.537,0.137,0,0,40,0,0,0,0,0,0,0,45.459,409.01,-2.256,1.076,188.634,253.84,-2.492,0.196,0,0,0,0,217.419,282.831,295.5,-30,0.684,-0.569,0.022,-0.045,83,262.122,309.188,2.378,0.773,0,0,0,0,0,0,0,0,3750

Main.js:462 333.208,244.083,165,165,-0.51,0.13,0,0,39,0,0,0,0,0,0,0,43.203,410.087,-2.256,1.076,186.142,254.036,-2.492,0.196,0,0,0,0,218.088,282.247,294,-33,0.669,-0.584,0.02,-0.046,82,264.5,309.96,2.378,0.773,0,0,0,0,0,0,0,0,3766

Main.js:462 332.723,244.206,165,165,-0.485,0.123,0,0,38,0,0,0,0,0,0,0,40.946,411.163,-2.256,1.076,183.65,254.232,-2.492,0.196,0,0,0,0,218.742,281.648,292.5,-36,0.654,-0.599,0.019,-0.046,81,266.877,310.733,2.378,0.773,0,0,0,0,0,0,0,0,3783

Main.js:462 332.263,244.323,165,165,-0.46,0.117,0,0,37,0,0,0,0,1,0,0,38.69,412.239,-2.256,1.076,181.157,254.429,-2.492,0.196,0,0,0,0,219.381,281.035,291,-39,0.638,-0.613,0.018,-0.047,80,269.255,311.505,2.378,0.773,0,0,0,0,0,0,0,0,3798

Main.js:462 331.826,244.435,165,165,-0.437,0.111,0,0,36,0,0,0,0,1,0,0,36.433,413.315,-2.256,1.076,178.665,254.625,-2.492,0.196,0,0,0,0,220.003,280.408,289.5,-42,0.622,-0.627,0.017,-0.047,79,271.633,312.278,2.378,0.773,0,0,0,0,0,0,0,0,3816

Main.js:462 331.41,244.54,165,165,-0.415,0.106,0,0,35,0,0,0,0,1,0,0,34.177,414.392,-2.256,1.076,176.173,254.821,-2.492,0.196,0,0,0,0,220.609,279.767,288,-45,0.606,-0.641,0.015,-0.048,78,274.01,313.051,2.378,0.773,0,0,0,0,0,0,0,0,3833

Main.js:462 331.016,244.641,165,165,-0.395,0.101,0,0,34,0,0,0,0,1,0,0,31.92,415.468,-2.256,1.076,173.68,255.017,-2.492,0.196,0,0,0,0,221.198,279.112,286.5,-48,0.589,-0.654,0.014,-0.048,77,276.388,313.823,2.378,0.773,0,0,0,0,0,0,0,0,3849

Main.js:462 330.641,244.736,165,165,-0.375,0.095,0,0,33,0,0,0,0,0,0,0,29.664,416.544,-2.256,1.076,171.188,255.213,-2.492,0.196,0,0,0,0,221.77,278.445,285,-51,0.572,-0.668,0.013,-0.048,76,278.765,314.596,2.378,0.773,0,0,0,0,0,0,0,0,3867

Main.js:462 330.284,244.827,165,165,-0.356,0.091,0,0,32,0,0,0,0,0,0,0,27.407,417.62,-2.256,1.076,168.696,255.409,-2.492,0.196,0,0,0,0,222.325,277.764,283.5,-54,0.554,-0.68,0.012,-0.049,75,281.143,315.368,2.378,0.773,0,0,0,0,0,0,0,0,3882

Main.js:462 329.946,244.913,165,165,-0.338,0.086,0,0,31,0,0,0,0,0,0,0,25.151,418.697,-2.256,1.076,166.203,255.605,-2.492,0.196,0,0,0,0,222.861,277.071,282,-57,0.537,-0.693,0.01,-0.049,74,283.521,316.141,2.378,0.773,0,0,0,0,0,0,0,0,3898

Main.js:462 329.625,244.995,165,165,-0.321,0.082,0,0,30,0,0,0,0,0,0,0,22.895,419.773,-2.256,1.076,163.711,255.802,-2.492,0.196,0,0,0,0,223.38,276.367,280.5,-60,0.518,-0.705,0.009,-0.049,73,285.898,316.913,2.378,0.773,0,0,0,0,0,0,0,0,3916

Main.js:462 329.319,245.073,165,165,-0.305,0.078,0,0,29,0,0,0,0,0,0,0,20.638,420.849,-2.256,1.076,161.219,255.998,-2.492,0.196,0,0,0,0,223.879,275.65,279,-63,0.5,-0.717,0.008,-0.049,72,288.276,317.686,2.378,0.773,0,0,0,0,0,0,0,0,3932

Main.js:462 329.029,245.147,165,165,-0.29,0.074,0,0,28,0,0,0,0,1,0,0,18.382,421.926,-2.256,1.076,158.727,256.194,-2.492,0.196,0,0,0,0,224.361,274.922,277.5,-66,0.481,-0.728,0.007,-0.05,71,290.654,318.458,2.378,0.773,0,0,0,0,0,0,0,0,3950

Main.js:462 328.753,245.217,165,165,-0.276,0.07,0,0,27,0,0,0,0,1,0,0,16.125,423.002,-2.256,1.076,156.234,256.39,-2.492,0.196,0,0,0,0,224.823,274.183,276,-69,0.462,-0.739,0.005,-0.05,70,293.031,319.231,2.378,0.773,0,0,0,0,0,0,0,0,3967

Main.js:462 328.492,245.284,165,165,-0.262,0.067,0,0,26,0,0,0,0,1,0,0,13.869,424.078,-2.256,1.076,153.742,256.586,-2.492,0.196,0,0,0,0,225.265,273.434,274.5,-72,0.443,-0.749,0.004,-0.05,69,295.409,320.003,2.378,0.773,0,0,0,0,0,0,0,0,3983

Main.js:462 328.243,245.347,165,165,-0.249,0.063,0,0,25,0,0,0,0,1,0,0,11.612,425.154,-2.256,1.076,151.25,256.782,-2.492,0.196,0,0,0,0,225.688,272.675,273,-75,0.423,-0.759,0.003,-0.05,68,297.787,320.776,2.378,0.773,0,0,0,0,0,0,0,0,3999

Main.js:462 328.007,245.407,165,165,-0.236,0.06,0,0,24,0,0,0,0,0,0,0,9.356,426.231,-2.256,1.076,148.757,256.978,-2.492,0.196,0,0,0,0,226.091,271.906,271.5,-78,0.403,-0.769,0.001,-0.05,67,300.164,321.548,2.378,0.773,0,0,0,0,0,0,0,0,4017

Main.js:462 327.782,245.464,165,165,-0.224,0.057,0,0,23,0,0,0,0,0,0,0,7.099,427.307,-2.256,1.076,146.265,257.175,-2.492,0.196,0,0,0,0,226.477,271.129,273,-78,0.385,-0.778,0.003,-0.05,66,302.542,322.321,2.378,0.773,0,0,0,0,0,0,0,0,4034

Main.js:462 327.569,245.519,165,165,-0.213,0.054,0,0,22,0,0,0,0,0,0,0,4.843,428.383,-2.256,1.076,143.773,257.371,-2.492,0.196,0,0,0,0,226.847,270.343,274.5,-78,0.37,-0.786,0.004,-0.05,65,304.92,323.094,2.378,0.773,0,0,0,0,0,0,0,0,4050

Main.js:462 327.32,245.583,165,165,-0.248,0.064,-0.048,0.013,21,0,0,1,0,0,0,0,2.586,429.46,-2.256,1.076,141.281,257.567,-2.492,0.196,0,0,0,0,227.203,269.549,276,-78,0.356,-0.794,0.005,-0.05,64,307.297,323.866,2.378,0.773,0,0,0,0,0,0,0,0,4066

Main.js:462 327.038,245.656,165,165,-0.282,0.073,-0.048,0.013,20,0,0,1,0,0,0,0,0.33,430.536,-2.256,1.076,138.788,257.763,-2.492,0.196,0,0,0,0,227.548,268.747,277.5,-78,0.345,-0.801,0.007,-0.05,63,309.675,324.639,2.378,0.773,0,0,0,0,0,0,0,0,4083

Main.js:462 326.725,245.737,165,165,-0.314,0.082,-0.048,0.013,19,0,0,1,0,1,0,0,138.788,257.763,-2.492,0.196,0,0,0,0,0,0,0,0,227.883,267.939,279,-78,0.335,-0.808,0.008,-0.049,62,312.052,325.411,2.378,0.773,0,0,0,0,0,0,0,0,4100

Main.js:462 326.381,245.827,165,165,-0.344,0.09,-0.048,0.013,18,0,0,1,0,1,0,0,136.296,257.959,-2.492,0.196,0,0,0,0,0,0,0,0,228.209,267.124,280.5,-78,0.327,-0.815,0.009,-0.049,61,314.43,326.184,2.378,0.773,0,0,0,0,0,0,0,0,4117

Main.js:462 326.008,245.925,165,165,-0.373,0.098,-0.048,0.013,17,0,0,1,0,1,0,0,133.804,258.155,-2.492,0.196,0,0,0,0,0,0,0,0,228.53,266.304,282,-78,0.32,-0.82,0.01,-0.049,60,316.808,326.956,2.378,0.773,0,0,0,0,0,0,0,0,4133

Main.js:462 325.608,246.03,165,165,-0.4,0.105,-0.048,0.013,16,0,0,1,0,1,0,0,131.311,258.352,-2.492,0.196,0,0,0,0,0,0,0,0,228.845,265.479,283.5,-78,0.315,-0.825,0.012,-0.049,59,319.185,327.729,2.378,0.773,0,0,0,0,0,0,0,0,4149

Main.js:462 325.183,246.142,165,165,-0.426,0.112,-0.048,0.013,15,0,0,1,0,1,0,0,128.819,258.548,-2.492,0.196,0,0,0,0,0,0,0,0,229.157,264.649,285,-78,0.312,-0.83,0.013,-0.048,58,321.563,328.501,2.378,0.773,0,0,0,0,0,0,0,0,4166

Main.js:462 324.732,246.261,165,165,-0.45,0.119,-0.048,0.013,14,0,0,1,0,0,0,0,126.327,258.744,-2.492,0.196,0,0,0,0,0,0,0,0,229.467,263.814,286.5,-78,0.31,-0.834,0.014,-0.048,57,323.941,329.274,2.378,0.773,0,0,0,0,0,0,0,0,4182

Main.js:462 324.259,246.386,165,165,-0.474,0.125,-0.048,0.013,13,0,0,1,0,0,0,0,123.834,258.94,-2.492,0.196,0,0,0,0,0,0,0,0,229.776,262.977,288,-78,0.309,-0.838,0.015,-0.048,56,326.318,330.046,2.378,0.773,0,0,0,0,0,0,0,0,4199

Main.js:462 323.763,246.517,165,165,-0.496,0.131,-0.048,0.013,12,0,0,1,0,0,0,0,121.342,259.136,-2.492,0.196,0,0,0,0,0,0,0,0,230.086,262.136,289.5,-78,0.309,-0.84,0.017,-0.047,55,328.696,330.819,2.378,0.773,0,0,0,0,0,0,0,0,4217

Main.js:462 323.246,246.654,165,165,-0.517,0.137,-0.048,0.013,11,0,0,1,0,0,0,0,118.85,259.332,-2.492,0.196,0,0,0,0,0,0,0,0,230.397,261.293,291,-78,0.311,-0.843,0.018,-0.047,54,331.074,331.592,2.378,0.773,0,0,0,0,0,0,0,0,4234

Main.js:462 322.709,246.796,165,165,-0.537,0.142,-0.048,0.013,10,0,0,1,0,0,0,0,116.358,259.528,-2.492,0.196,0,0,0,0,0,0,0,0,230.71,260.449,292.5,-78,0.314,-0.845,0.019,-0.046,53,333.451,332.364,2.378,0.773,0,0,0,0,0,0,0,0,4249

Main.js:462 322.153,246.944,165,165,-0.556,0.148,-0.048,0.013,9,0,0,1,0,1,0,0,113.865,259.725,-2.492,0.196,0,0,0,0,0,0,0,0,231.027,259.603,294,-78,0.317,-0.846,0.02,-0.046,52,335.829,333.137,2.378,0.773,0,0,0,0,0,0,0,0,4267

Main.js:462 321.578,247.096,165,165,-0.574,0.152,-0.048,0.013,8,0,0,1,0,1,0,0,111.373,259.921,-2.492,0.196,0,0,0,0,0,0,0,0,231.349,258.757,295.5,-78,0.322,-0.846,0.022,-0.045,51,338.207,333.909,2.378,0.773,0,0,0,0,0,0,0,0,4284

Main.js:462 320.987,247.253,165,165,-0.591,0.157,-0.048,0.013,7,0,0,1,0,1,0,0,108.881,260.117,-2.492,0.196,0,0,0,0,0,0,0,0,231.677,257.911,297,-78,0.327,-0.846,0.023,-0.045,50,340.584,334.682,2.378,0.773,0,0,0,0,0,0,0,0,4306

Main.js:462 320.379,247.414,166.5,166.5,-0.608,0.16,-0.049,0.012,6,0,1,1,0,1,0,0,106.388,260.313,-2.492,0.196,0,0,0,0,0,0,0,0,232.01,257.065,298.5,-78,0.334,-0.846,0.024,-0.044,49,342.962,335.454,2.378,0.773,0,0,0,0,0,0,0,0,4316

Main.js:462 319.755,247.576,168,168,-0.624,0.162,-0.049,0.01,5,0,1,1,0,1,0,0,103.896,260.509,-2.492,0.196,0,0,0,0,0,0,0,0,232.351,256.22,300,-78,0.341,-0.845,0.025,-0.043,48,345.339,336.227,2.378,0.773,0,0,0,0,0,0,0,0,4332

Main.js:462 319.116,247.739,169.5,169.5,-0.639,0.163,-0.049,0.009,4,0,1,1,0,1,0,0,101.404,260.705,-2.492,0.196,0,0,0,0,0,0,0,0,232.699,255.377,301.5,-78,0.348,-0.843,0.026,-0.043,47,347.717,336.999,2.378,0.773,0,0,0,0,0,0,0,0,4349

Main.js:462 318.461,247.901,171,171,-0.654,0.162,-0.049,0.008,3,0,1,1,0,0,0,0,98.912,260.901,-2.492,0.196,0,0,0,0,0,0,0,0,233.056,254.537,303,-78,0.357,-0.841,0.027,-0.042,46,350.095,337.772,2.378,0.773,0,0,0,0,0,0,0,0,4366

Main.js:462 317.792,248.061,172.5,172.5,-0.669,0.16,-0.05,0.007,2,0,1,1,0,0,0,0,96.419,261.098,-2.492,0.196,0,0,0,0,0,0,0,0,233.422,253.699,304.5,-78,0.366,-0.838,0.028,-0.041,45,352.472,338.544,2.378,0.773,0,0,0,0,0,0,0,0,4383

Main.js:462 317.11,248.218,174,174,-0.683,0.157,-0.05,0.005,1,0,1,1,0,0,0,0,93.927,261.294,-2.492,0.196,0,0,0,0,0,0,0,0,233.798,252.865,306,-78,0.376,-0.834,0.029,-0.04,44,354.85,339.317,2.378,0.773,0,0,0,0,0,0,0,0,4399

Main.js:462 316.414,248.371,175.5,175.5,-0.696,0.153,-0.05,0.004,0,0,1,1,0,0,0,0,91.435,261.49,-2.492,0.196,0,0,0,0,0,0,0,0,234.184,252.035,307.5,-78,0.386,-0.83,0.03,-0.04,43,357.228,340.09,2.378,0.773,0,0,0,0,0,0,0,0,4415

Main.js:462 315.706,248.519,177,177,-0.708,0.148,-0.05,0.003,0,0,1,1,0,0,0,0,88.942,261.686,-2.492,0.196,0,0,0,0,0,0,0,0,234.58,251.209,309,-78,0.396,-0.826,0.031,-0.039,42,359.605,340.862,2.378,0.773,0,0,0,0,0,0,0,0,4433

Main.js:462 314.985,248.661,178.5,178.5,-0.721,0.142,-0.05,0.001,0,0,1,1,0,0,0,0,86.45,261.882,-2.492,0.196,0,0,0,0,0,0,0,0,234.987,250.389,310.5,-78,0.407,-0.82,0.032,-0.038,41,361.983,341.635,2.378,0.773,0,0,0,0,0,0,0,0,4451

Main.js:462 314.253,248.795,180,180,-0.732,0.135,-0.05,0,99,0,1,1,0,1,0,0,83.958,262.078,-2.492,0.196,0,0,0,0,0,0,0,0,235.406,249.574,312,-78,0.419,-0.815,0.033,-0.037,40,364.361,342.407,2.378,0.773,0,0,0,0,0,0,0,0,4465

Main.js:462 313.51,248.922,181.5,181.5,-0.743,0.127,-0.05,-0.001,98,0,1,1,0,1,0,0,81.466,262.274,-2.492,0.196,291.485,248.661,-2.5,0,0,0,0,0,235.837,248.766,313.5,-78,0.431,-0.808,0.034,-0.036,39,366.738,343.18,2.378,0.773,0,0,0,0,0,0,0,0,4482

Main.js:462 312.757,249.04,183,183,-0.753,0.118,-0.05,-0.003,97,0,1,1,0,1,0,0,78.973,262.471,-2.492,0.196,288.985,248.661,-2.5,0,0,0,0,0,236.279,247.964,315,-78,0.443,-0.802,0.035,-0.035,38,369.116,343.952,2.378,0.773,0,0,0,0,0,0,0,0,4498

Main.js:462 311.994,249.148,184.5,184.5,-0.763,0.108,-0.05,-0.004,96,0,1,1,0,1,0,0,76.481,262.667,-2.492,0.196,286.485,248.661,-2.5,0,0,0,0,0,236.734,247.17,316.5,-78,0.455,-0.794,0.036,-0.034,37,371.494,344.725,2.378,0.773,0,0,0,0,0,0,0,0,4517

Main.js:462 311.222,249.246,186,186,-0.772,0.098,-0.05,-0.005,95,0,1,1,0,1,0,0,73.989,262.863,-2.492,0.196,283.985,248.661,-2.5,0,0,0,0,0,237.201,246.383,316.5,-79.5,0.467,-0.787,0.036,-0.034,36,373.871,345.497,2.378,0.773,0,0,0,0,0,0,0,0,4533

Main.js:462 310.442,249.332,187.5,187.5,-0.78,0.087,-0.05,-0.007,94,0,1,1,0,0,0,0,71.496,263.059,-2.492,0.196,281.485,248.661,-2.5,0,0,0,0,0,237.679,245.602,316.5,-81,0.478,-0.781,0.036,-0.034,35,376.249,346.27,2.378,0.773,0,0,0,0,0,0,0,0,4550

Main.js:462 309.7,249.415,187.5,187.5,-0.741,0.082,0,0,93,0,0,0,0,0,0,0,69.004,263.255,-2.492,0.196,278.985,248.661,-2.5,0,0,0,0,0,238.167,244.828,316.5,-82.5,0.488,-0.774,0.036,-0.034,34,378.626,347.042,2.378,0.773,0,0,0,0,0,0,0,0,4566

Main.js:462 308.996,249.493,187.5,187.5,-0.704,0.078,0,0,92,0,0,0,0,0,0,0,66.512,263.451,-2.492,0.196,276.485,248.661,-2.5,0,0,0,0,0,238.665,244.06,316.5,-84,0.498,-0.768,0.036,-0.034,33,381.004,347.815,2.378,0.773,0,0,0,0,0,0,0,0,4582

Main.js:462 308.327,249.567,187.5,187.5,-0.669,0.074,0,0,91,0,0,0,0,0,0,0,64.019,263.647,-2.492,0.196,273.985,248.661,-2.5,0,0,0,0,0,239.173,243.297,316.5,-85.5,0.508,-0.762,0.036,-0.034,32,383.382,348.587,2.378,0.773,0,0,0,0,0,0,0,0,4599

Main.js:462 307.691,249.638,187.5,187.5,-0.636,0.071,0,0,90,0,0,0,0,1,0,0,61.527,263.844,-2.492,0.196,271.485,248.661,-2.5,0,0,0,0,0,239.69,242.54,316.5,-87,0.517,-0.757,0.036,-0.034,31,385.759,349.36,2.378,0.773,0,0,0,0,0,0,0,0,4666

Main.js:462 307.087,249.705,187.5,187.5,-0.604,0.067,0,0,89,0,0,0,0,1,0,0,59.035,264.04,-2.492,0.196,268.985,248.661,-2.5,0,0,0,0,0,240.216,241.788,316.5,-88.5,0.526,-0.752,0.036,-0.034,30,388.137,350.133,2.378,0.773,0,0,0,0,0,0,0,0,4683

Main.js:462 306.513,249.769,187.5,187.5,-0.574,0.064,0,0,88,0,0,0,0,1,0,0,56.543,264.236,-2.492,0.196,266.485,248.661,-2.5,0,0,0,0,0,240.75,241.041,316.5,-90,0.534,-0.747,0.036,-0.034,29,390.515,350.905,2.378,0.773,0,0,0,0,0,0,0,0,4698

Main.js:462 305.968,249.829,187.5,187.5,-0.545,0.061,0,0,87,0,0,0,0,0,0,0,54.05,264.432,-2.492,0.196,263.985,248.661,-2.5,0,0,0,0,0,241.291,240.299,316.5,-91.5,0.542,-0.742,0.036,-0.034,28,392.892,351.678,2.378,0.773,0,0,0,0,0,0,0,0,4716

Main.js:462 305.451,249.887,187.5,187.5,-0.518,0.058,0,0,86,0,0,0,0,0,0,0,51.558,264.628,-2.492,0.196,261.485,248.661,-2.5,0,0,0,0,0,241.84,239.561,316.5,-93,0.549,-0.738,0.036,-0.034,27,395.27,352.45,2.378,0.773,0,0,0,0,0,0,0,0,4731

Main.js:462 304.959,249.942,187.5,187.5,-0.492,0.055,0,0,85,0,0,0,0,0,0,0,49.066,264.824,-2.492,0.196,258.985,248.661,-2.5,0,0,0,0,0,242.396,238.827,316.5,-94.5,0.556,-0.734,0.036,-0.034,26,397.648,353.223,2.378,0.773,0,0,0,0,0,0,0,0,4748

Main.js:462 304.491,249.993,187.5,187.5,-0.467,0.052,0,0,84,0,0,0,0,0,0,0,46.573,265.021,-2.492,0.196,256.485,248.661,-2.5,0,0,0,0,0,242.958,238.097,316.5,-96,0.563,-0.73,0.036,-0.034,25,400.025,353.995,2.378,0.773,0,0,0,0,0,0,0,0,4765

Main.js:462 304.047,250.043,187.5,187.5,-0.444,0.049,0,0,83,0,0,0,0,0,0,0,46.573,265.021,-2.492,0.196,256.485,248.661,-2.5,0,0,0,0,0,243.527,237.371,316.5,-97.5,0.569,-0.726,0.036,-0.034,24,402.403,354.768,2.378,0.773,0,0,0,0,0,0,0,0,4784

