Main.js:143 myTank.x,myTank.y,myTank.rotation,myTank.cannonRotation,myTank.velocityX,myTank.velocityY,myTank.accelerationX,myTank.accelerationY,myTank.shootCooldown,myTank.controls.turnLeft,myTank.controls.turnRight,myTank.controls.goForward,myTank.controls.goBack,myTank.controls.shoot,myTank.controls.cannonLeft,myTank.controls.cannonRight,myBullet1.x,myBullet1.y,myBullet1.velocityX,myBullet1.velocityY,myBullet2.x,myBullet2.y,myBullet2.velocityX,myBullet2.velocityY,myBullet3.x,myBullet3.y,myBullet3.velocityX,myBullet3.velocityY,enemyTank.x,enemyTank.y,enemyTank.rotation,enemyTank.cannonRotation,enemyTank.velocityX,enemyTank.velocityY,enemyTank.accelerationX,enemyTank.accelerationY,enemyTank.shootCooldown,enemyBullet1.x,enemyBullet1.y,enemyBullet1.velocityX,enemyBullet1.velocityY,enemyBullet2.x,enemyBullet2.y,enemyBullet2.velocityX,enemyBullet2.velocityY,enemyBullet3.x,enemyBullet3.y,enemyBullet3.velocityX,enemyBullet3.velocityY,currentGameTime
Main.js:462 450,444,180,180,0,0,0,0,0,0,0,0,0,0,0,0,0,0,0,0,0,0,0,0,0,0,0,0,50,56,0,0,0,0,0,0,0,0,0,0,0,0,0,0,0,0,0,0,0,5

Main.js:462 450,444,180,180,0,0,0,0,0,0,0,0,0,0,0,0,0,0,0,0,0,0,0,0,0,0,0,0,50,56,0,0,0,0,0,0,0,0,0,0,0,0,0,0,0,0,0,0,0,33

Main.js:462 450,444,180,180,0,0,0,0,0,0,0,0,0,0,0,0,0,0,0,0,0,0,0,0,0,0,0,0,50.047,56.001,1.5,0,0.047,0.001,0.05,0.001,99,0,0,0,0,0,0,0,0,0,0,0,0,48

Main.js:462 450,444,180,180,0,0,0,0,0,0,0,0,0,0,0,0,0,0,0,0,0,0,0,0,0,0,0,0,50.14,56.005,3,0,0.093,0.004,0.05,0.003,98,73.5,56,2.5,0,0,0,0,0,0,0,0,0,66

Main.js:462 450,444,180,180,0,0,0,0,0,0,0,0,0,0,0,0,0,0,0,0,0,0,0,0,0,0,0,0,50.275,56.012,4.5,0,0.135,0.007,0.05,0.004,97,76,56,2.5,0,0,0,0,0,0,0,0,0,81

Main.js:462 450,444,180,180,0,0,0,0,0,0,0,0,0,0,0,0,0,0,0,0,0,0,0,0,0,0,0,0,50.451,56.024,6,0,0.176,0.012,0.05,0.005,96,78.5,56,2.5,0,0,0,0,0,0,0,0,0,98

Main.js:462 450,444,180,180,0,0,0,0,0,0,0,0,0,0,0,0,0,0,0,0,0,0,0,0,0,0,0,0,50.665,56.041,7.5,0,0.214,0.017,0.05,0.007,95,81,56,2.5,0,0,0,0,0,0,0,0,0,116

Main.js:462 450,444,180,180,0,0,0,0,0,0,0,0,0,0,0,0,0,0,0,0,0,0,0,0,0,0,0,0,50.915,56.065,9,0,0.25,0.024,0.049,0.008,94,83.5,56,2.5,0,0,0,0,0,0,0,0,0,133

Main.js:462 450,444,181.5,181.5,0,0,0,0,0,0,1,0,0,0,0,0,0,0,0,0,0,0,0,0,0,0,0,0,51.2,56.097,10.5,0,0.284,0.031,0.049,0.009,93,86,56,2.5,0,0,0,0,0,0,0,0,0,149

Main.js:462 450,444,183,183,0,0,0,0,0,0,1,0,0,0,0,0,0,0,0,0,0,0,0,0,0,0,0,0,51.517,56.137,12,0,0.317,0.04,0.049,0.01,92,88.5,56,2.5,0,0,0,0,0,0,0,0,0,167

Main.js:462 449.953,443.996,184.5,184.5,-0.047,-0.004,-0.05,-0.004,0,0,1,1,0,0,0,0,0,0,0,0,0,0,0,0,0,0,0,0,51.864,56.185,13.5,0,0.347,0.049,0.049,0.012,91,91,56,2.5,0,0,0,0,0,0,0,0,0,182

Main.js:462 449.86,443.988,186,186,-0.092,-0.009,-0.05,-0.005,0,0,1,1,0,0,0,0,0,0,0,0,0,0,0,0,0,0,0,0,52.239,56.244,15,0,0.376,0.059,0.048,0.013,90,93.5,56,2.5,0,0,0,0,0,0,0,0,0,199

Main.js:462 449.726,443.973,187.5,187.5,-0.135,-0.014,-0.05,-0.007,0,0,1,1,0,0,0,0,0,0,0,0,0,0,0,0,0,0,0,0,52.641,56.313,16.5,0,0.402,0.069,0.048,0.014,89,96,56,2.5,0,0,0,0,0,0,0,0,0,217

Main.js:462 449.551,443.952,189,189,-0.175,-0.021,-0.049,-0.008,0,0,1,1,0,0,0,0,0,0,0,0,0,0,0,0,0,0,0,0,53.069,56.394,18,0,0.427,0.08,0.048,0.015,88,98.5,56,2.5,0,0,0,0,0,0,0,0,0,233

Main.js:462 449.338,443.924,190.5,190.5,-0.213,-0.029,-0.049,-0.009,0,0,1,1,0,0,0,0,0,0,0,0,0,0,0,0,0,0,0,0,53.52,56.486,19.5,0,0.451,0.092,0.047,0.017,87,101,56,2.5,0,0,0,0,0,0,0,0,0,249

Main.js:462 449.089,443.887,192,192,-0.249,-0.037,-0.049,-0.01,0,0,1,1,0,0,0,0,0,0,0,0,0,0,0,0,0,0,0,0,53.992,56.591,21,0,0.473,0.105,0.047,0.018,86,103.5,56,2.5,0,0,0,0,0,0,0,0,0,265

Main.js:462 448.807,443.841,193.5,193.5,-0.282,-0.046,-0.049,-0.012,0,0,1,1,0,0,0,0,0,0,0,0,0,0,0,0,0,0,0,0,54.485,56.708,22.5,0,0.493,0.118,0.046,0.019,85,106,56,2.5,0,0,0,0,0,0,0,0,0,282

Main.js:462 448.493,443.784,195,195,-0.314,-0.056,-0.048,-0.013,0,0,1,1,0,0,0,0,0,0,0,0,0,0,0,0,0,0,0,0,54.997,56.84,24,0,0.512,0.131,0.046,0.02,84,108.5,56,2.5,0,0,0,0,0,0,0,0,0,298

Main.js:462 448.149,443.717,196.5,196.5,-0.344,-0.067,-0.048,-0.014,0,0,1,1,0,0,0,0,0,0,0,0,0,0,0,0,0,0,0,0,55.526,56.985,25.5,0,0.529,0.145,0.045,0.022,83,111,56,2.5,0,0,0,0,0,0,0,0,0,315

Main.js:462 447.777,443.639,198,198,-0.372,-0.078,-0.048,-0.015,0,0,1,1,0,0,0,0,0,0,0,0,0,0,0,0,0,0,0,0,56.07,57.144,27,0,0.545,0.159,0.045,0.023,82,113.5,56,2.5,0,0,0,0,0,0,0,0,0,332

Main.js:462 447.379,443.549,199.5,199.5,-0.398,-0.09,-0.047,-0.017,0,0,1,1,0,0,0,0,0,0,0,0,0,0,0,0,0,0,0,0,56.63,57.318,28.5,0,0.559,0.174,0.044,0.024,81,116,56,2.5,0,0,0,0,0,0,0,0,0,348

Main.js:462 446.955,443.447,199.5,199.5,-0.423,-0.102,-0.047,-0.017,0,0,0,1,0,0,0,0,0,0,0,0,0,0,0,0,0,0,0,0,57.202,57.507,30,0,0.572,0.189,0.043,0.025,80,118.5,56,2.5,0,0,0,0,0,0,0,0,0,364

Main.js:462 446.509,443.335,199.5,199.5,-0.447,-0.112,-0.047,-0.017,0,0,0,1,0,0,0,0,0,0,0,0,0,0,0,0,0,0,0,0,57.787,57.711,31.5,0,0.584,0.204,0.043,0.026,79,121,56,2.5,0,0,0,0,0,0,0,0,0,383

Main.js:462 446.04,443.212,199.5,199.5,-0.469,-0.123,-0.047,-0.017,0,0,0,1,0,0,0,0,0,0,0,0,0,0,0,0,0,0,0,0,58.382,57.931,33,0,0.595,0.22,0.042,0.027,78,123.5,56,2.5,0,0,0,0,0,0,0,0,0,400

Main.js:462 445.549,443.08,199.5,199.5,-0.49,-0.132,-0.047,-0.017,0,0,0,1,0,0,0,0,0,0,0,0,0,0,0,0,0,0,0,0,58.986,58.167,34.5,0,0.604,0.236,0.041,0.028,77,126,56,2.5,0,0,0,0,0,0,0,0,0,416

Main.js:462 445.039,442.939,199.5,199.5,-0.511,-0.142,-0.047,-0.017,0,0,0,1,0,0,0,0,0,0,0,0,0,0,0,0,0,0,0,0,59.598,58.419,36,0,0.613,0.252,0.04,0.029,76,128.5,56,2.5,0,0,0,0,0,0,0,0,0,432

Main.js:462 444.509,442.788,199.5,199.5,-0.53,-0.15,-0.047,-0.017,0,0,0,1,0,0,0,0,0,0,0,0,0,0,0,0,0,0,0,0,60.218,58.688,37.5,0,0.62,0.268,0.04,0.03,75,131,56,2.5,0,0,0,0,0,0,0,0,0,449

Main.js:462 443.961,442.63,199.5,199.5,-0.548,-0.159,-0.047,-0.017,0,0,0,1,0,0,0,0,0,0,0,0,0,0,0,0,0,0,0,0,60.844,58.973,39,0,0.626,0.285,0.039,0.031,74,133.5,56,2.5,0,0,0,0,0,0,0,0,0,465

Main.js:462 443.395,442.463,199.5,199.5,-0.566,-0.167,-0.047,-0.017,0,0,0,1,0,0,0,0,0,0,0,0,0,0,0,0,0,0,0,0,61.474,59.274,40.5,0,0.63,0.301,0.038,0.032,73,136,56,2.5,0,0,0,0,0,0,0,0,0,482

Main.js:462 442.813,442.289,199.5,199.5,-0.582,-0.174,-0.047,-0.017,0,0,0,1,0,0,0,0,0,0,0,0,0,0,0,0,0,0,0,0,62.108,59.592,42,0,0.634,0.318,0.037,0.033,72,138.5,56,2.5,0,0,0,0,0,0,0,0,0,500

Main.js:462 442.215,442.108,199.5,199.5,-0.598,-0.181,-0.047,-0.017,0,0,0,1,0,0,0,0,0,0,0,0,0,0,0,0,0,0,0,0,62.746,59.926,42,358.5,0.638,0.334,0.037,0.033,71,141,56,2.5,0,0,0,0,0,0,0,0,0,515

Main.js:462 441.603,441.92,199.5,199.5,-0.613,-0.188,-0.047,-0.017,0,0,0,1,0,0,0,0,0,0,0,0,0,0,0,0,0,0,0,0,63.387,60.276,42,357,0.641,0.349,0.037,0.033,70,143.5,56,2.5,0,0,0,0,0,0,0,0,0,532

Main.js:462 440.976,441.725,199.5,199.5,-0.627,-0.195,-0.047,-0.017,0,0,0,1,0,0,0,0,0,0,0,0,0,0,0,0,0,0,0,0,64.032,60.639,42,355.5,0.644,0.363,0.037,0.033,69,146,56,2.5,0,0,0,0,0,0,0,0,0,549

Main.js:462 440.336,441.524,199.5,199.5,-0.64,-0.201,-0.047,-0.017,0,0,0,1,0,0,0,0,0,0,0,0,0,0,0,0,0,0,0,0,64.679,61.016,42,354,0.647,0.377,0.037,0.033,68,148.5,56,2.5,0,0,0,0,0,0,0,0,0,565

Main.js:462 439.683,441.317,201,201,-0.653,-0.208,-0.047,-0.018,0,0,1,1,0,0,0,0,0,0,0,0,0,0,0,0,0,0,0,0,65.329,61.406,42,352.5,0.65,0.39,0.037,0.033,67,151,56,2.5,0,0,0,0,0,0,0,0,0,583

Main.js:462 439.019,441.101,202.5,202.5,-0.664,-0.215,-0.046,-0.019,0,0,1,1,0,0,0,0,0,0,0,0,0,0,0,0,0,0,0,0,65.983,61.808,42,351,0.653,0.402,0.037,0.033,66,153.5,56,2.5,0,0,0,0,0,0,0,0,0,600

Main.js:462 438.345,440.877,204,204,-0.674,-0.224,-0.046,-0.02,0,0,1,1,0,0,0,0,0,0,0,0,0,0,0,0,0,0,0,0,66.639,62.222,42,349.5,0.656,0.414,0.037,0.033,65,156,56,2.5,0,0,0,0,0,0,0,0,0,615

Main.js:462 437.662,440.644,205.5,205.5,-0.683,-0.233,-0.045,-0.022,0,0,1,1,0,0,0,0,0,0,0,0,0,0,0,0,0,0,0,0,67.297,62.647,42,348,0.658,0.425,0.037,0.033,64,158.5,56,2.5,0,0,0,0,0,0,0,0,0,633

Main.js:462 436.971,440.401,207,207,-0.691,-0.243,-0.045,-0.023,0,0,1,1,0,0,0,0,0,0,0,0,0,0,0,0,0,0,0,0,67.958,63.083,42,346.5,0.661,0.436,0.037,0.033,63,161,56,2.5,0,0,0,0,0,0,0,0,0,649

Main.js:462 436.272,440.147,208.5,208.5,-0.699,-0.254,-0.044,-0.024,0,0,1,1,0,0,0,0,0,0,0,0,0,0,0,0,0,0,0,0,68.621,63.529,42,345,0.663,0.446,0.037,0.033,62,163.5,56,2.5,0,0,0,0,0,0,0,0,0,666

Main.js:462 435.568,439.883,210,210,-0.705,-0.265,-0.043,-0.025,0,0,1,1,0,0,0,0,0,0,0,0,0,0,0,0,0,0,0,0,69.286,63.984,42,343.5,0.665,0.455,0.037,0.033,61,166,56,2.5,0,0,0,0,0,0,0,0,0,682

Main.js:462 434.858,439.606,211.5,211.5,-0.71,-0.276,-0.043,-0.026,0,0,1,1,0,0,0,0,0,0,0,0,0,0,0,0,0,0,0,0,69.953,64.448,42,342,0.667,0.464,0.037,0.033,60,168.5,56,2.5,0,0,0,0,0,0,0,0,0,699

Main.js:462 434.143,439.318,213,213,-0.714,-0.288,-0.042,-0.027,0,0,1,1,0,0,0,0,0,0,0,0,0,0,0,0,0,0,0,0,70.622,64.92,42,340.5,0.669,0.473,0.037,0.033,59,171,56,2.5,0,0,0,0,0,0,0,0,0,715

Main.js:462 433.425,439.018,213,213,-0.718,-0.3,-0.042,-0.027,0,0,0,1,0,0,0,0,0,0,0,0,0,0,0,0,0,0,0,0,71.293,65.401,42,339,0.671,0.481,0.037,0.033,58,173.5,56,2.5,0,0,0,0,0,0,0,0,0,732

Main.js:462 432.702,438.708,213,213,-0.722,-0.311,-0.042,-0.027,0,0,0,1,0,0,0,0,0,0,0,0,0,0,0,0,0,0,0,0,71.966,65.89,42,337.5,0.673,0.489,0.037,0.033,57,176,56,2.5,0,0,0,0,0,0,0,0,0,749

Main.js:462 431.976,438.387,213,213,-0.726,-0.321,-0.042,-0.027,0,0,0,1,0,0,0,0,0,0,0,0,0,0,0,0,0,0,0,0,72.64,66.386,42,336,0.674,0.496,0.037,0.033,56,178.5,56,2.5,0,0,0,0,0,0,0,0,0,765

Main.js:462 431.247,438.056,213,213,-0.73,-0.331,-0.042,-0.027,0,0,0,1,0,0,0,0,0,0,0,0,0,0,0,0,0,0,0,0,73.316,66.889,42,334.5,0.676,0.503,0.037,0.033,55,181,56,2.5,0,0,0,0,0,0,0,0,0,781

Main.js:462 430.514,437.716,213,213,-0.733,-0.34,-0.042,-0.027,0,0,0,1,0,0,0,0,0,0,0,0,0,0,0,0,0,0,0,0,73.994,67.398,42,333,0.677,0.51,0.037,0.033,54,183.5,56,2.5,0,0,0,0,0,0,0,0,0,798

Main.js:462 429.778,437.367,213,213,-0.736,-0.349,-0.042,-0.027,0,0,0,1,0,0,0,0,0,0,0,0,0,0,0,0,0,0,0,0,74.672,67.914,42,331.5,0.679,0.516,0.037,0.033,53,186,56,2.5,0,0,0,0,0,0,0,0,0,816

Main.js:462 429.038,437.009,213,213,-0.739,-0.357,-0.042,-0.027,0,0,0,1,0,0,0,0,0,0,0,0,0,0,0,0,0,0,0,0,75.353,68.436,42,330,0.68,0.522,0.037,0.033,52,188.5,56,2.5,0,0,0,0,0,0,0,0,0,833

Main.js:462 428.296,436.644,213,213,-0.742,-0.365,-0.042,-0.027,0,0,0,1,0,0,0,0,0,0,0,0,0,0,0,0,0,0,0,0,76.034,68.964,42,328.5,0.682,0.528,0.037,0.033,51,191,56,2.5,0,0,0,0,0,0,0,0,0,849

Main.js:462 427.552,436.271,213,213,-0.745,-0.373,-0.042,-0.027,0,0,0,1,0,0,0,0,0,0,0,0,0,0,0,0,0,0,0,0,76.717,69.497,42,327,0.683,0.533,0.037,0.033,50,193.5,56,2.5,0,0,0,0,0,0,0,0,0,865

Main.js:462 426.804,435.89,213,213,-0.747,-0.38,-0.042,-0.027,0,0,0,1,0,0,0,0,0,0,0,0,0,0,0,0,0,0,0,0,77.401,70.035,42,325.5,0.684,0.538,0.037,0.033,49,196,56,2.5,0,0,0,0,0,0,0,0,0,882

Main.js:462 426.055,435.502,214.5,214.5,-0.749,-0.388,-0.041,-0.028,0,0,1,1,0,0,0,0,0,0,0,0,0,0,0,0,0,0,0,0,78.086,70.578,42,324,0.685,0.543,0.037,0.033,48,198.5,56,2.5,0,0,0,0,0,0,0,0,0,899

Main.js:462 425.305,435.106,216,216,-0.75,-0.397,-0.04,-0.029,0,0,1,1,0,0,0,0,0,0,0,0,0,0,0,0,0,0,0,0,78.772,71.125,42,322.5,0.686,0.548,0.037,0.033,47,201,56,2.5,0,0,0,0,0,0,0,0,0,915

Main.js:462 424.555,434.7,217.5,217.5,-0.75,-0.406,-0.04,-0.03,0,0,1,1,0,0,0,0,0,0,0,0,0,0,0,0,0,0,0,0,79.459,71.677,42,321,0.687,0.552,0.037,0.033,46,203.5,56,2.5,0,0,0,0,0,0,0,0,0,932

Main.js:462 423.805,434.284,219,219,-0.75,-0.415,-0.039,-0.031,0,0,1,1,0,0,0,0,0,0,0,0,0,0,0,0,0,0,0,0,80.147,72.233,42,319.5,0.688,0.556,0.037,0.033,45,206,56,2.5,0,0,0,0,0,0,0,0,0,948

Main.js:462 423.056,433.859,220.5,220.5,-0.748,-0.425,-0.038,-0.032,0,0,1,1,0,0,0,0,0,0,0,0,0,0,0,0,0,0,0,0,80.836,72.794,42,318,0.689,0.56,0.037,0.033,44,208.5,56,2.5,0,0,0,0,0,0,0,0,0,965

Main.js:462 422.309,433.424,220.5,220.5,-0.747,-0.435,-0.038,-0.032,0,0,0,1,0,0,0,0,0,0,0,0,0,0,0,0,0,0,0,0,81.526,73.358,42,316.5,0.69,0.564,0.037,0.033,43,211,56,2.5,0,0,0,0,0,0,0,0,0,983

Main.js:462 421.564,432.98,220.5,220.5,-0.746,-0.444,-0.038,-0.032,0,0,0,1,0,0,0,0,0,0,0,0,0,0,0,0,0,0,0,0,82.216,73.925,42,315,0.691,0.568,0.037,0.033,42,213.5,56,2.5,0,0,0,0,0,0,0,0,0,1000

Main.js:462 420.819,432.527,220.5,220.5,-0.745,-0.453,-0.038,-0.032,0,0,0,1,0,0,0,0,0,0,0,0,0,0,0,0,0,0,0,0,82.908,74.496,42,313.5,0.691,0.571,0.037,0.033,41,216,56,2.5,0,0,0,0,0,0,0,0,0,1016

Main.js:462 420.075,432.066,220.5,220.5,-0.744,-0.461,-0.038,-0.032,0,0,0,1,0,0,0,0,0,0,0,0,0,0,0,0,0,0,0,0,83.601,75.069,40.5,310.5,0.693,0.573,0.038,0.032,40,218.5,56,2.5,0,0,0,0,0,0,0,0,0,1032

Main.js:462 419.333,431.597,220.5,220.5,-0.742,-0.469,-0.038,-0.032,0,0,0,1,0,0,0,0,0,0,0,0,0,0,0,0,0,0,0,0,84.296,75.644,39,307.5,0.695,0.574,0.039,0.031,39,221,56,2.5,0,0,0,0,0,0,0,0,0,1050

Main.js:462 418.591,431.121,220.5,220.5,-0.741,-0.476,-0.038,-0.032,0,0,0,1,0,0,0,0,0,0,0,0,0,0,0,0,0,0,0,0,84.994,76.218,37.5,304.5,0.698,0.575,0.04,0.03,38,223.5,56,2.5,0,0,0,0,0,0,0,0,0,1065

Main.js:462 417.851,430.638,220.5,220.5,-0.741,-0.483,-0.038,-0.032,0,0,0,1,0,0,0,0,0,0,0,0,0,0,0,0,0,0,0,0,85.695,76.792,36,301.5,0.702,0.574,0.04,0.029,37,226,56,2.5,0,0,0,0,0,0,0,0,0,1083

Main.js:462 417.111,430.148,220.5,220.5,-0.74,-0.49,-0.038,-0.032,0,0,0,1,0,0,0,0,0,0,0,0,0,0,0,0,0,0,0,0,86.401,77.364,34.5,298.5,0.706,0.572,0.041,0.028,36,228.5,56,2.5,0,0,0,0,0,0,0,0,0,1100

Main.js:462 416.373,429.652,220.5,220.5,-0.739,-0.496,-0.038,-0.032,0,0,0,1,0,0,0,0,0,0,0,0,0,0,0,0,0,0,0,0,87.111,77.934,33,295.5,0.71,0.569,0.042,0.027,35,231,56,2.5,0,0,0,0,0,0,0,0,0,1115

Main.js:462 415.635,429.15,220.5,220.5,-0.738,-0.502,-0.038,-0.032,0,0,0,1,0,0,0,0,0,0,0,0,0,0,0,0,0,0,0,0,87.827,78.499,31.5,292.5,0.715,0.566,0.043,0.026,34,233.5,56,2.5,0,0,0,0,0,0,0,0,0,1133

Main.js:462 414.897,428.642,220.5,220.5,-0.737,-0.508,-0.038,-0.032,0,0,0,1,0,0,0,0,0,0,0,0,0,0,0,0,0,0,0,0,88.547,79.06,30,289.5,0.721,0.561,0.043,0.025,33,236,56,2.5,0,0,0,0,0,0,0,0,0,1149

Main.js:462 414.161,428.128,220.5,220.5,-0.736,-0.513,-0.038,-0.032,0,0,0,1,0,0,0,0,0,0,0,0,0,0,0,0,0,0,0,0,89.273,79.616,28.5,286.5,0.726,0.556,0.044,0.024,32,238.5,56,2.5,0,0,0,0,0,0,0,0,0,1165

Main.js:462 413.425,427.609,220.5,220.5,-0.736,-0.519,-0.038,-0.032,99,0,0,1,0,1,0,0,0,0,0,0,0,0,0,0,0,0,0,0,90.006,80.166,27,283.5,0.732,0.55,0.045,0.023,31,241,56,2.5,0,0,0,0,0,0,0,0,0,1182

Main.js:462 412.69,427.086,220.5,220.5,-0.735,-0.524,-0.038,-0.032,98,0,0,1,0,1,0,0,396.292,412.866,-1.901,-1.624,0,0,0,0,0,0,0,0,90.744,80.708,25.5,280.5,0.739,0.543,0.045,0.022,30,243.5,56,2.5,0,0,0,0,0,0,0,0,0,1199

Main.js:462 411.956,426.558,220.5,220.5,-0.734,-0.528,-0.038,-0.032,97,0,0,1,0,1,0,0,394.391,411.242,-1.901,-1.624,0,0,0,0,0,0,0,0,91.489,81.243,24,277.5,0.745,0.535,0.046,0.02,29,246,56,2.5,0,0,0,0,0,0,0,0,0,1215

Main.js:462 411.222,426.025,220.5,220.5,-0.734,-0.533,-0.038,-0.032,96,0,0,1,0,1,0,0,392.489,409.619,-1.901,-1.624,0,0,0,0,0,0,0,0,92.241,81.769,22.5,274.5,0.752,0.526,0.046,0.019,28,248.5,56,2.5,0,0,0,0,0,0,0,0,0,1233

Main.js:462 410.489,425.488,220.5,220.5,-0.733,-0.537,-0.038,-0.032,95,0,0,1,0,1,0,0,390.588,407.995,-1.901,-1.624,0,0,0,0,0,0,0,0,92.999,82.286,21,271.5,0.758,0.517,0.047,0.018,27,251,56,2.5,0,0,0,0,0,0,0,0,0,1249

Main.js:462 409.756,424.947,220.5,220.5,-0.733,-0.541,-0.038,-0.032,94,0,0,1,0,1,0,0,388.687,406.372,-1.901,-1.624,0,0,0,0,0,0,0,0,93.765,82.793,19.5,268.5,0.765,0.507,0.047,0.017,26,253.5,56,2.5,0,0,0,0,0,0,0,0,0,1265

Main.js:462 409.024,424.402,220.5,220.5,-0.732,-0.545,-0.038,-0.032,93,0,0,1,0,1,0,0,386.786,404.748,-1.901,-1.624,0,0,0,0,0,0,0,0,94.537,83.289,18,265.5,0.772,0.496,0.048,0.015,25,256,56,2.5,0,0,0,0,0,0,0,0,0,1282

Main.js:462 408.292,423.854,220.5,220.5,-0.732,-0.548,-0.038,-0.032,92,0,0,1,0,0,0,0,384.885,403.124,-1.901,-1.624,0,0,0,0,0,0,0,0,95.316,83.774,16.5,262.5,0.779,0.485,0.048,0.014,24,258.5,56,2.5,0,0,0,0,0,0,0,0,0,1298

Main.js:462 407.561,423.302,220.5,220.5,-0.731,-0.552,-0.038,-0.032,91,0,0,1,0,0,0,0,382.984,401.501,-1.901,-1.624,0,0,0,0,0,0,0,0,96.102,84.247,15,259.5,0.786,0.473,0.048,0.013,23,261,56,2.5,0,0,0,0,0,0,0,0,0,1314

Main.js:462 406.831,422.746,222,222,-0.73,-0.556,-0.037,-0.033,90,0,1,1,0,0,0,0,381.083,399.877,-1.901,-1.624,0,0,0,0,0,0,0,0,96.895,84.707,13.5,256.5,0.793,0.46,0.049,0.012,22,263.5,56,2.5,0,0,0,0,0,0,0,0,0,1331

Main.js:462 406.103,422.186,223.5,223.5,-0.728,-0.561,-0.036,-0.034,89,0,1,1,0,0,0,0,379.182,398.253,-1.901,-1.624,0,0,0,0,0,0,0,0,97.695,85.154,12,253.5,0.8,0.447,0.049,0.01,21,266,56,2.5,0,0,0,0,0,0,0,0,0,1349

Main.js:462 405.378,421.619,225,225,-0.725,-0.566,-0.035,-0.035,88,0,1,1,0,0,0,0,377.281,396.63,-1.901,-1.624,0,0,0,0,0,0,0,0,98.501,85.588,10.5,250.5,0.806,0.434,0.049,0.009,20,268.5,56,2.5,0,0,0,0,0,0,0,0,0,1366

Main.js:462 404.656,421.047,226.5,226.5,-0.722,-0.573,-0.034,-0.036,87,0,1,1,0,0,0,0,375.38,395.006,-1.901,-1.624,0,0,0,0,0,0,0,0,99.314,86.007,9,247.5,0.813,0.419,0.049,0.008,19,271,56,2.5,0,0,0,0,0,0,0,0,0,1381

Main.js:462 403.939,420.468,228,228,-0.717,-0.579,-0.033,-0.037,86,0,1,1,0,0,0,0,373.479,393.383,-1.901,-1.624,0,0,0,0,0,0,0,0,100.134,86.412,7.5,244.5,0.82,0.405,0.05,0.007,18,273.5,56,2.5,0,0,0,0,0,0,0,0,0,1398

Main.js:462 403.226,419.882,228,228,-0.713,-0.586,-0.033,-0.037,85,0,0,1,0,1,0,0,371.578,391.759,-1.901,-1.624,0,0,0,0,0,0,0,0,100.96,86.801,6,241.5,0.826,0.389,0.05,0.005,17,276,56,2.5,0,0,0,0,0,0,0,0,0,1415

Main.js:462 402.517,419.29,228,228,-0.709,-0.592,-0.033,-0.037,84,0,0,1,0,1,0,0,369.677,390.135,-1.901,-1.624,0,0,0,0,0,0,0,0,101.792,87.175,4.5,238.5,0.832,0.374,0.05,0.004,16,278.5,56,2.5,0,0,0,0,0,0,0,0,0,1432

Main.js:462 401.811,418.693,228,228,-0.706,-0.597,-0.033,-0.037,83,0,0,1,0,1,0,0,367.776,388.512,-1.901,-1.624,0,0,0,0,0,0,0,0,102.629,87.532,3,235.5,0.838,0.357,0.05,0.003,15,281,56,2.5,0,0,0,0,0,0,0,0,0,1449

Main.js:462 401.109,418.09,228,228,-0.702,-0.603,-0.033,-0.037,82,0,0,1,0,1,0,0,365.875,386.888,-1.901,-1.624,0,0,0,0,0,0,0,0,103.472,87.873,1.5,232.5,0.843,0.341,0.05,0.001,14,283.5,56,2.5,0,0,0,0,0,0,0,0,0,1465

Main.js:462 400.41,417.483,228,228,-0.699,-0.608,-0.033,-0.037,81,0,0,1,0,1,0,0,363.974,385.264,-1.901,-1.624,0,0,0,0,0,0,0,0,104.321,88.196,0,229.5,0.849,0.324,0.05,0,13,286,56,2.5,0,0,0,0,0,0,0,0,0,1482

Main.js:462 399.715,416.87,228,228,-0.696,-0.613,-0.033,-0.037,80,0,0,1,0,0,0,0,362.073,383.641,-1.901,-1.624,0,0,0,0,0,0,0,0,105.175,88.502,358.5,226.5,0.854,0.306,0.05,-0.001,12,288.5,56,2.5,0,0,0,0,0,0,0,0,0,1499

Main.js:462 399.022,416.252,228,228,-0.693,-0.617,-0.033,-0.037,79,0,0,1,0,0,0,0,360.172,382.017,-1.901,-1.624,0,0,0,0,0,0,0,0,106.033,88.791,357,223.5,0.858,0.288,0.05,-0.003,11,291,56,2.5,0,0,0,0,0,0,0,0,0,1516

Main.js:462 398.332,415.63,228,228,-0.69,-0.622,-0.033,-0.037,78,0,0,1,0,0,0,0,358.271,380.394,-1.901,-1.624,0,0,0,0,0,0,0,0,106.896,89.061,355.5,220.5,0.863,0.27,0.05,-0.004,10,293.5,56,2.5,0,0,0,0,0,0,0,0,0,1532

Main.js:462 397.645,415.004,228,228,-0.687,-0.626,-0.033,-0.037,77,0,0,1,0,0,0,0,356.37,378.77,-1.901,-1.624,0,0,0,0,0,0,0,0,107.763,89.313,354,217.5,0.867,0.252,0.05,-0.005,9,296,56,2.5,0,0,0,0,0,0,0,0,0,1548

Main.js:462 396.96,414.374,228,228,-0.685,-0.63,-0.033,-0.037,76,0,0,1,0,0,0,0,354.469,377.146,-1.901,-1.624,0,0,0,0,0,0,0,0,108.634,89.546,352.5,214.5,0.871,0.233,0.05,-0.007,8,298.5,56,2.5,0,0,0,0,0,0,0,0,0,1566

Main.js:462 396.278,413.74,228,228,-0.682,-0.634,-0.033,-0.037,75,0,0,1,0,1,0,0,352.568,375.523,-1.901,-1.624,0,0,0,0,0,0,0,0,109.508,89.76,351,211.5,0.874,0.214,0.049,-0.008,7,301,56,2.5,0,0,0,0,0,0,0,0,0,1582

Main.js:462 395.599,413.103,228,228,-0.68,-0.637,-0.033,-0.037,74,0,0,1,0,1,0,0,350.667,373.899,-1.901,-1.624,0,0,0,0,0,0,0,0,110.385,89.955,349.5,208.5,0.877,0.195,0.049,-0.009,6,303.5,56,2.5,0,0,0,0,0,0,0,0,0,1599

Main.js:462 394.921,412.462,228,228,-0.678,-0.641,-0.033,-0.037,73,0,0,1,0,1,0,0,348.766,372.276,-1.901,-1.624,0,0,0,0,0,0,0,0,111.265,90.13,348,205.5,0.88,0.175,0.049,-0.01,5,306,56,2.5,0,0,0,0,0,0,0,0,0,1616

Main.js:462 394.246,411.818,228,228,-0.675,-0.644,-0.033,-0.037,72,0,0,1,0,1,0,0,346.865,370.652,-1.901,-1.624,0,0,0,0,0,0,0,0,112.146,90.285,346.5,202.5,0.882,0.155,0.049,-0.012,4,308.5,56,2.5,0,0,0,0,0,0,0,0,0,1632

Main.js:462 393.572,411.171,228,228,-0.673,-0.647,-0.033,-0.037,71,0,0,1,0,1,0,0,344.964,369.028,-1.901,-1.624,0,0,0,0,0,0,0,0,113.03,90.42,345,199.5,0.884,0.135,0.048,-0.013,3,311,56,2.5,0,0,0,0,0,0,0,0,0,1649

Main.js:462 392.901,410.521,228,228,-0.672,-0.65,-0.033,-0.037,70,0,0,1,0,0,0,0,343.063,367.405,-1.901,-1.624,0,0,0,0,0,0,0,0,113.915,90.535,343.5,196.5,0.885,0.115,0.048,-0.014,2,313.5,56,2.5,0,0,0,0,0,0,0,0,0,1666

Main.js:462 392.231,409.868,228,228,-0.67,-0.653,-0.033,-0.037,69,0,0,1,0,0,0,0,341.162,365.781,-1.901,-1.624,0,0,0,0,0,0,0,0,114.801,90.629,342,193.5,0.886,0.094,0.048,-0.015,1,316,56,2.5,0,0,0,0,0,0,0,0,0,1682

Main.js:462 391.563,409.212,228,228,-0.668,-0.656,-0.033,-0.037,68,0,0,1,0,0,0,0,339.261,364.157,-1.901,-1.624,0,0,0,0,0,0,0,0,115.688,90.703,340.5,190.5,0.886,0.074,0.047,-0.017,0,318.5,56,2.5,0,0,0,0,0,0,0,0,0,1699

Main.js:462 390.896,408.554,228,228,-0.666,-0.658,-0.033,-0.037,67,0,0,1,0,0,0,0,337.36,362.534,-1.901,-1.624,0,0,0,0,0,0,0,0,116.574,90.756,339,187.5,0.886,0.053,0.047,-0.018,99,321,56,2.5,0,0,0,0,0,0,0,0,0,1717

Main.js:462 390.231,407.893,228,228,-0.665,-0.661,-0.033,-0.037,66,0,0,1,0,0,0,0,335.459,360.91,-1.901,-1.624,0,0,0,0,0,0,0,0,117.46,90.788,337.5,184.5,0.886,0.032,0.046,-0.019,98,323.5,56,2.5,0,92.389,87.636,-2.479,-0.326,0,0,0,0,1733

Main.js:462 389.568,407.23,228,228,-0.663,-0.663,-0.033,-0.037,65,0,0,1,0,0,0,0,333.558,359.287,-1.901,-1.624,0,0,0,0,0,0,0,0,118.345,90.8,336,181.5,0.885,0.011,0.046,-0.02,97,326,56,2.5,0,89.91,87.309,-2.479,-0.326,0,0,0,0,1750

Main.js:462 388.906,406.565,228,228,-0.662,-0.665,-0.033,-0.037,64,0,0,1,0,1,0,0,331.657,357.663,-1.901,-1.624,0,0,0,0,0,0,0,0,119.229,90.79,334.5,178.5,0.884,-0.01,0.045,-0.022,96,328.5,56,2.5,0,87.431,86.983,-2.479,-0.326,0,0,0,0,1767

Main.js:462 388.245,405.898,228,228,-0.661,-0.667,-0.033,-0.037,63,0,0,1,0,1,0,0,329.756,356.039,-1.901,-1.624,0,0,0,0,0,0,0,0,120.111,90.759,333,175.5,0.882,-0.031,0.045,-0.023,95,331,56,2.5,0,84.953,86.657,-2.479,-0.326,0,0,0,0,1814

Main.js:462 387.586,405.229,228,228,-0.659,-0.669,-0.033,-0.037,62,0,0,1,0,1,0,0,327.855,354.416,-1.901,-1.624,0,0,0,0,0,0,0,0,120.99,90.708,331.5,172.5,0.88,-0.052,0.044,-0.024,94,333.5,56,2.5,0,82.474,86.33,-2.479,-0.326,0,0,0,0,1831

Main.js:462 386.927,404.559,228,228,-0.658,-0.671,-0.033,-0.037,61,0,0,1,0,0,0,0,325.954,352.792,-1.901,-1.624,0,0,0,0,0,0,0,0,121.867,90.635,330,169.5,0.877,-0.073,0.043,-0.025,93,336,56,2.5,0,79.995,86.004,-2.479,-0.326,0,0,0,0,1849

Main.js:462 386.27,403.886,228,228,-0.657,-0.673,-0.033,-0.037,60,0,0,1,0,0,0,0,324.053,351.168,-1.901,-1.624,0,0,0,0,0,0,0,0,122.74,90.54,328.5,166.5,0.873,-0.094,0.043,-0.026,92,338.5,56,2.5,0,77.517,85.678,-2.479,-0.326,0,0,0,0,1866

Main.js:462 385.614,403.212,228,228,-0.656,-0.674,-0.033,-0.037,59,0,0,1,0,0,0,0,322.152,349.545,-1.901,-1.624,0,0,0,0,0,0,0,0,123.61,90.425,327,163.5,0.87,-0.115,0.042,-0.027,91,341,56,2.5,0,75.038,85.351,-2.479,-0.326,0,0,0,0,1883

Main.js:462 384.959,402.536,228,228,-0.655,-0.676,-0.033,-0.037,58,0,0,1,0,0,0,0,320.251,347.921,-1.901,-1.624,0,0,0,0,0,0,0,0,124.475,90.289,325.5,160.5,0.865,-0.136,0.041,-0.028,90,343.5,56,2.5,0,72.56,85.025,-2.479,-0.326,0,0,0,0,1899

Main.js:462 384.305,401.859,228,228,-0.654,-0.677,-0.033,-0.037,57,0,0,1,0,0,0,0,318.35,346.298,-1.901,-1.624,0,0,0,0,0,0,0,0,125.335,90.131,324,157.5,0.86,-0.158,0.04,-0.029,89,346,56,2.5,0,70.081,84.699,-2.479,-0.326,0,0,0,0,1915

Main.js:462 383.652,401.18,228,228,-0.653,-0.679,-0.033,-0.037,56,0,0,1,0,1,0,0,316.449,344.674,-1.901,-1.624,0,0,0,0,0,0,0,0,126.19,89.952,322.5,154.5,0.855,-0.179,0.04,-0.03,88,348.5,56,2.5,0,67.602,84.372,-2.479,-0.326,0,0,0,0,1932

Main.js:462 382.999,400.5,228,228,-0.652,-0.68,-0.033,-0.037,55,0,0,1,0,1,0,0,314.548,343.05,-1.901,-1.624,0,0,0,0,0,0,0,0,127.039,89.753,321,151.5,0.849,-0.2,0.039,-0.031,87,351,56,2.5,0,65.124,84.046,-2.479,-0.326,0,0,0,0,1948

Main.js:462 382.348,399.818,228,228,-0.651,-0.681,-0.033,-0.037,54,0,0,1,0,1,0,0,312.647,341.427,-1.901,-1.624,0,0,0,0,0,0,0,0,127.882,89.532,319.5,148.5,0.843,-0.22,0.038,-0.032,86,353.5,56,2.5,0,62.645,83.72,-2.479,-0.326,0,0,0,0,1967

Main.js:462 381.697,399.136,228,228,-0.651,-0.683,-0.033,-0.037,53,0,0,1,0,1,0,0,310.746,339.803,-1.901,-1.624,0,0,0,0,0,0,0,0,128.718,89.291,318,145.5,0.836,-0.241,0.037,-0.033,85,356,56,2.5,0,60.167,83.394,-2.479,-0.326,0,0,0,0,1983

Main.js:462 381.047,398.452,228,228,-0.65,-0.684,-0.033,-0.037,52,0,0,1,0,1,0,0,308.845,338.18,-1.901,-1.624,0,0,0,0,0,0,0,0,129.547,89.029,316.5,142.5,0.829,-0.262,0.036,-0.034,84,358.5,56,2.5,0,57.688,83.067,-2.479,-0.326,0,0,0,0,2002

Main.js:462 380.398,397.767,228,228,-0.649,-0.685,-0.033,-0.037,51,0,0,1,0,0,0,0,306.944,336.556,-1.901,-1.624,0,0,0,0,0,0,0,0,130.37,88.749,318,142.5,0.823,-0.281,0.037,-0.033,83,361,56,2.5,0,55.209,82.741,-2.479,-0.326,0,0,0,0,2015

Main.js:462 379.749,397.081,228,228,-0.649,-0.686,-0.033,-0.037,50,0,0,1,0,0,0,0,305.043,334.932,-1.901,-1.624,0,0,0,0,0,0,0,0,131.187,88.451,319.5,142.5,0.818,-0.297,0.038,-0.032,82,363.5,56,2.5,0,52.731,82.415,-2.479,-0.326,0,0,0,0,2032

Main.js:462 379.101,396.394,228,228,-0.648,-0.687,-0.033,-0.037,49,0,0,1,0,0,0,0,303.142,333.309,-1.901,-1.624,0,0,0,0,0,0,0,0,132.001,88.139,321,142.5,0.814,-0.312,0.039,-0.031,81,366,56,2.5,0,50.252,82.088,-2.479,-0.326,0,0,0,0,2049

Main.js:462 378.454,395.706,228,228,-0.647,-0.688,-0.033,-0.037,48,0,0,1,0,0,0,0,301.241,331.685,-1.901,-1.624,0,0,0,0,0,0,0,0,132.811,87.813,322.5,142.5,0.811,-0.326,0.04,-0.03,80,368.5,56,2.5,0,47.774,81.762,-2.479,-0.326,0,0,0,0,2067

Main.js:462 377.807,395.017,228,228,-0.647,-0.689,-0.033,-0.037,47,0,0,1,0,0,0,0,299.34,330.061,-1.901,-1.624,0,0,0,0,0,0,0,0,133.62,87.476,324,142.5,0.808,-0.337,0.04,-0.029,79,371,56,2.5,0,45.295,81.436,-2.479,-0.326,0,0,0,0,2083

Main.js:462 377.161,394.328,228,228,-0.646,-0.69,-0.033,-0.037,46,0,0,1,0,1,0,0,297.439,328.438,-1.901,-1.624,0,0,0,0,0,0,0,0,134.427,87.129,325.5,142.5,0.807,-0.347,0.041,-0.028,78,373.5,56,2.5,0,42.816,81.109,-2.479,-0.326,0,0,0,0,2099

Main.js:462 376.516,393.637,228,228,-0.646,-0.691,-0.033,-0.037,45,0,0,1,0,1,0,0,295.538,326.814,-1.901,-1.624,0,0,0,0,0,0,0,0,135.233,86.773,327,142.5,0.807,-0.356,0.042,-0.027,77,376,56,2.5,0,40.338,80.783,-2.479,-0.326,0,0,0,0,2116

Main.js:462 375.871,392.946,228,228,-0.645,-0.691,-0.033,-0.037,44,0,0,1,0,1,0,0,293.637,325.191,-1.901,-1.624,0,0,0,0,0,0,0,0,136.04,86.41,328.5,142.5,0.807,-0.363,0.043,-0.026,76,378.5,56,2.5,0,37.859,80.457,-2.479,-0.326,0,0,0,0,2132

Main.js:462 375.226,392.254,228,228,-0.645,-0.692,-0.033,-0.037,43,0,0,1,0,1,0,0,291.736,323.567,-1.901,-1.624,0,0,0,0,0,0,0,0,136.848,86.041,330,142.5,0.808,-0.368,0.043,-0.025,75,381,56,2.5,0,35.38,80.13,-2.479,-0.326,0,0,0,0,2148

Main.js:462 374.582,391.561,228,228,-0.644,-0.693,-0.033,-0.037,42,0,0,1,0,1,0,0,289.835,321.943,-1.901,-1.624,0,0,0,0,0,0,0,0,137.657,85.669,331.5,142.5,0.809,-0.373,0.044,-0.024,74,383.5,56,2.5,0,32.902,79.804,-2.479,-0.326,0,0,0,0,2166

Main.js:462 373.938,390.868,228,228,-0.644,-0.693,-0.033,-0.037,41,0,0,1,0,0,0,0,287.934,320.32,-1.901,-1.624,0,0,0,0,0,0,0,0,138.468,85.293,333,142.5,0.811,-0.376,0.045,-0.023,73,386,56,2.5,0,30.423,79.478,-2.479,-0.326,0,0,0,0,2182

Main.js:462 373.294,390.174,228,228,-0.643,-0.694,-0.033,-0.037,40,0,0,1,0,0,0,0,286.033,318.696,-1.901,-1.624,0,0,0,0,0,0,0,0,139.281,84.916,334.5,142.5,0.813,-0.377,0.045,-0.022,72,388.5,56,2.5,0,27.945,79.151,-2.479,-0.326,0,0,0,0,2199

Main.js:462 372.651,389.479,228,228,-0.643,-0.695,-0.033,-0.037,39,0,0,1,0,0,0,0,284.132,317.072,-1.901,-1.624,0,0,0,0,0,0,0,0,140.097,84.538,336,142.5,0.816,-0.378,0.046,-0.02,71,391,56,2.5,0,25.466,78.825,-2.479,-0.326,0,0,0,0,2216

Main.js:462 372.009,388.784,228,228,-0.643,-0.695,-0.033,-0.037,38,0,0,1,0,0,0,0,282.231,315.449,-1.901,-1.624,0,0,0,0,0,0,0,0,140.916,84.161,337.5,142.5,0.819,-0.377,0.046,-0.019,70,393.5,56,2.5,0,22.987,78.499,-2.479,-0.326,0,0,0,0,2233

Main.js:462 371.367,388.088,228,228,-0.642,-0.696,-0.033,-0.037,37,0,0,1,0,0,0,0,280.33,313.825,-1.901,-1.624,0,0,0,0,0,0,0,0,141.738,83.786,339,142.5,0.822,-0.375,0.047,-0.018,69,396,56,2.5,0,20.509,78.172,-2.479,-0.326,0,0,0,0,2248

Main.js:462 370.725,387.392,228,228,-0.642,-0.696,-0.033,-0.037,36,0,0,1,0,0,0,0,278.429,312.202,-1.901,-1.624,0,0,0,0,0,0,0,0,142.564,83.413,340.5,142.5,0.826,-0.372,0.047,-0.017,68,398.5,56,2.5,0,18.03,77.846,-2.479,-0.326,0,0,0,0,2266

Main.js:462 370.083,386.695,228,228,-0.642,-0.697,-0.033,-0.037,35,0,0,1,0,1,0,0,276.528,310.578,-1.901,-1.624,0,0,0,0,0,0,0,0,143.394,83.045,342,142.5,0.83,-0.368,0.048,-0.015,67,401,56,2.5,0,15.552,77.52,-2.479,-0.326,0,0,0,0,2283

Main.js:462 369.442,385.998,228,228,-0.641,-0.697,-0.033,-0.037,34,0,0,1,0,1,0,0,274.627,308.954,-1.901,-1.624,0,0,0,0,0,0,0,0,144.228,82.681,343.5,142.5,0.834,-0.363,0.048,-0.014,66,403.5,56,2.5,0,13.073,77.194,-2.479,-0.326,0,0,0,0,2298

Main.js:462 368.801,385.3,228,228,-0.641,-0.698,-0.033,-0.037,33,0,0,1,0,1,0,0,272.726,307.331,-1.901,-1.624,0,0,0,0,0,0,0,0,145.066,82.324,345,142.5,0.838,-0.358,0.048,-0.013,65,406,56,2.5,0,10.594,76.867,-2.479,-0.326,0,0,0,0,2316

Main.js:462 368.16,384.602,228,228,-0.641,-0.698,-0.033,-0.037,32,0,0,1,0,1,0,0,270.825,305.707,-1.901,-1.624,0,0,0,0,0,0,0,0,145.909,81.973,346.5,142.5,0.842,-0.351,0.049,-0.012,64,408.5,56,2.5,0,8.116,76.541,-2.479,-0.326,0,0,0,0,2331

Main.js:462 367.519,383.904,228,228,-0.641,-0.698,-0.033,-0.037,31,0,0,1,0,1,0,0,268.924,304.083,-1.901,-1.624,0,0,0,0,0,0,0,0,146.756,81.63,348,142.5,0.847,-0.343,0.049,-0.01,63,411,56,2.5,0,5.637,76.215,-2.479,-0.326,0,0,0,0,2349

Main.js:462 366.879,383.205,228,228,-0.64,-0.699,-0.033,-0.037,30,0,0,1,0,0,0,0,267.023,302.46,-1.901,-1.624,0,0,0,0,0,0,0,0,147.607,81.295,349.5,142.5,0.851,-0.335,0.049,-0.009,62,413.5,56,2.5,0,3.159,75.888,-2.479,-0.326,0,0,0,0,2366

Main.js:462 366.239,382.506,228,228,-0.64,-0.699,-0.033,-0.037,29,0,0,1,0,0,0,0,265.121,300.836,-1.901,-1.624,0,0,0,0,0,0,0,0,148.462,80.97,351,142.5,0.856,-0.325,0.049,-0.008,61,416,56,2.5,0,0.68,75.562,-2.479,-0.326,0,0,0,0,2382

Main.js:462 365.599,381.806,228,228,-0.64,-0.7,-0.033,-0.037,28,0,0,1,0,0,0,0,263.22,299.213,-1.901,-1.624,0,0,0,0,0,0,0,0,149.322,80.655,352.5,142.5,0.86,-0.315,0.05,-0.007,60,418.5,56,2.5,0,0,0,0,0,0,0,0,0,2399

Main.js:462 364.959,381.107,228,228,-0.64,-0.7,-0.033,-0.037,27,0,0,1,0,0,0,0,261.319,297.589,-1.901,-1.624,0,0,0,0,0,0,0,0,150.186,80.35,354,142.5,0.864,-0.304,0.05,-0.005,59,421,56,2.5,0,0,0,0,0,0,0,0,0,2415

Main.js:462 364.32,380.406,228,228,-0.639,-0.7,-0.033,-0.037,26,0,0,1,0,0,0,0,259.418,295.965,-1.901,-1.624,0,0,0,0,0,0,0,0,151.054,80.057,355.5,142.5,0.868,-0.293,0.05,-0.004,58,423.5,56,2.5,0,0,0,0,0,0,0,0,0,2433

Main.js:462 363.681,379.706,228,228,-0.639,-0.7,-0.033,-0.037,25,0,0,1,0,0,0,0,257.517,294.342,-1.901,-1.624,0,0,0,0,0,0,0,0,151.927,79.776,357,142.5,0.872,-0.281,0.05,-0.003,57,426,56,2.5,0,0,0,0,0,0,0,0,0,2448

Main.js:462 363.042,379.005,228,228,-0.639,-0.701,-0.033,-0.037,24,0,0,1,0,0,0,0,255.616,292.718,-1.901,-1.624,0,0,0,0,0,0,0,0,152.803,79.508,358.5,142.5,0.876,-0.268,0.05,-0.001,56,428.5,56,2.5,0,0,0,0,0,0,0,0,0,2465

Main.js:462 362.403,378.304,228,228,-0.639,-0.701,-0.033,-0.037,23,0,0,1,0,1,0,0,253.715,291.095,-1.901,-1.624,0,0,0,0,0,0,0,0,153.683,79.254,0,142.5,0.88,-0.255,0.05,0,55,431,56,2.5,0,0,0,0,0,0,0,0,0,2482

Main.js:462 361.764,377.603,228,228,-0.639,-0.701,-0.033,-0.037,22,0,0,1,0,1,0,0,251.814,289.471,-1.901,-1.624,0,0,0,0,0,0,0,0,154.566,79.013,1.5,142.5,0.883,-0.241,0.05,0.001,54,433.5,56,2.5,0,0,0,0,0,0,0,0,0,2498

Main.js:462 361.125,376.902,228,228,-0.639,-0.701,-0.033,-0.037,21,0,0,1,0,1,0,0,249.913,287.847,-1.901,-1.624,0,0,0,0,0,0,0,0,155.452,78.787,3,142.5,0.887,-0.226,0.05,0.003,53,436,56,2.5,0,0,0,0,0,0,0,0,0,2517

Main.js:462 360.487,376.2,228,228,-0.638,-0.702,-0.033,-0.037,20,0,0,1,0,1,0,0,248.012,286.224,-1.901,-1.624,0,0,0,0,0,0,0,0,156.342,78.575,3,141,0.89,-0.212,0.05,0.003,52,438.5,56,2.5,0,0,0,0,0,0,0,0,0,2533

Main.js:462 359.849,375.498,228,228,-0.638,-0.702,-0.033,-0.037,19,0,0,1,0,1,0,0,246.111,284.6,-1.901,-1.624,0,0,0,0,0,0,0,0,157.235,78.376,3,139.5,0.893,-0.199,0.05,0.003,51,441,56,2.5,0,0,0,0,0,0,0,0,0,2550

Main.js:462 359.211,374.796,228,228,-0.638,-0.702,-0.033,-0.037,18,0,0,1,0,1,0,0,244.21,282.976,-1.901,-1.624,0,0,0,0,0,0,0,0,158.13,78.189,3,138,0.895,-0.187,0.05,0.003,50,443.5,56,2.5,0,0,0,0,0,0,0,0,0,2565

Main.js:462 358.573,374.094,228,228,-0.638,-0.702,-0.033,-0.037,17,0,0,1,0,0,0,0,242.309,281.353,-1.901,-1.624,0,0,0,0,0,0,0,0,159.028,78.014,3,136.5,0.898,-0.175,0.05,0.003,49,446,56,2.5,0,0,0,0,0,0,0,0,0,2588

Main.js:462 357.935,373.391,228,228,-0.638,-0.702,-0.033,-0.037,16,0,0,1,0,0,0,0,240.408,279.729,-1.901,-1.624,0,0,0,0,0,0,0,0,159.929,77.85,3,135,0.901,-0.164,0.05,0.003,48,448.5,56,2.5,0,0,0,0,0,0,0,0,0,2599

Main.js:462 357.297,372.688,228,228,-0.638,-0.703,-0.033,-0.037,15,0,0,1,0,0,0,0,238.507,278.106,-1.901,-1.624,0,0,0,0,0,0,0,0,160.832,77.697,3,133.5,0.903,-0.153,0.05,0.003,47,451,56,2.5,0,0,0,0,0,0,0,0,0,2616

Main.js:462 356.66,371.985,229.5,229.5,-0.637,-0.704,-0.032,-0.038,14,0,1,1,0,0,0,0,236.606,276.482,-1.901,-1.624,0,0,0,0,0,0,0,0,161.737,77.554,3,132,0.905,-0.143,0.05,0.003,46,453.5,56,2.5,0,0,0,0,0,0,0,0,0,2633

Main.js:462 356.025,371.279,231,231,-0.635,-0.705,-0.031,-0.039,13,0,1,1,0,0,0,0,234.705,274.858,-1.901,-1.624,0,0,0,0,0,0,0,0,162.645,77.421,3,130.5,0.907,-0.133,0.05,0.003,45,456,56,2.5,0,0,0,0,0,0,0,0,0,2650

Main.js:462 355.393,370.572,232.5,232.5,-0.632,-0.708,-0.03,-0.04,12,0,1,1,0,0,0,0,232.804,273.235,-1.901,-1.624,0,0,0,0,0,0,0,0,163.554,77.297,3,129,0.91,-0.124,0.05,0.003,44,458.5,56,2.5,0,0,0,0,0,0,0,0,0,2666

Main.js:462 354.765,369.861,234,234,-0.628,-0.711,-0.029,-0.04,11,0,1,1,0,1,0,0,230.903,271.611,-1.901,-1.624,0,0,0,0,0,0,0,0,164.466,77.181,3,127.5,0.912,-0.115,0.05,0.003,43,461,56,2.5,0,0,0,0,0,0,0,0,0,2682

Main.js:462 354.141,369.146,235.5,235.5,-0.624,-0.714,-0.028,-0.041,10,0,1,1,0,1,0,0,229.002,269.987,-1.901,-1.624,0,0,0,0,0,0,0,0,165.379,77.074,3,126,0.913,-0.107,0.05,0.003,42,463.5,56,2.5,0,0,0,0,0,0,0,0,0,2698

Main.js:462 353.522,368.428,235.5,235.5,-0.62,-0.718,-0.028,-0.041,9,0,0,1,0,1,0,0,227.101,268.364,-1.901,-1.624,0,0,0,0,0,0,0,0,166.294,76.975,3,124.5,0.915,-0.099,0.05,0.003,41,466,56,2.5,0,0,0,0,0,0,0,0,0,2716

Main.js:462 352.906,367.707,235.5,235.5,-0.615,-0.721,-0.028,-0.041,8,0,0,1,0,1,0,0,225.2,266.74,-1.901,-1.624,0,0,0,0,0,0,0,0,167.211,76.883,3,123,0.917,-0.092,0.05,0.003,40,468.5,56,2.5,0,0,0,0,0,0,0,0,0,2732

Main.js:462 352.295,366.983,235.5,235.5,-0.612,-0.724,-0.028,-0.041,7,0,0,1,0,1,0,0,223.299,265.117,-1.901,-1.624,0,0,0,0,0,0,0,0,168.13,76.798,3,121.5,0.918,-0.085,0.05,0.003,39,471,56,2.5,0,0,0,0,0,0,0,0,0,2749

Main.js:462 351.687,366.256,235.5,235.5,-0.608,-0.727,-0.028,-0.041,6,0,0,1,0,0,0,0,221.398,263.493,-1.901,-1.624,0,0,0,0,0,0,0,0,169.049,76.72,3,120,0.92,-0.078,0.05,0.003,38,473.5,56,2.5,0,0,0,0,0,0,0,0,0,2807

Main.js:462 351.082,365.526,235.5,235.5,-0.604,-0.73,-0.028,-0.041,5,0,0,1,0,0,0,0,219.497,261.869,-1.901,-1.624,0,0,0,0,0,0,0,0,169.971,76.648,3,118.5,0.921,-0.072,0.05,0.003,37,476,56,2.5,0,0,0,0,0,0,0,0,0,2831

Main.js:462 350.481,364.793,235.5,235.5,-0.601,-0.733,-0.028,-0.041,4,0,0,1,0,0,0,0,217.596,260.246,-1.901,-1.624,0,0,0,0,0,0,0,0,170.894,76.583,3,117,0.923,-0.066,0.05,0.003,36,478.5,56,2.5,0,0,0,0,0,0,0,0,0,2849

Main.js:462 349.883,364.058,235.5,235.5,-0.598,-0.735,-0.028,-0.041,3,0,0,1,0,0,0,0,215.695,258.622,-1.901,-1.624,0,0,0,0,0,0,0,0,171.818,76.523,3,115.5,0.924,-0.06,0.05,0.003,35,481,56,2.5,0,0,0,0,0,0,0,0,0,2866

Main.js:462 349.288,363.321,235.5,235.5,-0.595,-0.737,-0.028,-0.041,2,0,0,1,0,1,0,0,213.794,256.999,-1.901,-1.624,0,0,0,0,0,0,0,0,172.743,76.469,3,114,0.925,-0.054,0.05,0.003,34,483.5,56,2.5,0,0,0,0,0,0,0,0,0,2882

Main.js:462 348.696,362.581,235.5,235.5,-0.592,-0.74,-0.028,-0.041,1,0,0,1,0,1,0,0,211.893,255.375,-1.901,-1.624,0,0,0,0,0,0,0,0,173.669,76.419,3,112.5,0.926,-0.049,0.05,0.003,33,486,56,2.5,0,0,0,0,0,0,0,0,0,2898

Main.js:462 348.107,361.839,235.5,235.5,-0.589,-0.742,-0.028,-0.041,0,0,0,1,0,1,0,0,209.992,253.751,-1.901,-1.624,0,0,0,0,0,0,0,0,174.597,76.375,3,111,0.928,-0.044,0.05,0.003,32,488.5,56,2.5,0,0,0,0,0,0,0,0,0,2916

Main.js:462 347.52,361.095,235.5,235.5,-0.587,-0.744,-0.028,-0.041,99,0,0,1,0,1,0,0,208.091,252.128,-1.901,-1.624,0,0,0,0,0,0,0,0,175.525,76.336,3,109.5,0.929,-0.04,0.05,0.003,31,491,56,2.5,0,0,0,0,0,0,0,0,0,2931

Main.js:462 346.935,360.349,235.5,235.5,-0.584,-0.746,-0.028,-0.041,98,0,0,1,0,1,0,0,206.19,250.504,-1.901,-1.624,334.796,342.472,-1.416,-2.06,0,0,0,0,176.455,76.301,3,108,0.93,-0.035,0.05,0.003,30,493.5,56,2.5,0,0,0,0,0,0,0,0,0,2947

Main.js:462 346.353,359.601,235.5,235.5,-0.582,-0.748,-0.028,-0.041,97,0,0,1,0,0,0,0,204.289,248.88,-1.901,-1.624,333.38,340.412,-1.416,-2.06,0,0,0,0,177.386,76.27,3,106.5,0.931,-0.031,0.05,0.003,29,496,56,2.5,0,0,0,0,0,0,0,0,0,2965

Main.js:462 345.773,358.852,235.5,235.5,-0.58,-0.75,-0.028,-0.041,96,0,0,1,0,0,0,0,202.388,247.257,-1.901,-1.624,331.964,338.352,-1.416,-2.06,0,0,0,0,178.317,76.243,3,105,0.931,-0.027,0.05,0.003,28,498.5,56,2.5,0,0,0,0,0,0,0,0,0,2981

Main.js:462 345.196,358.101,235.5,235.5,-0.578,-0.751,-0.028,-0.041,95,0,0,1,0,0,0,0,202.388,247.257,-1.901,-1.624,330.548,336.291,-1.416,-2.06,0,0,0,0,179.249,76.22,3,103.5,0.932,-0.023,0.05,0.003,27,0,0,0,0,0,0,0,0,0,0,0,0,2999

Main.js:462 344.62,357.348,235.5,235.5,-0.576,-0.753,-0.028,-0.041,94,0,0,1,0,0,0,0,200.487,245.633,-1.901,-1.624,329.132,334.231,-1.416,-2.06,0,0,0,0,180.182,76.201,3,102,0.933,-0.019,0.05,0.003,26,0,0,0,0,0,0,0,0,0,0,0,0,3015

Main.js:462 344.046,356.594,235.5,235.5,-0.574,-0.754,-0.028,-0.041,93,0,0,1,0,0,0,0,198.586,244.01,-1.901,-1.624,327.716,332.171,-1.416,-2.06,0,0,0,0,181.116,76.184,1.5,99,0.934,-0.017,0.05,0.001,25,0,0,0,0,0,0,0,0,0,0,0,0,3032

Main.js:462 343.474,355.838,235.5,235.5,-0.572,-0.756,-0.028,-0.041,92,0,0,1,0,0,0,0,196.685,242.386,-1.901,-1.624,326.3,330.11,-1.416,-2.06,0,0,0,0,182.051,76.167,0,96,0.935,-0.016,0.05,0,24,0,0,0,0,0,0,0,0,0,0,0,0,3049

Main.js:462 342.903,355.081,235.5,235.5,-0.57,-0.757,-0.028,-0.041,91,0,0,1,0,1,0,0,194.784,240.762,-1.901,-1.624,324.884,328.05,-1.416,-2.06,0,0,0,0,182.987,76.151,358.5,93,0.936,-0.017,0.05,-0.001,23,0,0,0,0,0,0,0,0,0,0,0,0,3066

Main.js:462 342.335,354.323,235.5,235.5,-0.569,-0.758,-0.028,-0.041,90,0,0,1,0,1,0,0,192.883,239.139,-1.901,-1.624,323.468,325.99,-1.416,-2.06,0,0,0,0,183.923,76.132,357,90,0.936,-0.018,0.05,-0.003,22,0,0,0,0,0,0,0,0,0,0,0,0,3081

Main.js:462 341.767,353.563,235.5,235.5,-0.567,-0.76,-0.028,-0.041,89,0,0,1,0,1,0,0,190.982,237.515,-1.901,-1.624,322.052,323.929,-1.416,-2.06,0,0,0,0,184.86,76.111,355.5,87,0.937,-0.021,0.05,-0.004,21,0,0,0,0,0,0,0,0,0,0,0,0,3098

Main.js:462 341.201,352.802,235.5,235.5,-0.566,-0.761,-0.028,-0.041,88,0,0,1,0,1,0,0,189.081,235.891,-1.901,-1.624,320.636,321.869,-1.416,-2.06,0,0,0,0,185.797,76.086,354,84,0.937,-0.025,0.05,-0.005,20,0,0,0,0,0,0,0,0,0,0,0,0,3116

Main.js:462 340.637,352.04,235.5,235.5,-0.564,-0.762,-0.028,-0.041,87,0,0,1,0,1,0,0,187.18,234.268,-1.901,-1.624,319.22,319.809,-1.416,-2.06,0,0,0,0,186.734,76.056,352.5,81,0.937,-0.03,0.05,-0.007,19,0,0,0,0,0,0,0,0,0,0,0,0,3133

Main.js:462 340.074,351.277,235.5,235.5,-0.563,-0.763,-0.028,-0.041,86,0,0,1,0,0,0,0,185.279,232.644,-1.901,-1.624,317.804,317.748,-1.416,-2.06,0,0,0,0,187.672,76.02,351,78,0.937,-0.036,0.049,-0.008,18,0,0,0,0,0,0,0,0,0,0,0,0,3148

Main.js:462 339.513,350.513,237,237,-0.561,-0.765,-0.027,-0.042,85,0,1,1,0,0,0,0,183.378,231.021,-1.901,-1.624,316.388,315.688,-1.416,-2.06,0,0,0,0,188.609,75.977,349.5,75,0.937,-0.043,0.049,-0.009,17,0,0,0,0,0,0,0,0,0,0,0,0,3165

Main.js:462 338.955,349.746,238.5,238.5,-0.558,-0.767,-0.026,-0.043,84,0,1,1,0,0,0,0,181.477,229.397,-1.901,-1.624,314.972,313.628,-1.416,-2.06,0,0,0,0,189.546,75.927,348,72,0.937,-0.051,0.049,-0.01,16,0,0,0,0,0,0,0,0,0,0,0,0,3182

Main.js:462 338.402,348.976,240,240,-0.553,-0.77,-0.025,-0.043,83,0,1,1,0,0,0,0,179.576,227.773,-1.901,-1.624,313.556,311.567,-1.416,-2.06,0,0,0,0,190.482,75.868,346.5,69,0.936,-0.059,0.049,-0.012,15,0,0,0,0,0,0,0,0,0,0,0,0,3198

Main.js:462 337.852,348.204,240,240,-0.55,-0.772,-0.025,-0.043,82,0,0,1,0,0,0,0,177.675,226.15,-1.901,-1.624,312.14,309.507,-1.416,-2.06,0,0,0,0,191.417,75.799,345,66,0.935,-0.068,0.048,-0.013,14,0,0,0,0,0,0,0,0,0,0,0,0,3215

Main.js:462 337.307,347.429,240,240,-0.546,-0.775,-0.025,-0.043,81,0,0,1,0,0,0,0,175.774,224.526,-1.901,-1.624,310.724,307.447,-1.416,-2.06,0,0,0,0,192.351,75.721,343.5,63,0.934,-0.079,0.048,-0.014,13,0,0,0,0,0,0,0,0,0,0,0,0,3232

Main.js:462 336.764,346.652,240,240,-0.542,-0.777,-0.025,-0.043,80,0,0,1,0,1,0,0,173.873,222.902,-1.901,-1.624,309.308,305.386,-1.416,-2.06,0,0,0,0,193.284,75.631,342,60,0.933,-0.089,0.048,-0.015,12,0,0,0,0,0,0,0,0,0,0,0,0,3248

Main.js:462 336.225,345.872,240,240,-0.539,-0.78,-0.025,-0.043,79,0,0,1,0,1,0,0,171.972,221.279,-1.901,-1.624,307.892,303.326,-1.416,-2.06,0,0,0,0,194.214,75.531,340.5,57,0.931,-0.101,0.047,-0.017,11,0,0,0,0,0,0,0,0,0,0,0,0,3265

Main.js:462 335.69,345.091,240,240,-0.536,-0.782,-0.025,-0.043,78,0,0,1,0,1,0,0,170.071,219.655,-1.901,-1.624,306.476,301.266,-1.416,-2.06,0,0,0,0,195.143,75.418,339,54,0.928,-0.113,0.047,-0.018,10,0,0,0,0,0,0,0,0,0,0,0,0,3282

Main.js:462 335.157,344.307,240,240,-0.533,-0.784,-0.025,-0.043,77,0,0,1,0,1,0,0,168.17,218.032,-1.901,-1.624,305.06,299.206,-1.416,-2.06,0,0,0,0,196.069,75.293,337.5,51,0.926,-0.125,0.046,-0.019,9,0,0,0,0,0,0,0,0,0,0,0,0,3299

Main.js:462 334.627,343.521,240,240,-0.53,-0.786,-0.025,-0.043,76,0,0,1,0,1,0,0,166.269,216.408,-1.901,-1.624,303.644,297.145,-1.416,-2.06,0,0,0,0,196.992,75.155,336,48,0.923,-0.138,0.046,-0.02,8,0,0,0,0,0,0,0,0,0,0,0,0,3316

Main.js:462 334.124,342.775,240,240,-0.503,-0.746,0,0,75,0,0,0,0,0,0,0,164.368,214.784,-1.901,-1.624,302.228,295.085,-1.416,-2.06,0,0,0,0,197.911,75.003,334.5,45,0.92,-0.152,0.045,-0.022,7,0,0,0,0,0,0,0,0,0,0,0,0,3331

Main.js:462 333.646,342.066,240,240,-0.478,-0.709,0,0,74,0,0,0,0,0,0,0,162.467,213.161,-1.901,-1.624,300.812,293.025,-1.416,-2.06,0,0,0,0,198.828,74.837,333,42,0.916,-0.166,0.045,-0.023,6,0,0,0,0,0,0,0,0,0,0,0,0,3348

Main.js:462 333.191,341.392,240,240,-0.454,-0.674,0,0,73,0,0,0,0,0,0,0,160.566,211.537,-1.901,-1.624,299.396,290.964,-1.416,-2.06,0,0,0,0,199.74,74.657,331.5,39,0.912,-0.18,0.044,-0.024,5,0,0,0,0,0,0,0,0,0,0,0,0,3365

Main.js:462 332.76,340.752,240,240,-0.432,-0.64,0,0,72,0,0,0,0,0,0,0,158.665,209.914,-1.901,-1.624,297.98,288.904,-1.416,-2.06,0,0,0,0,200.647,74.462,330,36,0.908,-0.195,0.043,-0.025,4,0,0,0,0,0,0,0,0,0,0,0,0,3383

Main.js:462 332.35,340.144,240,240,-0.41,-0.608,0,0,71,0,0,0,0,0,0,0,156.764,208.29,-1.901,-1.624,296.564,286.844,-1.416,-2.06,0,0,0,0,201.55,74.252,328.5,33,0.903,-0.21,0.043,-0.026,3,0,0,0,0,0,0,0,0,0,0,0,0,3399

Main.js:462 331.961,339.567,240,240,-0.389,-0.578,0,0,70,0,0,0,0,0,0,0,154.863,206.666,-1.901,-1.624,295.148,284.783,-1.416,-2.06,0,0,0,0,202.447,74.027,327,30,0.897,-0.225,0.042,-0.027,2,0,0,0,0,0,0,0,0,0,0,0,0,3415

Main.js:462 331.591,339.018,240,240,-0.37,-0.549,0,0,69,0,0,0,0,1,0,0,152.962,205.043,-1.901,-1.624,293.732,282.723,-1.416,-2.06,0,0,0,0,203.339,73.786,325.5,27,0.892,-0.241,0.041,-0.028,1,0,0,0,0,0,0,0,0,0,0,0,0,3431

Main.js:462 331.239,338.497,240,240,-0.351,-0.521,0,0,68,0,0,0,0,1,0,0,151.061,203.419,-1.901,-1.624,292.316,280.663,-1.416,-2.06,0,0,0,0,204.224,73.529,324,24,0.886,-0.257,0.04,-0.029,0,0,0,0,0,0,0,0,0,0,0,0,0,3449

Main.js:462 330.905,338.002,240,240,-0.334,-0.495,0,0,67,0,0,0,0,1,0,0,149.16,201.795,-1.901,-1.624,290.9,278.602,-1.416,-2.06,0,0,0,0,205.103,73.256,322.5,21,0.879,-0.273,0.04,-0.03,99,0,0,0,0,0,0,0,0,0,0,0,0,3466

Main.js:462 330.588,337.531,240,240,-0.317,-0.47,0,0,66,0,0,0,0,1,0,0,147.259,200.172,-1.901,-1.624,289.484,276.542,-1.416,-2.06,0,0,0,0,205.975,72.967,321,18,0.872,-0.289,0.039,-0.031,98,226.164,81.951,2.334,0.896,0,0,0,0,0,0,0,0,3483

Main.js:462 330.287,337.084,240,240,-0.301,-0.447,0,0,65,0,0,0,0,1,0,0,145.358,198.548,-1.901,-1.624,288.068,274.482,-1.416,-2.06,0,0,0,0,206.84,72.661,319.5,15,0.864,-0.306,0.038,-0.032,97,228.498,82.847,2.334,0.896,0,0,0,0,0,0,0,0,3498

Main.js:462 330,336.66,240,240,-0.286,-0.425,0,0,64,0,0,0,0,0,0,0,143.457,196.925,-1.901,-1.624,286.652,272.421,-1.416,-2.06,0,0,0,0,207.696,72.339,318,12,0.856,-0.322,0.037,-0.033,96,230.831,83.742,2.334,0.896,0,0,0,0,0,0,0,0,3515

Main.js:462 329.728,336.256,240,240,-0.272,-0.403,0,0,63,0,0,0,0,0,0,0,141.556,195.301,-1.901,-1.624,285.236,270.361,-1.416,-2.06,0,0,0,0,208.544,72.001,316.5,9,0.848,-0.339,0.036,-0.034,95,233.165,84.638,2.334,0.896,0,0,0,0,0,0,0,0,3532

Main.js:462 329.47,335.873,240,240,-0.258,-0.383,0,0,62,0,0,0,0,0,0,0,139.655,193.677,-1.901,-1.624,283.82,268.301,-1.416,-2.06,0,0,0,0,209.384,71.645,315,6,0.839,-0.355,0.035,-0.035,94,235.499,85.534,2.334,0.896,0,0,0,0,0,0,0,0,3549

Main.js:462 329.225,335.509,240,240,-0.245,-0.364,0,0,61,0,0,0,0,0,0,0,137.753,192.054,-1.901,-1.624,282.404,266.24,-1.416,-2.06,0,0,0,0,210.214,71.273,313.5,3,0.83,-0.372,0.034,-0.036,93,237.833,86.43,2.334,0.896,0,0,0,0,0,0,0,0,3566

Main.js:462 328.991,335.163,240,240,-0.233,-0.346,0,0,60,0,0,0,0,0,0,0,135.852,190.43,-1.901,-1.624,280.988,264.18,-1.416,-2.06,0,0,0,0,211.034,70.885,312,0,0.82,-0.389,0.033,-0.037,92,240.167,87.326,2.334,0.896,0,0,0,0,0,0,0,0,3582

Main.js:462 328.77,334.835,240,240,-0.222,-0.329,0,0,59,0,0,0,0,1,0,0,133.951,188.806,-1.901,-1.624,279.572,262.12,-1.416,-2.06,0,0,0,0,211.844,70.479,310.5,-3,0.81,-0.405,0.032,-0.038,91,242.501,88.222,2.334,0.896,0,0,0,0,0,0,0,0,3599

Main.js:462 328.559,334.523,240,240,-0.21,-0.312,0,0,58,0,0,0,0,1,0,0,132.05,187.183,-1.901,-1.624,278.156,260.06,-1.416,-2.06,0,0,0,0,212.644,70.057,309,-6,0.8,-0.422,0.031,-0.039,90,244.835,89.118,2.334,0.896,0,0,0,0,0,0,0,0,3616

Main.js:462 328.359,334.226,240,240,-0.2,-0.296,0,0,57,0,0,0,0,1,0,0,130.149,185.559,-1.901,-1.624,276.74,257.999,-1.416,-2.06,0,0,0,0,213.432,69.619,307.5,-9,0.788,-0.439,0.03,-0.04,89,247.169,90.014,2.334,0.896,0,0,0,0,0,0,0,0,3633

Main.js:462 328.17,333.945,240,240,-0.19,-0.282,0,0,56,0,0,0,0,1,0,0,128.248,183.936,-1.901,-1.624,275.323,255.939,-1.416,-2.06,0,0,0,0,214.209,69.164,306,-12,0.777,-0.455,0.029,-0.04,88,249.503,90.91,2.334,0.896,0,0,0,0,0,0,0,0,3650

Main.js:462 327.989,333.677,240,240,-0.18,-0.268,0,0,55,0,0,0,0,1,0,0,126.347,182.312,-1.901,-1.624,273.907,253.879,-1.416,-2.06,0,0,0,0,214.974,68.692,304.5,-15,0.765,-0.471,0.028,-0.041,87,251.837,91.806,2.334,0.896,0,0,0,0,0,0,0,0,3664

Main.js:462 327.818,333.423,240,240,-0.171,-0.254,0,0,54,0,0,0,0,0,0,0,124.446,180.688,-1.901,-1.624,272.491,251.818,-1.416,-2.06,0,0,0,0,215.727,68.204,303,-18,0.753,-0.488,0.027,-0.042,86,254.171,92.702,2.334,0.896,0,0,0,0,0,0,0,0,3684

Main.js:462 327.655,333.181,240,240,-0.163,-0.241,0,0,53,0,0,0,0,0,0,0,122.545,179.065,-1.901,-1.624,271.075,249.758,-1.416,-2.06,0,0,0,0,216.467,67.7,301.5,-21,0.74,-0.504,0.026,-0.043,85,256.505,93.598,2.334,0.896,0,0,0,0,0,0,0,0,3699

Main.js:462 327.5,332.952,240,240,-0.155,-0.229,0,0,52,0,0,0,0,0,0,0,120.644,177.441,-1.901,-1.624,269.659,247.698,-1.416,-2.06,0,0,0,0,217.193,67.181,300,-24,0.727,-0.52,0.025,-0.043,84,258.839,94.494,2.334,0.896,0,0,0,0,0,0,0,0,3716

Main.js:462 327.353,332.734,240,240,-0.147,-0.218,0,0,51,0,0,0,0,0,0,0,118.743,175.817,-1.901,-1.624,268.243,245.637,-1.416,-2.06,0,0,0,0,217.906,66.645,298.5,-27,0.713,-0.536,0.024,-0.044,83,261.173,95.389,2.334,0.896,0,0,0,0,0,0,0,0,3732

Main.js:462 327.214,332.527,240,240,-0.14,-0.207,0,0,50,0,0,0,0,1,0,0,116.842,174.194,-1.901,-1.624,266.827,243.577,-1.416,-2.06,0,0,0,0,218.605,66.094,297,-30,0.699,-0.551,0.023,-0.045,82,263.507,96.285,2.334,0.896,0,0,0,0,0,0,0,0,3748

Main.js:462 327.081,332.33,240,240,-0.133,-0.197,0,0,49,0,0,0,0,1,0,0,114.941,172.57,-1.901,-1.624,265.411,241.517,-1.416,-2.06,0,0,0,0,219.289,65.528,295.5,-33,0.684,-0.566,0.022,-0.045,81,265.841,97.181,2.334,0.896,0,0,0,0,0,0,0,0,3765

Main.js:462 326.955,332.144,240,240,-0.126,-0.187,0,0,48,0,0,0,0,1,0,0,113.04,170.947,-1.901,-1.624,263.995,239.456,-1.416,-2.06,0,0,0,0,219.959,64.946,294,-36,0.669,-0.582,0.02,-0.046,80,268.175,98.077,2.334,0.896,0,0,0,0,0,0,0,0,3781

Main.js:462 326.835,331.966,241.5,241.5,-0.12,-0.178,0,0,47,0,1,0,0,1,0,0,111.139,169.323,-1.901,-1.624,262.579,237.396,-1.416,-2.06,0,0,0,0,220.613,64.35,292.5,-39,0.654,-0.596,0.019,-0.046,79,270.509,98.973,2.334,0.896,0,0,0,0,0,0,0,0,3799

Main.js:462 326.722,331.797,243,243,-0.114,-0.169,0,0,46,0,1,0,0,1,0,0,109.238,167.699,-1.901,-1.624,261.163,235.336,-1.416,-2.06,0,0,0,0,221.251,63.739,291,-42,0.638,-0.611,0.018,-0.047,78,272.843,99.869,2.334,0.896,0,0,0,0,0,0,0,0,3815

Main.js:462 326.613,331.637,244.5,244.5,-0.108,-0.16,0,0,45,0,1,0,0,1,0,0,107.337,166.076,-1.901,-1.624,259.747,233.275,-1.416,-2.06,0,0,0,0,221.874,63.114,289.5,-45,0.622,-0.625,0.017,-0.047,77,275.177,100.765,2.334,0.896,0,0,0,0,0,0,0,0,3834

Main.js:462 326.511,331.485,246,246,-0.103,-0.152,0,0,44,0,1,0,0,1,0,0,105.436,164.452,-1.901,-1.624,258.331,231.215,-1.416,-2.06,0,0,0,0,222.48,62.475,288,-48,0.606,-0.639,0.015,-0.048,76,277.51,101.661,2.334,0.896,0,0,0,0,0,0,0,0,3848

Main.js:462 326.413,331.34,247.5,247.5,-0.097,-0.145,0,0,43,0,1,0,0,0,0,0,103.535,162.829,-1.901,-1.624,256.915,229.155,-1.416,-2.06,0,0,0,0,223.069,61.822,286.5,-51,0.589,-0.653,0.014,-0.048,75,279.844,102.557,2.334,0.896,0,0,0,0,0,0,0,0,3866

Main.js:462 326.321,331.203,249,249,-0.093,-0.137,0,0,42,0,1,0,0,0,0,0,101.634,161.205,-1.901,-1.624,255.499,227.095,-1.416,-2.06,0,0,0,0,223.641,61.156,285,-54,0.572,-0.666,0.013,-0.048,74,282.178,103.453,2.334,0.896,0,0,0,0,0,0,0,0,3882

Main.js:462 326.233,331.073,250.5,250.5,-0.088,-0.13,0,0,41,0,1,0,0,0,0,0,99.733,159.581,-1.901,-1.624,254.083,225.034,-1.416,-2.06,0,0,0,0,224.195,60.478,283.5,-57,0.554,-0.679,0.012,-0.049,73,284.512,104.349,2.334,0.896,0,0,0,0,0,0,0,0,3897

Main.js:462 326.149,330.949,252,252,-0.084,-0.124,0,0,40,0,1,0,0,0,0,0,97.832,157.958,-1.901,-1.624,252.667,222.974,-1.416,-2.06,0,0,0,0,224.732,59.786,282,-60,0.537,-0.691,0.01,-0.049,72,286.846,105.245,2.334,0.896,0,0,0,0,0,0,0,0,3916

Main.js:462 326.07,330.831,252,252,-0.079,-0.118,0,0,39,0,0,0,0,1,0,0,95.931,156.334,-1.901,-1.624,251.251,220.914,-1.416,-2.06,0,0,0,0,225.25,59.083,280.5,-63,0.518,-0.703,0.009,-0.049,71,289.18,106.14,2.334,0.896,0,0,0,0,0,0,0,0,3934

Main.js:462 325.994,330.719,252,252,-0.075,-0.112,0,0,38,0,0,0,0,1,0,0,94.03,154.71,-1.901,-1.624,249.835,218.853,-1.416,-2.06,0,0,0,0,225.75,58.368,279,-66,0.5,-0.715,0.008,-0.049,70,291.514,107.036,2.334,0.896,0,0,0,0,0,0,0,0,3949

Main.js:462 325.923,330.613,252,252,-0.072,-0.106,0,0,37,0,0,0,0,1,0,0,92.129,153.087,-1.901,-1.624,248.419,216.793,-1.416,-2.06,0,0,0,0,226.232,57.641,277.5,-69,0.481,-0.726,0.007,-0.05,69,293.848,107.932,2.334,0.896,0,0,0,0,0,0,0,0,3965

Main.js:462 325.855,330.512,252,252,-0.068,-0.101,0,0,36,0,0,0,0,1,0,0,90.228,151.463,-1.901,-1.624,247.003,214.733,-1.416,-2.06,0,0,0,0,226.694,56.904,276,-72,0.462,-0.737,0.005,-0.05,68,296.182,108.828,2.334,0.896,0,0,0,0,0,0,0,0,3983

Main.js:462 325.79,330.416,252,252,-0.065,-0.096,0,0,35,0,0,0,0,1,0,0,88.327,149.84,-1.901,-1.624,245.587,212.672,-1.416,-2.06,0,0,0,0,227.136,56.156,274.5,-75,0.443,-0.748,0.004,-0.05,67,298.516,109.724,2.334,0.896,0,0,0,0,0,0,0,0,3999

Main.js:462 325.728,330.325,252,252,-0.061,-0.091,0,0,34,0,0,0,0,1,0,0,86.426,148.216,-1.901,-1.624,244.171,210.612,-1.416,-2.06,0,0,0,0,227.559,55.398,273,-78,0.423,-0.758,0.003,-0.05,66,300.85,110.62,2.334,0.896,0,0,0,0,0,0,0,0,4016

Main.js:462 325.67,330.238,252,252,-0.058,-0.087,0,0,33,0,0,0,0,0,0,0,84.525,146.592,-1.901,-1.624,242.755,208.552,-1.416,-2.06,0,0,0,0,227.965,54.631,274.5,-78,0.406,-0.767,0.004,-0.05,65,303.184,111.516,2.334,0.896,0,0,0,0,0,0,0,0,4033

Main.js:462 325.615,330.156,252,252,-0.055,-0.082,0,0,32,0,0,0,0,0,0,0,82.624,144.969,-1.901,-1.624,241.339,206.491,-1.416,-2.06,0,0,0,0,228.355,53.855,276,-78,0.39,-0.776,0.005,-0.05,64,305.518,112.412,2.334,0.896,0,0,0,0,0,0,0,0,4050

Main.js:462 325.562,330.078,252,252,-0.053,-0.078,0,0,31,0,0,0,0,0,0,0,80.723,143.345,-1.901,-1.624,239.923,204.431,-1.416,-2.06,0,0,0,0,228.732,53.07,277.5,-78,0.377,-0.785,0.007,-0.05,63,307.852,113.308,2.334,0.896,0,0,0,0,0,0,0,0,4064

Main.js:462 325.512,330.003,252,252,-0.05,-0.074,0,0,30,0,0,0,0,0,0,0,78.822,141.721,-1.901,-1.624,238.507,202.371,-1.416,-2.06,0,0,0,0,229.098,52.278,279,-78,0.366,-0.792,0.008,-0.049,62,310.186,114.204,2.334,0.896,0,0,0,0,0,0,0,0,4082

Main.js:462 325.464,329.933,252,252,-0.048,-0.071,0,0,29,0,0,0,0,0,0,0,76.921,140.098,-1.901,-1.624,237.091,200.31,-1.416,-2.06,0,0,0,0,229.454,51.478,280.5,-78,0.356,-0.799,0.009,-0.049,61,312.52,115.1,2.334,0.896,0,0,0,0,0,0,0,0,4098

Main.js:462 325.419,329.866,252,252,-0.045,-0.067,0,0,28,0,0,0,0,1,0,0,75.02,138.474,-1.901,-1.624,235.675,198.25,-1.416,-2.06,0,0,0,0,229.802,50.673,282,-78,0.348,-0.806,0.01,-0.049,60,314.854,115.996,2.334,0.896,0,0,0,0,0,0,0,0,4115

Main.js:462 325.376,329.802,252,252,-0.043,-0.064,0,0,27,0,0,0,0,1,0,0,73.119,136.851,-1.901,-1.624,234.259,196.19,-1.416,-2.06,0,0,0,0,230.144,49.861,283.5,-78,0.342,-0.812,0.012,-0.049,59,317.188,116.892,2.334,0.896,0,0,0,0,0,0,0,0,4132

Main.js:462 325.335,329.742,252,252,-0.041,-0.06,0,0,26,0,0,0,0,1,0,0,71.218,135.227,-1.901,-1.624,232.843,194.129,-1.416,-2.06,0,0,0,0,230.48,49.044,285,-78,0.337,-0.817,0.013,-0.048,58,319.522,117.787,2.334,0.896,0,0,0,0,0,0,0,0,4149

Main.js:462 325.297,329.684,252,252,-0.039,-0.057,0,0,25,0,0,0,0,1,0,0,69.317,133.603,-1.901,-1.624,231.427,192.069,-1.416,-2.06,0,0,0,0,230.814,48.222,286.5,-78,0.334,-0.822,0.014,-0.048,57,321.856,118.683,2.334,0.896,0,0,0,0,0,0,0,0,4165

Main.js:462 325.26,329.63,252,252,-0.037,-0.055,0,0,24,0,0,0,0,1,0,0,67.416,131.98,-1.901,-1.624,230.011,190.009,-1.416,-2.06,0,0,0,0,231.146,47.396,288,-78,0.332,-0.826,0.015,-0.048,56,324.19,119.579,2.334,0.896,0,0,0,0,0,0,0,0,4187

Main.js:462 325.225,329.578,252,252,-0.035,-0.052,0,0,23,0,0,0,0,0,0,0,65.515,130.356,-1.901,-1.624,228.595,187.949,-1.416,-2.06,0,0,0,0,231.476,46.567,289.5,-78,0.331,-0.829,0.017,-0.047,55,326.523,120.475,2.334,0.896,0,0,0,0,0,0,0,0,4198

Main.js:462 325.192,329.529,252,252,-0.033,-0.049,0,0,22,0,0,0,0,0,0,0,63.614,128.733,-1.901,-1.624,227.179,185.888,-1.416,-2.06,0,0,0,0,231.808,45.735,291,-78,0.331,-0.832,0.018,-0.047,54,328.857,121.371,2.334,0.896,0,0,0,0,0,0,0,0,4214

Main.js:462 325.16,329.482,252,252,-0.032,-0.047,0,0,21,0,0,0,0,0,0,0,61.713,127.109,-1.901,-1.624,225.763,183.828,-1.416,-2.06,0,0,0,0,232.141,44.901,292.5,-78,0.333,-0.834,0.019,-0.046,53,331.191,122.267,2.334,0.896,0,0,0,0,0,0,0,0,4232

Main.js:462 325.13,329.438,252,252,-0.03,-0.044,0,0,20,0,0,0,0,0,0,0,59.812,125.485,-1.901,-1.624,224.347,181.768,-1.416,-2.06,0,0,0,0,232.476,44.064,294,-78,0.336,-0.836,0.02,-0.046,52,333.525,123.163,2.334,0.896,0,0,0,0,0,0,0,0,4248

Main.js:462 325.102,329.395,252,252,-0.028,-0.042,0,0,19,0,0,0,0,0,0,0,57.911,123.862,-1.901,-1.624,222.931,179.707,-1.416,-2.06,0,0,0,0,232.816,43.227,295.5,-78,0.339,-0.837,0.022,-0.045,51,335.859,124.059,2.334,0.896,0,0,0,0,0,0,0,0,4265

Main.js:462 325.075,329.355,252,252,-0.027,-0.04,0,0,18,0,0,0,0,1,0,0,56.01,122.238,-1.901,-1.624,221.515,177.647,-1.416,-2.06,0,0,0,0,233.159,42.39,297,-78,0.344,-0.838,0.023,-0.045,50,338.193,124.955,2.334,0.896,0,0,0,0,0,0,0,0,4282

Main.js:462 325.049,329.317,252,252,-0.026,-0.038,0,0,17,0,0,0,0,1,0,0,54.109,120.614,-1.901,-1.624,220.099,175.587,-1.416,-2.06,0,0,0,0,233.509,41.552,298.5,-78,0.349,-0.837,0.024,-0.044,49,340.527,125.851,2.334,0.896,0,0,0,0,0,0,0,0,4299

Main.js:462 325.025,329.281,252,252,-0.024,-0.036,0,0,16,0,0,0,0,1,0,0,52.208,118.991,-1.901,-1.624,218.683,173.526,-1.416,-2.06,0,0,0,0,233.864,40.715,300,-78,0.356,-0.837,0.025,-0.043,48,342.861,126.747,2.334,0.896,0,0,0,0,0,0,0,0,4315

Main.js:462 325.001,329.247,252,252,-0.023,-0.034,0,0,15,0,0,0,0,1,0,0,50.307,117.367,-1.901,-1.624,217.267,171.466,-1.416,-2.06,0,0,0,0,234.227,39.88,301.5,-78,0.363,-0.835,0.026,-0.043,47,345.195,127.643,2.334,0.896,0,0,0,0,0,0,0,0,4333

Main.js:462 324.979,329.214,252,252,-0.022,-0.033,0,0,14,0,0,0,0,1,0,0,48.406,115.744,-1.901,-1.624,215.851,169.406,-1.416,-2.06,0,0,0,0,234.598,39.046,303,-78,0.37,-0.833,0.027,-0.042,46,347.529,128.538,2.334,0.896,0,0,0,0,0,0,0,0,4348

Main.js:462 324.959,329.183,252,252,-0.021,-0.031,0,0,13,0,0,0,0,0,0,0,46.505,114.12,-1.901,-1.624,214.435,167.345,-1.416,-2.06,0,0,0,0,234.976,38.216,304.5,-78,0.379,-0.831,0.028,-0.041,45,349.863,129.434,2.334,0.896,0,0,0,0,0,0,0,0,4366

Main.js:462 324.939,329.153,252,252,-0.02,-0.029,0,0,12,0,0,0,0,0,0,0,44.604,112.496,-1.901,-1.624,213.019,165.285,-1.416,-2.06,0,0,0,0,235.364,37.388,306,-78,0.388,-0.828,0.029,-0.04,44,352.197,130.33,2.334,0.896,0,0,0,0,0,0,0,0,4382

Main.js:462 324.92,329.125,252,252,-0.019,-0.028,0,0,11,0,0,0,0,0,0,0,42.703,110.873,-1.901,-1.624,211.603,163.225,-1.416,-2.06,0,0,0,0,235.761,36.564,307.5,-78,0.397,-0.824,0.03,-0.04,43,354.531,131.226,2.334,0.896,0,0,0,0,0,0,0,0,4398

Main.js:462 324.902,329.099,252,252,-0.018,-0.027,0,0,10,0,0,0,0,0,0,0,40.802,109.249,-1.901,-1.624,210.187,161.164,-1.416,-2.06,0,0,0,0,236.169,35.744,309,-78,0.407,-0.82,0.031,-0.039,42,356.865,132.122,2.334,0.896,0,0,0,0,0,0,0,0,4416

Main.js:462 324.885,329.074,252,252,-0.017,-0.025,0,0,9,0,0,0,0,0,0,0,38.901,107.625,-1.901,-1.624,208.771,159.104,-1.416,-2.06,0,0,0,0,236.587,34.929,310.5,-78,0.418,-0.815,0.032,-0.038,41,359.199,133.018,2.334,0.896,0,0,0,0,0,0,0,0,4432

Main.js:462 324.869,329.05,252,252,-0.016,-0.024,0,0,8,0,0,0,0,1,0,0,37,106.002,-1.901,-1.624,207.355,157.044,-1.416,-2.06,0,0,0,0,237.015,34.119,312,-78,0.429,-0.81,0.033,-0.037,40,361.533,133.914,2.334,0.896,0,0,0,0,0,0,0,0,4449

Main.js:462 324.853,329.027,252,252,-0.015,-0.023,0,0,7,0,0,0,0,1,0,0,35.099,104.378,-1.901,-1.624,205.939,154.983,-1.416,-2.06,0,0,0,0,237.455,33.316,313.5,-78,0.44,-0.803,0.034,-0.036,39,363.867,134.81,2.334,0.896,0,0,0,0,0,0,0,0,4465

Main.js:462 324.839,329.005,252,252,-0.015,-0.022,0,0,6,0,0,0,0,1,0,0,33.198,102.755,-1.901,-1.624,204.523,152.923,-1.416,-2.06,0,0,0,0,237.907,32.519,315,-78,0.452,-0.797,0.035,-0.035,38,366.201,135.706,2.334,0.896,0,0,0,0,0,0,0,0,4482

Main.js:462 324.825,328.984,252,252,-0.014,-0.021,0,0,5,0,0,0,0,1,0,0,31.297,101.131,-1.901,-1.624,203.107,150.863,-1.416,-2.06,0,0,0,0,238.37,31.729,316.5,-78,0.463,-0.79,0.036,-0.034,37,368.535,136.602,2.334,0.896,0,0,0,0,0,0,0,0,4499

Main.js:462 324.811,328.965,252,252,-0.013,-0.02,0,0,4,0,0,0,0,1,0,0,29.396,99.507,-1.901,-1.624,201.691,148.803,-1.416,-2.06,0,0,0,0,238.846,30.947,318,-78,0.476,-0.782,0.037,-0.033,36,370.869,137.498,2.334,0.896,0,0,0,0,0,0,0,0,4516

Main.js:462 324.799,328.946,252,252,-0.013,-0.019,0,0,3,0,0,0,0,1,0,0,27.495,97.884,-1.901,-1.624,200.275,146.742,-1.416,-2.06,0,0,0,0,239.333,30.172,318,-79.5,0.487,-0.775,0.037,-0.033,35,373.202,138.394,2.334,0.896,0,0,0,0,0,0,0,0,4532

Main.js:462 324.787,328.929,252,252,-0.012,-0.018,0,0,2,0,0,0,0,0,0,0,25.594,96.26,-1.901,-1.624,198.859,144.682,-1.416,-2.06,0,0,0,0,239.831,29.404,318,-81,0.498,-0.768,0.037,-0.033,34,375.536,139.29,2.334,0.896,0,0,0,0,0,0,0,0,4549

Main.js:462 324.776,328.912,252,252,-0.011,-0.017,0,0,1,0,0,0,0,0,0,0,23.693,94.636,-1.901,-1.624,197.443,142.622,-1.416,-2.06,0,0,0,0,240.339,28.643,318,-82.5,0.508,-0.761,0.037,-0.033,33,377.87,140.185,2.334,0.896,0,0,0,0,0,0,0,0,4565

Main.js:462 324.765,328.896,252,252,-0.011,-0.016,0,0,0,0,0,0,0,0,0,0,21.792,93.013,-1.901,-1.624,196.027,140.561,-1.416,-2.06,0,0,0,0,240.858,27.888,318,-84,0.518,-0.755,0.037,-0.033,32,380.204,141.081,2.334,0.896,0,0,0,0,0,0,0,0,4583

Main.js:462 324.755,328.881,252,252,-0.01,-0.015,0,0,0,0,0,0,0,0,0,0,19.891,91.389,-1.901,-1.624,194.611,138.501,-1.416,-2.06,0,0,0,0,241.385,27.139,318,-85.5,0.528,-0.749,0.037,-0.033,31,382.538,141.977,2.334,0.896,0,0,0,0,0,0,0,0,4599

Main.js:462 324.745,328.866,253.5,253.5,-0.01,-0.014,0,0,0,0,1,0,0,0,0,0,17.99,89.766,-1.901,-1.624,193.195,136.441,-1.416,-2.06,0,0,0,0,241.922,26.396,318,-87,0.537,-0.743,0.037,-0.033,30,384.872,142.873,2.334,0.896,0,0,0,0,0,0,0,0,4615

Main.js:462 324.736,328.853,255,255,-0.009,-0.014,0,0,99,0,1,0,0,1,0,0,16.089,88.142,-1.901,-1.624,191.779,134.38,-1.416,-2.06,0,0,0,0,242.467,25.658,318,-88.5,0.545,-0.738,0.037,-0.033,29,387.206,143.769,2.334,0.896,0,0,0,0,0,0,0,0,4631

Main.js:462 324.727,328.84,256.5,256.5,-0.009,-0.013,0,0,98,0,1,0,0,1,0,0,14.188,86.518,-1.901,-1.624,190.363,132.32,-1.416,-2.06,318.663,306.167,-0.647,-2.415,243.02,24.925,318,-90,0.553,-0.733,0.037,-0.033,28,389.54,144.665,2.334,0.896,0,0,0,0,0,0,0,0,4647

Main.js:462 324.719,328.827,258,258,-0.008,-0.012,0,0,97,0,1,0,0,1,0,0,12.287,84.895,-1.901,-1.624,188.947,130.26,-1.416,-2.06,318.016,303.752,-0.647,-2.415,243.581,24.198,318,-91.5,0.561,-0.728,0.037,-0.033,27,391.874,145.561,2.334,0.896,0,0,0,0,0,0,0,0,4665

Main.js:462 324.711,328.816,259.5,259.5,-0.008,-0.012,0,0,96,0,1,0,0,1,0,0,10.385,83.271,-1.901,-1.624,187.531,128.199,-1.416,-2.06,317.369,301.338,-0.647,-2.415,244.149,23.474,318,-93,0.568,-0.723,0.037,-0.033,26,394.208,146.457,2.334,0.896,0,0,0,0,0,0,0,0,4683

Main.js:462 324.703,328.805,261,261,-0.008,-0.011,0,0,95,0,1,0,0,1,0,0,8.484,81.648,-1.901,-1.624,186.115,126.139,-1.416,-2.06,316.722,298.923,-0.647,-2.415,244.724,22.755,318,-94.5,0.575,-0.719,0.037,-0.033,25,396.542,147.353,2.334,0.896,0,0,0,0,0,0,0,0,4699

Main.js:462 324.696,328.794,262.5,262.5,-0.007,-0.011,0,0,94,0,1,0,0,1,0,0,6.583,80.024,-1.901,-1.624,184.698,124.079,-1.416,-2.06,316.075,296.508,-0.647,-2.415,245.305,22.041,318,-96,0.581,-0.715,0.037,-0.033,24,398.876,148.249,2.334,0.896,0,0,0,0,0,0,0,0,4717

Main.js:462 324.69,328.784,264,264,-0.007,-0.01,0,0,93,0,1,0,0,0,0,0,4.682,78.4,-1.901,-1.624,183.282,122.018,-1.416,-2.06,315.428,294.093,-0.647,-2.415,245.893,21.33,318,-97.5,0.588,-0.711,0.037,-0.033,23,401.21,149.145,2.334,0.896,0,0,0,0,0,0,0,0,4732

Main.js:462 324.683,328.774,265.5,265.5,-0.006,-0.01,0,0,92,0,1,0,0,0,0,0,2.781,76.777,-1.901,-1.624,181.866,119.958,-1.416,-2.06,314.781,291.678,-0.647,-2.415,246.487,20.623,318,-99,0.594,-0.707,0.037,-0.033,22,403.544,150.041,2.334,0.896,0,0,0,0,0,0,0,0,4749

Main.js:462 324.677,328.765,267,267,-0.006,-0.009,0,0,91,0,1,0,0,0,0,0,0.88,75.153,-1.901,-1.624,180.45,117.898,-1.416,-2.06,314.134,289.263,-0.647,-2.415,247.086,19.919,318,-100.5,0.599,-0.703,0.037,-0.033,21,405.878,150.936,2.334,0.896,0,0,0,0,0,0,0,0,4815

Main.js:462 324.671,328.757,267,267,-0.006,-0.009,0,0,90,0,0,0,0,1,0,0,180.45,117.898,-1.416,-2.06,313.486,286.849,-0.647,-2.415,0,0,0,0,247.69,19.219,318,-102,0.605,-0.7,0.037,-0.033,20,408.212,151.832,2.334,0.896,0,0,0,0,0,0,0,0,4831

Main.js:462 324.666,328.749,267,267,-0.006,-0.008,0,0,89,0,0,0,0,1,0,0,179.034,115.837,-1.416,-2.06,312.839,284.434,-0.647,-2.415,0,0,0,0,248.3,18.522,318,-103.5,0.61,-0.697,0.037,-0.033,19,410.546,152.728,2.334,0.896,0,0,0,0,0,0,0,0,4847

Main.js:462 324.66,328.741,267,267,-0.005,-0.008,0,0,88,0,0,0,0,1,0,0,177.618,113.777,-1.416,-2.06,312.192,282.019,-0.647,-2.415,0,0,0,0,248.914,17.828,318,-105,0.614,-0.694,0.037,-0.033,18,412.88,153.624,2.334,0.896,0,0,0,0,0,0,0,0,4866

Main.js:462 324.655,328.733,267,267,-0.005,-0.007,0,0,87,0,0,0,0,1,0,0,176.202,111.717,-1.416,-2.06,311.545,279.604,-0.647,-2.415,0,0,0,0,249.533,17.137,318,-106.5,0.619,-0.691,0.037,-0.033,17,415.214,154.52,2.334,0.896,0,0,0,0,0,0,0,0,4882

Main.js:462 324.651,328.726,267,267,-0.005,-0.007,0,0,86,0,0,0,0,1,0,0,174.786,109.657,-1.416,-2.06,310.898,277.189,-0.647,-2.415,0,0,0,0,250.157,16.449,318,-108,0.623,-0.688,0.037,-0.033,16,417.548,155.416,2.334,0.896,0,0,0,0,0,0,0,0,4899

Main.js:462 324.646,328.72,267,267,-0.004,-0.007,0,0,85,0,0,0,0,1,0,0,173.37,107.596,-1.416,-2.06,310.251,274.775,-0.647,-2.415,0,0,0,0,250.784,15.764,318,-109.5,0.628,-0.686,0.037,-0.033,15,419.881,156.312,2.334,0.896,0,0,0,0,0,0,0,0,4916

Main.js:462 324.642,328.713,267,267,-0.004,-0.006,0,0,84,0,0,0,0,0,0,0,171.954,105.536,-1.416,-2.06,309.604,272.36,-0.647,-2.415,0,0,0,0,251.416,15.081,318,-111,0.631,-0.683,0.037,-0.033,14,422.215,157.208,2.334,0.896,0,0,0,0,0,0,0,0,4933

Main.js:462 324.638,328.707,267,267,-0.004,-0.006,0,0,83,0,0,0,0,0,0,0,170.538,103.476,-1.416,-2.06,308.957,269.945,-0.647,-2.415,0,0,0,0,251.416,15.081,318,-112.5,0.635,-0.681,0.037,-0.033,13,424.549,158.104,2.334,0.896,0,0,0,0,0,0,0,0,4950

Main.js:462 324.634,328.702,267,267,-0.004,-0.006,0,0,82,0,0,0,0,0,0,0,169.122,101.415,-1.416,-2.06,308.31,267.53,-0.647,-2.415,0,0,0,0,251.416,15.081,318,-114,0.639,-0.678,0.037,-0.033,12,426.883,159,2.334,0.896,0,0,0,0,0,0,0,0,4965

Main.js:462 324.63,328.696,267,267,-0.004,-0.005,0,0,81,0,0,0,0,0,0,0,167.706,99.355,-1.416,-2.06,307.663,265.115,-0.647,-2.415,0,0,0,0,251.416,15.081,318,-115.5,0.642,-0.676,0.037,-0.033,11,429.217,159.896,2.334,0.896,0,0,0,0,0,0,0,0,4984

Main.js:462 324.627,328.691,267,267,-0.003,-0.005,0,0,80,0,0,0,0,0,0,0,166.29,97.295,-1.416,-2.06,307.016,262.701,-0.647,-2.415,0,0,0,0,251.416,15.081,318,-117,0.645,-0.674,0.037,-0.033,10,431.551,160.792,2.334,0.896,0,0,0,0,0,0,0,0,4998

Main.js:462 324.624,328.686,267,267,-0.003,-0.005,0,0,79,0,0,0,0,1,0,0,164.874,95.234,-1.416,-2.06,306.369,260.286,-0.647,-2.415,0,0,0,0,251.416,15.081,318,-118.5,0.648,-0.672,0.037,-0.033,9,433.885,161.688,2.334,0.896,0,0,0,0,0,0,0,0,5016

Main.js:462 324.621,328.682,267,267,-0.003,-0.005,0,0,78,0,0,0,0,1,0,0,163.458,93.174,-1.416,-2.06,305.722,257.871,-0.647,-2.415,0,0,0,0,251.416,15.081,316.5,-121.5,0.65,-0.671,0.036,-0.034,8,436.219,162.583,2.334,0.896,0,0,0,0,0,0,0,0,5032

Main.js:462 324.618,328.677,267,267,-0.003,-0.004,0,0,77,0,0,0,0,1,0,0,162.042,91.114,-1.416,-2.06,305.075,255.456,-0.647,-2.415,0,0,0,0,251.416,15.081,315,-124.5,0.651,-0.671,0.035,-0.035,7,438.553,163.479,2.334,0.896,0,0,0,0,0,0,0,0,5049

Main.js:462 324.615,328.673,267,267,-0.003,-0.004,0,0,76,0,0,0,0,1,0,0,160.626,89.053,-1.416,-2.06,304.428,253.041,-0.647,-2.415,0,0,0,0,251.416,15.081,313.5,-127.5,0.652,-0.672,0.034,-0.036,6,440.887,164.375,2.334,0.896,0,0,0,0,0,0,0,0,5065

Main.js:462 324.612,328.669,267,267,-0.003,-0.004,0,0,75,0,0,0,0,1,0,0,159.21,86.993,-1.416,-2.06,303.781,250.626,-0.647,-2.415,0,0,0,0,251.416,15.081,312,-130.5,0.651,-0.674,0.033,-0.037,5,443.221,165.271,2.334,0.896,0,0,0,0,0,0,0,0,5083

Main.js:462 324.609,328.665,267,267,-0.003,-0.004,0,0,74,0,0,0,0,1,0,0,157.794,84.933,-1.416,-2.06,303.134,248.212,-0.647,-2.415,0,0,0,0,251.416,15.081,310.5,-133.5,0.649,-0.676,0.032,-0.038,4,445.555,166.167,2.334,0.896,0,0,0,0,0,0,0,0,5099

Main.js:462 324.607,328.662,267,267,-0.002,-0.004,0,0,73,0,0,0,0,0,0,0,156.378,82.872,-1.416,-2.06,302.487,245.797,-0.647,-2.415,0,0,0,0,251.416,15.081,309,-136.5,0.646,-0.68,0.031,-0.039,3,447.889,167.063,2.334,0.896,0,0,0,0,0,0,0,0,5116

Main.js:462 324.605,328.658,267,267,-0.002,-0.003,0,0,72,0,0,0,0,0,0,0,154.962,80.812,-1.416,-2.06,301.84,243.382,-0.647,-2.415,0,0,0,0,251.416,15.081,307.5,-139.5,0.643,-0.683,0.03,-0.04,2,450.223,167.959,2.334,0.896,0,0,0,0,0,0,0,0,5133

Main.js:462 324.603,328.655,267,267,-0.002,-0.003,0,0,71,0,0,0,0,0,0,0,153.546,78.752,-1.416,-2.06,301.193,240.967,-0.647,-2.415,0,0,0,0,251.416,15.081,306,-142.5,0.639,-0.687,0.029,-0.04,1,452.557,168.855,2.334,0.896,0,0,0,0,0,0,0,0,5149

Main.js:462 324.6,328.652,267,267,-0.002,-0.003,0,0,70,0,0,0,0,0,0,0,152.13,76.691,-1.416,-2.06,300.546,238.552,-0.647,-2.415,0,0,0,0,251.416,15.081,304.5,-145.5,0.634,-0.692,0.028,-0.041,0,454.891,169.751,2.334,0.896,0,0,0,0,0,0,0,0,5166

Main.js:462 324.598,328.649,267,267,-0.002,-0.003,0,0,69,0,0,0,0,0,0,0,150.714,74.631,-1.416,-2.06,299.898,236.138,-0.647,-2.415,0,0,0,0,251.416,15.081,303,-148.5,0.628,-0.697,0.027,-0.042,99,457.225,170.647,2.334,0.896,0,0,0,0,0,0,0,0,5182

Main.js:462 324.597,328.646,267,267,-0.002,-0.003,0,0,68,0,0,0,0,0,0,0,149.298,72.571,-1.416,-2.06,299.251,233.723,-0.647,-2.415,0,0,0,0,251.416,15.081,301.5,-151.5,0.621,-0.703,0.026,-0.043,98,459.559,171.543,2.334,0.896,231.379,2.802,-2.132,-1.306,0,0,0,0,5199

Main.js:462 324.595,328.644,267,267,-0.002,-0.003,0,0,67,0,0,0,0,1,0,0,147.882,70.511,-1.416,-2.06,298.604,231.308,-0.647,-2.415,0,0,0,0,251.416,15.081,300,-154.5,0.614,-0.709,0.025,-0.043,97,461.893,172.439,2.334,0.896,229.247,1.496,-2.132,-1.306,0,0,0,0,5216

Main.js:462 324.593,328.641,267,267,-0.002,-0.003,0,0,66,0,0,0,0,1,0,0,146.466,68.45,-1.416,-2.06,297.957,228.893,-0.647,-2.415,0,0,0,0,251.416,15.081,298.5,-157.5,0.606,-0.715,0.024,-0.044,96,464.227,173.334,2.334,0.896,227.116,0.19,-2.132,-1.306,0,0,0,0,5232

Main.js:462 324.592,328.639,267,267,-0.002,-0.002,0,0,65,0,0,0,0,1,0,0,145.05,66.39,-1.416,-2.06,297.31,226.478,-0.647,-2.415,0,0,0,0,251.416,15.081,297,-160.5,0.597,-0.722,0.023,-0.045,95,466.561,174.23,2.334,0.896,0,0,0,0,0,0,0,0,5248

Main.js:462 324.59,328.636,267,267,-0.002,-0.002,0,0,64,0,0,0,0,1,0,0,143.634,64.33,-1.416,-2.06,296.663,224.063,-0.647,-2.415,0,0,0,0,251.416,15.081,295.5,-163.5,0.588,-0.729,0.022,-0.045,94,468.894,175.126,2.334,0.896,0,0,0,0,0,0,0,0,5266

Main.js:462 324.589,328.634,267,267,-0.001,-0.002,0,0,63,0,0,0,0,1,0,0,142.218,62.269,-1.416,-2.06,296.016,221.649,-0.647,-2.415,0,0,0,0,251.416,15.081,294,-166.5,0.578,-0.736,0.02,-0.046,93,471.228,176.022,2.334,0.896,0,0,0,0,0,0,0,0,5283

Main.js:462 324.587,328.632,267,267,-0.001,-0.002,0,0,62,0,0,0,0,0,0,0,140.802,60.209,-1.416,-2.06,295.369,219.234,-0.647,-2.415,0,0,0,0,251.416,15.081,292.5,-169.5,0.567,-0.743,0.019,-0.046,92,473.562,176.918,2.334,0.896,0,0,0,0,0,0,0,0,5299

Main.js:462 324.586,328.63,267,267,-0.001,-0.002,0,0,61,0,0,0,0,0,0,0,139.386,58.149,-1.416,-2.06,294.722,216.819,-0.647,-2.415,0,0,0,0,251.416,15.081,291,-172.5,0.556,-0.75,0.018,-0.047,91,475.896,177.814,2.334,0.896,0,0,0,0,0,0,0,0,5315

Main.js:462 324.585,328.628,267,267,-0.001,-0.002,0,0,60,0,0,0,0,0,0,0,137.97,56.088,-1.416,-2.06,294.075,214.404,-0.647,-2.415,0,0,0,0,251.416,15.081,289.5,-175.5,0.544,-0.757,0.017,-0.047,90,478.23,178.71,2.334,0.896,0,0,0,0,0,0,0,0,5331

Main.js:462 324.583,328.627,267,267,-0.001,-0.002,0,0,59,0,0,0,0,0,0,0,136.554,54.028,-1.416,-2.06,293.428,211.989,-0.647,-2.415,0,0,0,0,251.416,15.081,288,-178.5,0.531,-0.765,0.015,-0.048,89,480.564,179.606,2.334,0.896,0,0,0,0,0,0,0,0,5349

Main.js:462 324.582,328.625,267,267,-0.001,-0.002,0,0,58,0,0,0,0,0,0,0,135.138,51.968,-1.416,-2.06,292.781,209.575,-0.647,-2.415,0,0,0,0,251.416,15.081,286.5,-181.5,0.518,-0.772,0.014,-0.048,88,482.898,180.502,2.334,0.896,0,0,0,0,0,0,0,0,5366

Main.js:462 324.581,328.623,267,267,-0.001,-0.002,0,0,57,0,0,0,0,0,0,0,133.722,49.907,-1.416,-2.06,292.134,207.16,-0.647,-2.415,0,0,0,0,251.416,15.081,285,-184.5,0.505,-0.779,0.013,-0.048,87,485.232,181.398,2.334,0.896,0,0,0,0,0,0,0,0,5382

Main.js:462 324.58,328.622,267,267,-0.001,-0.002,0,0,56,0,0,0,0,1,0,0,132.306,47.847,-1.416,-2.06,291.487,204.745,-0.647,-2.415,0,0,0,0,251.416,15.081,283.5,-187.5,0.49,-0.786,0.012,-0.049,86,487.566,182.294,2.334,0.896,0,0,0,0,0,0,0,0,5398

Main.js:462 324.579,328.62,267,267,-0.001,-0.001,0,0,55,0,0,0,0,1,0,0,130.89,45.787,-1.416,-2.06,290.84,202.33,-0.647,-2.415,0,0,0,0,251.416,15.081,282,-190.5,0.476,-0.794,0.01,-0.049,85,489.9,183.19,2.334,0.896,0,0,0,0,0,0,0,0,5416

Main.js:462 324.578,328.619,267,267,-0.001,-0.001,0,0,54,0,0,0,0,1,0,0,129.474,43.726,-1.416,-2.06,290.193,199.915,-0.647,-2.415,0,0,0,0,251.416,15.081,280.5,-193.5,0.461,-0.801,0.009,-0.049,84,492.234,184.086,2.334,0.896,0,0,0,0,0,0,0,0,5432

Main.js:462 324.577,328.618,267,267,-0.001,-0.001,0,0,53,0,0,0,0,1,0,0,128.058,41.666,-1.416,-2.06,289.546,197.501,-0.647,-2.415,0,0,0,0,251.416,15.081,279,-196.5,0.445,-0.807,0.008,-0.049,83,494.568,184.981,2.334,0.896,0,0,0,0,0,0,0,0,5449

Main.js:462 324.577,328.617,267,267,-0.001,-0.001,0,0,52,0,0,0,0,1,0,0,126.642,39.606,-1.416,-2.06,288.899,195.086,-0.647,-2.415,0,0,0,0,251.416,15.081,277.5,-199.5,0.429,-0.814,0.007,-0.05,82,496.902,185.877,2.334,0.896,0,0,0,0,0,0,0,0,5465

Main.js:462 324.576,328.615,267,267,-0.001,-0.001,0,0,51,0,0,0,0,0,0,0,125.226,37.545,-1.416,-2.06,288.252,192.671,-0.647,-2.415,0,0,0,0,251.416,15.081,276,-202.5,0.413,-0.821,0.005,-0.05,81,499.236,186.773,2.334,0.896,0,0,0,0,0,0,0,0,5482

Main.js:462 324.575,328.614,267,267,-0.001,-0.001,0,0,50,0,0,0,0,0,0,0,123.81,35.485,-1.416,-2.06,288.252,192.671,-0.647,-2.415,0,0,0,0,251.416,15.081,274.5,-205.5,0.396,-0.827,0.004,-0.05,80,0,0,0,0,0,0,0,0,0,0,0,0,5499

Main.js:462 324.574,328.613,267,267,-0.001,-0.001,0,0,49,0,0,0,0,0,0,0,122.394,33.425,-1.416,-2.06,287.605,190.256,-0.647,-2.415,0,0,0,0,251.416,15.081,273,-208.5,0.378,-0.833,0.003,-0.05,79,0,0,0,0,0,0,0,0,0,0,0,0,5516

Main.js:462 324.574,328.612,267,267,-0.001,-0.001,0,0,48,0,0,0,0,0,0,0,120.978,31.365,-1.416,-2.06,286.958,187.841,-0.647,-2.415,0,0,0,0,251.416,15.081,271.5,-211.5,0.361,-0.839,0.001,-0.05,78,0,0,0,0,0,0,0,0,0,0,0,0,5532

Main.js:462 324.573,328.611,265.5,265.5,-0.001,-0.001,0,0,47,1,0,0,0,0,0,0,119.562,29.304,-1.416,-2.06,286.31,185.426,-0.647,-2.415,0,0,0,0,251.416,15.081,270,-214.5,0.343,-0.844,0,-0.05,77,0,0,0,0,0,0,0,0,0,0,0,0,5549

Main.js:462 324.572,328.61,264,264,-0.001,-0.001,0,0,46,1,0,0,0,0,0,0,118.146,27.244,-1.416,-2.06,285.663,183.012,-0.647,-2.415,0,0,0,0,251.416,15.081,268.5,-217.5,0.324,-0.85,-0.001,-0.05,76,0,0,0,0,0,0,0,0,0,0,0,0,5566

Main.js:462 324.572,328.61,262.5,262.5,-0.001,-0.001,0,0,45,1,0,0,0,0,0,0,116.73,25.184,-1.416,-2.06,285.016,180.597,-0.647,-2.415,0,0,0,0,251.416,15.081,267,-220.5,0.306,-0.855,-0.003,-0.05,75,0,0,0,0,0,0,0,0,0,0,0,0,5583

Main.js:462 324.571,328.609,261,261,-0.001,-0.001,0,0,44,1,0,0,0,1,0,0,115.314,23.123,-1.416,-2.06,284.369,178.182,-0.647,-2.415,0,0,0,0,251.416,15.081,265.5,-223.5,0.287,-0.859,-0.004,-0.05,74,0,0,0,0,0,0,0,0,0,0,0,0,5599

Main.js:462 324.571,328.608,259.5,259.5,-0.001,-0.001,0,0,43,1,0,0,0,1,0,0,113.898,21.063,-1.416,-2.06,283.722,175.767,-0.647,-2.415,0,0,0,0,251.416,15.081,264,-226.5,0.267,-0.864,-0.005,-0.05,73,0,0,0,0,0,0,0,0,0,0,0,0,5616

Main.js:462 324.57,328.607,258,258,0,-0.001,0,0,42,1,0,0,0,1,0,0,112.482,19.003,-1.416,-2.06,283.075,173.352,-0.647,-2.415,0,0,0,0,251.416,15.081,262.5,-229.5,0.248,-0.868,-0.007,-0.05,72,0,0,0,0,0,0,0,0,0,0,0,0,5632

Main.js:462 324.57,328.607,256.5,256.5,0,-0.001,0,0,41,1,0,0,0,1,0,0,111.066,16.942,-1.416,-2.06,282.428,170.938,-0.647,-2.415,0,0,0,0,251.416,15.081,261,-232.5,0.228,-0.871,-0.008,-0.049,71,0,0,0,0,0,0,0,0,0,0,0,0,5649

Main.js:462 324.569,328.606,255,255,0,-0.001,0,0,40,1,0,0,0,1,0,0,109.65,14.882,-1.416,-2.06,281.781,168.523,-0.647,-2.415,0,0,0,0,251.416,15.081,259.5,-235.5,0.208,-0.874,-0.009,-0.049,70,0,0,0,0,0,0,0,0,0,0,0,0,5666

Main.js:462 324.569,328.605,255,255,0,-0.001,0,0,39,0,0,0,0,1,0,0,108.234,12.822,-1.416,-2.06,281.134,166.108,-0.647,-2.415,0,0,0,0,251.416,15.081,258,-238.5,0.188,-0.877,-0.01,-0.049,69,0,0,0,0,0,0,0,0,0,0,0,0,5683

Main.js:462 324.569,328.605,255,255,0,-0.001,0,0,38,0,0,0,0,0,0,0,106.818,10.761,-1.416,-2.06,280.487,163.693,-0.647,-2.415,0,0,0,0,251.416,15.081,256.5,-241.5,0.167,-0.879,-0.012,-0.049,68,0,0,0,0,0,0,0,0,0,0,0,0,5699

Main.js:462 324.568,328.604,255,255,0,-0.001,0,0,37,0,0,0,0,0,0,0,105.402,8.701,-1.416,-2.06,279.84,161.278,-0.647,-2.415,0,0,0,0,251.416,15.081,255,-244.5,0.146,-0.881,-0.013,-0.048,67,0,0,0,0,0,0,0,0,0,0,0,0,5716

Main.js:462 324.568,328.604,255,255,0,-0.001,0,0,36,0,0,0,0,0,0,0,103.986,6.641,-1.416,-2.06,279.193,158.863,-0.647,-2.415,0,0,0,0,251.416,15.081,253.5,-247.5,0.126,-0.883,-0.014,-0.048,66,0,0,0,0,0,0,0,0,0,0,0,0,5733

Main.js:462 324.567,328.603,255,255,0,-0.001,0,0,35,0,0,0,0,0,0,0,102.57,4.58,-1.416,-2.06,278.546,156.449,-0.647,-2.415,0,0,0,0,251.416,15.081,252,-250.5,0.105,-0.884,-0.015,-0.048,65,0,0,0,0,0,0,0,0,0,0,0,0,5749

Main.js:462 324.567,328.603,255,255,0,0,0,0,34,0,0,0,0,0,0,0,101.154,2.52,-1.416,-2.06,277.899,154.034,-0.647,-2.415,0,0,0,0,251.416,15.081,250.5,-253.5,0.084,-0.884,-0.017,-0.047,64,0,0,0,0,0,0,0,0,0,0,0,0,5767

Main.js:462 324.567,328.602,255,255,0,0,0,0,33,0,0,0,0,1,0,0,99.738,0.46,-1.416,-2.06,277.252,151.619,-0.647,-2.415,0,0,0,0,251.416,15.081,249,-256.5,0.062,-0.884,-0.018,-0.047,63,0,0,0,0,0,0,0,0,0,0,0,0,5831

Main.js:462 324.567,328.602,255,255,0,0,0,0,32,0,0,0,0,1,0,0,277.252,151.619,-0.647,-2.415,0,0,0,0,0,0,0,0,251.416,15.081,247.5,-259.5,0.041,-0.884,-0.019,-0.046,62,0,0,0,0,0,0,0,0,0,0,0,0,5852

Main.js:462 324.566,328.601,255,255,0,0,0,0,31,0,0,0,0,1,0,0,276.605,149.204,-0.647,-2.415,0,0,0,0,0,0,0,0,251.416,15.081,246,-262.5,0.02,-0.883,-0.02,-0.046,61,0,0,0,0,0,0,0,0,0,0,0,0,5865

Main.js:462 324.566,328.601,255,255,0,0,0,0,30,0,0,0,0,1,0,0,275.958,146.789,-0.647,-2.415,0,0,0,0,0,0,0,0,251.416,15.081,244.5,-265.5,-0.002,-0.882,-0.022,-0.045,60,0,0,0,0,0,0,0,0,0,0,0,0,5882

Main.js:462 324.566,328.6,255,255,0,0,0,0,29,0,0,0,0,0,0,0,275.311,144.375,-0.647,-2.415,0,0,0,0,0,0,0,0,251.416,15.081,243,-268.5,-0.023,-0.88,-0.023,-0.045,59,0,0,0,0,0,0,0,0,0,0,0,0,5898

Main.js:462 324.565,328.6,255,255,0,0,0,0,28,0,0,0,0,0,0,0,274.664,141.96,-0.647,-2.415,0,0,0,0,0,0,0,0,251.416,15.081,241.5,-271.5,-0.045,-0.878,-0.024,-0.044,58,0,0,0,0,0,0,0,0,0,0,0,0,5914

Main.js:462 324.565,328.6,255,255,0,0,0,0,27,0,0,0,0,0,0,0,274.017,139.545,-0.647,-2.415,0,0,0,0,0,0,0,0,251.416,15.081,240,-274.5,-0.066,-0.875,-0.025,-0.043,57,0,0,0,0,0,0,0,0,0,0,0,0,5933

Main.js:462 324.565,328.599,255,255,0,0,0,0,26,0,0,0,0,0,0,0,273.37,137.13,-0.647,-2.415,0,0,0,0,0,0,0,0,251.416,15.081,238.5,-277.5,-0.088,-0.872,-0.026,-0.043,56,0,0,0,0,0,0,0,0,0,0,0,0,5949

Main.js:462 324.565,328.599,255,255,0,0,0,0,25,0,0,0,0,0,0,0,272.722,134.715,-0.647,-2.415,0,0,0,0,0,0,0,0,251.416,15.081,237,-280.5,-0.109,-0.868,-0.027,-0.042,55,0,0,0,0,0,0,0,0,0,0,0,0,5965

Main.js:462 324.565,328.599,255,255,0,0,0,0,24,0,0,0,0,0,0,0,272.075,132.301,-0.647,-2.415,0,0,0,0,0,0,0,0,251.416,15.081,235.5,-283.5,-0.131,-0.864,-0.028,-0.041,54,0,0,0,0,0,0,0,0,0,0,0,0,5982

Main.js:462 324.564,328.599,255,255,0,0,0,0,23,0,0,0,0,1,0,0,271.428,129.886,-0.647,-2.415,0,0,0,0,0,0,0,0,251.416,15.081,234,-286.5,-0.152,-0.859,-0.029,-0.04,53,0,0,0,0,0,0,0,0,0,0,0,0,5999

Main.js:462 324.564,328.598,255,255,0,0,0,0,22,0,0,0,0,1,0,0,270.781,127.471,-0.647,-2.415,0,0,0,0,0,0,0,0,251.416,15.081,232.5,-289.5,-0.173,-0.854,-0.03,-0.04,52,0,0,0,0,0,0,0,0,0,0,0,0,6015

Main.js:462 324.564,328.598,255,255,0,0,0,0,21,0,0,0,0,1,0,0,270.134,125.056,-0.647,-2.415,0,0,0,0,0,0,0,0,251.416,15.081,234,-289.5,-0.193,-0.85,-0.029,-0.04,51,0,0,0,0,0,0,0,0,0,0,0,0,6032

Main.js:462 324.564,328.598,255,255,0,0,0,0,20,0,0,0,0,1,0,0,269.487,122.641,-0.647,-2.415,0,0,0,0,0,0,0,0,251.416,15.081,235.5,-289.5,-0.21,-0.846,-0.028,-0.041,50,0,0,0,0,0,0,0,0,0,0,0,0,6049

Main.js:462 324.564,328.598,255,255,0,0,0,0,19,0,0,0,0,1,0,0,268.84,120.226,-0.647,-2.415,0,0,0,0,0,0,0,0,251.416,15.081,237,-289.5,-0.225,-0.844,-0.027,-0.042,49,0,0,0,0,0,0,0,0,0,0,0,0,6065

Main.js:462 324.564,328.597,255,255,0,0,0,0,18,0,0,0,0,1,0,0,268.193,117.812,-0.647,-2.415,0,0,0,0,0,0,0,0,251.416,15.081,238.5,-289.5,-0.239,-0.842,-0.026,-0.043,48,0,0,0,0,0,0,0,0,0,0,0,0,6082

Main.js:462 324.564,328.597,255,255,0,0,0,0,17,0,0,0,0,0,0,0,267.546,115.397,-0.647,-2.415,0,0,0,0,0,0,0,0,251.416,15.081,240,-289.5,-0.251,-0.841,-0.025,-0.043,47,0,0,0,0,0,0,0,0,0,0,0,0,6101

Main.js:462 324.563,328.597,255,255,0,0,0,0,16,0,0,0,0,0,0,0,266.899,112.982,-0.647,-2.415,0,0,0,0,0,0,0,0,251.416,15.081,241.5,-289.5,-0.261,-0.841,-0.024,-0.044,46,0,0,0,0,0,0,0,0,0,0,0,0,6115

Main.js:462 324.563,328.597,255,255,0,0,0,0,15,0,0,0,0,0,0,0,266.252,110.567,-0.647,-2.415,0,0,0,0,0,0,0,0,251.416,15.081,243,-289.5,-0.269,-0.841,-0.023,-0.045,45,0,0,0,0,0,0,0,0,0,0,0,0,6131

Main.js:462 324.563,328.597,255,255,0,0,0,0,14,0,0,0,0,0,0,0,265.605,108.152,-0.647,-2.415,0,0,0,0,0,0,0,0,251.416,15.081,244.5,-289.5,-0.276,-0.842,-0.022,-0.045,44,0,0,0,0,0,0,0,0,0,0,0,0,6148

Main.js:462 324.563,328.596,255,255,0,0,0,0,13,0,0,0,0,0,0,0,264.958,105.738,-0.647,-2.415,0,0,0,0,0,0,0,0,251.416,15.081,246,-289.5,-0.282,-0.843,-0.02,-0.046,43,0,0,0,0,0,0,0,0,0,0,0,0,6165

Main.js:462 324.563,328.596,255,255,0,0,0,0,12,0,0,0,0,0,0,0,264.311,103.323,-0.647,-2.415,0,0,0,0,0,0,0,0,251.416,15.081,247.5,-289.5,-0.286,-0.845,-0.019,-0.046,42,0,0,0,0,0,0,0,0,0,0,0,0,6182

Main.js:462 324.563,328.596,255,255,0,0,0,0,11,0,0,0,0,0,0,0,263.664,100.908,-0.647,-2.415,0,0,0,0,0,0,0,0,251.416,15.081,249,-289.5,-0.289,-0.847,-0.018,-0.047,41,0,0,0,0,0,0,0,0,0,0,0,0,6199

Main.js:462 324.563,328.596,256.5,256.5,0,0,0,0,10,0,1,0,0,0,0,0,263.017,98.493,-0.647,-2.415,0,0,0,0,0,0,0,0,251.416,15.081,250.5,-289.5,-0.29,-0.849,-0.017,-0.047,40,0,0,0,0,0,0,0,0,0,0,0,0,6216

Main.js:462 324.563,328.596,258,258,0,0,0,0,9,0,1,0,0,0,0,0,262.37,96.078,-0.647,-2.415,0,0,0,0,0,0,0,0,251.416,15.081,252,-289.5,-0.29,-0.852,-0.015,-0.048,39,0,0,0,0,0,0,0,0,0,0,0,0,6233

Main.js:462 324.563,328.596,259.5,259.5,0,0,0,0,8,0,1,0,0,0,0,0,261.723,93.663,-0.647,-2.415,0,0,0,0,0,0,0,0,251.416,15.081,253.5,-289.5,-0.289,-0.855,-0.014,-0.048,38,0,0,0,0,0,0,0,0,0,0,0,0,6250

Main.js:462 324.562,328.596,259.5,259.5,0,0,0,0,7,0,0,0,0,0,0,0,261.076,91.249,-0.647,-2.415,0,0,0,0,0,0,0,0,251.416,15.081,255,-289.5,-0.287,-0.858,-0.013,-0.048,37,0,0,0,0,0,0,0,0,0,0,0,0,6264

Main.js:462 324.562,328.595,259.5,259.5,0,0,0,0,6,0,0,0,0,0,0,0,260.429,88.834,-0.647,-2.415,0,0,0,0,0,0,0,0,251.416,15.081,256.5,-289.5,-0.284,-0.862,-0.012,-0.049,36,0,0,0,0,0,0,0,0,0,0,0,0,6283

Main.js:462 324.562,328.595,259.5,259.5,0,0,0,0,5,0,0,0,0,0,0,0,259.782,86.419,-0.647,-2.415,0,0,0,0,0,0,0,0,251.416,15.081,258,-289.5,-0.279,-0.865,-0.01,-0.049,35,0,0,0,0,0,0,0,0,0,0,0,0,6299

Main.js:462 324.562,328.595,259.5,259.5,0,0,0,0,4,0,0,0,0,0,0,0,259.134,84.004,-0.647,-2.415,0,0,0,0,0,0,0,0,251.416,15.081,259.5,-289.5,-0.274,-0.868,-0.009,-0.049,34,0,0,0,0,0,0,0,0,0,0,0,0,6315

Main.js:462 324.562,328.595,259.5,259.5,0,0,0,0,3,0,0,0,0,0,0,0,258.487,81.589,-0.647,-2.415,0,0,0,0,0,0,0,0,251.416,15.081,261,-289.5,-0.268,-0.872,-0.008,-0.049,33,0,0,0,0,0,0,0,0,0,0,0,0,6333

Main.js:462 324.562,328.595,259.5,259.5,0,0,0,0,2,0,0,0,0,0,0,0,257.84,79.175,-0.647,-2.415,0,0,0,0,0,0,0,0,251.416,15.081,262.5,-289.5,-0.261,-0.875,-0.007,-0.05,32,0,0,0,0,0,0,0,0,0,0,0,0,6375

Main.js:462 324.562,328.595,259.5,259.5,0,0,0,0,1,0,0,0,0,1,0,0,257.193,76.76,-0.647,-2.415,0,0,0,0,0,0,0,0,251.416,15.081,264,-289.5,-0.253,-0.879,-0.005,-0.05,31,0,0,0,0,0,0,0,0,0,0,0,0,6399

Main.js:462 324.562,328.595,259.5,259.5,0,0,0,0,0,0,0,0,0,1,0,0,256.546,74.345,-0.647,-2.415,0,0,0,0,0,0,0,0,251.416,15.081,265.5,-289.5,-0.244,-0.882,-0.004,-0.05,30,0,0,0,0,0,0,0,0,0,0,0,0,6414

Main.js:462 324.562,328.595,259.5,259.5,0,0,0,0,99,0,0,0,0,1,0,0,255.899,71.93,-0.647,-2.415,0,0,0,0,0,0,0,0,251.416,15.081,267,-289.5,-0.234,-0.886,-0.003,-0.05,29,0,0,0,0,0,0,0,0,0,0,0,0,6433

Main.js:462 324.562,328.595,259.5,259.5,0,0,0,0,98,0,0,0,0,1,0,0,255.252,69.515,-0.647,-2.415,320.279,305.488,-0.456,-2.458,0,0,0,0,251.416,15.081,268.5,-289.5,-0.224,-0.889,-0.001,-0.05,28,0,0,0,0,0,0,0,0,0,0,0,0,6448

Main.js:462 324.562,328.595,259.5,259.5,0,0,0,0,97,0,0,0,0,1,0,0,254.605,67.101,-0.647,-2.415,319.824,303.03,-0.456,-2.458,0,0,0,0,251.416,15.081,270,-289.5,-0.212,-0.892,0,-0.05,27,0,0,0,0,0,0,0,0,0,0,0,0,6465

Main.js:462 324.562,328.595,259.5,259.5,0,0,0,0,96,0,0,0,0,1,0,0,253.958,64.686,-0.647,-2.415,319.368,300.572,-0.456,-2.458,0,0,0,0,251.416,15.081,271.5,-289.5,-0.2,-0.895,0.001,-0.05,26,0,0,0,0,0,0,0,0,0,0,0,0,6483

Main.js:462 324.562,328.595,259.5,259.5,0,0,0,0,95,0,0,0,0,0,0,0,253.311,62.271,-0.647,-2.415,318.913,298.114,-0.456,-2.458,0,0,0,0,251.416,15.081,273,-289.5,-0.188,-0.897,0.003,-0.05,25,0,0,0,0,0,0,0,0,0,0,0,0,6499

Main.js:462 324.562,328.594,259.5,259.5,0,0,0,0,94,0,0,0,0,0,0,0,252.664,59.856,-0.647,-2.415,318.457,295.656,-0.456,-2.458,0,0,0,0,251.416,15.081,274.5,-289.5,-0.175,-0.9,0.004,-0.05,24,0,0,0,0,0,0,0,0,0,0,0,0,6515

Main.js:462 324.562,328.594,259.5,259.5,0,0,0,0,93,0,0,0,0,0,0,0,252.017,57.441,-0.647,-2.415,318.002,293.198,-0.456,-2.458,0,0,0,0,251.416,15.081,274.5,-291,-0.162,-0.902,0.004,-0.05,23,0,0,0,0,0,0,0,0,0,0,0,0,6533

Main.js:462 324.562,328.594,259.5,259.5,0,0,0,0,92,0,0,0,0,0,0,0,251.37,55.026,-0.647,-2.415,317.546,290.74,-0.456,-2.458,0,0,0,0,251.416,15.081,274.5,-292.5,-0.151,-0.904,0.004,-0.05,22,0,0,0,0,0,0,0,0,0,0,0,0,6550

Main.js:462 324.562,328.594,259.5,259.5,0,0,0,0,91,0,0,0,0,0,0,0,250.723,52.612,-0.647,-2.415,317.09,288.281,-0.456,-2.458,0,0,0,0,251.416,15.081,274.5,-294,-0.139,-0.907,0.004,-0.05,21,0,0,0,0,0,0,0,0,0,0,0,0,6566

Main.js:462 324.562,328.594,259.5,259.5,0,0,0,0,90,0,0,0,0,0,0,0,250.076,50.197,-0.647,-2.415,316.635,285.823,-0.456,-2.458,0,0,0,0,251.416,15.081,274.5,-295.5,-0.129,-0.909,0.004,-0.05,20,0,0,0,0,0,0,0,0,0,0,0,0,6582

Main.js:462 324.562,328.594,259.5,259.5,0,0,0,0,89,0,0,0,0,0,0,0,249.429,47.782,-0.647,-2.415,316.179,283.365,-0.456,-2.458,0,0,0,0,251.416,15.081,274.5,-297,-0.118,-0.911,0.004,-0.05,19,0,0,0,0,0,0,0,0,0,0,0,0,6600

Main.js:462 324.561,328.594,259.5,259.5,0,0,0,0,88,0,0,0,0,0,0,0,248.782,45.367,-0.647,-2.415,315.724,280.907,-0.456,-2.458,0,0,0,0,251.416,15.081,274.5,-298.5,-0.109,-0.912,0.004,-0.05,18,0,0,0,0,0,0,0,0,0,0,0,0,6616

Main.js:462 324.561,328.594,259.5,259.5,0,0,0,0,87,0,0,0,0,0,0,0,248.135,42.952,-0.647,-2.415,315.268,278.449,-0.456,-2.458,0,0,0,0,251.416,15.081,274.5,-300,-0.1,-0.914,0.004,-0.05,17,0,0,0,0,0,0,0,0,0,0,0,0,6633

Main.js:462 324.561,328.594,259.5,259.5,0,0,0,0,86,0,0,0,0,0,0,0,247.488,40.538,-0.647,-2.415,314.812,275.991,-0.456,-2.458,0,0,0,0,251.416,15.081,274.5,-301.5,-0.091,-0.916,0.004,-0.05,16,0,0,0,0,0,0,0,0,0,0,0,0,6648

Main.js:462 324.561,328.594,259.5,259.5,0,0,0,0,85,0,0,0,0,0,0,0,246.841,38.123,-0.647,-2.415,314.357,273.533,-0.456,-2.458,0,0,0,0,251.416,15.081,274.5,-303,-0.083,-0.917,0.004,-0.05,15,0,0,0,0,0,0,0,0,0,0,0,0,6665

Main.js:462 324.561,328.594,259.5,259.5,0,0,0,0,84,0,0,0,0,0,0,0,246.194,35.708,-0.647,-2.415,313.901,271.074,-0.456,-2.458,0,0,0,0,251.416,15.081,274.5,-304.5,-0.075,-0.919,0.004,-0.05,14,0,0,0,0,0,0,0,0,0,0,0,0,6682

Main.js:462 324.561,328.594,259.5,259.5,0,0,0,0,83,0,0,0,0,0,0,0,245.546,33.293,-0.647,-2.415,313.446,268.616,-0.456,-2.458,0,0,0,0,251.416,15.081,274.5,-306,-0.067,-0.92,0.004,-0.05,13,0,0,0,0,0,0,0,0,0,0,0,0,6698

Main.js:462 324.561,328.594,259.5,259.5,0,0,0,0,82,0,0,0,0,0,0,0,244.899,30.878,-0.647,-2.415,312.99,266.158,-0.456,-2.458,0,0,0,0,251.416,15.081,274.5,-307.5,-0.06,-0.922,0.004,-0.05,12,0,0,0,0,0,0,0,0,0,0,0,0,6715

Main.js:462 324.561,328.594,259.5,259.5,0,0,0,0,81,0,0,0,0,0,0,0,244.899,30.878,-0.647,-2.415,312.99,266.158,-0.456,-2.458,0,0,0,0,251.416,15.081,274.5,-309,-0.053,-0.923,0.004,-0.05,11,0,0,0,0,0,0,0,0,0,0,0,0,6732

