Main.js:143 myTank.x,myTank.y,myTank.rotation,myTank.cannonRotation,myTank.velocityX,myTank.velocityY,myTank.accelerationX,myTank.accelerationY,myTank.shootCooldown,myTank.controls.turnLeft,myTank.controls.turnRight,myTank.controls.goForward,myTank.controls.goBack,myTank.controls.shoot,myTank.controls.cannonLeft,myTank.controls.cannonRight,myBullet1.x,myBullet1.y,myBullet1.velocityX,myBullet1.velocityY,myBullet2.x,myBullet2.y,myBullet2.velocityX,myBullet2.velocityY,myBullet3.x,myBullet3.y,myBullet3.velocityX,myBullet3.velocityY,enemyTank.x,enemyTank.y,enemyTank.rotation,enemyTank.cannonRotation,enemyTank.velocityX,enemyTank.velocityY,enemyTank.accelerationX,enemyTank.accelerationY,enemyTank.shootCooldown,enemyBullet1.x,enemyBullet1.y,enemyBullet1.velocityX,enemyBullet1.velocityY,enemyBullet2.x,enemyBullet2.y,enemyBullet2.velocityX,enemyBullet2.velocityY,enemyBullet3.x,enemyBullet3.y,enemyBullet3.velocityX,enemyBullet3.velocityY,currentGameTime
Main.js:462 50,433,0,0,0,0,0,0,0,0,0,0,0,0,0,0,0,0,0,0,0,0,0,0,0,0,0,0,450,67,180,180,0,0,0,0,0,0,0,0,0,0,0,0,0,0,0,0,0,6

Main.js:462 50,433,0,0,0,0,0,0,0,0,0,0,0,0,0,0,0,0,0,0,0,0,0,0,0,0,0,0,450,67,180,180,0,0,0,0,0,0,0,0,0,0,0,0,0,0,0,0,0,33

Main.js:462 50,433,0,0,0,0,0,0,0,0,0,0,0,0,0,0,0,0,0,0,0,0,0,0,0,0,0,0,449.953,66.999,181.5,180,-0.047,-0.001,-0.05,-0.001,99,0,0,0,0,0,0,0,0,0,0,0,0,49

Main.js:462 50,433,0,0,0,0,0,0,0,0,0,0,0,0,0,0,0,0,0,0,0,0,0,0,0,0,0,0,449.86,66.995,183,180,-0.093,-0.004,-0.05,-0.003,98,426.5,67,-2.5,0,0,0,0,0,0,0,0,0,66

Main.js:462 50,433,0,0,0,0,0,0,0,0,0,0,0,0,0,0,0,0,0,0,0,0,0,0,0,0,0,0,449.725,66.988,184.5,180,-0.135,-0.007,-0.05,-0.004,97,424,67,-2.5,0,0,0,0,0,0,0,0,0,82

Main.js:462 50,433,0,0,0,0,0,0,0,0,0,0,0,0,0,0,0,0,0,0,0,0,0,0,0,0,0,0,449.549,66.976,186,180,-0.176,-0.012,-0.05,-0.005,96,421.5,67,-2.5,0,0,0,0,0,0,0,0,0,100

Main.js:462 50,433,0,0,0,0,0,0,0,0,0,0,0,0,0,0,0,0,0,0,0,0,0,0,0,0,0,0,449.335,66.959,187.5,180,-0.214,-0.017,-0.05,-0.007,95,419,67,-2.5,0,0,0,0,0,0,0,0,0,116

Main.js:462 50,433,0,0,0,0,0,0,0,0,0,0,0,0,0,0,0,0,0,0,0,0,0,0,0,0,0,0,449.085,66.935,189,180,-0.25,-0.024,-0.049,-0.008,94,416.5,67,-2.5,0,0,0,0,0,0,0,0,0,133

Main.js:462 50.048,433,0,0,0.048,0,0.05,0,0,0,0,1,0,0,0,0,0,0,0,0,0,0,0,0,0,0,0,0,448.8,66.903,190.5,180,-0.284,-0.031,-0.049,-0.009,93,414,67,-2.5,0,0,0,0,0,0,0,0,0,149

Main.js:462 50.14,433,0,0,0.093,0,0.05,0,0,0,0,1,0,0,0,0,0,0,0,0,0,0,0,0,0,0,0,0,448.483,66.863,192,180,-0.317,-0.04,-0.049,-0.01,92,411.5,67,-2.5,0,0,0,0,0,0,0,0,0,167

Main.js:462 50.276,433,0,0,0.135,0,0.05,0,0,0,0,1,0,0,0,0,0,0,0,0,0,0,0,0,0,0,0,0,448.136,66.815,193.5,180,-0.347,-0.049,-0.049,-0.012,91,409,67,-2.5,0,0,0,0,0,0,0,0,0,184

Main.js:462 50.452,433,0,0,0.176,0,0.05,0,0,0,0,1,0,0,0,0,0,0,0,0,0,0,0,0,0,0,0,0,447.761,66.756,195,180,-0.376,-0.059,-0.048,-0.013,90,406.5,67,-2.5,0,0,0,0,0,0,0,0,0,199

Main.js:462 50.667,433,0,0,0.215,0,0.05,0,0,0,0,1,0,0,0,0,0,0,0,0,0,0,0,0,0,0,0,0,447.359,66.687,196.5,180,-0.402,-0.069,-0.048,-0.014,89,404,67,-2.5,0,0,0,0,0,0,0,0,0,216

Main.js:462 50.918,433,0,0,0.252,0,0.05,0,0,0,0,1,0,0,0,0,0,0,0,0,0,0,0,0,0,0,0,0,446.931,66.606,198,180,-0.427,-0.08,-0.048,-0.015,88,401.5,67,-2.5,0,0,0,0,0,0,0,0,0,277

Main.js:462 51.205,432.999,358.5,358.5,0.287,-0.001,0.05,-0.001,0,1,0,1,0,0,0,0,0,0,0,0,0,0,0,0,0,0,0,0,446.48,66.514,199.5,180,-0.451,-0.092,-0.047,-0.017,87,399,67,-2.5,0,0,0,0,0,0,0,0,0,316

Main.js:462 51.525,432.995,357,357,0.32,-0.004,0.05,-0.003,0,1,0,1,0,0,0,0,0,0,0,0,0,0,0,0,0,0,0,0,446.008,66.409,201,180,-0.473,-0.105,-0.047,-0.018,86,396.5,67,-2.5,0,0,0,0,0,0,0,0,0,332

Main.js:462 51.876,432.988,355.5,355.5,0.351,-0.007,0.05,-0.004,0,1,0,1,0,0,0,0,0,0,0,0,0,0,0,0,0,0,0,0,445.515,66.292,202.5,180,-0.493,-0.118,-0.046,-0.019,85,394,67,-2.5,0,0,0,0,0,0,0,0,0,348

Main.js:462 52.256,432.976,354,354,0.381,-0.012,0.05,-0.005,0,1,0,1,0,0,0,0,0,0,0,0,0,0,0,0,0,0,0,0,445.003,66.16,204,180,-0.512,-0.131,-0.046,-0.02,84,391.5,67,-2.5,0,0,0,0,0,0,0,0,0,366

Main.js:462 52.665,432.959,352.5,352.5,0.409,-0.017,0.05,-0.007,0,1,0,1,0,0,0,0,0,0,0,0,0,0,0,0,0,0,0,0,444.474,66.015,205.5,180,-0.529,-0.145,-0.045,-0.022,83,389,67,-2.5,0,0,0,0,0,0,0,0,0,383

Main.js:462 53.1,432.935,351,351,0.435,-0.024,0.049,-0.008,0,1,0,1,0,0,0,0,0,0,0,0,0,0,0,0,0,0,0,0,443.93,65.856,207,180,-0.545,-0.159,-0.045,-0.023,82,386.5,67,-2.5,0,0,0,0,0,0,0,0,0,400

Main.js:462 53.561,432.903,349.5,349.5,0.46,-0.031,0.049,-0.009,0,1,0,1,0,0,0,0,0,0,0,0,0,0,0,0,0,0,0,0,443.37,65.682,208.5,180,-0.559,-0.174,-0.044,-0.024,81,384,67,-2.5,0,0,0,0,0,0,0,0,0,417

Main.js:462 54.044,432.863,348,348,0.484,-0.04,0.049,-0.01,0,1,0,1,0,0,0,0,0,0,0,0,0,0,0,0,0,0,0,0,442.798,65.493,210,180,-0.572,-0.189,-0.043,-0.025,80,381.5,67,-2.5,0,0,0,0,0,0,0,0,0,433

Main.js:462 54.55,432.816,348,348,0.506,-0.048,0.049,-0.01,0,0,0,1,0,0,0,0,0,0,0,0,0,0,0,0,0,0,0,0,442.213,65.289,211.5,180,-0.584,-0.204,-0.043,-0.026,79,379,67,-2.5,0,0,0,0,0,0,0,0,0,449

Main.js:462 55.077,432.761,348,348,0.527,-0.055,0.049,-0.01,0,0,0,1,0,0,0,0,0,0,0,0,0,0,0,0,0,0,0,0,441.618,65.069,213,180,-0.595,-0.22,-0.042,-0.027,78,376.5,67,-2.5,0,0,0,0,0,0,0,0,0,467

Main.js:462 55.625,432.698,348,348,0.547,-0.062,0.049,-0.01,0,0,0,1,0,0,0,0,0,0,0,0,0,0,0,0,0,0,0,0,441.014,64.833,214.5,180,-0.604,-0.236,-0.041,-0.028,77,374,67,-2.5,0,0,0,0,0,0,0,0,0,482

Main.js:462 56.191,432.629,348,348,0.566,-0.069,0.049,-0.01,0,0,0,1,0,0,0,0,0,0,0,0,0,0,0,0,0,0,0,0,440.402,64.581,216,180,-0.613,-0.252,-0.04,-0.029,76,371.5,67,-2.5,0,0,0,0,0,0,0,0,0,499

Main.js:462 56.775,432.554,348,348,0.584,-0.075,0.049,-0.01,0,0,0,1,0,0,0,0,0,0,0,0,0,0,0,0,0,0,0,0,439.782,64.312,217.5,180,-0.62,-0.268,-0.04,-0.03,75,369,67,-2.5,0,0,0,0,0,0,0,0,0,516

Main.js:462 57.377,432.471,346.5,346.5,0.601,-0.083,0.049,-0.012,0,1,0,1,0,0,0,0,0,0,0,0,0,0,0,0,0,0,0,0,439.156,64.028,217.5,178.5,-0.626,-0.284,-0.04,-0.03,74,366.5,67,-2.5,0,0,0,0,0,0,0,0,0,533

Main.js:462 57.994,432.38,345,345,0.617,-0.091,0.048,-0.013,0,1,0,1,0,0,0,0,0,0,0,0,0,0,0,0,0,0,0,0,438.523,63.73,217.5,177,-0.633,-0.299,-0.04,-0.03,73,364,67,-2.5,0,0,0,0,0,0,0,0,0,550

Main.js:462 58.626,432.281,343.5,343.5,0.632,-0.1,0.048,-0.014,0,1,0,1,0,0,0,0,0,0,0,0,0,0,0,0,0,0,0,0,437.884,63.417,217.5,175.5,-0.639,-0.313,-0.04,-0.03,72,361.5,67,-2.5,0,0,0,0,0,0,0,0,0,567

Main.js:462 59.272,432.172,343.5,343.5,0.646,-0.108,0.048,-0.014,0,0,0,1,0,0,0,0,0,0,0,0,0,0,0,0,0,0,0,0,437.24,63.091,217.5,174,-0.644,-0.326,-0.04,-0.03,71,359,67,-2.5,0,0,0,0,0,0,0,0,0,582

Main.js:462 59.931,432.056,343.5,343.5,0.659,-0.116,0.048,-0.014,0,0,0,1,0,0,0,0,0,0,0,0,0,0,0,0,0,0,0,0,436.59,62.753,217.5,172.5,-0.65,-0.339,-0.04,-0.03,70,356.5,67,-2.5,0,0,0,0,0,0,0,0,0,599

Main.js:462 60.603,431.932,343.5,343.5,0.672,-0.124,0.048,-0.014,0,0,0,1,0,0,0,0,0,0,0,0,0,0,0,0,0,0,0,0,435.935,62.402,217.5,171,-0.655,-0.351,-0.04,-0.03,69,354,67,-2.5,0,0,0,0,0,0,0,0,0,616

Main.js:462 61.286,431.8,343.5,343.5,0.684,-0.131,0.048,-0.014,0,0,0,1,0,0,0,0,0,0,0,0,0,0,0,0,0,0,0,0,435.275,62.04,217.5,169.5,-0.66,-0.362,-0.04,-0.03,68,351.5,67,-2.5,0,0,0,0,0,0,0,0,0,632

Main.js:462 61.981,431.662,343.5,343.5,0.695,-0.138,0.048,-0.014,0,0,0,1,0,0,0,0,0,0,0,0,0,0,0,0,0,0,0,0,434.61,61.668,217.5,168,-0.665,-0.373,-0.04,-0.03,67,349,67,-2.5,0,0,0,0,0,0,0,0,0,650

Main.js:462 62.687,431.517,343.5,343.5,0.706,-0.145,0.048,-0.014,0,0,0,1,0,0,0,0,0,0,0,0,0,0,0,0,0,0,0,0,433.941,61.285,217.5,166.5,-0.669,-0.383,-0.04,-0.03,66,346.5,67,-2.5,0,0,0,0,0,0,0,0,0,666

Main.js:462 63.403,431.366,343.5,343.5,0.716,-0.151,0.048,-0.014,0,0,0,1,0,0,0,0,0,0,0,0,0,0,0,0,0,0,0,0,433.267,60.892,217.5,165,-0.673,-0.393,-0.04,-0.03,65,344,67,-2.5,0,0,0,0,0,0,0,0,0,683

Main.js:462 64.129,431.208,342,342,0.725,-0.158,0.048,-0.015,0,1,0,1,0,0,0,0,0,0,0,0,0,0,0,0,0,0,0,0,432.59,60.49,217.5,163.5,-0.677,-0.402,-0.04,-0.03,64,341.5,67,-2.5,0,0,0,0,0,0,0,0,0,700

Main.js:462 64.862,431.042,340.5,340.5,0.734,-0.166,0.047,-0.017,0,1,0,1,0,0,0,0,0,0,0,0,0,0,0,0,0,0,0,0,431.908,60.079,217.5,162,-0.681,-0.411,-0.04,-0.03,63,339,67,-2.5,0,0,0,0,0,0,0,0,0,715

Main.js:462 65.604,430.867,339,339,0.742,-0.175,0.047,-0.018,0,1,0,1,0,0,0,0,0,0,0,0,0,0,0,0,0,0,0,0,431.224,59.66,217.5,160.5,-0.685,-0.419,-0.04,-0.03,62,336.5,67,-2.5,0,0,0,0,0,0,0,0,0,732

Main.js:462 66.352,430.682,337.5,337.5,0.748,-0.184,0.046,-0.019,0,1,0,1,0,0,0,0,0,0,0,0,0,0,0,0,0,0,0,0,430.535,59.233,217.5,159,-0.688,-0.427,-0.04,-0.03,61,334,67,-2.5,0,0,0,0,0,0,0,0,0,749

Main.js:462 67.107,430.488,336,336,0.754,-0.194,0.046,-0.02,0,1,0,1,0,0,0,0,0,0,0,0,0,0,0,0,0,0,0,0,429.844,58.798,217.5,157.5,-0.692,-0.435,-0.04,-0.03,60,331.5,67,-2.5,0,0,0,0,0,0,0,0,0,767

Main.js:462 67.866,430.283,334.5,334.5,0.76,-0.205,0.045,-0.022,0,1,0,1,0,0,0,0,0,0,0,0,0,0,0,0,0,0,0,0,429.149,58.356,217.5,156,-0.695,-0.442,-0.04,-0.03,59,329,67,-2.5,0,0,0,0,0,0,0,0,0,781

Main.js:462 68.63,430.066,333,333,0.764,-0.216,0.045,-0.023,0,1,0,1,0,0,0,0,0,0,0,0,0,0,0,0,0,0,0,0,428.451,57.907,217.5,154.5,-0.698,-0.449,-0.04,-0.03,58,326.5,67,-2.5,0,0,0,0,0,0,0,0,0,799

Main.js:462 69.398,429.838,331.5,331.5,0.767,-0.228,0.044,-0.024,0,1,0,1,0,0,0,0,0,0,0,0,0,0,0,0,0,0,0,0,427.751,57.452,217.5,153,-0.7,-0.455,-0.04,-0.03,57,324,67,-2.5,0,0,0,0,0,0,0,0,0,816

Main.js:462 70.168,429.597,330,330,0.77,-0.241,0.043,-0.025,0,1,0,1,0,0,0,0,0,0,0,0,0,0,0,0,0,0,0,0,427.048,56.991,217.5,151.5,-0.703,-0.461,-0.04,-0.03,56,321.5,67,-2.5,0,0,0,0,0,0,0,0,0,833

Main.js:462 70.94,429.344,328.5,328.5,0.772,-0.253,0.043,-0.026,0,1,0,1,0,0,0,0,0,0,0,0,0,0,0,0,0,0,0,0,426.342,56.523,217.5,150,-0.706,-0.467,-0.04,-0.03,55,319,67,-2.5,0,0,0,0,0,0,0,0,0,849

Main.js:462 71.713,429.077,327,327,0.773,-0.267,0.042,-0.027,0,1,0,1,0,0,0,0,0,0,0,0,0,0,0,0,0,0,0,0,425.634,56.051,217.5,148.5,-0.708,-0.473,-0.04,-0.03,54,316.5,67,-2.5,0,0,0,0,0,0,0,0,0,866

Main.js:462 72.487,428.797,325.5,325.5,0.774,-0.28,0.041,-0.028,0,1,0,1,0,0,0,0,0,0,0,0,0,0,0,0,0,0,0,0,424.924,55.572,217.5,147,-0.71,-0.478,-0.04,-0.03,53,314,67,-2.5,0,0,0,0,0,0,0,0,0,882

Main.js:462 73.261,428.503,324,324,0.774,-0.294,0.04,-0.029,0,1,0,1,0,0,0,0,0,0,0,0,0,0,0,0,0,0,0,0,424.211,55.089,217.5,145.5,-0.712,-0.483,-0.04,-0.03,52,311.5,67,-2.5,0,0,0,0,0,0,0,0,0,900

Main.js:462 74.034,428.195,322.5,322.5,0.773,-0.308,0.04,-0.03,0,1,0,1,0,0,0,0,0,0,0,0,0,0,0,0,0,0,0,0,423.497,54.602,217.5,144,-0.715,-0.488,-0.04,-0.03,51,309,67,-2.5,0,0,0,0,0,0,0,0,0,917

Main.js:462 74.804,427.872,321,321,0.771,-0.323,0.039,-0.031,0,1,0,1,0,0,0,0,0,0,0,0,0,0,0,0,0,0,0,0,422.78,54.109,217.5,142.5,-0.716,-0.492,-0.04,-0.03,50,306.5,67,-2.5,0,0,0,0,0,0,0,0,0,933

Main.js:462 75.573,427.534,319.5,319.5,0.768,-0.338,0.038,-0.032,0,1,0,1,0,0,0,0,0,0,0,0,0,0,0,0,0,0,0,0,422.062,53.613,217.5,141,-0.718,-0.497,-0.04,-0.03,49,304,67,-2.5,0,0,0,0,0,0,0,0,0,949

Main.js:462 76.338,427.182,318,318,0.765,-0.352,0.037,-0.033,0,1,0,1,0,0,0,0,0,0,0,0,0,0,0,0,0,0,0,0,421.342,53.112,217.5,139.5,-0.72,-0.501,-0.04,-0.03,48,301.5,67,-2.5,0,0,0,0,0,0,0,0,0,968

Main.js:462 77.1,426.814,316.5,316.5,0.762,-0.367,0.036,-0.034,0,1,0,1,0,0,0,0,0,0,0,0,0,0,0,0,0,0,0,0,420.62,52.607,217.5,138,-0.722,-0.505,-0.04,-0.03,47,299,67,-2.5,0,0,0,0,0,0,0,0,0,983

Main.js:462 77.858,426.432,316.5,316.5,0.758,-0.382,0.036,-0.034,0,0,0,1,0,0,0,0,0,0,0,0,0,0,0,0,0,0,0,0,419.897,52.099,217.5,136.5,-0.723,-0.508,-0.04,-0.03,46,296.5,67,-2.5,0,0,0,0,0,0,0,0,0,1000

Main.js:462 78.612,426.037,316.5,316.5,0.754,-0.395,0.036,-0.034,0,0,0,1,0,0,0,0,0,0,0,0,0,0,0,0,0,0,0,0,419.172,51.587,217.5,135,-0.725,-0.512,-0.04,-0.03,45,294,67,-2.5,0,0,0,0,0,0,0,0,0,1017

Main.js:462 79.363,425.629,316.5,316.5,0.751,-0.408,0.036,-0.034,0,0,0,1,0,0,0,0,0,0,0,0,0,0,0,0,0,0,0,0,418.445,51.073,216,132,-0.727,-0.514,-0.04,-0.029,44,291.5,67,-2.5,0,0,0,0,0,0,0,0,0,1033

Main.js:462 80.111,425.208,316.5,316.5,0.748,-0.421,0.036,-0.034,0,0,0,1,0,0,0,0,0,0,0,0,0,0,0,0,0,0,0,0,417.715,50.558,214.5,129,-0.73,-0.515,-0.041,-0.028,43,289,67,-2.5,0,0,0,0,0,0,0,0,0,1049

Main.js:462 80.857,424.776,316.5,316.5,0.745,-0.432,0.036,-0.034,0,0,0,1,0,0,0,0,0,0,0,0,0,0,0,0,0,0,0,0,416.982,50.042,213,126,-0.733,-0.515,-0.042,-0.027,42,286.5,67,-2.5,0,0,0,0,0,0,0,0,0,1068

Main.js:462 81.599,424.332,316.5,316.5,0.742,-0.443,0.036,-0.034,0,0,0,1,0,0,0,0,0,0,0,0,0,0,0,0,0,0,0,0,416.245,49.528,211.5,123,-0.737,-0.514,-0.043,-0.026,41,284,67,-2.5,0,0,0,0,0,0,0,0,0,1084

Main.js:462 82.339,423.878,316.5,316.5,0.74,-0.454,0.036,-0.034,0,0,0,1,0,0,0,0,0,0,0,0,0,0,0,0,0,0,0,0,415.503,49.015,210,120,-0.741,-0.513,-0.043,-0.025,40,281.5,67,-2.5,0,0,0,0,0,0,0,0,0,1099

Main.js:462 83.076,423.415,316.5,316.5,0.737,-0.464,0.036,-0.034,0,0,0,1,0,0,0,0,0,0,0,0,0,0,0,0,0,0,0,0,414.757,48.506,208.5,117,-0.746,-0.51,-0.044,-0.024,39,279,67,-2.5,0,0,0,0,0,0,0,0,0,1116

Main.js:462 83.811,422.941,316.5,316.5,0.735,-0.473,0.036,-0.034,0,0,0,1,0,0,0,0,0,0,0,0,0,0,0,0,0,0,0,0,414.006,48,207,114,-0.751,-0.506,-0.045,-0.023,38,276.5,67,-2.5,0,0,0,0,0,0,0,0,0,1133

Main.js:462 84.543,422.459,316.5,316.5,0.732,-0.482,0.036,-0.034,0,0,0,1,0,0,0,0,0,0,0,0,0,0,0,0,0,0,0,0,413.25,47.499,205.5,111,-0.756,-0.501,-0.045,-0.022,37,274,67,-2.5,0,0,0,0,0,0,0,0,0,1151

Main.js:462 85.273,421.968,316.5,316.5,0.73,-0.491,0.036,-0.034,0,0,0,1,0,0,0,0,0,0,0,0,0,0,0,0,0,0,0,0,412.488,47.004,204,108,-0.762,-0.495,-0.046,-0.02,36,271.5,67,-2.5,0,0,0,0,0,0,0,0,0,1167

Main.js:462 86.002,421.469,316.5,316.5,0.728,-0.499,0.036,-0.034,0,0,0,1,0,0,0,0,0,0,0,0,0,0,0,0,0,0,0,0,411.72,46.516,202.5,105,-0.768,-0.489,-0.046,-0.019,35,269,67,-2.5,0,0,0,0,0,0,0,0,0,1184

Main.js:462 86.728,420.962,316.5,316.5,0.726,-0.507,0.036,-0.034,0,0,0,1,0,0,0,0,0,0,0,0,0,0,0,0,0,0,0,0,410.946,46.035,201,102,-0.774,-0.481,-0.047,-0.018,34,266.5,67,-2.5,0,0,0,0,0,0,0,0,0,1200

Main.js:462 87.452,420.447,316.5,316.5,0.724,-0.514,0.036,-0.034,0,0,0,1,0,0,0,0,0,0,0,0,0,0,0,0,0,0,0,0,410.167,45.562,199.5,99,-0.78,-0.473,-0.047,-0.017,33,264,67,-2.5,0,0,0,0,0,0,0,0,0,1216

Main.js:462 88.175,419.926,316.5,316.5,0.723,-0.521,0.036,-0.034,0,0,0,1,0,0,0,0,0,0,0,0,0,0,0,0,0,0,0,0,409.381,45.098,198,96,-0.786,-0.464,-0.048,-0.015,32,261.5,67,-2.5,0,0,0,0,0,0,0,0,0,1234

Main.js:462 88.895,419.397,315,315,0.72,-0.529,0.035,-0.035,0,1,0,1,0,0,0,0,0,0,0,0,0,0,0,0,0,0,0,0,408.588,44.644,196.5,93,-0.792,-0.454,-0.048,-0.014,31,259,67,-2.5,0,0,0,0,0,0,0,0,0,1299

Main.js:462 89.612,418.861,313.5,313.5,0.717,-0.537,0.034,-0.036,0,1,0,1,0,0,0,0,0,0,0,0,0,0,0,0,0,0,0,0,407.79,44.2,195,90,-0.798,-0.444,-0.048,-0.013,30,256.5,67,-2.5,0,0,0,0,0,0,0,0,0,1316

Main.js:462 90.325,418.315,312,312,0.713,-0.545,0.033,-0.037,0,1,0,1,0,0,0,0,0,0,0,0,0,0,0,0,0,0,0,0,406.985,43.767,193.5,87,-0.805,-0.433,-0.049,-0.012,29,254,67,-2.5,0,0,0,0,0,0,0,0,0,1333

Main.js:462 91.033,417.761,310.5,310.5,0.708,-0.554,0.032,-0.038,0,1,0,1,0,0,0,0,0,0,0,0,0,0,0,0,0,0,0,0,406.174,43.346,192,84,-0.811,-0.421,-0.049,-0.01,28,251.5,67,-2.5,0,0,0,0,0,0,0,0,0,1348

Main.js:462 91.735,417.198,309,309,0.702,-0.563,0.031,-0.039,0,1,0,1,0,0,0,0,0,0,0,0,0,0,0,0,0,0,0,0,405.357,42.937,190.5,81,-0.817,-0.409,-0.049,-0.009,27,249,67,-2.5,0,0,0,0,0,0,0,0,0,1366

Main.js:462 92.431,416.625,307.5,307.5,0.696,-0.573,0.03,-0.04,0,1,0,1,0,0,0,0,0,0,0,0,0,0,0,0,0,0,0,0,404.534,42.542,189,78,-0.823,-0.396,-0.049,-0.008,26,246.5,67,-2.5,0,0,0,0,0,0,0,0,0,1383

Main.js:462 93.121,416.043,306,306,0.689,-0.583,0.029,-0.04,0,1,0,1,0,0,0,0,0,0,0,0,0,0,0,0,0,0,0,0,403.705,42.16,187.5,75,-0.829,-0.382,-0.05,-0.007,25,244,67,-2.5,0,0,0,0,0,0,0,0,0,1401

Main.js:462 93.804,415.451,306,306,0.683,-0.592,0.029,-0.04,0,0,0,1,0,0,0,0,0,0,0,0,0,0,0,0,0,0,0,0,402.87,41.792,186,72,-0.835,-0.368,-0.05,-0.005,24,241.5,67,-2.5,0,0,0,0,0,0,0,0,0,1416

Main.js:462 94.48,414.85,306,306,0.677,-0.601,0.029,-0.04,0,0,0,1,0,0,0,0,0,0,0,0,0,0,0,0,0,0,0,0,402.029,41.439,184.5,69,-0.841,-0.353,-0.05,-0.004,23,239,67,-2.5,0,0,0,0,0,0,0,0,0,1433

Main.js:462 95.151,414.241,306,306,0.671,-0.609,0.029,-0.04,0,0,0,1,0,0,0,0,0,0,0,0,0,0,0,0,0,0,0,0,401.183,41.101,183,66,-0.846,-0.338,-0.05,-0.003,22,236.5,67,-2.5,0,0,0,0,0,0,0,0,0,1449

Main.js:462 95.816,413.624,306,306,0.665,-0.617,0.029,-0.04,0,0,0,1,0,0,0,0,0,0,0,0,0,0,0,0,0,0,0,0,400.332,40.779,181.5,63,-0.851,-0.322,-0.05,-0.001,21,234,67,-2.5,0,0,0,0,0,0,0,0,0,1465

Main.js:462 96.476,412.999,306,306,0.66,-0.625,0.029,-0.04,0,0,0,1,0,0,0,0,0,0,0,0,0,0,0,0,0,0,0,0,399.476,40.472,180,60,-0.856,-0.306,-0.05,0,20,231.5,67,-2.5,0,0,0,0,0,0,0,0,0,1484

Main.js:462 97.13,412.367,306,306,0.655,-0.632,0.029,-0.04,0,0,0,1,0,0,0,0,0,0,0,0,0,0,0,0,0,0,0,0,398.616,40.183,178.5,57,-0.861,-0.29,-0.05,0.001,19,229,67,-2.5,0,0,0,0,0,0,0,0,0,1500

Main.js:462 97.78,411.728,306,306,0.65,-0.639,0.029,-0.04,0,0,0,1,0,0,0,0,0,0,0,0,0,0,0,0,0,0,0,0,397.75,39.91,177,54,-0.865,-0.273,-0.05,0.003,18,226.5,67,-2.5,0,0,0,0,0,0,0,0,0,1517

Main.js:462 98.425,411.083,306,306,0.645,-0.645,0.029,-0.04,0,0,0,1,0,0,0,0,0,0,0,0,0,0,0,0,0,0,0,0,396.881,39.655,175.5,51,-0.869,-0.255,-0.05,0.004,17,224,67,-2.5,0,0,0,0,0,0,0,0,0,1533

Main.js:462 99.066,410.432,306,306,0.641,-0.651,0.029,-0.04,0,0,0,1,0,0,0,0,0,0,0,0,0,0,0,0,0,0,0,0,396.008,39.417,174,48,-0.873,-0.238,-0.05,0.005,16,221.5,67,-2.5,0,0,0,0,0,0,0,0,0,1550

Main.js:462 99.703,409.775,306,306,0.637,-0.657,0.029,-0.04,0,0,0,1,0,0,0,0,0,0,0,0,0,0,0,0,0,0,0,0,395.132,39.197,172.5,45,-0.876,-0.22,-0.05,0.007,15,219,67,-2.5,0,0,0,0,0,0,0,0,0,1566

Main.js:462 100.336,409.112,306,306,0.633,-0.663,0.029,-0.04,0,0,0,1,0,0,0,0,0,0,0,0,0,0,0,0,0,0,0,0,394.252,38.996,171,42,-0.88,-0.201,-0.049,0.008,14,216.5,67,-2.5,0,0,0,0,0,0,0,0,0,1584

Main.js:462 100.965,408.444,306,306,0.629,-0.668,0.029,-0.04,0,0,0,1,0,0,0,0,0,0,0,0,0,0,0,0,0,0,0,0,393.37,38.814,169.5,39,-0.882,-0.182,-0.049,0.009,13,214,67,-2.5,0,0,0,0,0,0,0,0,0,1599

Main.js:462 101.591,407.771,306,306,0.626,-0.673,0.029,-0.04,0,0,0,1,0,0,0,0,0,0,0,0,0,0,0,0,0,0,0,0,392.485,38.65,168,36,-0.885,-0.163,-0.049,0.01,12,211.5,67,-2.5,0,0,0,0,0,0,0,0,0,1616

Main.js:462 102.213,407.093,306,306,0.622,-0.678,0.029,-0.04,0,0,0,1,0,0,0,0,0,0,0,0,0,0,0,0,0,0,0,0,391.599,38.506,166.5,33,-0.887,-0.144,-0.049,0.012,11,209,67,-2.5,0,0,0,0,0,0,0,0,0,1631

Main.js:462 102.832,406.41,306,306,0.619,-0.682,0.029,-0.04,0,0,0,1,0,0,0,0,0,0,0,0,0,0,0,0,0,0,0,0,390.711,38.382,165,30,-0.888,-0.125,-0.048,0.013,10,206.5,67,-2.5,0,0,0,0,0,0,0,0,0,1650

Main.js:462 103.448,405.724,306,306,0.616,-0.687,0.029,-0.04,0,0,0,1,0,0,0,0,0,0,0,0,0,0,0,0,0,0,0,0,389.821,38.277,163.5,27,-0.889,-0.105,-0.048,0.014,9,204,67,-2.5,0,0,0,0,0,0,0,0,0,1667

Main.js:462 104.061,405.033,306,306,0.613,-0.691,0.029,-0.04,0,0,0,1,0,0,0,0,0,0,0,0,0,0,0,0,0,0,0,0,388.931,38.192,162,24,-0.89,-0.085,-0.048,0.015,8,201.5,67,-2.5,0,0,0,0,0,0,0,0,0,1682

Main.js:462 104.672,404.338,306,306,0.61,-0.695,0.029,-0.04,0,0,0,1,0,0,0,0,0,0,0,0,0,0,0,0,0,0,0,0,388.041,38.127,160.5,21,-0.89,-0.065,-0.047,0.017,7,199,67,-2.5,0,0,0,0,0,0,0,0,0,1699

Main.js:462 105.28,403.64,306,306,0.608,-0.698,0.029,-0.04,0,0,0,1,0,0,0,0,0,0,0,0,0,0,0,0,0,0,0,0,387.151,38.082,159,18,-0.89,-0.045,-0.047,0.018,6,196.5,67,-2.5,0,0,0,0,0,0,0,0,0,1716

Main.js:462 105.885,402.938,306,306,0.605,-0.702,0.029,-0.04,0,0,0,1,0,0,0,0,0,0,0,0,0,0,0,0,0,0,0,0,386.262,38.058,157.5,15,-0.889,-0.024,-0.046,0.019,5,194,67,-2.5,0,0,0,0,0,0,0,0,0,1733

Main.js:462 106.488,402.233,306,306,0.603,-0.705,0.029,-0.04,99,0,0,1,0,1,0,0,0,0,0,0,0,0,0,0,0,0,0,0,385.373,38.054,156,12,-0.888,-0.004,-0.046,0.02,4,191.5,67,-2.5,0,0,0,0,0,0,0,0,0,1751

Main.js:462 107.089,401.524,306,306,0.601,-0.708,0.029,-0.04,98,0,0,1,0,1,0,0,0,0,0,0,0,0,0,0,0,0,0,0,384.486,38.071,154.5,9,-0.887,0.017,-0.045,0.022,3,189,67,-2.5,0,0,0,0,0,0,0,0,0,1766

Main.js:462 107.687,400.813,306,306,0.599,-0.711,0.029,-0.04,97,0,0,1,0,1,0,0,119.698,383.926,1.469,-2.023,0,0,0,0,0,0,0,0,383.602,38.109,153,6,-0.885,0.038,-0.045,0.023,2,186.5,67,-2.5,0,0,0,0,0,0,0,0,0,1784

Main.js:462 108.284,400.099,306,306,0.597,-0.714,0.029,-0.04,96,0,0,1,0,1,0,0,121.167,381.903,1.469,-2.023,0,0,0,0,0,0,0,0,382.719,38.167,151.5,3,-0.882,0.058,-0.044,0.024,1,184,67,-2.5,0,0,0,0,0,0,0,0,0,1799

Main.js:462 108.879,399.382,306,306,0.595,-0.717,0.029,-0.04,95,0,0,1,0,1,0,0,122.637,379.881,1.469,-2.023,0,0,0,0,0,0,0,0,381.84,38.247,150,0,-0.879,0.079,-0.043,0.025,0,181.5,67,-2.5,0,0,0,0,0,0,0,0,0,1816

Main.js:462 109.472,398.662,306,306,0.593,-0.72,0.029,-0.04,94,0,0,1,0,1,0,0,124.106,377.858,1.469,-2.023,0,0,0,0,0,0,0,0,380.964,38.347,148.5,357,-0.876,0.1,-0.043,0.026,99,179,67,-2.5,0,0,0,0,0,0,0,0,0,1834

Main.js:462 110.063,397.94,306,306,0.591,-0.722,0.029,-0.04,93,0,0,1,0,1,0,0,125.576,375.836,1.469,-2.023,0,0,0,0,0,0,0,0,380.092,38.468,147,354,-0.872,0.121,-0.042,0.027,98,176.5,67,-2.5,0,405.308,37.017,2.497,-0.131,0,0,0,0,1850

Main.js:462 110.652,397.216,306,306,0.59,-0.724,0.029,-0.04,92,0,0,1,0,1,0,0,127.045,373.813,1.469,-2.023,0,0,0,0,0,0,0,0,379.225,38.61,145.5,351,-0.867,0.142,-0.041,0.028,97,174,67,-2.5,0,407.804,36.886,2.497,-0.131,0,0,0,0,1865

Main.js:462 111.24,396.489,306,306,0.588,-0.727,0.029,-0.04,91,0,0,1,0,0,0,0,128.515,371.791,1.469,-2.023,0,0,0,0,0,0,0,0,378.362,38.772,144,348,-0.863,0.163,-0.04,0.029,96,171.5,67,-2.5,0,410.301,36.755,2.497,-0.131,0,0,0,0,1883

Main.js:462 111.827,395.76,306,306,0.587,-0.729,0.029,-0.04,90,0,0,1,0,0,0,0,129.984,369.768,1.469,-2.023,0,0,0,0,0,0,0,0,377.505,38.956,142.5,345,-0.857,0.183,-0.04,0.03,95,169,67,-2.5,0,412.797,36.624,2.497,-0.131,0,0,0,0,1899

Main.js:462 112.412,395.03,306,306,0.585,-0.731,0.029,-0.04,89,0,0,1,0,0,0,0,131.454,367.746,1.469,-2.023,0,0,0,0,0,0,0,0,376.654,39.16,141,342,-0.851,0.204,-0.039,0.031,94,166.5,67,-2.5,0,415.294,36.493,2.497,-0.131,0,0,0,0,1917

Main.js:462 112.996,394.297,306,306,0.584,-0.733,0.029,-0.04,88,0,0,1,0,0,0,0,132.923,365.723,1.469,-2.023,0,0,0,0,0,0,0,0,375.809,39.385,139.5,339,-0.845,0.225,-0.038,0.032,93,164,67,-2.5,0,417.791,36.362,2.497,-0.131,0,0,0,0,1932

Main.js:462 113.578,393.563,306,306,0.582,-0.734,0.029,-0.04,87,0,0,1,0,0,0,0,134.392,363.701,1.469,-2.023,0,0,0,0,0,0,0,0,374.971,39.63,138,336,-0.838,0.245,-0.037,0.033,92,161.5,67,-2.5,0,420.287,36.232,2.497,-0.131,0,0,0,0,1949

Main.js:462 114.159,392.827,306,306,0.581,-0.736,0.029,-0.04,86,0,0,1,0,0,0,0,135.862,361.678,1.469,-2.023,0,0,0,0,0,0,0,0,374.141,39.896,136.5,333,-0.83,0.266,-0.036,0.034,91,159,67,-2.5,0,422.784,36.101,2.497,-0.131,0,0,0,0,1965

Main.js:462 114.74,392.089,306,306,0.58,-0.738,0.029,-0.04,85,0,0,1,0,0,0,0,137.331,359.655,1.469,-2.023,0,0,0,0,0,0,0,0,373.319,40.182,135,330,-0.822,0.286,-0.035,0.035,90,156.5,67,-2.5,0,425.28,35.97,2.497,-0.131,0,0,0,0,1984

Main.js:462 115.319,391.35,306,306,0.579,-0.739,0.029,-0.04,84,0,0,1,0,0,0,0,138.801,357.633,1.469,-2.023,0,0,0,0,0,0,0,0,372.505,40.488,133.5,327,-0.814,0.306,-0.034,0.036,89,154,67,-2.5,0,427.777,35.839,2.497,-0.131,0,0,0,0,1999

Main.js:462 115.897,390.609,306,306,0.578,-0.741,0.029,-0.04,83,0,0,1,0,0,0,0,140.27,355.61,1.469,-2.023,0,0,0,0,0,0,0,0,371.7,40.814,132,324,-0.805,0.326,-0.033,0.037,88,151.5,67,-2.5,0,430.273,35.708,2.497,-0.131,0,0,0,0,2017

Main.js:462 116.474,389.867,306,306,0.577,-0.742,0.029,-0.04,82,0,0,1,0,0,0,0,141.74,353.588,1.469,-2.023,0,0,0,0,0,0,0,0,370.902,41.159,133.5,324,-0.798,0.344,-0.034,0.036,87,149,67,-2.5,0,432.77,35.577,2.497,-0.131,0,0,0,0,2033

Main.js:462 117.05,389.124,306,306,0.576,-0.743,0.029,-0.04,81,0,0,1,0,0,0,0,143.209,351.565,1.469,-2.023,0,0,0,0,0,0,0,0,370.111,41.519,135,324,-0.791,0.361,-0.035,0.035,86,146.5,67,-2.5,0,435.267,35.447,2.497,-0.131,0,0,0,0,2050

Main.js:462 117.625,388.379,306,306,0.575,-0.745,0.029,-0.04,80,0,0,1,0,0,0,0,144.679,349.543,1.469,-2.023,0,0,0,0,0,0,0,0,369.325,41.895,136.5,324,-0.786,0.375,-0.036,0.034,85,144,67,-2.5,0,437.763,35.316,2.497,-0.131,0,0,0,0,2066

Main.js:462 118.199,387.633,306,306,0.574,-0.746,0.029,-0.04,79,0,0,1,0,0,0,0,146.148,347.52,1.469,-2.023,0,0,0,0,0,0,0,0,368.543,42.283,138,324,-0.782,0.388,-0.037,0.033,84,141.5,67,-2.5,0,440.26,35.185,2.497,-0.131,0,0,0,0,2082

Main.js:462 118.773,386.886,306,306,0.574,-0.747,0.029,-0.04,78,0,0,1,0,0,0,0,147.618,345.498,1.469,-2.023,0,0,0,0,0,0,0,0,367.763,42.683,139.5,324,-0.779,0.4,-0.038,0.032,83,139,67,-2.5,0,442.756,35.054,2.497,-0.131,0,0,0,0,2099

Main.js:462 119.347,386.139,307.5,307.5,0.574,-0.747,0.03,-0.04,77,0,1,1,0,0,0,0,149.087,343.475,1.469,-2.023,0,0,0,0,0,0,0,0,366.986,43.093,141,324,-0.777,0.41,-0.039,0.031,82,136.5,67,-2.5,0,445.253,34.923,2.497,-0.131,0,0,0,0,2117

Main.js:462 119.922,385.392,309,309,0.575,-0.747,0.031,-0.039,76,0,1,1,0,0,0,0,150.557,341.453,1.469,-2.023,0,0,0,0,0,0,0,0,366.21,43.511,142.5,324,-0.776,0.418,-0.04,0.03,81,134,67,-2.5,0,447.749,34.792,2.497,-0.131,0,0,0,0,2132

Main.js:462 120.499,384.646,310.5,310.5,0.577,-0.746,0.032,-0.038,75,0,1,1,0,0,0,0,152.026,339.43,1.469,-2.023,0,0,0,0,0,0,0,0,365.435,43.936,144,324,-0.776,0.425,-0.04,0.029,80,131.5,67,-2.5,0,450.246,34.662,2.497,-0.131,0,0,0,0,2149

Main.js:462 121.079,383.903,312,312,0.58,-0.744,0.033,-0.037,74,0,1,1,0,0,0,0,153.496,337.408,1.469,-2.023,0,0,0,0,0,0,0,0,364.659,44.367,145.5,324,-0.776,0.431,-0.041,0.028,79,129,67,-2.5,0,452.743,34.531,2.497,-0.131,0,0,0,0,2167

Main.js:462 121.663,383.162,313.5,313.5,0.584,-0.741,0.034,-0.036,73,0,1,1,0,0,0,0,154.965,335.385,1.469,-2.023,0,0,0,0,0,0,0,0,363.882,44.802,147,324,-0.777,0.435,-0.042,0.027,78,126.5,67,-2.5,0,455.239,34.4,2.497,-0.131,0,0,0,0,2184

Main.js:462 122.251,382.424,315,315,0.588,-0.737,0.035,-0.035,72,0,1,1,0,0,0,0,156.434,333.362,1.469,-2.023,0,0,0,0,0,0,0,0,363.103,45.24,148.5,324,-0.779,0.438,-0.043,0.026,77,124,67,-2.5,0,457.736,34.269,2.497,-0.131,0,0,0,0,2200

Main.js:462 122.844,381.691,316.5,316.5,0.593,-0.733,0.036,-0.034,71,0,1,1,0,0,0,0,157.904,331.34,1.469,-2.023,0,0,0,0,0,0,0,0,362.323,45.68,150,324,-0.781,0.44,-0.043,0.025,76,121.5,67,-2.5,0,460.232,34.138,2.497,-0.131,0,0,0,0,2218

Main.js:462 123.443,380.963,318,318,0.599,-0.728,0.037,-0.033,70,0,1,1,0,0,0,0,159.373,329.317,1.469,-2.023,0,0,0,0,0,0,0,0,361.539,46.121,151.5,324,-0.784,0.441,-0.044,0.024,75,119,67,-2.5,0,462.729,34.007,2.497,-0.131,0,0,0,0,2233

Main.js:462 124.048,380.24,319.5,319.5,0.605,-0.723,0.038,-0.032,69,0,1,1,0,0,0,0,160.843,327.295,1.469,-2.023,0,0,0,0,0,0,0,0,360.752,46.561,153,324,-0.787,0.44,-0.045,0.023,74,116.5,67,-2.5,0,465.225,33.877,2.497,-0.131,0,0,0,0,2249

Main.js:462 124.66,379.523,321,321,0.612,-0.717,0.039,-0.031,68,0,1,1,0,0,0,0,162.312,325.272,1.469,-2.023,0,0,0,0,0,0,0,0,359.962,47,154.5,324,-0.79,0.439,-0.045,0.022,73,114,67,-2.5,0,467.722,33.746,2.497,-0.131,0,0,0,0,2267

Main.js:462 125.278,378.813,322.5,322.5,0.619,-0.71,0.04,-0.03,67,0,1,1,0,0,0,0,163.782,323.25,1.469,-2.023,0,0,0,0,0,0,0,0,359.168,47.436,156,324,-0.794,0.436,-0.046,0.02,72,111.5,67,-2.5,0,470.219,33.615,2.497,-0.131,0,0,0,0,2284

Main.js:462 125.905,378.111,324,324,0.626,-0.702,0.04,-0.029,66,0,1,1,0,0,0,0,165.251,321.227,1.469,-2.023,0,0,0,0,0,0,0,0,358.37,47.869,157.5,324,-0.798,0.432,-0.046,0.019,71,109,67,-2.5,0,472.715,33.484,2.497,-0.131,0,0,0,0,2299

Main.js:462 126.539,377.417,325.5,325.5,0.634,-0.694,0.041,-0.028,65,0,1,1,0,0,0,0,166.721,319.205,1.469,-2.023,0,0,0,0,0,0,0,0,357.567,48.296,159,324,-0.803,0.428,-0.047,0.018,70,106.5,67,-2.5,0,475.212,33.353,2.497,-0.131,0,0,0,0,2315

Main.js:462 127.181,376.732,327,327,0.642,-0.685,0.042,-0.027,64,0,1,1,0,0,0,0,168.19,317.182,1.469,-2.023,0,0,0,0,0,0,0,0,356.76,48.719,160.5,324,-0.807,0.422,-0.047,0.017,69,104,67,-2.5,0,477.708,33.222,2.497,-0.131,0,0,0,0,2334

Main.js:462 127.832,376.057,328.5,328.5,0.651,-0.676,0.043,-0.026,63,0,1,1,0,0,0,0,169.66,315.16,1.469,-2.023,0,0,0,0,0,0,0,0,355.948,49.135,162,324,-0.812,0.416,-0.048,0.015,68,101.5,67,-2.5,0,480.205,33.091,2.497,-0.131,0,0,0,0,2350

Main.js:462 128.491,375.391,330,330,0.659,-0.666,0.043,-0.025,62,0,1,1,0,0,0,0,171.129,313.137,1.469,-2.023,0,0,0,0,0,0,0,0,355.131,49.543,163.5,324,-0.817,0.409,-0.048,0.014,67,99,67,-2.5,0,482.701,32.961,2.497,-0.131,0,0,0,0,2367

Main.js:462 129.159,374.736,331.5,331.5,0.668,-0.655,0.044,-0.024,61,0,1,1,0,0,0,0,172.599,311.114,1.469,-2.023,0,0,0,0,0,0,0,0,354.309,49.944,165,324,-0.822,0.4,-0.048,0.013,66,96.5,67,-2.5,0,485.198,32.83,2.497,-0.131,0,0,0,0,2384

Main.js:462 129.836,374.092,333,333,0.677,-0.644,0.045,-0.023,60,0,1,1,0,0,0,0,174.068,309.092,1.469,-2.023,0,0,0,0,0,0,0,0,353.481,50.335,166.5,324,-0.827,0.391,-0.049,0.012,65,94,67,-2.5,0,487.695,32.699,2.497,-0.131,0,0,0,0,2399

Main.js:462 130.522,373.46,334.5,334.5,0.686,-0.632,0.045,-0.022,59,0,1,1,0,0,0,0,175.537,307.069,1.469,-2.023,0,0,0,0,0,0,0,0,352.649,50.717,168,324,-0.832,0.382,-0.049,0.01,64,91.5,67,-2.5,0,490.191,32.568,2.497,-0.131,0,0,0,0,2417

Main.js:462 131.217,372.84,336,336,0.695,-0.62,0.046,-0.02,58,0,1,1,0,0,0,0,177.007,305.047,1.469,-2.023,0,0,0,0,0,0,0,0,351.812,51.088,169.5,324,-0.837,0.371,-0.049,0.009,63,89,67,-2.5,0,492.688,32.437,2.497,-0.131,0,0,0,0,2433

Main.js:462 131.921,372.233,337.5,337.5,0.704,-0.607,0.046,-0.019,57,0,1,1,0,0,0,0,178.476,303.024,1.469,-2.023,0,0,0,0,0,0,0,0,350.969,51.448,171,324,-0.842,0.36,-0.049,0.008,62,86.5,67,-2.5,0,495.184,32.306,2.497,-0.131,0,0,0,0,2449

Main.js:462 132.634,371.64,339,339,0.713,-0.594,0.047,-0.018,56,0,1,1,0,0,0,0,179.946,301.002,1.469,-2.023,0,0,0,0,0,0,0,0,350.122,51.797,172.5,324,-0.847,0.348,-0.05,0.007,61,84,67,-2.5,0,497.681,32.176,2.497,-0.131,0,0,0,0,2466

Main.js:462 133.357,371.06,340.5,340.5,0.722,-0.58,0.047,-0.017,55,0,1,1,0,0,0,0,181.415,298.979,1.469,-2.023,0,0,0,0,0,0,0,0,349.27,52.133,174,324,-0.852,0.336,-0.05,0.005,60,81.5,67,-2.5,0,0,0,0,0,0,0,0,0,2484

Main.js:462 134.088,370.494,342,342,0.731,-0.566,0.048,-0.015,54,0,1,1,0,0,0,0,182.885,296.957,1.469,-2.023,0,0,0,0,0,0,0,0,348.413,52.456,175.5,324,-0.857,0.323,-0.05,0.004,59,79,67,-2.5,0,0,0,0,0,0,0,0,0,2500

Main.js:462 134.829,369.944,343.5,343.5,0.74,-0.551,0.048,-0.014,53,0,1,1,0,0,0,0,184.354,294.934,1.469,-2.023,0,0,0,0,0,0,0,0,347.551,52.766,175.5,322.5,-0.862,0.31,-0.05,0.004,58,76.5,67,-2.5,0,0,0,0,0,0,0,0,0,2515

Main.js:462 135.578,369.408,345,345,0.749,-0.535,0.048,-0.013,52,0,1,1,0,0,0,0,185.824,292.912,1.469,-2.023,0,0,0,0,0,0,0,0,346.685,53.065,175.5,321,-0.866,0.299,-0.05,0.004,57,74,67,-2.5,0,0,0,0,0,0,0,0,0,2533

Main.js:462 136.336,368.888,346.5,346.5,0.758,-0.52,0.049,-0.012,51,0,1,1,0,0,0,0,187.293,290.889,1.469,-2.023,0,0,0,0,0,0,0,0,345.815,53.352,175.5,319.5,-0.87,0.287,-0.05,0.004,56,71.5,67,-2.5,0,0,0,0,0,0,0,0,0,2549

Main.js:462 137.103,368.385,348,348,0.767,-0.504,0.049,-0.01,50,0,1,1,0,0,0,0,188.763,288.867,1.469,-2.023,0,0,0,0,0,0,0,0,344.942,53.629,175.5,318,-0.874,0.277,-0.05,0.004,55,69,67,-2.5,0,0,0,0,0,0,0,0,0,2566

Main.js:462 137.878,367.897,349.5,349.5,0.775,-0.487,0.049,-0.009,49,0,1,1,0,0,0,0,190.232,286.844,1.469,-2.023,0,0,0,0,0,0,0,0,344.064,53.896,175.5,316.5,-0.877,0.267,-0.05,0.004,54,66.5,67,-2.5,0,0,0,0,0,0,0,0,0,2583

Main.js:462 138.661,367.427,351,351,0.783,-0.47,0.049,-0.008,48,0,1,1,0,0,0,0,191.702,284.821,1.469,-2.023,0,0,0,0,0,0,0,0,343.183,54.153,175.5,315,-0.881,0.257,-0.05,0.004,53,64,67,-2.5,0,0,0,0,0,0,0,0,0,2601

Main.js:462 139.452,366.974,352.5,352.5,0.791,-0.453,0.05,-0.007,47,0,1,1,0,0,0,0,193.171,282.799,1.469,-2.023,0,0,0,0,0,0,0,0,342.299,54.401,175.5,313.5,-0.884,0.248,-0.05,0.004,52,61.5,67,-2.5,0,0,0,0,0,0,0,0,0,2616

Main.js:462 140.251,366.539,354,354,0.799,-0.435,0.05,-0.005,46,0,1,1,0,0,0,0,194.64,280.776,1.469,-2.023,0,0,0,0,0,0,0,0,341.412,54.64,175.5,312,-0.887,0.239,-0.05,0.004,51,59,67,-2.5,0,0,0,0,0,0,0,0,0,2633

Main.js:462 141.057,366.122,355.5,355.5,0.806,-0.417,0.05,-0.004,45,0,1,1,0,0,0,0,196.11,278.754,1.469,-2.023,0,0,0,0,0,0,0,0,340.522,54.871,175.5,310.5,-0.89,0.231,-0.05,0.004,50,56.5,67,-2.5,0,0,0,0,0,0,0,0,0,2649

Main.js:462 141.87,365.722,355.5,355.5,0.813,-0.4,0.05,-0.004,44,0,0,1,0,0,0,0,197.579,276.731,1.469,-2.023,0,0,0,0,0,0,0,0,339.628,55.095,175.5,309,-0.893,0.223,-0.05,0.004,49,54,67,-2.5,0,0,0,0,0,0,0,0,0,2670

Main.js:462 142.69,365.338,355.5,355.5,0.82,-0.384,0.05,-0.004,43,0,0,1,0,0,0,0,199.049,274.709,1.469,-2.023,0,0,0,0,0,0,0,0,338.733,55.31,175.5,307.5,-0.896,0.216,-0.05,0.004,48,51.5,67,-2.5,0,0,0,0,0,0,0,0,0,2683

Main.js:462 143.516,364.97,355.5,355.5,0.826,-0.368,0.05,-0.004,42,0,0,1,0,0,0,0,200.518,272.686,1.469,-2.023,0,0,0,0,0,0,0,0,337.834,55.519,175.5,306,-0.898,0.209,-0.05,0.004,47,49,67,-2.5,0,0,0,0,0,0,0,0,0,2699

Main.js:462 144.348,364.616,355.5,355.5,0.832,-0.354,0.05,-0.004,41,0,0,1,0,0,0,0,201.988,270.664,1.469,-2.023,0,0,0,0,0,0,0,0,336.933,55.721,175.5,304.5,-0.901,0.202,-0.05,0.004,46,46.5,67,-2.5,0,0,0,0,0,0,0,0,0,2716

Main.js:462 145.186,364.276,355.5,355.5,0.838,-0.34,0.05,-0.004,40,0,0,1,0,0,0,0,203.457,268.641,1.469,-2.023,0,0,0,0,0,0,0,0,336.03,55.917,175.5,303,-0.903,0.196,-0.05,0.004,45,44,67,-2.5,0,0,0,0,0,0,0,0,0,2733

Main.js:462 146.03,363.95,355.5,355.5,0.843,-0.326,0.05,-0.004,39,0,0,1,0,0,0,0,204.927,266.619,1.469,-2.023,0,0,0,0,0,0,0,0,335.125,56.106,175.5,301.5,-0.905,0.19,-0.05,0.004,44,41.5,67,-2.5,0,0,0,0,0,0,0,0,0,2749

Main.js:462 146.879,363.636,355.5,355.5,0.849,-0.314,0.05,-0.004,38,0,0,1,0,0,0,0,206.396,264.596,1.469,-2.023,0,0,0,0,0,0,0,0,334.217,56.29,175.5,300,-0.907,0.184,-0.05,0.004,43,39,67,-2.5,0,0,0,0,0,0,0,0,0,2766

Main.js:462 147.732,363.334,355.5,355.5,0.854,-0.302,0.05,-0.004,37,0,0,1,0,0,0,0,207.866,262.573,1.469,-2.023,0,0,0,0,0,0,0,0,333.308,56.469,175.5,298.5,-0.909,0.178,-0.05,0.004,42,36.5,67,-2.5,0,0,0,0,0,0,0,0,0,2785

Main.js:462 148.59,363.044,355.5,355.5,0.858,-0.291,0.05,-0.004,36,0,0,1,0,0,0,0,209.335,260.551,1.469,-2.023,0,0,0,0,0,0,0,0,332.397,56.642,175.5,297,-0.911,0.173,-0.05,0.004,41,34,67,-2.5,0,0,0,0,0,0,0,0,0,2799

Main.js:462 149.453,362.764,355.5,355.5,0.863,-0.28,0.05,-0.004,35,0,0,1,0,0,0,0,210.805,258.528,1.469,-2.023,0,0,0,0,0,0,0,0,331.484,56.81,175.5,295.5,-0.913,0.168,-0.05,0.004,40,31.5,67,-2.5,0,0,0,0,0,0,0,0,0,2816

Main.js:462 150.32,362.494,355.5,355.5,0.867,-0.269,0.05,-0.004,34,0,0,1,0,0,0,0,212.274,256.506,1.469,-2.023,0,0,0,0,0,0,0,0,330.569,56.974,175.5,294,-0.915,0.164,-0.05,0.004,39,29,67,-2.5,0,0,0,0,0,0,0,0,0,2834

Main.js:462 151.191,362.235,355.5,355.5,0.871,-0.26,0.05,-0.004,33,0,0,1,0,0,0,0,213.743,254.483,1.469,-2.023,0,0,0,0,0,0,0,0,329.652,57.133,175.5,292.5,-0.916,0.159,-0.05,0.004,38,26.5,67,-2.5,0,0,0,0,0,0,0,0,0,2852

Main.js:462 152.066,361.984,355.5,355.5,0.875,-0.25,0.05,-0.004,32,0,0,1,0,0,0,0,215.213,252.461,1.469,-2.023,0,0,0,0,0,0,0,0,328.734,57.288,175.5,291,-0.918,0.155,-0.05,0.004,37,24,67,-2.5,0,0,0,0,0,0,0,0,0,2866

Main.js:462 152.944,361.743,355.5,355.5,0.878,-0.242,0.05,-0.004,31,0,0,1,0,0,0,0,216.682,250.438,1.469,-2.023,0,0,0,0,0,0,0,0,327.815,57.438,175.5,289.5,-0.919,0.151,-0.05,0.004,36,21.5,67,-2.5,0,0,0,0,0,0,0,0,0,2882

Main.js:462 153.826,361.509,355.5,355.5,0.882,-0.233,0.05,-0.004,30,0,0,1,0,0,0,0,218.152,248.416,1.469,-2.023,0,0,0,0,0,0,0,0,326.894,57.585,175.5,288,-0.921,0.147,-0.05,0.004,35,19,67,-2.5,0,0,0,0,0,0,0,0,0,2900

Main.js:462 154.711,361.284,355.5,355.5,0.885,-0.225,0.05,-0.004,29,0,0,1,0,0,0,0,219.621,246.393,1.469,-2.023,0,0,0,0,0,0,0,0,325.972,57.729,175.5,286.5,-0.922,0.143,-0.05,0.004,34,16.5,67,-2.5,0,0,0,0,0,0,0,0,0,2917

Main.js:462 155.599,361.066,355.5,355.5,0.888,-0.218,0.05,-0.004,28,0,0,1,0,0,0,0,221.091,244.371,1.469,-2.023,0,0,0,0,0,0,0,0,325.049,57.869,175.5,285,-0.923,0.14,-0.05,0.004,33,14,67,-2.5,0,0,0,0,0,0,0,0,0,2934

Main.js:462 156.49,360.856,355.5,355.5,0.891,-0.211,0.05,-0.004,27,0,0,1,0,0,0,0,222.56,242.348,1.469,-2.023,0,0,0,0,0,0,0,0,324.124,58.006,175.5,283.5,-0.925,0.137,-0.05,0.004,32,11.5,67,-2.5,0,0,0,0,0,0,0,0,0,2950

Main.js:462 157.384,360.652,355.5,355.5,0.894,-0.204,0.05,-0.004,26,0,0,1,0,0,0,0,224.03,240.325,1.469,-2.023,0,0,0,0,0,0,0,0,323.199,58.139,175.5,282,-0.926,0.134,-0.05,0.004,31,9,67,-2.5,0,0,0,0,0,0,0,0,0,2966

Main.js:462 158.281,360.453,354,354,0.896,-0.199,0.05,-0.005,25,1,0,1,0,0,0,0,225.499,238.303,1.469,-2.023,0,0,0,0,0,0,0,0,322.272,58.27,175.5,280.5,-0.927,0.131,-0.05,0.004,30,6.5,67,-2.5,0,0,0,0,0,0,0,0,0,2983

Main.js:462 159.179,360.258,352.5,352.5,0.899,-0.195,0.05,-0.007,24,1,0,1,0,0,0,0,226.969,236.28,1.469,-2.023,0,0,0,0,0,0,0,0,321.344,58.398,175.5,279,-0.928,0.128,-0.05,0.004,29,4,67,-2.5,0,0,0,0,0,0,0,0,0,2999

Main.js:462 160.08,360.066,351,351,0.901,-0.193,0.049,-0.008,23,1,0,1,0,0,0,0,228.438,234.258,1.469,-2.023,0,0,0,0,0,0,0,0,320.416,58.523,175.5,277.5,-0.929,0.125,-0.05,0.004,28,1.5,67,-2.5,0,0,0,0,0,0,0,0,0,3017

Main.js:462 160.982,359.874,349.5,349.5,0.902,-0.192,0.049,-0.009,22,1,0,1,0,0,0,0,228.438,234.258,1.469,-2.023,0,0,0,0,0,0,0,0,319.486,58.647,174,274.5,-0.93,0.124,-0.05,0.005,27,0,0,0,0,0,0,0,0,0,0,0,0,3034

Main.js:462 161.886,359.682,348,348,0.904,-0.192,0.049,-0.01,21,1,0,1,0,0,0,0,229.908,232.235,1.469,-2.023,0,0,0,0,0,0,0,0,318.556,58.771,172.5,271.5,-0.93,0.124,-0.05,0.007,26,0,0,0,0,0,0,0,0,0,0,0,0,3049

Main.js:462 162.791,359.489,346.5,346.5,0.905,-0.193,0.049,-0.012,20,1,0,1,0,0,0,0,231.377,230.213,1.469,-2.023,0,0,0,0,0,0,0,0,317.625,58.896,171,268.5,-0.931,0.125,-0.049,0.008,25,0,0,0,0,0,0,0,0,0,0,0,0,3066

Main.js:462 163.696,359.293,345,345,0.905,-0.196,0.048,-0.013,19,1,0,1,0,0,0,0,232.847,228.19,1.469,-2.023,0,0,0,0,0,0,0,0,316.695,59.023,169.5,265.5,-0.931,0.128,-0.049,0.009,24,0,0,0,0,0,0,0,0,0,0,0,0,3083

Main.js:462 164.602,359.093,343.5,343.5,0.906,-0.2,0.048,-0.014,18,1,0,1,0,0,0,0,234.316,226.168,1.469,-2.023,0,0,0,0,0,0,0,0,315.764,59.154,168,262.5,-0.931,0.131,-0.049,0.01,23,0,0,0,0,0,0,0,0,0,0,0,0,3098

Main.js:462 165.507,358.889,342,342,0.906,-0.204,0.048,-0.015,17,1,0,1,0,0,0,0,235.785,224.145,1.469,-2.023,0,0,0,0,0,0,0,0,314.834,59.29,166.5,259.5,-0.93,0.136,-0.049,0.012,22,0,0,0,0,0,0,0,0,0,0,0,0,3119

Main.js:462 166.412,358.679,340.5,340.5,0.905,-0.21,0.047,-0.017,16,1,0,1,0,0,0,0,237.255,222.123,1.469,-2.023,0,0,0,0,0,0,0,0,313.904,59.431,165,256.5,-0.93,0.141,-0.048,0.013,21,0,0,0,0,0,0,0,0,0,0,0,0,3133

Main.js:462 167.317,358.462,339,339,0.904,-0.217,0.047,-0.018,15,1,0,1,0,0,0,0,238.724,220.1,1.469,-2.023,0,0,0,0,0,0,0,0,312.975,59.578,163.5,253.5,-0.929,0.148,-0.048,0.014,20,0,0,0,0,0,0,0,0,0,0,0,0,3149

Main.js:462 168.219,358.238,337.5,337.5,0.903,-0.224,0.046,-0.019,14,1,0,1,0,0,0,0,240.194,218.078,1.469,-2.023,0,0,0,0,0,0,0,0,312.048,59.733,162,250.5,-0.927,0.155,-0.048,0.015,19,0,0,0,0,0,0,0,0,0,0,0,0,3166

Main.js:462 169.12,358.006,336,336,0.901,-0.232,0.046,-0.02,13,1,0,1,0,0,0,0,241.663,216.055,1.469,-2.023,0,0,0,0,0,0,0,0,311.122,59.896,160.5,247.5,-0.926,0.163,-0.047,0.017,18,0,0,0,0,0,0,0,0,0,0,0,0,3184

Main.js:462 170.019,357.765,334.5,334.5,0.899,-0.241,0.045,-0.022,12,1,0,1,0,0,0,0,243.133,214.032,1.469,-2.023,0,0,0,0,0,0,0,0,310.198,60.068,159,244.5,-0.924,0.172,-0.047,0.018,17,0,0,0,0,0,0,0,0,0,0,0,0,3200

Main.js:462 170.915,357.515,333,333,0.896,-0.25,0.045,-0.023,11,1,0,1,0,0,0,0,244.602,212.01,1.469,-2.023,0,0,0,0,0,0,0,0,309.276,60.249,157.5,241.5,-0.922,0.181,-0.046,0.019,16,0,0,0,0,0,0,0,0,0,0,0,0,3216

Main.js:462 171.809,357.254,331.5,331.5,0.893,-0.261,0.044,-0.024,10,1,0,1,0,0,0,0,246.072,209.987,1.469,-2.023,0,0,0,0,0,0,0,0,308.358,60.441,156,238.5,-0.919,0.192,-0.046,0.02,15,0,0,0,0,0,0,0,0,0,0,0,0,3276

Main.js:462 172.698,356.983,330,330,0.89,-0.271,0.043,-0.025,9,1,0,1,0,0,0,0,247.541,207.965,1.469,-2.023,0,0,0,0,0,0,0,0,307.442,60.644,154.5,235.5,-0.916,0.203,-0.045,0.022,14,0,0,0,0,0,0,0,0,0,0,0,0,3299

Main.js:462 173.584,356.7,328.5,328.5,0.886,-0.283,0.043,-0.026,8,1,0,1,0,0,0,0,249.011,205.942,1.469,-2.023,0,0,0,0,0,0,0,0,306.529,60.858,153,232.5,-0.912,0.214,-0.045,0.023,13,0,0,0,0,0,0,0,0,0,0,0,0,3316

Main.js:462 174.465,356.406,327,327,0.881,-0.294,0.042,-0.027,7,1,0,1,0,0,0,0,250.48,203.92,1.469,-2.023,0,0,0,0,0,0,0,0,305.621,61.083,151.5,229.5,-0.909,0.226,-0.044,0.024,12,0,0,0,0,0,0,0,0,0,0,0,0,3332

Main.js:462 175.342,356.1,325.5,325.5,0.876,-0.306,0.041,-0.028,6,1,0,1,0,0,0,0,251.95,201.897,1.469,-2.023,0,0,0,0,0,0,0,0,304.717,61.322,150,226.5,-0.904,0.238,-0.043,0.025,11,0,0,0,0,0,0,0,0,0,0,0,0,3348

Main.js:462 176.212,355.781,324,324,0.871,-0.319,0.04,-0.029,5,1,0,1,0,0,0,0,253.419,199.875,1.469,-2.023,0,0,0,0,0,0,0,0,303.817,61.573,148.5,223.5,-0.9,0.251,-0.043,0.026,10,0,0,0,0,0,0,0,0,0,0,0,0,3366

Main.js:462 177.078,355.449,322.5,322.5,0.865,-0.332,0.04,-0.03,4,1,0,1,0,0,0,0,254.888,197.852,1.469,-2.023,0,0,0,0,0,0,0,0,302.923,61.838,147,220.5,-0.894,0.265,-0.042,0.027,9,0,0,0,0,0,0,0,0,0,0,0,0,3382

Main.js:462 177.936,355.103,321,321,0.859,-0.345,0.039,-0.031,3,1,0,1,0,0,0,0,256.358,195.83,1.469,-2.023,0,0,0,0,0,0,0,0,302.034,62.116,145.5,217.5,-0.889,0.278,-0.041,0.028,8,0,0,0,0,0,0,0,0,0,0,0,0,3400

Main.js:462 178.788,354.745,319.5,319.5,0.852,-0.359,0.038,-0.032,2,1,0,1,0,0,0,0,257.827,193.807,1.469,-2.023,0,0,0,0,0,0,0,0,301.151,62.408,144,214.5,-0.883,0.292,-0.04,0.029,7,0,0,0,0,0,0,0,0,0,0,0,0,3417

Main.js:462 179.597,354.404,318,318,0.809,-0.341,0,0,1,1,0,0,0,0,0,0,259.297,191.784,1.469,-2.023,0,0,0,0,0,0,0,0,300.275,62.715,142.5,211.5,-0.876,0.307,-0.04,0.03,6,0,0,0,0,0,0,0,0,0,0,0,0,3432

Main.js:462 180.366,354.08,316.5,316.5,0.769,-0.324,0,0,0,1,0,0,0,0,0,0,260.766,189.762,1.469,-2.023,0,0,0,0,0,0,0,0,299.405,63.036,141,208.5,-0.869,0.321,-0.039,0.031,5,0,0,0,0,0,0,0,0,0,0,0,0,3449

Main.js:462 181.097,353.772,315,315,0.73,-0.308,0,0,0,1,0,0,0,0,0,0,262.236,187.739,1.469,-2.023,0,0,0,0,0,0,0,0,298.543,63.372,139.5,205.5,-0.862,0.336,-0.038,0.032,4,0,0,0,0,0,0,0,0,0,0,0,0,3465

Main.js:462 181.791,353.48,313.5,313.5,0.694,-0.292,0,0,0,1,0,0,0,0,0,0,263.705,185.717,1.469,-2.023,0,0,0,0,0,0,0,0,297.689,63.723,138,202.5,-0.854,0.351,-0.037,0.033,3,0,0,0,0,0,0,0,0,0,0,0,0,3483

Main.js:462 182.45,353.202,312,312,0.659,-0.278,0,0,0,1,0,0,0,0,0,0,265.175,183.694,1.469,-2.023,0,0,0,0,0,0,0,0,296.843,64.089,136.5,199.5,-0.846,0.366,-0.036,0.034,2,0,0,0,0,0,0,0,0,0,0,0,0,3499

Main.js:462 183.076,352.938,310.5,310.5,0.626,-0.264,0,0,0,1,0,0,0,0,0,0,266.644,181.672,1.469,-2.023,0,0,0,0,0,0,0,0,296.006,64.47,135,196.5,-0.837,0.381,-0.035,0.035,1,0,0,0,0,0,0,0,0,0,0,0,0,3516

Main.js:462 183.671,352.687,309,309,0.595,-0.251,0,0,0,1,0,0,0,0,0,0,268.114,179.649,1.469,-2.023,0,0,0,0,0,0,0,0,295.178,64.867,133.5,193.5,-0.828,0.397,-0.034,0.036,0,0,0,0,0,0,0,0,0,0,0,0,0,3532

Main.js:462 184.236,352.449,307.5,307.5,0.565,-0.238,0,0,0,1,0,0,0,0,0,0,269.583,177.627,1.469,-2.023,0,0,0,0,0,0,0,0,294.359,65.279,132,190.5,-0.819,0.412,-0.033,0.037,99,0,0,0,0,0,0,0,0,0,0,0,0,3550

Main.js:462 184.773,352.223,306,306,0.537,-0.226,0,0,0,1,0,0,0,0,0,0,271.053,175.604,1.469,-2.023,0,0,0,0,0,0,0,0,293.551,65.707,130.5,187.5,-0.808,0.428,-0.032,0.038,98,272.071,60.584,-2.458,-0.456,0,0,0,0,0,0,0,0,3567

Main.js:462 185.283,352.008,304.5,304.5,0.51,-0.215,0,0,0,1,0,0,0,0,0,0,272.522,173.582,1.469,-2.023,0,0,0,0,0,0,0,0,292.753,66.15,129,184.5,-0.798,0.443,-0.031,0.039,97,269.613,60.129,-2.458,-0.456,0,0,0,0,0,0,0,0,3582

Main.js:462 185.768,351.804,303,303,0.485,-0.204,0,0,0,1,0,0,0,0,0,0,273.991,171.559,1.469,-2.023,0,0,0,0,0,0,0,0,291.966,66.609,127.5,181.5,-0.787,0.459,-0.03,0.04,96,267.155,59.673,-2.458,-0.456,0,0,0,0,0,0,0,0,3600

Main.js:462 186.228,351.61,301.5,301.5,0.46,-0.194,0,0,0,1,0,0,0,0,0,0,275.461,169.536,1.469,-2.023,0,0,0,0,0,0,0,0,291.19,67.083,126,178.5,-0.775,0.474,-0.029,0.04,95,264.697,59.218,-2.458,-0.456,0,0,0,0,0,0,0,0,3617

Main.js:462 186.665,351.426,300,300,0.437,-0.184,0,0,0,1,0,0,0,0,0,0,276.93,167.514,1.469,-2.023,0,0,0,0,0,0,0,0,290.427,67.573,124.5,175.5,-0.764,0.49,-0.028,0.041,94,262.239,58.762,-2.458,-0.456,0,0,0,0,0,0,0,0,3633

Main.js:462 187.081,351.251,298.5,298.5,0.415,-0.175,0,0,0,1,0,0,0,0,0,0,278.4,165.491,1.469,-2.023,0,0,0,0,0,0,0,0,289.675,68.078,123,172.5,-0.751,0.505,-0.027,0.042,93,259.78,58.306,-2.458,-0.456,0,0,0,0,0,0,0,0,3650

Main.js:462 187.476,351.085,297,297,0.395,-0.166,0,0,0,1,0,0,0,0,0,0,279.869,163.469,1.469,-2.023,0,0,0,0,0,0,0,0,288.937,68.598,121.5,169.5,-0.739,0.52,-0.026,0.043,92,257.322,57.851,-2.458,-0.456,0,0,0,0,0,0,0,0,3668

Main.js:462 187.85,350.927,295.5,295.5,0.375,-0.158,0,0,0,1,0,0,0,0,0,0,281.339,161.446,1.469,-2.023,0,0,0,0,0,0,0,0,288.211,69.133,120,166.5,-0.725,0.535,-0.025,0.043,91,254.864,57.395,-2.458,-0.456,0,0,0,0,0,0,0,0,3683

Main.js:462 188.207,350.777,294,294,0.356,-0.15,0,0,0,1,0,0,0,0,0,0,282.808,159.424,1.469,-2.023,0,0,0,0,0,0,0,0,287.5,69.684,118.5,163.5,-0.712,0.55,-0.024,0.044,90,252.406,56.94,-2.458,-0.456,0,0,0,0,0,0,0,0,3699

Main.js:462 188.545,350.634,292.5,292.5,0.338,-0.143,0,0,0,1,0,0,0,0,0,0,284.278,157.401,1.469,-2.023,0,0,0,0,0,0,0,0,286.802,70.249,117,160.5,-0.698,0.565,-0.023,0.045,89,249.948,56.484,-2.458,-0.456,0,0,0,0,0,0,0,0,3717

Main.js:462 188.867,350.499,291,291,0.321,-0.135,0,0,0,1,0,0,0,0,0,0,285.747,155.379,1.469,-2.023,0,0,0,0,0,0,0,0,286.119,70.829,115.5,157.5,-0.683,0.58,-0.022,0.045,88,247.49,56.028,-2.458,-0.456,0,0,0,0,0,0,0,0,3733

Main.js:462 189.172,350.37,289.5,289.5,0.305,-0.129,0,0,0,1,0,0,0,0,0,0,287.217,153.356,1.469,-2.023,0,0,0,0,0,0,0,0,285.45,71.423,114,154.5,-0.668,0.594,-0.02,0.046,87,245.032,55.573,-2.458,-0.456,0,0,0,0,0,0,0,0,3750

Main.js:462 189.462,350.248,288,288,0.29,-0.122,0,0,0,1,0,0,0,0,0,0,288.686,151.334,1.469,-2.023,0,0,0,0,0,0,0,0,284.797,72.031,112.5,151.5,-0.653,0.608,-0.019,0.046,86,242.573,55.117,-2.458,-0.456,0,0,0,0,0,0,0,0,3766

Main.js:462 189.738,350.132,286.5,286.5,0.276,-0.116,0,0,0,1,0,0,0,0,0,0,290.156,149.311,1.469,-2.023,0,0,0,0,0,0,0,0,284.159,72.654,111,148.5,-0.638,0.622,-0.018,0.047,85,240.115,54.662,-2.458,-0.456,0,0,0,0,0,0,0,0,3783

Main.js:462 189.999,350.021,285,285,0.262,-0.11,0,0,0,1,0,0,0,0,0,0,291.625,147.289,1.469,-2.023,0,0,0,0,0,0,0,0,283.538,73.29,109.5,145.5,-0.622,0.636,-0.017,0.047,84,237.657,54.206,-2.458,-0.456,0,0,0,0,0,0,0,0,3801

Main.js:462 190.248,349.917,285,285,0.249,-0.105,0,0,0,0,0,0,0,0,0,0,293.095,145.266,1.469,-2.023,0,0,0,0,0,0,0,0,282.933,73.939,108,142.5,-0.605,0.649,-0.015,0.048,83,235.199,53.751,-2.458,-0.456,0,0,0,0,0,0,0,0,3816

Main.js:462 190.485,349.817,285,285,0.236,-0.1,0,0,0,0,0,0,0,0,0,0,294.564,143.243,1.469,-2.023,0,0,0,0,0,0,0,0,282.344,74.601,106.5,139.5,-0.588,0.662,-0.014,0.048,82,232.741,53.295,-2.458,-0.456,0,0,0,0,0,0,0,0,3834

Main.js:462 190.709,349.722,285,285,0.224,-0.095,0,0,0,0,0,0,0,0,0,0,296.033,141.221,1.469,-2.023,0,0,0,0,0,0,0,0,281.773,75.277,105,136.5,-0.571,0.675,-0.013,0.048,81,230.283,52.839,-2.458,-0.456,0,0,0,0,0,0,0,0,3849

Main.js:462 190.922,349.633,285,285,0.213,-0.09,0,0,0,0,0,0,0,0,0,0,297.503,139.198,1.469,-2.023,0,0,0,0,0,0,0,0,281.219,75.964,103.5,133.5,-0.554,0.688,-0.012,0.049,80,227.825,52.384,-2.458,-0.456,0,0,0,0,0,0,0,0,3866

Main.js:462 191.125,349.547,285,285,0.203,-0.085,0,0,0,0,0,0,0,0,0,0,298.972,137.176,1.469,-2.023,0,0,0,0,0,0,0,0,280.683,76.664,102,130.5,-0.536,0.7,-0.01,0.049,79,225.366,51.928,-2.458,-0.456,0,0,0,0,0,0,0,0,3884

Main.js:462 191.317,349.466,285,285,0.192,-0.081,0,0,0,0,0,0,0,0,0,0,300.442,135.153,1.469,-2.023,0,0,0,0,0,0,0,0,280.165,77.375,100.5,127.5,-0.518,0.711,-0.009,0.049,78,222.908,51.473,-2.458,-0.456,0,0,0,0,0,0,0,0,3900

Main.js:462 191.5,349.389,285,285,0.183,-0.077,0,0,0,0,0,0,0,0,0,0,301.911,133.131,1.469,-2.023,0,0,0,0,0,0,0,0,279.666,78.098,99,124.5,-0.499,0.723,-0.008,0.049,77,220.45,51.017,-2.458,-0.456,0,0,0,0,0,0,0,0,3916

Main.js:462 191.674,349.316,285,285,0.174,-0.073,0,0,0,0,0,0,0,0,0,0,303.381,131.108,1.469,-2.023,0,0,0,0,0,0,0,0,279.185,78.832,97.5,121.5,-0.481,0.734,-0.007,0.05,76,217.992,50.561,-2.458,-0.456,0,0,0,0,0,0,0,0,3933

Main.js:462 191.839,349.246,285,285,0.165,-0.07,0,0,0,0,0,0,0,0,0,0,304.85,129.086,1.469,-2.023,0,0,0,0,0,0,0,0,278.724,79.576,96,118.5,-0.462,0.744,-0.005,0.05,75,215.534,50.106,-2.458,-0.456,0,0,0,0,0,0,0,0,3948

Main.js:462 191.996,349.18,285,285,0.157,-0.066,0,0,0,0,0,0,0,0,0,0,306.32,127.063,1.469,-2.023,0,0,0,0,0,0,0,0,278.282,80.33,94.5,115.5,-0.442,0.754,-0.004,0.05,74,213.076,49.65,-2.458,-0.456,0,0,0,0,0,0,0,0,3967

Main.js:462 192.145,349.118,285,285,0.149,-0.063,0,0,0,0,0,0,0,0,0,0,307.789,125.041,1.469,-2.023,0,0,0,0,0,0,0,0,277.859,81.094,93,112.5,-0.423,0.764,-0.003,0.05,73,210.618,49.195,-2.458,-0.456,0,0,0,0,0,0,0,0,3984

Main.js:462 192.286,349.058,285,285,0.141,-0.06,0,0,99,0,0,0,0,1,0,0,309.259,123.018,1.469,-2.023,0,0,0,0,0,0,0,0,277.456,81.868,91.5,109.5,-0.403,0.773,-0.001,0.05,72,208.16,48.739,-2.458,-0.456,0,0,0,0,0,0,0,0,4000

Main.js:462 192.421,349.001,285,285,0.134,-0.057,0,0,98,0,0,0,0,1,0,0,310.728,120.995,1.469,-2.023,198.227,326.418,0.647,-2.415,0,0,0,0,277.071,82.65,93,109.5,-0.385,0.782,-0.003,0.05,71,205.701,48.283,-2.458,-0.456,0,0,0,0,0,0,0,0,4016

Main.js:462 192.548,348.948,285,285,0.128,-0.054,0,0,97,0,0,0,0,1,0,0,312.198,118.973,1.469,-2.023,198.874,324.004,0.647,-2.415,0,0,0,0,276.702,83.44,94.5,109.5,-0.37,0.79,-0.004,0.05,70,203.243,47.828,-2.458,-0.456,0,0,0,0,0,0,0,0,4034

Main.js:462 192.67,348.897,285,285,0.121,-0.051,0,0,96,0,0,0,0,1,0,0,313.667,116.95,1.469,-2.023,199.521,321.589,0.647,-2.415,0,0,0,0,276.346,84.239,96,109.5,-0.356,0.798,-0.005,0.05,69,200.785,47.372,-2.458,-0.456,0,0,0,0,0,0,0,0,4050

Main.js:462 192.785,348.848,285,285,0.115,-0.049,0,0,95,0,0,0,0,1,0,0,315.136,114.928,1.469,-2.023,200.168,319.174,0.647,-2.415,0,0,0,0,276.001,85.044,97.5,109.5,-0.344,0.805,-0.007,0.05,68,198.327,46.917,-2.458,-0.456,0,0,0,0,0,0,0,0,4067

Main.js:462 192.894,348.802,285,285,0.109,-0.046,0,0,94,0,0,0,0,1,0,0,316.606,112.905,1.469,-2.023,200.815,316.759,0.647,-2.415,0,0,0,0,275.667,85.856,99,109.5,-0.335,0.812,-0.008,0.049,67,195.869,46.461,-2.458,-0.456,0,0,0,0,0,0,0,0,4083

Main.js:462 192.998,348.758,285,285,0.104,-0.044,0,0,93,0,0,0,0,0,0,0,318.075,110.883,1.469,-2.023,201.462,314.344,0.647,-2.415,0,0,0,0,275.34,86.674,100.5,109.5,-0.327,0.818,-0.009,0.049,66,193.411,46.005,-2.458,-0.456,0,0,0,0,0,0,0,0,4099

Main.js:462 193.097,348.716,285,285,0.099,-0.042,0,0,92,0,0,0,0,0,0,0,319.545,108.86,1.469,-2.023,202.109,311.93,0.647,-2.415,0,0,0,0,275.02,87.498,102,109.5,-0.32,0.824,-0.01,0.049,65,190.953,45.55,-2.458,-0.456,0,0,0,0,0,0,0,0,4116

Main.js:462 193.191,348.677,285,285,0.094,-0.04,0,0,91,0,0,0,0,0,0,0,321.014,106.838,1.469,-2.023,202.756,309.515,0.647,-2.415,0,0,0,0,274.705,88.326,103.5,109.5,-0.315,0.829,-0.012,0.049,64,188.494,45.094,-2.458,-0.456,0,0,0,0,0,0,0,0,4133

Main.js:462 193.28,348.639,285,285,0.089,-0.038,0,0,90,0,0,0,0,0,0,0,322.484,104.815,1.469,-2.023,203.403,307.1,0.647,-2.415,0,0,0,0,274.393,89.159,105,109.5,-0.312,0.833,-0.013,0.048,63,186.036,44.639,-2.458,-0.456,0,0,0,0,0,0,0,0,4149

Main.js:462 193.365,348.604,285,285,0.085,-0.036,0,0,89,0,0,0,0,0,0,0,323.953,102.793,1.469,-2.023,204.05,304.685,0.647,-2.415,0,0,0,0,274.084,89.996,106.5,109.5,-0.31,0.837,-0.014,0.048,62,183.578,44.183,-2.458,-0.456,0,0,0,0,0,0,0,0,4167

Main.js:462 193.445,348.57,285,285,0.08,-0.034,0,0,88,0,0,0,0,0,0,0,325.423,100.77,1.469,-2.023,204.697,302.27,0.647,-2.415,0,0,0,0,273.775,90.837,108,109.5,-0.309,0.84,-0.015,0.048,61,181.12,43.728,-2.458,-0.456,0,0,0,0,0,0,0,0,4182

Main.js:462 193.522,348.538,285,285,0.076,-0.032,0,0,87,0,0,0,0,0,0,0,326.892,98.748,1.469,-2.023,205.344,299.855,0.647,-2.415,0,0,0,0,273.466,91.68,109.5,109.5,-0.309,0.843,-0.017,0.047,60,178.662,43.272,-2.458,-0.456,0,0,0,0,0,0,0,0,4200

Main.js:462 193.594,348.507,285,285,0.073,-0.031,0,0,86,0,0,0,0,0,0,0,328.362,96.725,1.469,-2.023,205.992,297.441,0.647,-2.415,0,0,0,0,273.155,92.525,111,109.5,-0.311,0.845,-0.018,0.047,59,176.204,42.816,-2.458,-0.456,0,0,0,0,0,0,0,0,4215

Main.js:462 193.663,348.478,285,285,0.069,-0.029,0,0,85,0,0,0,0,0,0,0,329.831,94.702,1.469,-2.023,206.639,295.026,0.647,-2.415,0,0,0,0,272.841,93.372,112.5,109.5,-0.313,0.847,-0.019,0.046,58,173.746,42.361,-2.458,-0.456,0,0,0,0,0,0,0,0,4254

Main.js:462 193.729,348.45,285,285,0.066,-0.028,0,0,84,0,0,0,0,0,0,0,331.301,92.68,1.469,-2.023,207.286,292.611,0.647,-2.415,0,0,0,0,272.524,94.22,114,109.5,-0.317,0.848,-0.02,0.046,57,171.287,41.905,-2.458,-0.456,0,0,0,0,0,0,0,0,4282

Main.js:462 193.791,348.424,285,285,0.062,-0.026,0,0,83,0,0,0,0,0,0,0,332.77,90.657,1.469,-2.023,207.933,290.196,0.647,-2.415,0,0,0,0,272.203,95.068,115.5,109.5,-0.322,0.848,-0.022,0.045,56,168.829,41.45,-2.458,-0.456,0,0,0,0,0,0,0,0,4299

Main.js:462 193.85,348.399,285,285,0.059,-0.025,0,0,82,0,0,0,0,0,0,0,334.239,88.635,1.469,-2.023,208.58,287.781,0.647,-2.415,0,0,0,0,271.875,95.916,117,109.5,-0.327,0.848,-0.023,0.045,55,166.371,40.994,-2.458,-0.456,0,0,0,0,0,0,0,0,4316

Main.js:462 193.907,348.375,285,285,0.056,-0.024,0,0,81,0,0,0,0,0,0,0,335.709,86.612,1.469,-2.023,209.227,285.367,0.647,-2.415,0,0,0,0,271.542,96.764,118.5,109.5,-0.333,0.848,-0.024,0.044,54,163.913,40.538,-2.458,-0.456,0,0,0,0,0,0,0,0,4332

Main.js:462 193.96,348.353,285,285,0.053,-0.022,0,0,80,0,0,0,0,0,0,0,337.178,84.59,1.469,-2.023,209.874,282.952,0.647,-2.415,0,0,0,0,271.201,97.61,120,109.5,-0.341,0.846,-0.025,0.043,53,161.455,40.083,-2.458,-0.456,0,0,0,0,0,0,0,0,4350

Main.js:462 194.023,348.286,285,285,0.063,-0.067,0.013,-0.048,79,0,0,1,0,0,0,0,338.648,82.567,1.469,-2.023,210.521,280.537,0.647,-2.415,0,0,0,0,270.853,98.455,121.5,109.5,-0.348,0.845,-0.026,0.043,52,158.997,39.627,-2.458,-0.456,0,0,0,0,0,0,0,0,4367

Main.js:462 194.095,348.176,285,285,0.072,-0.11,0.013,-0.048,78,0,0,1,0,0,0,0,340.117,80.545,1.469,-2.023,211.168,278.122,0.647,-2.415,0,0,0,0,270.496,99.297,123,109.5,-0.357,0.842,-0.027,0.042,51,156.539,39.172,-2.458,-0.456,0,0,0,0,0,0,0,0,4383

Main.js:462 194.176,348.026,285,285,0.081,-0.15,0.013,-0.048,77,0,0,1,0,0,0,0,341.587,78.522,1.469,-2.023,211.815,275.707,0.647,-2.415,0,0,0,0,270.131,100.136,124.5,109.5,-0.366,0.839,-0.028,0.041,50,154.081,38.716,-2.458,-0.456,0,0,0,0,0,0,0,0,4400

Main.js:462 194.265,347.837,285,285,0.089,-0.189,0.013,-0.048,76,0,0,1,0,0,0,0,343.056,76.5,1.469,-2.023,212.462,273.293,0.647,-2.415,0,0,0,0,269.755,100.972,126,109.5,-0.375,0.836,-0.029,0.04,49,151.622,38.26,-2.458,-0.456,0,0,0,0,0,0,0,0,4416

Main.js:462 194.362,347.612,285,285,0.097,-0.225,0.013,-0.048,75,0,0,1,0,0,0,0,344.526,74.477,1.469,-2.023,213.109,270.878,0.647,-2.415,0,0,0,0,269.369,101.804,127.5,109.5,-0.386,0.832,-0.03,0.04,48,149.164,37.805,-2.458,-0.456,0,0,0,0,0,0,0,0,4434

Main.js:462 194.466,347.353,285,285,0.104,-0.26,0.013,-0.048,74,0,0,1,0,0,0,0,345.995,72.454,1.469,-2.023,213.756,268.463,0.647,-2.415,0,0,0,0,268.973,102.63,129,109.5,-0.396,0.827,-0.031,0.039,47,146.706,37.349,-2.458,-0.456,0,0,0,0,0,0,0,0,4449

Main.js:462 194.578,347.06,285,285,0.111,-0.293,0.013,-0.048,73,0,0,1,0,0,0,0,347.465,70.432,1.469,-2.023,214.403,266.048,0.647,-2.415,0,0,0,0,268.566,103.452,130.5,109.5,-0.407,0.822,-0.032,0.038,46,144.248,36.894,-2.458,-0.456,0,0,0,0,0,0,0,0,4467

Main.js:462 194.696,346.736,285,285,0.118,-0.324,0.013,-0.048,72,0,0,1,0,0,0,0,348.934,68.409,1.469,-2.023,215.05,263.633,0.647,-2.415,0,0,0,0,268.147,104.268,132,109.5,-0.419,0.816,-0.033,0.037,45,141.79,36.438,-2.458,-0.456,0,0,0,0,0,0,0,0,4483

Main.js:462 194.821,346.383,285,285,0.125,-0.353,0.013,-0.048,71,0,0,1,0,0,0,0,350.404,66.387,1.469,-2.023,215.697,261.218,0.647,-2.415,0,0,0,0,267.717,105.078,133.5,109.5,-0.43,0.81,-0.034,0.036,44,139.332,35.983,-2.458,-0.456,0,0,0,0,0,0,0,0,4499

Main.js:462 194.951,346.001,285,285,0.131,-0.382,0.013,-0.048,70,0,0,1,0,0,0,0,351.873,64.364,1.469,-2.023,216.344,258.804,0.647,-2.415,0,0,0,0,267.274,105.88,135,109.5,-0.443,0.803,-0.035,0.035,43,136.874,35.527,-2.458,-0.456,0,0,0,0,0,0,0,0,4516

Main.js:462 195.088,345.593,285,285,0.136,-0.408,0.013,-0.048,69,0,0,1,0,0,0,0,353.342,62.342,1.469,-2.023,216.991,256.389,0.647,-2.415,0,0,0,0,266.82,106.676,135,108,-0.454,0.796,-0.035,0.035,42,134.415,35.071,-2.458,-0.456,0,0,0,0,0,0,0,0,4533

Main.js:462 195.23,345.159,285,285,0.142,-0.434,0.013,-0.048,68,0,0,1,0,0,0,0,354.812,60.319,1.469,-2.023,217.638,253.974,0.647,-2.415,0,0,0,0,266.355,107.466,135,106.5,-0.465,0.79,-0.035,0.035,41,131.957,34.616,-2.458,-0.456,0,0,0,0,0,0,0,0,4550

Main.js:462 195.377,344.701,285,285,0.147,-0.458,0.013,-0.048,67,0,0,1,0,0,0,0,356.281,58.297,1.469,-2.023,218.285,251.559,0.647,-2.415,0,0,0,0,265.88,108.25,135,105,-0.475,0.784,-0.035,0.035,40,129.499,34.16,-2.458,-0.456,0,0,0,0,0,0,0,0,4571

Main.js:462 195.529,344.22,285,285,0.152,-0.481,0.013,-0.048,66,0,0,1,0,0,0,0,357.751,56.274,1.469,-2.023,218.932,249.144,0.647,-2.415,0,0,0,0,265.395,109.029,135,103.5,-0.485,0.778,-0.035,0.035,39,127.041,33.705,-2.458,-0.456,0,0,0,0,0,0,0,0,4583

Main.js:462 195.685,343.717,285,285,0.157,-0.503,0.013,-0.048,65,0,0,1,0,0,0,0,359.22,54.252,1.469,-2.023,219.58,246.73,0.647,-2.415,0,0,0,0,264.901,109.802,135,102,-0.494,0.773,-0.035,0.035,38,124.583,33.249,-2.458,-0.456,0,0,0,0,0,0,0,0,4600

Main.js:462 195.848,343.193,286.5,286.5,0.162,-0.523,0.014,-0.048,64,0,1,1,0,0,0,0,360.69,52.229,1.469,-2.023,220.227,244.315,0.647,-2.415,0,0,0,0,264.398,110.57,135,100.5,-0.503,0.768,-0.035,0.035,37,122.125,32.793,-2.458,-0.456,0,0,0,0,0,0,0,0,4617

Main.js:462 196.017,342.651,288,288,0.169,-0.542,0.015,-0.048,63,0,1,1,0,0,0,0,362.159,50.206,1.469,-2.023,220.874,241.9,0.647,-2.415,0,0,0,0,263.886,111.333,135,99,-0.512,0.763,-0.035,0.035,36,119.667,32.338,-2.458,-0.456,0,0,0,0,0,0,0,0,4632

Main.js:462 196.193,342.091,289.5,289.5,0.176,-0.56,0.017,-0.047,62,0,1,1,0,0,0,0,363.629,48.184,1.469,-2.023,221.521,239.485,0.647,-2.415,0,0,0,0,263.366,112.092,135,97.5,-0.52,0.759,-0.035,0.035,35,117.208,31.882,-2.458,-0.456,0,0,0,0,0,0,0,0,4650

Main.js:462 196.377,341.515,291,291,0.185,-0.576,0.018,-0.047,61,0,1,1,0,0,0,0,365.098,46.161,1.469,-2.023,222.168,237.07,0.647,-2.415,0,0,0,0,262.839,112.846,135,96,-0.527,0.754,-0.035,0.035,34,114.75,31.427,-2.458,-0.456,0,0,0,0,0,0,0,0,4667

Main.js:462 196.571,340.923,292.5,292.5,0.193,-0.591,0.019,-0.046,60,0,1,1,0,0,0,0,366.568,44.139,1.469,-2.023,222.815,234.655,0.647,-2.415,0,0,0,0,262.304,113.596,135,94.5,-0.534,0.75,-0.035,0.035,33,112.292,30.971,-2.458,-0.456,0,0,0,0,0,0,0,0,4683

Main.js:462 196.774,340.318,294,294,0.203,-0.605,0.02,-0.046,59,0,1,1,0,0,0,0,368.037,42.116,1.469,-2.023,223.462,232.241,0.647,-2.415,0,0,0,0,261.763,114.342,135,93,-0.541,0.746,-0.035,0.035,32,109.834,30.515,-2.458,-0.456,0,0,0,0,0,0,0,0,4700

Main.js:462 196.987,339.7,295.5,295.5,0.213,-0.618,0.022,-0.045,58,0,1,1,0,0,0,0,369.507,40.094,1.469,-2.023,224.109,229.826,0.647,-2.415,0,0,0,0,261.215,115.085,135,91.5,-0.548,0.742,-0.035,0.035,31,107.376,30.06,-2.458,-0.456,0,0,0,0,0,0,0,0,4717

Main.js:462 197.212,339.071,297,297,0.224,-0.629,0.023,-0.045,57,0,1,1,0,0,0,0,370.976,38.071,1.469,-2.023,224.756,227.411,0.647,-2.415,0,0,0,0,260.661,115.824,135,90,-0.554,0.739,-0.035,0.035,30,104.918,29.604,-2.458,-0.456,0,0,0,0,0,0,0,0,4732

Main.js:462 197.448,338.431,298.5,298.5,0.236,-0.64,0.024,-0.044,56,0,1,1,0,0,0,0,372.446,36.049,1.469,-2.023,225.403,224.996,0.647,-2.415,0,0,0,0,260.101,116.559,135,88.5,-0.56,0.736,-0.035,0.035,29,102.46,29.149,-2.458,-0.456,0,0,0,0,0,0,0,0,4751

Main.js:462 197.695,337.783,300,300,0.248,-0.649,0.025,-0.043,55,0,1,1,0,0,0,0,373.915,34.026,1.469,-2.023,226.05,222.581,0.647,-2.415,0,0,0,0,259.536,117.292,135,87,-0.566,0.732,-0.035,0.035,28,100.001,28.693,-2.458,-0.456,0,0,0,0,0,0,0,0,4766

Main.js:462 197.955,337.126,301.5,301.5,0.26,-0.657,0.026,-0.043,54,0,1,1,0,0,0,0,375.384,32.004,1.469,-2.023,226.697,220.167,0.647,-2.415,0,0,0,0,258.965,118.021,135,85.5,-0.571,0.729,-0.035,0.035,27,97.543,28.238,-2.458,-0.456,0,0,0,0,0,0,0,0,4783

Main.js:462 198.228,336.462,303,303,0.273,-0.664,0.027,-0.042,53,0,1,1,0,0,0,0,376.854,29.981,1.469,-2.023,227.344,217.752,0.647,-2.415,0,0,0,0,258.389,118.748,135,84,-0.576,0.726,-0.035,0.035,26,95.085,27.782,-2.458,-0.456,0,0,0,0,0,0,0,0,4799

Main.js:462 198.515,335.792,304.5,304.5,0.286,-0.67,0.028,-0.041,52,0,1,1,0,0,0,0,378.323,27.959,1.469,-2.023,227.991,215.337,0.647,-2.415,0,0,0,0,257.808,119.471,135,82.5,-0.581,0.724,-0.035,0.035,25,92.627,27.326,-2.458,-0.456,0,0,0,0,0,0,0,0,4816

Main.js:462 198.815,335.118,306,306,0.3,-0.675,0.029,-0.04,51,0,1,1,0,0,0,0,379.793,25.936,1.469,-2.023,228.638,212.922,0.647,-2.415,0,0,0,0,257.223,120.192,135,81,-0.585,0.721,-0.035,0.035,24,90.169,26.871,-2.458,-0.456,0,0,0,0,0,0,0,0,4832

Main.js:462 199.128,334.439,307.5,307.5,0.314,-0.679,0.03,-0.04,50,0,1,1,0,0,0,0,381.262,23.913,1.469,-2.023,229.285,210.507,0.647,-2.415,0,0,0,0,256.633,120.911,135,79.5,-0.59,0.719,-0.035,0.035,23,87.711,26.415,-2.458,-0.456,0,0,0,0,0,0,0,0,4849

Main.js:462 199.456,333.758,309,309,0.328,-0.682,0.031,-0.039,49,0,1,1,0,0,0,0,382.732,21.891,1.469,-2.023,229.932,208.093,0.647,-2.415,0,0,0,0,256.04,121.627,135,78,-0.594,0.716,-0.035,0.035,22,85.253,25.96,-2.458,-0.456,0,0,0,0,0,0,0,0,4866

Main.js:462 199.799,333.074,310.5,310.5,0.342,-0.684,0.032,-0.038,48,0,1,1,0,0,0,0,384.201,19.868,1.469,-2.023,230.579,205.678,0.647,-2.415,0,0,0,0,255.442,122.342,135,76.5,-0.598,0.714,-0.035,0.035,21,82.795,25.504,-2.458,-0.456,0,0,0,0,0,0,0,0,4883

Main.js:462 200.156,332.389,312,312,0.357,-0.685,0.033,-0.037,47,0,1,1,0,0,0,0,385.671,17.846,1.469,-2.023,231.226,203.263,0.647,-2.415,0,0,0,0,254.841,123.054,135,75,-0.601,0.712,-0.035,0.035,20,80.336,25.048,-2.458,-0.456,0,0,0,0,0,0,0,0,4899

Main.js:462 200.528,331.704,313.5,313.5,0.372,-0.685,0.034,-0.036,46,0,1,1,0,0,0,0,387.14,15.823,1.469,-2.023,231.873,200.848,0.647,-2.415,0,0,0,0,254.236,123.764,135,73.5,-0.605,0.71,-0.035,0.035,19,77.878,24.593,-2.458,-0.456,0,0,0,0,0,0,0,0,4916

Main.js:462 200.915,331.02,315,315,0.387,-0.684,0.035,-0.035,45,0,1,1,0,0,0,0,388.61,13.801,1.469,-2.023,232.52,198.433,0.647,-2.415,0,0,0,0,253.628,124.472,135,72,-0.608,0.708,-0.035,0.035,18,75.42,24.137,-2.458,-0.456,0,0,0,0,0,0,0,0,4933

Main.js:462 201.317,330.337,316.5,316.5,0.402,-0.683,0.036,-0.034,44,0,1,1,0,0,0,0,390.079,11.778,1.469,-2.023,233.168,196.018,0.647,-2.415,0,0,0,0,253.017,125.178,135,70.5,-0.611,0.706,-0.035,0.035,17,72.962,23.682,-2.458,-0.456,0,0,0,0,0,0,0,0,4950

Main.js:462 201.734,329.657,318,318,0.417,-0.68,0.037,-0.033,43,0,1,1,0,0,0,0,391.549,9.756,1.469,-2.023,233.815,193.604,0.647,-2.415,0,0,0,0,252.402,125.882,135,69,-0.614,0.705,-0.035,0.035,16,70.504,23.226,-2.458,-0.456,0,0,0,0,0,0,0,0,4967

Main.js:462 202.167,328.979,319.5,319.5,0.433,-0.677,0.038,-0.032,42,0,1,1,0,0,0,0,393.018,7.733,1.469,-2.023,234.462,191.189,0.647,-2.415,0,0,0,0,251.785,126.585,135,67.5,-0.617,0.703,-0.035,0.035,15,68.046,22.77,-2.458,-0.456,0,0,0,0,0,0,0,0,4983

Main.js:462 202.615,328.306,321,321,0.448,-0.673,0.039,-0.031,41,0,1,1,0,0,0,0,394.487,5.711,1.469,-2.023,235.109,188.774,0.647,-2.415,0,0,0,0,251.165,127.287,135,66,-0.62,0.701,-0.035,0.035,14,65.588,22.315,-2.458,-0.456,0,0,0,0,0,0,0,0,5000

Main.js:462 203.078,327.637,322.5,322.5,0.463,-0.669,0.04,-0.03,40,0,1,1,0,0,0,0,395.957,3.688,1.469,-2.023,235.756,186.359,0.647,-2.415,0,0,0,0,250.542,127.986,135,64.5,-0.623,0.7,-0.035,0.035,13,63.129,21.859,-2.458,-0.456,0,0,0,0,0,0,0,0,5016

Main.js:462 203.555,326.973,322.5,322.5,0.478,-0.664,0.04,-0.03,39,0,0,1,0,0,0,0,397.426,1.665,1.469,-2.023,236.403,183.944,0.647,-2.415,0,0,0,0,249.918,128.686,133.5,61.5,-0.624,0.699,-0.034,0.036,12,60.671,21.404,-2.458,-0.456,0,0,0,0,0,0,0,0,5033

Main.js:462 204.047,326.314,322.5,322.5,0.491,-0.66,0.04,-0.03,38,0,0,1,0,0,0,0,237.05,181.53,0.647,-2.415,0,0,0,0,0,0,0,0,249.294,129.385,132,58.5,-0.625,0.7,-0.033,0.037,11,60.671,21.404,-2.458,-0.456,0,0,0,0,0,0,0,0,5050

Main.js:462 204.551,325.658,322.5,322.5,0.505,-0.656,0.04,-0.03,37,0,0,1,0,0,0,0,237.697,179.115,0.647,-2.415,0,0,0,0,0,0,0,0,248.669,130.086,130.5,55.5,-0.624,0.701,-0.032,0.038,10,58.213,20.948,-2.458,-0.456,0,0,0,0,0,0,0,0,5066

Main.js:462 205.068,325.006,322.5,322.5,0.517,-0.652,0.04,-0.03,36,0,0,1,0,0,0,0,238.344,176.7,0.647,-2.415,0,0,0,0,0,0,0,0,248.046,130.789,129,52.5,-0.623,0.703,-0.031,0.039,9,55.755,20.493,-2.458,-0.456,0,0,0,0,0,0,0,0,5082

Main.js:462 205.597,324.358,322.5,322.5,0.529,-0.648,0.04,-0.03,35,0,0,1,0,0,0,0,238.991,174.285,0.647,-2.415,0,0,0,0,0,0,0,0,247.426,131.494,127.5,49.5,-0.621,0.705,-0.03,0.04,8,53.297,20.037,-2.458,-0.456,0,0,0,0,0,0,0,0,5100

Main.js:462 206.137,323.713,322.5,322.5,0.54,-0.645,0.04,-0.03,34,0,0,1,0,0,0,0,239.638,171.87,0.647,-2.415,0,0,0,0,0,0,0,0,246.808,132.202,126,46.5,-0.618,0.708,-0.029,0.04,7,50.839,19.581,-2.458,-0.456,0,0,0,0,0,0,0,0,5117

Main.js:462 206.688,323.072,322.5,322.5,0.551,-0.641,0.04,-0.03,33,0,0,1,0,0,0,0,240.285,169.455,0.647,-2.415,0,0,0,0,0,0,0,0,246.194,132.915,124.5,43.5,-0.614,0.712,-0.028,0.041,6,48.381,19.126,-2.458,-0.456,0,0,0,0,0,0,0,0,5133

Main.js:462 207.249,322.434,322.5,322.5,0.561,-0.638,0.04,-0.03,32,0,0,1,0,0,0,0,240.932,167.041,0.647,-2.415,0,0,0,0,0,0,0,0,245.585,133.631,123,40.5,-0.609,0.716,-0.027,0.042,5,45.922,18.67,-2.458,-0.456,0,0,0,0,0,0,0,0,5150

Main.js:462 207.819,321.799,322.5,322.5,0.571,-0.635,0.04,-0.03,31,0,0,1,0,0,0,0,241.579,164.626,0.647,-2.415,0,0,0,0,0,0,0,0,244.982,134.352,121.5,37.5,-0.603,0.721,-0.026,0.043,4,43.464,18.215,-2.458,-0.456,0,0,0,0,0,0,0,0,5167

Main.js:462 208.399,321.166,322.5,322.5,0.58,-0.632,0.04,-0.03,30,0,0,1,0,0,0,0,242.226,162.211,0.647,-2.415,0,0,0,0,0,0,0,0,244.385,135.078,120,34.5,-0.597,0.726,-0.025,0.043,3,41.006,17.759,-2.458,-0.456,0,0,0,0,0,0,0,0,5182

Main.js:462 208.987,320.537,322.5,322.5,0.588,-0.63,0.04,-0.03,29,0,0,1,0,0,0,0,242.873,159.796,0.647,-2.415,0,0,0,0,0,0,0,0,243.796,135.81,118.5,31.5,-0.59,0.732,-0.024,0.044,2,38.548,17.303,-2.458,-0.456,0,0,0,0,0,0,0,0,5199

Main.js:462 209.584,319.91,322.5,322.5,0.597,-0.627,0.04,-0.03,28,0,0,1,0,0,0,0,243.52,157.381,0.647,-2.415,0,0,0,0,0,0,0,0,243.214,136.547,117,28.5,-0.582,0.737,-0.023,0.045,1,36.09,16.848,-2.458,-0.456,0,0,0,0,0,0,0,0,5217

Main.js:462 210.189,319.285,322.5,322.5,0.605,-0.625,0.04,-0.03,27,0,0,1,0,0,0,0,244.167,154.967,0.647,-2.415,0,0,0,0,0,0,0,0,242.641,137.29,115.5,25.5,-0.573,0.743,-0.022,0.045,0,33.632,16.392,-2.458,-0.456,0,0,0,0,0,0,0,0,5232

Main.js:462 210.801,318.663,322.5,322.5,0.612,-0.622,0.04,-0.03,26,0,0,1,0,0,0,0,244.814,152.552,0.647,-2.415,0,0,0,0,0,0,0,0,242.077,138.04,114,22.5,-0.564,0.75,-0.02,0.046,99,31.174,15.937,-2.458,-0.456,0,0,0,0,0,0,0,0,5249

Main.js:462 211.42,318.043,322.5,322.5,0.619,-0.62,0.04,-0.03,25,0,0,1,0,0,0,0,244.814,152.552,0.647,-2.415,0,0,0,0,0,0,0,0,241.523,138.796,112.5,19.5,-0.554,0.756,-0.019,0.046,98,31.174,15.937,-2.458,-0.456,264.352,146.283,2.31,0.957,0,0,0,0,5265

