Main.js:143 myTank.x,myTank.y,myTank.rotation,myTank.cannonRotation,myTank.velocityX,myTank.velocityY,myTank.accelerationX,myTank.accelerationY,myTank.shootCooldown,myTank.controls.turnLeft,myTank.controls.turnRight,myTank.controls.goForward,myTank.controls.goBack,myTank.controls.shoot,myTank.controls.cannonLeft,myTank.controls.cannonRight,myBullet1.x,myBullet1.y,myBullet1.velocityX,myBullet1.velocityY,myBullet2.x,myBullet2.y,myBullet2.velocityX,myBullet2.velocityY,myBullet3.x,myBullet3.y,myBullet3.velocityX,myBullet3.velocityY,enemyTank.x,enemyTank.y,enemyTank.rotation,enemyTank.cannonRotation,enemyTank.velocityX,enemyTank.velocityY,enemyTank.accelerationX,enemyTank.accelerationY,enemyTank.shootCooldown,enemyBullet1.x,enemyBullet1.y,enemyBullet1.velocityX,enemyBullet1.velocityY,enemyBullet2.x,enemyBullet2.y,enemyBullet2.velocityX,enemyBullet2.velocityY,enemyBullet3.x,enemyBullet3.y,enemyBullet3.velocityX,enemyBullet3.velocityY,currentGameTime
Main.js:462 450,189,180,180,0,0,0,0,0,0,0,0,0,0,0,0,0,0,0,0,0,0,0,0,0,0,0,0,50,311,0,0,0,0,0,0,0,0,0,0,0,0,0,0,0,0,0,0,0,21

Main.js:462 450,189,180,180,0,0,0,0,0,0,0,0,0,0,0,0,0,0,0,0,0,0,0,0,0,0,0,0,50.047,311.001,1.5,0,0.047,0.001,0.05,0.001,99,0,0,0,0,0,0,0,0,0,0,0,0,37

Main.js:462 450,189,180,180,0,0,0,0,0,0,0,0,0,0,0,0,0,0,0,0,0,0,0,0,0,0,0,0,50.14,311.005,3,0,0.093,0.004,0.05,0.003,98,73.5,311,2.5,0,0,0,0,0,0,0,0,0,56

Main.js:462 450,189,180,180,0,0,0,0,0,0,0,0,0,0,0,0,0,0,0,0,0,0,0,0,0,0,0,0,50.275,311.012,4.5,0,0.135,0.007,0.05,0.004,97,76,311,2.5,0,0,0,0,0,0,0,0,0,72

Main.js:462 450,189,180,180,0,0,0,0,0,0,0,0,0,0,0,0,0,0,0,0,0,0,0,0,0,0,0,0,50.451,311.024,6,0,0.176,0.012,0.05,0.005,96,78.5,311,2.5,0,0,0,0,0,0,0,0,0,87

Main.js:462 450,189,180,180,0,0,0,0,0,0,0,0,0,0,0,0,0,0,0,0,0,0,0,0,0,0,0,0,50.665,311.041,7.5,0,0.214,0.017,0.05,0.007,95,81,311,2.5,0,0,0,0,0,0,0,0,0,106

Main.js:462 450,189,180,180,0,0,0,0,0,0,0,0,0,0,0,0,0,0,0,0,0,0,0,0,0,0,0,0,50.915,311.065,9,0,0.25,0.024,0.049,0.008,94,83.5,311,2.5,0,0,0,0,0,0,0,0,0,122

Main.js:462 450,189,180,180,0,0,0,0,0,0,0,0,0,0,0,0,0,0,0,0,0,0,0,0,0,0,0,0,51.2,311.097,10.5,0,0.284,0.031,0.049,0.009,93,86,311,2.5,0,0,0,0,0,0,0,0,0,138

Main.js:462 449.953,189,180,180,-0.047,0,-0.05,0,0,0,0,1,0,0,0,0,0,0,0,0,0,0,0,0,0,0,0,0,51.517,311.137,12,0,0.317,0.04,0.049,0.01,92,88.5,311,2.5,0,0,0,0,0,0,0,0,0,154

Main.js:462 449.86,189,180,180,-0.093,0,-0.05,0,0,0,0,1,0,0,0,0,0,0,0,0,0,0,0,0,0,0,0,0,51.864,311.185,13.5,0,0.347,0.049,0.049,0.012,91,91,311,2.5,0,0,0,0,0,0,0,0,0,171

Main.js:462 449.724,189,180,180,-0.135,0,-0.05,0,0,0,0,1,0,0,0,0,0,0,0,0,0,0,0,0,0,0,0,0,52.239,311.244,15,0,0.376,0.059,0.048,0.013,90,93.5,311,2.5,0,0,0,0,0,0,0,0,0,188

Main.js:462 449.548,189,180,180,-0.176,0,-0.05,0,0,0,0,1,0,0,0,0,0,0,0,0,0,0,0,0,0,0,0,0,52.641,311.313,16.5,0,0.402,0.069,0.048,0.014,89,96,311,2.5,0,0,0,0,0,0,0,0,0,204

Main.js:462 449.333,189,180,180,-0.215,0,-0.05,0,0,0,0,1,0,0,0,0,0,0,0,0,0,0,0,0,0,0,0,0,53.069,311.394,18,0,0.427,0.08,0.048,0.015,88,98.5,311,2.5,0,0,0,0,0,0,0,0,0,222

Main.js:462 449.082,189,180,180,-0.252,0,-0.05,0,0,0,0,1,0,0,0,0,0,0,0,0,0,0,0,0,0,0,0,0,53.52,311.486,19.5,0,0.451,0.092,0.047,0.017,87,101,311,2.5,0,0,0,0,0,0,0,0,0,238

Main.js:462 448.795,189,180,180,-0.287,0,-0.05,0,0,0,0,1,0,0,0,0,0,0,0,0,0,0,0,0,0,0,0,0,53.992,311.591,21,0,0.473,0.105,0.047,0.018,86,103.5,311,2.5,0,0,0,0,0,0,0,0,0,256

Main.js:462 448.475,189,180,180,-0.32,0,-0.05,0,0,0,0,1,0,0,0,0,0,0,0,0,0,0,0,0,0,0,0,0,54.485,311.708,22.5,0,0.493,0.118,0.046,0.019,85,106,311,2.5,0,0,0,0,0,0,0,0,0,273

Main.js:462 448.124,189,180,180,-0.351,0,-0.05,0,0,0,0,1,0,0,0,0,0,0,0,0,0,0,0,0,0,0,0,0,54.997,311.84,24,0,0.512,0.131,0.046,0.02,84,108.5,311,2.5,0,0,0,0,0,0,0,0,0,289

Main.js:462 447.743,189,180,180,-0.381,0,-0.05,0,0,0,0,1,0,0,0,0,0,0,0,0,0,0,0,0,0,0,0,0,55.526,311.985,25.5,0,0.529,0.145,0.045,0.022,83,111,311,2.5,0,0,0,0,0,0,0,0,0,306

Main.js:462 447.333,189,180,180,-0.41,0,-0.05,0,0,0,0,1,0,0,0,0,0,0,0,0,0,0,0,0,0,0,0,0,56.07,312.144,27,0,0.545,0.159,0.045,0.023,82,113.5,311,2.5,0,0,0,0,0,0,0,0,0,322

Main.js:462 446.897,189,180,180,-0.437,0,-0.05,0,0,0,0,1,0,0,0,0,0,0,0,0,0,0,0,0,0,0,0,0,56.63,312.318,28.5,0,0.559,0.174,0.044,0.024,81,116,311,2.5,0,0,0,0,0,0,0,0,0,339

Main.js:462 446.434,189,180,180,-0.462,0,-0.05,0,0,0,0,1,0,0,0,0,0,0,0,0,0,0,0,0,0,0,0,0,57.202,312.507,30,0,0.572,0.189,0.043,0.025,80,118.5,311,2.5,0,0,0,0,0,0,0,0,0,355

Main.js:462 445.947,189,180,180,-0.487,0,-0.05,0,0,0,0,1,0,0,0,0,0,0,0,0,0,0,0,0,0,0,0,0,57.787,312.711,31.5,0,0.584,0.204,0.043,0.026,79,121,311,2.5,0,0,0,0,0,0,0,0,0,372

Main.js:462 445.438,189,180,180,-0.51,0,-0.05,0,0,0,0,1,0,0,0,0,0,0,0,0,0,0,0,0,0,0,0,0,58.382,312.931,33,0,0.595,0.22,0.042,0.027,78,123.5,311,2.5,0,0,0,0,0,0,0,0,0,389

Main.js:462 444.906,189,180,180,-0.532,0,-0.05,0,0,0,0,1,0,0,0,0,0,0,0,0,0,0,0,0,0,0,0,0,58.986,313.167,34.5,0,0.604,0.236,0.041,0.028,77,126,311,2.5,0,0,0,0,0,0,0,0,0,405

Main.js:462 444.353,189,180,180,-0.553,0,-0.05,0,0,0,0,1,0,0,0,0,0,0,0,0,0,0,0,0,0,0,0,0,59.598,313.419,36,0,0.613,0.252,0.04,0.029,76,128.5,311,2.5,0,0,0,0,0,0,0,0,0,422

Main.js:462 443.78,189,180,180,-0.573,0,-0.05,0,0,0,0,1,0,0,0,0,0,0,0,0,0,0,0,0,0,0,0,0,60.218,313.688,37.5,0,0.62,0.268,0.04,0.03,75,131,311,2.5,0,0,0,0,0,0,0,0,0,439

Main.js:462 443.189,189,180,180,-0.592,0,-0.05,0,0,0,0,1,0,0,0,0,0,0,0,0,0,0,0,0,0,0,0,0,60.844,313.973,39,0,0.626,0.285,0.039,0.031,74,133.5,311,2.5,0,0,0,0,0,0,0,0,0,455

Main.js:462 442.579,189,180,180,-0.609,0,-0.05,0,0,0,0,1,0,0,0,0,0,0,0,0,0,0,0,0,0,0,0,0,61.474,314.274,40.5,0,0.63,0.301,0.038,0.032,73,136,311,2.5,0,0,0,0,0,0,0,0,0,472

Main.js:462 441.953,189,180,180,-0.626,0,-0.05,0,0,0,0,1,0,0,0,0,0,0,0,0,0,0,0,0,0,0,0,0,62.108,314.592,42,0,0.634,0.318,0.037,0.033,72,138.5,311,2.5,0,0,0,0,0,0,0,0,0,489

Main.js:462 441.31,189,180,180,-0.643,0,-0.05,0,0,0,0,1,0,0,0,0,0,0,0,0,0,0,0,0,0,0,0,0,62.745,314.927,43.5,0,0.637,0.335,0.036,0.034,71,141,311,2.5,0,0,0,0,0,0,0,0,0,505

Main.js:462 440.652,189,180,180,-0.658,0,-0.05,0,0,0,0,1,0,0,0,0,0,0,0,0,0,0,0,0,0,0,0,0,63.385,315.278,43.5,358.5,0.64,0.351,0.036,0.034,70,143.5,311,2.5,0,0,0,0,0,0,0,0,0,521

Main.js:462 439.98,189,180,180,-0.673,0,-0.05,0,0,0,0,1,0,0,0,0,0,0,0,0,0,0,0,0,0,0,0,0,64.027,315.644,43.5,357,0.642,0.366,0.036,0.034,69,146,311,2.5,0,0,0,0,0,0,0,0,0,539

Main.js:462 439.293,189,180,180,-0.686,0,-0.05,0,0,0,0,1,0,0,0,0,0,0,0,0,0,0,0,0,0,0,0,0,64.671,316.025,43.5,355.5,0.644,0.38,0.036,0.034,68,148.5,311,2.5,0,0,0,0,0,0,0,0,0,556

Main.js:462 438.593,189,180,180,-0.7,0,-0.05,0,0,0,0,1,0,0,0,0,0,0,0,0,0,0,0,0,0,0,0,0,65.318,316.419,43.5,354,0.647,0.394,0.036,0.034,67,151,311,2.5,0,0,0,0,0,0,0,0,0,571

Main.js:462 437.881,189,180,180,-0.712,0,-0.05,0,0,0,0,1,0,0,0,0,0,0,0,0,0,0,0,0,0,0,0,0,65.966,316.826,43.5,352.5,0.649,0.407,0.036,0.034,66,153.5,311,2.5,0,0,0,0,0,0,0,0,0,588

Main.js:462 437.157,189,180,180,-0.724,0,-0.05,0,0,0,0,1,0,0,0,0,0,0,0,0,0,0,0,0,0,0,0,0,66.617,317.246,43.5,351,0.651,0.419,0.036,0.034,65,156,311,2.5,0,0,0,0,0,0,0,0,0,605

Main.js:462 436.422,189,180,180,-0.735,0,-0.05,0,0,0,0,1,0,0,0,0,0,0,0,0,0,0,0,0,0,0,0,0,67.27,317.677,43.5,349.5,0.653,0.431,0.036,0.034,64,158.5,311,2.5,0,0,0,0,0,0,0,0,0,622

Main.js:462 435.676,189,180,180,-0.746,0,-0.05,0,0,0,0,1,0,0,0,0,0,0,0,0,0,0,0,0,0,0,0,0,67.924,318.119,43.5,348,0.654,0.442,0.036,0.034,63,161,311,2.5,0,0,0,0,0,0,0,0,0,639

Main.js:462 434.919,189,180,180,-0.756,0,-0.05,0,0,0,0,1,0,0,0,0,0,0,0,0,0,0,0,0,0,0,0,0,68.58,318.572,43.5,346.5,0.656,0.453,0.036,0.034,62,163.5,311,2.5,0,0,0,0,0,0,0,0,0,657

Main.js:462 434.154,189,180,180,-0.766,0,-0.05,0,0,0,0,1,0,0,0,0,0,0,0,0,0,0,0,0,0,0,0,0,69.238,319.035,43.5,345,0.658,0.463,0.036,0.034,61,166,311,2.5,0,0,0,0,0,0,0,0,0,672

Main.js:462 433.378,189,180,180,-0.775,0,-0.05,0,0,0,0,1,0,0,0,0,0,0,0,0,0,0,0,0,0,0,0,0,69.898,319.507,43.5,343.5,0.659,0.473,0.036,0.034,60,168.5,311,2.5,0,0,0,0,0,0,0,0,0,689

Main.js:462 432.594,189,180,180,-0.784,0,-0.05,0,0,0,0,1,0,0,0,0,0,0,0,0,0,0,0,0,0,0,0,0,70.559,319.989,43.5,342,0.661,0.482,0.036,0.034,59,171,311,2.5,0,0,0,0,0,0,0,0,0,705

Main.js:462 431.802,189,180,180,-0.792,0,-0.05,0,0,0,0,1,0,0,0,0,0,0,0,0,0,0,0,0,0,0,0,0,71.221,320.479,43.5,340.5,0.662,0.49,0.036,0.034,58,173.5,311,2.5,0,0,0,0,0,0,0,0,0,723

Main.js:462 431.002,189,180,180,-0.8,0,-0.05,0,0,0,0,1,0,0,0,0,0,0,0,0,0,0,0,0,0,0,0,0,71.885,320.978,43.5,339,0.664,0.498,0.036,0.034,57,176,311,2.5,0,0,0,0,0,0,0,0,0,738

Main.js:462 430.194,189,180,180,-0.808,0,-0.05,0,0,0,0,1,0,0,0,0,0,0,0,0,0,0,0,0,0,0,0,0,72.55,321.484,43.5,337.5,0.665,0.506,0.036,0.034,56,178.5,311,2.5,0,0,0,0,0,0,0,0,0,755

Main.js:462 429.38,189,180,180,-0.815,0,-0.05,0,0,0,0,1,0,0,0,0,0,0,0,0,0,0,0,0,0,0,0,0,73.216,321.997,43.5,336,0.666,0.514,0.036,0.034,55,181,311,2.5,0,0,0,0,0,0,0,0,0,771

Main.js:462 428.558,189,180,180,-0.821,0,-0.05,0,0,0,0,1,0,0,0,0,0,0,0,0,0,0,0,0,0,0,0,0,73.883,322.518,43.5,334.5,0.667,0.521,0.036,0.034,54,183.5,311,2.5,0,0,0,0,0,0,0,0,0,790

Main.js:462 427.73,189,180,180,-0.828,0,-0.05,0,0,0,0,1,0,0,0,0,0,0,0,0,0,0,0,0,0,0,0,0,74.551,323.045,43.5,333,0.668,0.527,0.036,0.034,53,186,311,2.5,0,0,0,0,0,0,0,0,0,806

Main.js:462 426.896,189,180,180,-0.834,0,-0.05,0,0,0,0,1,0,0,0,0,0,0,0,0,0,0,0,0,0,0,0,0,75.221,323.579,43.5,331.5,0.669,0.534,0.036,0.034,52,188.5,311,2.5,0,0,0,0,0,0,0,0,0,821

Main.js:462 426.057,189,180,180,-0.84,0,-0.05,0,0,0,0,1,0,0,0,0,0,0,0,0,0,0,0,0,0,0,0,0,75.891,324.118,43.5,330,0.67,0.54,0.036,0.034,51,191,311,2.5,0,0,0,0,0,0,0,0,0,839

Main.js:462 425.211,189,180,180,-0.845,0,-0.05,0,0,0,0,1,0,0,0,0,0,0,0,0,0,0,0,0,0,0,0,0,76.563,324.664,43.5,328.5,0.671,0.545,0.036,0.034,50,193.5,311,2.5,0,0,0,0,0,0,0,0,0,856

Main.js:462 424.361,189,180,180,-0.851,0,-0.05,0,0,0,0,1,0,0,0,0,0,0,0,0,0,0,0,0,0,0,0,0,77.235,325.214,43.5,327,0.672,0.551,0.036,0.034,49,196,311,2.5,0,0,0,0,0,0,0,0,0,871

Main.js:462 423.505,189,180,180,-0.856,0,-0.05,0,0,0,0,1,0,0,0,0,0,0,0,0,0,0,0,0,0,0,0,0,77.908,325.77,43.5,325.5,0.673,0.556,0.036,0.034,48,198.5,311,2.5,0,0,0,0,0,0,0,0,0,890

Main.js:462 422.645,189,180,180,-0.86,0,-0.05,0,0,0,0,1,0,0,0,0,0,0,0,0,0,0,0,0,0,0,0,0,78.582,326.331,43.5,324,0.674,0.561,0.036,0.034,47,201,311,2.5,0,0,0,0,0,0,0,0,0,906

Main.js:462 421.78,189,180,180,-0.865,0,-0.05,0,0,0,0,1,0,0,0,0,0,0,0,0,0,0,0,0,0,0,0,0,79.256,326.897,43.5,322.5,0.675,0.565,0.036,0.034,46,203.5,311,2.5,0,0,0,0,0,0,0,0,0,924

Main.js:462 420.911,189,180,180,-0.869,0,-0.05,0,0,0,0,1,0,0,0,0,0,0,0,0,0,0,0,0,0,0,0,0,79.932,327.466,43.5,321,0.675,0.57,0.036,0.034,45,206,311,2.5,0,0,0,0,0,0,0,0,0,940

Main.js:462 420.038,189,180,180,-0.873,0,-0.05,0,0,0,0,1,0,0,0,0,0,0,0,0,0,0,0,0,0,0,0,0,80.608,328.04,43.5,319.5,0.676,0.574,0.036,0.034,44,208.5,311,2.5,0,0,0,0,0,0,0,0,0,1005

Main.js:462 419.161,189,180,180,-0.877,0,-0.05,0,0,0,0,1,0,0,0,0,0,0,0,0,0,0,0,0,0,0,0,0,81.285,328.618,42,316.5,0.678,0.577,0.037,0.033,43,211,311,2.5,0,0,0,0,0,0,0,0,0,1022

Main.js:462 418.281,189,180,180,-0.881,0,-0.05,0,0,0,0,1,0,0,0,0,0,0,0,0,0,0,0,0,0,0,0,0,81.965,329.197,40.5,313.5,0.68,0.579,0.038,0.032,42,213.5,311,2.5,0,0,0,0,0,0,0,0,0,1039

Main.js:462 417.397,189,180,180,-0.884,0,-0.05,0,0,0,0,1,0,0,0,0,0,0,0,0,0,0,0,0,0,0,0,0,82.648,329.777,39,310.5,0.683,0.58,0.039,0.031,41,216,311,2.5,0,0,0,0,0,0,0,0,0,1055

Main.js:462 416.509,189,180,180,-0.887,0,-0.05,0,0,0,0,1,0,0,0,0,0,0,0,0,0,0,0,0,0,0,0,0,83.334,330.357,37.5,307.5,0.686,0.58,0.04,0.03,40,218.5,311,2.5,0,0,0,0,0,0,0,0,0,1071

Main.js:462 415.619,189,180,180,-0.89,0,-0.05,0,0,0,0,1,0,0,0,0,0,0,0,0,0,0,0,0,0,0,0,0,84.024,330.936,36,304.5,0.69,0.579,0.04,0.029,39,221,311,2.5,0,0,0,0,0,0,0,0,0,1088

Main.js:462 414.725,189,180,180,-0.893,0,-0.05,0,0,0,0,1,0,0,0,0,0,0,0,0,0,0,0,0,0,0,0,0,84.719,331.513,34.5,301.5,0.695,0.577,0.041,0.028,38,223.5,311,2.5,0,0,0,0,0,0,0,0,0,1105

Main.js:462 413.829,189,180,180,-0.896,0,-0.05,0,0,0,0,1,0,0,0,0,0,0,0,0,0,0,0,0,0,0,0,0,85.419,332.087,33,298.5,0.7,0.574,0.042,0.027,37,226,311,2.5,0,0,0,0,0,0,0,0,0,1122

Main.js:462 412.93,189,180,180,-0.899,0,-0.05,0,0,0,0,1,0,0,0,0,0,0,0,0,0,0,0,0,0,0,0,0,86.125,332.657,31.5,295.5,0.706,0.57,0.043,0.026,36,228.5,311,2.5,0,0,0,0,0,0,0,0,0,1138

Main.js:462 412.029,189,180,180,-0.902,0,-0.05,0,0,0,0,1,0,0,0,0,0,0,0,0,0,0,0,0,0,0,0,0,86.836,333.222,30,292.5,0.711,0.565,0.043,0.025,35,231,311,2.5,0,0,0,0,0,0,0,0,0,1155

Main.js:462 411.125,189,180,180,-0.904,0,-0.05,0,0,0,0,1,0,0,0,0,0,0,0,0,0,0,0,0,0,0,0,0,87.554,333.782,28.5,289.5,0.718,0.56,0.044,0.024,34,233.5,311,2.5,0,0,0,0,0,0,0,0,0,1173

Main.js:462 410.218,189,180,180,-0.906,0,-0.05,0,0,0,0,1,0,0,0,0,0,0,0,0,0,0,0,0,0,0,0,0,88.278,334.335,27,286.5,0.724,0.553,0.045,0.023,33,236,311,2.5,0,0,0,0,0,0,0,0,0,1189

Main.js:462 409.31,189,180,180,-0.908,0,-0.05,0,0,0,0,1,0,0,0,0,0,0,0,0,0,0,0,0,0,0,0,0,89.009,334.881,25.5,283.5,0.731,0.546,0.045,0.022,32,238.5,311,2.5,0,0,0,0,0,0,0,0,0,1205

Main.js:462 408.4,189,180,180,-0.911,0,-0.05,0,0,0,0,1,0,0,0,0,0,0,0,0,0,0,0,0,0,0,0,0,89.746,335.419,24,280.5,0.738,0.538,0.046,0.02,31,241,311,2.5,0,0,0,0,0,0,0,0,0,1223

Main.js:462 407.487,189,180,180,-0.912,0,-0.05,0,0,0,0,1,0,0,0,0,0,0,0,0,0,0,0,0,0,0,0,0,90.491,335.948,22.5,277.5,0.745,0.529,0.046,0.019,30,243.5,311,2.5,0,0,0,0,0,0,0,0,0,1239

Main.js:462 406.573,189,180,180,-0.914,0,-0.05,0,0,0,0,1,0,0,0,0,0,0,0,0,0,0,0,0,0,0,0,0,91.243,336.468,21,274.5,0.752,0.52,0.047,0.018,29,246,311,2.5,0,0,0,0,0,0,0,0,0,1256

Main.js:462 405.657,189,180,180,-0.916,0,-0.05,0,0,0,0,1,0,0,0,0,0,0,0,0,0,0,0,0,0,0,0,0,92.002,336.978,19.5,271.5,0.759,0.51,0.047,0.017,28,248.5,311,2.5,0,0,0,0,0,0,0,0,0,1271

Main.js:462 404.739,189,180,180,-0.918,0,-0.05,0,0,0,0,1,0,0,0,0,0,0,0,0,0,0,0,0,0,0,0,0,92.768,337.477,18,268.5,0.766,0.499,0.048,0.015,27,251,311,2.5,0,0,0,0,0,0,0,0,0,1289

Main.js:462 403.819,189,180,180,-0.919,0,-0.05,0,0,0,0,1,0,0,0,0,0,0,0,0,0,0,0,0,0,0,0,0,93.541,337.964,16.5,265.5,0.773,0.487,0.048,0.014,26,253.5,311,2.5,0,0,0,0,0,0,0,0,0,1306

Main.js:462 402.898,189,180,180,-0.921,0,-0.05,0,0,0,0,1,0,0,0,0,0,0,0,0,0,0,0,0,0,0,0,0,94.322,338.44,15,262.5,0.781,0.475,0.048,0.013,25,256,311,2.5,0,0,0,0,0,0,0,0,0,1322

Main.js:462 401.976,189,180,180,-0.922,0,-0.05,0,0,0,0,1,0,0,0,0,0,0,0,0,0,0,0,0,0,0,0,0,95.109,338.903,13.5,259.5,0.788,0.463,0.049,0.012,24,258.5,311,2.5,0,0,0,0,0,0,0,0,0,1338

Main.js:462 401.052,189,180,180,-0.924,0,-0.05,0,0,0,0,1,0,0,0,0,0,0,0,0,0,0,0,0,0,0,0,0,95.904,339.352,12,256.5,0.795,0.449,0.049,0.01,23,261,311,2.5,0,0,0,0,0,0,0,0,0,1356

Main.js:462 400.127,189,180,180,-0.925,0,-0.05,0,0,0,0,1,0,0,0,0,0,0,0,0,0,0,0,0,0,0,0,0,96.706,339.788,10.5,253.5,0.802,0.436,0.049,0.009,22,263.5,311,2.5,0,0,0,0,0,0,0,0,0,1372

Main.js:462 399.201,189,180,180,-0.926,0,-0.05,0,0,0,0,1,0,0,0,0,0,0,0,0,0,0,0,0,0,0,0,0,97.515,340.209,9,250.5,0.809,0.421,0.049,0.008,21,266,311,2.5,0,0,0,0,0,0,0,0,0,1389

Main.js:462 398.273,189,180,180,-0.928,0,-0.05,0,0,0,0,1,0,0,0,0,0,0,0,0,0,0,0,0,0,0,0,0,98.33,340.615,7.5,247.5,0.815,0.406,0.05,0.007,20,268.5,311,2.5,0,0,0,0,0,0,0,0,0,1404

Main.js:462 397.344,189,180,180,-0.929,0,-0.05,0,0,0,0,1,0,0,0,0,0,0,0,0,0,0,0,0,0,0,0,0,99.152,341.006,6,244.5,0.822,0.391,0.05,0.005,19,271,311,2.5,0,0,0,0,0,0,0,0,0,1421

Main.js:462 396.415,189,180,180,-0.93,0,-0.05,0,0,0,0,1,0,0,0,0,0,0,0,0,0,0,0,0,0,0,0,0,99.98,341.382,4.5,241.5,0.828,0.375,0.05,0.004,18,273.5,311,2.5,0,0,0,0,0,0,0,0,0,1440

Main.js:462 395.484,189,180,180,-0.931,0,-0.05,0,0,0,0,1,0,0,0,0,0,0,0,0,0,0,0,0,0,0,0,0,100.814,341.741,3,238.5,0.834,0.359,0.05,0.003,17,276,311,2.5,0,0,0,0,0,0,0,0,0,1456

Main.js:462 394.552,189,180,180,-0.932,0,-0.05,0,0,0,0,1,0,0,0,0,0,0,0,0,0,0,0,0,0,0,0,0,101.653,342.083,1.5,235.5,0.84,0.342,0.05,0.001,16,278.5,311,2.5,0,0,0,0,0,0,0,0,0,1472

Main.js:462 393.62,189,180,180,-0.933,0,-0.05,0,0,0,0,1,0,0,0,0,0,0,0,0,0,0,0,0,0,0,0,0,102.499,342.408,0,232.5,0.845,0.325,0.05,0,15,281,311,2.5,0,0,0,0,0,0,0,0,0,1489

Main.js:462 392.686,189.001,178.5,178.5,-0.933,0.001,-0.05,0.001,0,1,0,1,0,0,0,0,0,0,0,0,0,0,0,0,0,0,0,0,103.349,342.716,358.5,229.5,0.851,0.308,0.05,-0.001,14,283.5,311,2.5,0,0,0,0,0,0,0,0,0,1506

Main.js:462 391.752,189.005,177,177,-0.934,0.004,-0.05,0.003,0,1,0,1,0,0,0,0,0,0,0,0,0,0,0,0,0,0,0,0,104.205,343.006,357,226.5,0.855,0.29,0.05,-0.003,13,286,311,2.5,0,0,0,0,0,0,0,0,0,1522

Main.js:462 390.817,189.012,175.5,175.5,-0.935,0.007,-0.05,0.004,0,1,0,1,0,0,0,0,0,0,0,0,0,0,0,0,0,0,0,0,105.065,343.277,355.5,223.5,0.86,0.272,0.05,-0.004,12,288.5,311,2.5,0,0,0,0,0,0,0,0,0,1538

Main.js:462 389.882,189.024,174,174,-0.935,0.012,-0.05,0.005,0,1,0,1,0,0,0,0,0,0,0,0,0,0,0,0,0,0,0,0,105.929,343.53,354,220.5,0.864,0.253,0.05,-0.005,11,291,311,2.5,0,0,0,0,0,0,0,0,0,1556

Main.js:462 388.946,189.041,172.5,172.5,-0.936,0.017,-0.05,0.007,0,1,0,1,0,0,0,0,0,0,0,0,0,0,0,0,0,0,0,0,106.797,343.764,352.5,217.5,0.868,0.234,0.05,-0.007,10,293.5,311,2.5,0,0,0,0,0,0,0,0,0,1571

Main.js:462 388.01,189.065,171,171,-0.936,0.024,-0.049,0.008,0,1,0,1,0,0,0,0,0,0,0,0,0,0,0,0,0,0,0,0,107.669,343.979,351,214.5,0.872,0.215,0.049,-0.008,9,296,311,2.5,0,0,0,0,0,0,0,0,0,1588

Main.js:462 387.074,189.097,169.5,169.5,-0.936,0.031,-0.049,0.009,0,1,0,1,0,0,0,0,0,0,0,0,0,0,0,0,0,0,0,0,108.544,344.175,349.5,211.5,0.875,0.196,0.049,-0.009,8,298.5,311,2.5,0,0,0,0,0,0,0,0,0,1605

Main.js:462 386.139,189.137,168,168,-0.935,0.04,-0.049,0.01,0,1,0,1,0,0,0,0,0,0,0,0,0,0,0,0,0,0,0,0,109.421,344.351,348,208.5,0.878,0.176,0.049,-0.01,7,301,311,2.5,0,0,0,0,0,0,0,0,0,1623

Main.js:462 385.204,189.185,166.5,166.5,-0.935,0.049,-0.049,0.012,0,1,0,1,0,0,0,0,0,0,0,0,0,0,0,0,0,0,0,0,110.301,344.507,346.5,205.5,0.88,0.156,0.049,-0.012,6,303.5,311,2.5,0,0,0,0,0,0,0,0,0,1638

Main.js:462 384.27,189.244,165,165,-0.934,0.059,-0.048,0.013,0,1,0,1,0,0,0,0,0,0,0,0,0,0,0,0,0,0,0,0,111.183,344.643,345,202.5,0.882,0.136,0.048,-0.013,5,306,311,2.5,0,0,0,0,0,0,0,0,0,1655

Main.js:462 383.337,189.313,163.5,163.5,-0.933,0.069,-0.048,0.014,0,1,0,1,0,0,0,0,0,0,0,0,0,0,0,0,0,0,0,0,112.066,344.759,343.5,199.5,0.883,0.116,0.048,-0.014,4,308.5,311,2.5,0,0,0,0,0,0,0,0,0,1673

Main.js:462 382.406,189.394,162,162,-0.931,0.08,-0.048,0.015,0,1,0,1,0,0,0,0,0,0,0,0,0,0,0,0,0,0,0,0,112.95,344.854,342,196.5,0.884,0.095,0.048,-0.015,3,311,311,2.5,0,0,0,0,0,0,0,0,0,1688

Main.js:462 381.477,189.486,160.5,160.5,-0.93,0.092,-0.047,0.017,0,1,0,1,0,0,0,0,0,0,0,0,0,0,0,0,0,0,0,0,113.835,344.929,340.5,193.5,0.885,0.075,0.047,-0.017,2,313.5,311,2.5,0,0,0,0,0,0,0,0,0,1705

Main.js:462 380.549,189.591,159,159,-0.927,0.105,-0.047,0.018,0,1,0,1,0,0,0,0,0,0,0,0,0,0,0,0,0,0,0,0,114.72,344.982,339,190.5,0.885,0.054,0.047,-0.018,1,316,311,2.5,0,0,0,0,0,0,0,0,0,1722

Main.js:462 379.624,189.708,157.5,157.5,-0.925,0.118,-0.046,0.019,0,1,0,1,0,0,0,0,0,0,0,0,0,0,0,0,0,0,0,0,115.604,345.015,337.5,187.5,0.884,0.033,0.046,-0.019,0,318.5,311,2.5,0,0,0,0,0,0,0,0,0,1738

Main.js:462 378.702,189.84,156,156,-0.922,0.131,-0.046,0.02,0,1,0,1,0,0,0,0,0,0,0,0,0,0,0,0,0,0,0,0,116.488,345.027,336,184.5,0.884,0.012,0.046,-0.02,99,321,311,2.5,0,0,0,0,0,0,0,0,0,1756

Main.js:462 377.783,189.983,156,156,-0.919,0.144,-0.046,0.02,0,0,0,1,0,0,0,0,0,0,0,0,0,0,0,0,0,0,0,0,117.37,345.018,334.5,181.5,0.882,-0.009,0.045,-0.022,98,323.5,311,2.5,0,92.177,343.172,-2.492,-0.196,0,0,0,0,1773

Main.js:462 376.866,190.139,156,156,-0.917,0.156,-0.046,0.02,0,0,0,1,0,0,0,0,0,0,0,0,0,0,0,0,0,0,0,0,118.251,344.988,333,178.5,0.881,-0.03,0.045,-0.023,97,326,311,2.5,0,89.684,342.975,-2.492,-0.196,0,0,0,0,1790

Main.js:462 375.952,190.307,156,156,-0.914,0.168,-0.046,0.02,0,0,0,1,0,0,0,0,0,0,0,0,0,0,0,0,0,0,0,0,119.129,344.937,331.5,175.5,0.878,-0.051,0.044,-0.024,96,328.5,311,2.5,0,87.192,342.779,-2.492,-0.196,0,0,0,0,1805

Main.js:462 375.04,190.485,156,156,-0.912,0.178,-0.046,0.02,0,0,0,1,0,0,0,0,0,0,0,0,0,0,0,0,0,0,0,0,120.005,344.864,330,172.5,0.876,-0.072,0.043,-0.025,95,331,311,2.5,0,84.7,342.583,-2.492,-0.196,0,0,0,0,1821

Main.js:462 374.13,190.674,156,156,-0.91,0.189,-0.046,0.02,0,0,0,1,0,0,0,0,0,0,0,0,0,0,0,0,0,0,0,0,120.877,344.771,328.5,169.5,0.872,-0.094,0.043,-0.026,94,333.5,311,2.5,0,82.207,342.387,-2.492,-0.196,0,0,0,0,1839

Main.js:462 373.222,190.873,156,156,-0.908,0.199,-0.046,0.02,0,0,0,1,0,0,0,0,0,0,0,0,0,0,0,0,0,0,0,0,121.745,344.656,327,166.5,0.868,-0.115,0.042,-0.027,93,336,311,2.5,0,79.715,342.191,-2.492,-0.196,0,0,0,0,1855

Main.js:462 372.316,191.081,156,156,-0.906,0.208,-0.046,0.02,0,0,0,1,0,0,0,0,0,0,0,0,0,0,0,0,0,0,0,0,122.609,344.52,325.5,163.5,0.864,-0.136,0.041,-0.028,92,338.5,311,2.5,0,77.223,341.995,-2.492,-0.196,0,0,0,0,1872

Main.js:462 371.412,191.298,156,156,-0.904,0.217,-0.046,0.02,0,0,0,1,0,0,0,0,0,0,0,0,0,0,0,0,0,0,0,0,123.469,344.363,324,160.5,0.859,-0.157,0.04,-0.029,91,341,311,2.5,0,74.731,341.799,-2.492,-0.196,0,0,0,0,1889

Main.js:462 370.51,191.524,156,156,-0.902,0.225,-0.046,0.02,0,0,0,1,0,0,0,0,0,0,0,0,0,0,0,0,0,0,0,0,124.323,344.185,322.5,157.5,0.854,-0.178,0.04,-0.03,90,343.5,311,2.5,0,72.238,341.602,-2.492,-0.196,0,0,0,0,1905

Main.js:462 369.61,191.757,156,156,-0.9,0.234,-0.046,0.02,0,0,0,1,0,0,0,0,0,0,0,0,0,0,0,0,0,0,0,0,125.171,343.985,321,154.5,0.848,-0.199,0.039,-0.031,89,346,311,2.5,0,69.746,341.406,-2.492,-0.196,0,0,0,0,1922

Main.js:462 368.711,191.998,156,156,-0.899,0.241,-0.046,0.02,0,0,0,1,0,0,0,0,0,0,0,0,0,0,0,0,0,0,0,0,126.013,343.765,319.5,151.5,0.842,-0.22,0.038,-0.032,88,348.5,311,2.5,0,67.254,341.21,-2.492,-0.196,0,0,0,0,1940

Main.js:462 367.814,192.247,156,156,-0.897,0.248,-0.046,0.02,0,0,0,1,0,0,0,0,0,0,0,0,0,0,0,0,0,0,0,0,126.848,343.524,318,148.5,0.835,-0.241,0.037,-0.033,87,351,311,2.5,0,64.761,341.014,-2.492,-0.196,0,0,0,0,1955

Main.js:462 366.919,192.502,156,156,-0.896,0.255,-0.046,0.02,0,0,0,1,0,0,0,0,0,0,0,0,0,0,0,0,0,0,0,0,127.676,343.263,316.5,145.5,0.828,-0.262,0.036,-0.034,86,353.5,311,2.5,0,62.269,340.818,-2.492,-0.196,0,0,0,0,1972

Main.js:462 366.024,192.764,156,156,-0.894,0.262,-0.046,0.02,0,0,0,1,0,0,0,0,0,0,0,0,0,0,0,0,0,0,0,0,128.497,342.981,315,142.5,0.82,-0.282,0.035,-0.035,85,356,311,2.5,0,59.777,340.622,-2.492,-0.196,0,0,0,0,1988

Main.js:462 365.131,193.032,156,156,-0.893,0.268,-0.046,0.02,0,0,0,1,0,0,0,0,0,0,0,0,0,0,0,0,0,0,0,0,129.308,342.678,313.5,139.5,0.812,-0.302,0.034,-0.036,84,358.5,311,2.5,0,57.285,340.426,-2.492,-0.196,0,0,0,0,2006

Main.js:462 364.24,193.306,156,156,-0.892,0.274,-0.046,0.02,0,0,0,1,0,0,0,0,0,0,0,0,0,0,0,0,0,0,0,0,130.113,342.358,315,139.5,0.805,-0.321,0.035,-0.035,83,361,311,2.5,0,54.792,340.229,-2.492,-0.196,0,0,0,0,2022

Main.js:462 363.349,193.586,156,156,-0.891,0.28,-0.046,0.02,0,0,0,1,0,0,0,0,0,0,0,0,0,0,0,0,0,0,0,0,130.912,342.02,316.5,139.5,0.799,-0.338,0.036,-0.034,82,363.5,311,2.5,0,52.3,340.033,-2.492,-0.196,0,0,0,0,2039

Main.js:462 362.46,193.871,156,156,-0.889,0.285,-0.046,0.02,0,0,0,1,0,0,0,0,0,0,0,0,0,0,0,0,0,0,0,0,131.706,341.668,318,139.5,0.794,-0.352,0.037,-0.033,81,366,311,2.5,0,49.808,339.837,-2.492,-0.196,0,0,0,0,2055

Main.js:462 361.571,194.161,156,156,-0.888,0.29,-0.046,0.02,0,0,0,1,0,0,0,0,0,0,0,0,0,0,0,0,0,0,0,0,132.497,341.302,319.5,139.5,0.791,-0.366,0.038,-0.032,80,368.5,311,2.5,0,47.315,339.641,-2.492,-0.196,0,0,0,0,2072

Main.js:462 360.684,194.456,156,156,-0.887,0.295,-0.046,0.02,0,0,0,1,0,0,0,0,0,0,0,0,0,0,0,0,0,0,0,0,133.285,340.925,321,139.5,0.788,-0.377,0.039,-0.031,79,371,311,2.5,0,44.823,339.445,-2.492,-0.196,0,0,0,0,2100

Main.js:462 359.798,194.755,156,156,-0.886,0.299,-0.046,0.02,0,0,0,1,0,0,0,0,0,0,0,0,0,0,0,0,0,0,0,0,134.072,340.538,322.5,139.5,0.786,-0.387,0.04,-0.03,78,373.5,311,2.5,0,42.331,339.249,-2.492,-0.196,0,0,0,0,2104

Main.js:462 358.912,195.059,156,156,-0.885,0.304,-0.046,0.02,0,0,0,1,0,0,0,0,0,0,0,0,0,0,0,0,0,0,0,0,134.857,340.142,324,139.5,0.786,-0.396,0.04,-0.029,77,376,311,2.5,0,39.838,339.052,-2.492,-0.196,0,0,0,0,2121

Main.js:462 358.028,195.367,156,156,-0.885,0.308,-0.046,0.02,0,0,0,1,0,0,0,0,0,0,0,0,0,0,0,0,0,0,0,0,135.643,339.739,325.5,139.5,0.785,-0.403,0.041,-0.028,76,378.5,311,2.5,0,37.346,338.856,-2.492,-0.196,0,0,0,0,2137

Main.js:462 357.144,195.679,156,156,-0.884,0.312,-0.046,0.02,0,0,0,1,0,0,0,0,0,0,0,0,0,0,0,0,0,0,0,0,136.429,339.33,327,139.5,0.786,-0.409,0.042,-0.027,75,381,311,2.5,0,34.854,338.66,-2.492,-0.196,0,0,0,0,2154

Main.js:462 356.261,195.994,156,156,-0.883,0.316,-0.046,0.02,0,0,0,1,0,0,0,0,0,0,0,0,0,0,0,0,0,0,0,0,137.216,338.917,328.5,139.5,0.787,-0.413,0.043,-0.026,74,383.5,311,2.5,0,32.362,338.464,-2.492,-0.196,0,0,0,0,2172

Main.js:462 355.379,196.313,156,156,-0.882,0.319,-0.046,0.02,0,0,0,1,0,0,0,0,0,0,0,0,0,0,0,0,0,0,0,0,138.005,338.501,330,139.5,0.789,-0.416,0.043,-0.025,73,386,311,2.5,0,29.869,338.268,-2.492,-0.196,0,0,0,0,2189

Main.js:462 354.497,196.636,156,156,-0.881,0.322,-0.046,0.02,0,0,0,1,0,0,0,0,0,0,0,0,0,0,0,0,0,0,0,0,138.796,338.083,331.5,139.5,0.791,-0.418,0.044,-0.024,72,388.5,311,2.5,0,27.377,338.072,-2.492,-0.196,0,0,0,0,2206

Main.js:462 353.617,196.962,156,156,-0.881,0.326,-0.046,0.02,0,0,0,1,0,0,0,0,0,0,0,0,0,0,0,0,0,0,0,0,139.59,337.664,333,139.5,0.794,-0.419,0.045,-0.023,71,391,311,2.5,0,24.885,337.876,-2.492,-0.196,0,0,0,0,2223

Main.js:462 352.737,197.29,156,156,-0.88,0.329,-0.046,0.02,0,0,0,1,0,0,0,0,0,0,0,0,0,0,0,0,0,0,0,0,140.387,337.246,334.5,139.5,0.797,-0.418,0.045,-0.022,70,393.5,311,2.5,0,22.392,337.679,-2.492,-0.196,0,0,0,0,2238

Main.js:462 351.857,197.622,156,156,-0.88,0.332,-0.046,0.02,0,0,0,1,0,0,0,0,0,0,0,0,0,0,0,0,0,0,0,0,141.188,336.829,336,139.5,0.801,-0.417,0.046,-0.02,69,396,311,2.5,0,19.9,337.483,-2.492,-0.196,0,0,0,0,2260

Main.js:462 350.978,197.956,156,156,-0.879,0.334,-0.046,0.02,0,0,0,1,0,0,0,0,0,0,0,0,0,0,0,0,0,0,0,0,141.992,336.415,337.5,139.5,0.805,-0.414,0.046,-0.019,68,398.5,311,2.5,0,17.408,337.287,-2.492,-0.196,0,0,0,0,2273

Main.js:462 350.1,198.293,156,156,-0.878,0.337,-0.046,0.02,0,0,0,1,0,0,0,0,0,0,0,0,0,0,0,0,0,0,0,0,142.801,336.005,339,139.5,0.809,-0.41,0.047,-0.018,67,401,311,2.5,0,14.916,337.091,-2.492,-0.196,0,0,0,0,2289

Main.js:462 349.222,198.633,156,156,-0.878,0.339,-0.046,0.02,0,0,0,1,0,0,0,0,0,0,0,0,0,0,0,0,0,0,0,0,143.614,335.599,340.5,139.5,0.813,-0.406,0.047,-0.017,66,403.5,311,2.5,0,12.423,336.895,-2.492,-0.196,0,0,0,0,2305

Main.js:462 348.345,198.975,154.5,154.5,-0.877,0.343,-0.045,0.022,0,1,0,1,0,0,0,0,0,0,0,0,0,0,0,0,0,0,0,0,144.432,335.199,342,139.5,0.818,-0.4,0.048,-0.015,65,406,311,2.5,0,9.931,336.699,-2.492,-0.196,0,0,0,0,2322

Main.js:462 347.47,199.323,153,153,-0.875,0.347,-0.045,0.023,0,1,0,1,0,0,0,0,0,0,0,0,0,0,0,0,0,0,0,0,145.254,334.806,343.5,139.5,0.822,-0.394,0.048,-0.014,64,408.5,311,2.5,0,7.439,336.503,-2.492,-0.196,0,0,0,0,2338

Main.js:462 346.638,199.653,151.5,151.5,-0.832,0.33,0,0,0,1,0,0,0,0,0,0,0,0,0,0,0,0,0,0,0,0,0,0,146.081,334.42,345,139.5,0.827,-0.386,0.048,-0.013,63,411,311,2.5,0,4.946,336.306,-2.492,-0.196,0,0,0,0,2355

Main.js:462 345.848,199.966,150,150,-0.79,0.313,0,0,0,1,0,0,0,0,0,0,0,0,0,0,0,0,0,0,0,0,0,0,146.913,334.042,346.5,139.5,0.832,-0.378,0.049,-0.012,62,413.5,311,2.5,0,2.454,336.11,-2.492,-0.196,0,0,0,0,2371

Main.js:462 345.098,200.264,148.5,148.5,-0.75,0.298,0,0,0,1,0,0,0,0,0,0,0,0,0,0,0,0,0,0,0,0,0,0,147.749,333.673,348,139.5,0.837,-0.369,0.049,-0.01,61,416,311,2.5,0,0,0,0,0,0,0,0,0,2387

Main.js:462 344.385,200.547,147,147,-0.713,0.283,0,0,0,1,0,0,0,0,0,0,0,0,0,0,0,0,0,0,0,0,0,0,148.591,333.314,349.5,139.5,0.842,-0.359,0.049,-0.009,60,418.5,311,2.5,0,0,0,0,0,0,0,0,0,2407

Main.js:462 343.708,200.816,145.5,145.5,-0.677,0.269,0,0,0,1,0,0,0,0,0,0,0,0,0,0,0,0,0,0,0,0,0,0,149.437,332.965,351,139.5,0.846,-0.349,0.049,-0.008,59,421,311,2.5,0,0,0,0,0,0,0,0,0,2422

Main.js:462 343.064,201.071,144,144,-0.643,0.255,0,0,0,1,0,0,0,0,0,0,0,0,0,0,0,0,0,0,0,0,0,0,150.288,332.628,352.5,139.5,0.851,-0.337,0.05,-0.007,58,423.5,311,2.5,0,0,0,0,0,0,0,0,0,2438

Main.js:462 342.453,201.313,142.5,142.5,-0.611,0.243,0,0,0,1,0,0,0,0,0,0,0,0,0,0,0,0,0,0,0,0,0,0,151.144,332.302,354,139.5,0.856,-0.325,0.05,-0.005,57,426,311,2.5,0,0,0,0,0,0,0,0,0,2455

Main.js:462 341.872,201.544,141,141,-0.581,0.23,0,0,0,1,0,0,0,0,0,0,0,0,0,0,0,0,0,0,0,0,0,0,152.005,331.99,355.5,139.5,0.86,-0.313,0.05,-0.004,56,428.5,311,2.5,0,0,0,0,0,0,0,0,0,2473

Main.js:462 341.321,201.763,139.5,139.5,-0.552,0.219,0,0,0,1,0,0,0,0,0,0,0,0,0,0,0,0,0,0,0,0,0,0,152.87,331.69,357,139.5,0.865,-0.3,0.05,-0.003,55,431,311,2.5,0,0,0,0,0,0,0,0,0,2488

Main.js:462 340.796,201.971,138,138,-0.524,0.208,0,0,0,1,0,0,0,0,0,0,0,0,0,0,0,0,0,0,0,0,0,0,153.739,331.404,358.5,139.5,0.869,-0.286,0.05,-0.001,54,433.5,311,2.5,0,0,0,0,0,0,0,0,0,2506

Main.js:462 340.299,202.168,136.5,136.5,-0.498,0.198,0,0,0,1,0,0,0,0,0,0,0,0,0,0,0,0,0,0,0,0,0,0,154.612,331.131,358.5,138,0.873,-0.273,0.05,-0.001,53,436,311,2.5,0,0,0,0,0,0,0,0,0,2522

Main.js:462 339.826,202.356,135,135,-0.473,0.188,0,0,0,1,0,0,0,0,0,0,0,0,0,0,0,0,0,0,0,0,0,0,155.489,330.87,358.5,136.5,0.877,-0.261,0.05,-0.001,52,438.5,311,2.5,0,0,0,0,0,0,0,0,0,2538

Main.js:462 339.376,202.534,133.5,133.5,-0.449,0.178,0,0,0,1,0,0,0,0,0,0,0,0,0,0,0,0,0,0,0,0,0,0,156.369,330.622,358.5,135,0.881,-0.249,0.05,-0.001,51,441,311,2.5,0,0,0,0,0,0,0,0,0,2555

Main.js:462 338.949,202.704,132,132,-0.427,0.169,0,0,0,1,0,0,0,0,0,0,0,0,0,0,0,0,0,0,0,0,0,0,157.253,330.384,358.5,133.5,0.884,-0.238,0.05,-0.001,50,443.5,311,2.5,0,0,0,0,0,0,0,0,0,2572

Main.js:462 338.544,202.864,130.5,130.5,-0.406,0.161,0,0,0,1,0,0,0,0,0,0,0,0,0,0,0,0,0,0,0,0,0,0,158.141,330.157,358.5,132,0.887,-0.227,0.05,-0.001,49,446,311,2.5,0,0,0,0,0,0,0,0,0,2593

Main.js:462 338.159,203.017,130.5,130.5,-0.385,0.153,0,0,0,0,0,0,0,0,0,0,0,0,0,0,0,0,0,0,0,0,0,0,159.031,329.94,358.5,130.5,0.89,-0.217,0.05,-0.001,48,448.5,311,2.5,0,0,0,0,0,0,0,0,0,2605

Main.js:462 337.793,203.163,130.5,130.5,-0.366,0.145,0,0,0,0,0,0,0,0,0,0,0,0,0,0,0,0,0,0,0,0,0,0,159.924,329.733,358.5,129,0.893,-0.207,0.05,-0.001,47,451,311,2.5,0,0,0,0,0,0,0,0,0,2623

Main.js:462 337.445,203.3,130.5,130.5,-0.348,0.138,0,0,0,0,0,0,0,0,0,0,0,0,0,0,0,0,0,0,0,0,0,0,160.821,329.535,358.5,127.5,0.896,-0.198,0.05,-0.001,46,453.5,311,2.5,0,0,0,0,0,0,0,0,0,2639

Main.js:462 337.115,203.432,130.5,130.5,-0.33,0.131,0,0,0,0,0,0,0,0,0,0,0,0,0,0,0,0,0,0,0,0,0,0,161.719,329.345,358.5,126,0.899,-0.189,0.05,-0.001,45,456,311,2.5,0,0,0,0,0,0,0,0,0,2655

Main.js:462 336.801,203.556,130.5,130.5,-0.314,0.125,0,0,99,0,0,0,0,1,0,0,0,0,0,0,0,0,0,0,0,0,0,0,162.621,329.164,358.5,124.5,0.901,-0.181,0.05,-0.001,44,458.5,311,2.5,0,0,0,0,0,0,0,0,0,2674

Main.js:462 336.503,203.674,130.5,130.5,-0.298,0.118,0,0,98,0,0,0,0,1,0,0,321.853,221.301,-1.624,1.901,0,0,0,0,0,0,0,0,163.525,328.991,358.5,123,0.904,-0.173,0.05,-0.001,43,461,311,2.5,0,0,0,0,0,0,0,0,0,2706

Main.js:462 336.22,203.787,130.5,130.5,-0.283,0.112,0,0,97,0,0,0,0,1,0,0,320.229,223.202,-1.624,1.901,0,0,0,0,0,0,0,0,164.431,328.825,358.5,121.5,0.906,-0.166,0.05,-0.001,42,463.5,311,2.5,0,0,0,0,0,0,0,0,0,2722

Main.js:462 335.951,203.893,130.5,130.5,-0.269,0.107,0,0,96,0,0,0,0,1,0,0,318.605,225.103,-1.624,1.901,0,0,0,0,0,0,0,0,165.339,328.666,358.5,120,0.908,-0.159,0.05,-0.001,41,466,311,2.5,0,0,0,0,0,0,0,0,0,2740

Main.js:462 335.695,203.995,130.5,130.5,-0.256,0.101,0,0,95,0,0,0,0,1,0,0,316.982,227.004,-1.624,1.901,0,0,0,0,0,0,0,0,166.249,328.514,358.5,118.5,0.91,-0.152,0.05,-0.001,40,468.5,311,2.5,0,0,0,0,0,0,0,0,0,2756

Main.js:462 335.452,204.091,130.5,130.5,-0.243,0.096,0,0,94,0,0,0,0,0,0,0,315.358,228.905,-1.624,1.901,0,0,0,0,0,0,0,0,167.162,328.368,358.5,117,0.912,-0.146,0.05,-0.001,39,471,311,2.5,0,0,0,0,0,0,0,0,0,2772

Main.js:462 335.222,204.183,130.5,130.5,-0.231,0.092,0,0,93,0,0,0,0,0,0,0,313.735,230.806,-1.624,1.901,0,0,0,0,0,0,0,0,168.076,328.228,358.5,115.5,0.914,-0.14,0.05,-0.001,38,473.5,311,2.5,0,0,0,0,0,0,0,0,0,2790

Main.js:462 335.002,204.27,130.5,130.5,-0.219,0.087,0,0,92,0,0,0,0,0,0,0,312.111,232.707,-1.624,1.901,0,0,0,0,0,0,0,0,168.992,328.094,358.5,114,0.916,-0.134,0.05,-0.001,37,476,311,2.5,0,0,0,0,0,0,0,0,0,2805

Main.js:462 334.794,204.352,130.5,130.5,-0.208,0.083,0,0,91,0,0,0,0,0,0,0,310.487,234.608,-1.624,1.901,0,0,0,0,0,0,0,0,169.91,327.965,358.5,112.5,0.918,-0.129,0.05,-0.001,36,478.5,311,2.5,0,0,0,0,0,0,0,0,0,2821

Main.js:462 334.596,204.431,130.5,130.5,-0.198,0.078,0,0,90,0,0,0,0,0,0,0,308.864,236.509,-1.624,1.901,0,0,0,0,0,0,0,0,170.829,327.842,358.5,111,0.919,-0.123,0.05,-0.001,35,481,311,2.5,0,0,0,0,0,0,0,0,0,2837

Main.js:462 334.409,204.505,130.5,130.5,-0.188,0.075,0,0,89,0,0,0,0,0,0,0,307.24,238.41,-1.624,1.901,0,0,0,0,0,0,0,0,171.75,327.724,358.5,109.5,0.921,-0.118,0.05,-0.001,34,483.5,311,2.5,0,0,0,0,0,0,0,0,0,2855

Main.js:462 334.23,204.576,130.5,130.5,-0.178,0.071,0,0,88,0,0,0,0,0,0,0,305.616,240.311,-1.624,1.901,0,0,0,0,0,0,0,0,172.672,327.61,358.5,108,0.922,-0.114,0.05,-0.001,33,486,311,2.5,0,0,0,0,0,0,0,0,0,2873

Main.js:462 334.061,204.643,130.5,130.5,-0.17,0.067,0,0,87,0,0,0,0,0,0,0,303.993,242.212,-1.624,1.901,0,0,0,0,0,0,0,0,173.595,327.5,358.5,106.5,0.924,-0.109,0.05,-0.001,32,488.5,311,2.5,0,0,0,0,0,0,0,0,0,2890

Main.js:462 333.899,204.707,130.5,130.5,-0.161,0.064,0,0,86,0,0,0,0,0,0,0,302.369,244.113,-1.624,1.901,0,0,0,0,0,0,0,0,174.52,327.395,358.5,105,0.925,-0.105,0.05,-0.001,31,491,311,2.5,0,0,0,0,0,0,0,0,0,2906

Main.js:462 333.746,204.768,130.5,130.5,-0.153,0.061,0,0,85,0,0,0,0,0,0,0,300.746,246.014,-1.624,1.901,0,0,0,0,0,0,0,0,175.446,327.294,358.5,103.5,0.926,-0.101,0.05,-0.001,30,493.5,311,2.5,0,0,0,0,0,0,0,0,0,2923

Main.js:462 333.601,204.826,130.5,130.5,-0.145,0.058,0,0,84,0,0,0,0,0,0,0,299.122,247.915,-1.624,1.901,0,0,0,0,0,0,0,0,176.374,327.197,358.5,102,0.927,-0.097,0.05,-0.001,29,496,311,2.5,0,0,0,0,0,0,0,0,0,2938

Main.js:462 333.463,204.881,130.5,130.5,-0.138,0.055,0,0,83,0,0,0,0,0,0,0,297.498,249.816,-1.624,1.901,0,0,0,0,0,0,0,0,177.302,327.103,358.5,100.5,0.928,-0.094,0.05,-0.001,28,498.5,311,2.5,0,0,0,0,0,0,0,0,0,2996

Main.js:462 333.332,204.933,130.5,130.5,-0.131,0.052,0,0,82,0,0,0,0,1,0,0,297.498,249.816,-1.624,1.901,0,0,0,0,0,0,0,0,178.232,327.013,358.5,99,0.929,-0.09,0.05,-0.001,27,0,0,0,0,0,0,0,0,0,0,0,0,3021

Main.js:462 333.207,204.982,130.5,130.5,-0.125,0.049,0,0,81,0,0,0,0,1,0,0,295.875,251.717,-1.624,1.901,0,0,0,0,0,0,0,0,179.162,326.925,357,96,0.93,-0.088,0.05,-0.003,26,0,0,0,0,0,0,0,0,0,0,0,0,3038

Main.js:462 333.089,205.029,130.5,130.5,-0.118,0.047,0,0,80,0,0,0,0,1,0,0,294.251,253.618,-1.624,1.901,0,0,0,0,0,0,0,0,180.093,326.837,355.5,93,0.931,-0.088,0.05,-0.004,25,0,0,0,0,0,0,0,0,0,0,0,0,3054

Main.js:462 332.976,205.074,130.5,130.5,-0.112,0.045,0,0,79,0,0,0,0,0,0,0,292.627,255.519,-1.624,1.901,0,0,0,0,0,0,0,0,181.025,326.749,354,90,0.932,-0.088,0.05,-0.005,24,0,0,0,0,0,0,0,0,0,0,0,0,3071

Main.js:462 332.869,205.116,130.5,130.5,-0.107,0.042,0,0,78,0,0,0,0,0,0,0,291.004,257.42,-1.624,1.901,0,0,0,0,0,0,0,0,181.958,326.659,352.5,87,0.932,-0.09,0.05,-0.007,23,0,0,0,0,0,0,0,0,0,0,0,0,3088

Main.js:462 332.768,205.156,130.5,130.5,-0.102,0.04,0,0,77,0,0,0,0,0,0,0,289.38,259.321,-1.624,1.901,0,0,0,0,0,0,0,0,182.891,326.566,351,84,0.933,-0.093,0.049,-0.008,22,0,0,0,0,0,0,0,0,0,0,0,0,3104

Main.js:462 332.671,205.195,130.5,130.5,-0.096,0.038,0,0,76,0,0,0,0,0,0,0,287.757,261.222,-1.624,1.901,0,0,0,0,0,0,0,0,183.823,326.469,349.5,81,0.933,-0.097,0.049,-0.009,21,0,0,0,0,0,0,0,0,0,0,0,0,3122

Main.js:462 332.58,205.231,130.5,130.5,-0.092,0.036,0,0,75,0,0,0,0,0,0,0,286.133,263.123,-1.624,1.901,0,0,0,0,0,0,0,0,184.756,326.368,348,78,0.933,-0.102,0.049,-0.01,20,0,0,0,0,0,0,0,0,0,0,0,0,3139

Main.js:462 332.493,205.265,130.5,130.5,-0.087,0.035,0,0,74,0,0,0,0,0,0,0,284.509,265.024,-1.624,1.901,0,0,0,0,0,0,0,0,185.688,326.26,346.5,75,0.932,-0.108,0.049,-0.012,19,0,0,0,0,0,0,0,0,0,0,0,0,3156

Main.js:462 332.41,205.298,130.5,130.5,-0.083,0.033,0,0,73,0,0,0,0,1,0,0,282.886,266.925,-1.624,1.901,0,0,0,0,0,0,0,0,186.62,326.145,345,72,0.931,-0.115,0.048,-0.013,18,0,0,0,0,0,0,0,0,0,0,0,0,3171

Main.js:462 332.331,205.329,130.5,130.5,-0.079,0.031,0,0,72,0,0,0,0,1,0,0,281.262,268.826,-1.624,1.901,0,0,0,0,0,0,0,0,187.55,326.022,343.5,69,0.93,-0.123,0.048,-0.014,17,0,0,0,0,0,0,0,0,0,0,0,0,3187

Main.js:462 332.257,205.359,130.5,130.5,-0.075,0.03,0,0,71,0,0,0,0,1,0,0,279.639,270.727,-1.624,1.901,0,0,0,0,0,0,0,0,188.479,325.891,342,66,0.929,-0.131,0.048,-0.015,16,0,0,0,0,0,0,0,0,0,0,0,0,3206

Main.js:462 332.186,205.387,130.5,130.5,-0.071,0.028,0,0,70,0,0,0,0,1,0,0,278.015,272.628,-1.624,1.901,0,0,0,0,0,0,0,0,189.407,325.751,340.5,63,0.927,-0.14,0.047,-0.017,15,0,0,0,0,0,0,0,0,0,0,0,0,3221

Main.js:462 332.119,205.414,130.5,130.5,-0.067,0.027,0,0,69,0,0,0,0,0,0,0,276.391,274.53,-1.624,1.901,0,0,0,0,0,0,0,0,190.332,325.6,339,60,0.925,-0.15,0.047,-0.018,14,0,0,0,0,0,0,0,0,0,0,0,0,3238

Main.js:462 332.055,205.439,130.5,130.5,-0.064,0.025,0,0,68,0,0,0,0,0,0,0,274.768,276.431,-1.624,1.901,0,0,0,0,0,0,0,0,191.255,325.439,337.5,57,0.923,-0.161,0.046,-0.019,13,0,0,0,0,0,0,0,0,0,0,0,0,3255

Main.js:462 331.994,205.463,130.5,130.5,-0.061,0.024,0,0,67,0,0,0,0,0,0,0,273.144,278.332,-1.624,1.901,0,0,0,0,0,0,0,0,192.175,325.267,336,54,0.92,-0.172,0.046,-0.02,12,0,0,0,0,0,0,0,0,0,0,0,0,3271

Main.js:462 331.936,205.486,130.5,130.5,-0.058,0.023,0,0,66,0,0,0,0,0,0,0,271.52,280.233,-1.624,1.901,0,0,0,0,0,0,0,0,193.092,325.083,334.5,51,0.917,-0.184,0.045,-0.022,11,0,0,0,0,0,0,0,0,0,0,0,0,3288

Main.js:462 331.881,205.508,130.5,130.5,-0.055,0.022,0,0,65,0,0,0,0,0,0,0,269.897,282.134,-1.624,1.901,0,0,0,0,0,0,0,0,194.006,324.886,333,48,0.914,-0.197,0.045,-0.023,10,0,0,0,0,0,0,0,0,0,0,0,0,3306

Main.js:462 331.829,205.529,130.5,130.5,-0.052,0.021,0,0,64,0,0,0,0,0,0,0,268.273,284.035,-1.624,1.901,0,0,0,0,0,0,0,0,194.916,324.677,331.5,45,0.91,-0.209,0.044,-0.024,9,0,0,0,0,0,0,0,0,0,0,0,0,3322

Main.js:462 331.78,205.548,130.5,130.5,-0.05,0.02,0,0,63,0,0,0,0,1,0,0,266.65,285.936,-1.624,1.901,0,0,0,0,0,0,0,0,195.821,324.454,330,42,0.905,-0.223,0.043,-0.025,8,0,0,0,0,0,0,0,0,0,0,0,0,3338

Main.js:462 331.733,205.567,130.5,130.5,-0.047,0.019,0,0,62,0,0,0,0,1,0,0,265.026,287.837,-1.624,1.901,0,0,0,0,0,0,0,0,196.721,324.218,328.5,39,0.901,-0.236,0.043,-0.026,7,0,0,0,0,0,0,0,0,0,0,0,0,3355

Main.js:462 331.688,205.585,130.5,130.5,-0.045,0.018,0,0,61,0,0,0,0,1,0,0,263.402,289.738,-1.624,1.901,0,0,0,0,0,0,0,0,197.617,323.968,327,36,0.895,-0.25,0.042,-0.027,6,0,0,0,0,0,0,0,0,0,0,0,0,3372

Main.js:462 331.645,205.602,130.5,130.5,-0.042,0.017,0,0,60,0,0,0,0,1,0,0,261.779,291.639,-1.624,1.901,0,0,0,0,0,0,0,0,198.506,323.703,325.5,33,0.89,-0.265,0.041,-0.028,5,0,0,0,0,0,0,0,0,0,0,0,0,3388

Main.js:462 331.605,205.618,130.5,130.5,-0.04,0.016,0,0,59,0,0,0,0,0,0,0,260.155,293.54,-1.624,1.901,0,0,0,0,0,0,0,0,199.39,323.423,324,30,0.884,-0.279,0.04,-0.029,4,0,0,0,0,0,0,0,0,0,0,0,0,3405

Main.js:462 331.567,205.633,130.5,130.5,-0.038,0.015,0,0,58,0,0,0,0,0,0,0,258.531,295.441,-1.624,1.901,0,0,0,0,0,0,0,0,200.267,323.129,322.5,27,0.877,-0.294,0.04,-0.03,3,0,0,0,0,0,0,0,0,0,0,0,0,3421

Main.js:462 331.53,205.647,130.5,130.5,-0.036,0.014,0,0,57,0,0,0,0,0,0,0,256.908,297.342,-1.624,1.901,0,0,0,0,0,0,0,0,201.137,322.82,321,24,0.87,-0.31,0.039,-0.031,2,0,0,0,0,0,0,0,0,0,0,0,0,3438

Main.js:462 331.496,205.661,130.5,130.5,-0.035,0.014,0,0,56,0,0,0,0,0,0,0,255.284,299.243,-1.624,1.901,0,0,0,0,0,0,0,0,202,322.495,319.5,21,0.863,-0.325,0.038,-0.032,1,0,0,0,0,0,0,0,0,0,0,0,0,3455

Main.js:462 331.463,205.674,130.5,130.5,-0.033,0.013,0,0,55,0,0,0,0,0,0,0,253.661,301.144,-1.624,1.901,0,0,0,0,0,0,0,0,202.855,322.154,318,18,0.855,-0.34,0.037,-0.033,0,0,0,0,0,0,0,0,0,0,0,0,0,3472

Main.js:462 331.432,205.686,130.5,130.5,-0.031,0.012,0,0,54,0,0,0,0,0,0,0,252.037,303.045,-1.624,1.901,0,0,0,0,0,0,0,0,203.702,321.798,316.5,15,0.847,-0.356,0.036,-0.034,99,0,0,0,0,0,0,0,0,0,0,0,0,3488

Main.js:462 331.402,205.698,130.5,130.5,-0.03,0.012,0,0,53,0,0,0,0,1,0,0,250.413,304.946,-1.624,1.901,0,0,0,0,0,0,0,0,204.54,321.426,315,12,0.838,-0.372,0.035,-0.035,98,225.555,328.236,2.415,0.647,0,0,0,0,0,0,0,0,3506

Main.js:462 331.374,205.709,130.5,130.5,-0.028,0.011,0,0,52,0,0,0,0,1,0,0,248.79,306.847,-1.624,1.901,0,0,0,0,0,0,0,0,205.369,321.038,313.5,9,0.829,-0.388,0.034,-0.036,97,227.969,328.883,2.415,0.647,0,0,0,0,0,0,0,0,3523

Main.js:462 331.347,205.72,130.5,130.5,-0.027,0.011,0,0,51,0,0,0,0,1,0,0,247.166,308.748,-1.624,1.901,0,0,0,0,0,0,0,0,206.188,320.635,312,6,0.819,-0.404,0.033,-0.037,96,230.384,329.53,2.415,0.647,0,0,0,0,0,0,0,0,3538

Main.js:462 331.322,205.73,130.5,130.5,-0.025,0.01,0,0,50,0,0,0,0,1,0,0,245.542,310.649,-1.624,1.901,0,0,0,0,0,0,0,0,206.997,320.215,310.5,3,0.809,-0.42,0.032,-0.038,95,232.799,330.178,2.415,0.647,0,0,0,0,0,0,0,0,3556

Main.js:462 331.298,205.74,130.5,130.5,-0.024,0.01,0,0,49,0,0,0,0,1,0,0,243.919,312.55,-1.624,1.901,0,0,0,0,0,0,0,0,207.795,319.779,309,0,0.798,-0.436,0.031,-0.039,94,235.214,330.825,2.415,0.647,0,0,0,0,0,0,0,0,3572

Main.js:462 331.275,205.749,132,132,-0.023,0.009,0,0,48,0,1,0,0,0,0,0,242.295,314.451,-1.624,1.901,0,0,0,0,0,0,0,0,208.583,319.328,307.5,-3,0.787,-0.451,0.03,-0.04,93,237.629,331.472,2.415,0.647,0,0,0,0,0,0,0,0,3590

Main.js:462 331.253,205.757,133.5,133.5,-0.022,0.009,0,0,47,0,1,0,0,0,0,0,240.672,316.352,-1.624,1.901,0,0,0,0,0,0,0,0,209.359,318.861,306,-6,0.776,-0.467,0.029,-0.04,92,240.043,332.119,2.415,0.647,0,0,0,0,0,0,0,0,3606

Main.js:462 331.232,205.766,135,135,-0.021,0.008,0,0,46,0,1,0,0,0,0,0,239.048,318.253,-1.624,1.901,0,0,0,0,0,0,0,0,210.123,318.378,304.5,-9,0.764,-0.483,0.028,-0.041,91,242.458,332.766,2.415,0.647,0,0,0,0,0,0,0,0,3624

Main.js:462 331.213,205.773,136.5,136.5,-0.02,0.008,0,0,45,0,1,0,0,0,0,0,237.424,320.154,-1.624,1.901,0,0,0,0,0,0,0,0,210.874,317.879,303,-12,0.752,-0.499,0.027,-0.042,90,244.873,333.413,2.415,0.647,0,0,0,0,0,0,0,0,3639

Main.js:462 331.194,205.781,138,138,-0.019,0.007,0,0,44,0,1,0,0,0,0,0,235.801,322.055,-1.624,1.901,0,0,0,0,0,0,0,0,211.613,317.364,301.5,-15,0.739,-0.514,0.026,-0.043,89,247.288,334.06,2.415,0.647,0,0,0,0,0,0,0,0,3656

Main.js:462 331.176,205.788,138,138,-0.018,0.007,0,0,43,0,0,0,0,0,0,0,234.177,323.956,-1.624,1.901,0,0,0,0,0,0,0,0,212.339,316.835,300,-18,0.726,-0.53,0.025,-0.043,88,249.703,334.707,2.415,0.647,0,0,0,0,0,0,0,0,3673

Main.js:462 331.159,205.795,138,138,-0.017,0.007,0,0,42,0,0,0,0,1,0,0,232.554,325.857,-1.624,1.901,0,0,0,0,0,0,0,0,213.051,316.29,298.5,-21,0.712,-0.545,0.024,-0.044,87,252.118,335.354,2.415,0.647,0,0,0,0,0,0,0,0,3688

Main.js:462 331.143,205.801,138,138,-0.016,0.006,0,0,41,0,0,0,0,1,0,0,230.93,327.758,-1.624,1.901,0,0,0,0,0,0,0,0,213.749,315.73,297,-24,0.698,-0.56,0.023,-0.045,86,254.532,336.001,2.415,0.647,0,0,0,0,0,0,0,0,3706

Main.js:462 331.128,205.807,138,138,-0.015,0.006,0,0,40,0,0,0,0,1,0,0,229.306,329.659,-1.624,1.901,0,0,0,0,0,0,0,0,214.433,315.155,295.5,-27,0.684,-0.575,0.022,-0.045,85,256.947,336.648,2.415,0.647,0,0,0,0,0,0,0,0,3723

Main.js:462 331.114,205.813,138,138,-0.014,0.006,0,0,39,0,0,0,0,1,0,0,229.306,329.659,-1.624,1.901,0,0,0,0,0,0,0,0,215.102,314.565,294,-30,0.669,-0.59,0.02,-0.046,84,256.947,336.648,2.415,0.647,0,0,0,0,0,0,0,0,3738

