Main.js:143 myTank.x,myTank.y,myTank.rotation,myTank.cannonRotation,myTank.velocityX,myTank.velocityY,myTank.accelerationX,myTank.accelerationY,myTank.shootCooldown,myTank.controls.turnLeft,myTank.controls.turnRight,myTank.controls.goForward,myTank.controls.goBack,myTank.controls.shoot,myTank.controls.cannonLeft,myTank.controls.cannonRight,myBullet1.x,myBullet1.y,myBullet1.velocityX,myBullet1.velocityY,myBullet2.x,myBullet2.y,myBullet2.velocityX,myBullet2.velocityY,myBullet3.x,myBullet3.y,myBullet3.velocityX,myBullet3.velocityY,enemyTank.x,enemyTank.y,enemyTank.rotation,enemyTank.cannonRotation,enemyTank.velocityX,enemyTank.velocityY,enemyTank.accelerationX,enemyTank.accelerationY,enemyTank.shootCooldown,enemyBullet1.x,enemyBullet1.y,enemyBullet1.velocityX,enemyBullet1.velocityY,enemyBullet2.x,enemyBullet2.y,enemyBullet2.velocityX,enemyBullet2.velocityY,enemyBullet3.x,enemyBullet3.y,enemyBullet3.velocityX,enemyBullet3.velocityY,currentGameTime
Main.js:462 450,109,180,180,0,0,0,0,0,0,0,0,0,0,0,0,0,0,0,0,0,0,0,0,0,0,0,0,50,391,0,0,0,0,0,0,0,0,0,0,0,0,0,0,0,0,0,0,0,11

Main.js:462 450,109,180,180,0,0,0,0,0,0,0,0,0,0,0,0,0,0,0,0,0,0,0,0,0,0,0,0,50,391,0,0,0,0,0,0,0,0,0,0,0,0,0,0,0,0,0,0,0,25

Main.js:462 450,109,180,180,0,0,0,0,0,0,0,0,0,0,0,0,0,0,0,0,0,0,0,0,0,0,0,0,50.047,391.001,1.5,0,0.047,0.001,0.05,0.001,99,0,0,0,0,0,0,0,0,0,0,0,0,41

Main.js:462 450,109,180,180,0,0,0,0,0,0,0,0,0,0,0,0,0,0,0,0,0,0,0,0,0,0,0,0,50.14,391.005,3,0,0.093,0.004,0.05,0.003,98,73.5,391,2.5,0,0,0,0,0,0,0,0,0,74

Main.js:462 450,109,180,180,0,0,0,0,0,0,0,0,0,0,0,0,0,0,0,0,0,0,0,0,0,0,0,0,50.275,391.012,4.5,0,0.135,0.007,0.05,0.004,97,76,391,2.5,0,0,0,0,0,0,0,0,0,90

Main.js:462 450,109,180,180,0,0,0,0,0,0,0,0,0,0,0,0,0,0,0,0,0,0,0,0,0,0,0,0,50.451,391.024,6,0,0.176,0.012,0.05,0.005,96,78.5,391,2.5,0,0,0,0,0,0,0,0,0,107

Main.js:462 450,109,180,180,0,0,0,0,0,0,0,0,0,0,0,0,0,0,0,0,0,0,0,0,0,0,0,0,50.665,391.041,7.5,0,0.214,0.017,0.05,0.007,95,81,391,2.5,0,0,0,0,0,0,0,0,0,124

Main.js:462 450,109,180,180,0,0,0,0,0,0,0,0,0,0,0,0,0,0,0,0,0,0,0,0,0,0,0,0,50.915,391.065,9,0,0.25,0.024,0.049,0.008,94,83.5,391,2.5,0,0,0,0,0,0,0,0,0,141

Main.js:462 450,109,180,180,0,0,0,0,0,0,0,0,0,0,0,0,0,0,0,0,0,0,0,0,0,0,0,0,51.2,391.097,10.5,0,0.284,0.031,0.049,0.009,93,86,391,2.5,0,0,0,0,0,0,0,0,0,158

Main.js:462 449.953,109,180,180,-0.047,0,-0.05,0,0,0,0,1,0,0,0,0,0,0,0,0,0,0,0,0,0,0,0,0,51.517,391.137,12,0,0.317,0.04,0.049,0.01,92,88.5,391,2.5,0,0,0,0,0,0,0,0,0,175

Main.js:462 449.86,109,180,180,-0.093,0,-0.05,0,0,0,0,1,0,0,0,0,0,0,0,0,0,0,0,0,0,0,0,0,51.864,391.185,13.5,0,0.347,0.049,0.049,0.012,91,91,391,2.5,0,0,0,0,0,0,0,0,0,192

Main.js:462 449.724,109,180,180,-0.135,0,-0.05,0,0,0,0,1,0,0,0,0,0,0,0,0,0,0,0,0,0,0,0,0,52.239,391.244,15,0,0.376,0.059,0.048,0.013,90,93.5,391,2.5,0,0,0,0,0,0,0,0,0,207

Main.js:462 449.548,109,180,180,-0.176,0,-0.05,0,0,0,0,1,0,0,0,0,0,0,0,0,0,0,0,0,0,0,0,0,52.641,391.313,16.5,0,0.402,0.069,0.048,0.014,89,96,391,2.5,0,0,0,0,0,0,0,0,0,225

Main.js:462 449.333,109,180,180,-0.215,0,-0.05,0,0,0,0,1,0,0,0,0,0,0,0,0,0,0,0,0,0,0,0,0,53.069,391.394,18,0,0.427,0.08,0.048,0.015,88,98.5,391,2.5,0,0,0,0,0,0,0,0,0,242

Main.js:462 449.082,109,180,180,-0.252,0,-0.05,0,0,0,0,1,0,0,0,0,0,0,0,0,0,0,0,0,0,0,0,0,53.52,391.486,19.5,0,0.451,0.092,0.047,0.017,87,101,391,2.5,0,0,0,0,0,0,0,0,0,257

Main.js:462 448.795,109,180,180,-0.287,0,-0.05,0,0,0,0,1,0,0,0,0,0,0,0,0,0,0,0,0,0,0,0,0,53.992,391.591,21,0,0.473,0.105,0.047,0.018,86,103.5,391,2.5,0,0,0,0,0,0,0,0,0,275

Main.js:462 448.475,109,180,180,-0.32,0,-0.05,0,0,0,0,1,0,0,0,0,0,0,0,0,0,0,0,0,0,0,0,0,54.485,391.708,22.5,0,0.493,0.118,0.046,0.019,85,106,391,2.5,0,0,0,0,0,0,0,0,0,291

Main.js:462 448.124,109,180,180,-0.351,0,-0.05,0,0,0,0,1,0,0,0,0,0,0,0,0,0,0,0,0,0,0,0,0,54.997,391.84,24,0,0.512,0.131,0.046,0.02,84,108.5,391,2.5,0,0,0,0,0,0,0,0,0,308

Main.js:462 447.743,109,180,180,-0.381,0,-0.05,0,0,0,0,1,0,0,0,0,0,0,0,0,0,0,0,0,0,0,0,0,55.526,391.985,25.5,0,0.529,0.145,0.045,0.022,83,111,391,2.5,0,0,0,0,0,0,0,0,0,325

Main.js:462 447.333,109,180,180,-0.41,0,-0.05,0,0,0,0,1,0,0,0,0,0,0,0,0,0,0,0,0,0,0,0,0,56.07,392.144,27,0,0.545,0.159,0.045,0.023,82,113.5,391,2.5,0,0,0,0,0,0,0,0,0,342

Main.js:462 446.897,109,180,180,-0.437,0,-0.05,0,0,0,0,1,0,0,0,0,0,0,0,0,0,0,0,0,0,0,0,0,56.63,392.318,28.5,0,0.559,0.174,0.044,0.024,81,116,391,2.5,0,0,0,0,0,0,0,0,0,357

Main.js:462 446.434,109,180,180,-0.462,0,-0.05,0,0,0,0,1,0,0,0,0,0,0,0,0,0,0,0,0,0,0,0,0,57.202,392.507,30,0,0.572,0.189,0.043,0.025,80,118.5,391,2.5,0,0,0,0,0,0,0,0,0,375

Main.js:462 445.947,109.001,178.5,178.5,-0.487,0.001,-0.05,0.001,0,1,0,1,0,0,0,0,0,0,0,0,0,0,0,0,0,0,0,0,57.787,392.711,31.5,0,0.584,0.204,0.043,0.026,79,121,391,2.5,0,0,0,0,0,0,0,0,0,391

Main.js:462 445.438,109.005,177,177,-0.51,0.004,-0.05,0.003,0,1,0,1,0,0,0,0,0,0,0,0,0,0,0,0,0,0,0,0,58.382,392.931,33,0,0.595,0.22,0.042,0.027,78,123.5,391,2.5,0,0,0,0,0,0,0,0,0,408

Main.js:462 444.906,109.012,175.5,175.5,-0.532,0.007,-0.05,0.004,0,1,0,1,0,0,0,0,0,0,0,0,0,0,0,0,0,0,0,0,58.986,393.167,34.5,0,0.604,0.236,0.041,0.028,77,126,391,2.5,0,0,0,0,0,0,0,0,0,425

Main.js:462 444.354,109.024,174,174,-0.552,0.012,-0.05,0.005,0,1,0,1,0,0,0,0,0,0,0,0,0,0,0,0,0,0,0,0,59.598,393.419,36,0,0.613,0.252,0.04,0.029,76,128.5,391,2.5,0,0,0,0,0,0,0,0,0,443

Main.js:462 443.782,109.041,172.5,172.5,-0.572,0.017,-0.05,0.007,0,1,0,1,0,0,0,0,0,0,0,0,0,0,0,0,0,0,0,0,60.218,393.688,37.5,0,0.62,0.268,0.04,0.03,75,131,391,2.5,0,0,0,0,0,0,0,0,0,458

Main.js:462 443.192,109.065,171,171,-0.59,0.024,-0.049,0.008,0,1,0,1,0,0,0,0,0,0,0,0,0,0,0,0,0,0,0,0,60.844,393.973,39,0,0.626,0.285,0.039,0.031,74,133.5,391,2.5,0,0,0,0,0,0,0,0,0,475

Main.js:462 442.584,109.097,169.5,169.5,-0.607,0.031,-0.049,0.009,0,1,0,1,0,0,0,0,0,0,0,0,0,0,0,0,0,0,0,0,61.474,394.274,40.5,0,0.63,0.301,0.038,0.032,73,136,391,2.5,0,0,0,0,0,0,0,0,0,492

Main.js:462 441.961,109.137,168,168,-0.623,0.04,-0.049,0.01,0,1,0,1,0,0,0,0,0,0,0,0,0,0,0,0,0,0,0,0,62.108,394.592,42,0,0.634,0.318,0.037,0.033,72,138.5,391,2.5,0,0,0,0,0,0,0,0,0,507

Main.js:462 441.323,109.185,166.5,166.5,-0.638,0.049,-0.049,0.012,0,1,0,1,0,0,0,0,0,0,0,0,0,0,0,0,0,0,0,0,62.746,394.926,42,358.5,0.638,0.334,0.037,0.033,71,141,391,2.5,0,0,0,0,0,0,0,0,0,525

Main.js:462 440.67,109.243,166.5,166.5,-0.653,0.057,-0.049,0.012,0,0,0,1,0,0,0,0,0,0,0,0,0,0,0,0,0,0,0,0,63.387,395.276,42,357,0.641,0.349,0.037,0.033,70,143.5,391,2.5,0,0,0,0,0,0,0,0,0,541

Main.js:462 440.004,109.309,166.5,166.5,-0.666,0.066,-0.049,0.012,0,0,0,1,0,0,0,0,0,0,0,0,0,0,0,0,0,0,0,0,64.032,395.639,42,355.5,0.644,0.363,0.037,0.033,69,146,391,2.5,0,0,0,0,0,0,0,0,0,559

Main.js:462 439.325,109.382,166.5,166.5,-0.679,0.074,-0.049,0.012,0,0,0,1,0,0,0,0,0,0,0,0,0,0,0,0,0,0,0,0,64.679,396.016,42,354,0.647,0.377,0.037,0.033,68,148.5,391,2.5,0,0,0,0,0,0,0,0,0,576

Main.js:462 438.634,109.464,165,165,-0.691,0.082,-0.048,0.013,0,1,0,1,0,0,0,0,0,0,0,0,0,0,0,0,0,0,0,0,65.329,396.406,42,352.5,0.65,0.39,0.037,0.033,67,151,391,2.5,0,0,0,0,0,0,0,0,0,590

Main.js:462 437.931,109.556,163.5,163.5,-0.702,0.092,-0.048,0.014,0,1,0,1,0,0,0,0,0,0,0,0,0,0,0,0,0,0,0,0,65.983,396.808,42,351,0.653,0.402,0.037,0.033,66,153.5,391,2.5,0,0,0,0,0,0,0,0,0,609

Main.js:462 437.219,109.657,162,162,-0.712,0.102,-0.048,0.015,0,1,0,1,0,0,0,0,0,0,0,0,0,0,0,0,0,0,0,0,66.639,397.222,42,349.5,0.656,0.414,0.037,0.033,65,156,391,2.5,0,0,0,0,0,0,0,0,0,624

Main.js:462 436.498,109.769,162,162,-0.722,0.111,-0.048,0.015,0,0,0,1,0,0,0,0,0,0,0,0,0,0,0,0,0,0,0,0,67.297,397.647,42,348,0.658,0.425,0.037,0.033,64,158.5,391,2.5,0,0,0,0,0,0,0,0,0,642

Main.js:462 435.767,109.889,162,162,-0.731,0.12,-0.048,0.015,0,0,0,1,0,0,0,0,0,0,0,0,0,0,0,0,0,0,0,0,67.958,398.083,42,346.5,0.661,0.436,0.037,0.033,63,161,391,2.5,0,0,0,0,0,0,0,0,0,658

Main.js:462 435.028,110.018,162,162,-0.739,0.129,-0.048,0.015,0,0,0,1,0,0,0,0,0,0,0,0,0,0,0,0,0,0,0,0,68.621,398.529,42,345,0.663,0.446,0.037,0.033,62,163.5,391,2.5,0,0,0,0,0,0,0,0,0,676

Main.js:462 434.28,110.155,162,162,-0.748,0.137,-0.048,0.015,0,0,0,1,0,0,0,0,0,0,0,0,0,0,0,0,0,0,0,0,69.286,398.984,42,343.5,0.665,0.455,0.037,0.033,61,166,391,2.5,0,0,0,0,0,0,0,0,0,691

Main.js:462 433.524,110.3,162,162,-0.755,0.145,-0.048,0.015,0,0,0,1,0,0,0,0,0,0,0,0,0,0,0,0,0,0,0,0,69.953,399.448,42,342,0.667,0.464,0.037,0.033,60,168.5,391,2.5,0,0,0,0,0,0,0,0,0,708

Main.js:462 432.762,110.453,162,162,-0.763,0.152,-0.048,0.015,0,0,0,1,0,0,0,0,0,0,0,0,0,0,0,0,0,0,0,0,70.622,399.92,42,340.5,0.669,0.473,0.037,0.033,59,171,391,2.5,0,0,0,0,0,0,0,0,0,725

Main.js:462 431.992,110.612,162,162,-0.77,0.16,-0.048,0.015,0,0,0,1,0,0,0,0,0,0,0,0,0,0,0,0,0,0,0,0,71.293,400.401,42,339,0.671,0.481,0.037,0.033,58,173.5,391,2.5,0,0,0,0,0,0,0,0,0,741

Main.js:462 431.215,110.778,162,162,-0.777,0.166,-0.048,0.015,0,0,0,1,0,0,0,0,0,0,0,0,0,0,0,0,0,0,0,0,71.966,400.89,42,337.5,0.673,0.489,0.037,0.033,57,176,391,2.5,0,0,0,0,0,0,0,0,0,758

Main.js:462 430.432,110.951,162,162,-0.783,0.173,-0.048,0.015,0,0,0,1,0,0,0,0,0,0,0,0,0,0,0,0,0,0,0,0,72.64,401.386,42,336,0.674,0.496,0.037,0.033,56,178.5,391,2.5,0,0,0,0,0,0,0,0,0,775

Main.js:462 429.644,111.13,162,162,-0.789,0.179,-0.048,0.015,0,0,0,1,0,0,0,0,0,0,0,0,0,0,0,0,0,0,0,0,73.316,401.889,42,334.5,0.676,0.503,0.037,0.033,55,181,391,2.5,0,0,0,0,0,0,0,0,0,792

Main.js:462 428.849,111.315,160.5,160.5,-0.794,0.186,-0.047,0.017,0,1,0,1,0,0,0,0,0,0,0,0,0,0,0,0,0,0,0,0,73.994,402.398,42,333,0.677,0.51,0.037,0.033,54,183.5,391,2.5,0,0,0,0,0,0,0,0,0,809

Main.js:462 428.05,111.508,159,159,-0.799,0.193,-0.047,0.018,0,1,0,1,0,0,0,0,0,0,0,0,0,0,0,0,0,0,0,0,74.672,402.914,42,331.5,0.679,0.516,0.037,0.033,53,186,391,2.5,0,0,0,0,0,0,0,0,0,826

Main.js:462 427.248,111.71,157.5,157.5,-0.803,0.202,-0.046,0.019,0,1,0,1,0,0,0,0,0,0,0,0,0,0,0,0,0,0,0,0,75.353,403.436,42,330,0.68,0.522,0.037,0.033,52,188.5,391,2.5,0,0,0,0,0,0,0,0,0,842

Main.js:462 426.442,111.921,156,156,-0.806,0.211,-0.046,0.02,0,1,0,1,0,0,0,0,0,0,0,0,0,0,0,0,0,0,0,0,76.034,403.964,42,328.5,0.682,0.528,0.037,0.033,51,191,391,2.5,0,0,0,0,0,0,0,0,0,858

Main.js:462 425.633,112.142,154.5,154.5,-0.809,0.221,-0.045,0.022,0,1,0,1,0,0,0,0,0,0,0,0,0,0,0,0,0,0,0,0,76.717,404.497,42,327,0.683,0.533,0.037,0.033,50,193.5,391,2.5,0,0,0,0,0,0,0,0,0,875

Main.js:462 424.822,112.374,153,153,-0.811,0.231,-0.045,0.023,0,1,0,1,0,0,0,0,0,0,0,0,0,0,0,0,0,0,0,0,77.401,405.035,42,325.5,0.684,0.538,0.037,0.033,49,196,391,2.5,0,0,0,0,0,0,0,0,0,893

Main.js:462 424.011,112.616,151.5,151.5,-0.812,0.243,-0.044,0.024,0,1,0,1,0,0,0,0,0,0,0,0,0,0,0,0,0,0,0,0,78.086,405.578,42,324,0.685,0.543,0.037,0.033,48,198.5,391,2.5,0,0,0,0,0,0,0,0,0,909

Main.js:462 423.198,112.869,151.5,151.5,-0.813,0.253,-0.044,0.024,0,0,0,1,0,0,0,0,0,0,0,0,0,0,0,0,0,0,0,0,78.772,406.125,42,322.5,0.686,0.548,0.037,0.033,47,201,391,2.5,0,0,0,0,0,0,0,0,0,925

Main.js:462 422.384,113.132,151.5,151.5,-0.814,0.263,-0.044,0.024,0,0,0,1,0,0,0,0,0,0,0,0,0,0,0,0,0,0,0,0,79.459,406.677,42,321,0.687,0.552,0.037,0.033,46,203.5,391,2.5,0,0,0,0,0,0,0,0,0,943

Main.js:462 421.569,113.405,151.5,151.5,-0.815,0.273,-0.044,0.024,0,0,0,1,0,0,0,0,0,0,0,0,0,0,0,0,0,0,0,0,80.147,407.233,42,319.5,0.688,0.556,0.037,0.033,45,206,391,2.5,0,0,0,0,0,0,0,0,0,957

Main.js:462 420.753,113.687,151.5,151.5,-0.816,0.282,-0.044,0.024,0,0,0,1,0,0,0,0,0,0,0,0,0,0,0,0,0,0,0,0,80.836,407.794,42,318,0.689,0.56,0.037,0.033,44,208.5,391,2.5,0,0,0,0,0,0,0,0,0,976

Main.js:462 419.936,113.977,151.5,151.5,-0.817,0.29,-0.044,0.024,0,0,0,1,0,0,0,0,0,0,0,0,0,0,0,0,0,0,0,0,81.526,408.358,42,316.5,0.69,0.564,0.037,0.033,43,211,391,2.5,0,0,0,0,0,0,0,0,0,992

Main.js:462 419.118,114.275,151.5,151.5,-0.818,0.298,-0.044,0.024,0,0,0,1,0,0,0,0,0,0,0,0,0,0,0,0,0,0,0,0,82.216,408.925,42,315,0.691,0.568,0.037,0.033,42,213.5,391,2.5,0,0,0,0,0,0,0,0,0,1009

Main.js:462 418.299,114.581,151.5,151.5,-0.819,0.306,-0.044,0.024,0,0,0,1,0,0,0,0,0,0,0,0,0,0,0,0,0,0,0,0,82.908,409.495,40.5,312,0.692,0.57,0.038,0.032,41,216,391,2.5,0,0,0,0,0,0,0,0,0,1025

Main.js:462 417.48,114.895,151.5,151.5,-0.82,0.313,-0.044,0.024,0,0,0,1,0,0,0,0,0,0,0,0,0,0,0,0,0,0,0,0,83.603,410.066,39,309,0.694,0.571,0.039,0.031,40,218.5,391,2.5,0,0,0,0,0,0,0,0,0,1043

Main.js:462 416.659,115.215,151.5,151.5,-0.82,0.32,-0.044,0.024,0,0,0,1,0,0,0,0,0,0,0,0,0,0,0,0,0,0,0,0,84.3,410.638,37.5,306,0.697,0.572,0.04,0.03,39,221,391,2.5,0,0,0,0,0,0,0,0,0,1059

Main.js:462 415.838,115.543,151.5,151.5,-0.821,0.327,-0.044,0.024,0,0,0,1,0,0,0,0,0,0,0,0,0,0,0,0,0,0,0,0,85.001,411.209,36,303,0.701,0.571,0.04,0.029,38,223.5,391,2.5,0,0,0,0,0,0,0,0,0,1075

Main.js:462 415.016,115.876,151.5,151.5,-0.822,0.333,-0.044,0.024,0,0,0,1,0,0,0,0,0,0,0,0,0,0,0,0,0,0,0,0,85.706,411.779,34.5,300,0.705,0.569,0.041,0.028,37,226,391,2.5,0,0,0,0,0,0,0,0,0,1091

Main.js:462 414.194,116.215,151.5,151.5,-0.822,0.339,-0.044,0.024,0,0,0,1,0,0,0,0,0,0,0,0,0,0,0,0,0,0,0,0,86.416,412.346,33,297,0.71,0.567,0.042,0.027,36,228.5,391,2.5,0,0,0,0,0,0,0,0,0,1107

Main.js:462 413.372,116.562,150,150,-0.822,0.346,-0.043,0.025,0,1,0,1,0,0,0,0,0,0,0,0,0,0,0,0,0,0,0,0,87.131,412.909,31.5,294,0.715,0.563,0.043,0.026,35,231,391,2.5,0,0,0,0,0,0,0,0,0,1125

Main.js:462 412.55,116.915,148.5,148.5,-0.822,0.354,-0.043,0.026,0,1,0,1,0,0,0,0,0,0,0,0,0,0,0,0,0,0,0,0,87.851,413.468,30,291,0.72,0.559,0.043,0.025,34,233.5,391,2.5,0,0,0,0,0,0,0,0,0,1142

Main.js:462 411.729,117.277,147,147,-0.821,0.362,-0.042,0.027,0,1,0,1,0,0,0,0,0,0,0,0,0,0,0,0,0,0,0,0,88.577,414.021,28.5,288,0.726,0.554,0.044,0.024,33,236,391,2.5,0,0,0,0,0,0,0,0,0,1158

Main.js:462 410.911,117.648,145.5,145.5,-0.819,0.371,-0.041,0.028,0,1,0,1,0,0,0,0,0,0,0,0,0,0,0,0,0,0,0,0,89.309,414.569,27,285,0.732,0.547,0.045,0.023,32,238.5,391,2.5,0,0,0,0,0,0,0,0,0,1174

Main.js:462 410.095,118.028,144,144,-0.816,0.38,-0.04,0.029,0,1,0,1,0,0,0,0,0,0,0,0,0,0,0,0,0,0,0,0,90.047,415.109,25.5,282,0.738,0.541,0.045,0.022,31,241,391,2.5,0,0,0,0,0,0,0,0,0,1191

Main.js:462 409.282,118.418,142.5,142.5,-0.813,0.39,-0.04,0.03,0,1,0,1,0,0,0,0,0,0,0,0,0,0,0,0,0,0,0,0,90.791,415.642,24,279,0.745,0.533,0.046,0.02,30,243.5,391,2.5,0,0,0,0,0,0,0,0,0,1207

Main.js:462 408.472,118.818,141,141,-0.809,0.4,-0.039,0.031,0,1,0,1,0,0,0,0,0,0,0,0,0,0,0,0,0,0,0,0,91.543,416.167,22.5,276,0.751,0.524,0.046,0.019,29,246,391,2.5,0,0,0,0,0,0,0,0,0,1225

Main.js:462 407.667,119.23,139.5,139.5,-0.805,0.411,-0.038,0.032,0,1,0,1,0,0,0,0,0,0,0,0,0,0,0,0,0,0,0,0,92.301,416.682,21,273,0.758,0.515,0.047,0.018,28,248.5,391,2.5,0,0,0,0,0,0,0,0,0,1242

Main.js:462 406.867,119.652,138,138,-0.8,0.422,-0.037,0.033,0,1,0,1,0,0,0,0,0,0,0,0,0,0,0,0,0,0,0,0,93.066,417.187,19.5,270,0.765,0.505,0.047,0.017,27,251,391,2.5,0,0,0,0,0,0,0,0,0,1258

Main.js:462 406.073,120.086,136.5,136.5,-0.794,0.434,-0.036,0.034,0,1,0,1,0,0,0,0,0,0,0,0,0,0,0,0,0,0,0,0,93.837,417.682,18,267,0.772,0.495,0.048,0.015,26,253.5,391,2.5,0,0,0,0,0,0,0,0,0,1275

Main.js:462 405.285,120.532,135,135,-0.788,0.446,-0.035,0.035,0,1,0,1,0,0,0,0,0,0,0,0,0,0,0,0,0,0,0,0,94.616,418.165,16.5,264,0.779,0.483,0.048,0.014,25,256,391,2.5,0,0,0,0,0,0,0,0,0,1292

Main.js:462 404.503,120.99,133.5,133.5,-0.782,0.458,-0.034,0.036,0,1,0,1,0,0,0,0,0,0,0,0,0,0,0,0,0,0,0,0,95.402,418.637,15,261,0.786,0.472,0.048,0.013,24,258.5,391,2.5,0,0,0,0,0,0,0,0,0,1308

Main.js:462 403.729,121.46,132,132,-0.774,0.47,-0.033,0.037,0,1,0,1,0,0,0,0,0,0,0,0,0,0,0,0,0,0,0,0,96.195,419.096,13.5,258,0.793,0.459,0.049,0.012,23,261,391,2.5,0,0,0,0,0,0,0,0,0,1324

Main.js:462 402.962,121.944,130.5,130.5,-0.766,0.483,-0.032,0.038,0,1,0,1,0,0,0,0,0,0,0,0,0,0,0,0,0,0,0,0,96.994,419.542,12,255,0.799,0.446,0.049,0.01,22,263.5,391,2.5,0,0,0,0,0,0,0,0,0,1341

Main.js:462 402.204,122.439,129,129,-0.758,0.496,-0.031,0.039,0,1,0,1,0,0,0,0,0,0,0,0,0,0,0,0,0,0,0,0,97.8,419.974,10.5,252,0.806,0.432,0.049,0.009,21,266,391,2.5,0,0,0,0,0,0,0,0,0,1358

Main.js:462 401.454,122.947,129,129,-0.75,0.508,-0.031,0.039,0,0,0,1,0,0,0,0,0,0,0,0,0,0,0,0,0,0,0,0,98.613,420.392,9,249,0.813,0.418,0.049,0.008,20,268.5,391,2.5,0,0,0,0,0,0,0,0,0,1376

Main.js:462 400.712,123.467,129,129,-0.742,0.519,-0.031,0.039,0,0,0,1,0,0,0,0,0,0,0,0,0,0,0,0,0,0,0,0,99.432,420.796,7.5,246,0.819,0.403,0.05,0.007,19,271,391,2.5,0,0,0,0,0,0,0,0,0,1392

Main.js:462 399.977,123.997,129,129,-0.735,0.53,-0.031,0.039,0,0,0,1,0,0,0,0,0,0,0,0,0,0,0,0,0,0,0,0,100.258,421.184,6,243,0.826,0.388,0.05,0.005,18,273.5,391,2.5,0,0,0,0,0,0,0,0,0,1407

Main.js:462 399.248,124.538,129,129,-0.728,0.541,-0.031,0.039,0,0,0,1,0,0,0,0,0,0,0,0,0,0,0,0,0,0,0,0,101.09,421.557,4.5,240,0.832,0.373,0.05,0.004,17,276,391,2.5,0,0,0,0,0,0,0,0,0,1424

Main.js:462 398.527,125.089,129,129,-0.722,0.551,-0.031,0.039,0,0,0,1,0,0,0,0,0,0,0,0,0,0,0,0,0,0,0,0,101.927,421.913,3,237,0.837,0.356,0.05,0.003,16,278.5,391,2.5,0,0,0,0,0,0,0,0,0,1441

Main.js:462 397.811,125.649,129,129,-0.716,0.56,-0.031,0.039,0,0,0,1,0,0,0,0,0,0,0,0,0,0,0,0,0,0,0,0,102.77,422.253,1.5,234,0.843,0.34,0.05,0.001,15,281,391,2.5,0,0,0,0,0,0,0,0,0,1458

Main.js:462 397.101,126.218,129,129,-0.71,0.569,-0.031,0.039,0,0,0,1,0,0,0,0,0,0,0,0,0,0,0,0,0,0,0,0,103.619,422.576,0,231,0.848,0.323,0.05,0,14,283.5,391,2.5,0,0,0,0,0,0,0,0,0,1474

Main.js:462 396.397,126.795,129,129,-0.704,0.577,-0.031,0.039,0,0,0,1,0,0,0,0,0,0,0,0,0,0,0,0,0,0,0,0,104.472,422.881,358.5,228,0.853,0.305,0.05,-0.001,13,286,391,2.5,0,0,0,0,0,0,0,0,0,1492

Main.js:462 395.699,127.381,129,129,-0.699,0.585,-0.031,0.039,0,0,0,1,0,0,0,0,0,0,0,0,0,0,0,0,0,0,0,0,105.33,423.169,357,225,0.858,0.288,0.05,-0.003,12,288.5,391,2.5,0,0,0,0,0,0,0,0,0,1541

Main.js:462 395.005,127.974,129,129,-0.694,0.593,-0.031,0.039,0,0,0,1,0,0,0,0,0,0,0,0,0,0,0,0,0,0,0,0,106.193,423.439,355.5,222,0.863,0.27,0.05,-0.004,11,291,391,2.5,0,0,0,0,0,0,0,0,0,1558

Main.js:462 394.316,128.574,129,129,-0.689,0.6,-0.031,0.039,0,0,0,1,0,0,0,0,0,0,0,0,0,0,0,0,0,0,0,0,107.06,423.69,354,219,0.867,0.251,0.05,-0.005,10,293.5,391,2.5,0,0,0,0,0,0,0,0,0,1574

Main.js:462 393.631,129.181,129,129,-0.684,0.607,-0.031,0.039,0,0,0,1,0,0,0,0,0,0,0,0,0,0,0,0,0,0,0,0,107.93,423.922,352.5,216,0.871,0.232,0.05,-0.007,9,296,391,2.5,0,0,0,0,0,0,0,0,0,1592

Main.js:462 392.951,129.795,129,129,-0.68,0.614,-0.031,0.039,0,0,0,1,0,0,0,0,0,0,0,0,0,0,0,0,0,0,0,0,108.804,424.136,351,213,0.874,0.213,0.049,-0.008,8,298.5,391,2.5,0,0,0,0,0,0,0,0,0,1608

Main.js:462 392.275,130.415,129,129,-0.676,0.62,-0.031,0.039,0,0,0,1,0,0,0,0,0,0,0,0,0,0,0,0,0,0,0,0,109.681,424.33,349.5,210,0.877,0.194,0.049,-0.009,7,301,391,2.5,0,0,0,0,0,0,0,0,0,1624

Main.js:462 391.603,131.041,129,129,-0.672,0.626,-0.031,0.039,0,0,0,1,0,0,0,0,0,0,0,0,0,0,0,0,0,0,0,0,110.561,424.504,348,207,0.88,0.174,0.049,-0.01,6,303.5,391,2.5,0,0,0,0,0,0,0,0,0,1640

Main.js:462 390.935,131.673,129,129,-0.668,0.632,-0.031,0.039,0,0,0,1,0,0,0,0,0,0,0,0,0,0,0,0,0,0,0,0,111.443,424.659,346.5,204,0.882,0.155,0.049,-0.012,5,306,391,2.5,0,0,0,0,0,0,0,0,0,1658

Main.js:462 390.27,132.31,129,129,-0.665,0.637,-0.031,0.039,0,0,0,1,0,0,0,0,0,0,0,0,0,0,0,0,0,0,0,0,112.326,424.793,345,201,0.884,0.135,0.048,-0.013,4,308.5,391,2.5,0,0,0,0,0,0,0,0,0,1676

Main.js:462 389.609,132.952,129,129,-0.661,0.642,-0.031,0.039,0,0,0,1,0,0,0,0,0,0,0,0,0,0,0,0,0,0,0,0,113.211,424.908,343.5,198,0.885,0.114,0.048,-0.014,3,311,391,2.5,0,0,0,0,0,0,0,0,0,1693

Main.js:462 388.951,133.598,129,129,-0.658,0.647,-0.031,0.039,0,0,0,1,0,0,0,0,0,0,0,0,0,0,0,0,0,0,0,0,114.097,425.002,342,195,0.886,0.094,0.048,-0.015,2,313.5,391,2.5,0,0,0,0,0,0,0,0,0,1707

Main.js:462 388.295,134.25,129,129,-0.655,0.651,-0.031,0.039,0,0,0,1,0,0,0,0,0,0,0,0,0,0,0,0,0,0,0,0,114.983,425.075,340.5,192,0.886,0.073,0.047,-0.017,1,316,391,2.5,0,0,0,0,0,0,0,0,0,1725

Main.js:462 387.643,134.905,129,129,-0.652,0.656,-0.031,0.039,0,0,0,1,0,0,0,0,0,0,0,0,0,0,0,0,0,0,0,0,115.87,425.128,339,189,0.886,0.053,0.047,-0.018,0,318.5,391,2.5,0,0,0,0,0,0,0,0,0,1741

Main.js:462 386.993,135.565,129,129,-0.65,0.66,-0.031,0.039,0,0,0,1,0,0,0,0,0,0,0,0,0,0,0,0,0,0,0,0,116.756,425.16,337.5,186,0.886,0.032,0.046,-0.019,99,321,391,2.5,0,0,0,0,0,0,0,0,0,1757

Main.js:462 386.346,136.229,129,129,-0.647,0.664,-0.031,0.039,0,0,0,1,0,0,0,0,0,0,0,0,0,0,0,0,0,0,0,0,117.641,425.171,336,183,0.885,0.011,0.046,-0.02,98,323.5,391,2.5,0,92.498,422.672,-2.486,-0.261,0,0,0,0,1774

Main.js:462 385.702,136.897,129,129,-0.645,0.667,-0.031,0.039,0,0,0,1,0,0,0,0,0,0,0,0,0,0,0,0,0,0,0,0,118.524,425.161,334.5,180,0.884,-0.01,0.045,-0.022,97,326,391,2.5,0,90.012,422.41,-2.486,-0.261,0,0,0,0,1792

Main.js:462 385.059,137.568,129,129,-0.642,0.671,-0.031,0.039,0,0,0,1,0,0,0,0,0,0,0,0,0,0,0,0,0,0,0,0,119.406,425.13,333,177,0.882,-0.031,0.045,-0.023,96,328.5,391,2.5,0,87.526,422.149,-2.486,-0.261,0,0,0,0,1808

Main.js:462 384.419,138.242,129,129,-0.64,0.674,-0.031,0.039,0,0,0,1,0,0,0,0,0,0,0,0,0,0,0,0,0,0,0,0,120.286,425.078,331.5,174,0.879,-0.052,0.044,-0.024,95,331,391,2.5,0,85.039,421.888,-2.486,-0.261,0,0,0,0,1826

Main.js:462 383.781,138.92,129,129,-0.638,0.678,-0.031,0.039,0,0,0,1,0,0,0,0,0,0,0,0,0,0,0,0,0,0,0,0,121.162,425.004,330,171,0.877,-0.073,0.043,-0.025,94,333.5,391,2.5,0,82.553,421.626,-2.486,-0.261,0,0,0,0,1841

Main.js:462 383.145,139.6,129,129,-0.636,0.681,-0.031,0.039,0,0,0,1,0,0,0,0,0,0,0,0,0,0,0,0,0,0,0,0,122.035,424.91,328.5,168,0.873,-0.094,0.043,-0.026,93,336,391,2.5,0,80.067,421.365,-2.486,-0.261,0,0,0,0,1857

Main.js:462 382.511,140.284,129,129,-0.634,0.684,-0.031,0.039,0,0,0,1,0,0,0,0,0,0,0,0,0,0,0,0,0,0,0,0,122.905,424.794,327,165,0.869,-0.116,0.042,-0.027,92,338.5,391,2.5,0,77.581,421.104,-2.486,-0.261,0,0,0,0,1874

Main.js:462 381.879,140.97,129,129,-0.632,0.686,-0.031,0.039,0,0,0,1,0,0,0,0,0,0,0,0,0,0,0,0,0,0,0,0,123.77,424.658,325.5,162,0.865,-0.137,0.041,-0.028,91,341,391,2.5,0,75.094,420.842,-2.486,-0.261,0,0,0,0,1892

Main.js:462 381.249,141.659,129,129,-0.631,0.689,-0.031,0.039,0,0,0,1,0,0,0,0,0,0,0,0,0,0,0,0,0,0,0,0,124.63,424.5,324,159,0.86,-0.158,0.04,-0.029,90,343.5,391,2.5,0,72.608,420.581,-2.486,-0.261,0,0,0,0,1908

Main.js:462 380.62,142.35,129,129,-0.629,0.691,-0.031,0.039,0,0,0,1,0,0,0,0,0,0,0,0,0,0,0,0,0,0,0,0,125.485,424.321,322.5,156,0.855,-0.179,0.04,-0.03,89,346,391,2.5,0,70.122,420.32,-2.486,-0.261,0,0,0,0,1926

Main.js:462 379.992,143.044,129,129,-0.627,0.694,-0.031,0.039,0,0,0,1,0,0,0,0,0,0,0,0,0,0,0,0,0,0,0,0,126.334,424.121,321,153,0.849,-0.2,0.039,-0.031,88,348.5,391,2.5,0,67.635,420.058,-2.486,-0.261,0,0,0,0,1940

Main.js:462 379.366,143.74,129,129,-0.626,0.696,-0.031,0.039,0,0,0,1,0,0,0,0,0,0,0,0,0,0,0,0,0,0,0,0,127.177,423.9,319.5,150,0.843,-0.221,0.038,-0.032,87,351,391,2.5,0,65.149,419.797,-2.486,-0.261,0,0,0,0,1958

Main.js:462 378.742,144.438,129,129,-0.624,0.698,-0.031,0.039,0,0,0,1,0,0,0,0,0,0,0,0,0,0,0,0,0,0,0,0,128.013,423.659,318,147,0.836,-0.241,0.037,-0.033,86,353.5,391,2.5,0,62.663,419.536,-2.486,-0.261,0,0,0,0,1975

Main.js:462 378.119,145.138,129,129,-0.623,0.7,-0.031,0.039,0,0,0,1,0,0,0,0,0,0,0,0,0,0,0,0,0,0,0,0,128.842,423.397,316.5,144,0.829,-0.262,0.036,-0.034,85,356,391,2.5,0,60.176,419.274,-2.486,-0.261,0,0,0,0,1992

Main.js:462 377.497,145.84,129,129,-0.622,0.702,-0.031,0.039,0,0,0,1,0,0,0,0,0,0,0,0,0,0,0,0,0,0,0,0,129.663,423.115,315,141,0.821,-0.283,0.035,-0.035,84,358.5,391,2.5,0,57.69,419.013,-2.486,-0.261,0,0,0,0,2007

Main.js:462 376.876,146.543,129,129,-0.621,0.704,-0.031,0.039,0,0,0,1,0,0,0,0,0,0,0,0,0,0,0,0,0,0,0,0,130.477,422.813,316.5,141,0.814,-0.301,0.036,-0.034,83,361,391,2.5,0,55.204,418.752,-2.486,-0.261,0,0,0,0,2025

Main.js:462 376.257,147.249,129,129,-0.62,0.705,-0.031,0.039,0,0,0,1,0,0,0,0,0,0,0,0,0,0,0,0,0,0,0,0,131.286,422.496,318,141,0.809,-0.318,0.037,-0.033,82,363.5,391,2.5,0,52.718,418.49,-2.486,-0.261,0,0,0,0,2041

Main.js:462 375.638,147.956,129,129,-0.618,0.707,-0.031,0.039,0,0,0,1,0,0,0,0,0,0,0,0,0,0,0,0,0,0,0,0,132.09,422.163,319.5,141,0.804,-0.333,0.038,-0.032,81,366,391,2.5,0,50.231,418.229,-2.486,-0.261,0,0,0,0,2058

Main.js:462 375.021,148.665,129,129,-0.617,0.709,-0.031,0.039,0,0,0,1,0,0,0,0,0,0,0,0,0,0,0,0,0,0,0,0,132.891,421.817,321,141,0.801,-0.346,0.039,-0.031,80,368.5,391,2.5,0,47.745,417.968,-2.486,-0.261,0,0,0,0,2075

Main.js:462 374.405,149.375,129,129,-0.616,0.71,-0.031,0.039,0,0,0,1,0,0,0,0,0,0,0,0,0,0,0,0,0,0,0,0,133.69,421.459,322.5,141,0.799,-0.358,0.04,-0.03,79,371,391,2.5,0,45.259,417.706,-2.486,-0.261,0,0,0,0,2092

Main.js:462 373.789,150.086,129,129,-0.615,0.712,-0.031,0.039,0,0,0,1,0,0,0,0,0,0,0,0,0,0,0,0,0,0,0,0,134.487,421.092,324,141,0.797,-0.368,0.04,-0.029,78,373.5,391,2.5,0,42.772,417.445,-2.486,-0.261,0,0,0,0,2109

Main.js:462 373.174,150.799,129,129,-0.615,0.713,-0.031,0.039,99,0,0,1,0,1,0,0,0,0,0,0,0,0,0,0,0,0,0,0,135.284,420.715,325.5,141,0.797,-0.376,0.041,-0.028,77,376,391,2.5,0,40.286,417.184,-2.486,-0.261,0,0,0,0,2124

Main.js:462 372.561,151.514,129,129,-0.614,0.714,-0.031,0.039,98,0,0,1,0,1,0,0,359,168.349,-1.573,1.943,0,0,0,0,0,0,0,0,136.08,420.332,327,141,0.797,-0.383,0.042,-0.027,76,378.5,391,2.5,0,37.8,416.922,-2.486,-0.261,0,0,0,0,2140

Main.js:462 371.948,152.229,129,129,-0.613,0.715,-0.031,0.039,97,0,0,1,0,1,0,0,357.427,170.292,-1.573,1.943,0,0,0,0,0,0,0,0,136.878,419.943,328.5,141,0.797,-0.389,0.043,-0.026,75,381,391,2.5,0,35.313,416.661,-2.486,-0.261,0,0,0,0,2159

Main.js:462 371.335,152.945,129,129,-0.612,0.717,-0.031,0.039,96,0,0,1,0,1,0,0,355.853,172.235,-1.573,1.943,0,0,0,0,0,0,0,0,137.676,419.55,330,141,0.799,-0.393,0.043,-0.025,74,383.5,391,2.5,0,32.827,416.4,-2.486,-0.261,0,0,0,0,2175

Main.js:462 370.724,153.663,129,129,-0.612,0.718,-0.031,0.039,95,0,0,1,0,1,0,0,354.28,174.178,-1.573,1.943,0,0,0,0,0,0,0,0,138.476,419.154,331.5,141,0.8,-0.396,0.044,-0.024,73,386,391,2.5,0,30.341,416.138,-2.486,-0.261,0,0,0,0,2191

Main.js:462 370.113,154.382,129,129,-0.611,0.719,-0.031,0.039,94,0,0,1,0,1,0,0,352.707,176.121,-1.573,1.943,0,0,0,0,0,0,0,0,139.279,418.756,333,141,0.803,-0.398,0.045,-0.023,72,388.5,391,2.5,0,27.854,415.877,-2.486,-0.261,0,0,0,0,2209

Main.js:462 369.503,155.101,129,129,-0.61,0.72,-0.031,0.039,93,0,0,1,0,1,0,0,351.134,178.064,-1.573,1.943,0,0,0,0,0,0,0,0,140.084,418.357,334.5,141,0.805,-0.399,0.045,-0.022,71,391,391,2.5,0,25.368,415.616,-2.486,-0.261,0,0,0,0,2225

Main.js:462 368.893,155.822,129,129,-0.61,0.721,-0.031,0.039,92,0,0,1,0,0,0,0,349.56,180.007,-1.573,1.943,0,0,0,0,0,0,0,0,140.893,417.959,336,141,0.808,-0.398,0.046,-0.02,70,393.5,391,2.5,0,22.882,415.355,-2.486,-0.261,0,0,0,0,2241

Main.js:462 368.284,156.543,129,129,-0.609,0.721,-0.031,0.039,91,0,0,1,0,0,0,0,347.987,181.949,-1.573,1.943,0,0,0,0,0,0,0,0,141.705,417.563,337.5,141,0.812,-0.396,0.046,-0.019,69,396,391,2.5,0,20.396,415.093,-2.486,-0.261,0,0,0,0,2258

Main.js:462 367.676,157.266,129,129,-0.608,0.722,-0.031,0.039,90,0,0,1,0,0,0,0,346.414,183.892,-1.573,1.943,0,0,0,0,0,0,0,0,142.52,417.17,339,141,0.816,-0.393,0.047,-0.018,68,398.5,391,2.5,0,17.909,414.832,-2.486,-0.261,0,0,0,0,2275

Main.js:462 367.068,157.989,129,129,-0.608,0.723,-0.031,0.039,89,0,0,1,0,0,0,0,344.84,185.835,-1.573,1.943,0,0,0,0,0,0,0,0,143.34,416.78,340.5,141,0.82,-0.39,0.047,-0.017,67,401,391,2.5,0,15.423,414.571,-2.486,-0.261,0,0,0,0,2292

Main.js:462 366.461,158.713,129,129,-0.607,0.724,-0.031,0.039,88,0,0,1,0,0,0,0,343.267,187.778,-1.573,1.943,0,0,0,0,0,0,0,0,144.164,416.395,342,141,0.824,-0.385,0.048,-0.015,66,403.5,391,2.5,0,12.937,414.309,-2.486,-0.261,0,0,0,0,2309

Main.js:462 365.854,159.437,129,129,-0.607,0.725,-0.031,0.039,87,0,0,1,0,0,0,0,341.694,189.721,-1.573,1.943,0,0,0,0,0,0,0,0,144.992,416.016,343.5,141,0.828,-0.379,0.048,-0.014,65,406,391,2.5,0,10.45,414.048,-2.486,-0.261,0,0,0,0,2324

Main.js:462 365.247,160.162,129,129,-0.606,0.725,-0.031,0.039,86,0,0,1,0,0,0,0,340.12,191.664,-1.573,1.943,0,0,0,0,0,0,0,0,145.825,415.644,345,141,0.833,-0.372,0.048,-0.013,64,408.5,391,2.5,0,7.964,413.787,-2.486,-0.261,0,0,0,0,2341

Main.js:462 364.671,160.851,129,129,-0.576,0.689,0,0,85,0,0,0,0,0,0,0,338.547,193.607,-1.573,1.943,0,0,0,0,0,0,0,0,146.662,415.279,346.5,141,0.837,-0.365,0.049,-0.012,63,411,391,2.5,0,5.478,413.525,-2.486,-0.261,0,0,0,0,2358

Main.js:462 364.124,161.506,129,129,-0.547,0.655,0,0,84,0,0,0,0,0,0,0,336.974,195.55,-1.573,1.943,0,0,0,0,0,0,0,0,147.504,414.922,348,141,0.842,-0.356,0.049,-0.01,62,413.5,391,2.5,0,2.991,413.264,-2.486,-0.261,0,0,0,0,2374

Main.js:462 363.604,162.128,129,129,-0.52,0.622,0,0,83,0,0,0,0,0,0,0,335.401,197.492,-1.573,1.943,0,0,0,0,0,0,0,0,148.351,414.575,349.5,141,0.846,-0.347,0.049,-0.009,61,416,391,2.5,0,0.505,413.003,-2.486,-0.261,0,0,0,0,2392

Main.js:462 363.11,162.719,129,129,-0.494,0.591,0,0,82,0,0,0,0,0,0,0,335.401,197.492,-1.573,1.943,0,0,0,0,0,0,0,0,149.202,414.238,351,141,0.851,-0.337,0.049,-0.008,60,418.5,391,2.5,0,0,0,0,0,0,0,0,0,2408

Main.js:462 362.641,163.28,129,129,-0.469,0.561,0,0,81,0,0,0,0,0,0,0,333.827,199.435,-1.573,1.943,0,0,0,0,0,0,0,0,150.057,413.911,352.5,141,0.856,-0.327,0.05,-0.007,59,421,391,2.5,0,0,0,0,0,0,0,0,0,2426

Main.js:462 362.195,163.813,129,129,-0.446,0.533,0,0,80,0,0,0,0,0,0,0,332.254,201.378,-1.573,1.943,0,0,0,0,0,0,0,0,150.917,413.596,354,141,0.86,-0.315,0.05,-0.005,58,423.5,391,2.5,0,0,0,0,0,0,0,0,0,2442

Main.js:462 361.771,164.319,129,129,-0.424,0.506,0,0,79,0,0,0,0,0,0,0,330.681,203.321,-1.573,1.943,0,0,0,0,0,0,0,0,151.782,413.292,355.5,141,0.864,-0.303,0.05,-0.004,57,426,391,2.5,0,0,0,0,0,0,0,0,0,2459

Main.js:462 361.369,164.8,129,129,-0.402,0.481,0,0,78,0,0,0,0,0,0,0,329.107,205.264,-1.573,1.943,0,0,0,0,0,0,0,0,152.65,413.002,357,141,0.869,-0.291,0.05,-0.003,56,428.5,391,2.5,0,0,0,0,0,0,0,0,0,2476

Main.js:462 360.987,165.258,129,129,-0.382,0.457,0,0,77,0,0,0,0,0,0,0,327.534,207.207,-1.573,1.943,0,0,0,0,0,0,0,0,153.523,412.724,358.5,141,0.873,-0.277,0.05,-0.001,55,431,391,2.5,0,0,0,0,0,0,0,0,0,2491

Main.js:462 360.624,165.692,129,129,-0.363,0.434,0,0,76,0,0,0,0,0,0,0,325.961,209.15,-1.573,1.943,0,0,0,0,0,0,0,0,154.4,412.461,0,141,0.877,-0.263,0.05,0,54,433.5,391,2.5,0,0,0,0,0,0,0,0,0,2563

Main.js:462 360.279,166.104,129,129,-0.345,0.413,0,0,75,0,0,0,0,0,0,0,324.387,211.092,-1.573,1.943,0,0,0,0,0,0,0,0,155.28,412.211,0,139.5,0.88,-0.25,0.05,0,53,436,391,2.5,0,0,0,0,0,0,0,0,0,2574

Main.js:462 359.951,166.496,129,129,-0.328,0.392,0,0,74,0,0,0,0,0,0,0,322.814,213.035,-1.573,1.943,0,0,0,0,0,0,0,0,156.163,411.973,0,138,0.884,-0.238,0.05,0,52,438.5,391,2.5,0,0,0,0,0,0,0,0,0,2591

Main.js:462 359.64,166.869,129,129,-0.311,0.372,0,0,73,0,0,0,0,0,0,0,321.241,214.978,-1.573,1.943,0,0,0,0,0,0,0,0,157.05,411.747,0,136.5,0.887,-0.226,0.05,0,51,441,391,2.5,0,0,0,0,0,0,0,0,0,2608

Main.js:462 359.344,167.222,129,129,-0.296,0.354,0,0,72,0,0,0,0,0,0,0,319.668,216.921,-1.573,1.943,0,0,0,0,0,0,0,0,157.941,411.532,0,135,0.89,-0.215,0.05,0,50,443.5,391,2.5,0,0,0,0,0,0,0,0,0,2623

Main.js:462 359.063,167.558,129,129,-0.281,0.336,0,0,71,0,0,0,0,0,0,0,318.094,218.864,-1.573,1.943,0,0,0,0,0,0,0,0,158.834,411.328,0,133.5,0.893,-0.204,0.05,0,49,446,391,2.5,0,0,0,0,0,0,0,0,0,2640

Main.js:462 358.796,167.877,129,129,-0.267,0.319,0,0,70,0,0,0,0,0,0,0,316.521,220.807,-1.573,1.943,0,0,0,0,0,0,0,0,159.73,411.135,0,132,0.896,-0.194,0.05,0,48,448.5,391,2.5,0,0,0,0,0,0,0,0,0,2657

Main.js:462 358.543,168.181,129,129,-0.254,0.303,0,0,69,0,0,0,0,0,0,0,314.948,222.75,-1.573,1.943,0,0,0,0,0,0,0,0,160.629,410.951,0,130.5,0.899,-0.184,0.05,0,47,451,391,2.5,0,0,0,0,0,0,0,0,0,2676

Main.js:462 358.302,168.469,129,129,-0.241,0.288,0,0,68,0,0,0,0,0,0,0,313.374,224.692,-1.573,1.943,0,0,0,0,0,0,0,0,161.53,410.776,0,129,0.901,-0.175,0.05,0,46,453.5,391,2.5,0,0,0,0,0,0,0,0,0,2691

Main.js:462 358.073,168.742,129,129,-0.229,0.274,0,0,67,0,0,0,0,0,0,0,311.801,226.635,-1.573,1.943,0,0,0,0,0,0,0,0,162.434,410.61,0,127.5,0.904,-0.166,0.05,0,45,456,391,2.5,0,0,0,0,0,0,0,0,0,2708

Main.js:462 357.855,169.002,129,129,-0.217,0.26,0,0,66,0,0,0,0,0,0,0,310.228,228.578,-1.573,1.943,0,0,0,0,0,0,0,0,163.34,410.452,0,126,0.906,-0.158,0.05,0,44,458.5,391,2.5,0,0,0,0,0,0,0,0,0,2726

Main.js:462 357.649,169.249,129,129,-0.207,0.247,0,0,65,0,0,0,0,0,0,0,308.654,230.521,-1.573,1.943,0,0,0,0,0,0,0,0,164.248,410.302,0,124.5,0.908,-0.15,0.05,0,43,461,391,2.5,0,0,0,0,0,0,0,0,0,2742

Main.js:462 357.453,169.484,129,129,-0.196,0.235,0,0,64,0,0,0,0,0,0,0,307.081,232.464,-1.573,1.943,0,0,0,0,0,0,0,0,165.158,410.16,0,123,0.91,-0.142,0.05,0,42,463.5,391,2.5,0,0,0,0,0,0,0,0,0,2759

Main.js:462 357.236,169.744,129,129,-0.216,0.26,-0.031,0.039,63,0,0,1,0,0,0,0,305.508,234.407,-1.573,1.943,0,0,0,0,0,0,0,0,166.07,410.025,0,121.5,0.912,-0.135,0.05,0,41,466,391,2.5,0,0,0,0,0,0,0,0,0,2775

Main.js:462 357.001,170.028,129,129,-0.235,0.284,-0.031,0.039,62,0,0,1,0,0,0,0,303.935,236.35,-1.573,1.943,0,0,0,0,0,0,0,0,166.985,409.896,0,120,0.914,-0.128,0.05,0,40,468.5,391,2.5,0,0,0,0,0,0,0,0,0,2793

Main.js:462 356.747,170.334,129,129,-0.253,0.306,-0.031,0.039,61,0,0,1,0,0,0,0,302.361,238.293,-1.573,1.943,0,0,0,0,0,0,0,0,167.9,409.774,0,118.5,0.916,-0.122,0.05,0,39,471,391,2.5,0,0,0,0,0,0,0,0,0,2809

Main.js:462 356.477,170.662,129,129,-0.271,0.328,-0.031,0.039,60,0,0,1,0,0,0,0,300.788,240.235,-1.573,1.943,0,0,0,0,0,0,0,0,168.818,409.658,0,117,0.918,-0.116,0.05,0,38,473.5,391,2.5,0,0,0,0,0,0,0,0,0,2824

Main.js:462 356.19,171.011,129,129,-0.287,0.349,-0.031,0.039,59,0,0,1,0,0,0,0,299.215,242.178,-1.573,1.943,0,0,0,0,0,0,0,0,169.737,409.548,0,115.5,0.919,-0.11,0.05,0,37,476,391,2.5,0,0,0,0,0,0,0,0,0,2840

Main.js:462 355.887,171.379,129,129,-0.303,0.368,-0.031,0.039,58,0,0,1,0,0,0,0,297.641,244.121,-1.573,1.943,0,0,0,0,0,0,0,0,170.658,409.443,0,114,0.921,-0.105,0.05,0,36,478.5,391,2.5,0,0,0,0,0,0,0,0,0,2857

Main.js:462 355.57,171.765,129,129,-0.317,0.387,-0.031,0.039,57,0,0,1,0,0,0,0,296.068,246.064,-1.573,1.943,0,0,0,0,0,0,0,0,171.581,409.344,0,112.5,0.922,-0.099,0.05,0,35,481,391,2.5,0,0,0,0,0,0,0,0,0,2875

Main.js:462 355.237,172.169,130.5,130.5,-0.332,0.403,-0.032,0.038,56,0,1,1,0,0,0,0,294.495,248.007,-1.573,1.943,0,0,0,0,0,0,0,0,172.504,409.25,0,111,0.924,-0.094,0.05,0,34,483.5,391,2.5,0,0,0,0,0,0,0,0,0,2890

Main.js:462 354.89,172.587,132,132,-0.348,0.418,-0.033,0.037,55,0,1,1,0,0,0,0,292.921,249.95,-1.573,1.943,0,0,0,0,0,0,0,0,173.429,409.16,0,109.5,0.925,-0.09,0.05,0,33,486,391,2.5,0,0,0,0,0,0,0,0,0,2908

Main.js:462 354.527,173.019,133.5,133.5,-0.363,0.432,-0.034,0.036,54,0,1,1,0,0,0,0,291.348,251.893,-1.573,1.943,0,0,0,0,0,0,0,0,174.355,409.075,0,108,0.926,-0.085,0.05,0,32,488.5,391,2.5,0,0,0,0,0,0,0,0,0,2924

Main.js:462 354.15,173.464,133.5,133.5,-0.377,0.445,-0.034,0.036,53,0,0,1,0,0,0,0,289.775,253.835,-1.573,1.943,0,0,0,0,0,0,0,0,175.283,408.994,0,106.5,0.927,-0.081,0.05,0,31,491,391,2.5,0,0,0,0,0,0,0,0,0,2941

Main.js:462 353.758,173.921,133.5,133.5,-0.391,0.457,-0.034,0.036,52,0,0,1,0,0,0,0,288.202,255.778,-1.573,1.943,0,0,0,0,0,0,0,0,176.211,408.917,0,105,0.929,-0.077,0.05,0,30,493.5,391,2.5,0,0,0,0,0,0,0,0,0,2957

Main.js:462 353.354,174.39,133.5,133.5,-0.404,0.469,-0.034,0.036,51,0,0,1,0,0,0,0,286.628,257.721,-1.573,1.943,0,0,0,0,0,0,0,0,177.141,408.844,0,103.5,0.93,-0.073,0.05,0,29,496,391,2.5,0,0,0,0,0,0,0,0,0,2974

Main.js:462 352.937,174.87,133.5,133.5,-0.417,0.48,-0.034,0.036,50,0,0,1,0,0,0,0,285.055,259.664,-1.573,1.943,0,0,0,0,0,0,0,0,178.072,408.774,0,102,0.931,-0.069,0.05,0,28,498.5,391,2.5,0,0,0,0,0,0,0,0,0,2991

Main.js:462 352.508,175.36,133.5,133.5,-0.429,0.49,-0.034,0.036,49,0,0,1,0,0,0,0,285.055,259.664,-1.573,1.943,0,0,0,0,0,0,0,0,179.003,408.708,0,100.5,0.932,-0.066,0.05,0,27,0,0,0,0,0,0,0,0,0,0,0,0,3008

Main.js:462 352.069,175.86,133.5,133.5,-0.44,0.5,-0.034,0.036,48,0,0,1,0,0,0,0,283.482,261.607,-1.573,1.943,0,0,0,0,0,0,0,0,179.936,408.644,358.5,97.5,0.933,-0.064,0.05,-0.001,26,0,0,0,0,0,0,0,0,0,0,0,0,3024

Main.js:462 351.618,176.37,133.5,133.5,-0.451,0.51,-0.034,0.036,47,0,0,1,0,0,0,0,281.908,263.55,-1.573,1.943,0,0,0,0,0,0,0,0,180.869,408.581,357,94.5,0.933,-0.063,0.05,-0.003,25,0,0,0,0,0,0,0,0,0,0,0,0,3042

Main.js:462 351.157,176.888,133.5,133.5,-0.461,0.519,-0.034,0.036,46,0,0,1,0,0,0,0,280.335,265.493,-1.573,1.943,0,0,0,0,0,0,0,0,181.803,408.517,355.5,91.5,0.934,-0.064,0.05,-0.004,24,0,0,0,0,0,0,0,0,0,0,0,0,3058

Main.js:462 350.687,177.415,133.5,133.5,-0.47,0.527,-0.034,0.036,45,0,0,1,0,0,0,0,278.762,267.436,-1.573,1.943,0,0,0,0,0,0,0,0,182.738,408.452,354,88.5,0.935,-0.066,0.05,-0.005,23,0,0,0,0,0,0,0,0,0,0,0,0,3078

Main.js:462 350.207,177.95,133.5,133.5,-0.48,0.535,-0.034,0.036,44,0,0,1,0,0,0,0,277.188,269.378,-1.573,1.943,0,0,0,0,0,0,0,0,183.673,408.383,352.5,85.5,0.935,-0.068,0.05,-0.007,22,0,0,0,0,0,0,0,0,0,0,0,0,3092

Main.js:462 349.719,178.493,133.5,133.5,-0.488,0.543,-0.034,0.036,43,0,0,1,0,0,0,0,275.615,271.321,-1.573,1.943,0,0,0,0,0,0,0,0,184.608,408.311,351,82.5,0.935,-0.072,0.049,-0.008,21,0,0,0,0,0,0,0,0,0,0,0,0,3108

Main.js:462 349.222,179.044,133.5,133.5,-0.497,0.55,-0.034,0.036,42,0,0,1,0,0,0,0,274.042,273.264,-1.573,1.943,0,0,0,0,0,0,0,0,185.543,408.233,349.5,79.5,0.935,-0.078,0.049,-0.009,20,0,0,0,0,0,0,0,0,0,0,0,0,3124

Main.js:462 348.717,179.601,133.5,133.5,-0.505,0.557,-0.034,0.036,41,0,0,1,0,0,0,0,272.469,275.207,-1.573,1.943,0,0,0,0,0,0,0,0,186.477,408.15,348,76.5,0.935,-0.084,0.049,-0.01,19,0,0,0,0,0,0,0,0,0,0,0,0,3141

Main.js:462 348.205,180.164,133.5,133.5,-0.512,0.564,-0.034,0.036,40,0,0,1,0,0,0,0,270.895,277.15,-1.573,1.943,0,0,0,0,0,0,0,0,187.412,408.059,346.5,73.5,0.934,-0.09,0.049,-0.012,18,0,0,0,0,0,0,0,0,0,0,0,0,3158

Main.js:462 347.686,180.734,133.5,133.5,-0.519,0.57,-0.034,0.036,39,0,0,1,0,0,0,0,269.322,279.093,-1.573,1.943,0,0,0,0,0,0,0,0,188.345,407.961,345,70.5,0.933,-0.098,0.048,-0.013,17,0,0,0,0,0,0,0,0,0,0,0,0,3175

Main.js:462 347.161,181.31,133.5,133.5,-0.526,0.576,-0.034,0.036,38,0,0,1,0,0,0,0,267.749,281.036,-1.573,1.943,0,0,0,0,0,0,0,0,189.277,407.854,343.5,67.5,0.932,-0.107,0.048,-0.014,16,0,0,0,0,0,0,0,0,0,0,0,0,3191

Main.js:462 346.628,181.892,133.5,133.5,-0.532,0.582,-0.034,0.036,37,0,0,1,0,0,0,0,266.175,282.978,-1.573,1.943,0,0,0,0,0,0,0,0,190.208,407.738,342,64.5,0.931,-0.116,0.048,-0.015,15,0,0,0,0,0,0,0,0,0,0,0,0,3208

Main.js:462 346.09,182.479,133.5,133.5,-0.538,0.587,-0.034,0.036,36,0,0,1,0,0,0,0,264.602,284.921,-1.573,1.943,0,0,0,0,0,0,0,0,191.137,407.612,340.5,61.5,0.929,-0.126,0.047,-0.017,14,0,0,0,0,0,0,0,0,0,0,0,0,3225

Main.js:462 345.546,183.071,133.5,133.5,-0.544,0.592,-0.034,0.036,35,0,0,1,0,0,0,0,263.029,286.864,-1.573,1.943,0,0,0,0,0,0,0,0,192.064,407.475,339,58.5,0.927,-0.137,0.047,-0.018,13,0,0,0,0,0,0,0,0,0,0,0,0,3241

Main.js:462 344.996,183.668,133.5,133.5,-0.55,0.597,-0.034,0.036,34,0,0,1,0,0,0,0,261.455,288.807,-1.573,1.943,0,0,0,0,0,0,0,0,192.989,407.327,337.5,55.5,0.924,-0.148,0.046,-0.019,12,0,0,0,0,0,0,0,0,0,0,0,0,3257

Main.js:462 344.442,184.27,133.5,133.5,-0.555,0.602,-0.034,0.036,33,0,0,1,0,0,0,0,259.882,290.75,-1.573,1.943,0,0,0,0,0,0,0,0,193.91,407.167,336,52.5,0.922,-0.16,0.046,-0.02,11,0,0,0,0,0,0,0,0,0,0,0,0,3276

Main.js:462 343.882,184.876,133.5,133.5,-0.56,0.606,-0.034,0.036,32,0,0,1,0,0,0,0,258.309,292.693,-1.573,1.943,0,0,0,0,0,0,0,0,194.829,406.994,334.5,49.5,0.918,-0.173,0.045,-0.022,10,0,0,0,0,0,0,0,0,0,0,0,0,3292

Main.js:462 343.317,185.486,133.5,133.5,-0.564,0.61,-0.034,0.036,31,0,0,1,0,0,0,0,256.735,294.636,-1.573,1.943,0,0,0,0,0,0,0,0,195.743,406.809,333,46.5,0.915,-0.185,0.045,-0.023,9,0,0,0,0,0,0,0,0,0,0,0,0,3308

Main.js:462 342.748,186.1,133.5,133.5,-0.569,0.614,-0.034,0.036,30,0,0,1,0,0,0,0,255.162,296.578,-1.573,1.943,0,0,0,0,0,0,0,0,196.654,406.61,331.5,43.5,0.911,-0.199,0.044,-0.024,8,0,0,0,0,0,0,0,0,0,0,0,0,3325

Main.js:462 342.175,186.717,133.5,133.5,-0.573,0.618,-0.034,0.036,29,0,0,1,0,0,0,0,253.589,298.521,-1.573,1.943,0,0,0,0,0,0,0,0,197.561,406.397,330,40.5,0.906,-0.213,0.043,-0.025,7,0,0,0,0,0,0,0,0,0,0,0,0,3341

Main.js:462 341.598,187.339,133.5,133.5,-0.577,0.621,-0.034,0.036,28,0,0,1,0,0,0,0,252.016,300.464,-1.573,1.943,0,0,0,0,0,0,0,0,198.462,406.17,328.5,37.5,0.902,-0.227,0.043,-0.026,6,0,0,0,0,0,0,0,0,0,0,0,0,3358

Main.js:462 341.017,187.964,133.5,133.5,-0.581,0.625,-0.034,0.036,27,0,0,1,0,0,0,0,250.442,302.407,-1.573,1.943,0,0,0,0,0,0,0,0,199.359,405.929,327,34.5,0.896,-0.241,0.042,-0.027,5,0,0,0,0,0,0,0,0,0,0,0,0,3374

Main.js:462 340.432,188.592,133.5,133.5,-0.585,0.628,-0.034,0.036,26,0,0,1,0,0,0,0,248.869,304.35,-1.573,1.943,0,0,0,0,0,0,0,0,200.249,405.673,325.5,31.5,0.891,-0.256,0.041,-0.028,4,0,0,0,0,0,0,0,0,0,0,0,0,3391

Main.js:462 339.844,189.223,133.5,133.5,-0.588,0.631,-0.034,0.036,25,0,0,1,0,0,0,0,247.296,306.293,-1.573,1.943,0,0,0,0,0,0,0,0,201.134,405.401,324,28.5,0.885,-0.271,0.04,-0.029,3,0,0,0,0,0,0,0,0,0,0,0,0,3407

Main.js:462 339.253,189.856,133.5,133.5,-0.591,0.634,-0.034,0.036,24,0,0,1,0,0,0,0,245.722,308.236,-1.573,1.943,0,0,0,0,0,0,0,0,202.012,405.115,322.5,25.5,0.878,-0.287,0.04,-0.03,2,0,0,0,0,0,0,0,0,0,0,0,0,3425

Main.js:462 338.658,190.493,133.5,133.5,-0.595,0.637,-0.034,0.036,23,0,0,1,0,0,0,0,244.149,310.179,-1.573,1.943,0,0,0,0,0,0,0,0,202.883,404.812,321,22.5,0.871,-0.302,0.039,-0.031,1,0,0,0,0,0,0,0,0,0,0,0,0,3440

Main.js:462 338.06,191.132,133.5,133.5,-0.598,0.639,-0.034,0.036,22,0,0,1,0,0,0,0,242.576,312.121,-1.573,1.943,0,0,0,0,0,0,0,0,203.747,404.495,319.5,19.5,0.864,-0.318,0.038,-0.032,0,0,0,0,0,0,0,0,0,0,0,0,0,3458

Main.js:462 337.46,191.774,133.5,133.5,-0.6,0.642,-0.034,0.036,21,0,0,1,0,0,0,0,241.002,314.064,-1.573,1.943,0,0,0,0,0,0,0,0,204.602,404.161,318,16.5,0.856,-0.334,0.037,-0.033,99,0,0,0,0,0,0,0,0,0,0,0,0,3474

Main.js:462 336.857,192.418,133.5,133.5,-0.603,0.644,-0.034,0.036,20,0,0,1,0,0,0,0,239.429,316.007,-1.573,1.943,0,0,0,0,0,0,0,0,205.45,403.811,316.5,13.5,0.847,-0.35,0.036,-0.034,98,226.279,411.169,2.397,0.71,0,0,0,0,0,0,0,0,3491

Main.js:462 336.251,193.065,133.5,133.5,-0.606,0.646,-0.034,0.036,19,0,0,1,0,0,0,0,237.856,317.95,-1.573,1.943,0,0,0,0,0,0,0,0,206.288,403.445,315,10.5,0.839,-0.366,0.035,-0.035,97,228.676,411.879,2.397,0.71,0,0,0,0,0,0,0,0,3508

Main.js:462 335.643,193.713,133.5,133.5,-0.608,0.649,-0.034,0.036,18,0,0,1,0,0,0,0,236.283,319.893,-1.573,1.943,0,0,0,0,0,0,0,0,207.118,403.063,313.5,7.5,0.829,-0.382,0.034,-0.036,96,231.073,412.589,2.397,0.71,0,0,0,0,0,0,0,0,3525

Main.js:462 335.033,194.364,133.5,133.5,-0.61,0.651,-0.034,0.036,17,0,0,1,0,0,0,0,234.709,321.836,-1.573,1.943,0,0,0,0,0,0,0,0,207.938,402.664,312,4.5,0.82,-0.398,0.033,-0.037,95,233.47,413.299,2.397,0.71,0,0,0,0,0,0,0,0,3541

Main.js:462 334.421,195.016,133.5,133.5,-0.612,0.652,-0.034,0.036,16,0,0,1,0,0,0,0,233.136,323.779,-1.573,1.943,0,0,0,0,0,0,0,0,208.747,402.25,310.5,1.5,0.81,-0.415,0.032,-0.038,94,235.867,414.009,2.397,0.71,0,0,0,0,0,0,0,0,3559

Main.js:462 333.806,195.671,133.5,133.5,-0.615,0.654,-0.034,0.036,15,0,0,1,0,0,0,0,231.563,325.721,-1.573,1.943,0,0,0,0,0,0,0,0,209.546,401.819,309,-1.5,0.799,-0.431,0.031,-0.039,93,238.264,414.719,2.397,0.71,0,0,0,0,0,0,0,0,3575

Main.js:462 333.19,196.327,133.5,133.5,-0.617,0.656,-0.034,0.036,14,0,0,1,0,0,0,0,229.989,327.664,-1.573,1.943,0,0,0,0,0,0,0,0,210.334,401.372,307.5,-4.5,0.788,-0.447,0.03,-0.04,92,240.661,415.429,2.397,0.71,0,0,0,0,0,0,0,0,3591

Main.js:462 332.571,196.985,133.5,133.5,-0.618,0.658,-0.034,0.036,13,0,0,1,0,0,0,0,228.416,329.607,-1.573,1.943,0,0,0,0,0,0,0,0,211.11,400.909,306,-7.5,0.776,-0.463,0.029,-0.04,91,243.058,416.139,2.397,0.71,0,0,0,0,0,0,0,0,3607

Main.js:462 331.951,197.644,133.5,133.5,-0.62,0.659,-0.034,0.036,12,0,0,1,0,0,0,0,226.843,331.55,-1.573,1.943,0,0,0,0,0,0,0,0,211.875,400.43,304.5,-10.5,0.765,-0.479,0.028,-0.041,90,245.455,416.849,2.397,0.71,0,0,0,0,0,0,0,0,3624

Main.js:462 331.329,198.305,133.5,133.5,-0.622,0.661,-0.034,0.036,11,0,0,1,0,0,0,0,225.269,333.493,-1.573,1.943,0,0,0,0,0,0,0,0,212.627,399.936,303,-13.5,0.752,-0.495,0.027,-0.042,89,247.852,417.559,2.397,0.71,0,0,0,0,0,0,0,0,3641

Main.js:462 330.706,198.967,133.5,133.5,-0.623,0.662,-0.034,0.036,10,0,0,1,0,0,0,0,223.696,335.436,-1.573,1.943,0,0,0,0,0,0,0,0,213.367,399.425,301.5,-16.5,0.739,-0.511,0.026,-0.043,88,250.249,418.269,2.397,0.71,0,0,0,0,0,0,0,0,3658

Main.js:462 330.081,199.63,133.5,133.5,-0.625,0.664,-0.034,0.036,9,0,0,1,0,0,0,0,222.123,337.379,-1.573,1.943,0,0,0,0,0,0,0,0,214.093,398.899,300,-19.5,0.726,-0.526,0.025,-0.043,87,252.646,418.979,2.397,0.71,0,0,0,0,0,0,0,0,3675

Main.js:462 329.454,200.295,133.5,133.5,-0.626,0.665,-0.034,0.036,8,0,0,1,0,0,0,0,220.55,339.322,-1.573,1.943,0,0,0,0,0,0,0,0,214.805,398.357,298.5,-22.5,0.713,-0.542,0.024,-0.044,86,255.044,419.689,2.397,0.71,0,0,0,0,0,0,0,0,3690

Main.js:462 328.827,200.962,132,132,-0.627,0.667,-0.033,0.037,7,1,0,1,0,0,0,0,218.976,341.264,-1.573,1.943,0,0,0,0,0,0,0,0,215.504,397.8,297,-25.5,0.698,-0.557,0.023,-0.045,85,257.441,420.399,2.397,0.71,0,0,0,0,0,0,0,0,3708

Main.js:462 328.232,201.596,130.5,130.5,-0.596,0.634,0,0,6,1,0,0,0,0,0,0,217.403,343.207,-1.573,1.943,0,0,0,0,0,0,0,0,216.188,397.228,295.5,-28.5,0.684,-0.572,0.022,-0.045,84,259.838,421.109,2.397,0.71,0,0,0,0,0,0,0,0,3725

Main.js:462 327.666,202.197,129,129,-0.566,0.602,0,0,5,1,0,0,0,0,0,0,215.83,345.15,-1.573,1.943,0,0,0,0,0,0,0,0,216.857,396.642,294,-31.5,0.669,-0.587,0.02,-0.046,83,262.235,421.819,2.397,0.71,0,0,0,0,0,0,0,0,3741

Main.js:462 327.129,202.769,127.5,127.5,-0.537,0.572,0,0,4,1,0,0,0,0,0,0,214.256,347.093,-1.573,1.943,0,0,0,0,0,0,0,0,217.511,396.04,292.5,-34.5,0.654,-0.601,0.019,-0.046,82,264.632,422.529,2.397,0.71,0,0,0,0,0,0,0,0,3758

Main.js:462 326.618,203.312,126,126,-0.511,0.543,0,0,3,1,0,0,0,0,0,0,212.683,349.036,-1.573,1.943,0,0,0,0,0,0,0,0,218.149,395.425,291,-37.5,0.638,-0.616,0.018,-0.047,81,267.029,423.24,2.397,0.71,0,0,0,0,0,0,0,0,3774

Main.js:462 326.133,203.828,124.5,124.5,-0.485,0.516,0,0,2,1,0,0,0,0,0,0,211.11,350.979,-1.573,1.943,0,0,0,0,0,0,0,0,218.771,394.795,289.5,-40.5,0.622,-0.63,0.017,-0.047,80,269.426,423.95,2.397,0.71,0,0,0,0,0,0,0,0,3791

Main.js:462 325.672,204.319,123,123,-0.461,0.49,0,0,1,1,0,0,0,0,0,0,209.536,352.922,-1.573,1.943,0,0,0,0,0,0,0,0,219.377,394.152,288,-43.5,0.606,-0.643,0.015,-0.048,79,271.823,424.66,2.397,0.71,0,0,0,0,0,0,0,0,3807

Main.js:462 325.234,204.784,121.5,121.5,-0.438,0.466,0,0,0,1,0,0,0,0,0,0,207.963,354.864,-1.573,1.943,0,0,0,0,0,0,0,0,219.966,393.495,286.5,-46.5,0.589,-0.657,0.014,-0.048,78,274.22,425.37,2.397,0.71,0,0,0,0,0,0,0,0,3823

Main.js:462 324.818,205.227,120,120,-0.416,0.442,0,0,0,1,0,0,0,0,0,0,206.39,356.807,-1.573,1.943,0,0,0,0,0,0,0,0,220.537,392.826,285,-49.5,0.572,-0.67,0.013,-0.048,77,276.617,426.08,2.397,0.71,0,0,0,0,0,0,0,0,3841

Main.js:462 324.423,205.647,118.5,118.5,-0.395,0.42,0,0,0,1,0,0,0,0,0,0,204.817,358.75,-1.573,1.943,0,0,0,0,0,0,0,0,221.092,392.143,283.5,-52.5,0.554,-0.682,0.012,-0.049,76,279.014,426.79,2.397,0.71,0,0,0,0,0,0,0,0,3859

Main.js:462 324.048,206.046,117,117,-0.375,0.399,0,0,0,1,0,0,0,0,0,0,203.243,360.693,-1.573,1.943,0,0,0,0,0,0,0,0,221.628,391.449,282,-55.5,0.536,-0.695,0.01,-0.049,75,281.411,427.5,2.397,0.71,0,0,0,0,0,0,0,0,3875

Main.js:462 323.691,206.426,115.5,115.5,-0.357,0.379,0,0,0,1,0,0,0,0,0,0,201.67,362.636,-1.573,1.943,0,0,0,0,0,0,0,0,222.146,390.742,280.5,-58.5,0.518,-0.707,0.009,-0.049,74,283.808,428.21,2.397,0.71,0,0,0,0,0,0,0,0,3891

Main.js:462 323.353,206.786,115.5,115.5,-0.339,0.36,0,0,99,0,0,0,0,1,0,0,200.097,364.579,-1.573,1.943,0,0,0,0,0,0,0,0,222.646,390.024,279,-61.5,0.5,-0.718,0.008,-0.049,73,286.205,428.92,2.397,0.71,0,0,0,0,0,0,0,0,3908

Main.js:462 323.031,207.128,115.5,115.5,-0.322,0.342,0,0,98,0,0,0,0,1,0,0,198.523,366.522,-1.573,1.943,313.574,227.636,-1.076,2.256,0,0,0,0,223.127,389.294,277.5,-64.5,0.481,-0.729,0.007,-0.05,72,288.602,429.63,2.397,0.71,0,0,0,0,0,0,0,0,3925

Main.js:462 322.725,207.454,115.5,115.5,-0.306,0.325,0,0,97,0,0,0,0,1,0,0,196.95,368.464,-1.573,1.943,312.498,229.893,-1.076,2.256,0,0,0,0,223.589,388.554,276,-67.5,0.462,-0.74,0.005,-0.05,71,290.999,430.34,2.397,0.71,0,0,0,0,0,0,0,0,3941

Main.js:462 322.435,207.763,115.5,115.5,-0.29,0.309,0,0,96,0,0,0,0,1,0,0,195.377,370.407,-1.573,1.943,311.422,232.149,-1.076,2.256,0,0,0,0,224.032,387.804,274.5,-70.5,0.443,-0.751,0.004,-0.05,70,293.396,431.05,2.397,0.71,0,0,0,0,0,0,0,0,3957

Main.js:462 322.159,208.056,115.5,115.5,-0.276,0.294,0,0,95,0,0,0,0,1,0,0,193.803,372.35,-1.573,1.943,310.345,234.406,-1.076,2.256,0,0,0,0,224.454,387.043,273,-73.5,0.423,-0.76,0.003,-0.05,69,295.793,431.76,2.397,0.71,0,0,0,0,0,0,0,0,3974

Main.js:462 321.897,208.335,115.5,115.5,-0.262,0.279,0,0,94,0,0,0,0,1,0,0,192.23,374.293,-1.573,1.943,309.269,236.662,-1.076,2.256,0,0,0,0,224.857,386.273,271.5,-76.5,0.403,-0.77,0.001,-0.05,68,298.19,432.47,2.397,0.71,0,0,0,0,0,0,0,0,3992

Main.js:462 321.648,208.6,115.5,115.5,-0.249,0.265,0,0,93,0,0,0,0,0,0,0,190.657,376.236,-1.573,1.943,308.193,238.919,-1.076,2.256,0,0,0,0,225.24,385.494,270,-79.5,0.383,-0.779,0,-0.05,67,300.587,433.18,2.397,0.71,0,0,0,0,0,0,0,0,4007

Main.js:462 321.411,208.851,115.5,115.5,-0.237,0.252,0,0,92,0,0,0,0,0,0,0,189.084,378.179,-1.573,1.943,307.117,241.175,-1.076,2.256,0,0,0,0,225.605,384.707,271.5,-79.5,0.365,-0.787,0.001,-0.05,66,302.985,433.89,2.397,0.71,0,0,0,0,0,0,0,0,4024

Main.js:462 321.186,209.09,115.5,115.5,-0.225,0.239,0,0,91,0,0,0,0,0,0,0,187.51,380.122,-1.573,1.943,306.04,243.432,-1.076,2.256,0,0,0,0,225.954,383.911,273,-79.5,0.349,-0.796,0.003,-0.05,65,305.382,434.6,2.397,0.71,0,0,0,0,0,0,0,0,4041

Main.js:462 320.973,209.318,115.5,115.5,-0.213,0.227,0,0,90,0,0,0,0,0,0,0,185.937,382.065,-1.573,1.943,304.964,245.688,-1.076,2.256,0,0,0,0,226.29,383.108,274.5,-79.5,0.335,-0.803,0.004,-0.05,64,307.779,435.31,2.397,0.71,0,0,0,0,0,0,0,0,4057

Main.js:462 320.77,209.533,115.5,115.5,-0.203,0.216,0,0,89,0,0,0,0,0,0,0,184.364,384.007,-1.573,1.943,303.888,247.945,-1.076,2.256,0,0,0,0,226.613,382.298,276,-79.5,0.324,-0.81,0.005,-0.05,63,310.176,436.02,2.397,0.71,0,0,0,0,0,0,0,0,4075

Main.js:462 320.577,209.738,115.5,115.5,-0.193,0.205,0,0,88,0,0,0,0,1,0,0,182.79,385.95,-1.573,1.943,302.812,250.201,-1.076,2.256,0,0,0,0,226.927,381.481,277.5,-79.5,0.314,-0.817,0.007,-0.05,62,312.573,436.73,2.397,0.71,0,0,0,0,0,0,0,0,4092

Main.js:462 320.394,209.933,115.5,115.5,-0.183,0.195,0,0,87,0,0,0,0,1,0,0,181.217,387.893,-1.573,1.943,301.735,252.458,-1.076,2.256,0,0,0,0,227.232,380.658,279,-79.5,0.305,-0.823,0.008,-0.049,61,314.97,437.44,2.397,0.71,0,0,0,0,0,0,0,0,4108

Main.js:462 320.22,210.118,115.5,115.5,-0.174,0.185,0,0,86,0,0,0,0,1,0,0,179.644,389.836,-1.573,1.943,300.659,254.714,-1.076,2.256,0,0,0,0,227.531,379.83,280.5,-79.5,0.299,-0.828,0.009,-0.049,60,317.367,438.15,2.397,0.71,0,0,0,0,0,0,0,0,4124

Main.js:462 320.055,210.294,115.5,115.5,-0.165,0.176,0,0,85,0,0,0,0,1,0,0,178.07,391.779,-1.573,1.943,299.583,256.97,-1.076,2.256,0,0,0,0,227.825,378.996,282,-79.5,0.294,-0.833,0.01,-0.049,59,319.764,438.86,2.397,0.71,0,0,0,0,0,0,0,0,4141

Main.js:462 319.898,210.461,115.5,115.5,-0.157,0.167,0,0,84,0,0,0,0,1,0,0,176.497,393.722,-1.573,1.943,298.506,259.227,-1.076,2.256,0,0,0,0,228.115,378.159,283.5,-79.5,0.29,-0.838,0.012,-0.049,58,322.161,439.57,2.397,0.71,0,0,0,0,0,0,0,0,4158

Main.js:462 319.749,210.619,115.5,115.5,-0.149,0.159,0,0,83,0,0,0,0,1,0,0,174.924,395.665,-1.573,1.943,297.43,261.483,-1.076,2.256,0,0,0,0,228.403,377.317,285,-79.5,0.288,-0.842,0.013,-0.048,57,324.558,440.28,2.397,0.71,0,0,0,0,0,0,0,0,4175

Main.js:462 319.607,210.77,115.5,115.5,-0.142,0.151,0,0,82,0,0,0,0,0,0,0,173.351,397.607,-1.573,1.943,296.354,263.74,-1.076,2.256,0,0,0,0,228.69,376.471,286.5,-79.5,0.287,-0.845,0.014,-0.048,56,326.955,440.99,2.397,0.71,0,0,0,0,0,0,0,0,4192

Main.js:462 319.473,210.913,115.5,115.5,-0.135,0.143,0,0,81,0,0,0,0,0,0,0,171.777,399.55,-1.573,1.943,295.278,265.996,-1.076,2.256,0,0,0,0,228.977,375.623,288,-79.5,0.287,-0.848,0.015,-0.048,55,329.352,441.701,2.397,0.71,0,0,0,0,0,0,0,0,4207

Main.js:462 319.345,211.049,115.5,115.5,-0.128,0.136,0,0,80,0,0,0,0,0,0,0,170.204,401.493,-1.573,1.943,294.201,268.253,-1.076,2.256,0,0,0,0,229.266,374.772,289.5,-79.5,0.289,-0.851,0.017,-0.047,54,331.749,442.411,2.397,0.71,0,0,0,0,0,0,0,0,4225

Main.js:462 319.224,211.178,115.5,115.5,-0.121,0.129,0,0,79,0,0,0,0,0,0,0,168.631,403.436,-1.573,1.943,293.125,270.509,-1.076,2.256,0,0,0,0,229.558,373.92,291,-79.5,0.291,-0.852,0.018,-0.047,53,334.146,443.121,2.397,0.71,0,0,0,0,0,0,0,0,4241

Main.js:462 319.108,211.301,115.5,115.5,-0.115,0.123,0,0,78,0,0,0,0,0,0,0,167.057,405.379,-1.573,1.943,292.049,272.766,-1.076,2.256,0,0,0,0,229.853,373.066,292.5,-79.5,0.295,-0.854,0.019,-0.046,52,336.543,443.831,2.397,0.71,0,0,0,0,0,0,0,0,4258

Main.js:462 318.999,211.418,115.5,115.5,-0.11,0.117,0,0,77,0,0,0,0,0,0,0,165.484,407.322,-1.573,1.943,290.972,275.022,-1.076,2.256,0,0,0,0,230.152,372.212,294,-79.5,0.3,-0.854,0.02,-0.046,51,338.94,444.541,2.397,0.71,0,0,0,0,0,0,0,0,4275

Main.js:462 318.895,211.528,115.5,115.5,-0.104,0.111,0,0,76,0,0,0,0,0,0,0,163.911,409.265,-1.573,1.943,289.896,277.279,-1.076,2.256,0,0,0,0,230.457,371.357,295.5,-79.5,0.305,-0.855,0.022,-0.045,50,341.337,445.251,2.397,0.71,0,0,0,0,0,0,0,0,4291

Main.js:462 318.796,211.634,115.5,115.5,-0.099,0.105,0,0,75,0,0,0,0,0,0,0,162.337,411.208,-1.573,1.943,288.82,279.535,-1.076,2.256,0,0,0,0,230.769,370.503,297,-79.5,0.311,-0.854,0.023,-0.045,49,343.734,445.961,2.397,0.71,0,0,0,0,0,0,0,0,4307

Main.js:462 318.702,211.734,115.5,115.5,-0.094,0.1,0,0,74,0,0,0,0,0,0,0,160.764,413.15,-1.573,1.943,287.744,281.792,-1.076,2.256,0,0,0,0,231.087,369.65,298.5,-79.5,0.318,-0.853,0.024,-0.044,48,346.131,446.671,2.397,0.71,0,0,0,0,0,0,0,0,4324

Main.js:462 318.612,211.828,115.5,115.5,-0.089,0.095,0,0,73,0,0,0,0,0,0,0,159.191,415.093,-1.573,1.943,286.667,284.048,-1.076,2.256,0,0,0,0,231.413,368.798,300,-79.5,0.326,-0.852,0.025,-0.043,47,348.528,447.381,2.397,0.71,0,0,0,0,0,0,0,0,4341

Main.js:462 318.528,211.919,115.5,115.5,-0.085,0.09,0,0,72,0,0,0,0,0,0,0,157.618,417.036,-1.573,1.943,285.591,286.304,-1.076,2.256,0,0,0,0,231.748,367.948,301.5,-79.5,0.335,-0.85,0.026,-0.043,46,350.925,448.091,2.397,0.71,0,0,0,0,0,0,0,0,4359

Main.js:462 318.447,212.004,115.5,115.5,-0.081,0.086,0,0,71,0,0,0,0,0,0,0,156.044,418.979,-1.573,1.943,284.515,288.561,-1.076,2.256,0,0,0,0,232.092,367.101,303,-79.5,0.344,-0.847,0.027,-0.042,45,353.323,448.801,2.397,0.71,0,0,0,0,0,0,0,0,4374

Main.js:462 318.37,212.086,115.5,115.5,-0.077,0.081,0,0,70,0,0,0,0,0,0,0,154.471,420.922,-1.573,1.943,283.439,290.817,-1.076,2.256,0,0,0,0,232.446,366.258,304.5,-79.5,0.354,-0.844,0.028,-0.041,44,355.72,449.511,2.397,0.71,0,0,0,0,0,0,0,0,4392

Main.js:462 318.298,212.163,115.5,115.5,-0.073,0.077,0,0,69,0,0,0,0,0,0,0,152.898,422.865,-1.573,1.943,282.362,293.074,-1.076,2.256,0,0,0,0,232.81,365.418,306,-79.5,0.364,-0.84,0.029,-0.04,43,358.117,450.221,2.397,0.71,0,0,0,0,0,0,0,0,4408

Main.js:462 318.229,212.237,115.5,115.5,-0.069,0.073,0,0,68,0,0,0,0,0,0,0,151.324,424.808,-1.573,1.943,281.286,295.33,-1.076,2.256,0,0,0,0,233.184,364.582,307.5,-79.5,0.375,-0.836,0.03,-0.04,42,360.514,450.931,2.397,0.71,0,0,0,0,0,0,0,0,4426

Main.js:462 318.163,212.306,115.5,115.5,-0.066,0.07,0,0,67,0,0,0,0,0,0,0,149.751,426.75,-1.573,1.943,280.21,297.587,-1.076,2.256,0,0,0,0,233.57,363.751,309,-79.5,0.386,-0.831,0.031,-0.039,41,362.911,451.641,2.397,0.71,0,0,0,0,0,0,0,0,4441

Main.js:462 318.101,212.373,115.5,115.5,-0.062,0.066,0,0,66,0,0,0,0,0,0,0,148.178,428.693,-1.573,1.943,279.133,299.843,-1.076,2.256,0,0,0,0,233.967,362.926,310.5,-79.5,0.397,-0.825,0.032,-0.038,40,365.308,452.351,2.397,0.71,0,0,0,0,0,0,0,0,4458

Main.js:462 318.042,212.436,115.5,115.5,-0.059,0.063,0,0,65,0,0,0,0,0,0,0,146.604,430.636,-1.573,1.943,278.057,302.1,-1.076,2.256,0,0,0,0,234.377,362.106,312,-79.5,0.409,-0.819,0.033,-0.037,39,367.705,453.061,2.397,0.71,0,0,0,0,0,0,0,0,4474

Main.js:462 317.985,212.496,115.5,115.5,-0.056,0.06,0,0,64,0,0,0,0,0,0,0,145.031,432.579,-1.573,1.943,276.981,304.356,-1.076,2.256,0,0,0,0,234.798,361.293,313.5,-79.5,0.421,-0.813,0.034,-0.036,38,370.102,453.771,2.397,0.71,0,0,0,0,0,0,0,0,4493

Main.js:462 317.932,212.552,115.5,115.5,-0.053,0.057,0,0,63,0,0,0,0,0,0,0,143.458,434.522,-1.573,1.943,275.905,306.613,-1.076,2.256,0,0,0,0,235.232,360.487,315,-79.5,0.434,-0.806,0.035,-0.035,37,372.499,454.481,2.397,0.71,0,0,0,0,0,0,0,0,4524

Main.js:462 317.881,212.606,115.5,115.5,-0.051,0.054,0,0,62,0,0,0,0,0,0,0,141.885,436.465,-1.573,1.943,274.828,308.869,-1.076,2.256,0,0,0,0,235.678,359.688,315,-81,0.446,-0.799,0.035,-0.035,36,374.896,455.191,2.397,0.71,0,0,0,0,0,0,0,0,4558

Main.js:462 317.833,212.658,115.5,115.5,-0.048,0.051,0,0,61,0,0,0,0,0,0,0,140.311,438.408,-1.573,1.943,273.752,311.126,-1.076,2.256,0,0,0,0,236.135,358.896,315,-82.5,0.457,-0.793,0.035,-0.035,35,377.293,455.901,2.397,0.71,0,0,0,0,0,0,0,0,4575

Main.js:462 317.787,212.707,115.5,115.5,-0.046,0.049,0,0,60,0,0,0,0,0,0,0,138.738,440.35,-1.573,1.943,272.676,313.382,-1.076,2.256,0,0,0,0,236.603,358.109,315,-84,0.468,-0.787,0.035,-0.035,34,379.69,456.611,2.397,0.71,0,0,0,0,0,0,0,0,4591

Main.js:462 317.743,212.753,115.5,115.5,-0.044,0.046,0,0,59,0,0,0,0,0,0,0,137.165,442.293,-1.573,1.943,271.599,315.638,-1.076,2.256,0,0,0,0,237.081,357.328,315,-85.5,0.478,-0.781,0.035,-0.035,33,382.087,457.321,2.397,0.71,0,0,0,0,0,0,0,0,4607

Main.js:462 317.702,212.797,115.5,115.5,-0.041,0.044,0,0,58,0,0,0,0,0,0,0,135.591,444.236,-1.573,1.943,270.523,317.895,-1.076,2.256,0,0,0,0,237.569,356.552,315,-87,0.488,-0.776,0.035,-0.035,32,384.484,458.031,2.397,0.71,0,0,0,0,0,0,0,0,4623

Main.js:462 317.663,212.839,115.5,115.5,-0.039,0.042,0,0,57,0,0,0,0,0,0,0,134.018,446.179,-1.573,1.943,269.447,320.151,-1.076,2.256,0,0,0,0,238.066,355.782,315,-88.5,0.497,-0.77,0.035,-0.035,31,386.881,458.741,2.397,0.71,0,0,0,0,0,0,0,0,4640

Main.js:462 317.625,212.878,115.5,115.5,-0.037,0.04,0,0,56,0,0,0,0,0,0,0,132.445,448.122,-1.573,1.943,268.371,322.408,-1.076,2.256,0,0,0,0,238.571,355.017,315,-90,0.506,-0.765,0.035,-0.035,30,389.278,459.451,2.397,0.71,0,0,0,0,0,0,0,0,4658

Main.js:462 317.59,212.916,115.5,115.5,-0.035,0.038,0,0,55,0,0,0,0,0,0,0,130.871,450.065,-1.573,1.943,267.294,324.664,-1.076,2.256,0,0,0,0,239.085,354.256,315,-91.5,0.514,-0.761,0.035,-0.035,29,391.675,460.162,2.397,0.71,0,0,0,0,0,0,0,0,4674

Main.js:462 317.556,212.952,115.5,115.5,-0.034,0.036,0,0,54,0,0,0,0,0,0,0,129.298,452.008,-1.573,1.943,266.218,326.921,-1.076,2.256,0,0,0,0,239.607,353.5,315,-93,0.522,-0.756,0.035,-0.035,28,394.072,460.872,2.397,0.71,0,0,0,0,0,0,0,0,4691

Main.js:462 317.524,212.986,115.5,115.5,-0.032,0.034,0,0,53,0,0,0,0,0,0,0,127.725,453.951,-1.573,1.943,265.142,329.177,-1.076,2.256,0,0,0,0,240.137,352.748,315,-94.5,0.529,-0.752,0.035,-0.035,27,396.469,461.582,2.397,0.71,0,0,0,0,0,0,0,0,4707

Main.js:462 317.494,213.018,115.5,115.5,-0.03,0.032,0,0,52,0,0,0,0,0,0,0,126.152,455.893,-1.573,1.943,264.066,331.434,-1.076,2.256,0,0,0,0,240.673,352,315,-96,0.537,-0.748,0.035,-0.035,26,398.866,462.292,2.397,0.71,0,0,0,0,0,0,0,0,4725

Main.js:462 317.465,213.049,115.5,115.5,-0.029,0.031,0,0,51,0,0,0,0,0,0,0,124.578,457.836,-1.573,1.943,262.989,333.69,-1.076,2.256,0,0,0,0,241.217,351.255,315,-97.5,0.543,-0.744,0.035,-0.035,25,401.264,463.002,2.397,0.71,0,0,0,0,0,0,0,0,4741

Main.js:462 317.438,213.078,115.5,115.5,-0.027,0.029,0,0,50,0,0,0,0,0,0,0,123.005,459.779,-1.573,1.943,261.913,335.947,-1.076,2.256,0,0,0,0,241.766,350.515,315,-99,0.55,-0.741,0.035,-0.035,24,403.661,463.712,2.397,0.71,0,0,0,0,0,0,0,0,4758

Main.js:462 317.412,213.106,115.5,115.5,-0.026,0.028,0,0,49,0,0,0,0,0,0,0,121.432,461.722,-1.573,1.943,260.837,338.203,-1.076,2.256,0,0,0,0,242.322,349.778,315,-100.5,0.556,-0.737,0.035,-0.035,23,406.058,464.422,2.397,0.71,0,0,0,0,0,0,0,0,4775

Main.js:462 317.387,213.132,115.5,115.5,-0.025,0.026,0,0,48,0,0,0,0,0,0,0,119.858,463.665,-1.573,1.943,259.76,340.46,-1.076,2.256,0,0,0,0,242.884,349.044,315,-102,0.562,-0.734,0.035,-0.035,22,408.455,465.132,2.397,0.71,0,0,0,0,0,0,0,0,4791

Main.js:462 317.363,213.157,115.5,115.5,-0.024,0.025,0,0,47,0,0,0,0,0,0,0,118.285,465.608,-1.573,1.943,258.684,342.716,-1.076,2.256,0,0,0,0,243.451,348.313,315,-103.5,0.567,-0.731,0.035,-0.035,21,410.852,465.842,2.397,0.71,0,0,0,0,0,0,0,0,4808

Main.js:462 317.341,213.181,115.5,115.5,-0.022,0.024,0,0,46,0,0,0,0,0,0,0,118.285,465.608,-1.573,1.943,258.684,342.716,-1.076,2.256,0,0,0,0,244.023,347.585,315,-105,0.572,-0.728,0.035,-0.035,20,413.249,466.552,2.397,0.71,0,0,0,0,0,0,0,0,4824

