Main.js:143 myTank.x,myTank.y,myTank.rotation,myTank.cannonRotation,myTank.velocityX,myTank.velocityY,myTank.accelerationX,myTank.accelerationY,myTank.shootCooldown,myTank.controls.turnLeft,myTank.controls.turnRight,myTank.controls.goForward,myTank.controls.goBack,myTank.controls.shoot,myTank.controls.cannonLeft,myTank.controls.cannonRight,myBullet1.x,myBullet1.y,myBullet1.velocityX,myBullet1.velocityY,myBullet2.x,myBullet2.y,myBullet2.velocityX,myBullet2.velocityY,myBullet3.x,myBullet3.y,myBullet3.velocityX,myBullet3.velocityY,enemyTank.x,enemyTank.y,enemyTank.rotation,enemyTank.cannonRotation,enemyTank.velocityX,enemyTank.velocityY,enemyTank.accelerationX,enemyTank.accelerationY,enemyTank.shootCooldown,enemyBullet1.x,enemyBullet1.y,enemyBullet1.velocityX,enemyBullet1.velocityY,enemyBullet2.x,enemyBullet2.y,enemyBullet2.velocityX,enemyBullet2.velocityY,enemyBullet3.x,enemyBullet3.y,enemyBullet3.velocityX,enemyBullet3.velocityY,currentGameTime
Main.js:462 50,373,0,0,0,0,0,0,0,0,0,0,0,0,0,0,0,0,0,0,0,0,0,0,0,0,0,0,450,127,180,180,0,0,0,0,0,0,0,0,0,0,0,0,0,0,0,0,0,10

Main.js:462 50,373,0,0,0,0,0,0,0,0,0,0,0,0,0,0,0,0,0,0,0,0,0,0,0,0,0,0,449.953,126.999,181.5,180,-0.047,-0.001,-0.05,-0.001,99,0,0,0,0,0,0,0,0,0,0,0,0,43

Main.js:462 50,373,0,0,0,0,0,0,0,0,0,0,0,0,0,0,0,0,0,0,0,0,0,0,0,0,0,0,449.86,126.995,183,180,-0.093,-0.004,-0.05,-0.003,98,426.5,127,-2.5,0,0,0,0,0,0,0,0,0,58

Main.js:462 50,373,0,0,0,0,0,0,0,0,0,0,0,0,0,0,0,0,0,0,0,0,0,0,0,0,0,0,449.725,126.988,184.5,180,-0.135,-0.007,-0.05,-0.004,97,424,127,-2.5,0,0,0,0,0,0,0,0,0,76

Main.js:462 50,373,0,0,0,0,0,0,0,0,0,0,0,0,0,0,0,0,0,0,0,0,0,0,0,0,0,0,449.549,126.976,186,180,-0.176,-0.012,-0.05,-0.005,96,421.5,127,-2.5,0,0,0,0,0,0,0,0,0,92

Main.js:462 50,373,0,0,0,0,0,0,0,0,0,0,0,0,0,0,0,0,0,0,0,0,0,0,0,0,0,0,449.335,126.959,187.5,180,-0.214,-0.017,-0.05,-0.007,95,419,127,-2.5,0,0,0,0,0,0,0,0,0,109

Main.js:462 50,373,0,0,0,0,0,0,0,0,0,0,0,0,0,0,0,0,0,0,0,0,0,0,0,0,0,0,449.085,126.935,189,180,-0.25,-0.024,-0.049,-0.008,94,416.5,127,-2.5,0,0,0,0,0,0,0,0,0,127

Main.js:462 50,373,0,0,0,0,0,0,0,0,0,0,0,0,0,0,0,0,0,0,0,0,0,0,0,0,0,0,448.8,126.903,190.5,180,-0.284,-0.031,-0.049,-0.009,93,414,127,-2.5,0,0,0,0,0,0,0,0,0,142

Main.js:462 50,373,0,0,0,0,0,0,0,0,0,0,0,0,0,0,0,0,0,0,0,0,0,0,0,0,0,0,448.483,126.863,192,180,-0.317,-0.04,-0.049,-0.01,92,411.5,127,-2.5,0,0,0,0,0,0,0,0,0,158

Main.js:462 50,373,0,0,0,0,0,0,0,0,0,0,0,0,0,0,0,0,0,0,0,0,0,0,0,0,0,0,448.136,126.815,193.5,180,-0.347,-0.049,-0.049,-0.012,91,409,127,-2.5,0,0,0,0,0,0,0,0,0,177

Main.js:462 50,373,0,0,0,0,0,0,0,0,0,0,0,0,0,0,0,0,0,0,0,0,0,0,0,0,0,0,447.761,126.756,195,180,-0.376,-0.059,-0.048,-0.013,90,406.5,127,-2.5,0,0,0,0,0,0,0,0,0,191

Main.js:462 50,373,0,0,0,0,0,0,0,0,0,0,0,0,0,0,0,0,0,0,0,0,0,0,0,0,0,0,447.359,126.687,196.5,180,-0.402,-0.069,-0.048,-0.014,89,404,127,-2.5,0,0,0,0,0,0,0,0,0,210

Main.js:462 50,373,0,0,0,0,0,0,0,0,0,0,0,0,0,0,0,0,0,0,0,0,0,0,0,0,0,0,446.931,126.606,198,180,-0.427,-0.08,-0.048,-0.015,88,401.5,127,-2.5,0,0,0,0,0,0,0,0,0,226

Main.js:462 50,373,0,0,0,0,0,0,0,0,0,0,0,0,0,0,0,0,0,0,0,0,0,0,0,0,0,0,446.48,126.514,199.5,180,-0.451,-0.092,-0.047,-0.017,87,399,127,-2.5,0,0,0,0,0,0,0,0,0,243

Main.js:462 50,373,0,0,0,0,0,0,0,0,0,0,0,0,0,0,0,0,0,0,0,0,0,0,0,0,0,0,446.008,126.409,201,180,-0.473,-0.105,-0.047,-0.018,86,396.5,127,-2.5,0,0,0,0,0,0,0,0,0,260

Main.js:462 50,373,0,0,0,0,0,0,0,0,0,0,0,0,0,0,0,0,0,0,0,0,0,0,0,0,0,0,445.515,126.292,202.5,180,-0.493,-0.118,-0.046,-0.019,85,394,127,-2.5,0,0,0,0,0,0,0,0,0,275

Main.js:462 50,373,0,0,0,0,0,0,0,0,0,0,0,0,0,0,0,0,0,0,0,0,0,0,0,0,0,0,445.003,126.16,204,180,-0.512,-0.131,-0.046,-0.02,84,391.5,127,-2.5,0,0,0,0,0,0,0,0,0,293

Main.js:462 50.048,373,0,0,0.048,0,0.05,0,0,0,0,1,0,0,0,0,0,0,0,0,0,0,0,0,0,0,0,0,444.474,126.015,205.5,180,-0.529,-0.145,-0.045,-0.022,83,389,127,-2.5,0,0,0,0,0,0,0,0,0,309

Main.js:462 50.14,373,0,0,0.093,0,0.05,0,0,0,0,1,0,0,0,0,0,0,0,0,0,0,0,0,0,0,0,0,443.93,125.856,207,180,-0.545,-0.159,-0.045,-0.023,82,386.5,127,-2.5,0,0,0,0,0,0,0,0,0,325

Main.js:462 50.276,373,0,0,0.135,0,0.05,0,0,0,0,1,0,0,0,0,0,0,0,0,0,0,0,0,0,0,0,0,443.37,125.682,208.5,180,-0.559,-0.174,-0.044,-0.024,81,384,127,-2.5,0,0,0,0,0,0,0,0,0,342

Main.js:462 50.452,373,0,0,0.176,0,0.05,0,0,0,0,1,0,0,0,0,0,0,0,0,0,0,0,0,0,0,0,0,442.798,125.493,210,180,-0.572,-0.189,-0.043,-0.025,80,381.5,127,-2.5,0,0,0,0,0,0,0,0,0,358

Main.js:462 50.667,373,0,0,0.215,0,0.05,0,0,0,0,1,0,0,0,0,0,0,0,0,0,0,0,0,0,0,0,0,442.213,125.289,211.5,180,-0.584,-0.204,-0.043,-0.026,79,379,127,-2.5,0,0,0,0,0,0,0,0,0,375

Main.js:462 50.918,373,0,0,0.252,0,0.05,0,0,0,0,1,0,0,0,0,0,0,0,0,0,0,0,0,0,0,0,0,441.618,125.069,213,180,-0.595,-0.22,-0.042,-0.027,78,376.5,127,-2.5,0,0,0,0,0,0,0,0,0,391

Main.js:462 51.205,373,0,0,0.287,0,0.05,0,0,0,0,1,0,0,0,0,0,0,0,0,0,0,0,0,0,0,0,0,441.014,124.833,214.5,180,-0.604,-0.236,-0.041,-0.028,77,374,127,-2.5,0,0,0,0,0,0,0,0,0,410

Main.js:462 51.525,372.999,358.5,358.5,0.32,-0.001,0.05,-0.001,0,1,0,1,0,0,0,0,0,0,0,0,0,0,0,0,0,0,0,0,440.402,124.581,216,180,-0.613,-0.252,-0.04,-0.029,76,371.5,127,-2.5,0,0,0,0,0,0,0,0,0,426

Main.js:462 51.876,372.995,357,357,0.351,-0.004,0.05,-0.003,0,1,0,1,0,0,0,0,0,0,0,0,0,0,0,0,0,0,0,0,439.782,124.312,217.5,180,-0.62,-0.268,-0.04,-0.03,75,369,127,-2.5,0,0,0,0,0,0,0,0,0,481

Main.js:462 52.257,372.988,355.5,355.5,0.381,-0.007,0.05,-0.004,0,1,0,1,0,0,0,0,0,0,0,0,0,0,0,0,0,0,0,0,439.156,124.027,219,180,-0.626,-0.285,-0.039,-0.031,74,366.5,127,-2.5,0,0,0,0,0,0,0,0,0,508

Main.js:462 52.666,372.976,354,354,0.409,-0.012,0.05,-0.005,0,1,0,1,0,0,0,0,0,0,0,0,0,0,0,0,0,0,0,0,438.525,123.727,219,178.5,-0.631,-0.301,-0.039,-0.031,73,364,127,-2.5,0,0,0,0,0,0,0,0,0,526

Main.js:462 53.102,372.959,352.5,352.5,0.436,-0.017,0.05,-0.007,0,1,0,1,0,0,0,0,0,0,0,0,0,0,0,0,0,0,0,0,437.889,123.411,219,177,-0.637,-0.315,-0.039,-0.031,72,361.5,127,-2.5,0,0,0,0,0,0,0,0,0,542

Main.js:462 53.563,372.936,352.5,352.5,0.461,-0.023,0.05,-0.007,0,0,0,1,0,0,0,0,0,0,0,0,0,0,0,0,0,0,0,0,437.247,123.082,219,175.5,-0.642,-0.33,-0.039,-0.031,71,359,127,-2.5,0,0,0,0,0,0,0,0,0,558

Main.js:462 54.048,372.908,352.5,352.5,0.485,-0.028,0.05,-0.007,0,0,0,1,0,0,0,0,0,0,0,0,0,0,0,0,0,0,0,0,436.601,122.739,219,174,-0.646,-0.343,-0.039,-0.031,70,356.5,127,-2.5,0,0,0,0,0,0,0,0,0,576

Main.js:462 54.556,372.875,352.5,352.5,0.508,-0.033,0.05,-0.007,0,0,0,1,0,0,0,0,0,0,0,0,0,0,0,0,0,0,0,0,435.949,122.383,219,172.5,-0.651,-0.356,-0.039,-0.031,69,354,127,-2.5,0,0,0,0,0,0,0,0,0,591

Main.js:462 55.086,372.838,352.5,352.5,0.53,-0.037,0.05,-0.007,0,0,0,1,0,0,0,0,0,0,0,0,0,0,0,0,0,0,0,0,435.294,122.016,219,171,-0.655,-0.368,-0.039,-0.031,68,351.5,127,-2.5,0,0,0,0,0,0,0,0,0,609

Main.js:462 55.636,372.797,352.5,352.5,0.55,-0.042,0.05,-0.007,0,0,0,1,0,0,0,0,0,0,0,0,0,0,0,0,0,0,0,0,434.634,121.636,219,169.5,-0.66,-0.379,-0.039,-0.031,67,349,127,-2.5,0,0,0,0,0,0,0,0,0,626

Main.js:462 56.206,372.751,352.5,352.5,0.57,-0.046,0.05,-0.007,0,0,0,1,0,0,0,0,0,0,0,0,0,0,0,0,0,0,0,0,433.971,121.246,219,168,-0.663,-0.39,-0.039,-0.031,66,346.5,127,-2.5,0,0,0,0,0,0,0,0,0,641

Main.js:462 56.794,372.701,352.5,352.5,0.588,-0.05,0.05,-0.007,0,0,0,1,0,0,0,0,0,0,0,0,0,0,0,0,0,0,0,0,433.304,120.845,219,166.5,-0.667,-0.401,-0.039,-0.031,65,344,127,-2.5,0,0,0,0,0,0,0,0,0,659

Main.js:462 57.401,372.648,352.5,352.5,0.606,-0.053,0.05,-0.007,0,0,0,1,0,0,0,0,0,0,0,0,0,0,0,0,0,0,0,0,432.633,120.435,219,165,-0.671,-0.41,-0.039,-0.031,64,341.5,127,-2.5,0,0,0,0,0,0,0,0,0,677

Main.js:462 58.023,372.591,352.5,352.5,0.623,-0.057,0.05,-0.007,0,0,0,1,0,0,0,0,0,0,0,0,0,0,0,0,0,0,0,0,431.959,120.015,219,163.5,-0.674,-0.42,-0.039,-0.031,63,339,127,-2.5,0,0,0,0,0,0,0,0,0,692

Main.js:462 58.662,372.531,352.5,352.5,0.639,-0.06,0.05,-0.007,0,0,0,1,0,0,0,0,0,0,0,0,0,0,0,0,0,0,0,0,431.281,119.586,219,162,-0.677,-0.429,-0.039,-0.031,62,336.5,127,-2.5,0,0,0,0,0,0,0,0,0,710

Main.js:462 59.316,372.468,352.5,352.5,0.654,-0.063,0.05,-0.007,0,0,0,1,0,0,0,0,0,0,0,0,0,0,0,0,0,0,0,0,430.601,119.149,219,160.5,-0.68,-0.437,-0.039,-0.031,61,334,127,-2.5,0,0,0,0,0,0,0,0,0,725

Main.js:462 59.985,372.401,352.5,352.5,0.668,-0.066,0.05,-0.007,0,0,0,1,0,0,0,0,0,0,0,0,0,0,0,0,0,0,0,0,429.918,118.704,219,159,-0.683,-0.445,-0.039,-0.031,60,331.5,127,-2.5,0,0,0,0,0,0,0,0,0,743

Main.js:462 60.667,372.332,352.5,352.5,0.682,-0.069,0.05,-0.007,0,0,0,1,0,0,0,0,0,0,0,0,0,0,0,0,0,0,0,0,429.232,118.251,219,157.5,-0.686,-0.453,-0.039,-0.031,59,329,127,-2.5,0,0,0,0,0,0,0,0,0,759

Main.js:462 61.362,372.26,352.5,352.5,0.695,-0.072,0.05,-0.007,0,0,0,1,0,0,0,0,0,0,0,0,0,0,0,0,0,0,0,0,428.543,117.791,219,156,-0.689,-0.46,-0.039,-0.031,58,326.5,127,-2.5,0,0,0,0,0,0,0,0,0,775

Main.js:462 62.069,372.185,352.5,352.5,0.707,-0.075,0.05,-0.007,0,0,0,1,0,0,0,0,0,0,0,0,0,0,0,0,0,0,0,0,427.852,117.324,219,154.5,-0.691,-0.467,-0.039,-0.031,57,324,127,-2.5,0,0,0,0,0,0,0,0,0,793

Main.js:462 62.788,372.108,352.5,352.5,0.719,-0.077,0.05,-0.007,0,0,0,1,0,0,0,0,0,0,0,0,0,0,0,0,0,0,0,0,427.158,116.851,219,153,-0.694,-0.474,-0.039,-0.031,56,321.5,127,-2.5,0,0,0,0,0,0,0,0,0,809

Main.js:462 63.519,372.029,352.5,352.5,0.73,-0.079,0.05,-0.007,0,0,0,1,0,0,0,0,0,0,0,0,0,0,0,0,0,0,0,0,426.463,116.371,219,151.5,-0.696,-0.48,-0.039,-0.031,55,319,127,-2.5,0,0,0,0,0,0,0,0,0,826

Main.js:462 64.259,371.946,351,351,0.741,-0.083,0.049,-0.008,0,1,0,1,0,0,0,0,0,0,0,0,0,0,0,0,0,0,0,0,425.765,115.885,219,150,-0.698,-0.486,-0.039,-0.031,54,316.5,127,-2.5,0,0,0,0,0,0,0,0,0,842

Main.js:462 65.01,371.859,349.5,349.5,0.75,-0.087,0.049,-0.009,0,1,0,1,0,0,0,0,0,0,0,0,0,0,0,0,0,0,0,0,425.065,115.394,219,148.5,-0.7,-0.491,-0.039,-0.031,53,314,127,-2.5,0,0,0,0,0,0,0,0,0,860

Main.js:462 65.769,371.766,348,348,0.759,-0.093,0.049,-0.01,0,1,0,1,0,0,0,0,0,0,0,0,0,0,0,0,0,0,0,0,424.363,114.897,219,147,-0.702,-0.497,-0.039,-0.031,52,311.5,127,-2.5,0,0,0,0,0,0,0,0,0,876

Main.js:462 66.537,371.666,346.5,346.5,0.768,-0.099,0.049,-0.012,0,1,0,1,0,0,0,0,0,0,0,0,0,0,0,0,0,0,0,0,423.659,114.396,219,145.5,-0.704,-0.502,-0.039,-0.031,51,309,127,-2.5,0,0,0,0,0,0,0,0,0,893

Main.js:462 67.312,371.56,345,345,0.775,-0.107,0.048,-0.013,0,1,0,1,0,0,0,0,0,0,0,0,0,0,0,0,0,0,0,0,422.954,113.889,219,144,-0.705,-0.506,-0.039,-0.031,50,306.5,127,-2.5,0,0,0,0,0,0,0,0,0,909

Main.js:462 68.093,371.445,343.5,343.5,0.782,-0.115,0.048,-0.014,0,1,0,1,0,0,0,0,0,0,0,0,0,0,0,0,0,0,0,0,422.247,113.378,219,142.5,-0.707,-0.511,-0.039,-0.031,49,304,127,-2.5,0,0,0,0,0,0,0,0,0,925

Main.js:462 68.881,371.321,342,342,0.788,-0.124,0.048,-0.015,0,1,0,1,0,0,0,0,0,0,0,0,0,0,0,0,0,0,0,0,421.538,112.863,219,141,-0.709,-0.515,-0.039,-0.031,48,301.5,127,-2.5,0,0,0,0,0,0,0,0,0,943

Main.js:462 69.675,371.188,340.5,340.5,0.793,-0.133,0.047,-0.017,0,1,0,1,0,0,0,0,0,0,0,0,0,0,0,0,0,0,0,0,420.828,112.343,219,139.5,-0.71,-0.52,-0.039,-0.031,47,299,127,-2.5,0,0,0,0,0,0,0,0,0,958

Main.js:462 70.473,371.044,339,339,0.798,-0.144,0.047,-0.018,0,1,0,1,0,0,0,0,0,0,0,0,0,0,0,0,0,0,0,0,420.117,111.82,219,138,-0.711,-0.523,-0.039,-0.031,46,296.5,127,-2.5,0,0,0,0,0,0,0,0,0,975

Main.js:462 71.274,370.889,337.5,337.5,0.802,-0.155,0.046,-0.019,0,1,0,1,0,0,0,0,0,0,0,0,0,0,0,0,0,0,0,0,419.404,111.293,219,136.5,-0.713,-0.527,-0.039,-0.031,45,294,127,-2.5,0,0,0,0,0,0,0,0,0,992

Main.js:462 72.08,370.723,336,336,0.805,-0.166,0.046,-0.02,0,1,0,1,0,0,0,0,0,0,0,0,0,0,0,0,0,0,0,0,418.69,110.762,219,135,-0.714,-0.531,-0.039,-0.031,44,291.5,127,-2.5,0,0,0,0,0,0,0,0,0,1009

Main.js:462 72.888,370.544,334.5,334.5,0.808,-0.178,0.045,-0.022,0,1,0,1,0,0,0,0,0,0,0,0,0,0,0,0,0,0,0,0,417.974,110.229,217.5,132,-0.716,-0.533,-0.04,-0.03,43,289,127,-2.5,0,0,0,0,0,0,0,0,0,1026

Main.js:462 73.697,370.353,333,333,0.81,-0.191,0.045,-0.023,0,1,0,1,0,0,0,0,0,0,0,0,0,0,0,0,0,0,0,0,417.255,109.695,216,129,-0.719,-0.534,-0.04,-0.029,42,286.5,127,-2.5,0,0,0,0,0,0,0,0,0,1042

Main.js:462 74.508,370.149,331.5,331.5,0.811,-0.204,0.044,-0.024,0,1,0,1,0,0,0,0,0,0,0,0,0,0,0,0,0,0,0,0,416.533,109.16,214.5,126,-0.722,-0.535,-0.041,-0.028,41,284,127,-2.5,0,0,0,0,0,0,0,0,0,1061

Main.js:462 75.32,369.931,330,330,0.812,-0.218,0.043,-0.025,0,1,0,1,0,0,0,0,0,0,0,0,0,0,0,0,0,0,0,0,415.808,108.626,213,123,-0.726,-0.534,-0.042,-0.027,40,281.5,127,-2.5,0,0,0,0,0,0,0,0,0,1077

Main.js:462 76.132,369.699,328.5,328.5,0.812,-0.232,0.043,-0.026,0,1,0,1,0,0,0,0,0,0,0,0,0,0,0,0,0,0,0,0,415.078,108.095,211.5,120,-0.73,-0.532,-0.043,-0.026,39,279,127,-2.5,0,0,0,0,0,0,0,0,0,1092

Main.js:462 76.942,369.453,327,327,0.811,-0.246,0.042,-0.027,0,1,0,1,0,0,0,0,0,0,0,0,0,0,0,0,0,0,0,0,414.343,107.566,210,117,-0.735,-0.529,-0.043,-0.025,38,276.5,127,-2.5,0,0,0,0,0,0,0,0,0,1109

Main.js:462 77.752,369.193,325.5,325.5,0.809,-0.261,0.041,-0.028,0,1,0,1,0,0,0,0,0,0,0,0,0,0,0,0,0,0,0,0,413.604,107.04,208.5,114,-0.74,-0.525,-0.044,-0.024,37,274,127,-2.5,0,0,0,0,0,0,0,0,0,1126

Main.js:462 78.559,368.917,324,324,0.807,-0.275,0.04,-0.029,0,1,0,1,0,0,0,0,0,0,0,0,0,0,0,0,0,0,0,0,412.859,106.52,207,111,-0.745,-0.52,-0.045,-0.023,36,271.5,127,-2.5,0,0,0,0,0,0,0,0,0,1143

Main.js:462 79.364,368.627,322.5,322.5,0.805,-0.291,0.04,-0.03,0,1,0,1,0,0,0,0,0,0,0,0,0,0,0,0,0,0,0,0,412.108,106.005,205.5,108,-0.751,-0.515,-0.045,-0.022,35,269,127,-2.5,0,0,0,0,0,0,0,0,0,1160

Main.js:462 80.165,368.321,321,321,0.801,-0.306,0.039,-0.031,0,1,0,1,0,0,0,0,0,0,0,0,0,0,0,0,0,0,0,0,411.352,105.497,204,105,-0.756,-0.508,-0.046,-0.02,34,266.5,127,-2.5,0,0,0,0,0,0,0,0,0,1176

Main.js:462 80.963,368,321,321,0.798,-0.321,0.039,-0.031,0,0,0,1,0,0,0,0,0,0,0,0,0,0,0,0,0,0,0,0,410.589,104.995,202.5,102,-0.762,-0.501,-0.046,-0.019,33,264,127,-2.5,0,0,0,0,0,0,0,0,0,1192

Main.js:462 81.759,367.666,321,321,0.795,-0.334,0.039,-0.031,0,0,0,1,0,0,0,0,0,0,0,0,0,0,0,0,0,0,0,0,409.821,104.502,201,99,-0.769,-0.493,-0.047,-0.018,32,261.5,127,-2.5,0,0,0,0,0,0,0,0,0,1209

Main.js:462 82.551,367.318,321,321,0.792,-0.348,0.039,-0.031,0,0,0,1,0,0,0,0,0,0,0,0,0,0,0,0,0,0,0,0,409.046,104.018,199.5,96,-0.775,-0.484,-0.047,-0.017,31,259,127,-2.5,0,0,0,0,0,0,0,0,0,1226

Main.js:462 83.341,366.958,321,321,0.79,-0.36,0.039,-0.031,0,0,0,1,0,0,0,0,0,0,0,0,0,0,0,0,0,0,0,0,408.264,103.543,198,93,-0.781,-0.475,-0.048,-0.015,30,256.5,127,-2.5,0,0,0,0,0,0,0,0,0,1244

Main.js:462 84.128,366.586,321,321,0.787,-0.372,0.039,-0.031,0,0,0,1,0,0,0,0,0,0,0,0,0,0,0,0,0,0,0,0,407.476,103.078,196.5,90,-0.788,-0.465,-0.048,-0.014,29,254,127,-2.5,0,0,0,0,0,0,0,0,0,1260

Main.js:462 84.912,366.202,321,321,0.785,-0.383,0.039,-0.031,0,0,0,1,0,0,0,0,0,0,0,0,0,0,0,0,0,0,0,0,406.682,102.625,195,87,-0.794,-0.454,-0.048,-0.013,28,251.5,127,-2.5,0,0,0,0,0,0,0,0,0,1275

Main.js:462 85.695,365.808,321,321,0.782,-0.394,0.039,-0.031,0,0,0,1,0,0,0,0,0,0,0,0,0,0,0,0,0,0,0,0,405.881,102.183,193.5,84,-0.801,-0.442,-0.049,-0.012,27,249,127,-2.5,0,0,0,0,0,0,0,0,0,1292

Main.js:462 86.475,365.404,321,321,0.78,-0.404,0.039,-0.031,0,0,0,1,0,0,0,0,0,0,0,0,0,0,0,0,0,0,0,0,405.074,101.753,192,81,-0.807,-0.43,-0.049,-0.01,26,246.5,127,-2.5,0,0,0,0,0,0,0,0,0,1309

Main.js:462 87.253,364.99,321,321,0.778,-0.414,0.039,-0.031,0,0,0,1,0,0,0,0,0,0,0,0,0,0,0,0,0,0,0,0,404.26,101.336,190.5,78,-0.814,-0.417,-0.049,-0.009,25,244,127,-2.5,0,0,0,0,0,0,0,0,0,1327

Main.js:462 88.029,364.567,321,321,0.776,-0.423,0.039,-0.031,0,0,0,1,0,0,0,0,0,0,0,0,0,0,0,0,0,0,0,0,403.44,100.932,189,75,-0.82,-0.404,-0.049,-0.008,24,241.5,127,-2.5,0,0,0,0,0,0,0,0,0,1344

Main.js:462 88.803,364.135,321,321,0.774,-0.432,0.039,-0.031,0,0,0,1,0,0,0,0,0,0,0,0,0,0,0,0,0,0,0,0,402.615,100.543,187.5,72,-0.826,-0.39,-0.05,-0.007,23,239,127,-2.5,0,0,0,0,0,0,0,0,0,1358

Main.js:462 89.575,363.694,319.5,319.5,0.772,-0.441,0.038,-0.032,0,1,0,1,0,0,0,0,0,0,0,0,0,0,0,0,0,0,0,0,401.783,100.168,186,69,-0.832,-0.375,-0.05,-0.005,22,236.5,127,-2.5,0,0,0,0,0,0,0,0,0,1375

Main.js:462 90.343,363.243,318,318,0.768,-0.451,0.037,-0.033,0,1,0,1,0,0,0,0,0,0,0,0,0,0,0,0,0,0,0,0,400.945,99.807,184.5,66,-0.838,-0.36,-0.05,-0.004,21,234,127,-2.5,0,0,0,0,0,0,0,0,0,1393

Main.js:462 91.107,362.782,316.5,316.5,0.764,-0.461,0.036,-0.034,0,1,0,1,0,0,0,0,0,0,0,0,0,0,0,0,0,0,0,0,400.102,99.463,183,63,-0.843,-0.345,-0.05,-0.003,20,231.5,127,-2.5,0,0,0,0,0,0,0,0,0,1410

Main.js:462 91.867,362.311,315,315,0.76,-0.472,0.035,-0.035,0,1,0,1,0,0,0,0,0,0,0,0,0,0,0,0,0,0,0,0,399.253,99.134,181.5,60,-0.849,-0.329,-0.05,-0.001,19,229,127,-2.5,0,0,0,0,0,0,0,0,0,1427

Main.js:462 92.621,361.829,313.5,313.5,0.754,-0.482,0.034,-0.036,0,1,0,1,0,0,0,0,0,0,0,0,0,0,0,0,0,0,0,0,398.4,98.822,180,57,-0.854,-0.312,-0.05,0,18,226.5,127,-2.5,0,0,0,0,0,0,0,0,0,1442

Main.js:462 93.37,361.335,312,312,0.748,-0.494,0.033,-0.037,0,1,0,1,0,0,0,0,0,0,0,0,0,0,0,0,0,0,0,0,397.541,98.527,178.5,54,-0.858,-0.295,-0.05,0.001,17,224,127,-2.5,0,0,0,0,0,0,0,0,0,1459

Main.js:462 94.113,360.831,312,312,0.743,-0.504,0.033,-0.037,0,0,0,1,0,0,0,0,0,0,0,0,0,0,0,0,0,0,0,0,396.678,98.249,177,51,-0.863,-0.278,-0.05,0.003,16,221.5,127,-2.5,0,0,0,0,0,0,0,0,0,1476

Main.js:462 94.85,360.316,312,312,0.737,-0.514,0.033,-0.037,0,0,0,1,0,0,0,0,0,0,0,0,0,0,0,0,0,0,0,0,395.811,97.989,175.5,48,-0.867,-0.26,-0.05,0.004,15,219,127,-2.5,0,0,0,0,0,0,0,0,0,1493

Main.js:462 95.583,359.793,312,312,0.732,-0.524,0.033,-0.037,0,0,0,1,0,0,0,0,0,0,0,0,0,0,0,0,0,0,0,0,394.94,97.746,174,45,-0.871,-0.242,-0.05,0.005,14,216.5,127,-2.5,0,0,0,0,0,0,0,0,0,1509

Main.js:462 96.31,359.26,312,312,0.728,-0.533,0.033,-0.037,0,0,0,1,0,0,0,0,0,0,0,0,0,0,0,0,0,0,0,0,394.066,97.522,172.5,42,-0.875,-0.224,-0.05,0.007,13,214,127,-2.5,0,0,0,0,0,0,0,0,0,1526

Main.js:462 97.032,358.717,310.5,310.5,0.722,-0.542,0.032,-0.038,0,1,0,1,0,0,0,0,0,0,0,0,0,0,0,0,0,0,0,0,393.188,97.317,171,39,-0.878,-0.205,-0.049,0.008,12,211.5,127,-2.5,0,0,0,0,0,0,0,0,0,1542

Main.js:462 97.748,358.165,309,309,0.716,-0.552,0.031,-0.039,0,1,0,1,0,0,0,0,0,0,0,0,0,0,0,0,0,0,0,0,392.307,97.13,169.5,36,-0.881,-0.187,-0.049,0.009,11,209,127,-2.5,0,0,0,0,0,0,0,0,0,1559

Main.js:462 98.457,357.603,307.5,307.5,0.709,-0.562,0.03,-0.04,0,1,0,1,0,0,0,0,0,0,0,0,0,0,0,0,0,0,0,0,391.424,96.963,168,33,-0.883,-0.167,-0.049,0.01,10,206.5,127,-2.5,0,0,0,0,0,0,0,0,0,1576

Main.js:462 99.158,357.03,306,306,0.701,-0.573,0.029,-0.04,0,1,0,1,0,0,0,0,0,0,0,0,0,0,0,0,0,0,0,0,390.539,96.815,166.5,30,-0.885,-0.148,-0.049,0.012,9,204,127,-2.5,0,0,0,0,0,0,0,0,0,1592

Main.js:462 99.852,356.447,304.5,304.5,0.693,-0.583,0.028,-0.041,0,1,0,1,0,0,0,0,0,0,0,0,0,0,0,0,0,0,0,0,389.653,96.687,165,27,-0.887,-0.128,-0.048,0.013,8,201.5,127,-2.5,0,0,0,0,0,0,0,0,0,1608

Main.js:462 100.536,355.853,303,303,0.684,-0.594,0.027,-0.042,0,1,0,1,0,0,0,0,0,0,0,0,0,0,0,0,0,0,0,0,388.765,96.578,163.5,24,-0.888,-0.108,-0.048,0.014,7,199,127,-2.5,0,0,0,0,0,0,0,0,0,1626

Main.js:462 101.211,355.248,301.5,301.5,0.675,-0.605,0.026,-0.043,0,1,0,1,0,0,0,0,0,0,0,0,0,0,0,0,0,0,0,0,387.876,96.49,162,21,-0.889,-0.088,-0.048,0.015,6,196.5,127,-2.5,0,0,0,0,0,0,0,0,0,1643

Main.js:462 101.852,354.674,301.5,301.5,0.641,-0.574,0,0,0,0,0,0,0,0,0,0,0,0,0,0,0,0,0,0,0,0,0,0,386.987,96.422,160.5,18,-0.889,-0.068,-0.047,0.017,5,194,127,-2.5,0,0,0,0,0,0,0,0,0,1659

Main.js:462 102.462,354.128,301.5,301.5,0.609,-0.546,0,0,0,0,0,0,0,0,0,0,0,0,0,0,0,0,0,0,0,0,0,0,386.098,96.375,159,15,-0.889,-0.048,-0.047,0.018,4,191.5,127,-2.5,0,0,0,0,0,0,0,0,0,1676

Main.js:462 103.04,353.61,301.5,301.5,0.579,-0.518,0,0,0,0,0,0,0,0,0,0,0,0,0,0,0,0,0,0,0,0,0,0,385.21,96.348,157.5,12,-0.888,-0.027,-0.046,0.019,3,189,127,-2.5,0,0,0,0,0,0,0,0,0,1693

Main.js:462 103.59,353.117,301.5,301.5,0.55,-0.492,0,0,0,0,0,0,0,0,0,0,0,0,0,0,0,0,0,0,0,0,0,0,384.323,96.341,156,9,-0.887,-0.006,-0.046,0.02,2,186.5,127,-2.5,0,0,0,0,0,0,0,0,0,1709

Main.js:462 104.113,352.65,301.5,301.5,0.522,-0.468,0,0,0,0,0,0,0,0,0,0,0,0,0,0,0,0,0,0,0,0,0,0,383.437,96.356,154.5,6,-0.886,0.014,-0.045,0.022,1,184,127,-2.5,0,0,0,0,0,0,0,0,0,1727

Main.js:462 104.609,352.205,301.5,301.5,0.496,-0.444,0,0,0,0,0,0,0,0,0,0,0,0,0,0,0,0,0,0,0,0,0,0,382.553,96.391,153,3,-0.884,0.035,-0.045,0.023,0,181.5,127,-2.5,0,0,0,0,0,0,0,0,0,1743

Main.js:462 105.08,351.783,301.5,301.5,0.471,-0.422,0,0,99,0,0,0,0,1,0,0,0,0,0,0,0,0,0,0,0,0,0,0,381.672,96.447,151.5,0,-0.881,0.056,-0.044,0.024,99,179,127,-2.5,0,0,0,0,0,0,0,0,0,1758

Main.js:462 105.528,351.382,301.5,301.5,0.448,-0.401,0,0,98,0,0,0,0,1,0,0,116.888,332.168,1.306,-2.132,0,0,0,0,0,0,0,0,380.793,96.525,150,357,-0.878,0.077,-0.043,0.025,98,176.5,127,-2.5,0,406.053,96.391,2.5,0,0,0,0,0,1776

Main.js:462 105.954,351.001,301.5,301.5,0.425,-0.381,0,0,97,0,0,0,0,1,0,0,118.194,330.036,1.306,-2.132,0,0,0,0,0,0,0,0,379.918,96.623,148.5,354,-0.875,0.098,-0.043,0.026,97,174,127,-2.5,0,408.553,96.391,2.5,0,0,0,0,0,1796

Main.js:462 106.358,350.639,301.5,301.5,0.404,-0.362,0,0,96,0,0,0,0,1,0,0,119.5,327.905,1.306,-2.132,0,0,0,0,0,0,0,0,379.047,96.742,147,351,-0.871,0.119,-0.042,0.027,96,171.5,127,-2.5,0,411.053,96.391,2.5,0,0,0,0,0,1809

Main.js:462 106.742,350.295,301.5,301.5,0.384,-0.344,0,0,95,0,0,0,0,1,0,0,120.806,325.773,1.306,-2.132,0,0,0,0,0,0,0,0,378.18,96.882,145.5,348,-0.867,0.14,-0.041,0.028,95,169,127,-2.5,0,413.553,96.391,2.5,0,0,0,0,0,1825

Main.js:462 107.106,349.968,301.5,301.5,0.365,-0.327,0,0,94,0,0,0,0,1,0,0,122.113,323.642,1.306,-2.132,0,0,0,0,0,0,0,0,377.318,97.043,144,345,-0.862,0.161,-0.04,0.029,94,166.5,127,-2.5,0,416.053,96.391,2.5,0,0,0,0,0,1842

Main.js:462 107.453,349.658,301.5,301.5,0.347,-0.31,0,0,93,0,0,0,0,0,0,0,123.419,321.51,1.306,-2.132,0,0,0,0,0,0,0,0,376.462,97.225,142.5,342,-0.856,0.182,-0.04,0.03,93,164,127,-2.5,0,418.553,96.391,2.5,0,0,0,0,0,1858

Main.js:462 107.782,349.363,301.5,301.5,0.329,-0.295,0,0,92,0,0,0,0,0,0,0,124.725,319.378,1.306,-2.132,0,0,0,0,0,0,0,0,375.611,97.427,141,339,-0.85,0.203,-0.039,0.031,92,161.5,127,-2.5,0,421.053,96.391,2.5,0,0,0,0,0,1877

Main.js:462 108.095,349.083,301.5,301.5,0.313,-0.28,0,0,91,0,0,0,0,0,0,0,126.031,317.247,1.306,-2.132,0,0,0,0,0,0,0,0,374.767,97.651,139.5,336,-0.844,0.223,-0.038,0.032,91,159,127,-2.5,0,423.553,96.391,2.5,0,0,0,0,0,1894

Main.js:462 108.392,348.817,301.5,301.5,0.297,-0.266,0,0,90,0,0,0,0,0,0,0,127.338,315.115,1.306,-2.132,0,0,0,0,0,0,0,0,373.93,97.895,138,333,-0.837,0.244,-0.037,0.033,90,156.5,127,-2.5,0,426.053,96.391,2.5,0,0,0,0,0,1910

Main.js:462 108.674,348.564,301.5,301.5,0.282,-0.253,0,0,89,0,0,0,0,0,0,0,128.644,312.984,1.306,-2.132,0,0,0,0,0,0,0,0,373.1,98.159,136.5,330,-0.83,0.264,-0.036,0.034,89,154,127,-2.5,0,428.553,96.391,2.5,0,0,0,0,0,1925

Main.js:462 108.942,348.324,301.5,301.5,0.268,-0.24,0,0,88,0,0,0,0,0,0,0,129.95,310.852,1.306,-2.132,0,0,0,0,0,0,0,0,372.279,98.444,135,327,-0.822,0.285,-0.035,0.035,88,151.5,127,-2.5,0,431.053,96.391,2.5,0,0,0,0,0,1944

Main.js:462 109.197,348.095,301.5,301.5,0.255,-0.228,0,0,87,0,0,0,0,0,0,0,131.256,308.72,1.306,-2.132,0,0,0,0,0,0,0,0,371.465,98.749,133.5,324,-0.813,0.305,-0.034,0.036,87,149,127,-2.5,0,433.553,96.391,2.5,0,0,0,0,0,1959

Main.js:462 109.439,347.879,301.5,301.5,0.242,-0.217,0,0,86,0,0,0,0,0,0,0,132.563,306.589,1.306,-2.132,0,0,0,0,0,0,0,0,370.66,99.074,132,321,-0.805,0.325,-0.033,0.037,86,146.5,127,-2.5,0,436.053,96.391,2.5,0,0,0,0,0,1976

Main.js:462 109.669,347.673,301.5,301.5,0.23,-0.206,0,0,85,0,0,0,0,0,0,0,133.869,304.457,1.306,-2.132,0,0,0,0,0,0,0,0,369.865,99.419,130.5,318,-0.795,0.345,-0.032,0.038,85,144,127,-2.5,0,438.553,96.391,2.5,0,0,0,0,0,1992

Main.js:462 109.888,347.477,301.5,301.5,0.218,-0.196,0,0,84,0,0,0,0,0,0,0,135.175,302.326,1.306,-2.132,0,0,0,0,0,0,0,0,369.08,99.783,129,315,-0.785,0.365,-0.031,0.039,84,141.5,127,-2.5,0,441.053,96.391,2.5,0,0,0,0,0,2008

Main.js:462 110.095,347.291,303,303,0.207,-0.186,0,0,83,0,1,0,0,0,0,0,136.481,300.194,1.306,-2.132,0,0,0,0,0,0,0,0,368.303,100.166,130.5,315,-0.777,0.383,-0.032,0.038,83,139,127,-2.5,0,443.553,96.391,2.5,0,0,0,0,0,2025

Main.js:462 110.292,347.115,304.5,304.5,0.197,-0.177,0,0,82,0,1,0,0,0,0,0,137.788,298.062,1.306,-2.132,0,0,0,0,0,0,0,0,367.533,100.565,132,315,-0.77,0.399,-0.033,0.037,82,136.5,127,-2.5,0,446.053,96.391,2.5,0,0,0,0,0,2042

Main.js:462 110.507,346.909,306,306,0.215,-0.206,0.029,-0.04,81,0,1,1,0,0,0,0,139.094,295.931,1.306,-2.132,0,0,0,0,0,0,0,0,366.769,100.978,133.5,315,-0.764,0.413,-0.034,0.036,81,134,127,-2.5,0,448.553,96.391,2.5,0,0,0,0,0,2059

Main.js:462 110.74,346.674,306,306,0.232,-0.234,0.029,-0.04,80,0,0,1,0,0,0,0,140.4,293.799,1.306,-2.132,0,0,0,0,0,0,0,0,366.01,101.404,135,315,-0.759,0.426,-0.035,0.035,80,131.5,127,-2.5,0,451.053,96.391,2.5,0,0,0,0,0,2075

Main.js:462 110.988,346.413,306,306,0.249,-0.261,0.029,-0.04,79,0,0,1,0,0,0,0,141.706,291.668,1.306,-2.132,0,0,0,0,0,0,0,0,365.254,101.841,136.5,315,-0.756,0.438,-0.036,0.034,79,129,127,-2.5,0,453.553,96.391,2.5,0,0,0,0,0,2093

Main.js:462 111.252,346.127,306,306,0.264,-0.286,0.029,-0.04,78,0,0,1,0,0,0,0,143.012,289.536,1.306,-2.132,0,0,0,0,0,0,0,0,364.5,102.289,138,315,-0.753,0.447,-0.037,0.033,78,126.5,127,-2.5,0,456.053,96.391,2.5,0,0,0,0,0,2109

Main.js:462 111.531,345.817,306,306,0.279,-0.31,0.029,-0.04,77,0,0,1,0,0,0,0,144.319,287.404,1.306,-2.132,0,0,0,0,0,0,0,0,363.748,102.745,139.5,315,-0.752,0.456,-0.038,0.032,77,124,127,-2.5,0,458.553,96.391,2.5,0,0,0,0,0,2126

Main.js:462 111.824,345.483,306,306,0.293,-0.333,0.029,-0.04,76,0,0,1,0,0,0,0,145.625,285.273,1.306,-2.132,0,0,0,0,0,0,0,0,362.997,103.208,141,315,-0.751,0.463,-0.039,0.031,76,121.5,127,-2.5,0,461.053,96.391,2.5,0,0,0,0,0,2142

Main.js:462 112.131,345.129,307.5,307.5,0.307,-0.354,0.03,-0.04,75,0,1,1,0,0,0,0,146.931,283.141,1.306,-2.132,0,0,0,0,0,0,0,0,362.246,103.677,142.5,315,-0.751,0.469,-0.04,0.03,75,119,127,-2.5,0,463.553,96.391,2.5,0,0,0,0,0,2159

Main.js:462 112.453,344.755,309,309,0.322,-0.374,0.031,-0.039,74,0,1,1,0,0,0,0,148.237,281.01,1.306,-2.132,0,0,0,0,0,0,0,0,361.494,104.15,144,315,-0.752,0.473,-0.04,0.029,74,116.5,127,-2.5,0,466.053,96.391,2.5,0,0,0,0,0,2175

Main.js:462 112.789,344.364,310.5,310.5,0.336,-0.391,0.032,-0.038,73,0,1,1,0,0,0,0,149.544,278.878,1.306,-2.132,0,0,0,0,0,0,0,0,360.74,104.626,145.5,315,-0.754,0.476,-0.041,0.028,73,114,127,-2.5,0,468.553,96.391,2.5,0,0,0,0,0,2192

Main.js:462 113.141,343.957,312,312,0.351,-0.407,0.033,-0.037,72,0,1,1,0,0,0,0,150.85,276.746,1.306,-2.132,0,0,0,0,0,0,0,0,359.984,105.105,147,315,-0.756,0.479,-0.042,0.027,72,111.5,127,-2.5,0,471.053,96.391,2.5,0,0,0,0,0,2209

Main.js:462 113.507,343.536,313.5,313.5,0.366,-0.421,0.034,-0.036,71,0,1,1,0,0,0,0,152.156,274.615,1.306,-2.132,0,0,0,0,0,0,0,0,359.225,105.584,148.5,315,-0.759,0.479,-0.043,0.026,71,109,127,-2.5,0,473.553,96.391,2.5,0,0,0,0,0,2226

Main.js:462 113.889,343.103,315,315,0.382,-0.433,0.035,-0.035,70,0,1,1,0,0,0,0,153.462,272.483,1.306,-2.132,0,0,0,0,0,0,0,0,358.464,106.063,150,315,-0.762,0.479,-0.043,0.025,70,106.5,127,-2.5,0,476.053,96.391,2.5,0,0,0,0,0,2242

Main.js:462 114.286,342.659,316.5,316.5,0.397,-0.444,0.036,-0.034,69,0,1,1,0,0,0,0,154.769,270.352,1.306,-2.132,0,0,0,0,0,0,0,0,357.698,106.541,151.5,315,-0.765,0.478,-0.044,0.024,69,104,127,-2.5,0,478.553,96.391,2.5,0,0,0,0,0,2260

Main.js:462 114.698,342.205,318,318,0.413,-0.454,0.037,-0.033,68,0,1,1,0,0,0,0,156.075,268.22,1.306,-2.132,0,0,0,0,0,0,0,0,356.929,107.017,153,315,-0.769,0.476,-0.045,0.023,68,101.5,127,-2.5,0,481.053,96.391,2.5,0,0,0,0,0,2275

Main.js:462 115.126,341.742,319.5,319.5,0.428,-0.462,0.038,-0.032,67,0,1,1,0,0,0,0,157.381,266.088,1.306,-2.132,0,0,0,0,0,0,0,0,356.155,107.489,154.5,315,-0.774,0.472,-0.045,0.022,67,99,127,-2.5,0,483.553,96.391,2.5,0,0,0,0,0,2293

Main.js:462 115.57,341.273,321,321,0.444,-0.469,0.039,-0.031,66,0,1,1,0,0,0,0,158.687,263.957,1.306,-2.132,0,0,0,0,0,0,0,0,355.376,107.957,156,315,-0.779,0.468,-0.046,0.02,66,96.5,127,-2.5,0,486.053,96.391,2.5,0,0,0,0,0,2309

Main.js:462 116.029,340.799,322.5,322.5,0.459,-0.474,0.04,-0.03,65,0,1,1,0,0,0,0,159.994,261.825,1.306,-2.132,0,0,0,0,0,0,0,0,354.593,108.42,157.5,315,-0.784,0.463,-0.046,0.019,65,94,127,-2.5,0,488.553,96.391,2.5,0,0,0,0,0,2326

Main.js:462 116.503,340.319,322.5,322.5,0.474,-0.48,0.04,-0.03,64,0,0,1,0,0,0,0,161.3,259.694,1.306,-2.132,0,0,0,0,0,0,0,0,353.804,108.877,159,315,-0.789,0.457,-0.047,0.018,64,91.5,127,-2.5,0,491.053,96.391,2.5,0,0,0,0,0,2343

Main.js:462 116.991,339.835,322.5,322.5,0.488,-0.485,0.04,-0.03,63,0,0,1,0,0,0,0,162.606,257.562,1.306,-2.132,0,0,0,0,0,0,0,0,353.01,109.326,160.5,315,-0.794,0.45,-0.047,0.017,63,89,127,-2.5,0,493.553,96.391,2.5,0,0,0,0,0,2360

Main.js:462 117.492,339.346,322.5,322.5,0.501,-0.489,0.04,-0.03,62,0,0,1,0,0,0,0,163.912,255.43,1.306,-2.132,0,0,0,0,0,0,0,0,352.21,109.768,162,315,-0.8,0.442,-0.048,0.015,62,86.5,127,-2.5,0,496.053,96.391,2.5,0,0,0,0,0,2376

Main.js:462 118.006,338.852,322.5,322.5,0.514,-0.494,0.04,-0.03,61,0,0,1,0,0,0,0,165.219,253.299,1.306,-2.132,0,0,0,0,0,0,0,0,351.405,110.201,163.5,315,-0.805,0.433,-0.048,0.014,61,84,127,-2.5,0,498.553,96.391,2.5,0,0,0,0,0,2393

Main.js:462 118.531,338.354,322.5,322.5,0.526,-0.498,0.04,-0.03,60,0,0,1,0,0,0,0,166.525,251.167,1.306,-2.132,0,0,0,0,0,0,0,0,350.595,110.625,165,315,-0.811,0.424,-0.048,0.013,60,81.5,127,-2.5,0,0,0,0,0,0,0,0,0,2408

Main.js:462 119.068,337.852,322.5,322.5,0.537,-0.502,0.04,-0.03,59,0,0,1,0,0,0,0,167.831,249.036,1.306,-2.132,0,0,0,0,0,0,0,0,349.778,111.039,166.5,315,-0.816,0.414,-0.049,0.012,59,79,127,-2.5,0,0,0,0,0,0,0,0,0,2426

Main.js:462 119.616,337.346,322.5,322.5,0.548,-0.506,0.04,-0.03,58,0,0,1,0,0,0,0,169.137,246.904,1.306,-2.132,0,0,0,0,0,0,0,0,348.956,111.442,168,315,-0.822,0.403,-0.049,0.01,58,76.5,127,-2.5,0,0,0,0,0,0,0,0,0,2442

Main.js:462 120.175,336.837,322.5,322.5,0.558,-0.509,0.04,-0.03,57,0,0,1,0,0,0,0,170.444,244.772,1.306,-2.132,0,0,0,0,0,0,0,0,348.129,111.833,169.5,315,-0.828,0.391,-0.049,0.009,57,74,127,-2.5,0,0,0,0,0,0,0,0,0,2491

Main.js:462 120.743,336.324,322.5,322.5,0.568,-0.513,0.04,-0.03,56,0,0,1,0,0,0,0,171.75,242.641,1.306,-2.132,0,0,0,0,0,0,0,0,347.295,112.213,171,315,-0.833,0.379,-0.049,0.008,56,71.5,127,-2.5,0,0,0,0,0,0,0,0,0,2508

Main.js:462 121.32,335.808,322.5,322.5,0.577,-0.516,0.04,-0.03,55,0,0,1,0,0,0,0,173.056,240.509,1.306,-2.132,0,0,0,0,0,0,0,0,346.457,112.58,171,313.5,-0.838,0.368,-0.049,0.008,55,69,127,-2.5,0,0,0,0,0,0,0,0,0,2524

Main.js:462 121.906,335.289,322.5,322.5,0.586,-0.519,0.04,-0.03,54,0,0,1,0,0,0,0,174.362,238.378,1.306,-2.132,0,0,0,0,0,0,0,0,345.614,112.937,171,312,-0.843,0.357,-0.049,0.008,54,66.5,127,-2.5,0,0,0,0,0,0,0,0,0,2541

Main.js:462 122.5,334.767,322.5,322.5,0.594,-0.522,0.04,-0.03,53,0,0,1,0,0,0,0,175.669,236.246,1.306,-2.132,0,0,0,0,0,0,0,0,344.765,113.284,171,310.5,-0.848,0.346,-0.049,0.008,53,64,127,-2.5,0,0,0,0,0,0,0,0,0,2560

Main.js:462 123.103,334.242,322.5,322.5,0.602,-0.525,0.04,-0.03,52,0,0,1,0,0,0,0,176.975,234.114,1.306,-2.132,0,0,0,0,0,0,0,0,343.913,113.62,171,309,-0.853,0.337,-0.049,0.008,52,61.5,127,-2.5,0,0,0,0,0,0,0,0,0,2576

Main.js:462 123.713,333.714,322.5,322.5,0.61,-0.528,0.04,-0.03,51,0,0,1,0,0,0,0,178.281,231.983,1.306,-2.132,0,0,0,0,0,0,0,0,343.056,113.947,171,307.5,-0.857,0.327,-0.049,0.008,51,59,127,-2.5,0,0,0,0,0,0,0,0,0,2592

Main.js:462 124.33,333.184,322.5,322.5,0.617,-0.53,0.04,-0.03,50,0,0,1,0,0,0,0,179.587,229.851,1.306,-2.132,0,0,0,0,0,0,0,0,342.195,114.266,171,306,-0.861,0.318,-0.049,0.008,50,56.5,127,-2.5,0,0,0,0,0,0,0,0,0,2609

Main.js:462 124.954,332.651,322.5,322.5,0.624,-0.533,0.04,-0.03,49,0,0,1,0,0,0,0,180.894,227.72,1.306,-2.132,0,0,0,0,0,0,0,0,341.33,114.575,171,304.5,-0.865,0.31,-0.049,0.008,49,54,127,-2.5,0,0,0,0,0,0,0,0,0,2626

Main.js:462 125.585,332.116,322.5,322.5,0.631,-0.535,0.04,-0.03,48,0,0,1,0,0,0,0,182.2,225.588,1.306,-2.132,0,0,0,0,0,0,0,0,340.461,114.877,171,303,-0.869,0.302,-0.049,0.008,48,51.5,127,-2.5,0,0,0,0,0,0,0,0,0,2643

Main.js:462 126.221,331.579,322.5,322.5,0.637,-0.537,0.04,-0.03,47,0,0,1,0,0,0,0,183.506,223.456,1.306,-2.132,0,0,0,0,0,0,0,0,339.589,115.171,171,301.5,-0.872,0.294,-0.049,0.008,47,49,127,-2.5,0,0,0,0,0,0,0,0,0,2658

Main.js:462 126.864,331.04,322.5,322.5,0.643,-0.539,0.04,-0.03,46,0,0,1,0,0,0,0,184.812,221.325,1.306,-2.132,0,0,0,0,0,0,0,0,338.714,115.458,171,300,-0.875,0.287,-0.049,0.008,46,46.5,127,-2.5,0,0,0,0,0,0,0,0,0,2675

Main.js:462 127.512,330.499,322.5,322.5,0.648,-0.541,0.04,-0.03,45,0,0,1,0,0,0,0,186.119,219.193,1.306,-2.132,0,0,0,0,0,0,0,0,337.836,115.738,171,298.5,-0.878,0.28,-0.049,0.008,45,44,127,-2.5,0,0,0,0,0,0,0,0,0,2692

Main.js:462 128.165,329.956,322.5,322.5,0.653,-0.543,0.04,-0.03,44,0,0,1,0,0,0,0,187.425,217.062,1.306,-2.132,0,0,0,0,0,0,0,0,336.954,116.011,171,297,-0.881,0.273,-0.049,0.008,44,41.5,127,-2.5,0,0,0,0,0,0,0,0,0,2709

Main.js:462 128.824,329.411,322.5,322.5,0.658,-0.545,0.04,-0.03,43,0,0,1,0,0,0,0,188.731,214.93,1.306,-2.132,0,0,0,0,0,0,0,0,336.07,116.278,171,295.5,-0.884,0.267,-0.049,0.008,43,39,127,-2.5,0,0,0,0,0,0,0,0,0,2726

Main.js:462 129.487,328.865,322.5,322.5,0.663,-0.546,0.04,-0.03,42,0,0,1,0,0,0,0,190.037,212.798,1.306,-2.132,0,0,0,0,0,0,0,0,335.183,116.539,171,294,-0.887,0.261,-0.049,0.008,42,36.5,127,-2.5,0,0,0,0,0,0,0,0,0,2743

Main.js:462 130.154,328.317,322.5,322.5,0.668,-0.548,0.04,-0.03,41,0,0,1,0,0,0,0,191.344,210.667,1.306,-2.132,0,0,0,0,0,0,0,0,334.293,116.794,171,292.5,-0.89,0.255,-0.049,0.008,41,34,127,-2.5,0,0,0,0,0,0,0,0,0,2759

Main.js:462 130.826,327.767,322.5,322.5,0.672,-0.55,0.04,-0.03,40,0,0,1,0,0,0,0,192.65,208.535,1.306,-2.132,0,0,0,0,0,0,0,0,333.401,117.045,171,291,-0.892,0.25,-0.049,0.008,40,31.5,127,-2.5,0,0,0,0,0,0,0,0,0,2777

Main.js:462 131.502,327.217,322.5,322.5,0.676,-0.551,0.04,-0.03,39,0,0,1,0,0,0,0,193.956,206.404,1.306,-2.132,0,0,0,0,0,0,0,0,332.507,117.29,171,289.5,-0.894,0.245,-0.049,0.008,39,29,127,-2.5,0,0,0,0,0,0,0,0,0,2793

Main.js:462 132.182,326.664,322.5,322.5,0.68,-0.552,0.04,-0.03,38,0,0,1,0,0,0,0,195.262,204.272,1.306,-2.132,0,0,0,0,0,0,0,0,331.61,117.53,171,288,-0.897,0.24,-0.049,0.008,38,26.5,127,-2.5,0,0,0,0,0,0,0,0,0,2809

Main.js:462 132.866,326.111,322.5,322.5,0.684,-0.554,0.04,-0.03,37,0,0,1,0,0,0,0,196.569,202.14,1.306,-2.132,0,0,0,0,0,0,0,0,330.712,117.766,171,286.5,-0.899,0.236,-0.049,0.008,37,24,127,-2.5,0,0,0,0,0,0,0,0,0,2826

Main.js:462 133.553,325.556,322.5,322.5,0.687,-0.555,0.04,-0.03,36,0,0,1,0,0,0,0,197.875,200.009,1.306,-2.132,0,0,0,0,0,0,0,0,329.811,117.997,171,285,-0.901,0.231,-0.049,0.008,36,21.5,127,-2.5,0,0,0,0,0,0,0,0,0,2843

Main.js:462 134.244,325,322.5,322.5,0.69,-0.556,0.04,-0.03,35,0,0,1,0,0,0,0,199.181,197.877,1.306,-2.132,0,0,0,0,0,0,0,0,328.908,118.224,171,283.5,-0.902,0.227,-0.049,0.008,35,19,127,-2.5,0,0,0,0,0,0,0,0,0,2858

Main.js:462 134.937,324.443,322.5,322.5,0.694,-0.557,0.04,-0.03,34,0,0,1,0,0,0,0,200.487,195.746,1.306,-2.132,0,0,0,0,0,0,0,0,328.004,118.447,171,282,-0.904,0.223,-0.049,0.008,34,16.5,127,-2.5,0,0,0,0,0,0,0,0,0,2875

Main.js:462 135.634,323.884,322.5,322.5,0.697,-0.558,0.04,-0.03,33,0,0,1,0,0,0,0,201.794,193.614,1.306,-2.132,0,0,0,0,0,0,0,0,327.098,118.667,171,280.5,-0.906,0.22,-0.049,0.008,33,14,127,-2.5,0,0,0,0,0,0,0,0,0,2893

Main.js:462 136.333,323.325,322.5,322.5,0.699,-0.559,0.04,-0.03,32,0,0,1,0,0,0,0,203.1,191.482,1.306,-2.132,0,0,0,0,0,0,0,0,326.191,118.883,171,279,-0.908,0.216,-0.049,0.008,32,11.5,127,-2.5,0,0,0,0,0,0,0,0,0,2908

Main.js:462 137.035,322.765,322.5,322.5,0.702,-0.56,0.04,-0.03,31,0,0,1,0,0,0,0,204.406,189.351,1.306,-2.132,0,0,0,0,0,0,0,0,325.281,119.095,171,277.5,-0.909,0.213,-0.049,0.008,31,9,127,-2.5,0,0,0,0,0,0,0,0,0,2926

Main.js:462 137.74,322.204,322.5,322.5,0.705,-0.561,0.04,-0.03,30,0,0,1,0,0,0,0,205.712,187.219,1.306,-2.132,0,0,0,0,0,0,0,0,324.371,119.305,171,276,-0.911,0.209,-0.049,0.008,30,6.5,127,-2.5,0,0,0,0,0,0,0,0,0,2942

Main.js:462 138.447,321.642,322.5,322.5,0.707,-0.562,0.04,-0.03,29,0,0,1,0,0,0,0,207.019,185.088,1.306,-2.132,0,0,0,0,0,0,0,0,323.459,119.511,171,274.5,-0.912,0.206,-0.049,0.008,29,4,127,-2.5,0,0,0,0,0,0,0,0,0,2960

Main.js:462 139.157,321.079,322.5,322.5,0.71,-0.563,0.04,-0.03,28,0,0,1,0,0,0,0,208.325,182.956,1.306,-2.132,0,0,0,0,0,0,0,0,322.546,119.715,171,273,-0.913,0.203,-0.049,0.008,28,1.5,127,-2.5,0,0,0,0,0,0,0,0,0,2975

Main.js:462 139.869,320.516,322.5,322.5,0.712,-0.564,0.04,-0.03,27,0,0,1,0,0,0,0,208.325,182.956,1.306,-2.132,0,0,0,0,0,0,0,0,321.631,119.915,171,271.5,-0.915,0.201,-0.049,0.008,27,0,0,0,0,0,0,0,0,0,0,0,0,2993

Main.js:462 140.582,319.952,322.5,322.5,0.714,-0.564,0.04,-0.03,26,0,0,1,0,0,0,0,209.631,180.824,1.306,-2.132,0,0,0,0,0,0,0,0,320.715,120.114,171,270,-0.916,0.198,-0.049,0.008,26,0,0,0,0,0,0,0,0,0,0,0,0,3008

Main.js:462 141.298,319.387,322.5,322.5,0.716,-0.565,0.04,-0.03,25,0,0,1,0,0,0,0,210.937,178.693,1.306,-2.132,0,0,0,0,0,0,0,0,319.799,120.31,169.5,267,-0.917,0.197,-0.049,0.009,25,0,0,0,0,0,0,0,0,0,0,0,0,3025

Main.js:462 142.016,318.821,322.5,322.5,0.718,-0.566,0.04,-0.03,24,0,0,1,0,0,0,0,212.244,176.561,1.306,-2.132,0,0,0,0,0,0,0,0,318.881,120.507,168,264,-0.917,0.197,-0.049,0.01,24,0,0,0,0,0,0,0,0,0,0,0,0,3043

Main.js:462 142.736,318.255,322.5,322.5,0.72,-0.566,0.04,-0.03,23,0,0,1,0,0,0,0,213.55,174.43,1.306,-2.132,0,0,0,0,0,0,0,0,317.964,120.706,166.5,261,-0.918,0.198,-0.049,0.012,23,0,0,0,0,0,0,0,0,0,0,0,0,3058

Main.js:462 143.457,317.688,322.5,322.5,0.721,-0.567,0.04,-0.03,22,0,0,1,0,0,0,0,214.856,172.298,1.306,-2.132,0,0,0,0,0,0,0,0,317.046,120.906,165,258,-0.918,0.201,-0.048,0.013,22,0,0,0,0,0,0,0,0,0,0,0,0,3076

Main.js:462 144.18,317.12,322.5,322.5,0.723,-0.567,0.04,-0.03,21,0,0,1,0,0,0,0,216.162,170.166,1.306,-2.132,0,0,0,0,0,0,0,0,316.129,121.11,163.5,255,-0.917,0.204,-0.048,0.014,21,0,0,0,0,0,0,0,0,0,0,0,0,3092

Main.js:462 144.904,316.552,322.5,322.5,0.724,-0.568,0.04,-0.03,20,0,0,1,0,0,0,0,217.469,168.035,1.306,-2.132,0,0,0,0,0,0,0,0,315.212,121.319,162,252,-0.917,0.208,-0.048,0.015,20,0,0,0,0,0,0,0,0,0,0,0,0,3111

Main.js:462 145.63,315.984,322.5,322.5,0.726,-0.569,0.04,-0.03,19,0,0,1,0,0,0,0,218.775,165.903,1.306,-2.132,0,0,0,0,0,0,0,0,314.297,121.532,160.5,249,-0.916,0.214,-0.047,0.017,19,0,0,0,0,0,0,0,0,0,0,0,0,3128

Main.js:462 146.357,315.415,322.5,322.5,0.727,-0.569,0.04,-0.03,18,0,0,1,0,0,0,0,220.081,163.772,1.306,-2.132,0,0,0,0,0,0,0,0,313.383,121.753,159,246,-0.914,0.22,-0.047,0.018,18,0,0,0,0,0,0,0,0,0,0,0,0,3142

Main.js:462 147.086,314.845,322.5,322.5,0.729,-0.569,0.04,-0.03,17,0,0,1,0,0,0,0,221.387,161.64,1.306,-2.132,0,0,0,0,0,0,0,0,312.47,121.98,157.5,243,-0.912,0.227,-0.046,0.019,17,0,0,0,0,0,0,0,0,0,0,0,0,3158

Main.js:462 147.815,314.275,322.5,322.5,0.73,-0.57,0.04,-0.03,16,0,0,1,0,0,0,0,222.694,159.508,1.306,-2.132,0,0,0,0,0,0,0,0,311.56,122.216,156,240,-0.91,0.235,-0.046,0.02,16,0,0,0,0,0,0,0,0,0,0,0,0,3175

Main.js:462 148.546,313.705,322.5,322.5,0.731,-0.57,0.04,-0.03,15,0,0,1,0,0,0,0,224,157.377,1.306,-2.132,0,0,0,0,0,0,0,0,310.653,122.46,154.5,237,-0.907,0.244,-0.045,0.022,15,0,0,0,0,0,0,0,0,0,0,0,0,3193

Main.js:462 149.279,313.134,322.5,322.5,0.732,-0.571,0.04,-0.03,14,0,0,1,0,0,0,0,225.306,155.245,1.306,-2.132,0,0,0,0,0,0,0,0,309.749,122.713,153,234,-0.904,0.253,-0.045,0.023,14,0,0,0,0,0,0,0,0,0,0,0,0,3209

Main.js:462 150.012,312.563,322.5,322.5,0.733,-0.571,0.04,-0.03,13,0,0,1,0,0,0,0,226.612,153.114,1.306,-2.132,0,0,0,0,0,0,0,0,308.848,122.976,151.5,231,-0.901,0.263,-0.044,0.024,13,0,0,0,0,0,0,0,0,0,0,0,0,3226

Main.js:462 150.746,311.992,322.5,322.5,0.734,-0.571,0.04,-0.03,12,0,0,1,0,0,0,0,227.919,150.982,1.306,-2.132,0,0,0,0,0,0,0,0,307.951,123.25,150,228,-0.897,0.274,-0.043,0.025,12,0,0,0,0,0,0,0,0,0,0,0,0,3243

Main.js:462 151.481,311.42,322.5,322.5,0.735,-0.572,0.04,-0.03,11,0,0,1,0,0,0,0,229.225,148.85,1.306,-2.132,0,0,0,0,0,0,0,0,307.058,123.535,148.5,225,-0.893,0.285,-0.043,0.026,11,0,0,0,0,0,0,0,0,0,0,0,0,3259

Main.js:462 152.217,310.848,322.5,322.5,0.736,-0.572,0.04,-0.03,10,0,0,1,0,0,0,0,230.531,146.719,1.306,-2.132,0,0,0,0,0,0,0,0,306.17,123.832,147,222,-0.888,0.297,-0.042,0.027,10,0,0,0,0,0,0,0,0,0,0,0,0,3276

Main.js:462 152.954,310.275,322.5,322.5,0.737,-0.572,0.04,-0.03,9,0,0,1,0,0,0,0,231.837,144.587,1.306,-2.132,0,0,0,0,0,0,0,0,305.288,124.141,145.5,219,-0.883,0.309,-0.041,0.028,9,0,0,0,0,0,0,0,0,0,0,0,0,3293

Main.js:462 153.692,309.703,322.5,322.5,0.738,-0.573,0.04,-0.03,8,0,0,1,0,0,0,0,233.144,142.456,1.306,-2.132,0,0,0,0,0,0,0,0,304.411,124.462,144,216,-0.877,0.321,-0.04,0.029,8,0,0,0,0,0,0,0,0,0,0,0,0,3308

Main.js:462 154.431,309.13,322.5,322.5,0.739,-0.573,0.04,-0.03,7,0,0,1,0,0,0,0,234.45,140.324,1.306,-2.132,0,0,0,0,0,0,0,0,303.54,124.796,142.5,213,-0.871,0.334,-0.04,0.03,7,0,0,0,0,0,0,0,0,0,0,0,0,3325

Main.js:462 155.17,308.556,322.5,322.5,0.739,-0.573,0.04,-0.03,6,0,0,1,0,0,0,0,235.756,138.192,1.306,-2.132,0,0,0,0,0,0,0,0,302.676,125.144,141,210,-0.864,0.347,-0.039,0.031,6,0,0,0,0,0,0,0,0,0,0,0,0,3341

Main.js:462 155.91,307.983,322.5,322.5,0.74,-0.574,0.04,-0.03,5,0,0,1,0,0,0,0,237.062,136.061,1.306,-2.132,0,0,0,0,0,0,0,0,301.819,125.504,139.5,207,-0.857,0.361,-0.038,0.032,5,0,0,0,0,0,0,0,0,0,0,0,0,3359

Main.js:462 156.651,307.409,322.5,322.5,0.741,-0.574,0.04,-0.03,4,0,0,1,0,0,0,0,238.368,133.929,1.306,-2.132,0,0,0,0,0,0,0,0,300.969,125.879,138,204,-0.849,0.375,-0.037,0.033,4,0,0,0,0,0,0,0,0,0,0,0,0,3377

Main.js:462 157.393,306.835,322.5,322.5,0.741,-0.574,0.04,-0.03,3,0,0,1,0,0,0,0,239.675,131.798,1.306,-2.132,0,0,0,0,0,0,0,0,300.128,126.267,136.5,201,-0.841,0.388,-0.036,0.034,3,0,0,0,0,0,0,0,0,0,0,0,0,3392

Main.js:462 158.135,306.261,322.5,322.5,0.742,-0.574,0.04,-0.03,2,0,0,1,0,0,0,0,240.981,129.666,1.306,-2.132,0,0,0,0,0,0,0,0,299.295,126.67,135,198,-0.833,0.403,-0.035,0.035,2,0,0,0,0,0,0,0,0,0,0,0,0,3408

Main.js:462 158.877,305.686,322.5,322.5,0.743,-0.574,0.04,-0.03,1,0,0,1,0,0,0,0,242.287,127.534,1.306,-2.132,0,0,0,0,0,0,0,0,298.471,127.087,133.5,195,-0.824,0.417,-0.034,0.036,1,0,0,0,0,0,0,0,0,0,0,0,0,3426

Main.js:462 159.621,305.112,322.5,322.5,0.743,-0.575,0.04,-0.03,0,0,0,1,0,0,0,0,243.593,125.403,1.306,-2.132,0,0,0,0,0,0,0,0,297.656,127.518,132,192,-0.815,0.431,-0.033,0.037,0,0,0,0,0,0,0,0,0,0,0,0,0,3491

Main.js:462 160.364,304.537,322.5,322.5,0.744,-0.575,0.04,-0.03,0,0,0,1,0,0,0,0,244.9,123.271,1.306,-2.132,0,0,0,0,0,0,0,0,296.852,127.964,130.5,189,-0.805,0.446,-0.032,0.038,99,0,0,0,0,0,0,0,0,0,0,0,0,3508

Main.js:462 161.109,303.962,322.5,322.5,0.744,-0.575,0.04,-0.03,0,0,0,1,0,0,0,0,246.206,121.14,1.306,-2.132,0,0,0,0,0,0,0,0,296.057,128.425,129,186,-0.794,0.461,-0.031,0.039,98,274.446,123.842,-2.469,-0.391,0,0,0,0,0,0,0,0,3525

Main.js:462 161.853,303.387,322.5,322.5,0.745,-0.575,0.04,-0.03,0,0,0,1,0,0,0,0,247.512,119.008,1.306,-2.132,0,0,0,0,0,0,0,0,295.274,128.9,127.5,183,-0.784,0.475,-0.03,0.04,97,271.976,123.451,-2.469,-0.391,0,0,0,0,0,0,0,0,3542

Main.js:462 162.598,302.811,321,321,0.744,-0.576,0.039,-0.031,0,1,0,1,0,0,0,0,248.818,116.876,1.306,-2.132,0,0,0,0,0,0,0,0,294.501,129.39,126,180,-0.772,0.49,-0.029,0.04,96,269.507,123.06,-2.469,-0.391,0,0,0,0,0,0,0,0,3559

Main.js:462 163.341,302.232,319.5,319.5,0.743,-0.578,0.038,-0.032,0,1,0,1,0,0,0,0,250.125,114.745,1.306,-2.132,0,0,0,0,0,0,0,0,293.741,129.895,124.5,177,-0.761,0.505,-0.028,0.041,95,267.038,122.669,-2.469,-0.391,0,0,0,0,0,0,0,0,3576

Main.js:462 164.082,301.651,318,318,0.741,-0.581,0.037,-0.033,0,1,0,1,0,0,0,0,251.431,112.613,1.306,-2.132,0,0,0,0,0,0,0,0,292.992,130.414,123,174,-0.748,0.519,-0.027,0.042,94,264.569,122.278,-2.469,-0.391,0,0,0,0,0,0,0,0,3592

Main.js:462 164.821,301.066,316.5,316.5,0.739,-0.585,0.036,-0.034,0,1,0,1,0,0,0,0,252.737,110.482,1.306,-2.132,0,0,0,0,0,0,0,0,292.256,130.948,121.5,171,-0.736,0.534,-0.026,0.043,93,262.099,121.887,-2.469,-0.391,0,0,0,0,0,0,0,0,3608

Main.js:462 165.556,300.477,315,315,0.735,-0.589,0.035,-0.035,0,1,0,1,0,0,0,0,254.043,108.35,1.306,-2.132,0,0,0,0,0,0,0,0,291.534,131.496,120,168,-0.723,0.548,-0.025,0.043,92,259.63,121.496,-2.469,-0.391,0,0,0,0,0,0,0,0,3627

Main.js:462 166.288,299.883,313.5,313.5,0.731,-0.594,0.034,-0.036,0,1,0,1,0,0,0,0,255.35,106.218,1.306,-2.132,0,0,0,0,0,0,0,0,290.824,132.058,118.5,165,-0.709,0.563,-0.024,0.044,91,257.161,121.105,-2.469,-0.391,0,0,0,0,0,0,0,0,3642

Main.js:462 167.014,299.283,312,312,0.727,-0.6,0.033,-0.037,0,1,0,1,0,0,0,0,256.656,104.087,1.306,-2.132,0,0,0,0,0,0,0,0,290.129,132.635,117,162,-0.695,0.577,-0.023,0.045,90,254.692,120.714,-2.469,-0.391,0,0,0,0,0,0,0,0,3658

Main.js:462 167.735,298.677,310.5,310.5,0.721,-0.606,0.032,-0.038,0,1,0,1,0,0,0,0,257.962,101.955,1.306,-2.132,0,0,0,0,0,0,0,0,289.448,133.226,115.5,159,-0.681,0.591,-0.022,0.045,89,252.223,120.322,-2.469,-0.391,0,0,0,0,0,0,0,0,3676

Main.js:462 168.42,298.102,310.5,310.5,0.685,-0.576,0,0,0,0,0,0,0,0,0,0,259.268,99.824,1.306,-2.132,0,0,0,0,0,0,0,0,288.781,133.83,114,156,-0.666,0.605,-0.02,0.046,88,249.753,119.931,-2.469,-0.391,0,0,0,0,0,0,0,0,3693

Main.js:462 169.071,297.555,310.5,310.5,0.651,-0.547,0,0,0,0,0,0,0,0,0,0,260.575,97.692,1.306,-2.132,0,0,0,0,0,0,0,0,288.13,134.449,112.5,153,-0.651,0.618,-0.019,0.046,87,247.284,119.54,-2.469,-0.391,0,0,0,0,0,0,0,0,3710

Main.js:462 169.69,297.035,310.5,310.5,0.618,-0.519,0,0,0,0,0,0,0,0,0,0,261.881,95.56,1.306,-2.132,0,0,0,0,0,0,0,0,287.494,135.08,111,150,-0.636,0.632,-0.018,0.047,86,244.815,119.149,-2.469,-0.391,0,0,0,0,0,0,0,0,3726

Main.js:462 170.277,296.542,310.5,310.5,0.587,-0.494,0,0,0,0,0,0,0,0,0,0,263.187,93.429,1.306,-2.132,0,0,0,0,0,0,0,0,286.875,135.725,109.5,147,-0.62,0.645,-0.017,0.047,85,242.346,118.758,-2.469,-0.391,0,0,0,0,0,0,0,0,3743

Main.js:462 170.835,296.073,310.5,310.5,0.558,-0.469,0,0,99,0,0,0,0,1,0,0,264.493,91.297,1.306,-2.132,0,0,0,0,0,0,0,0,286.271,136.383,108,144,-0.603,0.658,-0.015,0.048,84,239.876,118.367,-2.469,-0.391,0,0,0,0,0,0,0,0,3758

Main.js:462 171.365,295.628,310.5,310.5,0.53,-0.445,0,0,98,0,0,0,0,1,0,0,265.8,89.166,1.306,-2.132,185.539,278.672,1.624,-1.901,0,0,0,0,285.684,137.053,106.5,141,-0.587,0.67,-0.014,0.048,83,237.407,117.976,-2.469,-0.391,0,0,0,0,0,0,0,0,3776

Main.js:462 171.868,295.205,310.5,310.5,0.504,-0.423,0,0,97,0,0,0,0,1,0,0,267.106,87.034,1.306,-2.132,187.163,276.771,1.624,-1.901,0,0,0,0,285.115,137.736,105,138,-0.57,0.683,-0.013,0.048,82,234.938,117.585,-2.469,-0.391,0,0,0,0,0,0,0,0,3792

Main.js:462 172.347,294.803,310.5,310.5,0.478,-0.402,0,0,96,0,0,0,0,1,0,0,268.412,84.902,1.306,-2.132,188.786,274.87,1.624,-1.901,0,0,0,0,284.562,138.431,103.5,135,-0.552,0.695,-0.012,0.049,81,232.469,117.194,-2.469,-0.391,0,0,0,0,0,0,0,0,3808

Main.js:462 172.801,294.421,310.5,310.5,0.454,-0.382,0,0,95,0,0,0,0,1,0,0,269.718,82.771,1.306,-2.132,190.41,272.969,1.624,-1.901,0,0,0,0,284.028,139.138,102,132,-0.535,0.707,-0.01,0.049,80,230,116.803,-2.469,-0.391,0,0,0,0,0,0,0,0,3825

Main.js:462 173.233,294.058,310.5,310.5,0.432,-0.363,0,0,94,0,0,0,0,0,0,0,271.025,80.639,1.306,-2.132,192.033,271.068,1.624,-1.901,0,0,0,0,283.511,139.856,100.5,129,-0.517,0.718,-0.009,0.049,79,227.53,116.412,-2.469,-0.391,0,0,0,0,0,0,0,0,3844

Main.js:462 173.643,293.713,310.5,310.5,0.41,-0.345,0,0,93,0,0,0,0,0,0,0,272.331,78.508,1.306,-2.132,193.657,269.167,1.624,-1.901,0,0,0,0,283.013,140.585,99,126,-0.498,0.729,-0.008,0.049,78,225.061,116.021,-2.469,-0.391,0,0,0,0,0,0,0,0,3861

Main.js:462 174.033,293.386,310.5,310.5,0.39,-0.327,0,0,92,0,0,0,0,0,0,0,273.637,76.376,1.306,-2.132,195.281,267.266,1.624,-1.901,0,0,0,0,282.534,141.324,97.5,123,-0.479,0.74,-0.007,0.05,77,222.592,115.629,-2.469,-0.391,0,0,0,0,0,0,0,0,3876

Main.js:462 174.403,293.075,310.5,310.5,0.37,-0.311,0,0,91,0,0,0,0,0,0,0,274.943,74.244,1.306,-2.132,196.904,265.365,1.624,-1.901,0,0,0,0,282.073,142.074,96,120,-0.46,0.75,-0.005,0.05,76,220.123,115.238,-2.469,-0.391,0,0,0,0,0,0,0,0,3893

Main.js:462 174.755,292.779,310.5,310.5,0.352,-0.295,0,0,90,0,0,0,0,0,0,0,276.25,72.113,1.306,-2.132,198.528,263.464,1.624,-1.901,0,0,0,0,281.632,142.834,94.5,117,-0.441,0.76,-0.004,0.05,75,217.653,114.847,-2.469,-0.391,0,0,0,0,0,0,0,0,3910

Main.js:462 175.089,292.499,310.5,310.5,0.334,-0.281,0,0,89,0,0,0,0,0,0,0,277.556,69.981,1.306,-2.132,200.151,261.563,1.624,-1.901,0,0,0,0,281.211,143.603,93,114,-0.422,0.769,-0.003,0.05,74,215.184,114.456,-2.469,-0.391,0,0,0,0,0,0,0,0,3927

Main.js:462 175.406,292.232,310.5,310.5,0.317,-0.267,0,0,88,0,0,0,0,1,0,0,278.862,67.85,1.306,-2.132,201.775,259.662,1.624,-1.901,0,0,0,0,280.809,144.381,91.5,111,-0.402,0.778,-0.001,0.05,73,212.715,114.065,-2.469,-0.391,0,0,0,0,0,0,0,0,3942

Main.js:462 175.708,291.979,310.5,310.5,0.302,-0.253,0,0,87,0,0,0,0,1,0,0,280.168,65.718,1.306,-2.132,203.399,257.761,1.624,-1.901,0,0,0,0,280.427,145.168,90,108,-0.382,0.787,0,0.05,72,210.246,113.674,-2.469,-0.391,0,0,0,0,0,0,0,0,3958

Main.js:462 175.994,291.738,310.5,310.5,0.286,-0.241,0,0,86,0,0,0,0,1,0,0,281.475,63.586,1.306,-2.132,205.022,255.86,1.624,-1.901,0,0,0,0,280.066,145.963,88.5,105,-0.361,0.795,0.001,0.05,71,207.777,113.283,-2.469,-0.391,0,0,0,0,0,0,0,0,3975

Main.js:462 176.266,291.509,310.5,310.5,0.272,-0.229,0,0,85,0,0,0,0,1,0,0,282.781,61.455,1.306,-2.132,206.646,253.959,1.624,-1.901,0,0,0,0,279.725,146.766,87,102,-0.341,0.803,0.003,0.05,70,205.307,112.892,-2.469,-0.391,0,0,0,0,0,0,0,0,3991

Main.js:462 176.525,291.292,310.5,310.5,0.259,-0.217,0,0,84,0,0,0,0,1,0,0,284.087,59.323,1.306,-2.132,208.27,252.058,1.624,-1.901,0,0,0,0,279.405,147.576,85.5,99,-0.32,0.81,0.004,0.05,69,202.838,112.501,-2.469,-0.391,0,0,0,0,0,0,0,0,4008

Main.js:462 176.77,291.086,310.5,310.5,0.246,-0.206,0,0,83,0,0,0,0,0,0,0,285.393,57.192,1.306,-2.132,209.893,250.157,1.624,-1.901,0,0,0,0,279.104,148.392,87,99,-0.301,0.817,0.003,0.05,68,200.369,112.11,-2.469,-0.391,0,0,0,0,0,0,0,0,4025

Main.js:462 177.004,290.89,310.5,310.5,0.233,-0.196,0,0,82,0,0,0,0,0,0,0,286.7,55.06,1.306,-2.132,211.517,248.256,1.624,-1.901,0,0,0,0,278.819,149.216,88.5,99,-0.285,0.823,0.001,0.05,67,197.9,111.719,-2.469,-0.391,0,0,0,0,0,0,0,0,4044

Main.js:462 177.225,290.704,310.5,310.5,0.222,-0.186,0,0,81,0,0,0,0,0,0,0,288.006,52.928,1.306,-2.132,213.14,246.355,1.624,-1.901,0,0,0,0,278.548,150.046,90,99,-0.271,0.83,0,0.05,66,195.43,111.328,-2.469,-0.391,0,0,0,0,0,0,0,0,4058

Main.js:462 177.436,290.527,310.5,310.5,0.211,-0.177,0,0,80,0,0,0,0,0,0,0,289.312,50.797,1.306,-2.132,214.764,244.454,1.624,-1.901,0,0,0,0,278.289,150.881,91.5,99,-0.259,0.836,-0.001,0.05,65,192.961,110.936,-2.469,-0.391,0,0,0,0,0,0,0,0,4076

Main.js:462 177.636,290.359,310.5,310.5,0.2,-0.168,0,0,79,0,0,0,0,0,0,0,290.618,48.665,1.306,-2.132,216.388,242.553,1.624,-1.901,0,0,0,0,278.041,151.723,93,99,-0.248,0.841,-0.003,0.05,64,190.492,110.545,-2.469,-0.391,0,0,0,0,0,0,0,0,4092

Main.js:462 177.826,290.199,310.5,310.5,0.19,-0.16,0,0,78,0,0,0,0,1,0,0,291.925,46.534,1.306,-2.132,218.011,240.652,1.624,-1.901,0,0,0,0,277.801,152.569,94.5,99,-0.239,0.847,-0.004,0.05,63,188.023,110.154,-2.469,-0.391,0,0,0,0,0,0,0,0,4110

Main.js:462 178.006,290.047,310.5,310.5,0.181,-0.152,0,0,77,0,0,0,0,1,0,0,293.231,44.402,1.306,-2.132,219.635,238.751,1.624,-1.901,0,0,0,0,277.569,153.421,96,99,-0.232,0.852,-0.005,0.05,62,185.554,109.763,-2.469,-0.391,0,0,0,0,0,0,0,0,4125

Main.js:462 178.178,289.903,310.5,310.5,0.171,-0.144,0,0,76,0,0,0,0,1,0,0,294.537,42.27,1.306,-2.132,221.259,236.85,1.624,-1.901,0,0,0,0,277.342,154.277,97.5,99,-0.227,0.856,-0.007,0.05,61,183.084,109.372,-2.469,-0.391,0,0,0,0,0,0,0,0,4142

Main.js:462 178.341,289.766,310.5,310.5,0.163,-0.137,0,0,75,0,0,0,0,1,0,0,295.843,40.139,1.306,-2.132,222.882,234.949,1.624,-1.901,0,0,0,0,277.119,155.137,99,99,-0.223,0.86,-0.008,0.049,60,180.615,108.981,-2.469,-0.391,0,0,0,0,0,0,0,0,4158

Main.js:462 178.496,289.636,310.5,310.5,0.155,-0.13,0,0,74,0,0,0,0,1,0,0,297.15,38.007,1.306,-2.132,224.506,233.048,1.624,-1.901,0,0,0,0,276.898,156.001,100.5,99,-0.221,0.864,-0.009,0.049,59,178.146,108.59,-2.469,-0.391,0,0,0,0,0,0,0,0,4177

Main.js:462 178.643,289.513,310.5,310.5,0.147,-0.124,0,0,73,0,0,0,0,1,0,0,298.456,35.876,1.306,-2.132,226.129,231.147,1.624,-1.901,0,0,0,0,276.679,156.868,102,99,-0.219,0.867,-0.01,0.049,58,175.677,108.199,-2.469,-0.391,0,0,0,0,0,0,0,0,4192

Main.js:462 178.782,289.395,310.5,310.5,0.14,-0.117,0,0,72,0,0,0,0,0,0,0,299.762,33.744,1.306,-2.132,227.753,229.246,1.624,-1.901,0,0,0,0,276.459,157.738,103.5,99,-0.22,0.87,-0.012,0.049,57,173.208,107.808,-2.469,-0.391,0,0,0,0,0,0,0,0,4209

Main.js:462 178.915,289.284,310.5,310.5,0.133,-0.111,0,0,71,0,0,0,0,0,0,0,301.068,31.612,1.306,-2.132,229.377,227.345,1.624,-1.901,0,0,0,0,276.238,158.611,105,99,-0.221,0.872,-0.013,0.048,56,170.738,107.417,-2.469,-0.391,0,0,0,0,0,0,0,0,4230

Main.js:462 179.041,289.178,310.5,310.5,0.126,-0.106,0,0,70,0,0,0,0,0,0,0,302.375,29.481,1.306,-2.132,231,225.444,1.624,-1.901,0,0,0,0,276.015,159.485,106.5,99,-0.223,0.874,-0.014,0.048,55,168.269,107.026,-2.469,-0.391,0,0,0,0,0,0,0,0,4259

Main.js:462 179.161,289.077,310.5,310.5,0.12,-0.101,0,0,69,0,0,0,0,0,0,0,303.681,27.349,1.306,-2.132,232.624,223.543,1.624,-1.901,0,0,0,0,275.788,160.361,108,99,-0.227,0.876,-0.015,0.048,54,165.8,106.634,-2.469,-0.391,0,0,0,0,0,0,0,0,4277

Main.js:462 179.305,288.946,310.5,310.5,0.145,-0.132,0.032,-0.038,68,0,0,1,0,0,0,0,304.987,25.218,1.306,-2.132,234.247,221.642,1.624,-1.901,0,0,0,0,275.557,161.238,109.5,99,-0.231,0.877,-0.017,0.047,53,163.331,106.243,-2.469,-0.391,0,0,0,0,0,0,0,0,4291

Main.js:462 179.474,288.784,310.5,310.5,0.168,-0.161,0.032,-0.038,67,0,0,1,0,0,0,0,306.293,23.086,1.306,-2.132,235.871,219.741,1.624,-1.901,0,0,0,0,275.32,162.115,111,99,-0.237,0.877,-0.018,0.047,52,160.861,105.852,-2.469,-0.391,0,0,0,0,0,0,0,0,4310

Main.js:462 179.664,288.595,310.5,310.5,0.191,-0.189,0.032,-0.038,66,0,0,1,0,0,0,0,307.6,20.954,1.306,-2.132,237.495,217.84,1.624,-1.901,0,0,0,0,275.077,162.992,112.5,99,-0.243,0.877,-0.019,0.046,51,158.392,105.461,-2.469,-0.391,0,0,0,0,0,0,0,0,4326

Main.js:462 179.876,288.379,310.5,310.5,0.212,-0.216,0.032,-0.038,65,0,0,1,0,0,0,0,308.906,18.823,1.306,-2.132,239.118,215.939,1.624,-1.901,0,0,0,0,274.826,163.869,114,99,-0.25,0.877,-0.02,0.046,50,155.923,105.07,-2.469,-0.391,0,0,0,0,0,0,0,0,4343

Main.js:462 180.109,288.138,310.5,310.5,0.232,-0.241,0.032,-0.038,64,0,0,1,0,0,0,0,310.212,16.691,1.306,-2.132,240.742,214.038,1.624,-1.901,0,0,0,0,274.568,164.745,115.5,99,-0.258,0.876,-0.022,0.045,49,153.454,104.679,-2.469,-0.391,0,0,0,0,0,0,0,0,4359

Main.js:462 180.36,287.872,310.5,310.5,0.251,-0.265,0.032,-0.038,63,0,0,1,0,0,0,0,311.518,14.56,1.306,-2.132,242.366,212.137,1.624,-1.901,0,0,0,0,274.301,165.619,117,99,-0.267,0.874,-0.023,0.045,48,150.985,104.288,-2.469,-0.391,0,0,0,0,0,0,0,0,4375

Main.js:462 180.63,287.584,310.5,310.5,0.27,-0.288,0.032,-0.038,62,0,0,1,0,0,0,0,312.825,12.428,1.306,-2.132,243.989,210.236,1.624,-1.901,0,0,0,0,274.025,166.492,118.5,99,-0.276,0.872,-0.024,0.044,47,148.515,103.897,-2.469,-0.391,0,0,0,0,0,0,0,0,4391

Main.js:462 180.917,287.274,310.5,310.5,0.287,-0.31,0.032,-0.038,61,0,0,1,0,0,0,0,314.131,10.296,1.306,-2.132,245.613,208.335,1.624,-1.901,0,0,0,0,273.739,167.362,120,99,-0.286,0.87,-0.025,0.043,46,146.046,103.506,-2.469,-0.391,0,0,0,0,0,0,0,0,4409

Main.js:462 181.22,286.944,310.5,310.5,0.304,-0.331,0.032,-0.038,60,0,0,1,0,0,0,0,315.437,8.165,1.306,-2.132,247.236,206.434,1.624,-1.901,0,0,0,0,273.442,168.229,121.5,99,-0.297,0.867,-0.026,0.043,45,143.577,103.115,-2.469,-0.391,0,0,0,0,0,0,0,0,4425

Main.js:462 181.54,286.594,310.5,310.5,0.319,-0.35,0.032,-0.038,59,0,0,1,0,0,0,0,316.743,6.033,1.306,-2.132,248.86,204.533,1.624,-1.901,0,0,0,0,273.134,169.092,123,99,-0.308,0.863,-0.027,0.042,44,141.108,102.724,-2.469,-0.391,0,0,0,0,0,0,0,0,4441

Main.js:462 181.874,286.225,310.5,310.5,0.334,-0.369,0.032,-0.038,58,0,0,1,0,0,0,0,318.05,3.902,1.306,-2.132,250.484,202.632,1.624,-1.901,0,0,0,0,272.815,169.951,124.5,99,-0.319,0.859,-0.028,0.041,43,138.638,102.333,-2.469,-0.391,0,0,0,0,0,0,0,0,4459

Main.js:462 182.222,285.839,310.5,310.5,0.348,-0.386,0.032,-0.038,57,0,0,1,0,0,0,0,319.356,1.77,1.306,-2.132,252.107,200.731,1.624,-1.901,0,0,0,0,272.484,170.806,126,99,-0.331,0.855,-0.029,0.04,42,136.169,101.941,-2.469,-0.391,0,0,0,0,0,0,0,0,4476

Main.js:462 182.584,285.435,310.5,310.5,0.362,-0.403,0.032,-0.038,56,0,0,1,0,0,0,0,253.731,198.83,1.624,-1.901,0,0,0,0,0,0,0,0,272.14,171.656,127.5,99,-0.344,0.85,-0.03,0.04,41,136.169,101.941,-2.469,-0.391,0,0,0,0,0,0,0,0,4492

Main.js:462 182.958,285.016,310.5,310.5,0.374,-0.419,0.032,-0.038,55,0,0,1,0,0,0,0,255.355,196.929,1.624,-1.901,0,0,0,0,0,0,0,0,271.784,172.5,129,99,-0.356,0.844,-0.031,0.039,40,133.7,101.55,-2.469,-0.391,0,0,0,0,0,0,0,0,4509

Main.js:462 183.345,284.582,310.5,310.5,0.387,-0.434,0.032,-0.038,54,0,0,1,0,0,0,0,256.978,195.028,1.624,-1.901,0,0,0,0,0,0,0,0,271.416,173.339,129,97.5,-0.368,0.839,-0.031,0.039,39,131.231,101.159,-2.469,-0.391,0,0,0,0,0,0,0,0,4526

Main.js:462 183.744,284.134,312,312,0.399,-0.448,0.033,-0.037,53,0,1,1,0,0,0,0,258.602,193.127,1.624,-1.901,0,0,0,0,0,0,0,0,271.036,174.173,129,96,-0.38,0.834,-0.031,0.039,38,128.762,100.768,-2.469,-0.391,0,0,0,0,0,0,0,0,4541

Main.js:462 184.156,283.674,313.5,313.5,0.412,-0.46,0.034,-0.036,52,0,1,1,0,0,0,0,260.225,191.226,1.624,-1.901,0,0,0,0,0,0,0,0,270.645,175.002,129,94.5,-0.391,0.829,-0.031,0.039,37,126.292,100.377,-2.469,-0.391,0,0,0,0,0,0,0,0,4558

Main.js:462 184.581,283.203,315,315,0.425,-0.471,0.035,-0.035,51,0,1,1,0,0,0,0,260.225,191.226,1.624,-1.901,0,0,0,0,0,0,0,0,270.244,175.827,129,93,-0.401,0.825,-0.031,0.039,36,126.292,100.377,-2.469,-0.391,0,0,0,0,0,0,0,0,4575

