Main.js:143 myTank.x,myTank.y,myTank.rotation,myTank.cannonRotation,myTank.velocityX,myTank.velocityY,myTank.accelerationX,myTank.accelerationY,myTank.shootCooldown,myTank.controls.turnLeft,myTank.controls.turnRight,myTank.controls.goForward,myTank.controls.goBack,myTank.controls.shoot,myTank.controls.cannonLeft,myTank.controls.cannonRight,myBullet1.x,myBullet1.y,myBullet1.velocityX,myBullet1.velocityY,myBullet2.x,myBullet2.y,myBullet2.velocityX,myBullet2.velocityY,myBullet3.x,myBullet3.y,myBullet3.velocityX,myBullet3.velocityY,enemyTank.x,enemyTank.y,enemyTank.rotation,enemyTank.cannonRotation,enemyTank.velocityX,enemyTank.velocityY,enemyTank.accelerationX,enemyTank.accelerationY,enemyTank.shootCooldown,enemyBullet1.x,enemyBullet1.y,enemyBullet1.velocityX,enemyBullet1.velocityY,enemyBullet2.x,enemyBullet2.y,enemyBullet2.velocityX,enemyBullet2.velocityY,enemyBullet3.x,enemyBullet3.y,enemyBullet3.velocityX,enemyBullet3.velocityY,currentGameTime
Main.js:462 450,206,180,180,0,0,0,0,0,0,0,0,0,0,0,0,0,0,0,0,0,0,0,0,0,0,0,0,50,294,0,0,0,0,0,0,0,0,0,0,0,0,0,0,0,0,0,0,0,5

Main.js:462 450,206,180,180,0,0,0,0,0,0,0,0,0,0,0,0,0,0,0,0,0,0,0,0,0,0,0,0,50,294,0,0,0,0,0,0,0,0,0,0,0,0,0,0,0,0,0,0,0,29

Main.js:462 450,206,180,180,0,0,0,0,0,0,0,0,0,0,0,0,0,0,0,0,0,0,0,0,0,0,0,0,50.047,294.001,1.5,0,0.047,0.001,0.05,0.001,99,0,0,0,0,0,0,0,0,0,0,0,0,45

Main.js:462 450,206,180,180,0,0,0,0,0,0,0,0,0,0,0,0,0,0,0,0,0,0,0,0,0,0,0,0,50.14,294.005,3,0,0.093,0.004,0.05,0.003,98,73.5,294,2.5,0,0,0,0,0,0,0,0,0,62

Main.js:462 450,206,180,180,0,0,0,0,0,0,0,0,0,0,0,0,0,0,0,0,0,0,0,0,0,0,0,0,50.275,294.012,4.5,0,0.135,0.007,0.05,0.004,97,76,294,2.5,0,0,0,0,0,0,0,0,0,79

Main.js:462 450,206,180,180,0,0,0,0,0,0,0,0,0,0,0,0,0,0,0,0,0,0,0,0,0,0,0,0,50.451,294.024,6,0,0.176,0.012,0.05,0.005,96,78.5,294,2.5,0,0,0,0,0,0,0,0,0,97

Main.js:462 450,206,180,180,0,0,0,0,0,0,0,0,0,0,0,0,0,0,0,0,0,0,0,0,0,0,0,0,50.665,294.041,7.5,0,0.214,0.017,0.05,0.007,95,81,294,2.5,0,0,0,0,0,0,0,0,0,114

Main.js:462 449.953,206,180,180,-0.047,0,-0.05,0,0,0,0,1,0,0,0,0,0,0,0,0,0,0,0,0,0,0,0,0,50.915,294.065,9,0,0.25,0.024,0.049,0.008,94,83.5,294,2.5,0,0,0,0,0,0,0,0,0,129

Main.js:462 449.86,206,180,180,-0.093,0,-0.05,0,0,0,0,1,0,0,0,0,0,0,0,0,0,0,0,0,0,0,0,0,51.2,294.097,10.5,0,0.284,0.031,0.049,0.009,93,86,294,2.5,0,0,0,0,0,0,0,0,0,145

Main.js:462 449.724,206,180,180,-0.135,0,-0.05,0,0,0,0,1,0,0,0,0,0,0,0,0,0,0,0,0,0,0,0,0,51.517,294.137,12,0,0.317,0.04,0.049,0.01,92,88.5,294,2.5,0,0,0,0,0,0,0,0,0,163

Main.js:462 449.548,206,180,180,-0.176,0,-0.05,0,0,0,0,1,0,0,0,0,0,0,0,0,0,0,0,0,0,0,0,0,51.864,294.185,13.5,0,0.347,0.049,0.049,0.012,91,91,294,2.5,0,0,0,0,0,0,0,0,0,180

Main.js:462 449.333,206,180,180,-0.215,0,-0.05,0,0,0,0,1,0,0,0,0,0,0,0,0,0,0,0,0,0,0,0,0,52.239,294.244,15,0,0.376,0.059,0.048,0.013,90,93.5,294,2.5,0,0,0,0,0,0,0,0,0,195

Main.js:462 449.082,206,180,180,-0.252,0,-0.05,0,0,0,0,1,0,0,0,0,0,0,0,0,0,0,0,0,0,0,0,0,52.641,294.313,16.5,0,0.402,0.069,0.048,0.014,89,96,294,2.5,0,0,0,0,0,0,0,0,0,212

Main.js:462 448.795,206,180,180,-0.287,0,-0.05,0,0,0,0,1,0,0,0,0,0,0,0,0,0,0,0,0,0,0,0,0,53.069,294.394,18,0,0.427,0.08,0.048,0.015,88,98.5,294,2.5,0,0,0,0,0,0,0,0,0,230

Main.js:462 448.475,206,180,180,-0.32,0,-0.05,0,0,0,0,1,0,0,0,0,0,0,0,0,0,0,0,0,0,0,0,0,53.52,294.486,19.5,0,0.451,0.092,0.047,0.017,87,101,294,2.5,0,0,0,0,0,0,0,0,0,246

Main.js:462 448.124,206,180,180,-0.351,0,-0.05,0,0,0,0,1,0,0,0,0,0,0,0,0,0,0,0,0,0,0,0,0,53.992,294.591,21,0,0.473,0.105,0.047,0.018,86,103.5,294,2.5,0,0,0,0,0,0,0,0,0,263

Main.js:462 447.743,206,180,180,-0.381,0,-0.05,0,0,0,0,1,0,0,0,0,0,0,0,0,0,0,0,0,0,0,0,0,54.485,294.708,22.5,0,0.493,0.118,0.046,0.019,85,106,294,2.5,0,0,0,0,0,0,0,0,0,280

Main.js:462 447.333,206,180,180,-0.41,0,-0.05,0,0,0,0,1,0,0,0,0,0,0,0,0,0,0,0,0,0,0,0,0,54.997,294.84,24,0,0.512,0.131,0.046,0.02,84,108.5,294,2.5,0,0,0,0,0,0,0,0,0,296

Main.js:462 446.897,206,180,180,-0.437,0,-0.05,0,0,0,0,1,0,0,0,0,0,0,0,0,0,0,0,0,0,0,0,0,55.526,294.985,25.5,0,0.529,0.145,0.045,0.022,83,111,294,2.5,0,0,0,0,0,0,0,0,0,313

Main.js:462 446.434,206,180,180,-0.462,0,-0.05,0,0,0,0,1,0,0,0,0,0,0,0,0,0,0,0,0,0,0,0,0,56.07,295.144,27,0,0.545,0.159,0.045,0.023,82,113.5,294,2.5,0,0,0,0,0,0,0,0,0,330

Main.js:462 445.947,206,180,180,-0.487,0,-0.05,0,0,0,0,1,0,0,0,0,0,0,0,0,0,0,0,0,0,0,0,0,56.63,295.318,28.5,0,0.559,0.174,0.044,0.024,81,116,294,2.5,0,0,0,0,0,0,0,0,0,345

Main.js:462 445.438,206,180,180,-0.51,0,-0.05,0,0,0,0,1,0,0,0,0,0,0,0,0,0,0,0,0,0,0,0,0,57.202,295.507,30,0,0.572,0.189,0.043,0.025,80,118.5,294,2.5,0,0,0,0,0,0,0,0,0,363

Main.js:462 444.906,206,180,180,-0.532,0,-0.05,0,0,0,0,1,0,0,0,0,0,0,0,0,0,0,0,0,0,0,0,0,57.787,295.711,31.5,0,0.584,0.204,0.043,0.026,79,121,294,2.5,0,0,0,0,0,0,0,0,0,380

Main.js:462 444.353,206,180,180,-0.553,0,-0.05,0,0,0,0,1,0,0,0,0,0,0,0,0,0,0,0,0,0,0,0,0,58.382,295.931,33,0,0.595,0.22,0.042,0.027,78,123.5,294,2.5,0,0,0,0,0,0,0,0,0,396

Main.js:462 443.78,206,180,180,-0.573,0,-0.05,0,0,0,0,1,0,0,0,0,0,0,0,0,0,0,0,0,0,0,0,0,58.986,296.167,34.5,0,0.604,0.236,0.041,0.028,77,126,294,2.5,0,0,0,0,0,0,0,0,0,413

Main.js:462 443.189,206,180,180,-0.592,0,-0.05,0,0,0,0,1,0,0,0,0,0,0,0,0,0,0,0,0,0,0,0,0,59.598,296.419,36,0,0.613,0.252,0.04,0.029,76,128.5,294,2.5,0,0,0,0,0,0,0,0,0,430

Main.js:462 442.579,206,180,180,-0.609,0,-0.05,0,0,0,0,1,0,0,0,0,0,0,0,0,0,0,0,0,0,0,0,0,60.218,296.688,37.5,0,0.62,0.268,0.04,0.03,75,131,294,2.5,0,0,0,0,0,0,0,0,0,447

Main.js:462 441.953,206,180,180,-0.626,0,-0.05,0,0,0,0,1,0,0,0,0,0,0,0,0,0,0,0,0,0,0,0,0,60.844,296.973,39,0,0.626,0.285,0.039,0.031,74,133.5,294,2.5,0,0,0,0,0,0,0,0,0,463

Main.js:462 441.31,206.001,178.5,178.5,-0.643,0.001,-0.05,0.001,0,1,0,1,0,0,0,0,0,0,0,0,0,0,0,0,0,0,0,0,61.474,297.274,40.5,0,0.63,0.301,0.038,0.032,73,136,294,2.5,0,0,0,0,0,0,0,0,0,480

Main.js:462 440.652,206.005,177,177,-0.658,0.004,-0.05,0.003,0,1,0,1,0,0,0,0,0,0,0,0,0,0,0,0,0,0,0,0,62.108,297.592,42,0,0.634,0.318,0.037,0.033,72,138.5,294,2.5,0,0,0,0,0,0,0,0,0,496

Main.js:462 439.98,206.012,175.5,175.5,-0.672,0.007,-0.05,0.004,0,1,0,1,0,0,0,0,0,0,0,0,0,0,0,0,0,0,0,0,62.745,297.927,43.5,0,0.637,0.335,0.036,0.034,71,141,294,2.5,0,0,0,0,0,0,0,0,0,512

Main.js:462 439.294,206.024,174,174,-0.686,0.012,-0.05,0.005,0,1,0,1,0,0,0,0,0,0,0,0,0,0,0,0,0,0,0,0,63.385,298.278,43.5,358.5,0.64,0.351,0.036,0.034,70,143.5,294,2.5,0,0,0,0,0,0,0,0,0,529

Main.js:462 438.595,206.041,172.5,172.5,-0.699,0.017,-0.05,0.007,0,1,0,1,0,0,0,0,0,0,0,0,0,0,0,0,0,0,0,0,64.027,298.644,43.5,357,0.642,0.366,0.036,0.034,69,146,294,2.5,0,0,0,0,0,0,0,0,0,545

Main.js:462 437.884,206.065,171,171,-0.711,0.024,-0.049,0.008,0,1,0,1,0,0,0,0,0,0,0,0,0,0,0,0,0,0,0,0,64.671,299.025,43.5,355.5,0.644,0.38,0.036,0.034,68,148.5,294,2.5,0,0,0,0,0,0,0,0,0,563

Main.js:462 437.162,206.097,169.5,169.5,-0.722,0.031,-0.049,0.009,0,1,0,1,0,0,0,0,0,0,0,0,0,0,0,0,0,0,0,0,65.318,299.419,43.5,354,0.647,0.394,0.036,0.034,67,151,294,2.5,0,0,0,0,0,0,0,0,0,579

Main.js:462 436.43,206.137,168,168,-0.732,0.04,-0.049,0.01,0,1,0,1,0,0,0,0,0,0,0,0,0,0,0,0,0,0,0,0,65.966,299.826,43.5,352.5,0.649,0.407,0.036,0.034,66,153.5,294,2.5,0,0,0,0,0,0,0,0,0,596

Main.js:462 435.688,206.185,166.5,166.5,-0.742,0.049,-0.049,0.012,0,1,0,1,0,0,0,0,0,0,0,0,0,0,0,0,0,0,0,0,66.617,300.246,43.5,351,0.651,0.419,0.036,0.034,65,156,294,2.5,0,0,0,0,0,0,0,0,0,613

Main.js:462 434.938,206.244,165,165,-0.751,0.059,-0.048,0.013,0,1,0,1,0,0,0,0,0,0,0,0,0,0,0,0,0,0,0,0,67.27,300.677,43.5,349.5,0.653,0.431,0.036,0.034,64,158.5,294,2.5,0,0,0,0,0,0,0,0,0,630

Main.js:462 434.179,206.313,163.5,163.5,-0.759,0.069,-0.048,0.014,0,1,0,1,0,0,0,0,0,0,0,0,0,0,0,0,0,0,0,0,67.924,301.119,43.5,348,0.654,0.442,0.036,0.034,63,161,294,2.5,0,0,0,0,0,0,0,0,0,648

Main.js:462 433.413,206.394,162,162,-0.766,0.08,-0.048,0.015,0,1,0,1,0,0,0,0,0,0,0,0,0,0,0,0,0,0,0,0,68.58,301.572,43.5,346.5,0.656,0.453,0.036,0.034,62,163.5,294,2.5,0,0,0,0,0,0,0,0,0,662

Main.js:462 432.64,206.485,162,162,-0.773,0.091,-0.048,0.015,0,0,0,1,0,0,0,0,0,0,0,0,0,0,0,0,0,0,0,0,69.238,302.035,43.5,345,0.658,0.463,0.036,0.034,61,166,294,2.5,0,0,0,0,0,0,0,0,0,680

Main.js:462 431.861,206.586,162,162,-0.779,0.101,-0.048,0.015,0,0,0,1,0,0,0,0,0,0,0,0,0,0,0,0,0,0,0,0,69.898,302.507,43.5,343.5,0.659,0.473,0.036,0.034,60,168.5,294,2.5,0,0,0,0,0,0,0,0,0,695

Main.js:462 431.075,206.697,162,162,-0.786,0.111,-0.048,0.015,0,0,0,1,0,0,0,0,0,0,0,0,0,0,0,0,0,0,0,0,70.559,302.989,43.5,342,0.661,0.482,0.036,0.034,59,171,294,2.5,0,0,0,0,0,0,0,0,0,712

Main.js:462 430.284,206.817,162,162,-0.791,0.12,-0.048,0.015,0,0,0,1,0,0,0,0,0,0,0,0,0,0,0,0,0,0,0,0,71.221,303.479,43.5,340.5,0.662,0.49,0.036,0.034,58,173.5,294,2.5,0,0,0,0,0,0,0,0,0,729

Main.js:462 429.487,206.946,162,162,-0.797,0.129,-0.048,0.015,0,0,0,1,0,0,0,0,0,0,0,0,0,0,0,0,0,0,0,0,71.885,303.978,43.5,339,0.664,0.498,0.036,0.034,57,176,294,2.5,0,0,0,0,0,0,0,0,0,746

Main.js:462 428.684,207.083,162,162,-0.802,0.137,-0.048,0.015,0,0,0,1,0,0,0,0,0,0,0,0,0,0,0,0,0,0,0,0,72.55,304.484,43.5,337.5,0.665,0.506,0.036,0.034,56,178.5,294,2.5,0,0,0,0,0,0,0,0,0,763

Main.js:462 427.877,207.227,162,162,-0.807,0.145,-0.048,0.015,0,0,0,1,0,0,0,0,0,0,0,0,0,0,0,0,0,0,0,0,73.216,304.997,43.5,336,0.666,0.514,0.036,0.034,55,181,294,2.5,0,0,0,0,0,0,0,0,0,780

Main.js:462 427.065,207.38,162,162,-0.812,0.152,-0.048,0.015,0,0,0,1,0,0,0,0,0,0,0,0,0,0,0,0,0,0,0,0,73.883,305.518,43.5,334.5,0.667,0.521,0.036,0.034,54,183.5,294,2.5,0,0,0,0,0,0,0,0,0,797

Main.js:462 426.248,207.539,162,162,-0.817,0.159,-0.048,0.015,0,0,0,1,0,0,0,0,0,0,0,0,0,0,0,0,0,0,0,0,74.551,306.045,43.5,333,0.668,0.527,0.036,0.034,53,186,294,2.5,0,0,0,0,0,0,0,0,0,812

Main.js:462 425.427,207.705,162,162,-0.821,0.166,-0.048,0.015,0,0,0,1,0,0,0,0,0,0,0,0,0,0,0,0,0,0,0,0,75.221,306.579,43.5,331.5,0.669,0.534,0.036,0.034,52,188.5,294,2.5,0,0,0,0,0,0,0,0,0,832

Main.js:462 424.602,207.877,162,162,-0.825,0.172,-0.048,0.015,0,0,0,1,0,0,0,0,0,0,0,0,0,0,0,0,0,0,0,0,75.891,307.118,43.5,330,0.67,0.54,0.036,0.034,51,191,294,2.5,0,0,0,0,0,0,0,0,0,846

Main.js:462 423.772,208.056,162,162,-0.829,0.178,-0.048,0.015,0,0,0,1,0,0,0,0,0,0,0,0,0,0,0,0,0,0,0,0,76.563,307.664,43.5,328.5,0.671,0.545,0.036,0.034,50,193.5,294,2.5,0,0,0,0,0,0,0,0,0,862

Main.js:462 422.94,208.24,162,162,-0.833,0.184,-0.048,0.015,0,0,0,1,0,0,0,0,0,0,0,0,0,0,0,0,0,0,0,0,77.235,308.214,43.5,327,0.672,0.551,0.036,0.034,49,196,294,2.5,0,0,0,0,0,0,0,0,0,881

Main.js:462 422.103,208.428,163.5,163.5,-0.837,0.188,-0.048,0.014,0,0,1,1,0,0,0,0,0,0,0,0,0,0,0,0,0,0,0,0,77.908,308.77,43.5,325.5,0.673,0.556,0.036,0.034,48,198.5,294,2.5,0,0,0,0,0,0,0,0,0,897

Main.js:462 421.262,208.62,165,165,-0.841,0.191,-0.048,0.013,0,0,1,1,0,0,0,0,0,0,0,0,0,0,0,0,0,0,0,0,78.582,309.331,43.5,324,0.674,0.561,0.036,0.034,47,201,294,2.5,0,0,0,0,0,0,0,0,0,913

Main.js:462 420.417,208.812,166.5,166.5,-0.845,0.193,-0.049,0.012,0,0,1,1,0,0,0,0,0,0,0,0,0,0,0,0,0,0,0,0,79.256,309.897,43.5,322.5,0.675,0.565,0.036,0.034,46,203.5,294,2.5,0,0,0,0,0,0,0,0,0,961

Main.js:462 419.568,209.005,168,168,-0.849,0.193,-0.049,0.01,0,0,1,1,0,0,0,0,0,0,0,0,0,0,0,0,0,0,0,0,79.932,310.466,43.5,321,0.675,0.57,0.036,0.034,45,206,294,2.5,0,0,0,0,0,0,0,0,0,979

Main.js:462 418.714,209.198,169.5,169.5,-0.853,0.192,-0.049,0.009,0,0,1,1,0,0,0,0,0,0,0,0,0,0,0,0,0,0,0,0,80.608,311.04,43.5,319.5,0.676,0.574,0.036,0.034,44,208.5,294,2.5,0,0,0,0,0,0,0,0,0,997

Main.js:462 417.857,209.387,171,171,-0.858,0.19,-0.049,0.008,0,0,1,1,0,0,0,0,0,0,0,0,0,0,0,0,0,0,0,0,81.284,311.619,43.5,318,0.677,0.578,0.036,0.034,43,211,294,2.5,0,0,0,0,0,0,0,0,0,1012

Main.js:462 416.995,209.574,172.5,172.5,-0.862,0.187,-0.05,0.007,0,0,1,1,0,0,0,0,0,0,0,0,0,0,0,0,0,0,0,0,81.963,312.2,42,315,0.678,0.581,0.037,0.033,42,213.5,294,2.5,0,0,0,0,0,0,0,0,0,1029

Main.js:462 416.129,209.756,174,174,-0.866,0.182,-0.05,0.005,0,0,1,1,0,0,0,0,0,0,0,0,0,0,0,0,0,0,0,0,82.643,312.782,40.5,312,0.68,0.583,0.038,0.032,41,216,294,2.5,0,0,0,0,0,0,0,0,0,1046

Main.js:462 415.259,209.933,175.5,175.5,-0.87,0.177,-0.05,0.004,0,0,1,1,0,0,0,0,0,0,0,0,0,0,0,0,0,0,0,0,83.326,313.366,39,309,0.683,0.584,0.039,0.031,40,218.5,294,2.5,0,0,0,0,0,0,0,0,0,1062

Main.js:462 414.385,210.104,177,177,-0.874,0.171,-0.05,0.003,0,0,1,1,0,0,0,0,0,0,0,0,0,0,0,0,0,0,0,0,84.013,313.949,37.5,306,0.687,0.583,0.04,0.03,39,221,294,2.5,0,0,0,0,0,0,0,0,0,1079

Main.js:462 413.507,210.267,178.5,178.5,-0.878,0.163,-0.05,0.001,0,0,1,1,0,0,0,0,0,0,0,0,0,0,0,0,0,0,0,0,84.704,314.531,36,303,0.691,0.582,0.04,0.029,38,223.5,294,2.5,0,0,0,0,0,0,0,0,0,1097

Main.js:462 412.626,210.422,180,180,-0.881,0.155,-0.05,0,0,0,1,1,0,0,0,0,0,0,0,0,0,0,0,0,0,0,0,0,85.399,315.111,34.5,300,0.695,0.58,0.041,0.028,37,226,294,2.5,0,0,0,0,0,0,0,0,0,1114

Main.js:462 411.741,210.568,181.5,181.5,-0.885,0.146,-0.05,-0.001,0,0,1,1,0,0,0,0,0,0,0,0,0,0,0,0,0,0,0,0,86.1,315.688,33,297,0.701,0.577,0.042,0.027,36,228.5,294,2.5,0,0,0,0,0,0,0,0,0,1130

Main.js:462 410.853,210.704,183,183,-0.888,0.136,-0.05,-0.003,0,0,1,1,0,0,0,0,0,0,0,0,0,0,0,0,0,0,0,0,86.806,316.26,31.5,294,0.706,0.573,0.043,0.026,35,231,294,2.5,0,0,0,0,0,0,0,0,0,1146

Main.js:462 409.962,210.83,184.5,184.5,-0.891,0.126,-0.05,-0.004,0,0,1,1,0,0,0,0,0,0,0,0,0,0,0,0,0,0,0,0,87.518,316.828,30,291,0.712,0.568,0.043,0.025,34,233.5,294,2.5,0,0,0,0,0,0,0,0,0,1163

Main.js:462 409.068,210.946,184.5,184.5,-0.894,0.116,-0.05,-0.004,0,0,0,1,0,0,0,0,0,0,0,0,0,0,0,0,0,0,0,0,88.236,317.39,28.5,288,0.718,0.562,0.044,0.024,33,236,294,2.5,0,0,0,0,0,0,0,0,0,1179

Main.js:462 408.172,211.052,184.5,184.5,-0.896,0.106,-0.05,-0.004,0,0,0,1,0,0,0,0,0,0,0,0,0,0,0,0,0,0,0,0,88.96,317.946,27,285,0.724,0.556,0.045,0.023,32,238.5,294,2.5,0,0,0,0,0,0,0,0,0,1196

Main.js:462 407.273,211.149,184.5,184.5,-0.899,0.097,-0.05,-0.004,0,0,0,1,0,0,0,0,0,0,0,0,0,0,0,0,0,0,0,0,89.691,318.494,25.5,282,0.731,0.548,0.045,0.022,31,241,294,2.5,0,0,0,0,0,0,0,0,0,1212

Main.js:462 406.371,211.238,184.5,184.5,-0.901,0.089,-0.05,-0.004,0,0,0,1,0,0,0,0,0,0,0,0,0,0,0,0,0,0,0,0,90.429,319.034,24,279,0.738,0.54,0.046,0.02,30,243.5,294,2.5,0,0,0,0,0,0,0,0,0,1231

Main.js:462 405.468,211.318,184.5,184.5,-0.904,0.08,-0.05,-0.004,0,0,0,1,0,0,0,0,0,0,0,0,0,0,0,0,0,0,0,0,91.174,319.565,22.5,276,0.745,0.531,0.046,0.019,29,246,294,2.5,0,0,0,0,0,0,0,0,0,1245

Main.js:462 404.562,211.391,184.5,184.5,-0.906,0.073,-0.05,-0.004,0,0,0,1,0,0,0,0,0,0,0,0,0,0,0,0,0,0,0,0,91.926,320.087,21,273,0.752,0.522,0.047,0.018,28,248.5,294,2.5,0,0,0,0,0,0,0,0,0,1262

Main.js:462 403.654,211.456,184.5,184.5,-0.908,0.065,-0.05,-0.004,0,0,0,1,0,0,0,0,0,0,0,0,0,0,0,0,0,0,0,0,92.685,320.599,19.5,270,0.759,0.512,0.047,0.017,27,251,294,2.5,0,0,0,0,0,0,0,0,0,1278

Main.js:462 402.744,211.515,184.5,184.5,-0.91,0.058,-0.05,-0.004,0,0,0,1,0,0,0,0,0,0,0,0,0,0,0,0,0,0,0,0,93.452,321.099,18,267,0.766,0.501,0.048,0.015,26,253.5,294,2.5,0,0,0,0,0,0,0,0,0,1296

Main.js:462 401.832,211.566,184.5,184.5,-0.912,0.052,-0.05,-0.004,0,0,0,1,0,0,0,0,0,0,0,0,0,0,0,0,0,0,0,0,94.225,321.588,16.5,264,0.774,0.489,0.048,0.014,25,256,294,2.5,0,0,0,0,0,0,0,0,0,1313

Main.js:462 400.919,211.612,184.5,184.5,-0.913,0.045,-0.05,-0.004,0,0,0,1,0,0,0,0,0,0,0,0,0,0,0,0,0,0,0,0,95.006,322.065,15,261,0.781,0.477,0.048,0.013,24,258.5,294,2.5,0,0,0,0,0,0,0,0,0,1329

Main.js:462 400.004,211.651,184.5,184.5,-0.915,0.039,-0.05,-0.004,0,0,0,1,0,0,0,0,0,0,0,0,0,0,0,0,0,0,0,0,95.794,322.529,13.5,258,0.788,0.464,0.049,0.012,23,261,294,2.5,0,0,0,0,0,0,0,0,0,1346

Main.js:462 399.087,211.685,184.5,184.5,-0.917,0.034,-0.05,-0.004,0,0,0,1,0,0,0,0,0,0,0,0,0,0,0,0,0,0,0,0,96.589,322.98,12,255,0.795,0.451,0.049,0.01,22,263.5,294,2.5,0,0,0,0,0,0,0,0,0,1362

Main.js:462 398.169,211.713,184.5,184.5,-0.918,0.028,-0.05,-0.004,0,0,0,1,0,0,0,0,0,0,0,0,0,0,0,0,0,0,0,0,97.391,323.417,10.5,252,0.802,0.437,0.049,0.009,21,266,294,2.5,0,0,0,0,0,0,0,0,0,1380

Main.js:462 397.249,211.736,184.5,184.5,-0.92,0.023,-0.05,-0.004,0,0,0,1,0,0,0,0,0,0,0,0,0,0,0,0,0,0,0,0,98.2,323.84,9,249,0.809,0.423,0.049,0.008,20,268.5,294,2.5,0,0,0,0,0,0,0,0,0,1397

Main.js:462 396.328,211.754,184.5,184.5,-0.921,0.018,-0.05,-0.004,0,0,0,1,0,0,0,0,0,0,0,0,0,0,0,0,0,0,0,0,99.015,324.247,7.5,246,0.815,0.408,0.05,0.007,19,271,294,2.5,0,0,0,0,0,0,0,0,0,1413

Main.js:462 395.405,211.768,184.5,184.5,-0.922,0.014,-0.05,-0.004,0,0,0,1,0,0,0,0,0,0,0,0,0,0,0,0,0,0,0,0,99.837,324.639,6,243,0.822,0.392,0.05,0.005,18,273.5,294,2.5,0,0,0,0,0,0,0,0,0,1428

Main.js:462 394.482,211.777,184.5,184.5,-0.924,0.009,-0.05,-0.004,0,0,0,1,0,0,0,0,0,0,0,0,0,0,0,0,0,0,0,0,100.665,325.016,4.5,240,0.828,0.376,0.05,0.004,17,276,294,2.5,0,0,0,0,0,0,0,0,0,1445

Main.js:462 393.557,211.782,184.5,184.5,-0.925,0.005,-0.05,-0.004,0,0,0,1,0,0,0,0,0,0,0,0,0,0,0,0,0,0,0,0,101.5,325.376,3,237,0.834,0.36,0.05,0.003,16,278.5,294,2.5,0,0,0,0,0,0,0,0,0,1464

Main.js:462 392.631,211.783,184.5,184.5,-0.926,0.001,-0.05,-0.004,0,0,0,1,0,0,0,0,0,0,0,0,0,0,0,0,0,0,0,0,102.34,325.719,1.5,234,0.84,0.343,0.05,0.001,15,281,294,2.5,0,0,0,0,0,0,0,0,0,1480

Main.js:462 391.704,211.78,184.5,184.5,-0.927,-0.003,-0.05,-0.004,0,0,0,1,0,0,0,0,0,0,0,0,0,0,0,0,0,0,0,0,103.185,326.045,0,231,0.845,0.326,0.05,0,14,283.5,294,2.5,0,0,0,0,0,0,0,0,0,1495

Main.js:462 390.776,211.774,184.5,184.5,-0.928,-0.006,-0.05,-0.004,0,0,0,1,0,0,0,0,0,0,0,0,0,0,0,0,0,0,0,0,104.036,326.353,358.5,228,0.851,0.309,0.05,-0.001,13,286,294,2.5,0,0,0,0,0,0,0,0,0,1513

Main.js:462 389.847,211.764,184.5,184.5,-0.929,-0.01,-0.05,-0.004,0,0,0,1,0,0,0,0,0,0,0,0,0,0,0,0,0,0,0,0,104.891,326.644,357,225,0.856,0.291,0.05,-0.003,12,288.5,294,2.5,0,0,0,0,0,0,0,0,0,1530

Main.js:462 388.918,211.751,184.5,184.5,-0.93,-0.013,-0.05,-0.004,0,0,0,1,0,0,0,0,0,0,0,0,0,0,0,0,0,0,0,0,105.752,326.916,355.5,222,0.86,0.272,0.05,-0.004,11,291,294,2.5,0,0,0,0,0,0,0,0,0,1545

Main.js:462 387.987,211.735,184.5,184.5,-0.931,-0.016,-0.05,-0.004,0,0,0,1,0,0,0,0,0,0,0,0,0,0,0,0,0,0,0,0,106.616,327.17,354,219,0.864,0.254,0.05,-0.005,10,293.5,294,2.5,0,0,0,0,0,0,0,0,0,1563

Main.js:462 387.055,211.716,184.5,184.5,-0.932,-0.019,-0.05,-0.004,0,0,0,1,0,0,0,0,0,0,0,0,0,0,0,0,0,0,0,0,107.484,327.405,352.5,216,0.868,0.235,0.05,-0.007,9,296,294,2.5,0,0,0,0,0,0,0,0,0,1580

Main.js:462 386.123,211.695,184.5,184.5,-0.932,-0.022,-0.05,-0.004,0,0,0,1,0,0,0,0,0,0,0,0,0,0,0,0,0,0,0,0,108.356,327.621,351,213,0.872,0.216,0.049,-0.008,8,298.5,294,2.5,0,0,0,0,0,0,0,0,0,1595

Main.js:462 385.19,211.67,184.5,184.5,-0.933,-0.024,-0.05,-0.004,0,0,0,1,0,0,0,0,0,0,0,0,0,0,0,0,0,0,0,0,109.231,327.817,349.5,210,0.875,0.196,0.049,-0.009,7,301,294,2.5,0,0,0,0,0,0,0,0,0,1613

Main.js:462 384.256,211.643,184.5,184.5,-0.934,-0.027,-0.05,-0.004,0,0,0,1,0,0,0,0,0,0,0,0,0,0,0,0,0,0,0,0,110.108,327.993,348,207,0.878,0.177,0.049,-0.01,6,303.5,294,2.5,0,0,0,0,0,0,0,0,0,1630

Main.js:462 383.322,211.614,184.5,184.5,-0.934,-0.029,-0.05,-0.004,0,0,0,1,0,0,0,0,0,0,0,0,0,0,0,0,0,0,0,0,110.988,328.15,346.5,204,0.88,0.157,0.049,-0.012,5,306,294,2.5,0,0,0,0,0,0,0,0,0,1645

Main.js:462 382.387,211.582,184.5,184.5,-0.935,-0.032,-0.05,-0.004,0,0,0,1,0,0,0,0,0,0,0,0,0,0,0,0,0,0,0,0,111.87,328.287,345,201,0.882,0.137,0.048,-0.013,4,308.5,294,2.5,0,0,0,0,0,0,0,0,0,1662

Main.js:462 381.451,211.549,184.5,184.5,-0.936,-0.034,-0.05,-0.004,0,0,0,1,0,0,0,0,0,0,0,0,0,0,0,0,0,0,0,0,112.753,328.403,343.5,198,0.883,0.116,0.048,-0.014,3,311,294,2.5,0,0,0,0,0,0,0,0,0,1679

Main.js:462 380.515,211.513,184.5,184.5,-0.936,-0.036,-0.05,-0.004,0,0,0,1,0,0,0,0,0,0,0,0,0,0,0,0,0,0,0,0,113.638,328.499,342,195,0.884,0.096,0.048,-0.015,2,313.5,294,2.5,0,0,0,0,0,0,0,0,0,1696

Main.js:462 379.578,211.475,184.5,184.5,-0.937,-0.038,-0.05,-0.004,0,0,0,1,0,0,0,0,0,0,0,0,0,0,0,0,0,0,0,0,114.523,328.574,340.5,192,0.885,0.075,0.047,-0.017,1,316,294,2.5,0,0,0,0,0,0,0,0,0,1713

Main.js:462 378.641,211.436,184.5,184.5,-0.937,-0.04,-0.05,-0.004,0,0,0,1,0,0,0,0,0,0,0,0,0,0,0,0,0,0,0,0,115.407,328.628,339,189,0.885,0.054,0.047,-0.018,0,318.5,294,2.5,0,0,0,0,0,0,0,0,0,1731

Main.js:462 377.703,211.396,183,183,-0.938,-0.04,-0.05,-0.003,0,1,0,1,0,0,0,0,0,0,0,0,0,0,0,0,0,0,0,0,116.292,328.661,337.5,186,0.885,0.033,0.046,-0.019,99,321,294,2.5,0,0,0,0,0,0,0,0,0,1747

Main.js:462 376.765,211.356,181.5,181.5,-0.938,-0.039,-0.05,-0.001,0,1,0,1,0,0,0,0,0,0,0,0,0,0,0,0,0,0,0,0,117.176,328.674,336,183,0.884,0.012,0.046,-0.02,98,323.5,294,2.5,0,92.036,326.172,-2.486,-0.261,0,0,0,0,1762

Main.js:462 375.826,211.319,180,180,-0.939,-0.037,-0.05,0,0,1,0,1,0,0,0,0,0,0,0,0,0,0,0,0,0,0,0,0,118.058,328.665,334.5,180,0.882,-0.009,0.045,-0.022,97,326,294,2.5,0,89.55,325.91,-2.486,-0.261,0,0,0,0,1781

Main.js:462 374.886,211.285,178.5,178.5,-0.94,-0.034,-0.05,0.001,0,1,0,1,0,0,0,0,0,0,0,0,0,0,0,0,0,0,0,0,118.939,328.635,333,177,0.881,-0.03,0.045,-0.023,96,328.5,294,2.5,0,87.064,325.649,-2.486,-0.261,0,0,0,0,1795

Main.js:462 373.946,211.254,178.5,178.5,-0.94,-0.031,-0.05,0.001,0,0,0,1,0,0,0,0,0,0,0,0,0,0,0,0,0,0,0,0,119.817,328.584,331.5,174,0.878,-0.051,0.044,-0.024,95,331,294,2.5,0,84.577,325.388,-2.486,-0.261,0,0,0,0,1813

Main.js:462 373.006,211.225,178.5,178.5,-0.941,-0.028,-0.05,0.001,0,0,0,1,0,0,0,0,0,0,0,0,0,0,0,0,0,0,0,0,120.693,328.512,330,171,0.876,-0.072,0.043,-0.025,94,333.5,294,2.5,0,82.091,325.126,-2.486,-0.261,0,0,0,0,1830

Main.js:462 372.065,211.2,178.5,178.5,-0.941,-0.026,-0.05,0.001,0,0,0,1,0,0,0,0,0,0,0,0,0,0,0,0,0,0,0,0,121.565,328.419,328.5,168,0.872,-0.093,0.043,-0.026,93,336,294,2.5,0,79.605,324.865,-2.486,-0.261,0,0,0,0,1845

Main.js:462 371.123,211.176,178.5,178.5,-0.941,-0.023,-0.05,0.001,0,0,0,1,0,0,0,0,0,0,0,0,0,0,0,0,0,0,0,0,122.433,328.304,327,165,0.868,-0.115,0.042,-0.027,92,338.5,294,2.5,0,77.118,324.604,-2.486,-0.261,0,0,0,0,1863

Main.js:462 370.181,211.155,178.5,178.5,-0.942,-0.021,-0.05,0.001,0,0,0,1,0,0,0,0,0,0,0,0,0,0,0,0,0,0,0,0,123.298,328.169,325.5,162,0.864,-0.136,0.041,-0.028,91,341,294,2.5,0,74.632,324.342,-2.486,-0.261,0,0,0,0,1879

Main.js:462 369.239,211.137,178.5,178.5,-0.942,-0.019,-0.05,0.001,0,0,0,1,0,0,0,0,0,0,0,0,0,0,0,0,0,0,0,0,124.157,328.012,324,159,0.859,-0.157,0.04,-0.029,90,343.5,294,2.5,0,72.146,324.081,-2.486,-0.261,0,0,0,0,1895

Main.js:462 368.297,211.12,178.5,178.5,-0.943,-0.016,-0.05,0.001,0,0,0,1,0,0,0,0,0,0,0,0,0,0,0,0,0,0,0,0,125.011,327.834,322.5,156,0.854,-0.178,0.04,-0.03,89,346,294,2.5,0,69.659,323.82,-2.486,-0.261,0,0,0,0,1947

Main.js:462 367.354,211.107,177,177,-0.943,-0.013,-0.05,0.003,0,1,0,1,0,0,0,0,0,0,0,0,0,0,0,0,0,0,0,0,125.86,327.635,321,153,0.848,-0.199,0.039,-0.031,88,348.5,294,2.5,0,67.173,323.558,-2.486,-0.261,0,0,0,0,1978

Main.js:462 366.411,211.099,175.5,175.5,-0.943,-0.009,-0.05,0.004,0,1,0,1,0,0,0,0,0,0,0,0,0,0,0,0,0,0,0,0,126.702,327.415,319.5,150,0.842,-0.22,0.038,-0.032,87,351,294,2.5,0,64.687,323.297,-2.486,-0.261,0,0,0,0,1995

Main.js:462 365.467,211.095,174,174,-0.943,-0.003,-0.05,0.005,0,1,0,1,0,0,0,0,0,0,0,0,0,0,0,0,0,0,0,0,127.537,327.174,318,147,0.835,-0.241,0.037,-0.033,86,353.5,294,2.5,0,62.201,323.036,-2.486,-0.261,0,0,0,0,2013

Main.js:462 364.524,211.098,172.5,172.5,-0.943,0.003,-0.05,0.007,0,1,0,1,0,0,0,0,0,0,0,0,0,0,0,0,0,0,0,0,128.367,326.915,319.5,147,0.83,-0.259,0.038,-0.032,85,356,294,2.5,0,59.714,322.774,-2.486,-0.261,0,0,0,0,2029

Main.js:462 363.581,211.109,171,171,-0.943,0.01,-0.049,0.008,0,1,0,1,0,0,0,0,0,0,0,0,0,0,0,0,0,0,0,0,129.192,326.638,321,147,0.825,-0.276,0.039,-0.031,84,358.5,294,2.5,0,57.228,322.513,-2.486,-0.261,0,0,0,0,2045

Main.js:462 362.639,211.127,169.5,169.5,-0.942,0.018,-0.049,0.009,0,1,0,1,0,0,0,0,0,0,0,0,0,0,0,0,0,0,0,0,130.013,326.347,322.5,147,0.821,-0.291,0.04,-0.03,83,361,294,2.5,0,54.742,322.252,-2.486,-0.261,0,0,0,0,2063

Main.js:462 361.697,211.155,168,168,-0.942,0.027,-0.049,0.01,0,1,0,1,0,0,0,0,0,0,0,0,0,0,0,0,0,0,0,0,130.832,326.042,324,147,0.819,-0.305,0.04,-0.029,82,363.5,294,2.5,0,52.255,321.99,-2.486,-0.261,0,0,0,0,2080

Main.js:462 360.756,211.192,166.5,166.5,-0.941,0.037,-0.049,0.012,0,1,0,1,0,0,0,0,0,0,0,0,0,0,0,0,0,0,0,0,131.649,325.726,325.5,147,0.817,-0.316,0.041,-0.028,81,366,294,2.5,0,49.769,321.729,-2.486,-0.261,0,0,0,0,2096

Main.js:462 359.817,211.239,165,165,-0.94,0.048,-0.048,0.013,0,1,0,1,0,0,0,0,0,0,0,0,0,0,0,0,0,0,0,0,132.465,325.399,327,147,0.816,-0.327,0.042,-0.027,80,368.5,294,2.5,0,47.283,321.468,-2.486,-0.261,0,0,0,0,2112

Main.js:462 358.878,211.298,163.5,163.5,-0.938,0.059,-0.048,0.014,0,1,0,1,0,0,0,0,0,0,0,0,0,0,0,0,0,0,0,0,133.281,325.064,328.5,147,0.816,-0.335,0.043,-0.026,79,371,294,2.5,0,44.796,321.206,-2.486,-0.261,0,0,0,0,2129

Main.js:462 357.942,211.369,162,162,-0.937,0.07,-0.048,0.015,0,1,0,1,0,0,0,0,0,0,0,0,0,0,0,0,0,0,0,0,134.097,324.722,330,147,0.816,-0.342,0.043,-0.025,78,373.5,294,2.5,0,42.31,320.945,-2.486,-0.261,0,0,0,0,2145

Main.js:462 357.007,211.451,160.5,160.5,-0.934,0.083,-0.047,0.017,0,1,0,1,0,0,0,0,0,0,0,0,0,0,0,0,0,0,0,0,134.914,324.374,331.5,147,0.817,-0.348,0.044,-0.024,77,376,294,2.5,0,39.824,320.684,-2.486,-0.261,0,0,0,0,2162

Main.js:462 356.075,211.547,159,159,-0.932,0.096,-0.047,0.018,0,1,0,1,0,0,0,0,0,0,0,0,0,0,0,0,0,0,0,0,135.732,324.023,333,147,0.818,-0.352,0.045,-0.023,76,378.5,294,2.5,0,37.337,320.422,-2.486,-0.261,0,0,0,0,2179

Main.js:462 355.146,211.656,157.5,157.5,-0.929,0.109,-0.046,0.019,0,1,0,1,0,0,0,0,0,0,0,0,0,0,0,0,0,0,0,0,136.553,323.668,334.5,147,0.82,-0.355,0.045,-0.022,75,381,294,2.5,0,34.851,320.161,-2.486,-0.261,0,0,0,0,2195

Main.js:462 354.219,211.778,157.5,157.5,-0.927,0.122,-0.046,0.019,0,0,0,1,0,0,0,0,0,0,0,0,0,0,0,0,0,0,0,0,137.375,323.312,336,147,0.823,-0.356,0.046,-0.02,74,383.5,294,2.5,0,32.365,319.9,-2.486,-0.261,0,0,0,0,2212

Main.js:462 353.295,211.912,157.5,157.5,-0.924,0.134,-0.046,0.019,0,0,0,1,0,0,0,0,0,0,0,0,0,0,0,0,0,0,0,0,138.201,322.955,337.5,147,0.826,-0.357,0.046,-0.019,73,386,294,2.5,0,29.879,319.639,-2.486,-0.261,0,0,0,0,2228

Main.js:462 352.373,212.057,157.5,157.5,-0.922,0.145,-0.046,0.019,0,0,0,1,0,0,0,0,0,0,0,0,0,0,0,0,0,0,0,0,139.03,322.599,339,147,0.829,-0.356,0.047,-0.018,72,388.5,294,2.5,0,27.392,319.377,-2.486,-0.261,0,0,0,0,2246

Main.js:462 351.453,212.213,157.5,157.5,-0.92,0.156,-0.046,0.019,0,0,0,1,0,0,0,0,0,0,0,0,0,0,0,0,0,0,0,0,139.862,322.246,340.5,147,0.832,-0.354,0.047,-0.017,71,391,294,2.5,0,24.906,319.116,-2.486,-0.261,0,0,0,0,2263

Main.js:462 350.535,212.38,157.5,157.5,-0.918,0.167,-0.046,0.019,0,0,0,1,0,0,0,0,0,0,0,0,0,0,0,0,0,0,0,0,140.697,321.895,342,147,0.836,-0.351,0.048,-0.015,70,393.5,294,2.5,0,22.42,318.855,-2.486,-0.261,0,0,0,0,2280

Main.js:462 349.619,212.556,157.5,157.5,-0.916,0.176,-0.046,0.019,0,0,0,1,0,0,0,0,0,0,0,0,0,0,0,0,0,0,0,0,141.536,321.548,343.5,147,0.839,-0.347,0.048,-0.014,69,396,294,2.5,0,19.933,318.593,-2.486,-0.261,0,0,0,0,2297

Main.js:462 348.706,212.742,157.5,157.5,-0.914,0.186,-0.046,0.019,0,0,0,1,0,0,0,0,0,0,0,0,0,0,0,0,0,0,0,0,142.38,321.206,345,147,0.843,-0.342,0.048,-0.013,68,398.5,294,2.5,0,17.447,318.332,-2.486,-0.261,0,0,0,0,2312

Main.js:462 347.794,212.937,157.5,157.5,-0.912,0.195,-0.046,0.019,0,0,0,1,0,0,0,0,0,0,0,0,0,0,0,0,0,0,0,0,143.227,320.871,346.5,147,0.847,-0.336,0.049,-0.012,67,401,294,2.5,0,14.961,318.071,-2.486,-0.261,0,0,0,0,2329

Main.js:462 346.883,213.14,157.5,157.5,-0.91,0.203,-0.046,0.019,0,0,0,1,0,0,0,0,0,0,0,0,0,0,0,0,0,0,0,0,144.078,320.542,348,147,0.851,-0.329,0.049,-0.01,66,403.5,294,2.5,0,12.474,317.809,-2.486,-0.261,0,0,0,0,2346

Main.js:462 345.975,213.351,157.5,157.5,-0.909,0.211,-0.046,0.019,0,0,0,1,0,0,0,0,0,0,0,0,0,0,0,0,0,0,0,0,144.934,320.221,349.5,147,0.855,-0.321,0.049,-0.009,65,406,294,2.5,0,9.988,317.548,-2.486,-0.261,0,0,0,0,2361

Main.js:462 345.068,213.57,157.5,157.5,-0.907,0.219,-0.046,0.019,0,0,0,1,0,0,0,0,0,0,0,0,0,0,0,0,0,0,0,0,145.793,319.908,351,147,0.86,-0.312,0.049,-0.008,64,408.5,294,2.5,0,7.502,317.287,-2.486,-0.261,0,0,0,0,2379

Main.js:462 344.162,213.796,157.5,157.5,-0.906,0.226,-0.046,0.019,0,0,0,1,0,0,0,0,0,0,0,0,0,0,0,0,0,0,0,0,146.657,319.605,352.5,147,0.864,-0.303,0.05,-0.007,63,411,294,2.5,0,5.016,317.025,-2.486,-0.261,0,0,0,0,2396

Main.js:462 343.258,214.029,157.5,157.5,-0.904,0.233,-0.046,0.019,0,0,0,1,0,0,0,0,0,0,0,0,0,0,0,0,0,0,0,0,147.525,319.312,354,147,0.868,-0.293,0.05,-0.005,62,413.5,294,2.5,0,2.529,316.764,-2.486,-0.261,0,0,0,0,2412

Main.js:462 342.355,214.269,157.5,157.5,-0.903,0.239,-0.046,0.019,0,0,0,1,0,0,0,0,0,0,0,0,0,0,0,0,0,0,0,0,148.397,319.031,355.5,147,0.872,-0.282,0.05,-0.004,61,416,294,2.5,0,0.043,316.503,-2.486,-0.261,0,0,0,0,2428

Main.js:462 341.453,214.514,157.5,157.5,-0.902,0.246,-0.046,0.019,0,0,0,1,0,0,0,0,0,0,0,0,0,0,0,0,0,0,0,0,149.272,318.76,357,147,0.876,-0.27,0.05,-0.003,60,418.5,294,2.5,0,0,0,0,0,0,0,0,0,2445

Main.js:462 340.553,214.766,157.5,157.5,-0.9,0.252,-0.046,0.019,99,0,0,1,0,1,0,0,0,0,0,0,0,0,0,0,0,0,0,0,150.152,318.502,358.5,147,0.879,-0.258,0.05,-0.001,59,421,294,2.5,0,0,0,0,0,0,0,0,0,2462

Main.js:462 339.653,215.023,157.5,157.5,-0.899,0.257,-0.046,0.019,98,0,0,1,0,1,0,0,319.742,223.507,-2.31,0.957,0,0,0,0,0,0,0,0,151.034,318.257,0,147,0.883,-0.245,0.05,0,58,423.5,294,2.5,0,0,0,0,0,0,0,0,0,2480

Main.js:462 338.755,215.285,157.5,157.5,-0.898,0.262,-0.046,0.019,97,0,0,1,0,1,0,0,317.432,224.464,-2.31,0.957,0,0,0,0,0,0,0,0,151.921,318.025,1.5,147,0.886,-0.232,0.05,0.001,57,426,294,2.5,0,0,0,0,0,0,0,0,0,2495

Main.js:462 337.858,215.553,157.5,157.5,-0.897,0.268,-0.046,0.019,96,0,0,1,0,1,0,0,315.123,225.421,-2.31,0.957,0,0,0,0,0,0,0,0,152.81,317.808,3,147,0.889,-0.218,0.05,0.003,56,428.5,294,2.5,0,0,0,0,0,0,0,0,0,2513

Main.js:462 336.962,215.825,157.5,157.5,-0.896,0.272,-0.046,0.019,95,0,0,1,0,1,0,0,312.813,226.377,-2.31,0.957,0,0,0,0,0,0,0,0,153.702,317.604,3,145.5,0.892,-0.204,0.05,0.003,55,431,294,2.5,0,0,0,0,0,0,0,0,0,2529

Main.js:462 336.067,216.103,156,156,-0.895,0.278,-0.046,0.02,94,1,0,1,0,1,0,0,310.503,227.334,-2.31,0.957,0,0,0,0,0,0,0,0,154.597,317.412,3,144,0.895,-0.191,0.05,0.003,54,433.5,294,2.5,0,0,0,0,0,0,0,0,0,2545

Main.js:462 335.174,216.388,154.5,154.5,-0.893,0.285,-0.045,0.022,93,1,0,1,0,1,0,0,308.194,228.291,-2.31,0.957,0,0,0,0,0,0,0,0,155.495,317.233,3,142.5,0.898,-0.179,0.05,0.003,53,436,294,2.5,0,0,0,0,0,0,0,0,0,2563

Main.js:462 334.283,216.68,153,153,-0.891,0.292,-0.045,0.023,92,1,0,1,0,0,0,0,305.884,229.247,-2.31,0.957,0,0,0,0,0,0,0,0,156.395,317.065,3,141,0.9,-0.168,0.05,0.003,52,438.5,294,2.5,0,0,0,0,0,0,0,0,0,2580

Main.js:462 333.396,216.98,151.5,151.5,-0.888,0.3,-0.044,0.024,91,1,0,1,0,0,0,0,303.574,230.204,-2.31,0.957,0,0,0,0,0,0,0,0,157.298,316.908,3,139.5,0.903,-0.157,0.05,0.003,51,441,294,2.5,0,0,0,0,0,0,0,0,0,2595

Main.js:462 332.51,217.287,151.5,151.5,-0.885,0.308,-0.044,0.024,90,0,0,1,0,0,0,0,301.264,231.161,-2.31,0.957,0,0,0,0,0,0,0,0,158.203,316.761,3,138,0.905,-0.147,0.05,0.003,50,443.5,294,2.5,0,0,0,0,0,0,0,0,0,2615

Main.js:462 331.628,217.602,151.5,151.5,-0.883,0.315,-0.044,0.024,89,0,0,1,0,0,0,0,298.955,232.118,-2.31,0.957,0,0,0,0,0,0,0,0,159.11,316.624,3,136.5,0.907,-0.137,0.05,0.003,49,446,294,2.5,0,0,0,0,0,0,0,0,0,2630

Main.js:462 330.748,217.924,151.5,151.5,-0.88,0.322,-0.044,0.024,88,0,0,1,0,0,0,0,296.645,233.074,-2.31,0.957,0,0,0,0,0,0,0,0,160.02,316.496,3,135,0.909,-0.128,0.05,0.003,48,448.5,294,2.5,0,0,0,0,0,0,0,0,0,2646

Main.js:462 329.87,218.252,151.5,151.5,-0.878,0.328,-0.044,0.024,87,0,0,1,0,1,0,0,294.335,234.031,-2.31,0.957,0,0,0,0,0,0,0,0,160.931,316.378,3,133.5,0.911,-0.119,0.05,0.003,47,451,294,2.5,0,0,0,0,0,0,0,0,0,2664

Main.js:462 328.994,218.587,151.5,151.5,-0.876,0.335,-0.044,0.024,86,0,0,1,0,1,0,0,292.026,234.988,-2.31,0.957,0,0,0,0,0,0,0,0,161.844,316.267,3,132,0.913,-0.11,0.05,0.003,46,453.5,294,2.5,0,0,0,0,0,0,0,0,0,2679

Main.js:462 328.12,218.928,151.5,151.5,-0.874,0.341,-0.044,0.024,85,0,0,1,0,1,0,0,289.716,235.944,-2.31,0.957,0,0,0,0,0,0,0,0,162.759,316.165,3,130.5,0.915,-0.102,0.05,0.003,45,456,294,2.5,0,0,0,0,0,0,0,0,0,2696

Main.js:462 327.248,219.274,151.5,151.5,-0.872,0.346,-0.044,0.024,84,0,0,1,0,1,0,0,287.406,236.901,-2.31,0.957,0,0,0,0,0,0,0,0,163.676,316.07,3,129,0.917,-0.095,0.05,0.003,44,458.5,294,2.5,0,0,0,0,0,0,0,0,0,2712

Main.js:462 326.378,219.626,151.5,151.5,-0.87,0.352,-0.044,0.024,83,0,0,1,0,1,0,0,285.097,237.858,-2.31,0.957,0,0,0,0,0,0,0,0,164.594,315.983,3,127.5,0.918,-0.087,0.05,0.003,43,461,294,2.5,0,0,0,0,0,0,0,0,0,2729

Main.js:462 325.51,219.982,151.5,151.5,-0.868,0.357,-0.044,0.024,82,0,0,1,0,1,0,0,282.787,238.815,-2.31,0.957,0,0,0,0,0,0,0,0,165.514,315.902,3,126,0.92,-0.081,0.05,0.003,42,463.5,294,2.5,0,0,0,0,0,0,0,0,0,2745

Main.js:462 324.643,220.344,151.5,151.5,-0.867,0.361,-0.044,0.024,81,0,0,1,0,0,0,0,280.477,239.771,-2.31,0.957,0,0,0,0,0,0,0,0,166.435,315.828,3,124.5,0.921,-0.074,0.05,0.003,41,466,294,2.5,0,0,0,0,0,0,0,0,0,2762

Main.js:462 323.82,220.687,151.5,151.5,-0.823,0.343,0,0,80,0,0,0,0,0,0,0,278.167,240.728,-2.31,0.957,0,0,0,0,0,0,0,0,167.357,315.76,3,123,0.923,-0.068,0.05,0.003,40,468.5,294,2.5,0,0,0,0,0,0,0,0,0,2780

Main.js:462 323.038,221.013,151.5,151.5,-0.782,0.326,0,0,79,0,0,0,0,0,0,0,275.858,241.685,-2.31,0.957,0,0,0,0,0,0,0,0,168.281,315.698,3,121.5,0.924,-0.062,0.05,0.003,39,471,294,2.5,0,0,0,0,0,0,0,0,0,2795

Main.js:462 322.295,221.323,151.5,151.5,-0.743,0.31,0,0,78,0,0,0,0,0,0,0,273.548,242.641,-2.31,0.957,0,0,0,0,0,0,0,0,169.206,315.642,3,120,0.925,-0.056,0.05,0.003,38,473.5,294,2.5,0,0,0,0,0,0,0,0,0,2811

Main.js:462 321.589,221.618,151.5,151.5,-0.706,0.294,0,0,77,0,0,0,0,0,0,0,271.238,243.598,-2.31,0.957,0,0,0,0,0,0,0,0,170.133,315.591,3,118.5,0.926,-0.051,0.05,0.003,37,476,294,2.5,0,0,0,0,0,0,0,0,0,2831

Main.js:462 320.919,221.897,151.5,151.5,-0.671,0.28,0,0,76,0,0,0,0,1,0,0,268.929,244.555,-2.31,0.957,0,0,0,0,0,0,0,0,171.06,315.545,3,117,0.927,-0.046,0.05,0.003,36,478.5,294,2.5,0,0,0,0,0,0,0,0,0,2845

Main.js:462 320.282,222.163,151.5,151.5,-0.637,0.266,0,0,75,0,0,0,0,1,0,0,266.619,245.512,-2.31,0.957,0,0,0,0,0,0,0,0,171.988,315.503,3,115.5,0.928,-0.041,0.05,0.003,35,481,294,2.5,0,0,0,0,0,0,0,0,0,2862

Main.js:462 319.676,222.416,151.5,151.5,-0.605,0.252,0,0,74,0,0,0,0,1,0,0,264.309,246.468,-2.31,0.957,0,0,0,0,0,0,0,0,172.918,315.467,3,114,0.929,-0.037,0.05,0.003,34,483.5,294,2.5,0,0,0,0,0,0,0,0,0,2878

Main.js:462 319.101,222.655,151.5,151.5,-0.575,0.24,0,0,73,0,0,0,0,1,0,0,262,247.425,-2.31,0.957,0,0,0,0,0,0,0,0,173.848,315.434,3,112.5,0.93,-0.032,0.05,0.003,33,486,294,2.5,0,0,0,0,0,0,0,0,0,2896

Main.js:462 318.555,222.883,151.5,151.5,-0.546,0.228,0,0,72,0,0,0,0,1,0,0,259.69,248.382,-2.31,0.957,0,0,0,0,0,0,0,0,174.78,315.406,3,111,0.931,-0.028,0.05,0.003,32,488.5,294,2.5,0,0,0,0,0,0,0,0,0,2914

Main.js:462 318.036,223.1,151.5,151.5,-0.519,0.216,0,0,71,0,0,0,0,0,0,0,257.38,249.338,-2.31,0.957,0,0,0,0,0,0,0,0,175.712,315.381,3,109.5,0.932,-0.024,0.05,0.003,31,491,294,2.5,0,0,0,0,0,0,0,0,0,2929

Main.js:462 317.544,223.305,151.5,151.5,-0.493,0.206,0,0,70,0,0,0,0,0,0,0,255.07,250.295,-2.31,0.957,0,0,0,0,0,0,0,0,176.645,315.361,3,108,0.933,-0.021,0.05,0.003,30,493.5,294,2.5,0,0,0,0,0,0,0,0,0,2946

Main.js:462 317.075,223.501,151.5,151.5,-0.468,0.195,0,0,69,0,0,0,0,0,0,0,252.761,251.252,-2.31,0.957,0,0,0,0,0,0,0,0,177.579,315.343,3,106.5,0.934,-0.017,0.05,0.003,29,496,294,2.5,0,0,0,0,0,0,0,0,0,2962

Main.js:462 316.63,223.686,151.5,151.5,-0.445,0.186,0,0,68,0,0,0,0,0,0,0,250.451,252.208,-2.31,0.957,0,0,0,0,0,0,0,0,178.513,315.33,3,105,0.935,-0.014,0.05,0.003,28,498.5,294,2.5,0,0,0,0,0,0,0,0,0,2979

Main.js:462 316.208,223.863,151.5,151.5,-0.423,0.176,0,0,67,0,0,0,0,0,0,0,250.451,252.208,-2.31,0.957,0,0,0,0,0,0,0,0,179.449,315.319,3,103.5,0.935,-0.011,0.05,0.003,27,0,0,0,0,0,0,0,0,0,0,0,0,2996

Main.js:462 315.806,224.03,151.5,151.5,-0.401,0.167,0,0,66,0,0,0,0,1,0,0,248.141,253.165,-2.31,0.957,0,0,0,0,0,0,0,0,180.385,315.311,3,102,0.936,-0.008,0.05,0.003,26,0,0,0,0,0,0,0,0,0,0,0,0,3012

Main.js:462 315.425,224.189,151.5,151.5,-0.381,0.159,0,0,65,0,0,0,0,1,0,0,245.832,254.122,-2.31,0.957,0,0,0,0,0,0,0,0,181.321,315.305,1.5,99,0.937,-0.006,0.05,0.001,25,0,0,0,0,0,0,0,0,0,0,0,0,3029

Main.js:462 315.063,224.34,151.5,151.5,-0.362,0.151,0,0,64,0,0,0,0,1,0,0,243.522,255.079,-2.31,0.957,0,0,0,0,0,0,0,0,182.259,315.3,0,96,0.937,-0.006,0.05,0,24,0,0,0,0,0,0,0,0,0,0,0,0,3047

Main.js:462 314.718,224.484,151.5,151.5,-0.344,0.144,0,0,63,0,0,0,0,1,0,0,241.212,256.035,-2.31,0.957,0,0,0,0,0,0,0,0,183.196,315.293,358.5,93,0.938,-0.007,0.05,-0.001,23,0,0,0,0,0,0,0,0,0,0,0,0,3063

Main.js:462 314.391,224.62,151.5,151.5,-0.327,0.136,0,0,62,0,0,0,0,1,0,0,238.903,256.992,-2.31,0.957,0,0,0,0,0,0,0,0,184.135,315.284,357,90,0.938,-0.009,0.05,-0.003,22,0,0,0,0,0,0,0,0,0,0,0,0,3080

Main.js:462 314.081,224.75,151.5,151.5,-0.311,0.13,0,0,61,0,0,0,0,1,0,0,236.593,257.949,-2.31,0.957,0,0,0,0,0,0,0,0,185.074,315.272,355.5,87,0.939,-0.012,0.05,-0.004,21,0,0,0,0,0,0,0,0,0,0,0,0,3095

Main.js:462 313.786,224.873,151.5,151.5,-0.295,0.123,0,0,60,0,0,0,0,0,0,0,234.283,258.905,-2.31,0.957,0,0,0,0,0,0,0,0,186.013,315.255,354,84,0.939,-0.016,0.05,-0.005,20,0,0,0,0,0,0,0,0,0,0,0,0,3115

Main.js:462 313.505,224.99,150,150,-0.28,0.117,0,0,59,1,0,0,0,0,0,0,231.973,259.862,-2.31,0.957,0,0,0,0,0,0,0,0,186.952,315.234,352.5,81,0.939,-0.022,0.05,-0.007,19,0,0,0,0,0,0,0,0,0,0,0,0,3129

Main.js:462 313.239,225.101,148.5,148.5,-0.266,0.111,0,0,58,1,0,0,0,0,0,0,229.664,260.819,-2.31,0.957,0,0,0,0,0,0,0,0,187.892,315.205,351,78,0.939,-0.028,0.049,-0.008,18,0,0,0,0,0,0,0,0,0,0,0,0,3144

Main.js:462 312.986,225.207,147,147,-0.253,0.106,0,0,57,1,0,0,0,0,0,0,227.354,261.776,-2.31,0.957,0,0,0,0,0,0,0,0,188.831,315.17,349.5,75,0.939,-0.035,0.049,-0.009,17,0,0,0,0,0,0,0,0,0,0,0,0,3162

Main.js:462 312.745,225.307,145.5,145.5,-0.24,0.1,0,0,56,1,0,0,0,0,0,0,225.044,262.732,-2.31,0.957,0,0,0,0,0,0,0,0,189.769,315.126,348,72,0.939,-0.044,0.049,-0.01,16,0,0,0,0,0,0,0,0,0,0,0,0,3178

Main.js:462 312.517,225.402,144,144,-0.228,0.095,0,0,55,1,0,0,0,1,0,0,222.735,263.689,-2.31,0.957,0,0,0,0,0,0,0,0,190.707,315.074,346.5,69,0.938,-0.052,0.049,-0.012,15,0,0,0,0,0,0,0,0,0,0,0,0,3195

Main.js:462 312.3,225.493,142.5,142.5,-0.217,0.09,0,0,54,1,0,0,0,1,0,0,220.425,264.646,-2.31,0.957,0,0,0,0,0,0,0,0,191.644,315.012,345,66,0.937,-0.062,0.048,-0.013,14,0,0,0,0,0,0,0,0,0,0,0,0,3213

Main.js:462 312.094,225.579,141,141,-0.206,0.086,0,0,53,1,0,0,0,1,0,0,218.115,265.602,-2.31,0.957,0,0,0,0,0,0,0,0,192.579,314.939,343.5,63,0.935,-0.073,0.048,-0.014,13,0,0,0,0,0,0,0,0,0,0,0,0,3229

Main.js:462 311.898,225.66,141,141,-0.196,0.082,0,0,52,0,0,0,0,1,0,0,215.806,266.559,-2.31,0.957,0,0,0,0,0,0,0,0,193.513,314.856,342,60,0.934,-0.084,0.048,-0.015,12,0,0,0,0,0,0,0,0,0,0,0,0,3246

Main.js:462 311.712,225.738,141,141,-0.186,0.078,0,0,51,0,0,0,0,1,0,0,213.496,267.516,-2.31,0.957,0,0,0,0,0,0,0,0,194.445,314.761,340.5,57,0.932,-0.095,0.047,-0.017,11,0,0,0,0,0,0,0,0,0,0,0,0,3263

Main.js:462 311.536,225.812,141,141,-0.177,0.074,0,0,50,0,0,0,0,0,0,0,211.186,268.473,-2.31,0.957,0,0,0,0,0,0,0,0,195.375,314.653,339,54,0.93,-0.107,0.047,-0.018,10,0,0,0,0,0,0,0,0,0,0,0,0,3280

Main.js:462 311.368,225.882,141,141,-0.168,0.07,0,0,49,0,0,0,0,0,0,0,208.877,269.429,-2.31,0.957,0,0,0,0,0,0,0,0,196.302,314.533,337.5,51,0.927,-0.12,0.046,-0.019,9,0,0,0,0,0,0,0,0,0,0,0,0,3297

Main.js:462 311.208,225.948,141,141,-0.159,0.067,0,0,48,0,0,0,0,0,0,0,206.567,270.386,-2.31,0.957,0,0,0,0,0,0,0,0,197.226,314.399,336,48,0.924,-0.134,0.046,-0.02,8,0,0,0,0,0,0,0,0,0,0,0,0,3313

Main.js:462 311.057,226.011,141,141,-0.151,0.063,0,0,47,0,0,0,0,0,0,0,204.257,271.343,-2.31,0.957,0,0,0,0,0,0,0,0,198.147,314.252,334.5,45,0.921,-0.147,0.045,-0.022,7,0,0,0,0,0,0,0,0,0,0,0,0,3330

Main.js:462 310.913,226.071,141,141,-0.144,0.06,0,0,46,0,0,0,0,0,0,0,201.947,272.299,-2.31,0.957,0,0,0,0,0,0,0,0,199.064,314.09,333,42,0.917,-0.162,0.045,-0.023,6,0,0,0,0,0,0,0,0,0,0,0,0,3348

Main.js:462 310.776,226.128,141,141,-0.137,0.057,0,0,45,0,0,0,0,1,0,0,199.638,273.256,-2.31,0.957,0,0,0,0,0,0,0,0,199.977,313.914,331.5,39,0.913,-0.176,0.044,-0.024,5,0,0,0,0,0,0,0,0,0,0,0,0,3364

Main.js:462 310.646,226.183,141,141,-0.13,0.054,0,0,44,0,0,0,0,1,0,0,197.328,274.213,-2.31,0.957,0,0,0,0,0,0,0,0,200.885,313.723,330,36,0.908,-0.191,0.043,-0.025,4,0,0,0,0,0,0,0,0,0,0,0,0,3378

Main.js:462 310.523,226.234,141,141,-0.123,0.051,0,0,43,0,0,0,0,1,0,0,195.018,275.169,-2.31,0.957,0,0,0,0,0,0,0,0,201.789,313.517,328.5,33,0.904,-0.206,0.043,-0.026,3,0,0,0,0,0,0,0,0,0,0,0,0,3395

Main.js:462 310.406,226.283,141,141,-0.117,0.049,0,0,42,0,0,0,0,1,0,0,192.709,276.126,-2.31,0.957,0,0,0,0,0,0,0,0,202.687,313.295,327,30,0.898,-0.222,0.042,-0.027,2,0,0,0,0,0,0,0,0,0,0,0,0,3413

Main.js:462 310.294,226.329,141,141,-0.111,0.046,0,0,41,0,0,0,0,1,0,0,190.399,277.083,-2.31,0.957,0,0,0,0,0,0,0,0,203.58,313.057,325.5,27,0.892,-0.238,0.041,-0.028,1,0,0,0,0,0,0,0,0,0,0,0,0,3429

Main.js:462 310.188,226.374,141,141,-0.106,0.044,0,0,40,0,0,0,0,1,0,0,188.089,278.04,-2.31,0.957,0,0,0,0,0,0,0,0,204.466,312.803,324,24,0.886,-0.254,0.04,-0.029,0,0,0,0,0,0,0,0,0,0,0,0,0,3445

Main.js:462 310.088,226.416,141,141,-0.101,0.042,0,0,39,0,0,0,0,0,0,0,185.78,278.996,-2.31,0.957,0,0,0,0,0,0,0,0,205.345,312.533,322.5,21,0.88,-0.27,0.04,-0.03,99,0,0,0,0,0,0,0,0,0,0,0,0,3462

Main.js:462 309.992,226.455,141,141,-0.095,0.04,0,0,38,0,0,0,0,0,0,0,183.47,279.953,-2.31,0.957,0,0,0,0,0,0,0,0,206.218,312.247,321,18,0.873,-0.286,0.039,-0.031,98,226.405,321.225,2.334,0.896,0,0,0,0,0,0,0,0,3480

Main.js:462 309.902,226.493,139.5,139.5,-0.091,0.038,0,0,37,1,0,0,0,0,0,0,181.16,280.91,-2.31,0.957,0,0,0,0,0,0,0,0,207.083,311.944,319.5,15,0.865,-0.303,0.038,-0.032,97,228.739,322.121,2.334,0.896,0,0,0,0,0,0,0,0,3496

Main.js:462 309.816,226.529,138,138,-0.086,0.036,0,0,36,1,0,0,0,0,0,0,178.85,281.866,-2.31,0.957,0,0,0,0,0,0,0,0,207.94,311.624,318,12,0.857,-0.32,0.037,-0.033,96,231.073,323.017,2.334,0.896,0,0,0,0,0,0,0,0,3513

Main.js:462 309.734,226.563,136.5,136.5,-0.082,0.034,0,0,35,1,0,0,0,0,0,0,176.541,282.823,-2.31,0.957,0,0,0,0,0,0,0,0,208.789,311.288,316.5,9,0.849,-0.336,0.036,-0.034,95,233.407,323.913,2.334,0.896,0,0,0,0,0,0,0,0,3528

Main.js:462 309.656,226.596,135,135,-0.078,0.032,0,0,34,1,0,0,0,1,0,0,174.231,283.78,-2.31,0.957,0,0,0,0,0,0,0,0,209.629,310.935,315,6,0.84,-0.353,0.035,-0.035,94,235.741,324.809,2.334,0.896,0,0,0,0,0,0,0,0,3546

Main.js:462 309.582,226.627,133.5,133.5,-0.074,0.031,0,0,33,1,0,0,0,1,0,0,171.921,284.737,-2.31,0.957,0,0,0,0,0,0,0,0,210.459,310.565,313.5,3,0.831,-0.37,0.034,-0.036,93,238.075,325.704,2.334,0.896,0,0,0,0,0,0,0,0,3562

Main.js:462 309.512,226.656,132,132,-0.07,0.029,0,0,32,1,0,0,0,1,0,0,169.612,285.693,-2.31,0.957,0,0,0,0,0,0,0,0,211.28,310.179,312,0,0.821,-0.387,0.033,-0.037,92,240.409,326.6,2.334,0.896,0,0,0,0,0,0,0,0,3579

Main.js:462 309.445,226.684,130.5,130.5,-0.067,0.028,0,0,31,1,0,0,0,1,0,0,167.302,286.65,-2.31,0.957,0,0,0,0,0,0,0,0,212.091,309.775,310.5,-3,0.811,-0.403,0.032,-0.038,91,242.743,327.496,2.334,0.896,0,0,0,0,0,0,0,0,3597

Main.js:462 309.382,226.71,129,129,-0.063,0.026,0,0,30,1,0,0,0,1,0,0,164.992,287.607,-2.31,0.957,0,0,0,0,0,0,0,0,212.891,309.355,309,-6,0.8,-0.42,0.031,-0.039,90,245.077,328.392,2.334,0.896,0,0,0,0,0,0,0,0,3614

Main.js:462 309.322,226.735,127.5,127.5,-0.06,0.025,0,0,29,1,0,0,0,0,0,0,162.683,288.563,-2.31,0.957,0,0,0,0,0,0,0,0,213.68,308.918,307.5,-9,0.789,-0.437,0.03,-0.04,89,247.411,329.288,2.334,0.896,0,0,0,0,0,0,0,0,3629

Main.js:462 309.264,226.759,127.5,127.5,-0.057,0.024,0,0,28,0,0,0,0,0,0,0,160.373,289.52,-2.31,0.957,0,0,0,0,0,0,0,0,214.457,308.465,306,-12,0.777,-0.453,0.029,-0.04,88,249.744,330.184,2.334,0.896,0,0,0,0,0,0,0,0,3646

Main.js:462 309.21,226.782,127.5,127.5,-0.054,0.023,0,0,27,0,0,0,0,0,0,0,158.063,290.477,-2.31,0.957,0,0,0,0,0,0,0,0,215.222,307.995,304.5,-15,0.765,-0.47,0.028,-0.041,87,252.078,331.08,2.334,0.896,0,0,0,0,0,0,0,0,3663

Main.js:462 309.159,226.803,127.5,127.5,-0.052,0.022,0,0,26,0,0,0,0,0,0,0,155.753,291.434,-2.31,0.957,0,0,0,0,0,0,0,0,215.975,307.508,303,-18,0.753,-0.486,0.027,-0.042,86,254.412,331.976,2.334,0.896,0,0,0,0,0,0,0,0,3679

Main.js:462 309.11,226.824,127.5,127.5,-0.049,0.02,0,0,25,0,0,0,0,0,0,0,153.444,292.39,-2.31,0.957,0,0,0,0,0,0,0,0,216.715,307.006,301.5,-21,0.74,-0.502,0.026,-0.043,85,256.746,332.872,2.334,0.896,0,0,0,0,0,0,0,0,3696

Main.js:462 309.063,226.843,127.5,127.5,-0.047,0.019,0,0,24,0,0,0,0,1,0,0,151.134,293.347,-2.31,0.957,0,0,0,0,0,0,0,0,217.442,306.488,300,-24,0.727,-0.518,0.025,-0.043,84,259.08,333.768,2.334,0.896,0,0,0,0,0,0,0,0,3712

Main.js:462 309.019,226.862,127.5,127.5,-0.044,0.018,0,0,23,0,0,0,0,1,0,0,148.824,294.304,-2.31,0.957,0,0,0,0,0,0,0,0,218.156,305.953,298.5,-27,0.713,-0.534,0.024,-0.044,83,261.414,334.664,2.334,0.896,0,0,0,0,0,0,0,0,3729

Main.js:462 308.977,226.879,127.5,127.5,-0.042,0.018,0,0,22,0,0,0,0,1,0,0,146.515,295.26,-2.31,0.957,0,0,0,0,0,0,0,0,218.855,305.403,297,-30,0.699,-0.55,0.023,-0.045,82,263.748,335.56,2.334,0.896,0,0,0,0,0,0,0,0,3745

Main.js:462 308.937,226.896,127.5,127.5,-0.04,0.017,0,0,21,0,0,0,0,1,0,0,144.205,296.217,-2.31,0.957,0,0,0,0,0,0,0,0,219.539,304.838,295.5,-33,0.685,-0.565,0.022,-0.045,81,266.082,336.455,2.334,0.896,0,0,0,0,0,0,0,0,3761

Main.js:462 308.899,226.912,127.5,127.5,-0.038,0.016,0,0,20,0,0,0,0,0,0,0,141.895,297.174,-2.31,0.957,0,0,0,0,0,0,0,0,220.209,304.258,294,-36,0.67,-0.58,0.02,-0.046,80,268.416,337.351,2.334,0.896,0,0,0,0,0,0,0,0,3780

Main.js:462 308.863,226.927,127.5,127.5,-0.036,0.015,0,0,19,0,0,0,0,0,0,0,139.586,298.131,-2.31,0.957,0,0,0,0,0,0,0,0,220.864,303.662,292.5,-39,0.654,-0.595,0.019,-0.046,79,270.75,338.247,2.334,0.896,0,0,0,0,0,0,0,0,3794

Main.js:462 308.829,226.941,127.5,127.5,-0.034,0.014,0,0,18,0,0,0,0,0,0,0,137.276,299.087,-2.31,0.957,0,0,0,0,0,0,0,0,221.502,303.053,291,-42,0.639,-0.61,0.018,-0.047,78,273.084,339.143,2.334,0.896,0,0,0,0,0,0,0,0,3813

Main.js:462 308.796,226.954,127.5,127.5,-0.033,0.014,0,0,17,0,0,0,0,0,0,0,134.966,300.044,-2.31,0.957,0,0,0,0,0,0,0,0,222.125,302.429,289.5,-45,0.623,-0.624,0.017,-0.047,77,275.418,340.039,2.334,0.896,0,0,0,0,0,0,0,0,3829

Main.js:462 308.765,226.967,127.5,127.5,-0.031,0.013,0,0,16,0,0,0,0,0,0,0,132.656,301.001,-2.31,0.957,0,0,0,0,0,0,0,0,222.731,301.79,288,-48,0.606,-0.638,0.015,-0.048,76,277.752,340.935,2.334,0.896,0,0,0,0,0,0,0,0,3846

Main.js:462 308.736,226.98,127.5,127.5,-0.029,0.012,0,0,15,0,0,0,0,0,0,0,130.347,301.957,-2.31,0.957,0,0,0,0,0,0,0,0,223.32,301.139,286.5,-51,0.589,-0.652,0.014,-0.048,75,280.086,341.831,2.334,0.896,0,0,0,0,0,0,0,0,3861

Main.js:462 308.708,226.991,127.5,127.5,-0.028,0.012,0,0,14,0,0,0,0,1,0,0,128.037,302.914,-2.31,0.957,0,0,0,0,0,0,0,0,223.893,300.474,285,-54,0.572,-0.665,0.013,-0.048,74,282.42,342.727,2.334,0.896,0,0,0,0,0,0,0,0,3879

Main.js:462 308.681,227.002,127.5,127.5,-0.026,0.011,0,0,13,0,0,0,0,1,0,0,125.727,303.871,-2.31,0.957,0,0,0,0,0,0,0,0,224.447,299.796,283.5,-57,0.555,-0.678,0.012,-0.049,73,284.754,343.623,2.334,0.896,0,0,0,0,0,0,0,0,3896

Main.js:462 308.656,227.013,127.5,127.5,-0.025,0.01,0,0,12,0,0,0,0,1,0,0,123.418,304.827,-2.31,0.957,0,0,0,0,0,0,0,0,224.984,299.105,282,-60,0.537,-0.691,0.01,-0.049,72,287.088,344.519,2.334,0.896,0,0,0,0,0,0,0,0,3945

Main.js:462 308.632,227.023,127.5,127.5,-0.024,0.01,0,0,11,0,0,0,0,0,0,0,121.108,305.784,-2.31,0.957,0,0,0,0,0,0,0,0,225.503,298.402,280.5,-63,0.519,-0.703,0.009,-0.049,71,289.422,345.415,2.334,0.896,0,0,0,0,0,0,0,0,3973

Main.js:462 308.61,227.032,127.5,127.5,-0.023,0.009,0,0,10,0,0,0,0,0,0,0,118.798,306.741,-2.31,0.957,0,0,0,0,0,0,0,0,226.003,297.688,279,-66,0.5,-0.714,0.008,-0.049,70,291.756,346.311,2.334,0.896,0,0,0,0,0,0,0,0,3995

Main.js:462 308.588,227.041,127.5,127.5,-0.022,0.009,0,0,9,0,0,0,0,0,0,0,116.489,307.698,-2.31,0.957,0,0,0,0,0,0,0,0,226.484,296.962,277.5,-69,0.481,-0.726,0.007,-0.05,69,294.09,347.207,2.334,0.896,0,0,0,0,0,0,0,0,4011

Main.js:462 308.568,227.05,127.5,127.5,-0.02,0.009,0,0,8,0,0,0,0,0,0,0,114.179,308.654,-2.31,0.957,0,0,0,0,0,0,0,0,226.949,296.226,279,-69,0.465,-0.736,0.008,-0.049,68,296.423,348.102,2.334,0.896,0,0,0,0,0,0,0,0,4029

Main.js:462 308.548,227.058,129,129,-0.019,0.008,0,0,7,0,1,0,0,0,0,0,111.869,309.611,-2.31,0.957,0,0,0,0,0,0,0,0,227.399,295.479,280.5,-69,0.45,-0.746,0.009,-0.049,67,298.757,348.998,2.334,0.896,0,0,0,0,0,0,0,0,4045

Main.js:462 308.53,227.066,130.5,130.5,-0.018,0.008,0,0,6,0,1,0,0,0,0,0,109.559,310.568,-2.31,0.957,0,0,0,0,0,0,0,0,227.836,294.724,282,-69,0.437,-0.756,0.01,-0.049,66,301.091,349.894,2.334,0.896,0,0,0,0,0,0,0,0,4062

Main.js:462 308.512,227.073,132,132,-0.018,0.007,0,0,5,0,1,0,0,0,0,0,107.25,311.524,-2.31,0.957,0,0,0,0,0,0,0,0,228.263,293.96,283.5,-69,0.427,-0.764,0.012,-0.049,65,303.425,350.79,2.334,0.896,0,0,0,0,0,0,0,0,4078

Main.js:462 308.495,227.08,133.5,133.5,-0.017,0.007,0,0,4,0,1,0,0,0,0,0,104.94,312.481,-2.31,0.957,0,0,0,0,0,0,0,0,228.681,293.188,285,-69,0.418,-0.772,0.013,-0.048,64,305.759,351.686,2.334,0.896,0,0,0,0,0,0,0,0,4097

Main.js:462 308.48,227.086,135,135,-0.016,0.007,0,0,3,0,1,0,0,0,0,0,102.63,313.438,-2.31,0.957,0,0,0,0,0,0,0,0,229.091,292.41,286.5,-69,0.41,-0.779,0.014,-0.048,63,308.093,352.582,2.334,0.896,0,0,0,0,0,0,0,0,4112

Main.js:462 308.464,227.093,136.5,136.5,-0.015,0.006,0,0,2,0,1,0,0,0,0,0,100.321,314.395,-2.31,0.957,0,0,0,0,0,0,0,0,229.495,291.625,288,-69,0.404,-0.785,0.015,-0.048,62,310.427,353.478,2.334,0.896,0,0,0,0,0,0,0,0,4128

Main.js:462 308.45,227.099,138,138,-0.014,0.006,0,0,1,0,1,0,0,0,0,0,98.011,315.351,-2.31,0.957,0,0,0,0,0,0,0,0,229.895,290.835,289.5,-69,0.4,-0.79,0.017,-0.047,61,312.761,354.374,2.334,0.896,0,0,0,0,0,0,0,0,4145

Main.js:462 308.437,227.104,139.5,139.5,-0.014,0.006,0,0,0,0,1,0,0,0,0,0,95.701,316.308,-2.31,0.957,0,0,0,0,0,0,0,0,230.293,290.039,291,-69,0.397,-0.795,0.018,-0.047,60,315.095,355.27,2.334,0.896,0,0,0,0,0,0,0,0,4163

Main.js:462 308.424,227.11,141,141,-0.013,0.005,0,0,0,0,1,0,0,0,0,0,93.392,317.265,-2.31,0.957,0,0,0,0,0,0,0,0,230.688,289.24,292.5,-69,0.395,-0.799,0.019,-0.046,59,317.429,356.166,2.334,0.896,0,0,0,0,0,0,0,0,4179

Main.js:462 308.411,227.115,142.5,142.5,-0.012,0.005,0,0,0,0,1,0,0,0,0,0,91.082,318.221,-2.31,0.957,0,0,0,0,0,0,0,0,231.083,288.437,294,-69,0.395,-0.803,0.02,-0.046,58,319.763,357.062,2.334,0.896,0,0,0,0,0,0,0,0,4195

Main.js:462 308.4,227.12,144,144,-0.012,0.005,0,0,0,0,1,0,0,0,0,0,88.772,319.178,-2.31,0.957,0,0,0,0,0,0,0,0,231.479,287.632,295.5,-69,0.396,-0.805,0.022,-0.045,57,322.097,357.958,2.334,0.896,0,0,0,0,0,0,0,0,4212

Main.js:462 308.389,227.124,145.5,145.5,-0.011,0.005,0,0,0,0,1,0,0,0,0,0,86.462,320.135,-2.31,0.957,0,0,0,0,0,0,0,0,231.876,286.824,297,-69,0.397,-0.808,0.023,-0.045,56,324.431,358.853,2.334,0.896,0,0,0,0,0,0,0,0,4229

Main.js:462 308.378,227.129,147,147,-0.011,0.004,0,0,99,0,1,0,0,1,0,0,84.153,321.092,-2.31,0.957,0,0,0,0,0,0,0,0,232.276,286.015,298.5,-69,0.4,-0.809,0.024,-0.044,55,326.765,359.749,2.334,0.896,0,0,0,0,0,0,0,0,4246

Main.js:462 308.368,227.133,148.5,148.5,-0.01,0.004,0,0,98,0,1,0,0,1,0,0,81.843,322.048,-2.31,0.957,288.68,239.923,-2.097,1.362,0,0,0,0,232.68,285.206,300,-69,0.404,-0.81,0.025,-0.043,54,329.099,360.645,2.334,0.896,0,0,0,0,0,0,0,0,4263

Main.js:462 308.359,227.137,150,150,-0.009,0.004,0,0,97,0,1,0,0,1,0,0,79.533,323.005,-2.31,0.957,286.583,241.285,-2.097,1.362,0,0,0,0,233.089,284.396,301.5,-69,0.409,-0.81,0.026,-0.043,53,331.433,361.541,2.334,0.896,0,0,0,0,0,0,0,0,4278

Main.js:462 308.35,227.141,151.5,151.5,-0.009,0.004,0,0,96,0,1,0,0,1,0,0,77.224,323.962,-2.31,0.957,284.487,242.647,-2.097,1.362,0,0,0,0,233.503,283.587,303,-69,0.414,-0.809,0.027,-0.042,52,333.767,362.437,2.334,0.896,0,0,0,0,0,0,0,0,4296

Main.js:462 308.341,227.144,151.5,151.5,-0.009,0.004,0,0,95,0,0,0,0,1,0,0,74.914,324.918,-2.31,0.957,282.39,244.008,-2.097,1.362,0,0,0,0,233.923,282.78,304.5,-69,0.42,-0.808,0.028,-0.041,51,336.101,363.333,2.334,0.896,0,0,0,0,0,0,0,0,4312

Main.js:462 308.333,227.148,151.5,151.5,-0.008,0.003,0,0,94,0,0,0,0,1,0,0,72.604,325.875,-2.31,0.957,280.293,245.37,-2.097,1.362,0,0,0,0,234.35,281.974,306,-69,0.427,-0.806,0.029,-0.04,50,338.435,364.229,2.334,0.896,0,0,0,0,0,0,0,0,4329

Main.js:462 308.325,227.151,151.5,151.5,-0.008,0.003,0,0,93,0,0,0,0,0,0,0,70.295,326.832,-2.31,0.957,278.196,246.731,-2.097,1.362,0,0,0,0,234.785,281.171,307.5,-69,0.435,-0.803,0.03,-0.04,49,340.769,365.125,2.334,0.896,0,0,0,0,0,0,0,0,4345

Main.js:462 308.318,227.154,151.5,151.5,-0.007,0.003,0,0,92,0,0,0,0,0,0,0,67.985,327.788,-2.31,0.957,276.1,248.093,-2.097,1.362,0,0,0,0,235.228,280.371,309,-69,0.443,-0.8,0.031,-0.039,48,343.103,366.021,2.334,0.896,0,0,0,0,0,0,0,0,4361

Main.js:462 308.311,227.157,151.5,151.5,-0.007,0.003,0,0,91,0,0,0,0,0,0,0,65.675,328.745,-2.31,0.957,274.003,249.455,-2.097,1.362,0,0,0,0,235.679,279.575,310.5,-69,0.452,-0.796,0.032,-0.038,47,345.436,366.917,2.334,0.896,0,0,0,0,0,0,0,0,4379

Main.js:462 308.304,227.16,151.5,151.5,-0.007,0.003,0,0,90,0,0,0,0,0,0,0,63.365,329.702,-2.31,0.957,271.906,250.816,-2.097,1.362,0,0,0,0,236.14,278.784,312,-69,0.461,-0.791,0.033,-0.037,46,347.77,367.813,2.334,0.896,0,0,0,0,0,0,0,0,4394

Main.js:462 308.298,227.162,151.5,151.5,-0.006,0.003,0,0,89,0,0,0,0,0,0,0,61.056,330.659,-2.31,0.957,269.81,252.178,-2.097,1.362,0,0,0,0,236.61,277.997,313.5,-69,0.47,-0.786,0.034,-0.036,45,350.104,368.709,2.334,0.896,0,0,0,0,0,0,0,0,4411

Main.js:462 308.292,227.165,151.5,151.5,-0.006,0.002,0,0,88,0,0,0,0,0,0,0,58.746,331.615,-2.31,0.957,267.713,253.539,-2.097,1.362,0,0,0,0,237.091,277.217,315,-69,0.48,-0.781,0.035,-0.035,44,352.438,369.605,2.334,0.896,0,0,0,0,0,0,0,0,4428

Main.js:462 308.286,227.167,151.5,151.5,-0.006,0.002,0,0,87,0,0,0,0,1,0,0,56.436,332.572,-2.31,0.957,265.616,254.901,-2.097,1.362,0,0,0,0,237.582,276.442,316.5,-69,0.491,-0.774,0.036,-0.034,43,354.772,370.5,2.334,0.896,0,0,0,0,0,0,0,0,4445

Main.js:462 308.281,227.169,151.5,151.5,-0.005,0.002,0,0,86,0,0,0,0,1,0,0,54.127,333.529,-2.31,0.957,263.52,256.263,-2.097,1.362,0,0,0,0,238.084,275.675,318,-69,0.502,-0.767,0.037,-0.033,42,357.106,371.396,2.334,0.896,0,0,0,0,0,0,0,0,4462

Main.js:462 308.276,227.171,151.5,151.5,-0.005,0.002,0,0,85,0,0,0,0,1,0,0,51.817,334.485,-2.31,0.957,261.423,257.624,-2.097,1.362,0,0,0,0,238.596,274.915,319.5,-69,0.513,-0.76,0.038,-0.032,41,359.44,372.292,2.334,0.896,0,0,0,0,0,0,0,0,4480

Main.js:462 308.271,227.174,151.5,151.5,-0.005,0.002,0,0,84,0,0,0,0,1,0,0,49.507,335.442,-2.31,0.957,259.326,258.986,-2.097,1.362,0,0,0,0,239.12,274.163,321,-69,0.524,-0.752,0.039,-0.031,40,361.774,373.188,2.334,0.896,0,0,0,0,0,0,0,0,4495

Main.js:462 308.266,227.175,151.5,151.5,-0.005,0.002,0,0,83,0,0,0,0,1,0,0,47.198,336.399,-2.31,0.957,257.23,260.347,-2.097,1.362,0,0,0,0,239.656,273.42,322.5,-69,0.535,-0.743,0.04,-0.03,39,364.108,374.084,2.334,0.896,0,0,0,0,0,0,0,0,4513

Main.js:462 308.262,227.177,151.5,151.5,-0.004,0.002,0,0,82,0,0,0,0,0,0,0,44.888,337.356,-2.31,0.957,255.133,261.709,-2.097,1.362,0,0,0,0,240.202,272.685,322.5,-70.5,0.546,-0.735,0.04,-0.03,38,366.442,374.98,2.334,0.896,0,0,0,0,0,0,0,0,4529

Main.js:462 308.258,227.179,151.5,151.5,-0.004,0.002,0,0,81,0,0,0,0,0,0,0,44.888,337.356,-2.31,0.957,255.133,261.709,-2.097,1.362,0,0,0,0,240.759,271.958,322.5,-72,0.557,-0.727,0.04,-0.03,37,368.776,375.876,2.334,0.896,0,0,0,0,0,0,0,0,4546

