Main.js:143 myTank.x,myTank.y,myTank.rotation,myTank.cannonRotation,myTank.velocityX,myTank.velocityY,myTank.accelerationX,myTank.accelerationY,myTank.shootCooldown,myTank.controls.turnLeft,myTank.controls.turnRight,myTank.controls.goForward,myTank.controls.goBack,myTank.controls.shoot,myTank.controls.cannonLeft,myTank.controls.cannonRight,myBullet1.x,myBullet1.y,myBullet1.velocityX,myBullet1.velocityY,myBullet2.x,myBullet2.y,myBullet2.velocityX,myBullet2.velocityY,myBullet3.x,myBullet3.y,myBullet3.velocityX,myBullet3.velocityY,enemyTank.x,enemyTank.y,enemyTank.rotation,enemyTank.cannonRotation,enemyTank.velocityX,enemyTank.velocityY,enemyTank.accelerationX,enemyTank.accelerationY,enemyTank.shootCooldown,enemyBullet1.x,enemyBullet1.y,enemyBullet1.velocityX,enemyBullet1.velocityY,enemyBullet2.x,enemyBullet2.y,enemyBullet2.velocityX,enemyBullet2.velocityY,enemyBullet3.x,enemyBullet3.y,enemyBullet3.velocityX,enemyBullet3.velocityY,currentGameTime
Main.js:462 50,246,0,0,0,0,0,0,0,0,0,0,0,0,0,0,0,0,0,0,0,0,0,0,0,0,0,0,450,254,180,180,0,0,0,0,0,0,0,0,0,0,0,0,0,0,0,0,0,5

Main.js:462 50,246,0,0,0,0,0,0,0,0,0,0,0,0,0,0,0,0,0,0,0,0,0,0,0,0,0,0,450,254,180,180,0,0,0,0,0,0,0,0,0,0,0,0,0,0,0,0,0,35

Main.js:462 50,246,0,0,0,0,0,0,0,0,0,0,0,0,0,0,0,0,0,0,0,0,0,0,0,0,0,0,449.953,253.999,181.5,180,-0.047,-0.001,-0.05,-0.001,99,0,0,0,0,0,0,0,0,0,0,0,0,52

Main.js:462 50,246,0,0,0,0,0,0,0,0,0,0,0,0,0,0,0,0,0,0,0,0,0,0,0,0,0,0,449.86,253.995,183,180,-0.093,-0.004,-0.05,-0.003,98,426.5,254,-2.5,0,0,0,0,0,0,0,0,0,69

Main.js:462 50,246,0,0,0,0,0,0,0,0,0,0,0,0,0,0,0,0,0,0,0,0,0,0,0,0,0,0,449.725,253.988,184.5,180,-0.135,-0.007,-0.05,-0.004,97,424,254,-2.5,0,0,0,0,0,0,0,0,0,85

Main.js:462 50,246,0,0,0,0,0,0,0,0,0,0,0,0,0,0,0,0,0,0,0,0,0,0,0,0,0,0,449.549,253.976,186,180,-0.176,-0.012,-0.05,-0.005,96,421.5,254,-2.5,0,0,0,0,0,0,0,0,0,103

Main.js:462 50,246,0,0,0,0,0,0,0,0,0,0,0,0,0,0,0,0,0,0,0,0,0,0,0,0,0,0,449.335,253.959,187.5,180,-0.214,-0.017,-0.05,-0.007,95,419,254,-2.5,0,0,0,0,0,0,0,0,0,118

Main.js:462 50,246,0,0,0,0,0,0,0,0,0,0,0,0,0,0,0,0,0,0,0,0,0,0,0,0,0,0,449.085,253.935,189,180,-0.25,-0.024,-0.049,-0.008,94,416.5,254,-2.5,0,0,0,0,0,0,0,0,0,136

Main.js:462 50,246,0,0,0,0,0,0,0,0,0,0,0,0,0,0,0,0,0,0,0,0,0,0,0,0,0,0,448.8,253.903,190.5,180,-0.284,-0.031,-0.049,-0.009,93,414,254,-2.5,0,0,0,0,0,0,0,0,0,152

Main.js:462 50,246,0,0,0,0,0,0,0,0,0,0,0,0,0,0,0,0,0,0,0,0,0,0,0,0,0,0,448.483,253.863,192,180,-0.317,-0.04,-0.049,-0.01,92,411.5,254,-2.5,0,0,0,0,0,0,0,0,0,169

Main.js:462 50,246,0,0,0,0,0,0,0,0,0,0,0,0,0,0,0,0,0,0,0,0,0,0,0,0,0,0,448.136,253.815,193.5,180,-0.347,-0.049,-0.049,-0.012,91,409,254,-2.5,0,0,0,0,0,0,0,0,0,186

Main.js:462 50.048,246,0,0,0.048,0,0.05,0,0,0,0,1,0,0,0,0,0,0,0,0,0,0,0,0,0,0,0,0,447.761,253.756,195,180,-0.376,-0.059,-0.048,-0.013,90,406.5,254,-2.5,0,0,0,0,0,0,0,0,0,202

Main.js:462 50.14,246,0,0,0.093,0,0.05,0,0,0,0,1,0,0,0,0,0,0,0,0,0,0,0,0,0,0,0,0,447.359,253.687,196.5,180,-0.402,-0.069,-0.048,-0.014,89,404,254,-2.5,0,0,0,0,0,0,0,0,0,219

Main.js:462 50.276,246,0,0,0.135,0,0.05,0,0,0,0,1,0,0,0,0,0,0,0,0,0,0,0,0,0,0,0,0,446.931,253.606,198,180,-0.427,-0.08,-0.048,-0.015,88,401.5,254,-2.5,0,0,0,0,0,0,0,0,0,237

Main.js:462 50.452,246,0,0,0.176,0,0.05,0,0,0,0,1,0,0,0,0,0,0,0,0,0,0,0,0,0,0,0,0,446.48,253.514,199.5,180,-0.451,-0.092,-0.047,-0.017,87,399,254,-2.5,0,0,0,0,0,0,0,0,0,253

Main.js:462 50.667,246,0,0,0.215,0,0.05,0,0,0,0,1,0,0,0,0,0,0,0,0,0,0,0,0,0,0,0,0,446.008,253.409,201,180,-0.473,-0.105,-0.047,-0.018,86,396.5,254,-2.5,0,0,0,0,0,0,0,0,0,269

Main.js:462 50.918,246,0,0,0.252,0,0.05,0,0,0,0,1,0,0,0,0,0,0,0,0,0,0,0,0,0,0,0,0,445.515,253.292,202.5,180,-0.493,-0.118,-0.046,-0.019,85,394,254,-2.5,0,0,0,0,0,0,0,0,0,287

Main.js:462 51.205,246,0,0,0.287,0,0.05,0,0,0,0,1,0,0,0,0,0,0,0,0,0,0,0,0,0,0,0,0,445.003,253.16,204,180,-0.512,-0.131,-0.046,-0.02,84,391.5,254,-2.5,0,0,0,0,0,0,0,0,0,302

Main.js:462 51.525,246,0,0,0.32,0,0.05,0,0,0,0,1,0,0,0,0,0,0,0,0,0,0,0,0,0,0,0,0,444.474,253.015,205.5,180,-0.529,-0.145,-0.045,-0.022,83,389,254,-2.5,0,0,0,0,0,0,0,0,0,319

Main.js:462 51.876,246,0,0,0.351,0,0.05,0,0,0,0,1,0,0,0,0,0,0,0,0,0,0,0,0,0,0,0,0,443.93,252.856,207,180,-0.545,-0.159,-0.045,-0.023,82,386.5,254,-2.5,0,0,0,0,0,0,0,0,0,336

Main.js:462 52.257,246,0,0,0.381,0,0.05,0,0,0,0,1,0,0,0,0,0,0,0,0,0,0,0,0,0,0,0,0,443.37,252.682,208.5,180,-0.559,-0.174,-0.044,-0.024,81,384,254,-2.5,0,0,0,0,0,0,0,0,0,352

Main.js:462 52.667,246,0,0,0.41,0,0.05,0,0,0,0,1,0,0,0,0,0,0,0,0,0,0,0,0,0,0,0,0,442.798,252.493,210,180,-0.572,-0.189,-0.043,-0.025,80,381.5,254,-2.5,0,0,0,0,0,0,0,0,0,368

Main.js:462 53.103,246,0,0,0.437,0,0.05,0,0,0,0,1,0,0,0,0,0,0,0,0,0,0,0,0,0,0,0,0,442.213,252.289,211.5,180,-0.584,-0.204,-0.043,-0.026,79,379,254,-2.5,0,0,0,0,0,0,0,0,0,387

Main.js:462 53.566,246,0,0,0.462,0,0.05,0,0,0,0,1,0,0,0,0,0,0,0,0,0,0,0,0,0,0,0,0,441.618,252.069,213,180,-0.595,-0.22,-0.042,-0.027,78,376.5,254,-2.5,0,0,0,0,0,0,0,0,0,402

Main.js:462 54.053,246,0,0,0.487,0,0.05,0,0,0,0,1,0,0,0,0,0,0,0,0,0,0,0,0,0,0,0,0,441.014,251.833,214.5,180,-0.604,-0.236,-0.041,-0.028,77,374,254,-2.5,0,0,0,0,0,0,0,0,0,419

Main.js:462 54.562,246,0,0,0.51,0,0.05,0,0,0,0,1,0,0,0,0,0,0,0,0,0,0,0,0,0,0,0,0,440.402,251.581,216,180,-0.613,-0.252,-0.04,-0.029,76,371.5,254,-2.5,0,0,0,0,0,0,0,0,0,435

Main.js:462 55.094,246,0,0,0.532,0,0.05,0,0,0,0,1,0,0,0,0,0,0,0,0,0,0,0,0,0,0,0,0,439.782,251.312,217.5,180,-0.62,-0.268,-0.04,-0.03,75,369,254,-2.5,0,0,0,0,0,0,0,0,0,453

Main.js:462 55.647,246,0,0,0.553,0,0.05,0,0,0,0,1,0,0,0,0,0,0,0,0,0,0,0,0,0,0,0,0,439.156,251.027,219,180,-0.626,-0.285,-0.039,-0.031,74,366.5,254,-2.5,0,0,0,0,0,0,0,0,0,470

Main.js:462 56.22,246,0,0,0.573,0,0.05,0,0,0,0,1,0,0,0,0,0,0,0,0,0,0,0,0,0,0,0,0,438.526,250.726,220.5,180,-0.63,-0.301,-0.038,-0.032,73,364,254,-2.5,0,0,0,0,0,0,0,0,0,486

Main.js:462 56.811,246,0,0,0.592,0,0.05,0,0,0,0,1,0,0,0,0,0,0,0,0,0,0,0,0,0,0,0,0,437.892,250.408,222,180,-0.634,-0.318,-0.037,-0.033,72,361.5,254,-2.5,0,0,0,0,0,0,0,0,0,504

Main.js:462 57.421,246,0,0,0.609,0,0.05,0,0,0,0,1,0,0,0,0,0,0,0,0,0,0,0,0,0,0,0,0,437.254,250.074,222,178.5,-0.638,-0.334,-0.037,-0.033,71,359,254,-2.5,0,0,0,0,0,0,0,0,0,519

Main.js:462 58.047,246,0,0,0.626,0,0.05,0,0,0,0,1,0,0,0,0,0,0,0,0,0,0,0,0,0,0,0,0,436.613,249.724,222,177,-0.641,-0.349,-0.037,-0.033,70,356.5,254,-2.5,0,0,0,0,0,0,0,0,0,535

Main.js:462 58.69,246,0,0,0.643,0,0.05,0,0,0,0,1,0,0,0,0,0,0,0,0,0,0,0,0,0,0,0,0,435.968,249.361,222,175.5,-0.644,-0.363,-0.037,-0.033,69,354,254,-2.5,0,0,0,0,0,0,0,0,0,553

Main.js:462 59.348,246,0,0,0.658,0,0.05,0,0,0,0,1,0,0,0,0,0,0,0,0,0,0,0,0,0,0,0,0,435.321,248.984,222,174,-0.647,-0.377,-0.037,-0.033,68,351.5,254,-2.5,0,0,0,0,0,0,0,0,0,569

Main.js:462 60.02,246,0,0,0.673,0,0.05,0,0,0,0,1,0,0,0,0,0,0,0,0,0,0,0,0,0,0,0,0,434.671,248.594,222,172.5,-0.65,-0.39,-0.037,-0.033,67,349,254,-2.5,0,0,0,0,0,0,0,0,0,585

Main.js:462 60.707,246,0,0,0.686,0,0.05,0,0,0,0,1,0,0,0,0,0,0,0,0,0,0,0,0,0,0,0,0,434.017,248.192,222,171,-0.653,-0.402,-0.037,-0.033,66,346.5,254,-2.5,0,0,0,0,0,0,0,0,0,602

Main.js:462 61.407,246,0,0,0.7,0,0.05,0,0,0,0,1,0,0,0,0,0,0,0,0,0,0,0,0,0,0,0,0,433.361,247.778,222,169.5,-0.656,-0.414,-0.037,-0.033,65,344,254,-2.5,0,0,0,0,0,0,0,0,0,618

Main.js:462 62.119,246,0,0,0.712,0,0.05,0,0,0,0,1,0,0,0,0,0,0,0,0,0,0,0,0,0,0,0,0,432.703,247.353,222,168,-0.658,-0.425,-0.037,-0.033,64,341.5,254,-2.5,0,0,0,0,0,0,0,0,0,636

Main.js:462 62.843,246,0,0,0.724,0,0.05,0,0,0,0,1,0,0,0,0,0,0,0,0,0,0,0,0,0,0,0,0,432.042,246.917,222,166.5,-0.661,-0.436,-0.037,-0.033,63,339,254,-2.5,0,0,0,0,0,0,0,0,0,653

Main.js:462 63.578,246,0,0,0.735,0,0.05,0,0,0,0,1,0,0,0,0,0,0,0,0,0,0,0,0,0,0,0,0,431.379,246.471,222,165,-0.663,-0.446,-0.037,-0.033,62,336.5,254,-2.5,0,0,0,0,0,0,0,0,0,669

Main.js:462 64.324,246,0,0,0.746,0,0.05,0,0,0,0,1,0,0,0,0,0,0,0,0,0,0,0,0,0,0,0,0,430.714,246.016,222,163.5,-0.665,-0.455,-0.037,-0.033,61,334,254,-2.5,0,0,0,0,0,0,0,0,0,685

Main.js:462 65.081,246,0,0,0.756,0,0.05,0,0,0,0,1,0,0,0,0,0,0,0,0,0,0,0,0,0,0,0,0,430.047,245.552,222,162,-0.667,-0.464,-0.037,-0.033,60,331.5,254,-2.5,0,0,0,0,0,0,0,0,0,703

Main.js:462 65.846,246,0,0,0.766,0,0.05,0,0,0,0,1,0,0,0,0,0,0,0,0,0,0,0,0,0,0,0,0,429.378,245.08,222,160.5,-0.669,-0.473,-0.037,-0.033,59,329,254,-2.5,0,0,0,0,0,0,0,0,0,719

Main.js:462 66.622,246,0,0,0.775,0,0.05,0,0,0,0,1,0,0,0,0,0,0,0,0,0,0,0,0,0,0,0,0,428.707,244.599,222,159,-0.671,-0.481,-0.037,-0.033,58,326.5,254,-2.5,0,0,0,0,0,0,0,0,0,736

Main.js:462 67.406,246,0,0,0.784,0,0.05,0,0,0,0,1,0,0,0,0,0,0,0,0,0,0,0,0,0,0,0,0,428.034,244.11,222,157.5,-0.673,-0.489,-0.037,-0.033,57,324,254,-2.5,0,0,0,0,0,0,0,0,0,754

Main.js:462 68.198,246,0,0,0.792,0,0.05,0,0,0,0,1,0,0,0,0,0,0,0,0,0,0,0,0,0,0,0,0,427.36,243.614,222,156,-0.674,-0.496,-0.037,-0.033,56,321.5,254,-2.5,0,0,0,0,0,0,0,0,0,771

Main.js:462 68.998,246,0,0,0.8,0,0.05,0,0,0,0,1,0,0,0,0,0,0,0,0,0,0,0,0,0,0,0,0,426.684,243.111,222,154.5,-0.676,-0.503,-0.037,-0.033,55,319,254,-2.5,0,0,0,0,0,0,0,0,0,786

Main.js:462 69.806,246,0,0,0.808,0,0.05,0,0,0,0,1,0,0,0,0,0,0,0,0,0,0,0,0,0,0,0,0,426.006,242.602,222,153,-0.677,-0.51,-0.037,-0.033,54,316.5,254,-2.5,0,0,0,0,0,0,0,0,0,803

Main.js:462 70.62,246,0,0,0.815,0,0.05,0,0,0,0,1,0,0,0,0,0,0,0,0,0,0,0,0,0,0,0,0,425.328,242.086,222,151.5,-0.679,-0.516,-0.037,-0.033,53,314,254,-2.5,0,0,0,0,0,0,0,0,0,819

Main.js:462 71.442,246,0,0,0.821,0,0.05,0,0,0,0,1,0,0,0,0,0,0,0,0,0,0,0,0,0,0,0,0,424.647,241.564,222,150,-0.68,-0.522,-0.037,-0.033,52,311.5,254,-2.5,0,0,0,0,0,0,0,0,0,835

Main.js:462 72.27,246,0,0,0.828,0,0.05,0,0,0,0,1,0,0,0,0,0,0,0,0,0,0,0,0,0,0,0,0,423.966,241.036,222,148.5,-0.682,-0.528,-0.037,-0.033,51,309,254,-2.5,0,0,0,0,0,0,0,0,0,853

Main.js:462 73.104,246,0,0,0.834,0,0.05,0,0,0,0,1,0,0,0,0,0,0,0,0,0,0,0,0,0,0,0,0,423.283,240.503,222,147,-0.683,-0.533,-0.037,-0.033,50,306.5,254,-2.5,0,0,0,0,0,0,0,0,0,869

Main.js:462 73.943,246,0,0,0.84,0,0.05,0,0,0,0,1,0,0,0,0,0,0,0,0,0,0,0,0,0,0,0,0,422.599,239.965,222,145.5,-0.684,-0.538,-0.037,-0.033,49,304,254,-2.5,0,0,0,0,0,0,0,0,0,885

Main.js:462 74.789,246,0,0,0.845,0,0.05,0,0,0,0,1,0,0,0,0,0,0,0,0,0,0,0,0,0,0,0,0,421.914,239.422,222,144,-0.685,-0.543,-0.037,-0.033,48,301.5,254,-2.5,0,0,0,0,0,0,0,0,0,902

Main.js:462 75.639,246,0,0,0.851,0,0.05,0,0,0,0,1,0,0,0,0,0,0,0,0,0,0,0,0,0,0,0,0,421.228,238.875,222,142.5,-0.686,-0.548,-0.037,-0.033,47,299,254,-2.5,0,0,0,0,0,0,0,0,0,919

Main.js:462 76.495,246,0,0,0.856,0,0.05,0,0,0,0,1,0,0,0,0,0,0,0,0,0,0,0,0,0,0,0,0,420.541,238.323,222,141,-0.687,-0.552,-0.037,-0.033,46,296.5,254,-2.5,0,0,0,0,0,0,0,0,0,936

Main.js:462 77.355,246,0,0,0.86,0,0.05,0,0,0,0,1,0,0,0,0,0,0,0,0,0,0,0,0,0,0,0,0,419.853,237.767,222,139.5,-0.688,-0.556,-0.037,-0.033,45,294,254,-2.5,0,0,0,0,0,0,0,0,0,953

Main.js:462 78.22,246,0,0,0.865,0,0.05,0,0,0,0,1,0,0,0,0,0,0,0,0,0,0,0,0,0,0,0,0,419.164,237.206,222,138,-0.689,-0.56,-0.037,-0.033,44,291.5,254,-2.5,0,0,0,0,0,0,0,0,0,970

Main.js:462 79.089,246,0,0,0.869,0,0.05,0,0,0,0,1,0,0,0,0,0,0,0,0,0,0,0,0,0,0,0,0,418.474,236.642,222,136.5,-0.69,-0.564,-0.037,-0.033,43,289,254,-2.5,0,0,0,0,0,0,0,0,0,986

Main.js:462 79.962,246,0,0,0.873,0,0.05,0,0,0,0,1,0,0,0,0,0,0,0,0,0,0,0,0,0,0,0,0,417.784,236.075,222,135,-0.691,-0.568,-0.037,-0.033,42,286.5,254,-2.5,0,0,0,0,0,0,0,0,0,1003

Main.js:462 80.839,246,0,0,0.877,0,0.05,0,0,0,0,1,0,0,0,0,0,0,0,0,0,0,0,0,0,0,0,0,417.092,235.505,220.5,132,-0.692,-0.57,-0.038,-0.032,41,284,254,-2.5,0,0,0,0,0,0,0,0,0,1020

Main.js:462 81.719,245.999,358.5,358.5,0.881,-0.001,0.05,-0.001,0,1,0,1,0,0,0,0,0,0,0,0,0,0,0,0,0,0,0,0,416.397,234.934,219,129,-0.694,-0.571,-0.039,-0.031,40,281.5,254,-2.5,0,0,0,0,0,0,0,0,0,1037

Main.js:462 82.603,245.995,357,357,0.884,-0.004,0.05,-0.003,0,1,0,1,0,0,0,0,0,0,0,0,0,0,0,0,0,0,0,0,415.7,234.362,217.5,126,-0.697,-0.572,-0.04,-0.03,39,279,254,-2.5,0,0,0,0,0,0,0,0,0,1053

Main.js:462 83.49,245.988,355.5,355.5,0.887,-0.007,0.05,-0.004,0,1,0,1,0,0,0,0,0,0,0,0,0,0,0,0,0,0,0,0,414.999,233.791,216,123,-0.701,-0.571,-0.04,-0.029,38,276.5,254,-2.5,0,0,0,0,0,0,0,0,0,1068

Main.js:462 84.38,245.976,354,354,0.89,-0.012,0.05,-0.005,0,1,0,1,0,0,0,0,0,0,0,0,0,0,0,0,0,0,0,0,414.294,233.221,214.5,120,-0.705,-0.569,-0.041,-0.028,37,274,254,-2.5,0,0,0,0,0,0,0,0,0,1085

Main.js:462 85.273,245.959,352.5,352.5,0.893,-0.017,0.05,-0.007,0,1,0,1,0,0,0,0,0,0,0,0,0,0,0,0,0,0,0,0,413.584,232.654,213,117,-0.71,-0.567,-0.042,-0.027,36,271.5,254,-2.5,0,0,0,0,0,0,0,0,0,1104

Main.js:462 86.168,245.935,351,351,0.895,-0.024,0.049,-0.008,0,1,0,1,0,0,0,0,0,0,0,0,0,0,0,0,0,0,0,0,412.869,232.091,211.5,114,-0.715,-0.563,-0.043,-0.026,35,269,254,-2.5,0,0,0,0,0,0,0,0,0,1119

Main.js:462 87.065,245.903,349.5,349.5,0.897,-0.031,0.049,-0.009,0,1,0,1,0,0,0,0,0,0,0,0,0,0,0,0,0,0,0,0,412.149,231.532,210,111,-0.72,-0.559,-0.043,-0.025,34,266.5,254,-2.5,0,0,0,0,0,0,0,0,0,1137

Main.js:462 87.963,245.863,348,348,0.898,-0.04,0.049,-0.01,0,1,0,1,0,0,0,0,0,0,0,0,0,0,0,0,0,0,0,0,411.423,230.979,208.5,108,-0.726,-0.554,-0.044,-0.024,33,264,254,-2.5,0,0,0,0,0,0,0,0,0,1152

Main.js:462 88.863,245.816,348,348,0.9,-0.048,0.049,-0.01,0,0,0,1,0,0,0,0,0,0,0,0,0,0,0,0,0,0,0,0,410.691,230.431,207,105,-0.732,-0.547,-0.045,-0.023,32,261.5,254,-2.5,0,0,0,0,0,0,0,0,0,1170

Main.js:462 89.765,245.761,348,348,0.901,-0.055,0.049,-0.01,0,0,0,1,0,0,0,0,0,0,0,0,0,0,0,0,0,0,0,0,409.953,229.891,205.5,102,-0.738,-0.541,-0.045,-0.022,31,259,254,-2.5,0,0,0,0,0,0,0,0,0,1187

Main.js:462 90.667,245.698,348,348,0.903,-0.062,0.049,-0.01,0,0,0,1,0,0,0,0,0,0,0,0,0,0,0,0,0,0,0,0,409.209,229.358,204,99,-0.745,-0.533,-0.046,-0.02,30,256.5,254,-2.5,0,0,0,0,0,0,0,0,0,1202

Main.js:462 91.572,245.629,348,348,0.904,-0.069,0.049,-0.01,0,0,0,1,0,0,0,0,0,0,0,0,0,0,0,0,0,0,0,0,408.457,228.833,202.5,96,-0.751,-0.524,-0.046,-0.019,29,254,254,-2.5,0,0,0,0,0,0,0,0,0,1220

Main.js:462 92.477,245.554,348,348,0.905,-0.075,0.049,-0.01,0,0,0,1,0,0,0,0,0,0,0,0,0,0,0,0,0,0,0,0,407.699,228.318,201,93,-0.758,-0.515,-0.047,-0.018,28,251.5,254,-2.5,0,0,0,0,0,0,0,0,0,1236

Main.js:462 93.384,245.472,348,348,0.907,-0.082,0.049,-0.01,0,0,0,1,0,0,0,0,0,0,0,0,0,0,0,0,0,0,0,0,406.934,227.813,199.5,90,-0.765,-0.505,-0.047,-0.017,27,249,254,-2.5,0,0,0,0,0,0,0,0,0,1252

Main.js:462 94.291,245.384,346.5,346.5,0.907,-0.089,0.049,-0.012,0,1,0,1,0,0,0,0,0,0,0,0,0,0,0,0,0,0,0,0,406.163,227.318,198,87,-0.772,-0.495,-0.048,-0.015,26,246.5,254,-2.5,0,0,0,0,0,0,0,0,0,1269

Main.js:462 95.199,245.288,345,345,0.908,-0.096,0.048,-0.013,0,1,0,1,0,0,0,0,0,0,0,0,0,0,0,0,0,0,0,0,405.384,226.835,196.5,84,-0.779,-0.483,-0.048,-0.014,25,244,254,-2.5,0,0,0,0,0,0,0,0,0,1287

Main.js:462 96.107,245.182,343.5,343.5,0.908,-0.105,0.048,-0.014,0,1,0,1,0,0,0,0,0,0,0,0,0,0,0,0,0,0,0,0,404.598,226.363,195,81,-0.786,-0.472,-0.048,-0.013,24,241.5,254,-2.5,0,0,0,0,0,0,0,0,0,1302

Main.js:462 97.015,245.068,342,342,0.908,-0.115,0.048,-0.015,0,1,0,1,0,0,0,0,0,0,0,0,0,0,0,0,0,0,0,0,403.805,225.904,193.5,78,-0.793,-0.459,-0.049,-0.012,23,239,254,-2.5,0,0,0,0,0,0,0,0,0,1318

Main.js:462 97.922,244.943,340.5,340.5,0.907,-0.125,0.047,-0.017,0,1,0,1,0,0,0,0,0,0,0,0,0,0,0,0,0,0,0,0,403.006,225.458,192,75,-0.799,-0.446,-0.049,-0.01,22,236.5,254,-2.5,0,0,0,0,0,0,0,0,0,1336

Main.js:462 98.829,244.808,339,339,0.906,-0.135,0.047,-0.018,0,1,0,1,0,0,0,0,0,0,0,0,0,0,0,0,0,0,0,0,402.2,225.026,190.5,72,-0.806,-0.432,-0.049,-0.009,21,234,254,-2.5,0,0,0,0,0,0,0,0,0,1353

Main.js:462 99.733,244.661,337.5,337.5,0.905,-0.147,0.046,-0.019,0,1,0,1,0,0,0,0,0,0,0,0,0,0,0,0,0,0,0,0,401.387,224.608,189,69,-0.813,-0.418,-0.049,-0.008,20,231.5,254,-2.5,0,0,0,0,0,0,0,0,0,1370

Main.js:462 100.636,244.502,336,336,0.903,-0.159,0.046,-0.02,0,1,0,1,0,0,0,0,0,0,0,0,0,0,0,0,0,0,0,0,400.568,224.204,187.5,66,-0.819,-0.403,-0.05,-0.007,19,229,254,-2.5,0,0,0,0,0,0,0,0,0,1386

Main.js:462 101.537,244.331,334.5,334.5,0.901,-0.171,0.045,-0.022,0,1,0,1,0,0,0,0,0,0,0,0,0,0,0,0,0,0,0,0,399.742,223.816,186,63,-0.826,-0.388,-0.05,-0.005,18,226.5,254,-2.5,0,0,0,0,0,0,0,0,0,1402

Main.js:462 102.435,244.147,333,333,0.898,-0.184,0.045,-0.023,0,1,0,1,0,0,0,0,0,0,0,0,0,0,0,0,0,0,0,0,398.91,223.443,184.5,60,-0.832,-0.373,-0.05,-0.004,17,224,254,-2.5,0,0,0,0,0,0,0,0,0,1419

Main.js:462 103.33,243.949,331.5,331.5,0.895,-0.198,0.044,-0.024,0,1,0,1,0,0,0,0,0,0,0,0,0,0,0,0,0,0,0,0,398.073,223.087,183,57,-0.837,-0.356,-0.05,-0.003,16,221.5,254,-2.5,0,0,0,0,0,0,0,0,0,1436

Main.js:462 104.221,243.737,330,330,0.891,-0.212,0.043,-0.025,0,1,0,1,0,0,0,0,0,0,0,0,0,0,0,0,0,0,0,0,397.23,222.747,181.5,54,-0.843,-0.34,-0.05,-0.001,15,219,254,-2.5,0,0,0,0,0,0,0,0,0,1452

Main.js:462 105.108,243.511,328.5,328.5,0.887,-0.226,0.043,-0.026,0,1,0,1,0,0,0,0,0,0,0,0,0,0,0,0,0,0,0,0,396.381,222.424,180,51,-0.848,-0.323,-0.05,0,14,216.5,254,-2.5,0,0,0,0,0,0,0,0,0,1469

Main.js:462 105.991,243.271,327,327,0.883,-0.24,0.042,-0.027,0,1,0,1,0,0,0,0,0,0,0,0,0,0,0,0,0,0,0,0,395.528,222.119,178.5,48,-0.853,-0.305,-0.05,0.001,13,214,254,-2.5,0,0,0,0,0,0,0,0,0,1486

Main.js:462 106.869,243.017,327,327,0.878,-0.254,0.042,-0.027,0,0,0,1,0,0,0,0,0,0,0,0,0,0,0,0,0,0,0,0,394.67,221.831,177,45,-0.858,-0.288,-0.05,0.003,12,211.5,254,-2.5,0,0,0,0,0,0,0,0,0,1502

Main.js:462 107.744,242.749,327,327,0.874,-0.267,0.042,-0.027,0,0,0,1,0,0,0,0,0,0,0,0,0,0,0,0,0,0,0,0,393.807,221.561,175.5,42,-0.863,-0.27,-0.05,0.004,11,209,254,-2.5,0,0,0,0,0,0,0,0,0,1520

Main.js:462 108.614,242.469,327,327,0.87,-0.28,0.042,-0.027,0,0,0,1,0,0,0,0,0,0,0,0,0,0,0,0,0,0,0,0,392.94,221.31,174,39,-0.867,-0.251,-0.05,0.005,10,206.5,254,-2.5,0,0,0,0,0,0,0,0,0,1536

Main.js:462 109.481,242.177,327,327,0.867,-0.292,0.042,-0.027,0,0,0,1,0,0,0,0,0,0,0,0,0,0,0,0,0,0,0,0,392.07,221.078,172.5,36,-0.871,-0.232,-0.05,0.007,9,204,254,-2.5,0,0,0,0,0,0,0,0,0,1553

Main.js:462 110.344,241.874,327,327,0.863,-0.303,0.042,-0.027,0,0,0,1,0,0,0,0,0,0,0,0,0,0,0,0,0,0,0,0,391.196,220.864,171,33,-0.874,-0.213,-0.049,0.008,8,201.5,254,-2.5,0,0,0,0,0,0,0,0,0,1569

Main.js:462 111.204,241.56,327,327,0.86,-0.314,0.042,-0.027,0,0,0,1,0,0,0,0,0,0,0,0,0,0,0,0,0,0,0,0,390.319,220.67,169.5,30,-0.877,-0.194,-0.049,0.009,7,199,254,-2.5,0,0,0,0,0,0,0,0,0,1586

Main.js:462 112.06,241.236,327,327,0.857,-0.324,0.042,-0.027,0,0,0,1,0,0,0,0,0,0,0,0,0,0,0,0,0,0,0,0,389.439,220.496,168,27,-0.88,-0.174,-0.049,0.01,6,196.5,254,-2.5,0,0,0,0,0,0,0,0,0,1604

Main.js:462 112.914,240.903,327,327,0.854,-0.334,0.042,-0.027,0,0,0,1,0,0,0,0,0,0,0,0,0,0,0,0,0,0,0,0,388.557,220.341,166.5,24,-0.882,-0.155,-0.049,0.012,5,194,254,-2.5,0,0,0,0,0,0,0,0,0,1619

Main.js:462 113.765,240.56,327,327,0.851,-0.343,0.042,-0.027,0,0,0,1,0,0,0,0,0,0,0,0,0,0,0,0,0,0,0,0,387.674,220.207,165,21,-0.884,-0.135,-0.048,0.013,4,191.5,254,-2.5,0,0,0,0,0,0,0,0,0,1637

Main.js:462 114.613,240.208,327,327,0.848,-0.352,0.042,-0.027,0,0,0,1,0,0,0,0,0,0,0,0,0,0,0,0,0,0,0,0,386.789,220.092,163.5,18,-0.885,-0.114,-0.048,0.014,3,189,254,-2.5,0,0,0,0,0,0,0,0,0,1653

Main.js:462 115.459,239.848,327,327,0.846,-0.36,0.042,-0.027,0,0,0,1,0,0,0,0,0,0,0,0,0,0,0,0,0,0,0,0,385.903,219.998,162,15,-0.886,-0.094,-0.048,0.015,2,186.5,254,-2.5,0,0,0,0,0,0,0,0,0,1669

Main.js:462 116.302,239.481,327,327,0.843,-0.368,0.042,-0.027,0,0,0,1,0,0,0,0,0,0,0,0,0,0,0,0,0,0,0,0,385.017,219.925,160.5,12,-0.886,-0.073,-0.047,0.017,1,184,254,-2.5,0,0,0,0,0,0,0,0,0,1686

Main.js:462 117.143,239.105,327,327,0.841,-0.375,0.042,-0.027,0,0,0,1,0,0,0,0,0,0,0,0,0,0,0,0,0,0,0,0,384.13,219.872,159,9,-0.886,-0.053,-0.047,0.018,0,181.5,254,-2.5,0,0,0,0,0,0,0,0,0,1702

Main.js:462 117.981,238.723,327,327,0.839,-0.382,0.042,-0.027,0,0,0,1,0,0,0,0,0,0,0,0,0,0,0,0,0,0,0,0,383.244,219.84,157.5,6,-0.886,-0.032,-0.046,0.019,99,179,254,-2.5,0,0,0,0,0,0,0,0,0,1718

Main.js:462 118.818,238.334,327,327,0.837,-0.389,0.042,-0.027,0,0,0,1,0,0,0,0,0,0,0,0,0,0,0,0,0,0,0,0,382.359,219.829,156,3,-0.885,-0.011,-0.046,0.02,98,176.5,254,-2.5,0,407.502,222.328,2.486,0.261,0,0,0,0,1735

Main.js:462 119.653,237.938,327,327,0.835,-0.396,0.042,-0.027,0,0,0,1,0,0,0,0,0,0,0,0,0,0,0,0,0,0,0,0,381.476,219.839,154.5,0,-0.884,0.01,-0.045,0.022,97,174,254,-2.5,0,409.988,222.59,2.486,0.261,0,0,0,0,1754

Main.js:462 120.485,237.537,327,327,0.833,-0.402,0.042,-0.027,0,0,0,1,0,0,0,0,0,0,0,0,0,0,0,0,0,0,0,0,380.594,219.87,153,357,-0.882,0.031,-0.045,0.023,96,171.5,254,-2.5,0,412.474,222.851,2.486,0.261,0,0,0,0,1768

Main.js:462 121.316,237.129,327,327,0.831,-0.407,0.042,-0.027,0,0,0,1,0,0,0,0,0,0,0,0,0,0,0,0,0,0,0,0,379.714,219.922,151.5,354,-0.879,0.052,-0.044,0.024,95,169,254,-2.5,0,414.961,223.112,2.486,0.261,0,0,0,0,1785

Main.js:462 122.146,236.718,328.5,328.5,0.83,-0.412,0.043,-0.026,0,0,1,1,0,0,0,0,0,0,0,0,0,0,0,0,0,0,0,0,378.838,219.996,150,351,-0.877,0.073,-0.043,0.025,94,166.5,254,-2.5,0,417.447,223.374,2.486,0.261,0,0,0,0,1802

Main.js:462 122.975,236.303,330,330,0.829,-0.415,0.043,-0.025,0,0,1,1,0,0,0,0,0,0,0,0,0,0,0,0,0,0,0,0,377.965,220.09,148.5,348,-0.873,0.094,-0.043,0.026,93,164,254,-2.5,0,419.933,223.635,2.486,0.261,0,0,0,0,1819

Main.js:462 123.805,235.886,331.5,331.5,0.83,-0.417,0.044,-0.024,0,0,1,1,0,0,0,0,0,0,0,0,0,0,0,0,0,0,0,0,377.095,220.206,147,345,-0.869,0.116,-0.042,0.027,92,161.5,254,-2.5,0,422.419,223.896,2.486,0.261,0,0,0,0,1837

Main.js:462 124.636,235.468,333,333,0.831,-0.418,0.045,-0.023,0,0,1,1,0,0,0,0,0,0,0,0,0,0,0,0,0,0,0,0,376.23,220.342,145.5,342,-0.865,0.137,-0.041,0.028,91,159,254,-2.5,0,424.906,224.158,2.486,0.261,0,0,0,0,1853

Main.js:462 125.468,235.051,334.5,334.5,0.832,-0.417,0.045,-0.022,0,0,1,1,0,0,0,0,0,0,0,0,0,0,0,0,0,0,0,0,375.37,220.5,144,339,-0.86,0.158,-0.04,0.029,90,156.5,254,-2.5,0,427.392,224.419,2.486,0.261,0,0,0,0,1883

Main.js:462 126.301,234.635,336,336,0.834,-0.416,0.046,-0.02,0,0,1,1,0,0,0,0,0,0,0,0,0,0,0,0,0,0,0,0,374.515,220.679,142.5,336,-0.855,0.179,-0.04,0.03,89,154,254,-2.5,0,429.878,224.68,2.486,0.261,0,0,0,0,1902

Main.js:462 127.137,234.222,337.5,337.5,0.836,-0.413,0.046,-0.019,0,0,1,1,0,0,0,0,0,0,0,0,0,0,0,0,0,0,0,0,373.666,220.879,141,333,-0.849,0.2,-0.039,0.031,88,151.5,254,-2.5,0,432.365,224.942,2.486,0.261,0,0,0,0,1918

Main.js:462 127.976,233.813,339,339,0.838,-0.409,0.047,-0.018,0,0,1,1,0,0,0,0,0,0,0,0,0,0,0,0,0,0,0,0,372.823,221.1,139.5,330,-0.843,0.221,-0.038,0.032,87,149,254,-2.5,0,434.851,225.203,2.486,0.261,0,0,0,0,1935

Main.js:462 128.817,233.408,340.5,340.5,0.841,-0.405,0.047,-0.017,0,0,1,1,0,0,0,0,0,0,0,0,0,0,0,0,0,0,0,0,371.987,221.341,138,327,-0.836,0.241,-0.037,0.033,86,146.5,254,-2.5,0,437.337,225.464,2.486,0.261,0,0,0,0,1957

Main.js:462 129.661,233.009,342,342,0.844,-0.399,0.048,-0.015,0,0,1,1,0,0,0,0,0,0,0,0,0,0,0,0,0,0,0,0,371.158,221.603,136.5,324,-0.829,0.262,-0.036,0.034,85,144,254,-2.5,0,439.824,225.726,2.486,0.261,0,0,0,0,1970

Main.js:462 130.509,232.616,343.5,343.5,0.848,-0.393,0.048,-0.014,0,0,1,1,0,0,0,0,0,0,0,0,0,0,0,0,0,0,0,0,370.337,221.885,135,321,-0.821,0.283,-0.035,0.035,84,141.5,254,-2.5,0,442.31,225.987,2.486,0.261,0,0,0,0,1988

Main.js:462 131.315,232.243,345,345,0.805,-0.373,0,0,0,0,1,0,0,0,0,0,0,0,0,0,0,0,0,0,0,0,0,0,369.525,222.188,133.5,318,-0.812,0.303,-0.034,0.036,83,139,254,-2.5,0,444.796,226.248,2.486,0.261,0,0,0,0,2002

Main.js:462 132.08,231.888,346.5,346.5,0.765,-0.354,0,0,0,0,1,0,0,0,0,0,0,0,0,0,0,0,0,0,0,0,0,0,368.72,222.51,135,318,-0.805,0.321,-0.035,0.035,82,136.5,254,-2.5,0,447.282,226.51,2.486,0.261,0,0,0,0,2020

Main.js:462 132.806,231.552,348,348,0.727,-0.337,0,0,0,0,1,0,0,0,0,0,0,0,0,0,0,0,0,0,0,0,0,0,367.92,222.848,136.5,318,-0.8,0.338,-0.036,0.034,81,134,254,-2.5,0,449.769,226.771,2.486,0.261,0,0,0,0,2037

Main.js:462 133.497,231.232,349.5,349.5,0.69,-0.32,0,0,0,0,1,0,0,0,0,0,0,0,0,0,0,0,0,0,0,0,0,0,367.125,223.2,138,318,-0.795,0.353,-0.037,0.033,80,131.5,254,-2.5,0,452.255,227.032,2.486,0.261,0,0,0,0,2052

Main.js:462 134.153,230.928,351,351,0.656,-0.304,0,0,0,0,1,0,0,0,0,0,0,0,0,0,0,0,0,0,0,0,0,0,366.334,223.566,139.5,318,-0.791,0.366,-0.038,0.032,79,129,254,-2.5,0,454.741,227.294,2.486,0.261,0,0,0,0,2068

Main.js:462 134.776,230.639,351,351,0.623,-0.289,0,0,0,0,0,0,0,0,0,0,0,0,0,0,0,0,0,0,0,0,0,0,365.545,223.944,141,318,-0.789,0.378,-0.039,0.031,78,126.5,254,-2.5,0,457.228,227.555,2.486,0.261,0,0,0,0,2086

Main.js:462 135.368,230.365,351,351,0.592,-0.274,0,0,0,0,0,0,0,0,0,0,0,0,0,0,0,0,0,0,0,0,0,0,364.758,224.332,142.5,318,-0.787,0.388,-0.04,0.03,77,124,254,-2.5,0,459.714,227.816,2.486,0.261,0,0,0,0,2103

Main.js:462 135.93,230.104,351,351,0.562,-0.261,0,0,99,0,0,0,0,1,0,0,0,0,0,0,0,0,0,0,0,0,0,0,363.972,224.728,144,318,-0.786,0.396,-0.04,0.029,76,121.5,254,-2.5,0,462.2,228.078,2.486,0.261,0,0,0,0,2120

Main.js:462 136.465,229.857,351,351,0.534,-0.248,0,0,98,0,0,0,0,1,0,0,158.579,226.688,2.469,-0.391,0,0,0,0,0,0,0,0,363.187,225.131,145.5,318,-0.786,0.403,-0.041,0.028,75,119,254,-2.5,0,464.687,228.339,2.486,0.261,0,0,0,0,2136

Main.js:462 136.972,229.621,351,351,0.508,-0.235,0,0,97,0,0,0,0,1,0,0,161.048,226.297,2.469,-0.391,0,0,0,0,0,0,0,0,362.4,225.54,147,318,-0.786,0.409,-0.042,0.027,74,116.5,254,-2.5,0,467.173,228.6,2.486,0.261,0,0,0,0,2151

Main.js:462 137.455,229.398,351,351,0.482,-0.223,0,0,96,0,0,0,0,1,0,0,163.517,225.906,2.469,-0.391,0,0,0,0,0,0,0,0,361.613,225.953,148.5,318,-0.788,0.413,-0.043,0.026,73,114,254,-2.5,0,469.659,228.862,2.486,0.261,0,0,0,0,2168

Main.js:462 137.913,229.186,351,351,0.458,-0.212,0,0,95,0,0,0,0,1,0,0,165.986,225.515,2.469,-0.391,0,0,0,0,0,0,0,0,360.823,226.37,150,318,-0.789,0.416,-0.043,0.025,72,111.5,254,-2.5,0,472.146,229.123,2.486,0.261,0,0,0,0,2186

Main.js:462 138.348,228.984,351,351,0.435,-0.202,0,0,94,0,0,0,0,1,0,0,168.456,225.124,2.469,-0.391,0,0,0,0,0,0,0,0,360.032,226.788,151.5,318,-0.792,0.418,-0.044,0.024,71,109,254,-2.5,0,474.632,229.384,2.486,0.261,0,0,0,0,2202

Main.js:462 138.761,228.793,351,351,0.413,-0.192,0,0,93,0,0,0,0,1,0,0,170.925,224.733,2.469,-0.391,0,0,0,0,0,0,0,0,359.237,227.207,153,318,-0.794,0.419,-0.045,0.023,70,106.5,254,-2.5,0,477.118,229.645,2.486,0.261,0,0,0,0,2219

Main.js:462 139.154,228.611,351,351,0.393,-0.182,0,0,92,0,0,0,0,0,0,0,173.394,224.342,2.469,-0.391,0,0,0,0,0,0,0,0,358.44,227.625,154.5,318,-0.797,0.418,-0.045,0.022,69,104,254,-2.5,0,479.604,229.907,2.486,0.261,0,0,0,0,2236

Main.js:462 139.527,228.438,351,351,0.373,-0.173,0,0,91,0,0,0,0,0,0,0,175.863,223.951,2.469,-0.391,0,0,0,0,0,0,0,0,357.639,228.042,156,318,-0.801,0.417,-0.046,0.02,68,101.5,254,-2.5,0,482.091,230.168,2.486,0.261,0,0,0,0,2252

Main.js:462 139.882,228.273,351,351,0.354,-0.164,0,0,90,0,0,0,0,0,0,0,178.333,223.56,2.469,-0.391,0,0,0,0,0,0,0,0,356.834,228.456,157.5,318,-0.805,0.414,-0.046,0.019,67,99,254,-2.5,0,484.577,230.429,2.486,0.261,0,0,0,0,2269

Main.js:462 140.218,228.117,351,351,0.337,-0.156,0,0,89,0,0,0,0,0,0,0,180.802,223.169,2.469,-0.391,0,0,0,0,0,0,0,0,356.025,228.867,159,318,-0.809,0.41,-0.047,0.018,66,96.5,254,-2.5,0,487.063,230.691,2.486,0.261,0,0,0,0,2286

Main.js:462 140.538,227.969,351,351,0.32,-0.148,0,0,88,0,0,0,0,0,0,0,183.271,222.778,2.469,-0.391,0,0,0,0,0,0,0,0,355.212,229.273,160.5,318,-0.813,0.406,-0.047,0.017,65,94,254,-2.5,0,489.55,230.952,2.486,0.261,0,0,0,0,2303

Main.js:462 140.842,227.828,351,351,0.304,-0.141,0,0,87,0,0,0,0,0,0,0,185.74,222.387,2.469,-0.391,0,0,0,0,0,0,0,0,354.394,229.673,162,318,-0.818,0.4,-0.048,0.015,64,91.5,254,-2.5,0,492.036,231.213,2.486,0.261,0,0,0,0,2319

Main.js:462 141.131,227.695,351,351,0.289,-0.134,0,0,86,0,0,0,0,1,0,0,188.209,221.995,2.469,-0.391,0,0,0,0,0,0,0,0,353.572,230.067,163.5,318,-0.822,0.394,-0.048,0.014,63,89,254,-2.5,0,494.522,231.475,2.486,0.261,0,0,0,0,2336

Main.js:462 141.405,227.568,351,351,0.274,-0.127,0,0,85,0,0,0,0,1,0,0,190.679,221.604,2.469,-0.391,0,0,0,0,0,0,0,0,352.745,230.453,165,318,-0.827,0.386,-0.048,0.013,62,86.5,254,-2.5,0,497.009,231.736,2.486,0.261,0,0,0,0,2353

Main.js:462 141.666,227.447,351,351,0.261,-0.121,0,0,84,0,0,0,0,1,0,0,193.148,221.213,2.469,-0.391,0,0,0,0,0,0,0,0,351.913,230.831,166.5,318,-0.832,0.378,-0.049,0.012,61,84,254,-2.5,0,499.495,231.997,2.486,0.261,0,0,0,0,2369

Main.js:462 141.913,227.332,351,351,0.248,-0.115,0,0,83,0,0,0,0,1,0,0,193.148,221.213,2.469,-0.391,0,0,0,0,0,0,0,0,351.076,231.2,168,318,-0.837,0.369,-0.049,0.01,60,81.5,254,-2.5,0,0,0,0,0,0,0,0,0,2385

Main.js:462 142.148,227.223,351,351,0.235,-0.109,0,0,82,0,0,0,0,1,0,0,195.617,220.822,2.469,-0.391,0,0,0,0,0,0,0,0,350.234,231.559,169.5,318,-0.842,0.359,-0.049,0.009,59,79,254,-2.5,0,0,0,0,0,0,0,0,0,2402

Main.js:462 142.372,227.12,351,351,0.223,-0.104,0,0,81,0,0,0,0,0,0,0,198.086,220.431,2.469,-0.391,0,0,0,0,0,0,0,0,349.387,231.908,171,318,-0.847,0.349,-0.049,0.008,58,76.5,254,-2.5,0,0,0,0,0,0,0,0,0,2419

Main.js:462 142.584,227.021,351,351,0.212,-0.098,0,0,80,0,0,0,0,0,0,0,200.556,220.04,2.469,-0.391,0,0,0,0,0,0,0,0,348.536,232.245,172.5,318,-0.851,0.337,-0.05,0.007,57,74,254,-2.5,0,0,0,0,0,0,0,0,0,2435

Main.js:462 142.786,226.928,351,351,0.202,-0.093,0,0,79,0,0,0,0,0,0,0,203.025,219.649,2.469,-0.391,0,0,0,0,0,0,0,0,347.68,232.571,174,318,-0.856,0.326,-0.05,0.005,56,71.5,254,-2.5,0,0,0,0,0,0,0,0,0,2453

Main.js:462 142.977,226.839,351,351,0.192,-0.089,0,0,78,0,0,0,0,0,0,0,205.494,219.258,2.469,-0.391,0,0,0,0,0,0,0,0,346.819,232.884,175.5,318,-0.861,0.313,-0.05,0.004,55,69,254,-2.5,0,0,0,0,0,0,0,0,0,2470

Main.js:462 143.159,226.755,351,351,0.182,-0.084,0,0,77,0,0,0,0,0,0,0,207.963,218.867,2.469,-0.391,0,0,0,0,0,0,0,0,345.954,233.184,177,318,-0.865,0.3,-0.05,0.003,54,66.5,254,-2.5,0,0,0,0,0,0,0,0,0,2485

Main.js:462 143.332,226.675,351,351,0.173,-0.08,0,0,76,0,0,0,0,0,0,0,210.432,218.476,2.469,-0.391,0,0,0,0,0,0,0,0,345.085,233.47,178.5,318,-0.869,0.286,-0.05,0.001,53,64,254,-2.5,0,0,0,0,0,0,0,0,0,2503

Main.js:462 143.496,226.599,352.5,352.5,0.164,-0.076,0,0,75,0,1,0,0,1,0,0,212.902,218.085,2.469,-0.391,0,0,0,0,0,0,0,0,344.212,233.743,178.5,316.5,-0.873,0.273,-0.05,0.001,52,61.5,254,-2.5,0,0,0,0,0,0,0,0,0,2519

Main.js:462 143.652,226.526,354,354,0.156,-0.072,0,0,74,0,1,0,0,1,0,0,215.371,217.693,2.469,-0.391,0,0,0,0,0,0,0,0,343.335,234.004,178.5,315,-0.877,0.261,-0.05,0.001,51,59,254,-2.5,0,0,0,0,0,0,0,0,0,2536

Main.js:462 143.8,226.458,355.5,355.5,0.148,-0.069,0,0,73,0,1,0,0,1,0,0,217.84,217.302,2.469,-0.391,0,0,0,0,0,0,0,0,342.454,234.253,178.5,313.5,-0.881,0.249,-0.05,0.001,50,56.5,254,-2.5,0,0,0,0,0,0,0,0,0,2552

Main.js:462 143.941,226.393,357,357,0.141,-0.065,0,0,72,0,1,0,0,1,0,0,220.309,216.911,2.469,-0.391,0,0,0,0,0,0,0,0,341.57,234.49,178.5,312,-0.884,0.238,-0.05,0.001,49,54,254,-2.5,0,0,0,0,0,0,0,0,0,2570

Main.js:462 144.075,226.331,358.5,358.5,0.134,-0.062,0,0,71,0,1,0,0,1,0,0,222.779,216.52,2.469,-0.391,0,0,0,0,0,0,0,0,340.683,234.717,178.5,310.5,-0.887,0.227,-0.05,0.001,48,51.5,254,-2.5,0,0,0,0,0,0,0,0,0,2588

Main.js:462 144.202,226.272,0,0,0.127,-0.059,0,0,70,0,1,0,0,0,0,0,225.248,216.129,2.469,-0.391,0,0,0,0,0,0,0,0,339.792,234.934,178.5,309,-0.891,0.217,-0.05,0.001,47,49,254,-2.5,0,0,0,0,0,0,0,0,0,2604

Main.js:462 144.323,226.216,0,0,0.121,-0.056,0,0,69,0,0,0,0,0,0,0,227.717,215.738,2.469,-0.391,0,0,0,0,0,0,0,0,338.899,235.141,178.5,307.5,-0.893,0.207,-0.05,0.001,46,46.5,254,-2.5,0,0,0,0,0,0,0,0,0,2619

Main.js:462 144.437,226.163,0,0,0.115,-0.053,0,0,68,0,0,0,0,0,0,0,230.186,215.347,2.469,-0.391,0,0,0,0,0,0,0,0,338.003,235.34,178.5,306,-0.896,0.198,-0.05,0.001,45,44,254,-2.5,0,0,0,0,0,0,0,0,0,2636

Main.js:462 144.546,226.112,0,0,0.109,-0.05,0,0,67,0,0,0,0,0,0,0,232.655,214.956,2.469,-0.391,0,0,0,0,0,0,0,0,337.104,235.529,178.5,304.5,-0.899,0.19,-0.05,0.001,44,41.5,254,-2.5,0,0,0,0,0,0,0,0,0,2651

Main.js:462 144.65,226.064,0,0,0.103,-0.048,0,0,66,0,0,0,0,0,0,0,235.125,214.565,2.469,-0.391,0,0,0,0,0,0,0,0,336.202,235.71,178.5,303,-0.901,0.181,-0.05,0.001,43,39,254,-2.5,0,0,0,0,0,0,0,0,0,2669

Main.js:462 144.748,226.019,0,0,0.098,-0.046,0,0,65,0,0,0,0,1,0,0,237.594,214.174,2.469,-0.391,0,0,0,0,0,0,0,0,335.298,235.884,178.5,301.5,-0.904,0.173,-0.05,0.001,42,36.5,254,-2.5,0,0,0,0,0,0,0,0,0,2687

Main.js:462 144.842,225.975,0,0,0.093,-0.043,0,0,64,0,0,0,0,1,0,0,240.063,213.783,2.469,-0.391,0,0,0,0,0,0,0,0,334.392,236.05,178.5,300,-0.906,0.166,-0.05,0.001,41,34,254,-2.5,0,0,0,0,0,0,0,0,0,2703

Main.js:462 144.93,225.934,0,0,0.089,-0.041,0,0,63,0,0,0,0,1,0,0,242.532,213.392,2.469,-0.391,0,0,0,0,0,0,0,0,333.484,236.209,178.5,298.5,-0.908,0.159,-0.05,0.001,40,31.5,254,-2.5,0,0,0,0,0,0,0,0,0,2718

Main.js:462 145.015,225.895,0,0,0.084,-0.039,0,0,62,0,0,0,0,1,0,0,245.001,213,2.469,-0.391,0,0,0,0,0,0,0,0,332.573,236.361,178.5,297,-0.91,0.152,-0.05,0.001,39,29,254,-2.5,0,0,0,0,0,0,0,0,0,2735

Main.js:462 145.095,225.858,0,0,0.08,-0.037,0,0,61,0,0,0,0,1,0,0,247.471,212.609,2.469,-0.391,0,0,0,0,0,0,0,0,331.661,236.507,178.5,295.5,-0.912,0.146,-0.05,0.001,38,26.5,254,-2.5,0,0,0,0,0,0,0,0,0,2754

Main.js:462 145.171,225.823,0,0,0.076,-0.035,0,0,60,0,0,0,0,1,0,0,249.94,212.218,2.469,-0.391,0,0,0,0,0,0,0,0,330.747,236.647,178.5,294,-0.914,0.14,-0.05,0.001,37,24,254,-2.5,0,0,0,0,0,0,0,0,0,2769

Main.js:462 145.243,225.789,0,0,0.072,-0.033,0,0,59,0,0,0,0,0,0,0,252.409,211.827,2.469,-0.391,0,0,0,0,0,0,0,0,329.83,236.781,178.5,292.5,-0.916,0.134,-0.05,0.001,36,21.5,254,-2.5,0,0,0,0,0,0,0,0,0,2785

Main.js:462 145.312,225.758,0,0,0.069,-0.032,0,0,58,0,0,0,0,0,0,0,254.878,211.436,2.469,-0.391,0,0,0,0,0,0,0,0,328.913,236.91,178.5,291,-0.918,0.129,-0.05,0.001,35,19,254,-2.5,0,0,0,0,0,0,0,0,0,2803

Main.js:462 145.377,225.727,0,0,0.065,-0.03,0,0,57,0,0,0,0,0,0,0,257.348,211.045,2.469,-0.391,0,0,0,0,0,0,0,0,327.993,237.033,178.5,289.5,-0.919,0.123,-0.05,0.001,34,16.5,254,-2.5,0,0,0,0,0,0,0,0,0,2818

Main.js:462 145.439,225.699,0,0,0.062,-0.029,0,0,56,0,0,0,0,0,0,0,259.817,210.654,2.469,-0.391,0,0,0,0,0,0,0,0,327.073,237.151,178.5,288,-0.921,0.119,-0.05,0.001,33,14,254,-2.5,0,0,0,0,0,0,0,0,0,2835

Main.js:462 145.498,225.671,0,0,0.059,-0.027,0,0,55,0,0,0,0,1,0,0,262.286,210.263,2.469,-0.391,0,0,0,0,0,0,0,0,326.15,237.265,178.5,286.5,-0.922,0.114,-0.05,0.001,32,11.5,254,-2.5,0,0,0,0,0,0,0,0,0,2853

Main.js:462 145.554,225.645,0,0,0.056,-0.026,0,0,54,0,0,0,0,1,0,0,264.755,209.872,2.469,-0.391,0,0,0,0,0,0,0,0,325.227,237.375,178.5,285,-0.924,0.109,-0.05,0.001,31,9,254,-2.5,0,0,0,0,0,0,0,0,0,2870

Main.js:462 145.607,225.621,1.5,1.5,0.053,-0.025,0,0,53,0,1,0,0,1,0,0,267.224,209.481,2.469,-0.391,0,0,0,0,0,0,0,0,324.302,237.48,178.5,283.5,-0.925,0.105,-0.05,0.001,30,6.5,254,-2.5,0,0,0,0,0,0,0,0,0,2932

Main.js:462 145.657,225.597,3,3,0.05,-0.023,0,0,52,0,1,0,0,1,0,0,269.694,209.09,2.469,-0.391,0,0,0,0,0,0,0,0,323.376,237.581,178.5,282,-0.926,0.101,-0.05,0.001,29,4,254,-2.5,0,0,0,0,0,0,0,0,0,2934

Main.js:462 145.705,225.575,4.5,4.5,0.048,-0.022,0,0,51,0,1,0,0,0,0,0,272.163,208.698,2.469,-0.391,0,0,0,0,0,0,0,0,322.448,237.678,178.5,280.5,-0.927,0.097,-0.05,0.001,28,1.5,254,-2.5,0,0,0,0,0,0,0,0,0,2952

Main.js:462 145.751,225.554,6,6,0.046,-0.021,0,0,50,0,1,0,0,0,0,0,272.163,208.698,2.469,-0.391,0,0,0,0,0,0,0,0,321.52,237.772,178.5,279,-0.928,0.094,-0.05,0.001,27,0,0,0,0,0,0,0,0,0,0,0,0,2968

Main.js:462 145.794,225.534,6,6,0.043,-0.02,0,0,49,0,0,0,0,0,0,0,274.632,208.307,2.469,-0.391,0,0,0,0,0,0,0,0,320.59,237.862,178.5,277.5,-0.93,0.09,-0.05,0.001,26,0,0,0,0,0,0,0,0,0,0,0,0,2985

Main.js:462 145.835,225.515,6,6,0.041,-0.019,0,0,48,0,0,0,0,0,0,0,277.101,207.916,2.469,-0.391,0,0,0,0,0,0,0,0,319.66,237.949,178.5,276,-0.931,0.087,-0.05,0.001,25,0,0,0,0,0,0,0,0,0,0,0,0,3002

Main.js:462 145.874,225.497,6,6,0.039,-0.018,0,0,47,0,0,0,0,0,0,0,279.571,207.525,2.469,-0.391,0,0,0,0,0,0,0,0,318.728,238.034,177,273,-0.931,0.085,-0.05,0.003,24,0,0,0,0,0,0,0,0,0,0,0,0,3018

Main.js:462 145.911,225.48,6,6,0.037,-0.017,0,0,46,0,0,0,0,1,0,0,282.04,207.134,2.469,-0.391,0,0,0,0,0,0,0,0,317.796,238.119,175.5,270,-0.932,0.085,-0.05,0.004,23,0,0,0,0,0,0,0,0,0,0,0,0,3034

Main.js:462 145.947,225.463,6,6,0.035,-0.016,0,0,45,0,0,0,0,1,0,0,284.509,206.743,2.469,-0.391,0,0,0,0,0,0,0,0,316.863,238.204,174,267,-0.933,0.085,-0.05,0.005,22,0,0,0,0,0,0,0,0,0,0,0,0,3053

Main.js:462 145.98,225.448,6,6,0.033,-0.016,0,0,44,0,0,0,0,1,0,0,286.978,206.352,2.469,-0.391,0,0,0,0,0,0,0,0,315.93,238.292,172.5,264,-0.933,0.087,-0.05,0.007,21,0,0,0,0,0,0,0,0,0,0,0,0,3069

Main.js:462 146.012,225.433,6,6,0.032,-0.015,0,0,43,0,0,0,0,1,0,0,289.447,205.961,2.469,-0.391,0,0,0,0,0,0,0,0,314.996,238.382,171,261,-0.934,0.09,-0.049,0.008,20,0,0,0,0,0,0,0,0,0,0,0,0,3086

Main.js:462 146.042,225.419,6,6,0.03,-0.014,0,0,42,0,0,0,0,1,0,0,291.917,205.57,2.469,-0.391,0,0,0,0,0,0,0,0,314.063,238.476,169.5,258,-0.934,0.094,-0.049,0.009,19,0,0,0,0,0,0,0,0,0,0,0,0,3102

Main.js:462 146.071,225.406,6,6,0.029,-0.013,0,0,41,0,0,0,0,0,0,0,294.386,205.179,2.469,-0.391,0,0,0,0,0,0,0,0,313.129,238.576,168,255,-0.933,0.1,-0.049,0.01,18,0,0,0,0,0,0,0,0,0,0,0,0,3119

Main.js:462 146.098,225.393,6,6,0.027,-0.013,0,0,40,0,0,0,0,0,0,0,296.855,204.788,2.469,-0.391,0,0,0,0,0,0,0,0,312.197,238.682,166.5,252,-0.933,0.106,-0.049,0.012,17,0,0,0,0,0,0,0,0,0,0,0,0,3136

Main.js:462 146.124,225.381,6,6,0.026,-0.012,0,0,39,0,0,0,0,0,0,0,299.324,204.397,2.469,-0.391,0,0,0,0,0,0,0,0,311.264,238.795,165,249,-0.932,0.113,-0.048,0.013,16,0,0,0,0,0,0,0,0,0,0,0,0,3153

Main.js:462 146.149,225.37,6,6,0.025,-0.011,0,0,38,0,0,0,0,0,0,0,301.794,204.005,2.469,-0.391,0,0,0,0,0,0,0,0,310.333,238.915,163.5,246,-0.931,0.121,-0.048,0.014,15,0,0,0,0,0,0,0,0,0,0,0,0,3168

Main.js:462 146.172,225.359,6,6,0.023,-0.011,0,0,37,0,0,0,0,0,0,0,304.263,203.614,2.469,-0.391,0,0,0,0,0,0,0,0,309.404,239.044,162,243,-0.93,0.129,-0.048,0.015,14,0,0,0,0,0,0,0,0,0,0,0,0,3185

Main.js:462 146.194,225.349,6,6,0.022,-0.01,0,0,36,0,0,0,0,1,0,0,306.732,203.223,2.469,-0.391,0,0,0,0,0,0,0,0,308.476,239.183,160.5,240,-0.928,0.139,-0.047,0.017,13,0,0,0,0,0,0,0,0,0,0,0,0,3202

Main.js:462 146.215,225.339,6,6,0.021,-0.01,0,0,35,0,0,0,0,1,0,0,309.201,202.832,2.469,-0.391,0,0,0,0,0,0,0,0,307.55,239.332,159,237,-0.926,0.149,-0.047,0.018,12,0,0,0,0,0,0,0,0,0,0,0,0,3219

Main.js:462 146.235,225.33,6,6,0.02,-0.009,0,0,34,0,0,0,0,1,0,0,311.67,202.441,2.469,-0.391,0,0,0,0,0,0,0,0,306.626,239.491,157.5,234,-0.924,0.159,-0.046,0.019,11,0,0,0,0,0,0,0,0,0,0,0,0,3236

Main.js:462 146.254,225.321,6,6,0.019,-0.009,0,0,33,0,0,0,0,1,0,0,314.14,202.05,2.469,-0.391,0,0,0,0,0,0,0,0,305.706,239.662,156,231,-0.921,0.171,-0.046,0.02,10,0,0,0,0,0,0,0,0,0,0,0,0,3253

Main.js:462 146.273,225.312,6,6,0.018,-0.008,0,0,32,0,0,0,0,1,0,0,316.609,201.659,2.469,-0.391,0,0,0,0,0,0,0,0,304.788,239.845,154.5,228,-0.918,0.183,-0.045,0.022,9,0,0,0,0,0,0,0,0,0,0,0,0,3269

Main.js:462 146.29,225.304,6,6,0.017,-0.008,0,0,31,0,0,0,0,0,0,0,319.078,201.268,2.469,-0.391,0,0,0,0,0,0,0,0,303.874,240.04,153,225,-0.914,0.195,-0.045,0.023,8,0,0,0,0,0,0,0,0,0,0,0,0,3286

Main.js:462 146.306,225.297,6,6,0.016,-0.008,0,0,30,0,0,0,0,0,0,0,321.547,200.877,2.469,-0.391,0,0,0,0,0,0,0,0,302.964,240.248,151.5,222,-0.91,0.208,-0.044,0.024,7,0,0,0,0,0,0,0,0,0,0,0,0,3304

Main.js:462 146.322,225.29,6,6,0.016,-0.007,0,0,29,0,0,0,0,0,0,0,324.017,200.486,2.469,-0.391,0,0,0,0,0,0,0,0,302.058,240.469,150,219,-0.906,0.221,-0.043,0.025,6,0,0,0,0,0,0,0,0,0,0,0,0,3319

Main.js:462 146.336,225.283,6,6,0.015,-0.007,0,0,28,0,0,0,0,0,0,0,326.486,200.095,2.469,-0.391,0,0,0,0,0,0,0,0,301.157,240.705,148.5,216,-0.901,0.235,-0.043,0.026,5,0,0,0,0,0,0,0,0,0,0,0,0,3336

Main.js:462 146.35,225.276,6,6,0.014,-0.006,0,0,27,0,0,0,0,0,0,0,328.955,199.704,2.469,-0.391,0,0,0,0,0,0,0,0,300.262,240.954,147,213,-0.896,0.249,-0.042,0.027,4,0,0,0,0,0,0,0,0,0,0,0,0,3353

Main.js:462 146.364,225.27,6,6,0.013,-0.006,0,0,26,0,0,0,0,1,0,0,331.424,199.312,2.469,-0.391,0,0,0,0,0,0,0,0,299.372,241.218,145.5,210,-0.89,0.264,-0.041,0.028,3,0,0,0,0,0,0,0,0,0,0,0,0,3386

Main.js:462 146.376,225.264,6,6,0.013,-0.006,0,0,25,0,0,0,0,1,0,0,333.893,198.921,2.469,-0.391,0,0,0,0,0,0,0,0,298.488,241.496,144,207,-0.884,0.278,-0.04,0.029,2,0,0,0,0,0,0,0,0,0,0,0,0,3402

Main.js:462 146.388,225.259,6,6,0.012,-0.006,0,0,24,0,0,0,0,1,0,0,336.363,198.53,2.469,-0.391,0,0,0,0,0,0,0,0,297.61,241.789,142.5,204,-0.877,0.293,-0.04,0.03,1,0,0,0,0,0,0,0,0,0,0,0,0,3419

Main.js:462 146.4,225.254,6,6,0.011,-0.005,0,0,23,0,0,0,0,1,0,0,338.832,198.139,2.469,-0.391,0,0,0,0,0,0,0,0,296.74,242.098,141,201,-0.871,0.309,-0.039,0.031,0,0,0,0,0,0,0,0,0,0,0,0,0,3436

Main.js:462 146.41,225.249,6,6,0.011,-0.005,0,0,22,0,0,0,0,0,0,0,341.301,197.748,2.469,-0.391,0,0,0,0,0,0,0,0,295.877,242.422,139.5,198,-0.863,0.324,-0.038,0.032,99,0,0,0,0,0,0,0,0,0,0,0,0,3451

Main.js:462 146.421,225.244,7.5,7.5,0.01,-0.005,0,0,21,0,1,0,0,0,0,0,343.77,197.357,2.469,-0.391,0,0,0,0,0,0,0,0,295.021,242.762,138,195,-0.855,0.34,-0.037,0.033,98,274.39,234.836,-2.378,-0.773,0,0,0,0,0,0,0,0,3468

Main.js:462 146.431,225.239,9,9,0.01,-0.005,0,0,20,0,1,0,0,0,0,0,346.24,196.966,2.469,-0.391,0,0,0,0,0,0,0,0,294.174,243.117,136.5,192,-0.847,0.355,-0.036,0.034,97,272.012,234.064,-2.378,-0.773,0,0,0,0,0,0,0,0,3486

Main.js:462 146.44,225.235,10.5,10.5,0.009,-0.004,0,0,19,0,1,0,0,0,0,0,348.709,196.575,2.469,-0.391,0,0,0,0,0,0,0,0,293.336,243.488,135,189,-0.838,0.371,-0.035,0.035,96,269.635,233.291,-2.378,-0.773,0,0,0,0,0,0,0,0,3502

Main.js:462 146.449,225.231,12,12,0.009,-0.004,0,0,18,0,1,0,0,0,0,0,351.178,196.184,2.469,-0.391,0,0,0,0,0,0,0,0,292.507,243.875,133.5,186,-0.829,0.387,-0.034,0.036,95,267.257,232.519,-2.378,-0.773,0,0,0,0,0,0,0,0,3519

Main.js:462 146.457,225.227,13.5,13.5,0.008,-0.004,0,0,17,0,1,0,0,0,0,0,353.647,195.793,2.469,-0.391,0,0,0,0,0,0,0,0,291.688,244.278,132,183,-0.819,0.403,-0.033,0.037,94,264.879,231.746,-2.378,-0.773,0,0,0,0,0,0,0,0,3535

Main.js:462 146.465,225.223,15,15,0.008,-0.004,0,0,16,0,1,0,0,1,0,0,356.116,195.402,2.469,-0.391,0,0,0,0,0,0,0,0,290.879,244.697,130.5,180,-0.809,0.419,-0.032,0.038,93,262.502,230.973,-2.378,-0.773,0,0,0,0,0,0,0,0,3553

Main.js:462 146.473,225.22,16.5,16.5,0.008,-0.004,0,0,15,0,1,0,0,1,0,0,358.586,195.01,2.469,-0.391,0,0,0,0,0,0,0,0,290.08,245.132,129,177,-0.799,0.435,-0.031,0.039,92,260.124,230.201,-2.378,-0.773,0,0,0,0,0,0,0,0,3569

Main.js:462 146.48,225.216,18,18,0.007,-0.003,0,0,14,0,1,0,0,1,0,0,361.055,194.619,2.469,-0.391,0,0,0,0,0,0,0,0,289.293,245.583,127.5,174,-0.788,0.451,-0.03,0.04,91,257.746,229.428,-2.378,-0.773,0,0,0,0,0,0,0,0,3586

Main.js:462 146.487,225.213,19.5,19.5,0.007,-0.003,0,0,13,0,1,0,0,1,0,0,363.524,194.228,2.469,-0.391,0,0,0,0,0,0,0,0,288.516,246.05,126,171,-0.776,0.467,-0.029,0.04,90,255.369,228.656,-2.378,-0.773,0,0,0,0,0,0,0,0,3601

Main.js:462 146.493,225.21,19.5,19.5,0.006,-0.003,0,0,12,0,0,0,0,1,0,0,365.993,193.837,2.469,-0.391,0,0,0,0,0,0,0,0,287.752,246.533,124.5,168,-0.764,0.483,-0.028,0.041,89,252.991,227.883,-2.378,-0.773,0,0,0,0,0,0,0,0,3619

Main.js:462 146.499,225.207,19.5,19.5,0.006,-0.003,0,0,11,0,0,0,0,0,0,0,368.463,193.446,2.469,-0.391,0,0,0,0,0,0,0,0,287,247.031,123,165,-0.752,0.498,-0.027,0.042,88,250.613,227.111,-2.378,-0.773,0,0,0,0,0,0,0,0,3636

Main.js:462 146.505,225.205,19.5,19.5,0.006,-0.003,0,0,10,0,0,0,0,0,0,0,370.932,193.055,2.469,-0.391,0,0,0,0,0,0,0,0,286.261,247.545,121.5,162,-0.739,0.514,-0.026,0.043,87,248.236,226.338,-2.378,-0.773,0,0,0,0,0,0,0,0,3653

Main.js:462 146.511,225.202,19.5,19.5,0.006,-0.003,0,0,9,0,0,0,0,0,0,0,373.401,192.664,2.469,-0.391,0,0,0,0,0,0,0,0,285.535,248.074,120,159,-0.726,0.529,-0.025,0.043,86,245.858,225.566,-2.378,-0.773,0,0,0,0,0,0,0,0,3668

Main.js:462 146.516,225.2,19.5,19.5,0.005,-0.002,0,0,8,0,0,0,0,0,0,0,375.87,192.273,2.469,-0.391,0,0,0,0,0,0,0,0,284.823,248.619,118.5,156,-0.712,0.545,-0.024,0.044,85,243.48,224.793,-2.378,-0.773,0,0,0,0,0,0,0,0,3685

Main.js:462 146.521,225.197,19.5,19.5,0.005,-0.002,0,0,7,0,0,0,0,0,0,0,378.339,191.882,2.469,-0.391,0,0,0,0,0,0,0,0,284.125,249.179,117,153,-0.698,0.56,-0.023,0.045,84,241.103,224.021,-2.378,-0.773,0,0,0,0,0,0,0,0,3701

Main.js:462 146.526,225.195,19.5,19.5,0.005,-0.002,0,0,6,0,0,0,0,1,0,0,380.809,191.491,2.469,-0.391,0,0,0,0,0,0,0,0,283.441,249.753,115.5,150,-0.684,0.575,-0.022,0.045,83,238.725,223.248,-2.378,-0.773,0,0,0,0,0,0,0,0,3719

Main.js:462 146.53,225.193,19.5,19.5,0.005,-0.002,0,0,5,0,0,0,0,1,0,0,383.278,191.1,2.469,-0.391,0,0,0,0,0,0,0,0,282.772,250.342,114,147,-0.669,0.589,-0.02,0.046,82,236.348,222.476,-2.378,-0.773,0,0,0,0,0,0,0,0,3744

Main.js:462 146.535,225.191,19.5,19.5,0.004,-0.002,0,0,4,0,0,0,0,1,0,0,385.747,190.709,2.469,-0.391,0,0,0,0,0,0,0,0,282.118,250.946,112.5,144,-0.654,0.604,-0.019,0.046,81,233.97,221.703,-2.378,-0.773,0,0,0,0,0,0,0,0,3752

Main.js:462 146.539,225.189,19.5,19.5,0.004,-0.002,0,0,3,0,0,0,0,1,0,0,388.216,190.317,2.469,-0.391,0,0,0,0,0,0,0,0,281.48,251.564,111,141,-0.638,0.618,-0.018,0.047,80,231.592,220.93,-2.378,-0.773,0,0,0,0,0,0,0,0,3768

Main.js:462 146.543,225.187,19.5,19.5,0.004,-0.002,0,0,2,0,0,0,0,1,0,0,390.686,189.926,2.469,-0.391,0,0,0,0,0,0,0,0,280.858,252.196,109.5,138,-0.622,0.632,-0.017,0.047,79,229.215,220.158,-2.378,-0.773,0,0,0,0,0,0,0,0,3785

Main.js:462 146.546,225.186,19.5,19.5,0.004,-0.002,0,0,1,0,0,0,0,0,0,0,393.155,189.535,2.469,-0.391,0,0,0,0,0,0,0,0,280.253,252.841,108,135,-0.606,0.645,-0.015,0.048,78,226.837,219.385,-2.378,-0.773,0,0,0,0,0,0,0,0,3802

Main.js:462 146.55,225.184,19.5,19.5,0.004,-0.002,0,0,0,0,0,0,0,0,0,0,395.624,189.144,2.469,-0.391,0,0,0,0,0,0,0,0,279.664,253.499,106.5,132,-0.589,0.659,-0.014,0.048,77,224.459,218.613,-2.378,-0.773,0,0,0,0,0,0,0,0,3820

Main.js:462 146.553,225.182,19.5,19.5,0.003,-0.002,0,0,0,0,0,0,0,0,0,0,398.093,188.753,2.469,-0.391,0,0,0,0,0,0,0,0,279.093,254.171,105,129,-0.572,0.672,-0.013,0.048,76,222.082,217.84,-2.378,-0.773,0,0,0,0,0,0,0,0,3836

Main.js:462 146.556,225.181,19.5,19.5,0.003,-0.001,0,0,0,0,0,0,0,0,0,0,400.562,188.362,2.469,-0.391,0,0,0,0,0,0,0,0,278.539,254.855,103.5,126,-0.554,0.684,-0.012,0.049,75,219.704,217.068,-2.378,-0.773,0,0,0,0,0,0,0,0,3852

Main.js:462 146.559,225.18,19.5,19.5,0.003,-0.001,0,0,99,0,0,0,0,1,0,0,403.032,187.971,2.469,-0.391,0,0,0,0,0,0,0,0,278.002,255.552,102,123,-0.536,0.696,-0.01,0.049,74,217.326,216.295,-2.378,-0.773,0,0,0,0,0,0,0,0,3870

Main.js:462 146.562,225.178,19.5,19.5,0.003,-0.001,0,0,98,0,0,0,0,1,0,0,405.501,187.58,2.469,-0.391,168.708,233.025,2.357,0.835,0,0,0,0,277.484,256.26,100.5,120,-0.518,0.708,-0.009,0.049,73,214.949,215.523,-2.378,-0.773,0,0,0,0,0,0,0,0,3885

Main.js:462 146.565,225.177,19.5,19.5,0.003,-0.001,0,0,97,0,0,0,0,1,0,0,407.97,187.189,2.469,-0.391,171.065,233.86,2.357,0.835,0,0,0,0,276.984,256.98,99,117,-0.5,0.72,-0.008,0.049,72,212.571,214.75,-2.378,-0.773,0,0,0,0,0,0,0,0,3903

Main.js:462 146.567,225.176,19.5,19.5,0.003,-0.001,0,0,96,0,0,0,0,1,0,0,410.439,186.798,2.469,-0.391,173.421,234.694,2.357,0.835,0,0,0,0,276.504,257.71,97.5,114,-0.481,0.731,-0.007,0.05,71,210.193,213.978,-2.378,-0.773,0,0,0,0,0,0,0,0,3921

Main.js:462 146.57,225.175,19.5,19.5,0.002,-0.001,0,0,95,0,0,0,0,1,0,0,412.909,186.407,2.469,-0.391,175.778,235.529,2.357,0.835,0,0,0,0,276.042,258.452,96,111,-0.462,0.742,-0.005,0.05,70,207.816,213.205,-2.378,-0.773,0,0,0,0,0,0,0,0,3936

Main.js:462 146.572,225.174,19.5,19.5,0.002,-0.001,0,0,94,0,0,0,0,0,0,0,415.378,186.016,2.469,-0.391,178.135,236.364,2.357,0.835,0,0,0,0,275.599,259.204,94.5,108,-0.442,0.752,-0.004,0.05,69,205.438,212.432,-2.378,-0.773,0,0,0,0,0,0,0,0,3953

Main.js:462 146.574,225.173,19.5,19.5,0.002,-0.001,0,0,93,0,0,0,0,0,0,0,417.847,185.624,2.469,-0.391,180.491,237.198,2.357,0.835,0,0,0,0,275.177,259.966,93,105,-0.423,0.762,-0.003,0.05,68,203.061,211.66,-2.378,-0.773,0,0,0,0,0,0,0,0,3969

Main.js:462 146.576,225.172,19.5,19.5,0.002,-0.001,0,0,92,0,0,0,0,0,0,0,420.316,185.233,2.469,-0.391,182.848,238.033,2.357,0.835,0,0,0,0,274.774,260.737,91.5,102,-0.403,0.771,-0.001,0.05,67,200.683,210.887,-2.378,-0.773,0,0,0,0,0,0,0,0,3986

Main.js:462 146.578,225.171,19.5,19.5,0.002,-0.001,0,0,91,0,0,0,0,0,0,0,422.785,184.842,2.469,-0.391,185.205,238.867,2.357,0.835,0,0,0,0,274.391,261.517,90,99,-0.383,0.78,0,0.05,66,198.305,210.115,-2.378,-0.773,0,0,0,0,0,0,0,0,4001

Main.js:462 146.58,225.17,19.5,19.5,0.002,-0.001,0,0,90,0,0,0,0,1,0,0,425.255,184.451,2.469,-0.391,187.561,239.702,2.357,0.835,0,0,0,0,274.026,262.305,91.5,99,-0.365,0.789,-0.001,0.05,65,195.928,209.342,-2.378,-0.773,0,0,0,0,0,0,0,0,4019

Main.js:462 146.582,225.169,19.5,19.5,0.002,-0.001,0,0,89,0,0,0,0,1,0,0,427.724,184.06,2.469,-0.391,189.918,240.536,2.357,0.835,0,0,0,0,273.677,263.102,93,99,-0.349,0.797,-0.003,0.05,64,193.55,208.57,-2.378,-0.773,0,0,0,0,0,0,0,0,4035

Main.js:462 146.584,225.168,19.5,19.5,0.002,-0.001,0,0,88,0,0,0,0,1,0,0,430.193,183.669,2.469,-0.391,192.274,241.371,2.357,0.835,0,0,0,0,273.342,263.906,94.5,99,-0.335,0.804,-0.004,0.05,63,191.172,207.797,-2.378,-0.773,0,0,0,0,0,0,0,0,4053

Main.js:462 146.585,225.167,19.5,19.5,0.002,-0.001,0,0,87,0,0,0,0,1,0,0,432.662,183.278,2.469,-0.391,194.631,242.205,2.357,0.835,0,0,0,0,273.018,264.717,96,99,-0.324,0.811,-0.005,0.05,62,188.795,207.025,-2.378,-0.773,0,0,0,0,0,0,0,0,4069

Main.js:462 146.587,225.167,19.5,19.5,0.002,-0.001,0,0,86,0,0,0,0,1,0,0,435.131,182.887,2.469,-0.391,196.988,243.04,2.357,0.835,0,0,0,0,272.705,265.535,97.5,99,-0.314,0.818,-0.007,0.05,61,186.417,206.252,-2.378,-0.773,0,0,0,0,0,0,0,0,4086

Main.js:462 146.588,225.166,19.5,19.5,0.001,-0.001,0,0,85,0,0,0,0,0,0,0,437.601,182.496,2.469,-0.391,199.344,243.874,2.357,0.835,0,0,0,0,272.399,266.358,99,99,-0.305,0.824,-0.008,0.049,60,184.039,205.48,-2.378,-0.773,0,0,0,0,0,0,0,0,4102

Main.js:462 146.59,225.165,19.5,19.5,0.001,-0.001,0,0,84,0,0,0,0,0,0,0,440.07,182.105,2.469,-0.391,201.701,244.709,2.357,0.835,0,0,0,0,272.101,267.187,100.5,99,-0.299,0.829,-0.009,0.049,59,181.662,204.707,-2.378,-0.773,0,0,0,0,0,0,0,0,4120

Main.js:462 146.591,225.165,19.5,19.5,0.001,-0.001,0,0,83,0,0,0,0,0,0,0,442.539,181.714,2.469,-0.391,204.057,245.543,2.357,0.835,0,0,0,0,271.807,268.022,102,99,-0.294,0.834,-0.01,0.049,58,179.284,203.935,-2.378,-0.773,0,0,0,0,0,0,0,0,4136

Main.js:462 146.592,225.164,19.5,19.5,0.001,-0.001,0,0,82,0,0,0,0,0,0,0,445.008,181.322,2.469,-0.391,206.414,246.378,2.357,0.835,0,0,0,0,271.517,268.86,103.5,99,-0.29,0.839,-0.012,0.049,57,176.907,203.162,-2.378,-0.773,0,0,0,0,0,0,0,0,4152

Main.js:462 146.594,225.164,19.5,19.5,0.001,-0.001,0,0,81,0,0,0,0,0,0,0,447.478,180.931,2.469,-0.391,208.771,247.212,2.357,0.835,0,0,0,0,271.229,269.703,105,99,-0.288,0.843,-0.013,0.048,56,174.529,202.389,-2.378,-0.773,0,0,0,0,0,0,0,0,4170

Main.js:462 146.595,225.163,19.5,19.5,0.001,-0.001,0,0,80,0,0,0,0,0,0,0,449.947,180.54,2.469,-0.391,211.127,248.047,2.357,0.835,0,0,0,0,270.942,270.549,106.5,99,-0.287,0.846,-0.014,0.048,55,172.151,201.617,-2.378,-0.773,0,0,0,0,0,0,0,0,4184

Main.js:462 146.596,225.163,19.5,19.5,0.001,0,0,0,79,0,0,0,0,0,0,0,452.416,180.149,2.469,-0.391,213.484,248.881,2.357,0.835,0,0,0,0,270.655,271.398,108,99,-0.287,0.849,-0.015,0.048,54,169.774,200.844,-2.378,-0.773,0,0,0,0,0,0,0,0,4201

Main.js:462 146.597,225.162,19.5,19.5,0.001,0,0,0,78,0,0,0,0,0,0,0,454.885,179.758,2.469,-0.391,215.84,249.716,2.357,0.835,0,0,0,0,270.366,272.249,109.5,99,-0.289,0.851,-0.017,0.047,53,167.396,200.072,-2.378,-0.773,0,0,0,0,0,0,0,0,4219

Main.js:462 146.598,225.162,19.5,19.5,0.001,0,0,0,77,0,0,0,0,0,0,0,457.354,179.367,2.469,-0.391,218.197,250.55,2.357,0.835,0,0,0,0,270.075,273.102,111,99,-0.291,0.853,-0.018,0.047,52,165.018,199.299,-2.378,-0.773,0,0,0,0,0,0,0,0,4240

Main.js:462 146.599,225.161,19.5,19.5,0.001,0,0,0,76,0,0,0,0,0,0,0,459.824,178.976,2.469,-0.391,220.554,251.385,2.357,0.835,0,0,0,0,269.78,273.956,112.5,99,-0.295,0.854,-0.019,0.046,51,162.641,198.527,-2.378,-0.773,0,0,0,0,0,0,0,0,4252

Main.js:462 146.6,225.161,19.5,19.5,0.001,0,0,0,75,0,0,0,0,0,0,0,462.293,178.585,2.469,-0.391,222.91,252.219,2.357,0.835,0,0,0,0,269.48,274.811,114,99,-0.3,0.855,-0.02,0.046,50,160.263,197.754,-2.378,-0.773,0,0,0,0,0,0,0,0,4269

Main.js:462 146.6,225.16,19.5,19.5,0.001,0,0,0,74,0,0,0,0,0,0,0,464.762,178.194,2.469,-0.391,225.267,253.054,2.357,0.835,0,0,0,0,269.175,275.666,115.5,99,-0.305,0.855,-0.022,0.045,49,157.885,196.982,-2.378,-0.773,0,0,0,0,0,0,0,0,4287

Main.js:462 146.601,225.16,19.5,19.5,0.001,0,0,0,73,0,0,0,0,0,0,0,467.231,177.803,2.469,-0.391,227.623,253.888,2.357,0.835,0,0,0,0,268.864,276.521,117,99,-0.311,0.855,-0.023,0.045,48,155.508,196.209,-2.378,-0.773,0,0,0,0,0,0,0,0,4302

Main.js:462 146.602,225.16,19.5,19.5,0.001,0,0,0,72,0,0,0,0,0,0,0,469.701,177.412,2.469,-0.391,229.98,254.723,2.357,0.835,0,0,0,0,268.545,277.375,118.5,99,-0.318,0.854,-0.024,0.044,47,153.13,195.437,-2.378,-0.773,0,0,0,0,0,0,0,0,4320

Main.js:462 146.603,225.159,19.5,19.5,0.001,0,0,0,71,0,0,0,0,0,0,0,472.17,177.021,2.469,-0.391,232.337,255.557,2.357,0.835,0,0,0,0,268.219,278.227,120,99,-0.326,0.852,-0.025,0.043,46,150.752,194.664,-2.378,-0.773,0,0,0,0,0,0,0,0,4337

Main.js:462 146.603,225.159,19.5,19.5,0.001,0,0,0,70,0,0,0,0,0,0,0,474.639,176.629,2.469,-0.391,234.693,256.392,2.357,0.835,0,0,0,0,267.884,279.077,121.5,99,-0.335,0.85,-0.026,0.043,45,148.375,193.891,-2.378,-0.773,0,0,0,0,0,0,0,0,4353

Main.js:462 146.604,225.159,19.5,19.5,0.001,0,0,0,69,0,0,0,0,0,0,0,477.108,176.238,2.469,-0.391,237.05,257.226,2.357,0.835,0,0,0,0,267.54,279.924,123,99,-0.344,0.847,-0.027,0.042,44,145.997,193.119,-2.378,-0.773,0,0,0,0,0,0,0,0,4369

Main.js:462 146.605,225.159,19.5,19.5,0.001,0,0,0,68,0,0,0,0,0,0,0,479.577,175.847,2.469,-0.391,239.406,258.061,2.357,0.835,0,0,0,0,267.187,280.768,124.5,99,-0.354,0.844,-0.028,0.041,43,143.62,192.346,-2.378,-0.773,0,0,0,0,0,0,0,0,4387

Main.js:462 146.605,225.158,19.5,19.5,0.001,0,0,0,67,0,0,0,0,0,0,0,482.047,175.456,2.469,-0.391,241.763,258.895,2.357,0.835,0,0,0,0,266.823,281.609,126,99,-0.364,0.84,-0.029,0.04,42,141.242,191.574,-2.378,-0.773,0,0,0,0,0,0,0,0,4403

Main.js:462 146.606,225.158,19.5,19.5,0.001,0,0,0,66,0,0,0,0,0,0,0,484.516,175.065,2.469,-0.391,244.12,259.73,2.357,0.835,0,0,0,0,266.448,282.445,127.5,99,-0.375,0.836,-0.03,0.04,41,138.864,190.801,-2.378,-0.773,0,0,0,0,0,0,0,0,4419

Main.js:462 146.606,225.158,19.5,19.5,0.001,0,0,0,65,0,0,0,0,0,0,0,486.985,174.674,2.469,-0.391,246.476,260.565,2.357,0.835,0,0,0,0,266.063,283.276,129,99,-0.386,0.831,-0.031,0.039,40,136.487,190.029,-2.378,-0.773,0,0,0,0,0,0,0,0,4436

Main.js:462 146.607,225.158,19.5,19.5,0,0,0,0,64,0,0,0,0,0,0,0,489.454,174.283,2.469,-0.391,248.833,261.399,2.357,0.835,0,0,0,0,265.665,284.101,130.5,99,-0.397,0.826,-0.032,0.038,39,134.109,189.256,-2.378,-0.773,0,0,0,0,0,0,0,0,4452

Main.js:462 146.607,225.157,19.5,19.5,0,0,0,0,63,0,0,0,0,0,0,0,491.924,173.892,2.469,-0.391,251.189,262.234,2.357,0.835,0,0,0,0,265.256,284.921,132,99,-0.409,0.82,-0.033,0.037,38,131.731,188.484,-2.378,-0.773,0,0,0,0,0,0,0,0,4470

Main.js:462 146.653,225.173,19.5,19.5,0.045,0.016,0.047,0.017,62,0,0,1,0,0,0,0,494.393,173.501,2.469,-0.391,253.546,263.068,2.357,0.835,0,0,0,0,264.835,285.734,133.5,99,-0.421,0.813,-0.034,0.036,37,129.354,187.711,-2.378,-0.773,0,0,0,0,0,0,0,0,4485

Main.js:462 146.74,225.204,19.5,19.5,0.088,0.031,0.047,0.017,61,0,0,1,0,0,0,0,496.862,173.11,2.469,-0.391,255.903,263.903,2.357,0.835,0,0,0,0,264.401,286.54,135,99,-0.434,0.806,-0.035,0.035,36,126.976,186.939,-2.378,-0.773,0,0,0,0,0,0,0,0,4502

Main.js:462 146.868,225.249,19.5,19.5,0.128,0.045,0.047,0.017,60,0,0,1,0,0,0,0,499.331,172.719,2.469,-0.391,258.259,264.737,2.357,0.835,0,0,0,0,263.955,287.34,135,97.5,-0.446,0.799,-0.035,0.035,35,124.598,186.166,-2.378,-0.773,0,0,0,0,0,0,0,0,4518

Main.js:462 147.035,225.307,19.5,19.5,0.166,0.059,0.047,0.017,59,0,0,1,0,0,0,0,260.616,265.572,2.357,0.835,0,0,0,0,0,0,0,0,263.498,288.133,135,96,-0.457,0.793,-0.035,0.035,34,124.598,186.166,-2.378,-0.773,0,0,0,0,0,0,0,0,4535

Main.js:462 147.238,225.379,19.5,19.5,0.203,0.072,0.047,0.017,58,0,0,1,0,0,0,0,262.972,266.406,2.357,0.835,0,0,0,0,0,0,0,0,263.03,288.92,135,94.5,-0.468,0.787,-0.035,0.035,33,122.221,185.393,-2.378,-0.773,0,0,0,0,0,0,0,0,4552

Main.js:462 147.475,225.463,19.5,19.5,0.238,0.084,0.047,0.017,57,0,0,1,0,0,0,0,265.329,267.241,2.357,0.835,0,0,0,0,0,0,0,0,262.552,289.701,135,93,-0.478,0.781,-0.035,0.035,32,119.843,184.621,-2.378,-0.773,0,0,0,0,0,0,0,0,4569

Main.js:462 147.746,225.558,19.5,19.5,0.27,0.096,0.047,0.017,56,0,0,1,0,0,0,0,267.686,268.075,2.357,0.835,0,0,0,0,0,0,0,0,262.064,290.476,135,91.5,-0.488,0.776,-0.035,0.035,31,117.465,183.848,-2.378,-0.773,0,0,0,0,0,0,0,0,4587

Main.js:462 148.048,225.665,19.5,19.5,0.302,0.107,0.047,0.017,55,0,0,1,0,0,0,0,270.042,268.91,2.357,0.835,0,0,0,0,0,0,0,0,261.567,291.247,135,90,-0.497,0.771,-0.035,0.035,30,115.088,183.076,-2.378,-0.773,0,0,0,0,0,0,0,0,4602

Main.js:462 148.379,225.782,19.5,19.5,0.331,0.117,0.047,0.017,54,0,0,1,0,0,0,0,272.399,269.744,2.357,0.835,0,0,0,0,0,0,0,0,261.061,292.013,135,88.5,-0.506,0.766,-0.035,0.035,29,112.71,182.303,-2.378,-0.773,0,0,0,0,0,0,0,0,4619

Main.js:462 148.739,225.909,19.5,19.5,0.36,0.127,0.047,0.017,53,0,0,1,0,0,0,0,274.755,270.579,2.357,0.835,0,0,0,0,0,0,0,0,260.547,292.773,135,87,-0.514,0.761,-0.035,0.035,28,110.333,181.531,-2.378,-0.773,0,0,0,0,0,0,0,0,4636

Main.js:462 149.125,226.046,19.5,19.5,0.386,0.137,0.047,0.017,52,0,0,1,0,0,0,0,277.112,271.413,2.357,0.835,0,0,0,0,0,0,0,0,260.025,293.53,135,85.5,-0.522,0.756,-0.035,0.035,27,107.955,180.758,-2.378,-0.773,0,0,0,0,0,0,0,0,4652

Main.js:462 149.537,226.191,19.5,19.5,0.412,0.146,0.047,0.017,51,0,0,1,0,0,0,0,279.469,272.248,2.357,0.835,0,0,0,0,0,0,0,0,259.496,294.282,135,84,-0.529,0.752,-0.035,0.035,26,105.577,179.986,-2.378,-0.773,0,0,0,0,0,0,0,0,4669

Main.js:462 149.973,226.346,19.5,19.5,0.436,0.154,0.047,0.017,50,0,0,1,0,0,0,0,281.825,273.082,2.357,0.835,0,0,0,0,0,0,0,0,258.96,295.03,135,82.5,-0.536,0.748,-0.035,0.035,25,103.2,179.213,-2.378,-0.773,0,0,0,0,0,0,0,0,4686

Main.js:462 150.432,226.508,19.5,19.5,0.459,0.162,0.047,0.017,49,0,0,1,0,0,0,0,284.182,273.917,2.357,0.835,0,0,0,0,0,0,0,0,258.416,295.775,135,81,-0.543,0.744,-0.035,0.035,24,100.822,178.441,-2.378,-0.773,0,0,0,0,0,0,0,0,4702

Main.js:462 150.913,226.678,19.5,19.5,0.481,0.17,0.047,0.017,48,0,0,1,0,0,0,0,286.538,274.751,2.357,0.835,0,0,0,0,0,0,0,0,257.867,296.515,135,79.5,-0.55,0.741,-0.035,0.035,23,98.444,177.668,-2.378,-0.773,0,0,0,0,0,0,0,0,4719

Main.js:462 151.414,226.855,19.5,19.5,0.502,0.177,0.047,0.017,47,0,0,1,0,0,0,0,288.895,275.586,2.357,0.835,0,0,0,0,0,0,0,0,257.311,297.253,135,78,-0.556,0.737,-0.035,0.035,22,96.067,176.896,-2.378,-0.773,0,0,0,0,0,0,0,0,4736

Main.js:462 151.936,227.04,19.5,19.5,0.521,0.184,0.047,0.017,46,0,0,1,0,0,0,0,291.252,276.42,2.357,0.835,0,0,0,0,0,0,0,0,256.749,297.987,135,76.5,-0.562,0.734,-0.035,0.035,21,93.689,176.123,-2.378,-0.773,0,0,0,0,0,0,0,0,4752

Main.js:462 152.476,227.231,19.5,19.5,0.54,0.191,0.047,0.017,45,0,0,1,0,0,0,0,293.608,277.255,2.357,0.835,0,0,0,0,0,0,0,0,256.182,298.717,135,75,-0.567,0.731,-0.035,0.035,20,91.311,175.35,-2.378,-0.773,0,0,0,0,0,0,0,0,4769

Main.js:462 153.033,227.428,19.5,19.5,0.558,0.197,0.047,0.017,44,0,0,1,0,0,0,0,295.965,278.089,2.357,0.835,0,0,0,0,0,0,0,0,255.61,299.445,135,73.5,-0.572,0.728,-0.035,0.035,19,88.934,174.578,-2.378,-0.773,0,0,0,0,0,0,0,0,4787

Main.js:462 153.608,227.632,19.5,19.5,0.575,0.203,0.047,0.017,43,0,0,1,0,0,0,0,298.321,278.924,2.357,0.835,0,0,0,0,0,0,0,0,255.033,300.17,135,72,-0.577,0.725,-0.035,0.035,18,86.556,173.805,-2.378,-0.773,0,0,0,0,0,0,0,0,4803

Main.js:462 154.199,227.841,19.5,19.5,0.591,0.209,0.047,0.017,42,0,0,1,0,0,0,0,300.678,279.758,2.357,0.835,0,0,0,0,0,0,0,0,254.451,300.893,135,70.5,-0.582,0.722,-0.035,0.035,17,84.179,173.033,-2.378,-0.773,0,0,0,0,0,0,0,0,4820

Main.js:462 154.805,228.055,19.5,19.5,0.606,0.214,0.047,0.017,41,0,0,1,0,0,0,0,303.035,280.593,2.357,0.835,0,0,0,0,0,0,0,0,253.864,301.613,135,69,-0.587,0.72,-0.035,0.035,16,81.801,172.26,-2.378,-0.773,0,0,0,0,0,0,0,0,4835

Main.js:462 155.425,228.275,19.5,19.5,0.62,0.22,0.047,0.017,40,0,0,1,0,0,0,0,305.391,281.427,2.357,0.835,0,0,0,0,0,0,0,0,253.273,302.33,135,67.5,-0.591,0.718,-0.035,0.035,15,79.423,171.488,-2.378,-0.773,0,0,0,0,0,0,0,0,4853

Main.js:462 156.059,228.499,19.5,19.5,0.634,0.224,0.047,0.017,39,0,0,1,0,0,0,0,307.748,282.262,2.357,0.835,0,0,0,0,0,0,0,0,252.678,303.045,135,66,-0.595,0.715,-0.035,0.035,14,77.046,170.715,-2.378,-0.773,0,0,0,0,0,0,0,0,4918

Main.js:462 156.707,228.728,19.5,19.5,0.647,0.229,0.047,0.017,38,0,0,1,0,0,0,0,310.105,283.096,2.357,0.835,0,0,0,0,0,0,0,0,252.08,303.759,135,64.5,-0.599,0.713,-0.035,0.035,13,74.668,169.943,-2.378,-0.773,0,0,0,0,0,0,0,0,4935

Main.js:462 157.366,228.962,19.5,19.5,0.66,0.233,0.047,0.017,37,0,0,1,0,0,0,0,312.461,283.931,2.357,0.835,0,0,0,0,0,0,0,0,251.477,304.47,135,63,-0.602,0.711,-0.035,0.035,12,72.29,169.17,-2.378,-0.773,0,0,0,0,0,0,0,0,4953

Main.js:462 158.038,229.199,19.5,19.5,0.671,0.238,0.047,0.017,36,0,0,1,0,0,0,0,314.818,284.766,2.357,0.835,0,0,0,0,0,0,0,0,250.872,305.179,135,61.5,-0.606,0.709,-0.035,0.035,11,69.913,168.398,-2.378,-0.773,0,0,0,0,0,0,0,0,4969

Main.js:462 158.72,229.441,19.5,19.5,0.683,0.242,0.047,0.017,35,0,0,1,0,0,0,0,317.174,285.6,2.357,0.835,0,0,0,0,0,0,0,0,250.263,305.886,135,60,-0.609,0.707,-0.035,0.035,10,67.535,167.625,-2.378,-0.773,0,0,0,0,0,0,0,0,4986

Main.js:462 159.414,229.687,19.5,19.5,0.693,0.245,0.047,0.017,34,0,0,1,0,0,0,0,319.531,286.435,2.357,0.835,0,0,0,0,0,0,0,0,249.65,306.591,135,58.5,-0.612,0.705,-0.035,0.035,9,65.157,166.852,-2.378,-0.773,0,0,0,0,0,0,0,0,5002

Main.js:462 160.117,229.936,19.5,19.5,0.703,0.249,0.047,0.017,33,0,0,1,0,0,0,0,321.888,287.269,2.357,0.835,0,0,0,0,0,0,0,0,249.036,307.296,133.5,55.5,-0.614,0.705,-0.034,0.036,8,62.78,166.08,-2.378,-0.773,0,0,0,0,0,0,0,0,5020

Main.js:462 160.83,230.188,19.5,19.5,0.713,0.252,0.047,0.017,32,0,0,1,0,0,0,0,324.244,288.104,2.357,0.835,0,0,0,0,0,0,0,0,248.421,308,132,52.5,-0.615,0.705,-0.033,0.037,7,60.402,165.307,-2.378,-0.773,0,0,0,0,0,0,0,0,5036

Main.js:462 161.552,230.444,19.5,19.5,0.722,0.256,0.047,0.017,31,0,0,1,0,0,0,0,326.601,288.938,2.357,0.835,0,0,0,0,0,0,0,0,247.805,308.706,130.5,49.5,-0.615,0.706,-0.032,0.038,6,58.024,164.535,-2.378,-0.773,0,0,0,0,0,0,0,0,5052

Main.js:462 162.283,230.702,19.5,19.5,0.731,0.259,0.047,0.017,30,0,0,1,0,0,0,0,328.957,289.773,2.357,0.835,0,0,0,0,0,0,0,0,247.191,309.413,129,46.5,-0.615,0.707,-0.031,0.039,5,55.647,163.762,-2.378,-0.773,0,0,0,0,0,0,0,0,5068

Main.js:462 163.022,230.964,19.5,19.5,0.739,0.262,0.047,0.017,29,0,0,1,0,0,0,0,331.314,290.607,2.357,0.835,0,0,0,0,0,0,0,0,246.578,310.122,127.5,43.5,-0.613,0.709,-0.03,0.04,4,53.269,162.99,-2.378,-0.773,0,0,0,0,0,0,0,0,5086

Main.js:462 163.769,231.228,19.5,19.5,0.747,0.264,0.047,0.017,28,0,0,1,0,0,0,0,333.671,291.442,2.357,0.835,0,0,0,0,0,0,0,0,245.968,310.835,126,40.5,-0.61,0.712,-0.029,0.04,3,50.892,162.217,-2.378,-0.773,0,0,0,0,0,0,0,0,5103

Main.js:462 164.523,231.495,19.5,19.5,0.754,0.267,0.047,0.017,27,0,0,1,0,0,0,0,336.027,292.276,2.357,0.835,0,0,0,0,0,0,0,0,245.361,311.551,124.5,37.5,-0.606,0.716,-0.028,0.041,2,48.514,161.445,-2.378,-0.773,0,0,0,0,0,0,0,0,5119

Main.js:462 165.284,231.765,19.5,19.5,0.761,0.27,0.047,0.017,26,0,0,1,0,0,0,0,338.384,293.111,2.357,0.835,0,0,0,0,0,0,0,0,244.759,312.271,123,34.5,-0.602,0.72,-0.027,0.042,1,46.136,160.672,-2.378,-0.773,0,0,0,0,0,0,0,0,5137

Main.js:462 166.053,232.037,19.5,19.5,0.768,0.272,0.047,0.017,25,0,0,1,0,0,0,0,340.74,293.945,2.357,0.835,0,0,0,0,0,0,0,0,244.163,312.995,121.5,31.5,-0.597,0.725,-0.026,0.043,0,43.759,159.9,-2.378,-0.773,0,0,0,0,0,0,0,0,5152

Main.js:462 166.827,232.311,19.5,19.5,0.774,0.274,0.047,0.017,24,0,0,1,0,0,0,0,343.097,294.78,2.357,0.835,0,0,0,0,0,0,0,0,243.572,313.725,120,28.5,-0.591,0.729,-0.025,0.043,99,41.381,159.127,-2.378,-0.773,0,0,0,0,0,0,0,0,5169

Main.js:462 167.607,232.587,19.5,19.5,0.78,0.276,0.047,0.017,23,0,0,1,0,0,0,0,345.454,295.614,2.357,0.835,0,0,0,0,0,0,0,0,242.988,314.459,118.5,25.5,-0.584,0.735,-0.024,0.044,98,39.003,158.354,-2.378,-0.773,264.815,324.209,2.197,1.193,0,0,0,0,5186

Main.js:462 168.394,232.866,19.5,19.5,0.786,0.278,0.047,0.017,22,0,0,1,0,0,0,0,347.81,296.449,2.357,0.835,0,0,0,0,0,0,0,0,242.412,315.2,117,22.5,-0.576,0.74,-0.023,0.045,97,36.626,157.582,-2.378,-0.773,267.012,325.402,2.197,1.193,0,0,0,0,5203

Main.js:462 169.185,233.146,19.5,19.5,0.792,0.28,0.047,0.017,21,0,0,1,0,0,0,0,350.167,297.283,2.357,0.835,0,0,0,0,0,0,0,0,241.844,315.946,115.5,19.5,-0.568,0.746,-0.022,0.045,96,34.248,156.809,-2.378,-0.773,269.209,326.594,2.197,1.193,0,0,0,0,5218

Main.js:462 169.982,233.428,19.5,19.5,0.797,0.282,0.047,0.017,20,0,0,1,0,0,0,0,352.523,298.118,2.357,0.835,0,0,0,0,0,0,0,0,241.286,316.698,114,16.5,-0.559,0.752,-0.02,0.046,95,31.87,156.037,-2.378,-0.773,271.406,327.787,2.197,1.193,0,0,0,0,5236

Main.js:462 170.784,233.712,19.5,19.5,0.802,0.284,0.047,0.017,19,0,0,1,0,0,0,0,354.88,298.952,2.357,0.835,0,0,0,0,0,0,0,0,240.737,317.457,112.5,13.5,-0.549,0.758,-0.019,0.046,94,29.493,155.264,-2.378,-0.773,273.603,328.98,2.197,1.193,0,0,0,0,5252

Main.js:462 171.591,233.998,19.5,19.5,0.807,0.286,0.047,0.017,18,0,0,1,0,0,0,0,357.237,299.787,2.357,0.835,0,0,0,0,0,0,0,0,240.198,318.222,111,10.5,-0.539,0.765,-0.018,0.047,93,27.115,154.492,-2.378,-0.773,275.8,330.173,2.197,1.193,0,0,0,0,5270

Main.js:462 172.402,234.284,18,18,0.811,0.286,0.048,0.015,17,1,0,1,0,0,0,0,359.593,300.621,2.357,0.835,0,0,0,0,0,0,0,0,239.671,318.993,109.5,7.5,-0.527,0.771,-0.017,0.047,92,24.737,153.719,-2.378,-0.773,277.997,331.366,2.197,1.193,0,0,0,0,5286

Main.js:462 173.218,234.569,16.5,16.5,0.816,0.285,0.048,0.014,16,1,0,1,0,0,0,0,361.95,301.456,2.357,0.835,0,0,0,0,0,0,0,0,239.155,319.771,108,4.5,-0.516,0.778,-0.015,0.048,91,22.36,152.947,-2.378,-0.773,280.194,332.559,2.197,1.193,0,0,0,0,5304

Main.js:462 174.04,234.852,15,15,0.821,0.283,0.048,0.013,15,1,0,1,0,0,0,0,364.306,302.29,2.357,0.835,0,0,0,0,0,0,0,0,238.651,320.556,106.5,1.5,-0.503,0.785,-0.014,0.048,90,19.982,152.174,-2.378,-0.773,282.391,333.752,2.197,1.193,0,0,0,0,5345

Main.js:462 174.866,235.132,13.5,13.5,0.827,0.28,0.049,0.012,14,1,0,1,0,0,0,0,366.663,303.125,2.357,0.835,0,0,0,0,0,0,0,0,238.161,321.347,105,-1.5,-0.491,0.791,-0.013,0.048,89,17.605,151.402,-2.378,-0.773,284.588,334.945,2.197,1.193,0,0,0,0,5351

Main.js:462 175.698,235.408,12,12,0.832,0.276,0.049,0.01,13,1,0,1,0,0,0,0,369.02,303.959,2.357,0.835,0,0,0,0,0,0,0,0,237.684,322.145,103.5,-4.5,-0.477,0.798,-0.012,0.049,88,15.227,150.629,-2.378,-0.773,286.785,336.138,2.197,1.193,0,0,0,0,5368

Main.js:462 176.535,235.679,10.5,10.5,0.837,0.271,0.049,0.009,12,1,0,1,0,0,0,0,371.376,304.794,2.357,0.835,0,0,0,0,0,0,0,0,237.221,322.95,102,-7.5,-0.463,0.805,-0.01,0.049,87,12.849,149.857,-2.378,-0.773,288.982,337.33,2.197,1.193,0,0,0,0,5384

Main.js:462 177.376,235.944,9,9,0.842,0.265,0.049,0.008,11,1,0,1,0,0,0,0,373.733,305.628,2.357,0.835,0,0,0,0,0,0,0,0,236.772,323.761,100.5,-10.5,-0.449,0.811,-0.009,0.049,86,10.472,149.084,-2.378,-0.773,291.179,338.523,2.197,1.193,0,0,0,0,5402

Main.js:462 178.223,236.201,7.5,7.5,0.847,0.258,0.05,0.007,10,1,0,1,0,0,0,0,376.089,306.463,2.357,0.835,0,0,0,0,0,0,0,0,236.338,324.578,99,-13.5,-0.434,0.817,-0.008,0.049,85,8.094,148.311,-2.378,-0.773,293.376,339.716,2.197,1.193,0,0,0,0,5419

Main.js:462 179.075,236.452,7.5,7.5,0.852,0.251,0.05,0.007,9,0,0,1,0,0,0,0,378.446,307.297,2.357,0.835,0,0,0,0,0,0,0,0,235.92,325.402,97.5,-16.5,-0.418,0.824,-0.007,0.05,84,5.716,147.539,-2.378,-0.773,295.573,340.909,2.197,1.193,0,0,0,0,5437

Main.js:462 179.931,236.697,7.5,7.5,0.856,0.245,0.05,0.007,8,0,0,1,0,0,0,0,380.803,308.132,2.357,0.835,0,0,0,0,0,0,0,0,235.518,326.231,96,-19.5,-0.402,0.83,-0.005,0.05,83,3.339,146.766,-2.378,-0.773,297.77,342.102,2.197,1.193,0,0,0,0,5452

Main.js:462 180.791,236.936,7.5,7.5,0.86,0.239,0.05,0.007,7,0,0,1,0,0,0,0,383.159,308.967,2.357,0.835,0,0,0,0,0,0,0,0,235.132,327.067,94.5,-22.5,-0.386,0.836,-0.004,0.05,82,0.961,145.994,-2.378,-0.773,299.968,343.295,2.197,1.193,0,0,0,0,5469

Main.js:462 181.656,237.169,7.5,7.5,0.864,0.233,0.05,0.007,6,0,0,1,0,0,0,0,383.159,308.967,2.357,0.835,0,0,0,0,0,0,0,0,234.763,327.908,93,-25.5,-0.369,0.841,-0.003,0.05,81,302.165,344.488,2.197,1.193,0,0,0,0,0,0,0,0,5486

Main.js:462 182.524,237.396,7.5,7.5,0.868,0.227,0.05,0.007,5,0,0,1,0,0,0,0,385.516,309.801,2.357,0.835,0,0,0,0,0,0,0,0,234.411,328.754,91.5,-28.5,-0.352,0.847,-0.001,0.05,80,304.362,345.681,2.197,1.193,0,0,0,0,0,0,0,0,5502

Main.js:462 183.396,237.618,7.5,7.5,0.872,0.222,0.05,0.007,4,0,0,1,0,0,0,0,387.872,310.636,2.357,0.835,0,0,0,0,0,0,0,0,234.077,329.606,90,-31.5,-0.334,0.852,0,0.05,79,306.559,346.874,2.197,1.193,0,0,0,0,0,0,0,0,5519

Main.js:462 184.272,237.836,7.5,7.5,0.876,0.217,0.05,0.007,3,0,0,1,0,0,0,0,390.229,311.47,2.357,0.835,0,0,0,0,0,0,0,0,233.761,330.463,88.5,-34.5,-0.316,0.857,0.001,0.05,78,308.756,348.067,2.197,1.193,0,0,0,0,0,0,0,0,5536

Main.js:462 185.151,238.048,7.5,7.5,0.879,0.213,0.05,0.007,2,0,0,1,0,0,0,0,392.586,312.305,2.357,0.835,0,0,0,0,0,0,0,0,233.463,331.324,87,-37.5,-0.298,0.861,0.003,0.05,77,310.953,349.259,2.197,1.193,0,0,0,0,0,0,0,0,5551

Main.js:462 186.033,238.257,7.5,7.5,0.882,0.208,0.05,0.007,1,0,0,1,0,0,0,0,394.942,313.139,2.357,0.835,0,0,0,0,0,0,0,0,233.183,332.19,85.5,-40.5,-0.279,0.866,0.004,0.05,76,313.15,350.452,2.197,1.193,0,0,0,0,0,0,0,0,5569

Main.js:462 186.918,238.461,7.5,7.5,0.885,0.204,0.05,0.007,0,0,0,1,0,0,0,0,397.299,313.974,2.357,0.835,0,0,0,0,0,0,0,0,232.923,333.059,84,-43.5,-0.26,0.87,0.005,0.05,75,315.347,351.645,2.197,1.193,0,0,0,0,0,0,0,0,5585

Main.js:462 187.805,238.661,7.5,7.5,0.888,0.2,0.05,0.007,0,0,0,1,0,0,0,0,399.655,314.808,2.357,0.835,0,0,0,0,0,0,0,0,232.682,333.932,82.5,-46.5,-0.241,0.873,0.007,0.05,74,317.544,352.838,2.197,1.193,0,0,0,0,0,0,0,0,5602

Main.js:462 188.696,238.857,7.5,7.5,0.891,0.196,0.05,0.007,0,0,0,1,0,0,0,0,402.012,315.643,2.357,0.835,0,0,0,0,0,0,0,0,232.46,334.809,81,-49.5,-0.222,0.876,0.008,0.049,73,319.741,354.031,2.197,1.193,0,0,0,0,0,0,0,0,5620

Main.js:462 189.589,239.05,7.5,7.5,0.893,0.193,0.05,0.007,0,0,0,1,0,0,0,0,404.369,316.477,2.357,0.835,0,0,0,0,0,0,0,0,232.258,335.688,79.5,-52.5,-0.202,0.879,0.009,0.049,72,321.938,355.224,2.197,1.193,0,0,0,0,0,0,0,0,5635

Main.js:462 190.485,239.239,7.5,7.5,0.896,0.189,0.05,0.007,0,0,0,1,0,0,0,0,406.725,317.312,2.357,0.835,0,0,0,0,0,0,0,0,232.076,336.57,78,-55.5,-0.182,0.882,0.01,0.049,71,324.135,356.417,2.197,1.193,0,0,0,0,0,0,0,0,5653

Main.js:462 191.382,239.425,7.5,7.5,0.898,0.186,0.05,0.007,0,0,0,1,0,0,0,0,409.082,318.146,2.357,0.835,0,0,0,0,0,0,0,0,231.914,337.454,76.5,-58.5,-0.162,0.884,0.012,0.049,70,326.332,357.61,2.197,1.193,0,0,0,0,0,0,0,0,5669

Main.js:462 192.282,239.608,7.5,7.5,0.9,0.183,0.05,0.007,0,0,0,1,0,0,0,0,411.438,318.981,2.357,0.835,0,0,0,0,0,0,0,0,231.773,338.339,75,-61.5,-0.141,0.886,0.013,0.048,69,328.529,358.803,2.197,1.193,0,0,0,0,0,0,0,0,5685

Main.js:462 193.185,239.788,7.5,7.5,0.902,0.18,0.05,0.007,0,0,0,1,0,0,0,0,413.795,319.815,2.357,0.835,0,0,0,0,0,0,0,0,231.652,339.226,73.5,-64.5,-0.121,0.887,0.014,0.048,68,330.726,359.996,2.197,1.193,0,0,0,0,0,0,0,0,5702

Main.js:462 194.089,239.965,7.5,7.5,0.904,0.177,0.05,0.007,0,0,0,1,0,0,0,0,416.152,320.65,2.357,0.835,0,0,0,0,0,0,0,0,231.552,340.114,72,-67.5,-0.1,0.888,0.015,0.048,67,332.923,361.188,2.197,1.193,0,0,0,0,0,0,0,0,5719

Main.js:462 194.995,240.139,7.5,7.5,0.906,0.174,0.05,0.007,0,0,0,1,0,0,0,0,418.508,321.484,2.357,0.835,0,0,0,0,0,0,0,0,231.472,341.002,70.5,-70.5,-0.079,0.888,0.017,0.047,66,335.12,362.381,2.197,1.193,0,0,0,0,0,0,0,0,5736

Main.js:462 195.903,240.311,7.5,7.5,0.908,0.172,0.05,0.007,0,0,0,1,0,0,0,0,420.865,322.319,2.357,0.835,0,0,0,0,0,0,0,0,231.414,341.89,69,-73.5,-0.058,0.888,0.018,0.047,65,337.317,363.574,2.197,1.193,0,0,0,0,0,0,0,0,5752

Main.js:462 196.812,240.481,7.5,7.5,0.91,0.17,0.05,0.007,0,0,0,1,0,0,0,0,423.221,323.153,2.357,0.835,0,0,0,0,0,0,0,0,231.377,342.777,67.5,-76.5,-0.037,0.887,0.019,0.046,64,339.514,364.767,2.197,1.193,0,0,0,0,0,0,0,0,5771

Main.js:462 197.723,240.648,7.5,7.5,0.911,0.167,0.05,0.007,0,0,0,1,0,0,0,0,425.578,323.988,2.357,0.835,0,0,0,0,0,0,0,0,231.361,343.664,66,-79.5,-0.016,0.887,0.02,0.046,63,341.711,365.96,2.197,1.193,0,0,0,0,0,0,0,0,5785

Main.js:462 198.636,240.813,7.5,7.5,0.913,0.165,0.05,0.007,0,0,0,1,0,0,0,0,427.935,324.822,2.357,0.835,0,0,0,0,0,0,0,0,231.366,344.549,64.5,-82.5,0.005,0.885,0.022,0.045,62,343.908,367.153,2.197,1.193,0,0,0,0,0,0,0,0,5802

Main.js:462 199.55,240.976,7.5,7.5,0.914,0.163,0.05,0.007,0,0,0,1,0,0,0,0,430.291,325.657,2.357,0.835,0,0,0,0,0,0,0,0,231.393,345.432,63,-85.5,0.027,0.883,0.023,0.045,61,346.105,368.346,2.197,1.193,0,0,0,0,0,0,0,0,5818

Main.js:462 200.466,241.137,7.5,7.5,0.916,0.161,0.05,0.007,0,0,0,1,0,0,0,0,432.648,326.491,2.357,0.835,0,0,0,0,0,0,0,0,231.441,346.313,61.5,-88.5,0.048,0.881,0.024,0.044,60,348.302,369.539,2.197,1.193,0,0,0,0,0,0,0,0,5835

Main.js:462 201.382,241.296,7.5,7.5,0.917,0.159,0.05,0.007,0,0,0,1,0,0,0,0,435.005,327.326,2.357,0.835,0,0,0,0,0,0,0,0,231.51,347.191,60,-91.5,0.069,0.878,0.025,0.043,59,350.5,370.732,2.197,1.193,0,0,0,0,0,0,0,0,5852

Main.js:462 202.3,241.454,7.5,7.5,0.918,0.157,0.05,0.007,0,0,0,1,0,0,0,0,437.361,328.16,2.357,0.835,0,0,0,0,0,0,0,0,231.6,348.065,58.5,-94.5,0.091,0.874,0.026,0.043,58,352.697,371.924,2.197,1.193,0,0,0,0,0,0,0,0,5871

Main.js:462 203.173,241.603,9,9,0.872,0.15,0,0,0,0,1,0,0,0,0,0,439.718,328.995,2.357,0.835,0,0,0,0,0,0,0,0,231.712,348.936,57,-97.5,0.112,0.871,0.027,0.042,57,354.894,373.117,2.197,1.193,0,0,0,0,0,0,0,0,5919

Main.js:462 204.001,241.745,10.5,10.5,0.829,0.142,0,0,0,0,1,0,0,0,0,0,442.074,329.829,2.357,0.835,0,0,0,0,0,0,0,0,231.845,349.802,55.5,-100.5,0.133,0.866,0.028,0.041,56,357.091,374.31,2.197,1.193,0,0,0,0,0,0,0,0,5943

Main.js:462 204.788,241.88,12,12,0.787,0.135,0,0,0,0,1,0,0,0,0,0,444.431,330.664,2.357,0.835,0,0,0,0,0,0,0,0,232,350.663,54,-103.5,0.154,0.861,0.029,0.04,55,359.288,375.503,2.197,1.193,0,0,0,0,0,0,0,0,5952

Main.js:462 205.536,242.009,13.5,13.5,0.748,0.128,0,0,0,0,1,0,0,0,0,0,446.788,331.498,2.357,0.835,0,0,0,0,0,0,0,0,232.176,351.519,52.5,-106.5,0.176,0.856,0.03,0.04,54,361.485,376.696,2.197,1.193,0,0,0,0,0,0,0,0,5968

Main.js:462 206.247,242.131,15,15,0.71,0.122,0,0,0,0,1,0,0,0,0,0,449.144,332.333,2.357,0.835,0,0,0,0,0,0,0,0,232.372,352.369,51,-109.5,0.197,0.85,0.031,0.039,53,363.682,377.889,2.197,1.193,0,0,0,0,0,0,0,0,5985

Main.js:462 206.921,242.246,16.5,16.5,0.675,0.116,0,0,0,0,1,0,0,0,0,0,451.501,333.168,2.357,0.835,0,0,0,0,0,0,0,0,232.59,353.213,49.5,-112.5,0.218,0.844,0.032,0.038,52,365.879,379.082,2.197,1.193,0,0,0,0,0,0,0,0,6002

Main.js:462 207.563,242.356,18,18,0.641,0.11,0,0,0,0,1,0,0,0,0,0,453.857,334.002,2.357,0.835,0,0,0,0,0,0,0,0,232.827,354.051,51,-112.5,0.237,0.838,0.031,0.039,51,368.076,380.275,2.197,1.193,0,0,0,0,0,0,0,0,6020

Main.js:462 208.172,242.461,19.5,19.5,0.609,0.104,0,0,0,0,1,0,0,0,0,0,456.214,334.837,2.357,0.835,0,0,0,0,0,0,0,0,233.081,354.885,52.5,-112.5,0.254,0.834,0.03,0.04,50,370.273,381.468,2.197,1.193,0,0,0,0,0,0,0,0,6035

Main.js:462 208.75,242.56,21,21,0.579,0.099,0,0,0,0,1,0,0,0,0,0,458.571,335.671,2.357,0.835,0,0,0,0,0,0,0,0,233.35,355.716,54,-112.5,0.269,0.831,0.029,0.04,49,372.47,382.661,2.197,1.193,0,0,0,0,0,0,0,0,6052

Main.js:462 209.3,242.654,22.5,22.5,0.55,0.094,0,0,0,0,1,0,0,0,0,0,460.927,336.506,2.357,0.835,0,0,0,0,0,0,0,0,233.633,356.544,55.5,-112.5,0.283,0.828,0.028,0.041,48,374.667,383.853,2.197,1.193,0,0,0,0,0,0,0,0,6071

Main.js:462 209.822,242.744,24,24,0.522,0.09,0,0,0,0,1,0,0,0,0,0,463.284,337.34,2.357,0.835,0,0,0,0,0,0,0,0,233.927,357.371,57,-112.5,0.294,0.827,0.027,0.042,47,376.864,385.046,2.197,1.193,0,0,0,0,0,0,0,0,6086

Main.js:462 210.318,242.829,25.5,25.5,0.496,0.085,0,0,0,0,1,0,0,0,0,0,465.64,338.175,2.357,0.835,0,0,0,0,0,0,0,0,234.231,358.197,58.5,-112.5,0.304,0.826,0.026,0.043,46,379.061,386.239,2.197,1.193,0,0,0,0,0,0,0,0,6102

Main.js:462 210.79,242.91,27,27,0.471,0.081,0,0,0,0,1,0,0,0,0,0,467.997,339.009,2.357,0.835,0,0,0,0,0,0,0,0,234.544,359.023,60,-112.5,0.313,0.826,0.025,0.043,45,381.258,387.432,2.197,1.193,0,0,0,0,0,0,0,0,6118

Main.js:462 211.237,242.987,28.5,28.5,0.448,0.077,0,0,0,0,1,0,0,0,0,0,470.354,339.844,2.357,0.835,0,0,0,0,0,0,0,0,234.864,359.849,61.5,-112.5,0.32,0.826,0.024,0.044,44,383.455,388.625,2.197,1.193,0,0,0,0,0,0,0,0,6136

Main.js:462 211.663,243.06,30,30,0.425,0.073,0,0,0,0,1,0,0,0,0,0,472.71,340.678,2.357,0.835,0,0,0,0,0,0,0,0,235.19,360.677,63,-112.5,0.326,0.827,0.023,0.045,43,385.652,389.818,2.197,1.193,0,0,0,0,0,0,0,0,6153

Main.js:462 212.067,243.129,31.5,31.5,0.404,0.069,0,0,0,0,1,0,0,0,0,0,475.067,341.513,2.357,0.835,0,0,0,0,0,0,0,0,235.519,361.506,64.5,-112.5,0.33,0.829,0.022,0.045,42,387.849,391.011,2.197,1.193,0,0,0,0,0,0,0,0,6169

Main.js:462 212.451,243.195,33,33,0.384,0.066,0,0,0,0,1,0,0,0,0,0,477.423,342.347,2.357,0.835,0,0,0,0,0,0,0,0,235.852,362.336,66,-112.5,0.333,0.831,0.02,0.046,41,390.046,392.204,2.197,1.193,0,0,0,0,0,0,0,0,6186

Main.js:462 212.815,243.257,34.5,34.5,0.365,0.063,0,0,0,0,1,0,0,0,0,0,479.78,343.182,2.357,0.835,0,0,0,0,0,0,0,0,236.186,363.169,67.5,-112.5,0.334,0.833,0.019,0.046,40,392.243,393.397,2.197,1.193,0,0,0,0,0,0,0,0,6203

Main.js:462 213.162,243.317,36,36,0.346,0.059,0,0,0,0,1,0,0,0,0,0,482.137,344.016,2.357,0.835,0,0,0,0,0,0,0,0,236.52,364.005,69,-112.5,0.334,0.836,0.018,0.047,39,394.44,394.59,2.197,1.193,0,0,0,0,0,0,0,0,6220

Main.js:462 213.491,243.373,37.5,37.5,0.329,0.056,0,0,0,0,1,0,0,0,0,0,484.493,344.851,2.357,0.835,0,0,0,0,0,0,0,0,236.854,364.844,70.5,-112.5,0.334,0.839,0.017,0.047,38,396.637,395.782,2.197,1.193,0,0,0,0,0,0,0,0,6236

Main.js:462 213.803,243.427,39,39,0.313,0.054,0,0,0,0,1,0,0,0,0,0,486.85,345.685,2.357,0.835,0,0,0,0,0,0,0,0,237.185,365.686,72,-112.5,0.332,0.842,0.015,0.048,37,398.834,396.975,2.197,1.193,0,0,0,0,0,0,0,0,6253

Main.js:462 214.1,243.478,40.5,40.5,0.297,0.051,0,0,0,0,1,0,0,0,0,0,489.206,346.52,2.357,0.835,0,0,0,0,0,0,0,0,237.514,366.532,73.5,-112.5,0.328,0.845,0.014,0.048,36,401.032,398.168,2.197,1.193,0,0,0,0,0,0,0,0,6269

Main.js:462 214.383,243.526,42,42,0.282,0.048,0,0,0,0,1,0,0,0,0,0,491.563,347.354,2.357,0.835,0,0,0,0,0,0,0,0,237.838,367.381,75,-112.5,0.324,0.849,0.013,0.048,35,403.229,399.361,2.197,1.193,0,0,0,0,0,0,0,0,6285

Main.js:462 214.651,243.572,43.5,43.5,0.268,0.046,0,0,0,0,1,0,0,0,0,0,493.92,348.189,2.357,0.835,0,0,0,0,0,0,0,0,238.157,368.234,76.5,-112.5,0.319,0.853,0.012,0.049,34,405.426,400.554,2.197,1.193,0,0,0,0,0,0,0,0,6303

Main.js:462 214.905,243.616,45,45,0.255,0.044,0,0,0,0,1,0,0,0,0,0,496.276,349.023,2.357,0.835,0,0,0,0,0,0,0,0,238.471,369.09,78,-112.5,0.313,0.857,0.01,0.049,33,407.623,401.747,2.197,1.193,0,0,0,0,0,0,0,0,6319

Main.js:462 215.147,243.657,46.5,46.5,0.242,0.041,0,0,0,0,1,0,0,0,0,0,498.633,349.858,2.357,0.835,0,0,0,0,0,0,0,0,238.777,369.951,79.5,-112.5,0.306,0.861,0.009,0.049,32,409.82,402.94,2.197,1.193,0,0,0,0,0,0,0,0,6336

Main.js:462 215.377,243.697,48,48,0.23,0.039,0,0,0,0,1,0,0,0,0,0,0,0,0,0,0,0,0,0,0,0,0,0,239.075,370.815,81,-112.5,0.298,0.864,0.008,0.049,31,409.82,402.94,2.197,1.193,0,0,0,0,0,0,0,0,6352

Main.js:462 215.596,243.734,49.5,49.5,0.218,0.037,0,0,0,0,1,0,0,0,0,0,0,0,0,0,0,0,0,0,0,0,0,0,239.364,371.683,82.5,-112.5,0.29,0.868,0.007,0.05,30,412.017,404.133,2.197,1.193,0,0,0,0,0,0,0,0,6369

Main.js:462 215.803,243.77,51,51,0.207,0.036,0,0,0,0,1,0,0,0,0,0,0,0,0,0,0,0,0,0,0,0,0,0,239.644,372.555,84,-112.5,0.28,0.872,0.005,0.05,29,414.214,405.326,2.197,1.193,0,0,0,0,0,0,0,0,6386

Main.js:462 216,243.803,52.5,52.5,0.197,0.034,0,0,0,0,1,0,0,0,0,0,0,0,0,0,0,0,0,0,0,0,0,0,239.914,373.431,85.5,-112.5,0.27,0.876,0.004,0.05,28,416.411,406.519,2.197,1.193,0,0,0,0,0,0,0,0,6404

Main.js:462 216.187,243.836,54,54,0.187,0.032,0,0,0,0,1,0,0,0,0,0,0,0,0,0,0,0,0,0,0,0,0,0,240.173,374.311,87,-112.5,0.259,0.879,0.003,0.05,27,418.608,407.711,2.197,1.193,0,0,0,0,0,0,0,0,6419

Main.js:462 216.365,243.866,55.5,55.5,0.178,0.031,0,0,0,0,1,0,0,0,0,0,0,0,0,0,0,0,0,0,0,0,0,0,240.42,375.194,88.5,-112.5,0.247,0.883,0.001,0.05,26,420.805,408.904,2.197,1.193,0,0,0,0,0,0,0,0,6435

Main.js:462 216.534,243.895,57,57,0.169,0.029,0,0,0,0,1,0,0,0,0,0,0,0,0,0,0,0,0,0,0,0,0,0,240.655,376.08,90,-112.5,0.235,0.886,0,0.05,25,423.002,410.097,2.197,1.193,0,0,0,0,0,0,0,0,6452

Main.js:462 216.694,243.923,58.5,58.5,0.161,0.028,0,0,0,0,1,0,0,0,0,0,0,0,0,0,0,0,0,0,0,0,0,0,240.876,376.97,91.5,-112.5,0.222,0.89,-0.001,0.05,24,425.199,411.29,2.197,1.193,0,0,0,0,0,0,0,0,6471

Main.js:462 216.847,243.949,60,60,0.152,0.026,0,0,0,0,1,0,0,0,0,0,0,0,0,0,0,0,0,0,0,0,0,0,241.084,377.862,93,-112.5,0.208,0.892,-0.003,0.05,23,427.396,412.483,2.197,1.193,0,0,0,0,0,0,0,0,6486

Main.js:462 216.992,243.974,61.5,61.5,0.145,0.025,0,0,0,0,1,0,0,0,0,0,0,0,0,0,0,0,0,0,0,0,0,0,241.278,378.757,94.5,-112.5,0.194,0.895,-0.004,0.05,22,429.593,413.676,2.197,1.193,0,0,0,0,0,0,0,0,6502

Main.js:462 217.129,243.997,63,63,0.138,0.024,0,0,0,0,1,0,0,0,0,0,0,0,0,0,0,0,0,0,0,0,0,0,241.459,379.655,94.5,-114,0.181,0.898,-0.004,0.05,21,431.79,414.869,2.197,1.193,0,0,0,0,0,0,0,0,6520

Main.js:462 217.26,244.02,64.5,64.5,0.131,0.022,0,0,0,0,1,0,0,0,0,0,0,0,0,0,0,0,0,0,0,0,0,0,241.627,380.555,94.5,-115.5,0.168,0.9,-0.004,0.05,20,433.987,416.062,2.197,1.193,0,0,0,0,0,0,0,0,6536

Main.js:462 217.384,244.041,66,66,0.124,0.021,0,0,0,0,1,0,0,0,0,0,0,0,0,0,0,0,0,0,0,0,0,0,241.783,381.458,94.5,-117,0.156,0.903,-0.004,0.05,19,436.184,417.255,2.197,1.193,0,0,0,0,0,0,0,0,6552

Main.js:462 217.502,244.061,67.5,67.5,0.118,0.02,0,0,0,0,1,0,0,0,0,0,0,0,0,0,0,0,0,0,0,0,0,0,241.927,382.363,94.5,-118.5,0.144,0.905,-0.004,0.05,18,438.381,418.447,2.197,1.193,0,0,0,0,0,0,0,0,6569

Main.js:462 217.614,244.08,69,69,0.112,0.019,0,0,0,0,1,0,0,0,0,0,0,0,0,0,0,0,0,0,0,0,0,0,242.06,383.27,94.5,-120,0.133,0.907,-0.004,0.05,17,440.578,419.64,2.197,1.193,0,0,0,0,0,0,0,0,6586

Main.js:462 217.721,244.099,70.5,70.5,0.106,0.018,0,0,0,0,1,0,0,0,0,0,0,0,0,0,0,0,0,0,0,0,0,0,242.183,384.179,94.5,-121.5,0.123,0.909,-0.004,0.05,16,442.775,420.833,2.197,1.193,0,0,0,0,0,0,0,0,6602

Main.js:462 217.822,244.116,72,72,0.101,0.017,0,0,0,0,1,0,0,0,0,0,0,0,0,0,0,0,0,0,0,0,0,0,242.296,385.09,94.5,-123,0.113,0.911,-0.004,0.05,15,444.972,422.026,2.197,1.193,0,0,0,0,0,0,0,0,6623

Main.js:462 217.918,244.132,73.5,73.5,0.096,0.016,0,0,0,0,1,0,0,0,0,0,0,0,0,0,0,0,0,0,0,0,0,0,242.4,386.002,94.5,-124.5,0.104,0.913,-0.004,0.05,14,447.169,423.219,2.197,1.193,0,0,0,0,0,0,0,0,6636

Main.js:462 218.009,244.148,75,75,0.091,0.016,0,0,0,0,1,0,0,0,0,0,0,0,0,0,0,0,0,0,0,0,0,0,242.494,386.917,94.5,-126,0.095,0.914,-0.004,0.05,13,449.366,424.412,2.197,1.193,0,0,0,0,0,0,0,0,6651

Main.js:462 218.096,244.163,76.5,76.5,0.087,0.015,0,0,0,0,1,0,0,0,0,0,0,0,0,0,0,0,0,0,0,0,0,0,242.58,387.833,94.5,-127.5,0.086,0.916,-0.004,0.05,12,451.563,425.605,2.197,1.193,0,0,0,0,0,0,0,0,6669

Main.js:462 218.179,244.177,78,78,0.082,0.014,0,0,0,0,1,0,0,0,0,0,0,0,0,0,0,0,0,0,0,0,0,0,242.659,388.75,94.5,-129,0.078,0.918,-0.004,0.05,11,453.761,426.798,2.197,1.193,0,0,0,0,0,0,0,0,6686

Main.js:462 218.257,244.191,78,78,0.078,0.013,0,0,0,0,0,0,0,0,0,0,0,0,0,0,0,0,0,0,0,0,0,0,242.729,389.669,94.5,-130.5,0.071,0.919,-0.004,0.05,10,455.958,427.991,2.197,1.193,0,0,0,0,0,0,0,0,6702

Main.js:462 218.331,244.203,78,78,0.074,0.013,0,0,0,0,0,0,0,0,0,0,0,0,0,0,0,0,0,0,0,0,0,0,242.793,390.59,94.5,-132,0.063,0.92,-0.004,0.05,9,458.155,429.184,2.197,1.193,0,0,0,0,0,0,0,0,6719

Main.js:462 218.402,244.215,78,78,0.071,0.012,0,0,0,0,0,0,0,0,0,0,0,0,0,0,0,0,0,0,0,0,0,0,242.849,391.511,94.5,-133.5,0.056,0.922,-0.004,0.05,8,460.352,430.376,2.197,1.193,0,0,0,0,0,0,0,0,6737

Main.js:462 218.469,244.227,78,78,0.067,0.012,0,0,99,0,0,0,0,1,0,0,0,0,0,0,0,0,0,0,0,0,0,0,242.899,392.434,94.5,-135,0.05,0.923,-0.004,0.05,7,462.549,431.569,2.197,1.193,0,0,0,0,0,0,0,0,6752

Main.js:462 218.533,244.238,78,78,0.064,0.011,0,0,98,0,0,0,0,1,0,0,223.288,267.202,0.52,2.445,0,0,0,0,0,0,0,0,242.943,393.359,94.5,-136.5,0.044,0.924,-0.004,0.05,6,464.746,432.762,2.197,1.193,0,0,0,0,0,0,0,0,6769

Main.js:462 218.593,244.248,78,78,0.061,0.01,0,0,97,0,0,0,0,1,0,0,223.808,269.647,0.52,2.445,0,0,0,0,0,0,0,0,242.98,394.284,94.5,-138,0.038,0.925,-0.004,0.05,5,466.943,433.955,2.197,1.193,0,0,0,0,0,0,0,0,6788

Main.js:462 218.651,244.258,78,78,0.058,0.01,0,0,96,0,0,0,0,1,0,0,224.327,272.093,0.52,2.445,0,0,0,0,0,0,0,0,243.012,395.211,94.5,-139.5,0.032,0.926,-0.004,0.05,4,469.14,435.148,2.197,1.193,0,0,0,0,0,0,0,0,6802

Main.js:462 218.705,244.268,78,78,0.055,0.009,0,0,95,0,0,0,0,1,0,0,224.847,274.538,0.52,2.445,0,0,0,0,0,0,0,0,243.039,396.138,94.5,-141,0.027,0.927,-0.004,0.05,3,471.337,436.341,2.197,1.193,0,0,0,0,0,0,0,0,6820

Main.js:462 218.757,244.276,78,78,0.052,0.009,0,0,94,0,0,0,0,1,0,0,225.367,276.983,0.52,2.445,0,0,0,0,0,0,0,0,243.061,397.067,94.5,-142.5,0.022,0.928,-0.004,0.05,2,473.534,437.534,2.197,1.193,0,0,0,0,0,0,0,0,6836

Main.js:462 218.807,244.285,78,78,0.049,0.008,0,0,93,0,0,0,0,0,0,0,225.887,279.429,0.52,2.445,0,0,0,0,0,0,0,0,243.078,397.996,94.5,-144,0.017,0.929,-0.004,0.05,1,475.731,438.727,2.197,1.193,0,0,0,0,0,0,0,0,6852

Main.js:462 218.854,244.293,78,78,0.047,0.008,0,0,92,0,0,0,0,0,0,0,226.406,281.874,0.52,2.445,0,0,0,0,0,0,0,0,243.09,398.926,94.5,-145.5,0.012,0.93,-0.004,0.05,0,477.928,439.92,2.197,1.193,0,0,0,0,0,0,0,0,6869

Main.js:462 218.898,244.301,78,78,0.045,0.008,0,0,91,0,0,0,0,0,0,0,226.926,284.32,0.52,2.445,0,0,0,0,0,0,0,0,243.098,399.857,94.5,-147,0.008,0.931,-0.004,0.05,99,480.125,441.113,2.197,1.193,0,0,0,0,0,0,0,0,6886

Main.js:462 218.94,244.308,78,78,0.042,0.007,0,0,90,0,0,0,0,0,0,0,227.446,286.765,0.52,2.445,0,0,0,0,0,0,0,0,243.102,400.789,94.5,-148.5,0.004,0.932,-0.004,0.05,98,482.322,442.305,2.197,1.193,223.381,386.127,-2.097,-1.362,0,0,0,0,6902

Main.js:462 218.981,244.315,78,78,0.04,0.007,0,0,89,0,0,0,0,0,0,0,227.966,289.21,0.52,2.445,0,0,0,0,0,0,0,0,243.102,401.722,94.5,-150,0,0.933,-0.004,0.05,97,484.519,443.498,2.197,1.193,221.285,384.766,-2.097,-1.362,0,0,0,0,6919

Main.js:462 219.019,244.321,78,78,0.038,0.007,0,0,88,0,0,0,0,0,0,0,228.486,291.656,0.52,2.445,0,0,0,0,0,0,0,0,243.098,402.655,94.5,-151.5,-0.004,0.933,-0.004,0.05,96,486.716,444.691,2.197,1.193,219.188,383.404,-2.097,-1.362,0,0,0,0,6937

Main.js:462 219.055,244.327,78,78,0.036,0.006,0,0,87,0,0,0,0,0,0,0,229.005,294.101,0.52,2.445,0,0,0,0,0,0,0,0,243.091,403.59,94.5,-153,-0.007,0.934,-0.004,0.05,95,488.913,445.884,2.197,1.193,217.091,382.042,-2.097,-1.362,0,0,0,0,6952

Main.js:462 219.09,244.333,78,78,0.034,0.006,0,0,86,0,0,0,0,0,0,0,229.525,296.546,0.52,2.445,0,0,0,0,0,0,0,0,243.08,404.524,94.5,-154.5,-0.011,0.935,-0.004,0.05,94,491.11,447.077,2.197,1.193,214.995,380.681,-2.097,-1.362,0,0,0,0,6969

Main.js:462 219.122,244.339,78,78,0.033,0.006,0,0,85,0,0,0,0,0,0,0,230.045,298.992,0.52,2.445,0,0,0,0,0,0,0,0,243.066,405.46,94.5,-156,-0.014,0.935,-0.004,0.05,93,493.307,448.27,2.197,1.193,212.898,379.319,-2.097,-1.362,0,0,0,0,6985

Main.js:462 219.153,244.344,78,78,0.031,0.005,0,0,84,0,0,0,0,0,0,0,230.565,301.437,0.52,2.445,0,0,0,0,0,0,0,0,243.05,406.396,94.5,-157.5,-0.017,0.936,-0.004,0.05,92,495.504,449.463,2.197,1.193,210.801,377.958,-2.097,-1.362,0,0,0,0,7003

Main.js:462 219.183,244.349,78,78,0.03,0.005,0,0,83,0,0,0,0,0,0,0,231.084,303.882,0.52,2.445,0,0,0,0,0,0,0,0,243.031,407.332,93,-160.5,-0.019,0.937,-0.003,0.05,91,497.701,450.656,2.197,1.193,208.705,376.596,-2.097,-1.362,0,0,0,0,7019

Main.js:462 219.211,244.354,78,78,0.028,0.005,0,0,82,0,0,0,0,0,0,0,231.604,306.328,0.52,2.445,0,0,0,0,0,0,0,0,243.012,408.269,91.5,-163.5,-0.019,0.937,-0.001,0.05,90,499.898,451.849,2.197,1.193,206.608,375.234,-2.097,-1.362,0,0,0,0,7036

Main.js:462 219.238,244.359,78,78,0.027,0.005,0,0,81,0,0,0,0,0,0,0,231.604,306.328,0.52,2.445,0,0,0,0,0,0,0,0,242.994,409.207,90,-166.5,-0.018,0.938,0,0.05,89,204.511,373.873,-2.097,-1.362,0,0,0,0,0,0,0,0,7052

Main.js:462 219.263,244.363,78,78,0.025,0.004,0,0,80,0,0,0,0,0,0,0,232.124,308.773,0.52,2.445,0,0,0,0,0,0,0,0,242.978,410.146,88.5,-169.5,-0.016,0.938,0.001,0.05,88,202.415,372.511,-2.097,-1.362,0,0,0,0,0,0,0,0,7069

Main.js:462 219.287,244.367,78,78,0.024,0.004,0,0,79,0,0,0,0,0,0,0,232.644,311.219,0.52,2.445,0,0,0,0,0,0,0,0,242.966,411.085,87,-172.5,-0.012,0.939,0.003,0.05,87,200.318,371.15,-2.097,-1.362,0,0,0,0,0,0,0,0,7086

Main.js:462 219.31,244.371,78,78,0.023,0.004,0,0,78,0,0,0,0,0,0,0,233.164,313.664,0.52,2.445,0,0,0,0,0,0,0,0,242.958,412.024,85.5,-175.5,-0.008,0.939,0.004,0.05,86,198.221,369.788,-2.097,-1.362,0,0,0,0,0,0,0,0,7102

Main.js:462 219.332,244.375,78,78,0.022,0.004,0,0,77,0,0,0,0,0,0,0,233.683,316.109,0.52,2.445,0,0,0,0,0,0,0,0,242.955,412.964,84,-178.5,-0.003,0.94,0.005,0.05,85,196.125,368.426,-2.097,-1.362,0,0,0,0,0,0,0,0,7119

Main.js:462 219.352,244.378,78,78,0.021,0.004,0,0,76,0,0,0,0,0,0,0,234.203,318.555,0.52,2.445,0,0,0,0,0,0,0,0,242.959,413.903,82.5,-181.5,0.004,0.94,0.007,0.05,84,194.028,367.065,-2.097,-1.362,0,0,0,0,0,0,0,0,7135

Main.js:462 219.372,244.382,78,78,0.02,0.003,0,0,75,0,0,0,0,0,0,0,234.723,321,0.52,2.445,0,0,0,0,0,0,0,0,242.969,414.843,81,-184.5,0.011,0.94,0.008,0.049,83,191.931,365.703,-2.097,-1.362,0,0,0,0,0,0,0,0,7152

Main.js:462 219.39,244.385,78,78,0.019,0.003,0,0,74,0,0,0,0,0,0,0,235.243,323.445,0.52,2.445,0,0,0,0,0,0,0,0,242.988,415.783,79.5,-187.5,0.019,0.939,0.009,0.049,82,189.835,364.342,-2.097,-1.362,0,0,0,0,0,0,0,0,7169

Main.js:462 219.408,244.388,78,78,0.018,0.003,0,0,73,0,0,0,0,0,0,0,235.762,325.891,0.52,2.445,0,0,0,0,0,0,0,0,243.016,416.721,78,-190.5,0.028,0.939,0.01,0.049,81,187.738,362.98,-2.097,-1.362,0,0,0,0,0,0,0,0,7185

Main.js:462 219.425,244.391,78,78,0.017,0.003,0,0,72,0,0,0,0,0,0,0,236.282,328.336,0.52,2.445,0,0,0,0,0,0,0,0,243.054,417.66,76.5,-193.5,0.038,0.938,0.012,0.049,80,185.641,361.619,-2.097,-1.362,0,0,0,0,0,0,0,0,7202

Main.js:462 219.441,244.394,78,78,0.016,0.003,0,0,71,0,0,0,0,0,0,0,236.802,330.782,0.52,2.445,0,0,0,0,0,0,0,0,243.102,418.597,75,-196.5,0.048,0.937,0.013,0.048,79,183.545,360.257,-2.097,-1.362,0,0,0,0,0,0,0,0,7219

Main.js:462 219.456,244.396,78,78,0.015,0.003,0,0,70,0,0,0,0,0,0,0,237.322,333.227,0.52,2.445,0,0,0,0,0,0,0,0,243.161,419.532,73.5,-199.5,0.059,0.936,0.014,0.048,78,181.448,358.895,-2.097,-1.362,0,0,0,0,0,0,0,0,7236

Main.js:462 219.47,244.399,78,78,0.014,0.002,0,0,69,0,0,0,0,0,0,0,237.842,335.672,0.52,2.445,0,0,0,0,0,0,0,0,243.232,420.467,72,-202.5,0.071,0.934,0.015,0.048,77,179.351,357.534,-2.097,-1.362,0,0,0,0,0,0,0,0,7253

Main.js:462 219.484,244.401,78,78,0.014,0.002,0,0,68,0,0,0,0,0,0,0,238.361,338.118,0.52,2.445,0,0,0,0,0,0,0,0,243.315,421.399,70.5,-205.5,0.083,0.932,0.017,0.047,76,177.255,356.172,-2.097,-1.362,0,0,0,0,0,0,0,0,7270

Main.js:462 219.497,244.403,78,78,0.013,0.002,0,0,67,0,0,0,0,0,0,0,238.881,340.563,0.52,2.445,0,0,0,0,0,0,0,0,243.411,422.329,69,-208.5,0.096,0.93,0.018,0.047,75,175.158,354.811,-2.097,-1.362,0,0,0,0,0,0,0,0,7285

Main.js:462 219.509,244.405,78,78,0.012,0.002,0,0,66,0,0,0,0,0,0,0,239.401,343.008,0.52,2.445,0,0,0,0,0,0,0,0,243.52,423.256,67.5,-211.5,0.109,0.927,0.019,0.046,74,173.061,353.449,-2.097,-1.362,0,0,0,0,0,0,0,0,7302

Main.js:462 219.521,244.407,78,78,0.012,0.002,0,0,65,0,0,0,0,0,0,0,239.921,345.454,0.52,2.445,0,0,0,0,0,0,0,0,243.643,424.181,66,-214.5,0.123,0.924,0.02,0.046,73,170.965,352.087,-2.097,-1.362,0,0,0,0,0,0,0,0,7319

Main.js:462 219.532,244.409,78,78,0.011,0.002,0,0,64,0,0,0,0,0,0,0,240.441,347.899,0.52,2.445,0,0,0,0,0,0,0,0,243.781,425.102,64.5,-217.5,0.137,0.921,0.022,0.045,72,168.868,350.726,-2.097,-1.362,0,0,0,0,0,0,0,0,7337

Main.js:462 219.543,244.411,79.5,79.5,0.011,0.002,0,0,63,0,1,0,0,0,0,0,240.96,350.344,0.52,2.445,0,0,0,0,0,0,0,0,243.933,426.019,63,-220.5,0.152,0.917,0.023,0.045,71,166.771,349.364,-2.097,-1.362,0,0,0,0,0,0,0,0,7352

Main.js:462 219.553,244.413,81,81,0.01,0.002,0,0,62,0,1,0,0,0,0,0,241.48,352.79,0.52,2.445,0,0,0,0,0,0,0,0,244.1,426.932,61.5,-223.5,0.167,0.913,0.024,0.044,70,164.675,348.003,-2.097,-1.362,0,0,0,0,0,0,0,0,7369

Main.js:462 219.562,244.415,82.5,82.5,0.01,0.002,0,0,61,0,1,0,0,0,0,0,242,355.235,0.52,2.445,0,0,0,0,0,0,0,0,244.283,427.841,60,-226.5,0.183,0.909,0.025,0.043,69,162.578,346.641,-2.097,-1.362,0,0,0,0,0,0,0,0,7386

Main.js:462 219.572,244.416,82.5,82.5,0.009,0.002,0,0,60,0,0,0,0,0,0,0,242.52,357.681,0.52,2.445,0,0,0,0,0,0,0,0,244.481,428.745,58.5,-229.5,0.198,0.904,0.026,0.043,68,160.481,345.279,-2.097,-1.362,0,0,0,0,0,0,0,0,7403

Main.js:462 219.58,244.418,82.5,82.5,0.009,0.001,0,0,59,0,0,0,0,0,0,0,243.039,360.126,0.52,2.445,0,0,0,0,0,0,0,0,244.695,429.643,57,-232.5,0.214,0.898,0.027,0.042,67,158.385,343.918,-2.097,-1.362,0,0,0,0,0,0,0,0,7419

Main.js:462 219.588,244.419,82.5,82.5,0.008,0.001,0,0,58,0,0,0,0,0,0,0,243.559,362.571,0.52,2.445,0,0,0,0,0,0,0,0,244.926,430.536,55.5,-235.5,0.23,0.893,0.028,0.041,66,156.288,342.556,-2.097,-1.362,0,0,0,0,0,0,0,0,7436

Main.js:462 219.596,244.42,82.5,82.5,0.008,0.001,0,0,57,0,0,0,0,0,0,0,244.079,365.017,0.52,2.445,0,0,0,0,0,0,0,0,245.173,431.422,54,-238.5,0.247,0.886,0.029,0.04,65,154.191,341.195,-2.097,-1.362,0,0,0,0,0,0,0,0,7452

Main.js:462 219.604,244.422,82.5,82.5,0.007,0.001,0,0,56,0,0,0,0,0,0,0,244.599,367.462,0.52,2.445,0,0,0,0,0,0,0,0,245.436,432.302,52.5,-241.5,0.263,0.88,0.03,0.04,64,152.094,339.833,-2.097,-1.362,0,0,0,0,0,0,0,0,7469

Main.js:462 219.611,244.423,82.5,82.5,0.007,0.001,0,0,55,0,0,0,0,0,0,0,245.119,369.907,0.52,2.445,0,0,0,0,0,0,0,0,245.716,433.175,51,-244.5,0.28,0.873,0.031,0.039,63,149.998,338.471,-2.097,-1.362,0,0,0,0,0,0,0,0,7486

Main.js:462 219.617,244.424,82.5,82.5,0.007,0.001,0,0,54,0,0,0,0,0,0,0,245.638,372.353,0.52,2.445,0,0,0,0,0,0,0,0,246.013,434.04,49.5,-247.5,0.297,0.865,0.032,0.038,62,147.901,337.11,-2.097,-1.362,0,0,0,0,0,0,0,0,7502

Main.js:462 219.624,244.425,82.5,82.5,0.006,0.001,0,0,53,0,0,0,0,0,0,0,246.158,374.798,0.52,2.445,0,0,0,0,0,0,0,0,246.327,434.897,48,-250.5,0.314,0.857,0.033,0.037,61,145.804,335.748,-2.097,-1.362,0,0,0,0,0,0,0,0,7520

Main.js:462 219.63,244.426,82.5,82.5,0.006,0.001,0,0,52,0,0,0,0,0,0,0,246.678,377.244,0.52,2.445,0,0,0,0,0,0,0,0,246.658,435.746,46.5,-253.5,0.331,0.849,0.034,0.036,60,143.708,334.387,-2.097,-1.362,0,0,0,0,0,0,0,0,7537

Main.js:462 219.635,244.427,82.5,82.5,0.006,0.001,0,0,51,0,0,0,0,0,0,0,247.198,379.689,0.52,2.445,0,0,0,0,0,0,0,0,247.006,436.586,45,-256.5,0.348,0.84,0.035,0.035,59,141.611,333.025,-2.097,-1.362,0,0,0,0,0,0,0,0,7552

Main.js:462 219.641,244.428,82.5,82.5,0.005,0.001,0,0,50,0,0,0,0,0,0,0,247.717,382.134,0.52,2.445,0,0,0,0,0,0,0,0,247.371,437.416,43.5,-259.5,0.365,0.831,0.036,0.034,58,139.514,331.663,-2.097,-1.362,0,0,0,0,0,0,0,0,7570

Main.js:462 219.646,244.429,82.5,82.5,0.005,0.001,0,0,49,0,0,0,0,0,0,0,248.237,384.58,0.52,2.445,0,0,0,0,0,0,0,0,247.753,438.237,42,-262.5,0.382,0.821,0.037,0.033,57,137.418,330.302,-2.097,-1.362,0,0,0,0,0,0,0,0,7585

Main.js:462 219.651,244.43,82.5,82.5,0.005,0.001,0,0,48,0,0,0,0,0,0,0,248.757,387.025,0.52,2.445,0,0,0,0,0,0,0,0,248.152,439.048,40.5,-265.5,0.399,0.811,0.038,0.032,56,135.321,328.94,-2.097,-1.362,0,0,0,0,0,0,0,0,7603

Main.js:462 219.656,244.43,81,81,0.005,0.001,0,0,47,1,0,0,0,0,0,0,249.277,389.47,0.52,2.445,0,0,0,0,0,0,0,0,248.568,439.848,39,-268.5,0.416,0.8,0.039,0.031,55,133.224,327.579,-2.097,-1.362,0,0,0,0,0,0,0,0,7619

Main.js:462 219.66,244.431,79.5,79.5,0.004,0.001,0,0,46,1,0,0,0,0,0,0,249.797,391.916,0.52,2.445,0,0,0,0,0,0,0,0,249.001,440.637,37.5,-271.5,0.433,0.789,0.04,0.03,54,131.128,326.217,-2.097,-1.362,0,0,0,0,0,0,0,0,7636

Main.js:462 219.664,244.432,78,78,0.004,0.001,0,0,45,1,0,0,0,0,0,0,250.316,394.361,0.52,2.445,0,0,0,0,0,0,0,0,249.451,441.415,36,-274.5,0.45,0.777,0.04,0.029,53,129.031,324.855,-2.097,-1.362,0,0,0,0,0,0,0,0,7651

Main.js:462 219.668,244.433,76.5,76.5,0.004,0.001,0,0,44,1,0,0,0,0,0,0,250.836,396.806,0.52,2.445,0,0,0,0,0,0,0,0,249.917,442.18,34.5,-277.5,0.466,0.765,0.041,0.028,52,126.934,323.494,-2.097,-1.362,0,0,0,0,0,0,0,0,7669

Main.js:462 219.672,244.433,75,75,0.004,0.001,0,0,43,1,0,0,0,0,0,0,251.356,399.252,0.52,2.445,0,0,0,0,0,0,0,0,250.4,442.933,33,-280.5,0.483,0.753,0.042,0.027,51,124.838,322.132,-2.097,-1.362,0,0,0,0,0,0,0,0,7685

Main.js:462 219.676,244.434,73.5,73.5,0.004,0.001,0,0,42,1,0,0,0,0,0,0,251.876,401.697,0.52,2.445,0,0,0,0,0,0,0,0,250.9,443.673,31.5,-283.5,0.499,0.74,0.043,0.026,50,122.741,320.771,-2.097,-1.362,0,0,0,0,0,0,0,0,7701

Main.js:462 219.679,244.435,72,72,0.003,0.001,0,0,41,1,0,0,0,0,0,0,252.395,404.143,0.52,2.445,0,0,0,0,0,0,0,0,251.415,444.4,30,-286.5,0.515,0.727,0.043,0.025,49,120.644,319.409,-2.097,-1.362,0,0,0,0,0,0,0,0,7719

Main.js:462 219.682,244.435,70.5,70.5,0.003,0.001,0,0,40,1,0,0,0,0,0,0,252.915,406.588,0.52,2.445,0,0,0,0,0,0,0,0,251.946,445.114,28.5,-289.5,0.531,0.713,0.044,0.024,48,118.548,318.047,-2.097,-1.362,0,0,0,0,0,0,0,0,7736

Main.js:462 219.685,244.436,69,69,0.003,0.001,0,0,39,1,0,0,0,0,0,0,253.435,409.033,0.52,2.445,0,0,0,0,0,0,0,0,252.493,445.813,27,-292.5,0.547,0.699,0.045,0.023,47,116.451,316.686,-2.097,-1.362,0,0,0,0,0,0,0,0,7753

Main.js:462 219.688,244.436,69,69,0.003,0.001,0,0,38,0,0,0,0,0,0,0,253.955,411.479,0.52,2.445,0,0,0,0,0,0,0,0,253.056,446.498,25.5,-295.5,0.563,0.685,0.045,0.022,46,114.354,315.324,-2.097,-1.362,0,0,0,0,0,0,0,0,7769

Main.js:462 219.691,244.437,69,69,0.003,0,0,0,37,0,0,0,0,0,0,0,254.475,413.924,0.52,2.445,0,0,0,0,0,0,0,0,253.634,447.167,24,-298.5,0.578,0.67,0.046,0.02,45,112.258,313.963,-2.097,-1.362,0,0,0,0,0,0,0,0,7786

Main.js:462 219.694,244.437,69,69,0.003,0,0,0,36,0,0,0,0,0,0,0,254.994,416.369,0.52,2.445,0,0,0,0,0,0,0,0,254.227,447.822,22.5,-301.5,0.593,0.654,0.046,0.019,44,110.161,312.601,-2.097,-1.362,0,0,0,0,0,0,0,0,7802

Main.js:462 219.696,244.437,69,69,0.003,0,0,0,35,0,0,0,0,0,0,0,255.514,418.815,0.52,2.445,0,0,0,0,0,0,0,0,254.835,448.461,21,-304.5,0.608,0.639,0.047,0.018,43,108.064,311.239,-2.097,-1.362,0,0,0,0,0,0,0,0,7819

Main.js:462 219.699,244.438,69,69,0.002,0,0,0,34,0,0,0,0,0,0,0,256.034,421.26,0.52,2.445,0,0,0,0,0,0,0,0,255.457,449.083,19.5,-307.5,0.622,0.623,0.047,0.017,42,105.968,309.878,-2.097,-1.362,0,0,0,0,0,0,0,0,7837

Main.js:462 219.701,244.438,69,69,0.002,0,0,0,33,0,0,0,0,0,0,0,256.554,423.706,0.52,2.445,0,0,0,0,0,0,0,0,256.093,449.69,18,-310.5,0.636,0.606,0.048,0.015,41,103.871,308.516,-2.097,-1.362,0,0,0,0,0,0,0,0,7852

Main.js:462 219.703,244.439,69,69,0.002,0,0,0,32,0,0,0,0,0,0,0,257.073,426.151,0.52,2.445,0,0,0,0,0,0,0,0,256.742,450.279,16.5,-313.5,0.65,0.589,0.048,0.014,40,101.774,307.155,-2.097,-1.362,0,0,0,0,0,0,0,0,7918

Main.js:462 219.705,244.439,69,69,0.002,0,0,0,31,0,0,0,0,0,0,0,257.593,428.596,0.52,2.445,0,0,0,0,0,0,0,0,257.406,450.851,15,-316.5,0.663,0.572,0.048,0.013,39,99.678,305.793,-2.097,-1.362,0,0,0,0,0,0,0,0,7936

Main.js:462 219.707,244.439,69,69,0.002,0,0,0,30,0,0,0,0,0,0,0,258.113,431.042,0.52,2.445,0,0,0,0,0,0,0,0,258.082,451.406,13.5,-319.5,0.676,0.555,0.049,0.012,38,97.581,304.431,-2.097,-1.362,0,0,0,0,0,0,0,0,7952

Main.js:462 219.709,244.44,69,69,0.002,0,0,0,29,0,0,0,0,0,0,0,258.633,433.487,0.52,2.445,0,0,0,0,0,0,0,0,258.771,451.943,12,-322.5,0.689,0.537,0.049,0.01,37,95.484,303.07,-2.097,-1.362,0,0,0,0,0,0,0,0,7970

Main.js:462 219.711,244.44,69,69,0.002,0,0,0,28,0,0,0,0,0,0,0,259.153,435.932,0.52,2.445,0,0,0,0,0,0,0,0,259.472,452.461,10.5,-325.5,0.701,0.519,0.049,0.009,36,93.388,301.708,-2.097,-1.362,0,0,0,0,0,0,0,0,7986

Main.js:462 219.712,244.44,69,69,0.002,0,0,0,27,0,0,0,0,0,0,0,259.672,438.378,0.52,2.445,0,0,0,0,0,0,0,0,260.185,452.962,9,-328.5,0.713,0.5,0.049,0.008,35,91.291,300.347,-2.097,-1.362,0,0,0,0,0,0,0,0,8002

Main.js:462 219.714,244.44,69,69,0.002,0,0,0,26,0,0,0,0,0,0,0,259.672,438.378,0.52,2.445,0,0,0,0,0,0,0,0,260.909,453.445,10.5,-328.5,0.724,0.484,0.049,0.009,34,91.291,300.347,-2.097,-1.362,0,0,0,0,0,0,0,0,8018

