Main.js:143 myTank.x,myTank.y,myTank.rotation,myTank.cannonRotation,myTank.velocityX,myTank.velocityY,myTank.accelerationX,myTank.accelerationY,myTank.shootCooldown,myTank.controls.turnLeft,myTank.controls.turnRight,myTank.controls.goForward,myTank.controls.goBack,myTank.controls.shoot,myTank.controls.cannonLeft,myTank.controls.cannonRight,myBullet1.x,myBullet1.y,myBullet1.velocityX,myBullet1.velocityY,myBullet2.x,myBullet2.y,myBullet2.velocityX,myBullet2.velocityY,myBullet3.x,myBullet3.y,myBullet3.velocityX,myBullet3.velocityY,enemyTank.x,enemyTank.y,enemyTank.rotation,enemyTank.cannonRotation,enemyTank.velocityX,enemyTank.velocityY,enemyTank.accelerationX,enemyTank.accelerationY,enemyTank.shootCooldown,enemyBullet1.x,enemyBullet1.y,enemyBullet1.velocityX,enemyBullet1.velocityY,enemyBullet2.x,enemyBullet2.y,enemyBullet2.velocityX,enemyBullet2.velocityY,enemyBullet3.x,enemyBullet3.y,enemyBullet3.velocityX,enemyBullet3.velocityY,currentGameTime
Main.js:462 450,91,180,180,0,0,0,0,0,0,0,0,0,0,0,0,0,0,0,0,0,0,0,0,0,0,0,0,50,409,0,0,0,0,0,0,0,0,0,0,0,0,0,0,0,0,0,0,0,5

Main.js:462 450,91,180,180,0,0,0,0,0,0,0,0,0,0,0,0,0,0,0,0,0,0,0,0,0,0,0,0,50,409,0,0,0,0,0,0,0,0,0,0,0,0,0,0,0,0,0,0,0,30

Main.js:462 450,91,180,180,0,0,0,0,0,0,0,0,0,0,0,0,0,0,0,0,0,0,0,0,0,0,0,0,50.047,409.001,1.5,0,0.047,0.001,0.05,0.001,99,0,0,0,0,0,0,0,0,0,0,0,0,47

Main.js:462 450,91,180,180,0,0,0,0,0,0,0,0,0,0,0,0,0,0,0,0,0,0,0,0,0,0,0,0,50.14,409.005,3,0,0.093,0.004,0.05,0.003,98,73.5,409,2.5,0,0,0,0,0,0,0,0,0,64

Main.js:462 450,91,180,180,0,0,0,0,0,0,0,0,0,0,0,0,0,0,0,0,0,0,0,0,0,0,0,0,50.275,409.012,4.5,0,0.135,0.007,0.05,0.004,97,76,409,2.5,0,0,0,0,0,0,0,0,0,81

Main.js:462 450,91,180,180,0,0,0,0,0,0,0,0,0,0,0,0,0,0,0,0,0,0,0,0,0,0,0,0,50.451,409.024,6,0,0.176,0.012,0.05,0.005,96,78.5,409,2.5,0,0,0,0,0,0,0,0,0,96

Main.js:462 450,91,180,180,0,0,0,0,0,0,0,0,0,0,0,0,0,0,0,0,0,0,0,0,0,0,0,0,50.665,409.041,7.5,0,0.214,0.017,0.05,0.007,95,81,409,2.5,0,0,0,0,0,0,0,0,0,114

Main.js:462 450,91,180,180,0,0,0,0,0,0,0,0,0,0,0,0,0,0,0,0,0,0,0,0,0,0,0,0,50.915,409.065,9,0,0.25,0.024,0.049,0.008,94,83.5,409,2.5,0,0,0,0,0,0,0,0,0,131

Main.js:462 450,91,180,180,0,0,0,0,0,0,0,0,0,0,0,0,0,0,0,0,0,0,0,0,0,0,0,0,51.2,409.097,10.5,0,0.284,0.031,0.049,0.009,93,86,409,2.5,0,0,0,0,0,0,0,0,0,148

Main.js:462 450,91,180,180,0,0,0,0,0,0,0,0,0,0,0,0,0,0,0,0,0,0,0,0,0,0,0,0,51.517,409.137,12,0,0.317,0.04,0.049,0.01,92,88.5,409,2.5,0,0,0,0,0,0,0,0,0,164

Main.js:462 450,91,180,180,0,0,0,0,0,0,0,0,0,0,0,0,0,0,0,0,0,0,0,0,0,0,0,0,51.864,409.185,13.5,0,0.347,0.049,0.049,0.012,91,91,409,2.5,0,0,0,0,0,0,0,0,0,181

Main.js:462 450,91,180,180,0,0,0,0,0,0,0,0,0,0,0,0,0,0,0,0,0,0,0,0,0,0,0,0,52.239,409.244,15,0,0.376,0.059,0.048,0.013,90,93.5,409,2.5,0,0,0,0,0,0,0,0,0,199

Main.js:462 450,91,180,180,0,0,0,0,0,0,0,0,0,0,0,0,0,0,0,0,0,0,0,0,0,0,0,0,52.641,409.313,16.5,0,0.402,0.069,0.048,0.014,89,96,409,2.5,0,0,0,0,0,0,0,0,0,213

Main.js:462 450,91,180,180,0,0,0,0,0,0,0,0,0,0,0,0,0,0,0,0,0,0,0,0,0,0,0,0,53.069,409.394,18,0,0.427,0.08,0.048,0.015,88,98.5,409,2.5,0,0,0,0,0,0,0,0,0,231

Main.js:462 450,91,180,180,0,0,0,0,0,0,0,0,0,0,0,0,0,0,0,0,0,0,0,0,0,0,0,0,53.52,409.486,19.5,0,0.451,0.092,0.047,0.017,87,101,409,2.5,0,0,0,0,0,0,0,0,0,248

Main.js:462 450,91,180,180,0,0,0,0,0,0,0,0,0,0,0,0,0,0,0,0,0,0,0,0,0,0,0,0,53.992,409.591,21,0,0.473,0.105,0.047,0.018,86,103.5,409,2.5,0,0,0,0,0,0,0,0,0,264

Main.js:462 450,91,180,180,0,0,0,0,0,0,0,0,0,0,0,0,0,0,0,0,0,0,0,0,0,0,0,0,54.485,409.708,22.5,0,0.493,0.118,0.046,0.019,85,106,409,2.5,0,0,0,0,0,0,0,0,0,313

Main.js:462 450,91,180,180,0,0,0,0,0,0,0,0,0,0,0,0,0,0,0,0,0,0,0,0,0,0,0,0,54.997,409.84,24,0,0.512,0.131,0.046,0.02,84,108.5,409,2.5,0,0,0,0,0,0,0,0,0,330

Main.js:462 450,91,180,180,0,0,0,0,0,0,0,0,0,0,0,0,0,0,0,0,0,0,0,0,0,0,0,0,55.526,409.985,25.5,0,0.529,0.145,0.045,0.022,83,111,409,2.5,0,0,0,0,0,0,0,0,0,347

Main.js:462 450,91,180,180,0,0,0,0,0,0,0,0,0,0,0,0,0,0,0,0,0,0,0,0,0,0,0,0,56.07,410.144,27,0,0.545,0.159,0.045,0.023,82,113.5,409,2.5,0,0,0,0,0,0,0,0,0,369

Main.js:462 450,91,180,180,0,0,0,0,0,0,0,0,0,0,0,0,0,0,0,0,0,0,0,0,0,0,0,0,56.63,410.318,28.5,0,0.559,0.174,0.044,0.024,81,116,409,2.5,0,0,0,0,0,0,0,0,0,380

Main.js:462 450,91,180,180,0,0,0,0,0,0,0,0,0,0,0,0,0,0,0,0,0,0,0,0,0,0,0,0,57.202,410.507,30,0,0.572,0.189,0.043,0.025,80,118.5,409,2.5,0,0,0,0,0,0,0,0,0,396

Main.js:462 450,91,180,180,0,0,0,0,0,0,0,0,0,0,0,0,0,0,0,0,0,0,0,0,0,0,0,0,57.787,410.711,31.5,0,0.584,0.204,0.043,0.026,79,121,409,2.5,0,0,0,0,0,0,0,0,0,414

Main.js:462 450,91,180,180,0,0,0,0,0,0,0,0,0,0,0,0,0,0,0,0,0,0,0,0,0,0,0,0,58.382,410.931,33,0,0.595,0.22,0.042,0.027,78,123.5,409,2.5,0,0,0,0,0,0,0,0,0,431

Main.js:462 450,91,180,180,0,0,0,0,0,0,0,0,0,0,0,0,0,0,0,0,0,0,0,0,0,0,0,0,58.986,411.167,34.5,0,0.604,0.236,0.041,0.028,77,126,409,2.5,0,0,0,0,0,0,0,0,0,448

Main.js:462 450,91,180,180,0,0,0,0,0,0,0,0,0,0,0,0,0,0,0,0,0,0,0,0,0,0,0,0,59.598,411.419,36,0,0.613,0.252,0.04,0.029,76,128.5,409,2.5,0,0,0,0,0,0,0,0,0,464

Main.js:462 450,91,180,180,0,0,0,0,0,0,0,0,0,0,0,0,0,0,0,0,0,0,0,0,0,0,0,0,60.218,411.688,37.5,0,0.62,0.268,0.04,0.03,75,131,409,2.5,0,0,0,0,0,0,0,0,0,482

Main.js:462 450,91,180,180,0,0,0,0,0,0,0,0,0,0,0,0,0,0,0,0,0,0,0,0,0,0,0,0,60.844,411.973,39,0,0.626,0.285,0.039,0.031,74,133.5,409,2.5,0,0,0,0,0,0,0,0,0,498

Main.js:462 450,91,180,180,0,0,0,0,0,0,0,0,0,0,0,0,0,0,0,0,0,0,0,0,0,0,0,0,61.474,412.274,40.5,0,0.63,0.301,0.038,0.032,73,136,409,2.5,0,0,0,0,0,0,0,0,0,514

Main.js:462 450,91,180,180,0,0,0,0,0,0,0,0,0,0,0,0,0,0,0,0,0,0,0,0,0,0,0,0,62.109,412.591,40.5,358.5,0.635,0.317,0.038,0.032,72,138.5,409,2.5,0,0,0,0,0,0,0,0,0,531

Main.js:462 450,91,180,180,0,0,0,0,0,0,0,0,0,0,0,0,0,0,0,0,0,0,0,0,0,0,0,0,62.748,412.924,40.5,357,0.639,0.332,0.038,0.032,71,141,409,2.5,0,0,0,0,0,0,0,0,0,547

Main.js:462 449.953,91,180,180,-0.047,0,-0.05,0,0,0,0,1,0,0,0,0,0,0,0,0,0,0,0,0,0,0,0,0,63.392,413.27,40.5,355.5,0.644,0.346,0.038,0.032,70,143.5,409,2.5,0,0,0,0,0,0,0,0,0,565

Main.js:462 449.86,91,180,180,-0.093,0,-0.05,0,0,0,0,1,0,0,0,0,0,0,0,0,0,0,0,0,0,0,0,0,64.039,413.63,40.5,354,0.647,0.36,0.038,0.032,69,146,409,2.5,0,0,0,0,0,0,0,0,0,581

Main.js:462 449.724,91,180,180,-0.135,0,-0.05,0,0,0,0,1,0,0,0,0,0,0,0,0,0,0,0,0,0,0,0,0,64.691,414.003,40.5,352.5,0.651,0.373,0.038,0.032,68,148.5,409,2.5,0,0,0,0,0,0,0,0,0,597

Main.js:462 449.548,91,180,180,-0.176,0,-0.05,0,0,0,0,1,0,0,0,0,0,0,0,0,0,0,0,0,0,0,0,0,65.345,414.388,40.5,351,0.655,0.385,0.038,0.032,67,151,409,2.5,0,0,0,0,0,0,0,0,0,613

Main.js:462 449.333,91.001,178.5,178.5,-0.215,0.001,-0.05,0.001,0,1,0,1,0,0,0,0,0,0,0,0,0,0,0,0,0,0,0,0,66.003,414.785,40.5,349.5,0.658,0.397,0.038,0.032,66,153.5,409,2.5,0,0,0,0,0,0,0,0,0,631

Main.js:462 449.082,91.005,177,177,-0.252,0.004,-0.05,0.003,0,1,0,1,0,0,0,0,0,0,0,0,0,0,0,0,0,0,0,0,66.665,415.192,40.5,348,0.661,0.408,0.038,0.032,65,156,409,2.5,0,0,0,0,0,0,0,0,0,648

Main.js:462 448.795,91.012,175.5,175.5,-0.286,0.007,-0.05,0.004,0,1,0,1,0,0,0,0,0,0,0,0,0,0,0,0,0,0,0,0,67.329,415.61,40.5,346.5,0.664,0.418,0.038,0.032,64,158.5,409,2.5,0,0,0,0,0,0,0,0,0,665

Main.js:462 448.476,91.024,174,174,-0.319,0.012,-0.05,0.005,0,1,0,1,0,0,0,0,0,0,0,0,0,0,0,0,0,0,0,0,67.997,416.039,40.5,345,0.667,0.428,0.038,0.032,63,161,409,2.5,0,0,0,0,0,0,0,0,0,681

Main.js:462 448.126,91.041,172.5,172.5,-0.35,0.017,-0.05,0.007,0,1,0,1,0,0,0,0,0,0,0,0,0,0,0,0,0,0,0,0,68.667,416.476,40.5,343.5,0.67,0.438,0.038,0.032,62,163.5,409,2.5,0,0,0,0,0,0,0,0,0,698

Main.js:462 447.746,91.065,171,171,-0.38,0.024,-0.049,0.008,0,1,0,1,0,0,0,0,0,0,0,0,0,0,0,0,0,0,0,0,69.339,416.923,40.5,342,0.673,0.446,0.038,0.032,61,166,409,2.5,0,0,0,0,0,0,0,0,0,714

Main.js:462 447.338,91.097,169.5,169.5,-0.408,0.031,-0.049,0.009,0,1,0,1,0,0,0,0,0,0,0,0,0,0,0,0,0,0,0,0,70.014,417.378,40.5,340.5,0.675,0.455,0.038,0.032,60,168.5,409,2.5,0,0,0,0,0,0,0,0,0,730

Main.js:462 446.905,91.137,168,168,-0.434,0.04,-0.049,0.01,0,1,0,1,0,0,0,0,0,0,0,0,0,0,0,0,0,0,0,0,70.692,417.841,40.5,339,0.678,0.463,0.038,0.032,59,171,409,2.5,0,0,0,0,0,0,0,0,0,747

Main.js:462 446.447,91.185,166.5,166.5,-0.458,0.049,-0.049,0.012,0,1,0,1,0,0,0,0,0,0,0,0,0,0,0,0,0,0,0,0,71.372,418.312,40.5,337.5,0.68,0.471,0.038,0.032,58,173.5,409,2.5,0,0,0,0,0,0,0,0,0,764

Main.js:462 445.966,91.244,165,165,-0.481,0.059,-0.048,0.013,0,1,0,1,0,0,0,0,0,0,0,0,0,0,0,0,0,0,0,0,72.054,418.79,40.5,336,0.682,0.478,0.038,0.032,57,176,409,2.5,0,0,0,0,0,0,0,0,0,780

Main.js:462 445.463,91.313,163.5,163.5,-0.503,0.069,-0.048,0.014,0,1,0,1,0,0,0,0,0,0,0,0,0,0,0,0,0,0,0,0,72.738,419.275,40.5,334.5,0.684,0.485,0.038,0.032,56,178.5,409,2.5,0,0,0,0,0,0,0,0,0,798

Main.js:462 444.94,91.394,162,162,-0.523,0.08,-0.048,0.015,0,1,0,1,0,0,0,0,0,0,0,0,0,0,0,0,0,0,0,0,73.423,419.766,40.5,333,0.686,0.492,0.038,0.032,55,181,409,2.5,0,0,0,0,0,0,0,0,0,814

Main.js:462 444.399,91.486,160.5,160.5,-0.541,0.092,-0.047,0.017,0,1,0,1,0,0,0,0,0,0,0,0,0,0,0,0,0,0,0,0,74.111,420.264,40.5,331.5,0.688,0.498,0.038,0.032,54,183.5,409,2.5,0,0,0,0,0,0,0,0,0,830

Main.js:462 443.84,91.59,160.5,160.5,-0.559,0.104,-0.047,0.017,0,0,0,1,0,0,0,0,0,0,0,0,0,0,0,0,0,0,0,0,74.801,420.768,40.5,330,0.689,0.504,0.038,0.032,53,186,409,2.5,0,0,0,0,0,0,0,0,0,847

Main.js:462 443.264,91.704,160.5,160.5,-0.576,0.114,-0.047,0.017,0,0,0,1,0,0,0,0,0,0,0,0,0,0,0,0,0,0,0,0,75.492,421.278,40.5,328.5,0.691,0.51,0.038,0.032,52,188.5,409,2.5,0,0,0,0,0,0,0,0,0,865

Main.js:462 442.672,91.828,160.5,160.5,-0.592,0.124,-0.047,0.017,0,0,0,1,0,0,0,0,0,0,0,0,0,0,0,0,0,0,0,0,76.184,421.793,40.5,327,0.693,0.515,0.038,0.032,51,191,409,2.5,0,0,0,0,0,0,0,0,0,881

Main.js:462 442.066,91.962,160.5,160.5,-0.607,0.134,-0.047,0.017,0,0,0,1,0,0,0,0,0,0,0,0,0,0,0,0,0,0,0,0,76.878,422.313,40.5,325.5,0.694,0.52,0.038,0.032,50,193.5,409,2.5,0,0,0,0,0,0,0,0,0,898

Main.js:462 441.444,92.105,160.5,160.5,-0.621,0.143,-0.047,0.017,0,0,0,1,0,0,0,0,0,0,0,0,0,0,0,0,0,0,0,0,77.574,422.837,40.5,324,0.696,0.525,0.038,0.032,49,196,409,2.5,0,0,0,0,0,0,0,0,0,914

Main.js:462 440.809,92.257,160.5,160.5,-0.635,0.152,-0.047,0.017,0,0,0,1,0,0,0,0,0,0,0,0,0,0,0,0,0,0,0,0,78.271,423.367,40.5,322.5,0.697,0.529,0.038,0.032,48,198.5,409,2.5,0,0,0,0,0,0,0,0,0,932

Main.js:462 440.161,92.417,160.5,160.5,-0.648,0.16,-0.047,0.017,0,0,0,1,0,0,0,0,0,0,0,0,0,0,0,0,0,0,0,0,78.969,423.901,40.5,321,0.698,0.534,0.038,0.032,47,201,409,2.5,0,0,0,0,0,0,0,0,0,948

Main.js:462 439.5,92.585,160.5,160.5,-0.66,0.168,-0.047,0.017,0,0,0,1,0,0,0,0,0,0,0,0,0,0,0,0,0,0,0,0,79.668,424.439,40.5,319.5,0.699,0.538,0.038,0.032,46,203.5,409,2.5,0,0,0,0,0,0,0,0,0,963

Main.js:462 438.828,92.761,160.5,160.5,-0.672,0.175,-0.047,0.017,0,0,0,1,0,0,0,0,0,0,0,0,0,0,0,0,0,0,0,0,80.369,424.981,40.5,318,0.701,0.542,0.038,0.032,45,206,409,2.5,0,0,0,0,0,0,0,0,0,981

Main.js:462 438.145,92.943,160.5,160.5,-0.683,0.183,-0.047,0.017,0,0,0,1,0,0,0,0,0,0,0,0,0,0,0,0,0,0,0,0,81.07,425.526,40.5,316.5,0.702,0.546,0.038,0.032,44,208.5,409,2.5,0,0,0,0,0,0,0,0,0,996

Main.js:462 437.451,93.133,160.5,160.5,-0.694,0.189,-0.047,0.017,0,0,0,1,0,0,0,0,0,0,0,0,0,0,0,0,0,0,0,0,81.773,426.076,40.5,315,0.703,0.549,0.038,0.032,43,211,409,2.5,0,0,0,0,0,0,0,0,0,1014

Main.js:462 436.747,93.328,160.5,160.5,-0.704,0.196,-0.047,0.017,0,0,0,1,0,0,0,0,0,0,0,0,0,0,0,0,0,0,0,0,82.477,426.627,39,312,0.704,0.552,0.039,0.031,42,213.5,409,2.5,0,0,0,0,0,0,0,0,0,1030

Main.js:462 436.033,93.53,160.5,160.5,-0.714,0.202,-0.047,0.017,0,0,0,1,0,0,0,0,0,0,0,0,0,0,0,0,0,0,0,0,83.184,427.18,37.5,309,0.707,0.553,0.04,0.03,41,216,409,2.5,0,0,0,0,0,0,0,0,0,1046

Main.js:462 435.311,93.739,159,159,-0.722,0.209,-0.047,0.018,0,1,0,1,0,0,0,0,0,0,0,0,0,0,0,0,0,0,0,0,83.894,427.734,36,306,0.71,0.553,0.04,0.029,40,218.5,409,2.5,0,0,0,0,0,0,0,0,0,1064

Main.js:462 434.581,93.955,157.5,157.5,-0.73,0.216,-0.046,0.019,0,1,0,1,0,0,0,0,0,0,0,0,0,0,0,0,0,0,0,0,84.608,428.286,34.5,303,0.714,0.553,0.041,0.028,39,221,409,2.5,0,0,0,0,0,0,0,0,0,1081

Main.js:462 433.844,94.18,156,156,-0.737,0.225,-0.046,0.02,0,1,0,1,0,0,0,0,0,0,0,0,0,0,0,0,0,0,0,0,85.326,428.837,33,300,0.718,0.551,0.042,0.027,38,223.5,409,2.5,0,0,0,0,0,0,0,0,0,1097

Main.js:462 433.101,94.414,154.5,154.5,-0.743,0.234,-0.045,0.022,0,1,0,1,0,0,0,0,0,0,0,0,0,0,0,0,0,0,0,0,86.048,429.385,31.5,297,0.722,0.548,0.043,0.026,37,226,409,2.5,0,0,0,0,0,0,0,0,0,1114

Main.js:462 432.352,94.658,153,153,-0.748,0.244,-0.045,0.023,0,1,0,1,0,0,0,0,0,0,0,0,0,0,0,0,0,0,0,0,86.775,429.929,30,294,0.727,0.544,0.043,0.025,36,228.5,409,2.5,0,0,0,0,0,0,0,0,0,1130

Main.js:462 431.6,94.912,151.5,151.5,-0.753,0.254,-0.044,0.024,0,1,0,1,0,0,0,0,0,0,0,0,0,0,0,0,0,0,0,0,87.508,430.469,28.5,291,0.733,0.54,0.044,0.024,35,231,409,2.5,0,0,0,0,0,0,0,0,0,1148

Main.js:462 430.844,95.178,150,150,-0.756,0.265,-0.043,0.025,0,1,0,1,0,0,0,0,0,0,0,0,0,0,0,0,0,0,0,0,88.247,431.004,27,288,0.738,0.534,0.045,0.023,34,233.5,409,2.5,0,0,0,0,0,0,0,0,0,1163

Main.js:462 430.085,95.455,148.5,148.5,-0.759,0.277,-0.043,0.026,0,1,0,1,0,0,0,0,0,0,0,0,0,0,0,0,0,0,0,0,88.991,431.532,25.5,285,0.744,0.528,0.045,0.022,33,236,409,2.5,0,0,0,0,0,0,0,0,0,1182

Main.js:462 429.324,95.744,147,147,-0.761,0.289,-0.042,0.027,0,1,0,1,0,0,0,0,0,0,0,0,0,0,0,0,0,0,0,0,89.742,432.053,24,282,0.751,0.521,0.046,0.02,32,238.5,409,2.5,0,0,0,0,0,0,0,0,0,1197

Main.js:462 428.563,96.045,145.5,145.5,-0.762,0.301,-0.041,0.028,0,1,0,1,0,0,0,0,0,0,0,0,0,0,0,0,0,0,0,0,90.499,432.566,22.5,279,0.757,0.513,0.046,0.019,31,241,409,2.5,0,0,0,0,0,0,0,0,0,1213

Main.js:462 427.801,96.36,144,144,-0.762,0.314,-0.04,0.029,0,1,0,1,0,0,0,0,0,0,0,0,0,0,0,0,0,0,0,0,91.262,433.071,21,276,0.763,0.505,0.047,0.018,30,243.5,409,2.5,0,0,0,0,0,0,0,0,0,1231

Main.js:462 427.039,96.687,142.5,142.5,-0.762,0.328,-0.04,0.03,0,1,0,1,0,0,0,0,0,0,0,0,0,0,0,0,0,0,0,0,92.032,433.566,19.5,273,0.77,0.495,0.047,0.017,29,246,409,2.5,0,0,0,0,0,0,0,0,0,1248

Main.js:462 426.278,97.027,142.5,142.5,-0.761,0.34,-0.04,0.03,0,0,0,1,0,0,0,0,0,0,0,0,0,0,0,0,0,0,0,0,92.809,434.051,18,270,0.777,0.485,0.048,0.015,28,248.5,409,2.5,0,0,0,0,0,0,0,0,0,1264

Main.js:462 425.517,97.379,142.5,142.5,-0.761,0.352,-0.04,0.03,0,0,0,1,0,0,0,0,0,0,0,0,0,0,0,0,0,0,0,0,93.592,434.525,16.5,267,0.783,0.474,0.048,0.014,27,251,409,2.5,0,0,0,0,0,0,0,0,0,1315

Main.js:462 424.756,97.742,142.5,142.5,-0.761,0.363,-0.04,0.03,0,0,0,1,0,0,0,0,0,0,0,0,0,0,0,0,0,0,0,0,94.382,434.988,15,264,0.79,0.463,0.048,0.013,26,253.5,409,2.5,0,0,0,0,0,0,0,0,0,1346

Main.js:462 423.996,98.116,142.5,142.5,-0.76,0.374,-0.04,0.03,0,0,0,1,0,0,0,0,0,0,0,0,0,0,0,0,0,0,0,0,95.179,435.439,13.5,261,0.797,0.451,0.049,0.012,25,256,409,2.5,0,0,0,0,0,0,0,0,0,1363

Main.js:462 423.236,98.501,142.5,142.5,-0.76,0.384,-0.04,0.03,0,0,0,1,0,0,0,0,0,0,0,0,0,0,0,0,0,0,0,0,95.983,435.877,12,258,0.803,0.438,0.049,0.01,24,258.5,409,2.5,0,0,0,0,0,0,0,0,0,1380

Main.js:462 422.477,98.895,142.5,142.5,-0.76,0.394,-0.04,0.03,0,0,0,1,0,0,0,0,0,0,0,0,0,0,0,0,0,0,0,0,96.793,436.302,10.5,255,0.81,0.425,0.049,0.009,23,261,409,2.5,0,0,0,0,0,0,0,0,0,1399

Main.js:462 421.717,99.298,142.5,142.5,-0.759,0.403,-0.04,0.03,0,0,0,1,0,0,0,0,0,0,0,0,0,0,0,0,0,0,0,0,97.609,436.713,9,252,0.816,0.411,0.049,0.008,22,263.5,409,2.5,0,0,0,0,0,0,0,0,0,1413

Main.js:462 420.959,99.71,142.5,142.5,-0.759,0.412,-0.04,0.03,0,0,0,1,0,0,0,0,0,0,0,0,0,0,0,0,0,0,0,0,98.432,437.11,7.5,249,0.823,0.397,0.05,0.007,21,266,409,2.5,0,0,0,0,0,0,0,0,0,1432

Main.js:462 420.2,100.13,142.5,142.5,-0.759,0.42,-0.04,0.03,0,0,0,1,0,0,0,0,0,0,0,0,0,0,0,0,0,0,0,0,99.26,437.492,6,246,0.829,0.382,0.05,0.005,20,268.5,409,2.5,0,0,0,0,0,0,0,0,0,1449

Main.js:462 419.441,100.558,142.5,142.5,-0.758,0.428,-0.04,0.03,0,0,0,1,0,0,0,0,0,0,0,0,0,0,0,0,0,0,0,0,100.095,437.858,4.5,243,0.835,0.367,0.05,0.004,19,271,409,2.5,0,0,0,0,0,0,0,0,0,1464

Main.js:462 418.683,100.994,142.5,142.5,-0.758,0.436,-0.04,0.03,0,0,0,1,0,0,0,0,0,0,0,0,0,0,0,0,0,0,0,0,100.935,438.209,3,240,0.84,0.351,0.05,0.003,18,273.5,409,2.5,0,0,0,0,0,0,0,0,0,1481

Main.js:462 417.925,101.437,142.5,142.5,-0.758,0.443,-0.04,0.03,0,0,0,1,0,0,0,0,0,0,0,0,0,0,0,0,0,0,0,0,101.781,438.543,1.5,237,0.846,0.334,0.05,0.001,17,276,409,2.5,0,0,0,0,0,0,0,0,0,1497

Main.js:462 417.167,101.886,142.5,142.5,-0.758,0.45,-0.04,0.03,0,0,0,1,0,0,0,0,0,0,0,0,0,0,0,0,0,0,0,0,102.632,438.861,0,234,0.851,0.318,0.05,0,16,278.5,409,2.5,0,0,0,0,0,0,0,0,0,1515

Main.js:462 416.41,102.342,142.5,142.5,-0.758,0.456,-0.04,0.03,0,0,0,1,0,0,0,0,0,0,0,0,0,0,0,0,0,0,0,0,103.488,439.162,358.5,231,0.856,0.301,0.05,-0.001,15,281,409,2.5,0,0,0,0,0,0,0,0,0,1531

Main.js:462 415.652,102.804,142.5,142.5,-0.757,0.462,-0.04,0.03,0,0,0,1,0,0,0,0,0,0,0,0,0,0,0,0,0,0,0,0,104.349,439.445,357,228,0.861,0.283,0.05,-0.003,14,283.5,409,2.5,0,0,0,0,0,0,0,0,0,1549

Main.js:462 414.895,103.272,142.5,142.5,-0.757,0.468,-0.04,0.03,0,0,0,1,0,0,0,0,0,0,0,0,0,0,0,0,0,0,0,0,105.214,439.71,355.5,225,0.865,0.265,0.05,-0.004,13,286,409,2.5,0,0,0,0,0,0,0,0,0,1563

Main.js:462 414.138,103.746,142.5,142.5,-0.757,0.473,-0.04,0.03,0,0,0,1,0,0,0,0,0,0,0,0,0,0,0,0,0,0,0,0,106.083,439.957,354,222,0.869,0.247,0.05,-0.005,12,288.5,409,2.5,0,0,0,0,0,0,0,0,0,1580

Main.js:462 413.381,104.224,142.5,142.5,-0.757,0.479,-0.04,0.03,0,0,0,1,0,0,0,0,0,0,0,0,0,0,0,0,0,0,0,0,106.955,440.185,352.5,219,0.873,0.228,0.05,-0.007,11,291,409,2.5,0,0,0,0,0,0,0,0,0,1597

Main.js:462 412.625,104.708,142.5,142.5,-0.757,0.484,-0.04,0.03,0,0,0,1,0,0,0,0,0,0,0,0,0,0,0,0,0,0,0,0,107.831,440.395,351,216,0.876,0.21,0.049,-0.008,10,293.5,409,2.5,0,0,0,0,0,0,0,0,0,1613

Main.js:462 411.868,105.197,142.5,142.5,-0.757,0.488,-0.04,0.03,0,0,0,1,0,0,0,0,0,0,0,0,0,0,0,0,0,0,0,0,108.71,440.585,349.5,213,0.879,0.19,0.049,-0.009,9,296,409,2.5,0,0,0,0,0,0,0,0,0,1630

Main.js:462 411.112,105.689,142.5,142.5,-0.756,0.493,-0.04,0.03,0,0,0,1,0,0,0,0,0,0,0,0,0,0,0,0,0,0,0,0,109.591,440.756,348,210,0.881,0.171,0.049,-0.01,8,298.5,409,2.5,0,0,0,0,0,0,0,0,0,1647

Main.js:462 410.355,106.187,142.5,142.5,-0.756,0.497,-0.04,0.03,0,0,0,1,0,0,0,0,0,0,0,0,0,0,0,0,0,0,0,0,110.475,440.907,346.5,207,0.883,0.151,0.049,-0.012,7,301,409,2.5,0,0,0,0,0,0,0,0,0,1664

Main.js:462 409.599,106.688,142.5,142.5,-0.756,0.501,-0.04,0.03,0,0,0,1,0,0,0,0,0,0,0,0,0,0,0,0,0,0,0,0,111.36,441.039,345,204,0.885,0.132,0.048,-0.013,6,303.5,409,2.5,0,0,0,0,0,0,0,0,0,1681

Main.js:462 408.843,107.193,142.5,142.5,-0.756,0.505,-0.04,0.03,0,0,0,1,0,0,0,0,0,0,0,0,0,0,0,0,0,0,0,0,112.246,441.15,343.5,201,0.886,0.111,0.048,-0.014,5,306,409,2.5,0,0,0,0,0,0,0,0,0,1698

Main.js:462 408.087,107.702,142.5,142.5,-0.756,0.509,-0.04,0.03,0,0,0,1,0,0,0,0,0,0,0,0,0,0,0,0,0,0,0,0,113.134,441.241,342,198,0.887,0.091,0.048,-0.015,4,308.5,409,2.5,0,0,0,0,0,0,0,0,0,1715

Main.js:462 407.332,108.214,142.5,142.5,-0.756,0.512,-0.04,0.03,0,0,0,1,0,0,0,0,0,0,0,0,0,0,0,0,0,0,0,0,114.021,441.312,340.5,195,0.888,0.071,0.047,-0.017,3,311,409,2.5,0,0,0,0,0,0,0,0,0,1731

Main.js:462 406.576,108.729,142.5,142.5,-0.756,0.516,-0.04,0.03,0,0,0,1,0,0,0,0,0,0,0,0,0,0,0,0,0,0,0,0,114.909,441.362,339,192,0.888,0.05,0.047,-0.018,2,313.5,409,2.5,0,0,0,0,0,0,0,0,0,1747

Main.js:462 405.82,109.248,142.5,142.5,-0.756,0.519,-0.04,0.03,0,0,0,1,0,0,0,0,0,0,0,0,0,0,0,0,0,0,0,0,115.796,441.392,337.5,189,0.887,0.03,0.046,-0.019,1,316,409,2.5,0,0,0,0,0,0,0,0,0,1765

Main.js:462 405.065,109.77,142.5,142.5,-0.755,0.522,-0.04,0.03,0,0,0,1,0,0,0,0,0,0,0,0,0,0,0,0,0,0,0,0,116.682,441.401,336,186,0.886,0.009,0.046,-0.02,0,318.5,409,2.5,0,0,0,0,0,0,0,0,0,1782

Main.js:462 404.309,110.294,142.5,142.5,-0.755,0.524,-0.04,0.03,0,0,0,1,0,0,0,0,0,0,0,0,0,0,0,0,0,0,0,0,117.567,441.389,334.5,183,0.885,-0.012,0.045,-0.022,99,321,409,2.5,0,0,0,0,0,0,0,0,0,1797

Main.js:462 403.554,110.821,142.5,142.5,-0.755,0.527,-0.04,0.03,99,0,0,1,0,1,0,0,0,0,0,0,0,0,0,0,0,0,0,0,118.45,441.355,333,180,0.883,-0.033,0.045,-0.023,98,323.5,409,2.5,0,93.214,440.171,-2.497,-0.131,0,0,0,0,1813

Main.js:462 402.799,111.351,142.5,142.5,-0.755,0.53,-0.04,0.03,98,0,0,1,0,1,0,0,385.666,124.6,-1.983,1.522,0,0,0,0,0,0,0,0,119.33,441.301,331.5,177,0.88,-0.054,0.044,-0.024,97,326,409,2.5,0,90.718,440.04,-2.497,-0.131,0,0,0,0,1832

Main.js:462 402.044,111.883,142.5,142.5,-0.755,0.532,-0.04,0.03,97,0,0,1,0,1,0,0,383.682,126.122,-1.983,1.522,0,0,0,0,0,0,0,0,120.208,441.226,330,174,0.878,-0.075,0.043,-0.025,96,328.5,409,2.5,0,88.221,439.909,-2.497,-0.131,0,0,0,0,1847

Main.js:462 401.289,112.418,142.5,142.5,-0.755,0.534,-0.04,0.03,96,0,0,1,0,1,0,0,381.699,127.644,-1.983,1.522,0,0,0,0,0,0,0,0,121.082,441.13,328.5,171,0.874,-0.096,0.043,-0.026,95,331,409,2.5,0,85.725,439.778,-2.497,-0.131,0,0,0,0,1865

Main.js:462 400.534,112.955,142.5,142.5,-0.755,0.537,-0.04,0.03,95,0,0,1,0,1,0,0,379.715,129.166,-1.983,1.522,0,0,0,0,0,0,0,0,121.952,441.013,327,168,0.87,-0.117,0.042,-0.027,94,333.5,409,2.5,0,83.228,439.647,-2.497,-0.131,0,0,0,0,1881

Main.js:462 399.779,113.493,142.5,142.5,-0.755,0.539,-0.04,0.03,94,0,0,1,0,1,0,0,377.732,130.688,-1.983,1.522,0,0,0,0,0,0,0,0,122.818,440.874,325.5,165,0.866,-0.138,0.041,-0.028,93,336,409,2.5,0,80.732,439.517,-2.497,-0.131,0,0,0,0,1897

Main.js:462 399.024,114.034,142.5,142.5,-0.755,0.541,-0.04,0.03,93,0,0,1,0,0,0,0,375.749,132.21,-1.983,1.522,0,0,0,0,0,0,0,0,123.679,440.715,324,162,0.861,-0.159,0.04,-0.029,92,338.5,409,2.5,0,78.235,439.386,-2.497,-0.131,0,0,0,0,1914

Main.js:462 398.269,114.577,142.5,142.5,-0.755,0.543,-0.04,0.03,92,0,0,1,0,0,0,0,373.765,133.732,-1.983,1.522,0,0,0,0,0,0,0,0,124.535,440.535,322.5,159,0.856,-0.18,0.04,-0.03,91,341,409,2.5,0,75.738,439.255,-2.497,-0.131,0,0,0,0,1931

Main.js:462 397.514,115.121,142.5,142.5,-0.755,0.544,-0.04,0.03,91,0,0,1,0,0,0,0,371.782,135.253,-1.983,1.522,0,0,0,0,0,0,0,0,125.385,440.334,321,156,0.85,-0.201,0.039,-0.031,90,343.5,409,2.5,0,73.242,439.124,-2.497,-0.131,0,0,0,0,1948

Main.js:462 396.76,115.667,142.5,142.5,-0.755,0.546,-0.04,0.03,90,0,0,1,0,0,0,0,369.799,136.775,-1.983,1.522,0,0,0,0,0,0,0,0,126.228,440.112,319.5,153,0.843,-0.222,0.038,-0.032,89,346,409,2.5,0,70.745,438.993,-2.497,-0.131,0,0,0,0,1965

Main.js:462 396.005,116.215,142.5,142.5,-0.755,0.548,-0.04,0.03,89,0,0,1,0,0,0,0,367.815,138.297,-1.983,1.522,0,0,0,0,0,0,0,0,127.065,439.869,318,150,0.837,-0.243,0.037,-0.033,88,348.5,409,2.5,0,68.249,438.862,-2.497,-0.131,0,0,0,0,1981

Main.js:462 395.25,116.764,142.5,142.5,-0.755,0.549,-0.04,0.03,88,0,0,1,0,1,0,0,365.832,139.819,-1.983,1.522,0,0,0,0,0,0,0,0,127.894,439.606,316.5,147,0.829,-0.263,0.036,-0.034,87,351,409,2.5,0,65.752,438.732,-2.497,-0.131,0,0,0,0,1998

Main.js:462 394.496,117.315,142.5,142.5,-0.755,0.551,-0.04,0.03,87,0,0,1,0,1,0,0,363.848,141.341,-1.983,1.522,0,0,0,0,0,0,0,0,128.715,439.322,315,144,0.821,-0.284,0.035,-0.035,86,353.5,409,2.5,0,63.256,438.601,-2.497,-0.131,0,0,0,0,2016

Main.js:462 393.741,117.867,142.5,142.5,-0.755,0.552,-0.04,0.03,86,0,0,1,0,1,0,0,361.865,142.863,-1.983,1.522,0,0,0,0,0,0,0,0,129.53,439.02,316.5,144,0.815,-0.302,0.036,-0.034,85,356,409,2.5,0,60.759,438.47,-2.497,-0.131,0,0,0,0,2031

Main.js:462 392.987,118.42,142.5,142.5,-0.754,0.553,-0.04,0.03,85,0,0,1,0,1,0,0,359.882,144.385,-1.983,1.522,0,0,0,0,0,0,0,0,130.339,438.701,318,144,0.809,-0.319,0.037,-0.033,84,358.5,409,2.5,0,58.262,438.339,-2.497,-0.131,0,0,0,0,2047

Main.js:462 392.232,118.975,142.5,142.5,-0.754,0.555,-0.04,0.03,84,0,0,1,0,1,0,0,357.898,145.907,-1.983,1.522,0,0,0,0,0,0,0,0,131.144,438.367,319.5,144,0.805,-0.334,0.038,-0.032,83,361,409,2.5,0,55.766,438.208,-2.497,-0.131,0,0,0,0,2065

Main.js:462 391.478,119.531,142.5,142.5,-0.754,0.556,-0.04,0.03,83,0,0,1,0,1,0,0,355.915,147.429,-1.983,1.522,0,0,0,0,0,0,0,0,131.946,438.02,321,144,0.802,-0.347,0.039,-0.031,82,363.5,409,2.5,0,53.269,438.077,-2.497,-0.131,0,0,0,0,2081

Main.js:462 390.724,120.088,142.5,142.5,-0.754,0.557,-0.04,0.03,82,0,0,1,0,0,0,0,353.932,148.951,-1.983,1.522,0,0,0,0,0,0,0,0,132.745,437.662,322.5,144,0.799,-0.359,0.04,-0.03,81,366,409,2.5,0,50.773,437.947,-2.497,-0.131,0,0,0,0,2098

Main.js:462 389.969,120.646,142.5,142.5,-0.754,0.558,-0.04,0.03,81,0,0,1,0,0,0,0,351.948,150.473,-1.983,1.522,0,0,0,0,0,0,0,0,133.543,437.293,324,144,0.798,-0.368,0.04,-0.029,80,368.5,409,2.5,0,48.276,437.816,-2.497,-0.131,0,0,0,0,2115

Main.js:462 389.215,121.205,142.5,142.5,-0.754,0.559,-0.04,0.03,80,0,0,1,0,0,0,0,349.965,151.994,-1.983,1.522,0,0,0,0,0,0,0,0,134.34,436.916,325.5,144,0.797,-0.377,0.041,-0.028,79,371,409,2.5,0,45.78,437.685,-2.497,-0.131,0,0,0,0,2130

Main.js:462 388.461,121.765,142.5,142.5,-0.754,0.56,-0.04,0.03,79,0,0,1,0,0,0,0,347.981,153.516,-1.983,1.522,0,0,0,0,0,0,0,0,135.137,436.532,327,144,0.797,-0.384,0.042,-0.027,78,373.5,409,2.5,0,43.283,437.554,-2.497,-0.131,0,0,0,0,2146

Main.js:462 387.706,122.325,142.5,142.5,-0.754,0.561,-0.04,0.03,78,0,0,1,0,0,0,0,345.998,155.038,-1.983,1.522,0,0,0,0,0,0,0,0,135.934,436.143,328.5,144,0.798,-0.39,0.043,-0.026,77,376,409,2.5,0,40.786,437.423,-2.497,-0.131,0,0,0,0,2163

Main.js:462 386.952,122.887,142.5,142.5,-0.754,0.562,-0.04,0.03,77,0,0,1,0,0,0,0,344.015,156.56,-1.983,1.522,0,0,0,0,0,0,0,0,136.733,435.749,330,144,0.799,-0.394,0.043,-0.025,76,378.5,409,2.5,0,38.29,437.292,-2.497,-0.131,0,0,0,0,2181

Main.js:462 386.198,123.45,142.5,142.5,-0.754,0.563,-0.04,0.03,76,0,0,1,0,1,0,0,342.031,158.082,-1.983,1.522,0,0,0,0,0,0,0,0,137.534,435.352,331.5,144,0.801,-0.397,0.044,-0.024,75,381,409,2.5,0,35.793,437.161,-2.497,-0.131,0,0,0,0,2199

Main.js:462 385.444,124.013,142.5,142.5,-0.754,0.563,-0.04,0.03,75,0,0,1,0,1,0,0,340.048,159.604,-1.983,1.522,0,0,0,0,0,0,0,0,138.337,434.954,333,144,0.803,-0.399,0.045,-0.023,74,383.5,409,2.5,0,33.297,437.031,-2.497,-0.131,0,0,0,0,2214

Main.js:462 384.69,124.577,142.5,142.5,-0.754,0.564,-0.04,0.03,74,0,0,1,0,1,0,0,338.064,161.126,-1.983,1.522,0,0,0,0,0,0,0,0,139.142,434.554,334.5,144,0.806,-0.399,0.045,-0.022,73,386,409,2.5,0,30.8,436.9,-2.497,-0.131,0,0,0,0,2232

Main.js:462 383.936,125.142,142.5,142.5,-0.754,0.565,-0.04,0.03,73,0,0,1,0,1,0,0,336.081,162.648,-1.983,1.522,0,0,0,0,0,0,0,0,139.951,434.156,336,144,0.809,-0.398,0.046,-0.02,72,388.5,409,2.5,0,28.304,436.769,-2.497,-0.131,0,0,0,0,2248

Main.js:462 383.181,125.708,142.5,142.5,-0.754,0.566,-0.04,0.03,72,0,0,1,0,1,0,0,334.098,164.17,-1.983,1.522,0,0,0,0,0,0,0,0,140.763,433.759,337.5,144,0.812,-0.397,0.046,-0.019,71,391,409,2.5,0,25.807,436.638,-2.497,-0.131,0,0,0,0,2268

Main.js:462 382.427,126.274,142.5,142.5,-0.754,0.566,-0.04,0.03,71,0,0,1,0,1,0,0,332.114,165.692,-1.983,1.522,0,0,0,0,0,0,0,0,141.579,433.365,339,144,0.816,-0.394,0.047,-0.018,70,393.5,409,2.5,0,23.31,436.507,-2.497,-0.131,0,0,0,0,2281

Main.js:462 381.673,126.841,142.5,142.5,-0.754,0.567,-0.04,0.03,70,0,0,1,0,1,0,0,330.131,167.213,-1.983,1.522,0,0,0,0,0,0,0,0,142.399,432.975,340.5,144,0.82,-0.39,0.047,-0.017,69,396,409,2.5,0,20.814,436.376,-2.497,-0.131,0,0,0,0,2298

Main.js:462 380.919,127.408,142.5,142.5,-0.754,0.567,-0.04,0.03,69,0,0,1,0,0,0,0,328.148,168.735,-1.983,1.522,0,0,0,0,0,0,0,0,143.223,432.59,342,144,0.824,-0.385,0.048,-0.015,68,398.5,409,2.5,0,18.317,436.246,-2.497,-0.131,0,0,0,0,2314

Main.js:462 380.165,127.976,142.5,142.5,-0.754,0.568,-0.04,0.03,68,0,0,1,0,0,0,0,326.164,170.257,-1.983,1.522,0,0,0,0,0,0,0,0,144.052,432.211,343.5,144,0.828,-0.379,0.048,-0.014,67,401,409,2.5,0,15.821,436.115,-2.497,-0.131,0,0,0,0,2331

Main.js:462 379.411,128.544,142.5,142.5,-0.754,0.568,-0.04,0.03,67,0,0,1,0,0,0,0,324.181,171.779,-1.983,1.522,0,0,0,0,0,0,0,0,144.885,431.838,345,144,0.833,-0.373,0.048,-0.013,66,403.5,409,2.5,0,13.324,435.984,-2.497,-0.131,0,0,0,0,2347

Main.js:462 378.657,129.113,142.5,142.5,-0.754,0.569,-0.04,0.03,66,0,0,1,0,0,0,0,322.197,173.301,-1.983,1.522,0,0,0,0,0,0,0,0,145.722,431.473,346.5,144,0.837,-0.365,0.049,-0.012,65,406,409,2.5,0,10.828,435.853,-2.497,-0.131,0,0,0,0,2364

Main.js:462 377.903,129.683,142.5,142.5,-0.754,0.569,-0.04,0.03,65,0,0,1,0,0,0,0,320.214,174.823,-1.983,1.522,0,0,0,0,0,0,0,0,146.564,431.116,348,144,0.842,-0.357,0.049,-0.01,64,408.5,409,2.5,0,8.331,435.722,-2.497,-0.131,0,0,0,0,2380

Main.js:462 377.149,130.252,142.5,142.5,-0.754,0.57,-0.04,0.03,64,0,0,1,0,0,0,0,318.231,176.345,-1.983,1.522,0,0,0,0,0,0,0,0,147.411,430.768,349.5,144,0.847,-0.348,0.049,-0.009,63,411,409,2.5,0,5.834,435.591,-2.497,-0.131,0,0,0,0,2399

Main.js:462 376.395,130.823,142.5,142.5,-0.754,0.57,-0.04,0.03,63,0,0,1,0,0,0,0,316.247,177.867,-1.983,1.522,0,0,0,0,0,0,0,0,148.262,430.43,351,144,0.851,-0.338,0.049,-0.008,62,413.5,409,2.5,0,3.338,435.461,-2.497,-0.131,0,0,0,0,2414

Main.js:462 375.642,131.393,142.5,142.5,-0.754,0.571,-0.04,0.03,62,0,0,1,0,1,0,0,314.264,179.389,-1.983,1.522,0,0,0,0,0,0,0,0,149.118,430.103,352.5,144,0.856,-0.327,0.05,-0.007,61,416,409,2.5,0,0.841,435.33,-2.497,-0.131,0,0,0,0,2431

Main.js:462 374.888,131.964,142.5,142.5,-0.754,0.571,-0.04,0.03,61,0,0,1,0,1,0,0,314.264,179.389,-1.983,1.522,0,0,0,0,0,0,0,0,149.978,429.788,354,144,0.86,-0.316,0.05,-0.005,60,418.5,409,2.5,0,0,0,0,0,0,0,0,0,2447

Main.js:462 374.134,132.536,142.5,142.5,-0.754,0.571,-0.04,0.03,60,0,0,1,0,1,0,0,312.28,180.911,-1.983,1.522,0,0,0,0,0,0,0,0,150.843,429.484,355.5,144,0.865,-0.304,0.05,-0.004,59,421,409,2.5,0,0,0,0,0,0,0,0,0,2468

Main.js:462 373.38,133.108,142.5,142.5,-0.754,0.572,-0.04,0.03,59,0,0,1,0,1,0,0,310.297,182.433,-1.983,1.522,0,0,0,0,0,0,0,0,151.711,429.193,357,144,0.869,-0.291,0.05,-0.003,58,423.5,409,2.5,0,0,0,0,0,0,0,0,0,2481

Main.js:462 372.626,133.68,142.5,142.5,-0.754,0.572,-0.04,0.03,58,0,0,1,0,1,0,0,308.314,183.954,-1.983,1.522,0,0,0,0,0,0,0,0,152.584,428.916,358.5,144,0.873,-0.278,0.05,-0.001,57,426,409,2.5,0,0,0,0,0,0,0,0,0,2496

Main.js:462 371.872,134.252,142.5,142.5,-0.754,0.572,-0.04,0.03,57,0,0,1,0,1,0,0,306.33,185.476,-1.983,1.522,0,0,0,0,0,0,0,0,153.461,428.652,0,144,0.877,-0.264,0.05,0,56,428.5,409,2.5,0,0,0,0,0,0,0,0,0,2514

Main.js:462 371.118,134.825,142.5,142.5,-0.754,0.573,-0.04,0.03,56,0,0,1,0,1,0,0,304.347,186.998,-1.983,1.522,0,0,0,0,0,0,0,0,154.341,428.401,0,142.5,0.88,-0.251,0.05,0,55,431,409,2.5,0,0,0,0,0,0,0,0,0,2530

Main.js:462 370.364,135.398,142.5,142.5,-0.754,0.573,-0.04,0.03,55,0,0,1,0,0,0,0,302.364,188.52,-1.983,1.522,0,0,0,0,0,0,0,0,155.225,428.163,0,141,0.884,-0.238,0.05,0,54,433.5,409,2.5,0,0,0,0,0,0,0,0,0,2546

Main.js:462 369.61,135.971,142.5,142.5,-0.754,0.573,-0.04,0.03,54,0,0,1,0,0,0,0,300.38,190.042,-1.983,1.522,0,0,0,0,0,0,0,0,156.112,427.937,0,139.5,0.887,-0.226,0.05,0,53,436,409,2.5,0,0,0,0,0,0,0,0,0,2564

Main.js:462 368.857,136.544,142.5,142.5,-0.754,0.573,-0.04,0.03,53,0,0,1,0,0,0,0,298.397,191.564,-1.983,1.522,0,0,0,0,0,0,0,0,157.002,427.722,0,138,0.89,-0.215,0.05,0,52,438.5,409,2.5,0,0,0,0,0,0,0,0,0,2581

Main.js:462 368.103,137.118,142.5,142.5,-0.754,0.574,-0.04,0.03,52,0,0,1,0,0,0,0,296.413,193.086,-1.983,1.522,0,0,0,0,0,0,0,0,157.896,427.518,0,136.5,0.893,-0.204,0.05,0,51,441,409,2.5,0,0,0,0,0,0,0,0,0,2598

Main.js:462 367.349,137.692,142.5,142.5,-0.754,0.574,-0.04,0.03,51,0,0,1,0,0,0,0,294.43,194.608,-1.983,1.522,0,0,0,0,0,0,0,0,158.792,427.325,0,135,0.896,-0.194,0.05,0,50,443.5,409,2.5,0,0,0,0,0,0,0,0,0,2613

Main.js:462 366.595,138.266,142.5,142.5,-0.754,0.574,-0.04,0.03,50,0,0,1,0,0,0,0,292.447,196.13,-1.983,1.522,0,0,0,0,0,0,0,0,159.69,427.14,0,133.5,0.899,-0.184,0.05,0,49,446,409,2.5,0,0,0,0,0,0,0,0,0,2630

Main.js:462 365.841,138.841,142.5,142.5,-0.754,0.574,-0.04,0.03,49,0,0,1,0,0,0,0,290.463,197.652,-1.983,1.522,0,0,0,0,0,0,0,0,160.592,426.965,0,132,0.901,-0.175,0.05,0,48,448.5,409,2.5,0,0,0,0,0,0,0,0,0,2648

Main.js:462 365.088,139.415,142.5,142.5,-0.754,0.575,-0.04,0.03,48,0,0,1,0,1,0,0,288.48,199.173,-1.983,1.522,0,0,0,0,0,0,0,0,161.496,426.799,0,130.5,0.904,-0.166,0.05,0,47,451,409,2.5,0,0,0,0,0,0,0,0,0,2664

Main.js:462 364.334,139.99,142.5,142.5,-0.754,0.575,-0.04,0.03,47,0,0,1,0,1,0,0,286.496,200.695,-1.983,1.522,0,0,0,0,0,0,0,0,162.402,426.641,0,129,0.906,-0.158,0.05,0,46,453.5,409,2.5,0,0,0,0,0,0,0,0,0,2680

Main.js:462 363.58,140.565,142.5,142.5,-0.754,0.575,-0.04,0.03,46,0,0,1,0,1,0,0,284.513,202.217,-1.983,1.522,0,0,0,0,0,0,0,0,163.31,426.491,0,127.5,0.908,-0.15,0.05,0,45,456,409,2.5,0,0,0,0,0,0,0,0,0,2698

Main.js:462 362.826,141.14,142.5,142.5,-0.754,0.575,-0.04,0.03,45,0,0,1,0,1,0,0,282.53,203.739,-1.983,1.522,0,0,0,0,0,0,0,0,164.22,426.349,0,126,0.91,-0.142,0.05,0,44,458.5,409,2.5,0,0,0,0,0,0,0,0,0,2713

Main.js:462 362.072,141.715,142.5,142.5,-0.754,0.575,-0.04,0.03,44,0,0,1,0,1,0,0,280.546,205.261,-1.983,1.522,0,0,0,0,0,0,0,0,165.133,426.213,0,124.5,0.912,-0.135,0.05,0,43,461,409,2.5,0,0,0,0,0,0,0,0,0,2731

Main.js:462 361.319,142.291,142.5,142.5,-0.754,0.575,-0.04,0.03,43,0,0,1,0,0,0,0,278.563,206.783,-1.983,1.522,0,0,0,0,0,0,0,0,166.047,426.085,0,123,0.914,-0.129,0.05,0,42,463.5,409,2.5,0,0,0,0,0,0,0,0,0,2748

Main.js:462 360.565,142.866,142.5,142.5,-0.754,0.576,-0.04,0.03,42,0,0,1,0,0,0,0,276.58,208.305,-1.983,1.522,0,0,0,0,0,0,0,0,166.963,425.963,0,121.5,0.916,-0.122,0.05,0,41,466,409,2.5,0,0,0,0,0,0,0,0,0,2763

Main.js:462 359.811,143.442,142.5,142.5,-0.754,0.576,-0.04,0.03,41,0,0,1,0,0,0,0,274.596,209.827,-1.983,1.522,0,0,0,0,0,0,0,0,167.881,425.847,0,120,0.918,-0.116,0.05,0,40,468.5,409,2.5,0,0,0,0,0,0,0,0,0,2781

Main.js:462 359.057,144.018,142.5,142.5,-0.754,0.576,-0.04,0.03,40,0,0,1,0,0,0,0,272.613,211.349,-1.983,1.522,0,0,0,0,0,0,0,0,168.8,425.736,0,118.5,0.919,-0.11,0.05,0,39,471,409,2.5,0,0,0,0,0,0,0,0,0,2798

Main.js:462 358.304,144.594,142.5,142.5,-0.754,0.576,-0.04,0.03,39,0,0,1,0,0,0,0,270.629,212.871,-1.983,1.522,0,0,0,0,0,0,0,0,169.721,425.632,0,117,0.921,-0.105,0.05,0,38,473.5,409,2.5,0,0,0,0,0,0,0,0,0,2814

Main.js:462 357.55,145.17,142.5,142.5,-0.754,0.576,-0.04,0.03,38,0,0,1,0,0,0,0,268.646,214.392,-1.983,1.522,0,0,0,0,0,0,0,0,170.643,425.532,0,115.5,0.922,-0.1,0.05,0,37,476,409,2.5,0,0,0,0,0,0,0,0,0,2831

Main.js:462 356.796,145.746,142.5,142.5,-0.754,0.576,-0.04,0.03,37,0,0,1,0,0,0,0,266.663,215.914,-1.983,1.522,0,0,0,0,0,0,0,0,171.567,425.438,0,114,0.924,-0.095,0.05,0,36,478.5,409,2.5,0,0,0,0,0,0,0,0,0,2848

Main.js:462 356.042,146.323,142.5,142.5,-0.754,0.576,-0.04,0.03,36,0,0,1,0,0,0,0,264.679,217.436,-1.983,1.522,0,0,0,0,0,0,0,0,172.492,425.348,0,112.5,0.925,-0.09,0.05,0,35,481,409,2.5,0,0,0,0,0,0,0,0,0,2864

Main.js:462 355.289,146.899,142.5,142.5,-0.754,0.576,-0.04,0.03,35,0,0,1,0,1,0,0,262.696,218.958,-1.983,1.522,0,0,0,0,0,0,0,0,173.418,425.262,0,111,0.926,-0.085,0.05,0,34,483.5,409,2.5,0,0,0,0,0,0,0,0,0,2885

Main.js:462 354.535,147.475,142.5,142.5,-0.754,0.577,-0.04,0.03,34,0,0,1,0,1,0,0,260.712,220.48,-1.983,1.522,0,0,0,0,0,0,0,0,174.346,425.181,0,109.5,0.927,-0.081,0.05,0,33,486,409,2.5,0,0,0,0,0,0,0,0,0,2913

Main.js:462 353.781,148.052,142.5,142.5,-0.754,0.577,-0.04,0.03,33,0,0,1,0,1,0,0,258.729,222.002,-1.983,1.522,0,0,0,0,0,0,0,0,175.274,425.104,0,108,0.929,-0.077,0.05,0,32,488.5,409,2.5,0,0,0,0,0,0,0,0,0,2930

Main.js:462 353.027,148.629,142.5,142.5,-0.754,0.577,-0.04,0.03,32,0,0,1,0,1,0,0,256.746,223.524,-1.983,1.522,0,0,0,0,0,0,0,0,176.204,425.031,0,106.5,0.93,-0.073,0.05,0,31,491,409,2.5,0,0,0,0,0,0,0,0,0,2948

Main.js:462 352.274,149.205,142.5,142.5,-0.754,0.577,-0.04,0.03,31,0,0,1,0,1,0,0,254.762,225.046,-1.983,1.522,0,0,0,0,0,0,0,0,177.135,424.962,0,105,0.931,-0.069,0.05,0,30,493.5,409,2.5,0,0,0,0,0,0,0,0,0,2964

Main.js:462 351.52,149.782,142.5,142.5,-0.754,0.577,-0.04,0.03,30,0,0,1,0,0,0,0,252.779,226.568,-1.983,1.522,0,0,0,0,0,0,0,0,178.066,424.896,0,103.5,0.932,-0.066,0.05,0,29,496,409,2.5,0,0,0,0,0,0,0,0,0,2981

Main.js:462 350.766,150.359,142.5,142.5,-0.754,0.577,-0.04,0.03,29,0,0,1,0,0,0,0,250.796,228.09,-1.983,1.522,0,0,0,0,0,0,0,0,178.999,424.833,0,102,0.933,-0.063,0.05,0,28,498.5,409,2.5,0,0,0,0,0,0,0,0,0,2997

Main.js:462 350.012,150.936,142.5,142.5,-0.754,0.577,-0.04,0.03,28,0,0,1,0,0,0,0,250.796,228.09,-1.983,1.522,0,0,0,0,0,0,0,0,179.932,424.773,0,100.5,0.933,-0.06,0.05,0,27,0,0,0,0,0,0,0,0,0,0,0,0,3013

Main.js:462 349.259,151.513,142.5,142.5,-0.754,0.577,-0.04,0.03,27,0,0,1,0,0,0,0,248.812,229.612,-1.983,1.522,0,0,0,0,0,0,0,0,180.867,424.716,358.5,97.5,0.934,-0.058,0.05,-0.001,26,0,0,0,0,0,0,0,0,0,0,0,0,3032

Main.js:462 348.505,152.09,142.5,142.5,-0.754,0.577,-0.04,0.03,26,0,0,1,0,0,0,0,246.829,231.133,-1.983,1.522,0,0,0,0,0,0,0,0,181.801,424.658,357,94.5,0.935,-0.057,0.05,-0.003,25,0,0,0,0,0,0,0,0,0,0,0,0,3047

Main.js:462 347.751,152.668,142.5,142.5,-0.754,0.577,-0.04,0.03,25,0,0,1,0,0,0,0,244.845,232.655,-1.983,1.522,0,0,0,0,0,0,0,0,182.737,424.6,355.5,91.5,0.936,-0.058,0.05,-0.004,24,0,0,0,0,0,0,0,0,0,0,0,0,3064

Main.js:462 346.997,153.245,142.5,142.5,-0.754,0.577,-0.04,0.03,24,0,0,1,0,0,0,0,242.862,234.177,-1.983,1.522,0,0,0,0,0,0,0,0,183.673,424.539,354,88.5,0.936,-0.06,0.05,-0.005,23,0,0,0,0,0,0,0,0,0,0,0,0,3081

Main.js:462 346.244,153.822,142.5,142.5,-0.754,0.577,-0.04,0.03,23,0,0,1,0,0,0,0,240.879,235.699,-1.983,1.522,0,0,0,0,0,0,0,0,184.609,424.476,352.5,85.5,0.936,-0.064,0.05,-0.007,22,0,0,0,0,0,0,0,0,0,0,0,0,3097

Main.js:462 345.49,154.399,142.5,142.5,-0.754,0.577,-0.04,0.03,22,0,0,1,0,0,0,0,238.895,237.221,-1.983,1.522,0,0,0,0,0,0,0,0,185.546,424.408,351,82.5,0.936,-0.068,0.049,-0.008,21,0,0,0,0,0,0,0,0,0,0,0,0,3114

Main.js:462 344.736,154.977,142.5,142.5,-0.754,0.577,-0.04,0.03,21,0,0,1,0,0,0,0,236.912,238.743,-1.983,1.522,0,0,0,0,0,0,0,0,186.482,424.335,349.5,79.5,0.936,-0.073,0.049,-0.009,20,0,0,0,0,0,0,0,0,0,0,0,0,3131

Main.js:462 343.983,155.554,142.5,142.5,-0.754,0.577,-0.04,0.03,20,0,0,1,0,0,0,0,234.929,240.265,-1.983,1.522,0,0,0,0,0,0,0,0,187.418,424.256,348,76.5,0.936,-0.079,0.049,-0.01,19,0,0,0,0,0,0,0,0,0,0,0,0,3147

Main.js:462 343.229,156.132,142.5,142.5,-0.754,0.577,-0.04,0.03,19,0,0,1,0,0,0,0,232.945,241.787,-1.983,1.522,0,0,0,0,0,0,0,0,188.353,424.169,346.5,73.5,0.935,-0.086,0.049,-0.012,18,0,0,0,0,0,0,0,0,0,0,0,0,3164

Main.js:462 342.475,156.709,142.5,142.5,-0.754,0.578,-0.04,0.03,18,0,0,1,0,0,0,0,230.962,243.309,-1.983,1.522,0,0,0,0,0,0,0,0,189.288,424.075,345,70.5,0.934,-0.094,0.048,-0.013,17,0,0,0,0,0,0,0,0,0,0,0,0,3182

Main.js:462 341.721,157.287,142.5,142.5,-0.754,0.578,-0.04,0.03,17,0,0,1,0,0,0,0,228.978,244.831,-1.983,1.522,0,0,0,0,0,0,0,0,190.221,423.972,343.5,67.5,0.933,-0.103,0.048,-0.014,16,0,0,0,0,0,0,0,0,0,0,0,0,3198

Main.js:462 340.968,157.864,142.5,142.5,-0.754,0.578,-0.04,0.03,16,0,0,1,0,0,0,0,226.995,246.352,-1.983,1.522,0,0,0,0,0,0,0,0,191.153,423.859,342,64.5,0.932,-0.113,0.048,-0.015,15,0,0,0,0,0,0,0,0,0,0,0,0,3214

Main.js:462 340.214,158.442,142.5,142.5,-0.754,0.578,-0.04,0.03,15,0,0,1,0,0,0,0,225.012,247.874,-1.983,1.522,0,0,0,0,0,0,0,0,192.083,423.736,340.5,61.5,0.93,-0.123,0.047,-0.017,14,0,0,0,0,0,0,0,0,0,0,0,0,3231

Main.js:462 339.461,159.021,141,141,-0.753,0.579,-0.039,0.031,14,1,0,1,0,0,0,0,223.028,249.396,-1.983,1.522,0,0,0,0,0,0,0,0,193.011,423.603,339,58.5,0.928,-0.134,0.047,-0.018,13,0,0,0,0,0,0,0,0,0,0,0,0,3246

Main.js:462 338.71,159.601,139.5,139.5,-0.751,0.581,-0.038,0.032,13,1,0,1,0,0,0,0,221.045,250.918,-1.983,1.522,0,0,0,0,0,0,0,0,193.936,423.457,337.5,55.5,0.925,-0.145,0.046,-0.019,12,0,0,0,0,0,0,0,0,0,0,0,0,3264

Main.js:462 337.996,160.153,138,138,-0.714,0.552,0,0,12,1,0,0,0,0,0,0,219.061,252.44,-1.983,1.522,0,0,0,0,0,0,0,0,194.859,423.3,336,52.5,0.922,-0.157,0.046,-0.02,11,0,0,0,0,0,0,0,0,0,0,0,0,3313

Main.js:462 337.318,160.677,136.5,136.5,-0.678,0.524,0,0,11,1,0,0,0,0,0,0,217.078,253.962,-1.983,1.522,0,0,0,0,0,0,0,0,195.778,423.13,334.5,49.5,0.919,-0.17,0.045,-0.022,10,0,0,0,0,0,0,0,0,0,0,0,0,3336

Main.js:462 336.673,161.174,135,135,-0.644,0.498,0,0,10,1,0,0,0,1,0,0,215.095,255.484,-1.983,1.522,0,0,0,0,0,0,0,0,196.693,422.947,333,46.5,0.916,-0.183,0.045,-0.023,9,0,0,0,0,0,0,0,0,0,0,0,0,3347

Main.js:462 336.061,161.647,133.5,133.5,-0.612,0.473,0,0,9,1,0,0,0,1,0,0,213.111,257.006,-1.983,1.522,0,0,0,0,0,0,0,0,197.605,422.751,331.5,43.5,0.912,-0.196,0.044,-0.024,8,0,0,0,0,0,0,0,0,0,0,0,0,3363

Main.js:462 335.48,162.097,132,132,-0.581,0.449,0,0,8,1,0,0,0,1,0,0,211.128,258.528,-1.983,1.522,0,0,0,0,0,0,0,0,198.512,422.54,330,40.5,0.907,-0.21,0.043,-0.025,7,0,0,0,0,0,0,0,0,0,0,0,0,3379

Main.js:462 334.928,162.523,130.5,130.5,-0.552,0.427,0,0,7,1,0,0,0,1,0,0,209.145,260.05,-1.983,1.522,0,0,0,0,0,0,0,0,199.414,422.316,328.5,37.5,0.902,-0.225,0.043,-0.026,6,0,0,0,0,0,0,0,0,0,0,0,0,3398

Main.js:462 334.403,162.929,129,129,-0.525,0.405,0,0,6,1,0,0,0,1,0,0,207.161,261.571,-1.983,1.522,0,0,0,0,0,0,0,0,200.311,422.076,327,34.5,0.897,-0.239,0.042,-0.027,5,0,0,0,0,0,0,0,0,0,0,0,0,3415

Main.js:462 333.904,163.314,127.5,127.5,-0.499,0.385,0,0,5,1,0,0,0,1,0,0,205.178,263.093,-1.983,1.522,0,0,0,0,0,0,0,0,201.202,421.822,325.5,31.5,0.891,-0.254,0.041,-0.028,4,0,0,0,0,0,0,0,0,0,0,0,0,3432

Main.js:462 333.431,163.68,126,126,-0.474,0.366,0,0,4,1,0,0,0,0,0,0,203.194,264.615,-1.983,1.522,0,0,0,0,0,0,0,0,202.087,421.552,324,28.5,0.885,-0.269,0.04,-0.029,3,0,0,0,0,0,0,0,0,0,0,0,0,3447

Main.js:462 332.981,164.027,124.5,124.5,-0.45,0.348,0,0,3,1,0,0,0,0,0,0,201.211,266.137,-1.983,1.522,0,0,0,0,0,0,0,0,202.966,421.268,322.5,25.5,0.879,-0.285,0.04,-0.03,2,0,0,0,0,0,0,0,0,0,0,0,0,3464

Main.js:462 332.554,164.358,123,123,-0.427,0.33,0,0,2,1,0,0,0,0,0,0,199.228,267.659,-1.983,1.522,0,0,0,0,0,0,0,0,203.837,420.967,321,22.5,0.872,-0.301,0.039,-0.031,1,0,0,0,0,0,0,0,0,0,0,0,0,3481

Main.js:462 332.148,164.671,121.5,121.5,-0.406,0.314,0,0,1,1,0,0,0,0,0,0,197.244,269.181,-1.983,1.522,0,0,0,0,0,0,0,0,204.702,420.651,319.5,19.5,0.864,-0.316,0.038,-0.032,0,0,0,0,0,0,0,0,0,0,0,0,0,3498

Main.js:462 331.762,164.969,120,120,-0.386,0.298,0,0,0,1,0,0,0,0,0,0,195.261,270.703,-1.983,1.522,0,0,0,0,0,0,0,0,205.558,420.318,318,16.5,0.856,-0.332,0.037,-0.033,99,0,0,0,0,0,0,0,0,0,0,0,0,3514

Main.js:462 331.395,165.253,118.5,118.5,-0.366,0.283,0,0,99,1,0,0,0,1,0,0,193.277,272.225,-1.983,1.522,0,0,0,0,0,0,0,0,206.406,419.97,316.5,13.5,0.848,-0.348,0.036,-0.034,98,227.234,427.325,2.397,0.71,0,0,0,0,0,0,0,0,3531

Main.js:462 331.047,165.521,117,117,-0.348,0.269,0,0,98,1,0,0,0,1,0,0,191.294,273.747,-1.983,1.522,320.549,185.622,-1.193,2.197,0,0,0,0,207.245,419.605,315,10.5,0.839,-0.365,0.035,-0.035,97,229.631,428.035,2.397,0.71,0,0,0,0,0,0,0,0,3547

Main.js:462 330.717,165.777,115.5,115.5,-0.331,0.256,0,0,97,1,0,0,0,1,0,0,189.311,275.269,-1.983,1.522,319.356,187.819,-1.193,2.197,0,0,0,0,208.074,419.224,313.5,7.5,0.83,-0.381,0.034,-0.036,96,232.028,428.745,2.397,0.71,0,0,0,0,0,0,0,0,3564

Main.js:462 330.402,166.02,114,114,-0.314,0.243,0,0,96,1,0,0,0,1,0,0,187.327,276.791,-1.983,1.522,318.163,190.016,-1.193,2.197,0,0,0,0,208.894,418.827,312,4.5,0.82,-0.397,0.033,-0.037,95,234.425,429.455,2.397,0.71,0,0,0,0,0,0,0,0,3580

Main.js:462 330.104,166.25,114,114,-0.298,0.231,0,0,95,0,0,0,0,1,0,0,185.344,278.312,-1.983,1.522,316.97,192.213,-1.193,2.197,0,0,0,0,209.704,418.414,310.5,1.5,0.81,-0.413,0.032,-0.038,94,236.822,430.165,2.397,0.71,0,0,0,0,0,0,0,0,3596

Main.js:462 329.82,166.469,114,114,-0.284,0.219,0,0,94,0,0,0,0,1,0,0,183.361,279.834,-1.983,1.522,315.777,194.41,-1.193,2.197,0,0,0,0,210.504,417.984,309,-1.5,0.799,-0.43,0.031,-0.039,93,239.219,430.875,2.397,0.71,0,0,0,0,0,0,0,0,3613

Main.js:462 329.551,166.678,114,114,-0.269,0.208,0,0,93,0,0,0,0,0,0,0,181.377,281.356,-1.983,1.522,314.584,196.607,-1.193,2.197,0,0,0,0,211.292,417.539,307.5,-4.5,0.788,-0.446,0.03,-0.04,92,241.616,431.585,2.397,0.71,0,0,0,0,0,0,0,0,3631

Main.js:462 329.295,166.875,114,114,-0.256,0.198,0,0,92,0,0,0,0,0,0,0,179.394,282.878,-1.983,1.522,313.391,198.804,-1.193,2.197,0,0,0,0,212.069,417.077,306,-7.5,0.777,-0.462,0.029,-0.04,91,244.013,432.295,2.397,0.71,0,0,0,0,0,0,0,0,3646

Main.js:462 329.052,167.063,114,114,-0.243,0.188,0,0,91,0,0,0,0,0,0,0,177.41,284.4,-1.983,1.522,312.198,201.001,-1.193,2.197,0,0,0,0,212.833,416.599,304.5,-10.5,0.765,-0.478,0.028,-0.041,90,246.41,433.005,2.397,0.71,0,0,0,0,0,0,0,0,3664

Main.js:462 328.821,167.242,114,114,-0.231,0.178,0,0,90,0,0,0,0,0,0,0,175.427,285.922,-1.983,1.522,311.005,203.198,-1.193,2.197,0,0,0,0,213.586,416.105,303,-13.5,0.752,-0.494,0.027,-0.042,89,248.807,433.715,2.397,0.71,0,0,0,0,0,0,0,0,3680

Main.js:462 328.602,167.411,114,114,-0.219,0.17,0,0,89,0,0,0,0,0,0,0,173.444,287.444,-1.983,1.522,309.813,205.395,-1.193,2.197,0,0,0,0,214.326,415.595,301.5,-16.5,0.74,-0.51,0.026,-0.043,88,251.204,434.425,2.397,0.71,0,0,0,0,0,0,0,0,3697

Main.js:462 328.393,167.572,114,114,-0.208,0.161,0,0,88,0,0,0,0,1,0,0,171.46,288.966,-1.983,1.522,308.62,207.592,-1.193,2.197,0,0,0,0,215.052,415.07,300,-19.5,0.726,-0.525,0.025,-0.043,87,253.601,435.135,2.397,0.71,0,0,0,0,0,0,0,0,3714

Main.js:462 328.195,167.725,114,114,-0.198,0.153,0,0,87,0,0,0,0,1,0,0,169.477,290.488,-1.983,1.522,307.427,209.789,-1.193,2.197,0,0,0,0,215.765,414.529,298.5,-22.5,0.713,-0.541,0.024,-0.044,86,255.998,435.845,2.397,0.71,0,0,0,0,0,0,0,0,3731

Main.js:462 328.007,167.87,114,114,-0.188,0.145,0,0,86,0,0,0,0,1,0,0,167.493,292.01,-1.983,1.522,306.234,211.986,-1.193,2.197,0,0,0,0,216.463,413.973,297,-25.5,0.699,-0.556,0.023,-0.045,85,258.395,436.555,2.397,0.71,0,0,0,0,0,0,0,0,3748

Main.js:462 327.828,168.009,114,114,-0.179,0.138,0,0,85,0,0,0,0,1,0,0,165.51,293.531,-1.983,1.522,305.041,214.183,-1.193,2.197,0,0,0,0,217.148,413.401,295.5,-28.5,0.684,-0.571,0.022,-0.045,84,260.793,437.265,2.397,0.71,0,0,0,0,0,0,0,0,3765

Main.js:462 327.659,168.14,114,114,-0.17,0.131,0,0,84,0,0,0,0,1,0,0,163.527,295.053,-1.983,1.522,303.848,216.38,-1.193,2.197,0,0,0,0,217.817,412.815,294,-31.5,0.669,-0.586,0.02,-0.046,83,263.19,437.976,2.397,0.71,0,0,0,0,0,0,0,0,3781

Main.js:462 327.497,168.264,114,114,-0.161,0.125,0,0,83,0,0,0,0,0,0,0,161.543,296.575,-1.983,1.522,302.655,218.577,-1.193,2.197,0,0,0,0,218.471,412.215,292.5,-34.5,0.654,-0.601,0.019,-0.046,82,265.587,438.686,2.397,0.71,0,0,0,0,0,0,0,0,3799

Main.js:462 327.344,168.383,114,114,-0.153,0.118,0,0,82,0,0,0,0,0,0,0,159.56,298.097,-1.983,1.522,301.462,220.774,-1.193,2.197,0,0,0,0,219.109,411.6,291,-37.5,0.638,-0.615,0.018,-0.047,81,267.984,439.396,2.397,0.71,0,0,0,0,0,0,0,0,3815

Main.js:462 327.199,168.495,114,114,-0.146,0.112,0,0,81,0,0,0,0,0,0,0,157.577,299.619,-1.983,1.522,300.269,222.971,-1.193,2.197,0,0,0,0,219.732,410.971,289.5,-40.5,0.622,-0.629,0.017,-0.047,80,270.381,440.106,2.397,0.71,0,0,0,0,0,0,0,0,3831

Main.js:462 327.06,168.602,114,114,-0.138,0.107,0,0,80,0,0,0,0,0,0,0,155.593,301.141,-1.983,1.522,299.076,225.168,-1.193,2.197,0,0,0,0,220.337,410.328,288,-43.5,0.606,-0.643,0.015,-0.048,79,272.778,440.816,2.397,0.71,0,0,0,0,0,0,0,0,3847

Main.js:462 326.929,168.703,114,114,-0.131,0.101,0,0,79,0,0,0,0,0,0,0,153.61,302.663,-1.983,1.522,297.884,227.365,-1.193,2.197,0,0,0,0,220.926,409.672,286.5,-46.5,0.589,-0.656,0.014,-0.048,78,275.175,441.526,2.397,0.71,0,0,0,0,0,0,0,0,3863

Main.js:462 326.804,168.8,114,114,-0.125,0.096,0,0,78,0,0,0,0,0,0,0,151.626,304.185,-1.983,1.522,296.691,229.562,-1.193,2.197,0,0,0,0,221.498,409.003,285,-49.5,0.572,-0.669,0.013,-0.048,77,277.572,442.236,2.397,0.71,0,0,0,0,0,0,0,0,3880

Main.js:462 326.686,168.892,114,114,-0.119,0.092,0,0,77,0,0,0,0,0,0,0,149.643,305.707,-1.983,1.522,295.498,231.76,-1.193,2.197,0,0,0,0,222.053,408.321,283.5,-52.5,0.554,-0.682,0.012,-0.049,76,279.969,442.946,2.397,0.71,0,0,0,0,0,0,0,0,3898

Main.js:462 326.573,168.979,114,114,-0.113,0.087,0,0,76,0,0,0,0,0,0,0,147.66,307.229,-1.983,1.522,294.305,233.957,-1.193,2.197,0,0,0,0,222.589,407.627,282,-55.5,0.537,-0.694,0.01,-0.049,75,282.366,443.656,2.397,0.71,0,0,0,0,0,0,0,0,3914

Main.js:462 326.466,169.061,114,114,-0.107,0.083,0,0,75,0,0,0,0,1,0,0,145.676,308.751,-1.983,1.522,293.112,236.154,-1.193,2.197,0,0,0,0,223.108,406.92,280.5,-58.5,0.518,-0.706,0.009,-0.049,74,284.763,444.366,2.397,0.71,0,0,0,0,0,0,0,0,3931

Main.js:462 326.364,169.14,114,114,-0.102,0.079,0,0,74,0,0,0,0,1,0,0,143.693,310.272,-1.983,1.522,291.919,238.351,-1.193,2.197,0,0,0,0,223.608,406.203,279,-61.5,0.5,-0.718,0.008,-0.049,73,287.16,445.076,2.397,0.71,0,0,0,0,0,0,0,0,3948

Main.js:462 326.268,169.214,114,114,-0.097,0.075,0,0,73,0,0,0,0,1,0,0,141.709,311.794,-1.983,1.522,290.726,240.548,-1.193,2.197,0,0,0,0,224.089,405.474,277.5,-64.5,0.481,-0.729,0.007,-0.05,72,289.557,445.786,2.397,0.71,0,0,0,0,0,0,0,0,3964

Main.js:462 326.176,169.285,114,114,-0.092,0.071,0,0,72,0,0,0,0,1,0,0,139.726,313.316,-1.983,1.522,289.533,242.745,-1.193,2.197,0,0,0,0,224.551,404.734,276,-67.5,0.462,-0.74,0.005,-0.05,71,291.954,446.496,2.397,0.71,0,0,0,0,0,0,0,0,3980

Main.js:462 326.089,169.353,114,114,-0.087,0.067,0,0,71,0,0,0,0,1,0,0,137.743,314.838,-1.983,1.522,288.34,244.942,-1.193,2.197,0,0,0,0,224.993,403.983,274.5,-70.5,0.443,-0.75,0.004,-0.05,70,294.351,447.206,2.397,0.71,0,0,0,0,0,0,0,0,3998

Main.js:462 326.006,169.417,114,114,-0.083,0.064,0,0,70,0,0,0,0,0,0,0,135.759,316.36,-1.983,1.522,287.147,247.139,-1.193,2.197,0,0,0,0,225.416,403.223,273,-73.5,0.423,-0.76,0.003,-0.05,69,296.748,447.916,2.397,0.71,0,0,0,0,0,0,0,0,4014

Main.js:462 325.927,169.477,114,114,-0.079,0.061,0,0,69,0,0,0,0,0,0,0,133.776,317.882,-1.983,1.522,285.955,249.336,-1.193,2.197,0,0,0,0,225.822,402.454,274.5,-73.5,0.406,-0.769,0.004,-0.05,68,299.145,448.626,2.397,0.71,0,0,0,0,0,0,0,0,4031

Main.js:462 325.853,169.535,114,114,-0.075,0.058,0,0,68,0,0,0,0,0,0,0,131.793,319.404,-1.983,1.522,284.762,251.533,-1.193,2.197,0,0,0,0,226.212,401.676,276,-73.5,0.39,-0.778,0.005,-0.05,67,301.542,449.336,2.397,0.71,0,0,0,0,0,0,0,0,4048

Main.js:462 325.782,169.59,114,114,-0.071,0.055,0,0,67,0,0,0,0,0,0,0,129.809,320.926,-1.983,1.522,283.569,253.73,-1.193,2.197,0,0,0,0,226.589,400.889,277.5,-73.5,0.377,-0.786,0.007,-0.05,66,303.939,450.046,2.397,0.71,0,0,0,0,0,0,0,0,4064

Main.js:462 325.714,169.642,114,114,-0.067,0.052,0,0,66,0,0,0,0,0,0,0,127.826,322.448,-1.983,1.522,282.376,255.927,-1.193,2.197,0,0,0,0,226.954,400.095,279,-73.5,0.366,-0.794,0.008,-0.049,65,306.336,450.756,2.397,0.71,0,0,0,0,0,0,0,0,4081

Main.js:462 325.65,169.691,114,114,-0.064,0.049,0,0,65,0,0,0,0,0,0,0,125.842,323.97,-1.983,1.522,281.183,258.124,-1.193,2.197,0,0,0,0,227.31,399.294,280.5,-73.5,0.356,-0.801,0.009,-0.049,64,308.734,451.466,2.397,0.71,0,0,0,0,0,0,0,0,4098

Main.js:462 325.589,169.738,114,114,-0.061,0.047,0,0,64,0,0,0,0,0,0,0,123.859,325.491,-1.983,1.522,279.99,260.321,-1.193,2.197,0,0,0,0,227.658,398.487,282,-73.5,0.348,-0.807,0.01,-0.049,63,311.131,452.176,2.397,0.71,0,0,0,0,0,0,0,0,4114

Main.js:462 325.531,169.783,114,114,-0.058,0.045,0,0,63,0,0,0,0,0,0,0,121.876,327.013,-1.983,1.522,278.797,262.518,-1.193,2.197,0,0,0,0,228,397.673,283.5,-73.5,0.342,-0.813,0.012,-0.049,62,313.528,452.886,2.397,0.71,0,0,0,0,0,0,0,0,4130

Main.js:462 325.477,169.826,114,114,-0.055,0.042,0,0,62,0,0,0,0,0,0,0,119.892,328.535,-1.983,1.522,277.604,264.715,-1.193,2.197,0,0,0,0,228.337,396.855,285,-73.5,0.337,-0.818,0.013,-0.048,61,315.925,453.596,2.397,0.71,0,0,0,0,0,0,0,0,4148

Main.js:462 325.424,169.866,114,114,-0.052,0.04,0,0,61,0,0,0,0,0,0,0,117.909,330.057,-1.983,1.522,276.411,266.912,-1.193,2.197,0,0,0,0,228.67,396.032,286.5,-73.5,0.334,-0.823,0.014,-0.048,60,318.322,454.306,2.397,0.71,0,0,0,0,0,0,0,0,4164

Main.js:462 325.375,169.904,114,114,-0.05,0.038,0,0,60,0,0,0,0,0,0,0,115.926,331.579,-1.983,1.522,275.218,269.109,-1.193,2.197,0,0,0,0,229.002,395.205,288,-73.5,0.332,-0.827,0.015,-0.048,59,320.719,455.016,2.397,0.71,0,0,0,0,0,0,0,0,4182

Main.js:462 325.328,169.941,114,114,-0.047,0.036,0,0,59,0,0,0,0,0,0,0,113.942,333.101,-1.983,1.522,274.026,271.306,-1.193,2.197,0,0,0,0,229.333,394.374,289.5,-73.5,0.331,-0.831,0.017,-0.047,58,323.116,455.726,2.397,0.71,0,0,0,0,0,0,0,0,4198

Main.js:462 325.283,169.975,114,114,-0.045,0.035,0,0,58,0,0,0,0,0,0,0,111.959,334.623,-1.983,1.522,272.833,273.503,-1.193,2.197,0,0,0,0,229.664,393.541,291,-73.5,0.331,-0.833,0.018,-0.047,57,325.513,456.437,2.397,0.71,0,0,0,0,0,0,0,0,4213

Main.js:462 325.24,170.008,114,114,-0.043,0.033,0,0,57,0,0,0,0,0,0,0,109.975,336.145,-1.983,1.522,271.64,275.7,-1.193,2.197,0,0,0,0,229.997,392.705,292.5,-73.5,0.333,-0.836,0.019,-0.046,56,327.91,457.147,2.397,0.71,0,0,0,0,0,0,0,0,4232

Main.js:462 325.2,170.039,114,114,-0.04,0.031,0,0,56,0,0,0,0,0,0,0,107.992,337.667,-1.983,1.522,270.447,277.897,-1.193,2.197,0,0,0,0,230.333,391.868,294,-73.5,0.336,-0.837,0.02,-0.046,55,330.307,457.857,2.397,0.71,0,0,0,0,0,0,0,0,4248

Main.js:462 325.162,170.069,114,114,-0.038,0.03,0,0,55,0,0,0,0,0,0,0,106.009,339.189,-1.983,1.522,269.254,280.094,-1.193,2.197,0,0,0,0,230.672,391.03,295.5,-73.5,0.339,-0.838,0.022,-0.045,54,332.704,458.567,2.397,0.71,0,0,0,0,0,0,0,0,4265

Main.js:462 325.125,170.097,114,114,-0.036,0.028,0,0,54,0,0,0,0,0,0,0,104.025,340.71,-1.983,1.522,268.061,282.291,-1.193,2.197,0,0,0,0,231.016,390.191,297,-73.5,0.344,-0.839,0.023,-0.045,53,335.101,459.277,2.397,0.71,0,0,0,0,0,0,0,0,4347

Main.js:462 325.091,170.124,114,114,-0.035,0.027,0,0,53,0,0,0,0,0,0,0,102.042,342.232,-1.983,1.522,266.868,284.489,-1.193,2.197,0,0,0,0,231.365,389.353,298.5,-73.5,0.349,-0.838,0.024,-0.044,52,337.498,459.987,2.397,0.71,0,0,0,0,0,0,0,0,4364

Main.js:462 325.058,170.149,114,114,-0.033,0.025,0,0,52,0,0,0,0,0,0,0,100.058,343.754,-1.983,1.522,265.675,286.686,-1.193,2.197,0,0,0,0,231.721,388.515,300,-73.5,0.356,-0.838,0.025,-0.043,51,339.895,460.697,2.397,0.71,0,0,0,0,0,0,0,0,4381

Main.js:462 325.027,170.173,114,114,-0.031,0.024,0,0,51,0,0,0,0,0,0,0,98.075,345.276,-1.983,1.522,264.482,288.883,-1.193,2.197,0,0,0,0,232.083,387.679,301.5,-73.5,0.363,-0.836,0.026,-0.043,50,342.292,461.407,2.397,0.71,0,0,0,0,0,0,0,0,4398

Main.js:462 324.997,170.196,114,114,-0.03,0.023,0,0,50,0,0,0,0,0,0,0,96.092,346.798,-1.983,1.522,263.29,291.08,-1.193,2.197,0,0,0,0,232.454,386.845,303,-73.5,0.37,-0.834,0.027,-0.042,49,344.689,462.117,2.397,0.71,0,0,0,0,0,0,0,0,4413

Main.js:462 324.969,170.218,114,114,-0.028,0.022,0,0,49,0,0,0,0,0,0,0,94.108,348.32,-1.983,1.522,262.097,293.277,-1.193,2.197,0,0,0,0,232.832,386.013,304.5,-73.5,0.379,-0.832,0.028,-0.041,48,347.086,462.827,2.397,0.71,0,0,0,0,0,0,0,0,4430

Main.js:462 324.942,170.239,114,114,-0.027,0.021,0,0,48,0,0,0,0,0,0,0,92.125,349.842,-1.983,1.522,260.904,295.474,-1.193,2.197,0,0,0,0,233.22,385.184,306,-73.5,0.388,-0.829,0.029,-0.04,47,349.483,463.537,2.397,0.71,0,0,0,0,0,0,0,0,4448

Main.js:462 324.916,170.258,114,114,-0.025,0.02,0,0,47,0,0,0,0,0,0,0,90.142,351.364,-1.983,1.522,259.711,297.671,-1.193,2.197,0,0,0,0,233.617,384.36,307.5,-73.5,0.397,-0.825,0.03,-0.04,46,351.88,464.247,2.397,0.71,0,0,0,0,0,0,0,0,4464

Main.js:462 324.892,170.277,114,114,-0.024,0.019,0,0,46,0,0,0,0,0,0,0,88.158,352.886,-1.983,1.522,258.518,299.868,-1.193,2.197,0,0,0,0,234.025,383.539,309,-73.5,0.407,-0.82,0.031,-0.039,45,354.277,464.957,2.397,0.71,0,0,0,0,0,0,0,0,4482

Main.js:462 324.869,170.295,114,114,-0.023,0.018,0,0,45,0,0,0,0,0,0,0,86.175,354.408,-1.983,1.522,257.325,302.065,-1.193,2.197,0,0,0,0,234.442,382.724,310.5,-73.5,0.418,-0.816,0.032,-0.038,44,356.675,465.667,2.397,0.71,0,0,0,0,0,0,0,0,4498

Main.js:462 324.847,170.312,114,114,-0.022,0.017,0,0,44,0,0,0,0,0,0,0,84.191,355.93,-1.983,1.522,256.132,304.262,-1.193,2.197,0,0,0,0,234.871,381.913,312,-73.5,0.429,-0.81,0.033,-0.037,43,359.072,466.377,2.397,0.71,0,0,0,0,0,0,0,0,4514

Main.js:462 324.827,170.328,114,114,-0.021,0.016,0,0,43,0,0,0,0,0,0,0,82.208,357.451,-1.983,1.522,254.939,306.459,-1.193,2.197,0,0,0,0,235.31,381.109,312,-75,0.439,-0.805,0.033,-0.037,42,361.469,467.087,2.397,0.71,0,0,0,0,0,0,0,0,4532

Main.js:462 324.807,170.343,114,114,-0.02,0.015,0,0,42,0,0,0,0,0,0,0,80.225,358.973,-1.983,1.522,253.746,308.656,-1.193,2.197,0,0,0,0,235.759,380.309,312,-76.5,0.449,-0.8,0.033,-0.037,41,363.866,467.797,2.397,0.71,0,0,0,0,0,0,0,0,4548

Main.js:462 324.788,170.357,114,114,-0.019,0.014,0,0,41,0,0,0,0,0,0,0,78.241,360.495,-1.983,1.522,252.553,310.853,-1.193,2.197,0,0,0,0,236.217,379.513,312,-78,0.458,-0.795,0.033,-0.037,40,366.263,468.507,2.397,0.71,0,0,0,0,0,0,0,0,4564

Main.js:462 324.771,170.371,114,114,-0.018,0.014,0,0,40,0,0,0,0,0,0,0,76.258,362.017,-1.983,1.522,251.361,313.05,-1.193,2.197,0,0,0,0,236.684,378.723,312,-79.5,0.467,-0.791,0.033,-0.037,39,368.66,469.217,2.397,0.71,0,0,0,0,0,0,0,0,4581

Main.js:462 324.754,170.384,114,114,-0.017,0.013,0,0,39,0,0,0,0,0,0,0,74.274,363.539,-1.983,1.522,250.168,315.247,-1.193,2.197,0,0,0,0,237.16,377.936,312,-81,0.476,-0.787,0.033,-0.037,38,371.057,469.927,2.397,0.71,0,0,0,0,0,0,0,0,4603

Main.js:462 324.738,170.396,114,114,-0.016,0.012,0,0,38,0,0,0,0,0,0,0,72.291,365.061,-1.983,1.522,248.975,317.444,-1.193,2.197,0,0,0,0,237.643,377.154,312,-82.5,0.484,-0.783,0.033,-0.037,37,373.454,470.637,2.397,0.71,0,0,0,0,0,0,0,0,4615

Main.js:462 324.703,170.452,114,114,-0.035,0.055,-0.02,0.046,37,0,0,1,0,0,0,0,70.308,366.583,-1.983,1.522,247.782,319.641,-1.193,2.197,0,0,0,0,238.134,376.375,312,-84,0.491,-0.779,0.033,-0.037,36,375.851,471.347,2.397,0.71,0,0,0,0,0,0,0,0,4631

Main.js:462 324.651,170.547,114,114,-0.052,0.096,-0.02,0.046,36,0,0,1,0,0,0,0,68.324,368.105,-1.983,1.522,246.589,321.838,-1.193,2.197,0,0,0,0,238.633,375.6,312,-85.5,0.498,-0.775,0.033,-0.037,35,378.248,472.057,2.397,0.71,0,0,0,0,0,0,0,0,4647

Main.js:462 324.582,170.682,114,114,-0.069,0.134,-0.02,0.046,35,0,0,1,0,0,0,0,66.341,369.627,-1.983,1.522,245.396,324.035,-1.193,2.197,0,0,0,0,239.138,374.828,312,-87,0.505,-0.772,0.033,-0.037,34,380.645,472.767,2.397,0.71,0,0,0,0,0,0,0,0,4663

Main.js:462 324.497,170.853,114,114,-0.085,0.171,-0.02,0.046,34,0,0,1,0,0,0,0,64.358,371.149,-1.983,1.522,244.203,326.232,-1.193,2.197,0,0,0,0,239.65,374.06,312,-88.5,0.512,-0.768,0.033,-0.037,33,383.042,473.477,2.397,0.71,0,0,0,0,0,0,0,0,4682

Main.js:462 324.398,171.059,114,114,-0.1,0.206,-0.02,0.046,33,0,0,1,0,0,0,0,62.374,372.67,-1.983,1.522,243.01,328.429,-1.193,2.197,0,0,0,0,240.168,373.295,312,-90,0.518,-0.765,0.033,-0.037,32,385.439,474.187,2.397,0.71,0,0,0,0,0,0,0,0,4697

Main.js:462 324.283,171.298,114,114,-0.114,0.239,-0.02,0.046,32,0,0,1,0,0,0,0,60.391,374.192,-1.983,1.522,241.817,330.626,-1.193,2.197,0,0,0,0,240.692,372.532,312,-91.5,0.524,-0.762,0.033,-0.037,31,387.836,474.897,2.397,0.71,0,0,0,0,0,0,0,0,4715

Main.js:462 324.156,171.568,114,114,-0.128,0.27,-0.02,0.046,31,0,0,1,0,0,0,0,58.407,375.714,-1.983,1.522,240.624,332.823,-1.193,2.197,0,0,0,0,241.221,371.773,312,-93,0.529,-0.759,0.033,-0.037,30,390.233,475.608,2.397,0.71,0,0,0,0,0,0,0,0,4731

Main.js:462 324.015,171.869,114,114,-0.141,0.3,-0.02,0.046,30,0,0,1,0,0,0,0,56.424,377.236,-1.983,1.522,239.432,335.021,-1.193,2.197,0,0,0,0,241.756,371.016,312,-94.5,0.535,-0.757,0.033,-0.037,29,392.63,476.318,2.397,0.71,0,0,0,0,0,0,0,0,4748

Main.js:462 323.862,172.197,114,114,-0.153,0.329,-0.02,0.046,29,0,0,1,0,0,0,0,54.441,378.758,-1.983,1.522,238.239,337.218,-1.193,2.197,0,0,0,0,242.295,370.262,312,-96,0.54,-0.754,0.033,-0.037,28,395.027,477.028,2.397,0.71,0,0,0,0,0,0,0,0,4763

Main.js:462 323.697,172.553,114,114,-0.165,0.356,-0.02,0.046,28,0,0,1,0,0,0,0,52.457,380.28,-1.983,1.522,237.046,339.415,-1.193,2.197,0,0,0,0,242.84,369.51,312,-97.5,0.545,-0.752,0.033,-0.037,27,397.424,477.738,2.397,0.71,0,0,0,0,0,0,0,0,4780

Main.js:462 323.522,172.934,114,114,-0.176,0.381,-0.02,0.046,27,0,0,1,0,0,0,0,50.474,381.802,-1.983,1.522,235.853,341.612,-1.193,2.197,0,0,0,0,243.389,368.761,312,-99,0.549,-0.75,0.033,-0.037,26,399.821,478.448,2.397,0.71,0,0,0,0,0,0,0,0,4798

Main.js:462 323.335,173.34,114,114,-0.186,0.406,-0.02,0.046,26,0,0,1,0,0,0,0,48.49,383.324,-1.983,1.522,234.66,343.809,-1.193,2.197,0,0,0,0,243.943,368.013,312,-100.5,0.553,-0.747,0.033,-0.037,25,402.218,479.158,2.397,0.71,0,0,0,0,0,0,0,0,4813

Main.js:462 323.139,173.769,114,114,-0.196,0.429,-0.02,0.046,25,0,0,1,0,0,0,0,46.507,384.846,-1.983,1.522,233.467,346.006,-1.193,2.197,0,0,0,0,244.5,367.268,312,-102,0.558,-0.745,0.033,-0.037,24,404.615,479.868,2.397,0.71,0,0,0,0,0,0,0,0,4830

Main.js:462 322.933,174.219,114,114,-0.206,0.451,-0.02,0.046,24,0,0,1,0,0,0,0,44.524,386.368,-1.983,1.522,232.274,348.203,-1.193,2.197,0,0,0,0,245.062,366.525,312,-103.5,0.561,-0.743,0.033,-0.037,23,407.013,480.578,2.397,0.71,0,0,0,0,0,0,0,0,4848

Main.js:462 322.718,174.691,114,114,-0.215,0.472,-0.02,0.046,23,0,0,1,0,0,0,0,42.54,387.889,-1.983,1.522,231.081,350.4,-1.193,2.197,0,0,0,0,245.627,365.783,312,-105,0.565,-0.741,0.033,-0.037,22,409.41,481.288,2.397,0.71,0,0,0,0,0,0,0,0,4864

Main.js:462 322.495,175.182,114,114,-0.223,0.491,-0.02,0.046,22,0,0,1,0,0,0,0,42.54,387.889,-1.983,1.522,231.081,350.4,-1.193,2.197,0,0,0,0,246.196,365.044,312,-106.5,0.569,-0.74,0.033,-0.037,21,411.807,481.998,2.397,0.71,0,0,0,0,0,0,0,0,4882

