Main.js:143 myTank.x,myTank.y,myTank.rotation,myTank.cannonRotation,myTank.velocityX,myTank.velocityY,myTank.accelerationX,myTank.accelerationY,myTank.shootCooldown,myTank.controls.turnLeft,myTank.controls.turnRight,myTank.controls.goForward,myTank.controls.goBack,myTank.controls.shoot,myTank.controls.cannonLeft,myTank.controls.cannonRight,myBullet1.x,myBullet1.y,myBullet1.velocityX,myBullet1.velocityY,myBullet2.x,myBullet2.y,myBullet2.velocityX,myBullet2.velocityY,myBullet3.x,myBullet3.y,myBullet3.velocityX,myBullet3.velocityY,enemyTank.x,enemyTank.y,enemyTank.rotation,enemyTank.cannonRotation,enemyTank.velocityX,enemyTank.velocityY,enemyTank.accelerationX,enemyTank.accelerationY,enemyTank.shootCooldown,enemyBullet1.x,enemyBullet1.y,enemyBullet1.velocityX,enemyBullet1.velocityY,enemyBullet2.x,enemyBullet2.y,enemyBullet2.velocityX,enemyBullet2.velocityY,enemyBullet3.x,enemyBullet3.y,enemyBullet3.velocityX,enemyBullet3.velocityY,currentGameTime
Main.js:462 50,209,0,0,0,0,0,0,0,0,0,0,0,0,0,0,0,0,0,0,0,0,0,0,0,0,0,0,450,291,180,180,0,0,0,0,0,0,0,0,0,0,0,0,0,0,0,0,0,6

Main.js:462 50,209,0,0,0,0,0,0,0,0,0,0,0,0,0,0,0,0,0,0,0,0,0,0,0,0,0,0,450,291,180,180,0,0,0,0,0,0,0,0,0,0,0,0,0,0,0,0,0,31

Main.js:462 50,209,0,0,0,0,0,0,0,0,0,0,0,0,0,0,0,0,0,0,0,0,0,0,0,0,0,0,449.953,290.999,181.5,180,-0.047,-0.001,-0.05,-0.001,99,0,0,0,0,0,0,0,0,0,0,0,0,48

Main.js:462 50,209,0,0,0,0,0,0,0,0,0,0,0,0,0,0,0,0,0,0,0,0,0,0,0,0,0,0,449.86,290.995,183,180,-0.093,-0.004,-0.05,-0.003,98,426.5,291,-2.5,0,0,0,0,0,0,0,0,0,64

Main.js:462 50,209,0,0,0,0,0,0,0,0,0,0,0,0,0,0,0,0,0,0,0,0,0,0,0,0,0,0,449.725,290.988,184.5,180,-0.135,-0.007,-0.05,-0.004,97,424,291,-2.5,0,0,0,0,0,0,0,0,0,80

Main.js:462 50.048,209,0,0,0.048,0,0.05,0,0,0,0,1,0,0,0,0,0,0,0,0,0,0,0,0,0,0,0,0,449.549,290.976,186,180,-0.176,-0.012,-0.05,-0.005,96,421.5,291,-2.5,0,0,0,0,0,0,0,0,0,97

Main.js:462 50.14,209,0,0,0.093,0,0.05,0,0,0,0,1,0,0,0,0,0,0,0,0,0,0,0,0,0,0,0,0,449.335,290.959,187.5,180,-0.214,-0.017,-0.05,-0.007,95,419,291,-2.5,0,0,0,0,0,0,0,0,0,116

Main.js:462 50.276,209,0,0,0.135,0,0.05,0,0,0,0,1,0,0,0,0,0,0,0,0,0,0,0,0,0,0,0,0,449.085,290.935,189,180,-0.25,-0.024,-0.049,-0.008,94,416.5,291,-2.5,0,0,0,0,0,0,0,0,0,131

Main.js:462 50.452,209,0,0,0.176,0,0.05,0,0,0,0,1,0,0,0,0,0,0,0,0,0,0,0,0,0,0,0,0,448.8,290.903,190.5,180,-0.284,-0.031,-0.049,-0.009,93,414,291,-2.5,0,0,0,0,0,0,0,0,0,148

Main.js:462 50.667,209,0,0,0.215,0,0.05,0,0,0,0,1,0,0,0,0,0,0,0,0,0,0,0,0,0,0,0,0,448.483,290.863,192,180,-0.317,-0.04,-0.049,-0.01,92,411.5,291,-2.5,0,0,0,0,0,0,0,0,0,164

Main.js:462 50.918,209,0,0,0.252,0,0.05,0,0,0,0,1,0,0,0,0,0,0,0,0,0,0,0,0,0,0,0,0,448.136,290.815,193.5,180,-0.347,-0.049,-0.049,-0.012,91,409,291,-2.5,0,0,0,0,0,0,0,0,0,181

Main.js:462 51.205,209,0,0,0.287,0,0.05,0,0,0,0,1,0,0,0,0,0,0,0,0,0,0,0,0,0,0,0,0,447.761,290.756,195,180,-0.376,-0.059,-0.048,-0.013,90,406.5,291,-2.5,0,0,0,0,0,0,0,0,0,198

Main.js:462 51.525,209,0,0,0.32,0,0.05,0,0,0,0,1,0,0,0,0,0,0,0,0,0,0,0,0,0,0,0,0,447.359,290.687,196.5,180,-0.402,-0.069,-0.048,-0.014,89,404,291,-2.5,0,0,0,0,0,0,0,0,0,214

Main.js:462 51.876,209,0,0,0.351,0,0.05,0,0,0,0,1,0,0,0,0,0,0,0,0,0,0,0,0,0,0,0,0,446.931,290.606,198,180,-0.427,-0.08,-0.048,-0.015,88,401.5,291,-2.5,0,0,0,0,0,0,0,0,0,232

Main.js:462 52.257,209,0,0,0.381,0,0.05,0,0,0,0,1,0,0,0,0,0,0,0,0,0,0,0,0,0,0,0,0,446.48,290.514,199.5,180,-0.451,-0.092,-0.047,-0.017,87,399,291,-2.5,0,0,0,0,0,0,0,0,0,249

Main.js:462 52.667,209,0,0,0.41,0,0.05,0,0,0,0,1,0,0,0,0,0,0,0,0,0,0,0,0,0,0,0,0,446.008,290.409,201,180,-0.473,-0.105,-0.047,-0.018,86,396.5,291,-2.5,0,0,0,0,0,0,0,0,0,265

Main.js:462 53.103,209,0,0,0.437,0,0.05,0,0,0,0,1,0,0,0,0,0,0,0,0,0,0,0,0,0,0,0,0,445.515,290.292,202.5,180,-0.493,-0.118,-0.046,-0.019,85,394,291,-2.5,0,0,0,0,0,0,0,0,0,281

Main.js:462 53.566,209,0,0,0.462,0,0.05,0,0,0,0,1,0,0,0,0,0,0,0,0,0,0,0,0,0,0,0,0,445.003,290.16,204,180,-0.512,-0.131,-0.046,-0.02,84,391.5,291,-2.5,0,0,0,0,0,0,0,0,0,299

Main.js:462 54.053,209,0,0,0.487,0,0.05,0,0,0,0,1,0,0,0,0,0,0,0,0,0,0,0,0,0,0,0,0,444.474,290.015,205.5,180,-0.529,-0.145,-0.045,-0.022,83,389,291,-2.5,0,0,0,0,0,0,0,0,0,315

Main.js:462 54.562,209,0,0,0.51,0,0.05,0,0,0,0,1,0,0,0,0,0,0,0,0,0,0,0,0,0,0,0,0,443.93,289.856,207,180,-0.545,-0.159,-0.045,-0.023,82,386.5,291,-2.5,0,0,0,0,0,0,0,0,0,332

Main.js:462 55.094,209,0,0,0.532,0,0.05,0,0,0,0,1,0,0,0,0,0,0,0,0,0,0,0,0,0,0,0,0,443.37,289.682,208.5,180,-0.559,-0.174,-0.044,-0.024,81,384,291,-2.5,0,0,0,0,0,0,0,0,0,348

Main.js:462 55.647,209,0,0,0.553,0,0.05,0,0,0,0,1,0,0,0,0,0,0,0,0,0,0,0,0,0,0,0,0,442.798,289.493,210,180,-0.572,-0.189,-0.043,-0.025,80,381.5,291,-2.5,0,0,0,0,0,0,0,0,0,365

Main.js:462 56.22,209,0,0,0.573,0,0.05,0,0,0,0,1,0,0,0,0,0,0,0,0,0,0,0,0,0,0,0,0,442.213,289.289,211.5,180,-0.584,-0.204,-0.043,-0.026,79,379,291,-2.5,0,0,0,0,0,0,0,0,0,381

Main.js:462 56.811,209,0,0,0.592,0,0.05,0,0,0,0,1,0,0,0,0,0,0,0,0,0,0,0,0,0,0,0,0,441.618,289.069,213,180,-0.595,-0.22,-0.042,-0.027,78,376.5,291,-2.5,0,0,0,0,0,0,0,0,0,398

Main.js:462 57.421,209,0,0,0.609,0,0.05,0,0,0,0,1,0,0,0,0,0,0,0,0,0,0,0,0,0,0,0,0,441.014,288.833,214.5,180,-0.604,-0.236,-0.041,-0.028,77,374,291,-2.5,0,0,0,0,0,0,0,0,0,416

Main.js:462 58.047,209,0,0,0.626,0,0.05,0,0,0,0,1,0,0,0,0,0,0,0,0,0,0,0,0,0,0,0,0,440.402,288.581,216,180,-0.613,-0.252,-0.04,-0.029,76,371.5,291,-2.5,0,0,0,0,0,0,0,0,0,431

Main.js:462 58.69,209,0,0,0.643,0,0.05,0,0,0,0,1,0,0,0,0,0,0,0,0,0,0,0,0,0,0,0,0,439.782,288.312,217.5,180,-0.62,-0.268,-0.04,-0.03,75,369,291,-2.5,0,0,0,0,0,0,0,0,0,448

Main.js:462 59.348,209,0,0,0.658,0,0.05,0,0,0,0,1,0,0,0,0,0,0,0,0,0,0,0,0,0,0,0,0,439.156,288.027,219,180,-0.626,-0.285,-0.039,-0.031,74,366.5,291,-2.5,0,0,0,0,0,0,0,0,0,465

Main.js:462 60.02,209,0,0,0.673,0,0.05,0,0,0,0,1,0,0,0,0,0,0,0,0,0,0,0,0,0,0,0,0,438.526,287.726,220.5,180,-0.63,-0.301,-0.038,-0.032,73,364,291,-2.5,0,0,0,0,0,0,0,0,0,481

Main.js:462 60.707,209,0,0,0.686,0,0.05,0,0,0,0,1,0,0,0,0,0,0,0,0,0,0,0,0,0,0,0,0,437.892,287.408,222,180,-0.634,-0.318,-0.037,-0.033,72,361.5,291,-2.5,0,0,0,0,0,0,0,0,0,497

Main.js:462 61.407,209,0,0,0.7,0,0.05,0,0,0,0,1,0,0,0,0,0,0,0,0,0,0,0,0,0,0,0,0,437.255,287.073,223.5,180,-0.637,-0.335,-0.036,-0.034,71,359,291,-2.5,0,0,0,0,0,0,0,0,0,515

Main.js:462 62.119,209,0,0,0.712,0,0.05,0,0,0,0,1,0,0,0,0,0,0,0,0,0,0,0,0,0,0,0,0,436.615,286.722,223.5,178.5,-0.64,-0.351,-0.036,-0.034,70,356.5,291,-2.5,0,0,0,0,0,0,0,0,0,531

Main.js:462 62.843,209,0,0,0.724,0,0.05,0,0,0,0,1,0,0,0,0,0,0,0,0,0,0,0,0,0,0,0,0,435.973,286.356,223.5,177,-0.642,-0.366,-0.036,-0.034,69,354,291,-2.5,0,0,0,0,0,0,0,0,0,548

Main.js:462 63.578,209,0,0,0.735,0,0.05,0,0,0,0,1,0,0,0,0,0,0,0,0,0,0,0,0,0,0,0,0,435.329,285.975,223.5,175.5,-0.644,-0.38,-0.036,-0.034,68,351.5,291,-2.5,0,0,0,0,0,0,0,0,0,566

Main.js:462 64.324,209,0,0,0.746,0,0.05,0,0,0,0,1,0,0,0,0,0,0,0,0,0,0,0,0,0,0,0,0,434.682,285.581,223.5,174,-0.647,-0.394,-0.036,-0.034,67,349,291,-2.5,0,0,0,0,0,0,0,0,0,581

Main.js:462 65.081,209,0,0,0.756,0,0.05,0,0,0,0,1,0,0,0,0,0,0,0,0,0,0,0,0,0,0,0,0,434.034,285.174,223.5,172.5,-0.649,-0.407,-0.036,-0.034,66,346.5,291,-2.5,0,0,0,0,0,0,0,0,0,599

Main.js:462 65.846,209,0,0,0.766,0,0.05,0,0,0,0,1,0,0,0,0,0,0,0,0,0,0,0,0,0,0,0,0,433.383,284.754,223.5,171,-0.651,-0.419,-0.036,-0.034,65,344,291,-2.5,0,0,0,0,0,0,0,0,0,615

Main.js:462 66.622,209,0,0,0.775,0,0.05,0,0,0,0,1,0,0,0,0,0,0,0,0,0,0,0,0,0,0,0,0,432.73,284.323,223.5,169.5,-0.653,-0.431,-0.036,-0.034,64,341.5,291,-2.5,0,0,0,0,0,0,0,0,0,631

Main.js:462 67.406,209,0,0,0.784,0,0.05,0,0,0,0,1,0,0,0,0,0,0,0,0,0,0,0,0,0,0,0,0,432.076,283.881,223.5,168,-0.654,-0.442,-0.036,-0.034,63,339,291,-2.5,0,0,0,0,0,0,0,0,0,649

Main.js:462 68.198,209,0,0,0.792,0,0.05,0,0,0,0,1,0,0,0,0,0,0,0,0,0,0,0,0,0,0,0,0,431.42,283.428,223.5,166.5,-0.656,-0.453,-0.036,-0.034,62,336.5,291,-2.5,0,0,0,0,0,0,0,0,0,665

Main.js:462 68.998,209,0,0,0.8,0,0.05,0,0,0,0,1,0,0,0,0,0,0,0,0,0,0,0,0,0,0,0,0,430.762,282.965,223.5,165,-0.658,-0.463,-0.036,-0.034,61,334,291,-2.5,0,0,0,0,0,0,0,0,0,681

Main.js:462 69.806,209,0,0,0.808,0,0.05,0,0,0,0,1,0,0,0,0,0,0,0,0,0,0,0,0,0,0,0,0,430.102,282.493,223.5,163.5,-0.659,-0.473,-0.036,-0.034,60,331.5,291,-2.5,0,0,0,0,0,0,0,0,0,698

Main.js:462 70.62,209,0,0,0.815,0,0.05,0,0,0,0,1,0,0,0,0,0,0,0,0,0,0,0,0,0,0,0,0,429.441,282.011,223.5,162,-0.661,-0.482,-0.036,-0.034,59,329,291,-2.5,0,0,0,0,0,0,0,0,0,715

Main.js:462 71.442,209,0,0,0.821,0,0.05,0,0,0,0,1,0,0,0,0,0,0,0,0,0,0,0,0,0,0,0,0,428.779,281.521,223.5,160.5,-0.662,-0.49,-0.036,-0.034,58,326.5,291,-2.5,0,0,0,0,0,0,0,0,0,732

Main.js:462 72.27,209,0,0,0.828,0,0.05,0,0,0,0,1,0,0,0,0,0,0,0,0,0,0,0,0,0,0,0,0,428.115,281.022,223.5,159,-0.664,-0.498,-0.036,-0.034,57,324,291,-2.5,0,0,0,0,0,0,0,0,0,748

Main.js:462 73.104,209,0,0,0.834,0,0.05,0,0,0,0,1,0,0,0,0,0,0,0,0,0,0,0,0,0,0,0,0,427.45,280.516,223.5,157.5,-0.665,-0.506,-0.036,-0.034,56,321.5,291,-2.5,0,0,0,0,0,0,0,0,0,764

Main.js:462 73.943,209,0,0,0.84,0,0.05,0,0,0,0,1,0,0,0,0,0,0,0,0,0,0,0,0,0,0,0,0,426.784,280.003,223.5,156,-0.666,-0.514,-0.036,-0.034,55,319,291,-2.5,0,0,0,0,0,0,0,0,0,781

Main.js:462 74.789,209,0,0,0.845,0,0.05,0,0,0,0,1,0,0,0,0,0,0,0,0,0,0,0,0,0,0,0,0,426.117,279.482,223.5,154.5,-0.667,-0.521,-0.036,-0.034,54,316.5,291,-2.5,0,0,0,0,0,0,0,0,0,799

Main.js:462 75.639,209,0,0,0.851,0,0.05,0,0,0,0,1,0,0,0,0,0,0,0,0,0,0,0,0,0,0,0,0,425.449,278.955,223.5,153,-0.668,-0.527,-0.036,-0.034,53,314,291,-2.5,0,0,0,0,0,0,0,0,0,815

Main.js:462 76.495,209,0,0,0.856,0,0.05,0,0,0,0,1,0,0,0,0,0,0,0,0,0,0,0,0,0,0,0,0,424.779,278.421,223.5,151.5,-0.669,-0.534,-0.036,-0.034,52,311.5,291,-2.5,0,0,0,0,0,0,0,0,0,880

Main.js:462 77.355,209.001,1.5,1.5,0.86,0.001,0.05,0.001,0,0,1,1,0,0,0,0,0,0,0,0,0,0,0,0,0,0,0,0,424.109,277.882,223.5,150,-0.67,-0.54,-0.036,-0.034,51,309,291,-2.5,0,0,0,0,0,0,0,0,0,898

Main.js:462 78.22,209.005,3,3,0.865,0.004,0.05,0.003,0,0,1,1,0,0,0,0,0,0,0,0,0,0,0,0,0,0,0,0,423.437,277.336,223.5,148.5,-0.671,-0.545,-0.036,-0.034,50,306.5,291,-2.5,0,0,0,0,0,0,0,0,0,914

Main.js:462 79.089,209.012,4.5,4.5,0.869,0.007,0.05,0.004,0,0,1,1,0,0,0,0,0,0,0,0,0,0,0,0,0,0,0,0,422.765,276.786,223.5,147,-0.672,-0.551,-0.036,-0.034,49,304,291,-2.5,0,0,0,0,0,0,0,0,0,931

Main.js:462 79.961,209.024,6,6,0.873,0.012,0.05,0.005,0,0,1,1,0,0,0,0,0,0,0,0,0,0,0,0,0,0,0,0,422.092,276.23,223.5,145.5,-0.673,-0.556,-0.036,-0.034,48,301.5,291,-2.5,0,0,0,0,0,0,0,0,0,948

Main.js:462 80.837,209.041,7.5,7.5,0.876,0.017,0.05,0.007,0,0,1,1,0,0,0,0,0,0,0,0,0,0,0,0,0,0,0,0,421.418,275.669,223.5,144,-0.674,-0.561,-0.036,-0.034,47,299,291,-2.5,0,0,0,0,0,0,0,0,0,965

Main.js:462 81.716,209.065,9,9,0.879,0.024,0.049,0.008,0,0,1,1,0,0,0,0,0,0,0,0,0,0,0,0,0,0,0,0,420.744,275.103,223.5,142.5,-0.675,-0.565,-0.036,-0.034,46,296.5,291,-2.5,0,0,0,0,0,0,0,0,0,982

Main.js:462 82.598,209.097,10.5,10.5,0.882,0.031,0.049,0.009,0,0,1,1,0,0,0,0,0,0,0,0,0,0,0,0,0,0,0,0,420.068,274.534,223.5,141,-0.675,-0.57,-0.036,-0.034,45,294,291,-2.5,0,0,0,0,0,0,0,0,0,998

Main.js:462 83.483,209.137,12,12,0.884,0.04,0.049,0.01,0,0,1,1,0,0,0,0,0,0,0,0,0,0,0,0,0,0,0,0,419.392,273.96,223.5,139.5,-0.676,-0.574,-0.036,-0.034,44,291.5,291,-2.5,0,0,0,0,0,0,0,0,0,1014

Main.js:462 84.369,209.184,12,12,0.887,0.048,0.049,0.01,0,0,0,1,0,0,0,0,0,0,0,0,0,0,0,0,0,0,0,0,418.715,273.382,222,136.5,-0.678,-0.577,-0.037,-0.033,43,289,291,-2.5,0,0,0,0,0,0,0,0,0,1032

Main.js:462 85.258,209.239,12,12,0.889,0.055,0.049,0.01,0,0,0,1,0,0,0,0,0,0,0,0,0,0,0,0,0,0,0,0,418.035,272.803,220.5,133.5,-0.68,-0.579,-0.038,-0.032,42,286.5,291,-2.5,0,0,0,0,0,0,0,0,0,1048

Main.js:462 86.148,209.302,12,12,0.891,0.062,0.049,0.01,0,0,0,1,0,0,0,0,0,0,0,0,0,0,0,0,0,0,0,0,417.352,272.223,219,130.5,-0.683,-0.58,-0.039,-0.031,41,284,291,-2.5,0,0,0,0,0,0,0,0,0,1065

Main.js:462 87.041,209.371,12,12,0.893,0.069,0.049,0.01,0,0,0,1,0,0,0,0,0,0,0,0,0,0,0,0,0,0,0,0,416.666,271.643,217.5,127.5,-0.686,-0.58,-0.04,-0.03,40,281.5,291,-2.5,0,0,0,0,0,0,0,0,0,1081

Main.js:462 87.935,209.446,12,12,0.894,0.075,0.049,0.01,0,0,0,1,0,0,0,0,0,0,0,0,0,0,0,0,0,0,0,0,415.976,271.064,216,124.5,-0.69,-0.579,-0.04,-0.029,39,279,291,-2.5,0,0,0,0,0,0,0,0,0,1097

Main.js:462 88.832,209.528,12,12,0.896,0.082,0.049,0.01,99,0,0,1,0,1,0,0,0,0,0,0,0,0,0,0,0,0,0,0,415.281,270.487,214.5,121.5,-0.695,-0.577,-0.041,-0.028,38,276.5,291,-2.5,0,0,0,0,0,0,0,0,0,1116

Main.js:462 89.73,209.615,12,12,0.898,0.087,0.049,0.01,98,0,0,1,0,1,0,0,110.922,214.332,2.445,0.52,0,0,0,0,0,0,0,0,414.581,269.913,213,118.5,-0.7,-0.574,-0.042,-0.027,37,274,291,-2.5,0,0,0,0,0,0,0,0,0,1132

Main.js:462 90.629,209.708,12,12,0.899,0.093,0.049,0.01,97,0,0,1,0,1,0,0,113.367,214.852,2.445,0.52,0,0,0,0,0,0,0,0,413.875,269.343,211.5,115.5,-0.706,-0.57,-0.043,-0.026,36,271.5,291,-2.5,0,0,0,0,0,0,0,0,0,1147

Main.js:462 91.53,209.806,12,12,0.901,0.098,0.049,0.01,96,0,0,1,0,1,0,0,115.813,215.371,2.445,0.52,0,0,0,0,0,0,0,0,413.164,268.778,210,112.5,-0.711,-0.565,-0.043,-0.025,35,269,291,-2.5,0,0,0,0,0,0,0,0,0,1165

Main.js:462 92.432,209.909,12,12,0.902,0.103,0.049,0.01,95,0,0,1,0,1,0,0,118.258,215.891,2.445,0.52,0,0,0,0,0,0,0,0,412.446,268.218,208.5,109.5,-0.718,-0.56,-0.044,-0.024,34,266.5,291,-2.5,0,0,0,0,0,0,0,0,0,1181

Main.js:462 93.336,210.017,12,12,0.904,0.108,0.049,0.01,94,0,0,1,0,1,0,0,120.703,216.411,2.445,0.52,0,0,0,0,0,0,0,0,411.722,267.665,207,106.5,-0.724,-0.553,-0.045,-0.023,33,264,291,-2.5,0,0,0,0,0,0,0,0,0,1198

Main.js:462 94.241,210.129,12,12,0.905,0.112,0.049,0.01,93,0,0,1,0,0,0,0,123.149,216.931,2.445,0.52,0,0,0,0,0,0,0,0,410.991,267.119,205.5,103.5,-0.731,-0.546,-0.045,-0.022,32,261.5,291,-2.5,0,0,0,0,0,0,0,0,0,1215

Main.js:462 95.147,210.245,12,12,0.906,0.117,0.049,0.01,92,0,0,1,0,0,0,0,125.594,217.451,2.445,0.52,0,0,0,0,0,0,0,0,410.254,266.581,204,100.5,-0.738,-0.538,-0.046,-0.02,31,259,291,-2.5,0,0,0,0,0,0,0,0,0,1232

Main.js:462 96.054,210.366,12,12,0.907,0.121,0.049,0.01,91,0,0,1,0,0,0,0,128.04,217.97,2.445,0.52,0,0,0,0,0,0,0,0,409.509,266.052,202.5,97.5,-0.745,-0.529,-0.046,-0.019,30,256.5,291,-2.5,0,0,0,0,0,0,0,0,0,1248

Main.js:462 96.963,210.49,12,12,0.908,0.124,0.049,0.01,90,0,0,1,0,0,0,0,130.485,218.49,2.445,0.52,0,0,0,0,0,0,0,0,408.757,265.532,201,94.5,-0.752,-0.52,-0.047,-0.018,29,254,291,-2.5,0,0,0,0,0,0,0,0,0,1265

Main.js:462 97.872,210.618,12,12,0.909,0.128,0.049,0.01,89,0,0,1,0,0,0,0,132.93,219.01,2.445,0.52,0,0,0,0,0,0,0,0,407.998,265.022,199.5,91.5,-0.759,-0.51,-0.047,-0.017,28,251.5,291,-2.5,0,0,0,0,0,0,0,0,0,1282

Main.js:462 98.782,210.75,12,12,0.91,0.132,0.049,0.01,88,0,0,1,0,0,0,0,135.376,219.53,2.445,0.52,0,0,0,0,0,0,0,0,407.232,264.523,198,88.5,-0.766,-0.499,-0.048,-0.015,27,249,291,-2.5,0,0,0,0,0,0,0,0,0,1298

Main.js:462 99.694,210.885,12,12,0.911,0.135,0.049,0.01,87,0,0,1,0,1,0,0,137.821,220.049,2.445,0.52,0,0,0,0,0,0,0,0,406.459,264.036,196.5,85.5,-0.773,-0.487,-0.048,-0.014,26,246.5,291,-2.5,0,0,0,0,0,0,0,0,0,1315

Main.js:462 100.606,211.023,12,12,0.912,0.138,0.049,0.01,86,0,0,1,0,1,0,0,140.266,220.569,2.445,0.52,0,0,0,0,0,0,0,0,405.678,263.56,195,82.5,-0.781,-0.475,-0.048,-0.013,25,244,291,-2.5,0,0,0,0,0,0,0,0,0,1332

Main.js:462 101.519,211.164,12,12,0.913,0.141,0.049,0.01,85,0,0,1,0,1,0,0,142.712,221.089,2.445,0.52,0,0,0,0,0,0,0,0,404.891,263.097,193.5,79.5,-0.788,-0.463,-0.049,-0.012,24,241.5,291,-2.5,0,0,0,0,0,0,0,0,0,1348

Main.js:462 102.433,211.308,12,12,0.914,0.144,0.049,0.01,84,0,0,1,0,1,0,0,145.157,221.609,2.445,0.52,0,0,0,0,0,0,0,0,404.096,262.648,192,76.5,-0.795,-0.449,-0.049,-0.01,23,239,291,-2.5,0,0,0,0,0,0,0,0,0,1364

Main.js:462 103.348,211.454,12,12,0.915,0.146,0.049,0.01,83,0,0,1,0,1,0,0,147.602,222.129,2.445,0.52,0,0,0,0,0,0,0,0,403.294,262.212,190.5,73.5,-0.802,-0.436,-0.049,-0.009,22,236.5,291,-2.5,0,0,0,0,0,0,0,0,0,1381

Main.js:462 104.263,211.603,12,12,0.915,0.149,0.049,0.01,82,0,0,1,0,0,0,0,150.048,222.648,2.445,0.52,0,0,0,0,0,0,0,0,402.485,261.791,189,70.5,-0.809,-0.421,-0.049,-0.008,21,234,291,-2.5,0,0,0,0,0,0,0,0,0,1397

Main.js:462 105.179,211.755,12,12,0.916,0.151,0.049,0.01,81,0,0,1,0,0,0,0,152.493,223.168,2.445,0.52,0,0,0,0,0,0,0,0,401.67,261.385,187.5,67.5,-0.815,-0.406,-0.05,-0.007,20,231.5,291,-2.5,0,0,0,0,0,0,0,0,0,1415

Main.js:462 106.096,211.908,12,12,0.917,0.154,0.049,0.01,80,0,0,1,0,0,0,0,154.939,223.688,2.445,0.52,0,0,0,0,0,0,0,0,400.848,260.994,186,64.5,-0.822,-0.391,-0.05,-0.005,19,229,291,-2.5,0,0,0,0,0,0,0,0,0,1432

Main.js:462 107.014,212.064,12,12,0.917,0.156,0.049,0.01,79,0,0,1,0,0,0,0,157.384,224.208,2.445,0.52,0,0,0,0,0,0,0,0,400.02,260.618,184.5,61.5,-0.828,-0.375,-0.05,-0.004,18,226.5,291,-2.5,0,0,0,0,0,0,0,0,0,1449

Main.js:462 107.932,212.222,12,12,0.918,0.158,0.049,0.01,78,0,0,1,0,0,0,0,159.829,224.727,2.445,0.52,0,0,0,0,0,0,0,0,399.186,260.259,183,58.5,-0.834,-0.359,-0.05,-0.003,17,224,291,-2.5,0,0,0,0,0,0,0,0,0,1465

Main.js:462 108.85,212.382,12,12,0.919,0.16,0.049,0.01,77,0,0,1,0,0,0,0,162.275,225.247,2.445,0.52,0,0,0,0,0,0,0,0,398.347,259.917,181.5,55.5,-0.84,-0.342,-0.05,-0.001,16,221.5,291,-2.5,0,0,0,0,0,0,0,0,0,1482

Main.js:462 109.769,212.544,12,12,0.919,0.162,0.049,0.01,76,0,0,1,0,0,0,0,164.72,225.767,2.445,0.52,0,0,0,0,0,0,0,0,397.501,259.592,180,52.5,-0.845,-0.325,-0.05,0,15,219,291,-2.5,0,0,0,0,0,0,0,0,0,1498

Main.js:462 110.689,212.708,12,12,0.92,0.164,0.049,0.01,75,0,0,1,0,1,0,0,167.165,226.287,2.445,0.52,0,0,0,0,0,0,0,0,396.651,259.284,178.5,49.5,-0.851,-0.308,-0.05,0.001,14,216.5,291,-2.5,0,0,0,0,0,0,0,0,0,1515

Main.js:462 111.609,212.873,12,12,0.92,0.165,0.049,0.01,74,0,0,1,0,1,0,0,169.611,226.807,2.445,0.52,0,0,0,0,0,0,0,0,395.795,258.994,177,46.5,-0.855,-0.29,-0.05,0.003,13,214,291,-2.5,0,0,0,0,0,0,0,0,0,1531

Main.js:462 112.529,213.04,12,12,0.921,0.167,0.049,0.01,73,0,0,1,0,1,0,0,172.056,227.326,2.445,0.52,0,0,0,0,0,0,0,0,394.935,258.723,175.5,43.5,-0.86,-0.272,-0.05,0.004,12,211.5,291,-2.5,0,0,0,0,0,0,0,0,0,1549

Main.js:462 113.45,213.209,12,12,0.921,0.168,0.049,0.01,72,0,0,1,0,1,0,0,174.502,227.846,2.445,0.52,0,0,0,0,0,0,0,0,394.071,258.47,174,40.5,-0.864,-0.253,-0.05,0.005,11,209,291,-2.5,0,0,0,0,0,0,0,0,0,1565

Main.js:462 114.372,213.378,12,12,0.921,0.17,0.049,0.01,71,0,0,1,0,1,0,0,176.947,228.366,2.445,0.52,0,0,0,0,0,0,0,0,393.203,258.236,172.5,37.5,-0.868,-0.234,-0.05,0.007,10,206.5,291,-2.5,0,0,0,0,0,0,0,0,0,1582

Main.js:462 115.293,213.55,12,12,0.922,0.171,0.049,0.01,70,0,0,1,0,0,0,0,179.392,228.886,2.445,0.52,0,0,0,0,0,0,0,0,392.331,258.021,171,34.5,-0.872,-0.215,-0.049,0.008,9,204,291,-2.5,0,0,0,0,0,0,0,0,0,1598

Main.js:462 116.216,213.722,12,12,0.922,0.173,0.049,0.01,69,0,0,1,0,0,0,0,181.838,229.406,2.445,0.52,0,0,0,0,0,0,0,0,391.456,257.825,169.5,31.5,-0.875,-0.196,-0.049,0.009,8,201.5,291,-2.5,0,0,0,0,0,0,0,0,0,1616

Main.js:462 117.138,213.896,12,12,0.923,0.174,0.049,0.01,68,0,0,1,0,0,0,0,184.283,229.925,2.445,0.52,0,0,0,0,0,0,0,0,390.579,257.649,168,28.5,-0.878,-0.176,-0.049,0.01,7,199,291,-2.5,0,0,0,0,0,0,0,0,0,1633

Main.js:462 118.061,214.071,12,12,0.923,0.175,0.049,0.01,67,0,0,1,0,0,0,0,186.728,230.445,2.445,0.52,0,0,0,0,0,0,0,0,389.699,257.493,166.5,25.5,-0.88,-0.156,-0.049,0.012,6,196.5,291,-2.5,0,0,0,0,0,0,0,0,0,1648

Main.js:462 118.984,214.248,12,12,0.923,0.176,0.049,0.01,66,0,0,1,0,0,0,0,189.174,230.965,2.445,0.52,0,0,0,0,0,0,0,0,388.817,257.357,165,22.5,-0.882,-0.136,-0.048,0.013,5,194,291,-2.5,0,0,0,0,0,0,0,0,0,1665

Main.js:462 119.908,214.425,12,12,0.923,0.177,0.049,0.01,65,0,0,1,0,0,0,0,191.619,231.485,2.445,0.52,0,0,0,0,0,0,0,0,387.934,257.241,163.5,19.5,-0.883,-0.116,-0.048,0.014,4,191.5,291,-2.5,0,0,0,0,0,0,0,0,0,1681

Main.js:462 120.831,214.603,12,12,0.924,0.178,0.049,0.01,64,0,0,1,0,0,0,0,194.064,232.004,2.445,0.52,0,0,0,0,0,0,0,0,387.05,257.146,162,16.5,-0.884,-0.095,-0.048,0.015,3,189,291,-2.5,0,0,0,0,0,0,0,0,0,1697

Main.js:462 121.755,214.782,12,12,0.924,0.179,0.049,0.01,63,0,0,1,0,0,0,0,196.51,232.524,2.445,0.52,0,0,0,0,0,0,0,0,386.165,257.071,160.5,13.5,-0.885,-0.075,-0.047,0.017,2,186.5,291,-2.5,0,0,0,0,0,0,0,0,0,1714

Main.js:462 122.68,214.962,12,12,0.924,0.18,0.049,0.01,62,0,0,1,0,0,0,0,198.955,233.044,2.445,0.52,0,0,0,0,0,0,0,0,385.28,257.018,159,10.5,-0.885,-0.054,-0.047,0.018,1,184,291,-2.5,0,0,0,0,0,0,0,0,0,1731

Main.js:462 123.604,215.143,12,12,0.925,0.181,0.049,0.01,61,0,0,1,0,1,0,0,201.401,233.564,2.445,0.52,0,0,0,0,0,0,0,0,384.396,256.985,157.5,7.5,-0.884,-0.033,-0.046,0.019,0,181.5,291,-2.5,0,0,0,0,0,0,0,0,0,1748

Main.js:462 124.529,215.325,12,12,0.925,0.182,0.049,0.01,60,0,0,1,0,1,0,0,203.846,234.084,2.445,0.52,0,0,0,0,0,0,0,0,383.512,256.973,156,4.5,-0.884,-0.012,-0.046,0.02,99,179,291,-2.5,0,0,0,0,0,0,0,0,0,1764

Main.js:462 125.454,215.508,12,12,0.925,0.183,0.049,0.01,59,0,0,1,0,1,0,0,206.291,234.603,2.445,0.52,0,0,0,0,0,0,0,0,382.63,256.982,154.5,1.5,-0.882,0.009,-0.045,0.022,98,176.5,291,-2.5,0,407.823,258.828,2.492,0.196,0,0,0,0,1780

Main.js:462 126.379,215.691,12,12,0.925,0.183,0.049,0.01,58,0,0,1,0,1,0,0,208.737,235.123,2.445,0.52,0,0,0,0,0,0,0,0,381.749,257.012,153,358.5,-0.881,0.03,-0.045,0.023,97,174,291,-2.5,0,410.316,259.025,2.492,0.196,0,0,0,0,1798

Main.js:462 127.305,215.875,12,12,0.925,0.184,0.049,0.01,57,0,0,1,0,1,0,0,211.182,235.643,2.445,0.52,0,0,0,0,0,0,0,0,380.871,257.063,151.5,355.5,-0.878,0.051,-0.044,0.024,96,171.5,291,-2.5,0,412.808,259.221,2.492,0.196,0,0,0,0,1815

Main.js:462 128.23,216.06,12,12,0.926,0.185,0.049,0.01,56,0,0,1,0,1,0,0,213.627,236.163,2.445,0.52,0,0,0,0,0,0,0,0,379.995,257.136,150,352.5,-0.876,0.072,-0.043,0.025,95,169,291,-2.5,0,415.3,259.417,2.492,0.196,0,0,0,0,1831

Main.js:462 129.156,216.245,12,12,0.926,0.185,0.049,0.01,55,0,0,1,0,0,0,0,216.073,236.682,2.445,0.52,0,0,0,0,0,0,0,0,379.123,257.229,148.5,349.5,-0.872,0.094,-0.043,0.026,94,166.5,291,-2.5,0,417.793,259.613,2.492,0.196,0,0,0,0,1848

Main.js:462 130.082,216.433,13.5,13.5,0.926,0.187,0.049,0.012,54,0,1,1,0,0,0,0,218.518,237.202,2.445,0.52,0,0,0,0,0,0,0,0,378.255,257.344,147,346.5,-0.868,0.115,-0.042,0.027,93,164,291,-2.5,0,420.285,259.809,2.492,0.196,0,0,0,0,1864

Main.js:462 131.007,216.623,15,15,0.925,0.19,0.048,0.013,53,0,1,1,0,0,0,0,220.964,237.722,2.445,0.52,0,0,0,0,0,0,0,0,377.391,257.48,145.5,343.5,-0.864,0.136,-0.041,0.028,92,161.5,291,-2.5,0,422.777,260.005,2.492,0.196,0,0,0,0,1881

Main.js:462 131.931,216.817,16.5,16.5,0.925,0.194,0.048,0.014,52,0,1,1,0,0,0,0,223.409,238.242,2.445,0.52,0,0,0,0,0,0,0,0,376.531,257.637,144,340.5,-0.859,0.157,-0.04,0.029,91,159,291,-2.5,0,425.269,260.201,2.492,0.196,0,0,0,0,1898

Main.js:462 132.855,217.016,18,18,0.924,0.199,0.048,0.015,51,0,1,1,0,0,0,0,225.854,238.762,2.445,0.52,0,0,0,0,0,0,0,0,375.677,257.815,142.5,337.5,-0.854,0.178,-0.04,0.03,90,156.5,291,-2.5,0,427.762,260.398,2.492,0.196,0,0,0,0,1915

Main.js:462 133.777,217.221,19.5,19.5,0.922,0.205,0.047,0.017,50,0,1,1,0,0,0,0,228.3,239.281,2.445,0.52,0,0,0,0,0,0,0,0,374.829,258.015,141,334.5,-0.848,0.199,-0.039,0.031,89,154,291,-2.5,0,430.254,260.594,2.492,0.196,0,0,0,0,1931

Main.js:462 134.698,217.431,19.5,19.5,0.921,0.211,0.047,0.017,49,0,0,1,0,0,0,0,230.745,239.801,2.445,0.52,0,0,0,0,0,0,0,0,373.987,258.235,139.5,331.5,-0.842,0.22,-0.038,0.032,88,151.5,291,-2.5,0,432.746,260.79,2.492,0.196,0,0,0,0,1948

Main.js:462 135.617,217.647,19.5,19.5,0.92,0.216,0.047,0.017,48,0,0,1,0,1,0,0,233.19,240.321,2.445,0.52,0,0,0,0,0,0,0,0,373.152,258.476,138,328.5,-0.835,0.241,-0.037,0.033,87,149,291,-2.5,0,435.239,260.986,2.492,0.196,0,0,0,0,1964

Main.js:462 136.536,217.868,19.5,19.5,0.918,0.221,0.047,0.017,47,0,0,1,0,1,0,0,235.636,240.841,2.445,0.52,0,0,0,0,0,0,0,0,372.324,258.737,136.5,325.5,-0.828,0.262,-0.036,0.034,86,146.5,291,-2.5,0,437.731,261.182,2.492,0.196,0,0,0,0,1981

Main.js:462 137.453,218.094,19.5,19.5,0.917,0.226,0.047,0.017,46,0,0,1,0,1,0,0,238.081,241.36,2.445,0.52,0,0,0,0,0,0,0,0,371.503,259.019,135,322.5,-0.82,0.282,-0.035,0.035,85,144,291,-2.5,0,440.223,261.378,2.492,0.196,0,0,0,0,1998

Main.js:462 138.369,218.324,19.5,19.5,0.916,0.23,0.047,0.017,45,0,0,1,0,1,0,0,240.527,241.88,2.445,0.52,0,0,0,0,0,0,0,0,370.692,259.322,133.5,319.5,-0.812,0.302,-0.034,0.036,84,141.5,291,-2.5,0,442.715,261.574,2.492,0.196,0,0,0,0,2015

Main.js:462 139.284,218.559,19.5,19.5,0.915,0.235,0.047,0.017,44,0,0,1,0,1,0,0,242.972,242.4,2.445,0.52,0,0,0,0,0,0,0,0,369.887,259.642,135,319.5,-0.805,0.321,-0.035,0.035,83,139,291,-2.5,0,445.208,261.771,2.492,0.196,0,0,0,0,2032

Main.js:462 140.198,218.798,19.5,19.5,0.914,0.239,0.047,0.017,43,0,0,1,0,0,0,0,245.417,242.92,2.445,0.52,0,0,0,0,0,0,0,0,369.088,259.98,136.5,319.5,-0.799,0.338,-0.036,0.034,82,136.5,291,-2.5,0,447.7,261.967,2.492,0.196,0,0,0,0,2048

Main.js:462 141.111,219.041,19.5,19.5,0.913,0.243,0.047,0.017,42,0,0,1,0,0,0,0,247.863,243.44,2.445,0.52,0,0,0,0,0,0,0,0,368.294,260.332,138,319.5,-0.794,0.352,-0.037,0.033,81,134,291,-2.5,0,450.192,262.163,2.492,0.196,0,0,0,0,2064

Main.js:462 142.023,219.287,19.5,19.5,0.912,0.246,0.047,0.017,41,0,0,1,0,0,0,0,250.308,243.959,2.445,0.52,0,0,0,0,0,0,0,0,367.503,260.698,139.5,319.5,-0.791,0.366,-0.038,0.032,80,131.5,291,-2.5,0,452.685,262.359,2.492,0.196,0,0,0,0,2082

Main.js:462 142.935,219.537,19.5,19.5,0.911,0.25,0.047,0.017,40,0,0,1,0,0,0,0,252.753,244.479,2.445,0.52,0,0,0,0,0,0,0,0,366.715,261.075,141,319.5,-0.788,0.377,-0.039,0.031,79,129,291,-2.5,0,455.177,262.555,2.492,0.196,0,0,0,0,2099

Main.js:462 143.846,219.79,19.5,19.5,0.911,0.253,0.047,0.017,39,0,0,1,0,0,0,0,255.199,244.999,2.445,0.52,0,0,0,0,0,0,0,0,365.928,261.462,142.5,319.5,-0.786,0.387,-0.04,0.03,78,126.5,291,-2.5,0,457.669,262.751,2.492,0.196,0,0,0,0,2115

Main.js:462 144.755,220.047,19.5,19.5,0.91,0.257,0.047,0.017,38,0,0,1,0,1,0,0,257.644,245.519,2.445,0.52,0,0,0,0,0,0,0,0,365.143,261.858,144,319.5,-0.786,0.396,-0.04,0.029,77,124,291,-2.5,0,460.162,262.948,2.492,0.196,0,0,0,0,2131

Main.js:462 145.665,220.307,19.5,19.5,0.909,0.26,0.047,0.017,37,0,0,1,0,1,0,0,260.089,246.038,2.445,0.52,0,0,0,0,0,0,0,0,364.357,262.261,145.5,319.5,-0.785,0.403,-0.041,0.028,76,121.5,291,-2.5,0,462.654,263.144,2.492,0.196,0,0,0,0,2148

Main.js:462 146.573,220.569,19.5,19.5,0.908,0.262,0.047,0.017,36,0,0,1,0,1,0,0,262.535,246.558,2.445,0.52,0,0,0,0,0,0,0,0,363.571,262.67,147,319.5,-0.786,0.409,-0.042,0.027,75,119,291,-2.5,0,465.146,263.34,2.492,0.196,0,0,0,0,2165

Main.js:462 147.481,220.834,19.5,19.5,0.908,0.265,0.047,0.017,35,0,0,1,0,1,0,0,264.98,247.078,2.445,0.52,0,0,0,0,0,0,0,0,362.784,263.083,148.5,319.5,-0.787,0.413,-0.043,0.026,74,116.5,291,-2.5,0,467.638,263.536,2.492,0.196,0,0,0,0,2182

Main.js:462 148.388,221.102,19.5,19.5,0.907,0.268,0.047,0.017,34,0,0,1,0,1,0,0,267.426,247.598,2.445,0.52,0,0,0,0,0,0,0,0,361.995,263.499,150,319.5,-0.789,0.416,-0.043,0.025,73,114,291,-2.5,0,470.131,263.732,2.492,0.196,0,0,0,0,2199

Main.js:462 149.295,221.372,19.5,19.5,0.907,0.27,0.047,0.017,33,0,0,1,0,0,0,0,269.871,248.118,2.445,0.52,0,0,0,0,0,0,0,0,361.204,263.917,151.5,319.5,-0.791,0.418,-0.044,0.024,72,111.5,291,-2.5,0,472.623,263.928,2.492,0.196,0,0,0,0,2216

Main.js:462 150.201,221.645,19.5,19.5,0.906,0.273,0.047,0.017,32,0,0,1,0,0,0,0,272.316,248.637,2.445,0.52,0,0,0,0,0,0,0,0,360.41,264.336,153,319.5,-0.794,0.419,-0.045,0.023,71,109,291,-2.5,0,475.115,264.124,2.492,0.196,0,0,0,0,2232

Main.js:462 151.106,221.92,19.5,19.5,0.906,0.275,0.047,0.017,31,0,0,1,0,0,0,0,274.762,249.157,2.445,0.52,0,0,0,0,0,0,0,0,359.613,264.754,154.5,319.5,-0.797,0.418,-0.045,0.022,70,106.5,291,-2.5,0,477.608,264.321,2.492,0.196,0,0,0,0,2250

Main.js:462 152.011,222.196,19.5,19.5,0.905,0.277,0.047,0.017,30,0,0,1,0,0,0,0,277.207,249.677,2.445,0.52,0,0,0,0,0,0,0,0,358.812,265.171,156,319.5,-0.801,0.417,-0.046,0.02,69,104,291,-2.5,0,480.1,264.517,2.492,0.196,0,0,0,0,2269

Main.js:462 152.916,222.475,19.5,19.5,0.905,0.279,0.047,0.017,29,0,0,1,0,0,0,0,279.652,250.197,2.445,0.52,0,0,0,0,0,0,0,0,358.008,265.585,157.5,319.5,-0.805,0.414,-0.046,0.019,68,101.5,291,-2.5,0,482.592,264.713,2.492,0.196,0,0,0,0,2282

Main.js:462 153.82,222.756,19.5,19.5,0.904,0.281,0.047,0.017,28,0,0,1,0,0,0,0,282.098,250.716,2.445,0.52,0,0,0,0,0,0,0,0,357.199,265.995,159,319.5,-0.809,0.41,-0.047,0.018,67,99,291,-2.5,0,485.084,264.909,2.492,0.196,0,0,0,0,2299

Main.js:462 154.724,223.039,19.5,19.5,0.904,0.283,0.047,0.017,27,0,0,1,0,1,0,0,284.543,251.236,2.445,0.52,0,0,0,0,0,0,0,0,356.386,266.401,160.5,319.5,-0.813,0.406,-0.047,0.017,66,96.5,291,-2.5,0,487.577,265.105,2.492,0.196,0,0,0,0,2314

Main.js:462 155.627,223.323,19.5,19.5,0.903,0.284,0.047,0.017,26,0,0,1,0,1,0,0,286.989,251.756,2.445,0.52,0,0,0,0,0,0,0,0,355.568,266.801,162,319.5,-0.818,0.4,-0.048,0.015,65,94,291,-2.5,0,490.069,265.301,2.492,0.196,0,0,0,0,2330

Main.js:462 156.53,223.609,19.5,19.5,0.903,0.286,0.047,0.017,25,0,0,1,0,1,0,0,289.434,252.276,2.445,0.52,0,0,0,0,0,0,0,0,354.746,267.194,163.5,319.5,-0.822,0.394,-0.048,0.014,64,91.5,291,-2.5,0,492.561,265.497,2.492,0.196,0,0,0,0,2349

Main.js:462 157.432,223.897,19.5,19.5,0.903,0.288,0.047,0.017,24,0,0,1,0,1,0,0,291.879,252.796,2.445,0.52,0,0,0,0,0,0,0,0,353.919,267.58,165,319.5,-0.827,0.386,-0.048,0.013,63,89,291,-2.5,0,495.054,265.694,2.492,0.196,0,0,0,0,2365

Main.js:462 158.335,224.186,19.5,19.5,0.902,0.289,0.047,0.017,23,0,0,1,0,1,0,0,294.325,253.315,2.445,0.52,0,0,0,0,0,0,0,0,353.087,267.958,166.5,319.5,-0.832,0.378,-0.049,0.012,62,86.5,291,-2.5,0,497.546,265.89,2.492,0.196,0,0,0,0,2381

Main.js:462 159.236,224.476,19.5,19.5,0.902,0.29,0.047,0.017,22,0,0,1,0,0,0,0,296.77,253.835,2.445,0.52,0,0,0,0,0,0,0,0,352.251,268.327,168,319.5,-0.837,0.369,-0.049,0.01,61,84,291,-2.5,0,0,0,0,0,0,0,0,0,2397

Main.js:462 160.138,224.768,19.5,19.5,0.902,0.292,0.047,0.017,21,0,0,1,0,0,0,0,299.215,254.355,2.445,0.52,0,0,0,0,0,0,0,0,351.409,268.686,169.5,319.5,-0.842,0.359,-0.049,0.009,60,81.5,291,-2.5,0,0,0,0,0,0,0,0,0,2414

Main.js:462 161.039,225.061,19.5,19.5,0.901,0.293,0.047,0.017,20,0,0,1,0,0,0,0,301.661,254.875,2.445,0.52,0,0,0,0,0,0,0,0,350.563,269.035,171,319.5,-0.846,0.349,-0.049,0.008,59,79,291,-2.5,0,0,0,0,0,0,0,0,0,2430

Main.js:462 161.94,225.355,19.5,19.5,0.901,0.294,0.047,0.017,19,0,0,1,0,0,0,0,304.106,255.394,2.445,0.52,0,0,0,0,0,0,0,0,349.712,269.372,172.5,319.5,-0.851,0.337,-0.05,0.007,58,76.5,291,-2.5,0,0,0,0,0,0,0,0,0,2447

Main.js:462 162.841,225.651,19.5,19.5,0.901,0.295,0.047,0.017,18,0,0,1,0,0,0,0,306.551,255.914,2.445,0.52,0,0,0,0,0,0,0,0,348.856,269.698,174,319.5,-0.856,0.325,-0.05,0.005,57,74,291,-2.5,0,0,0,0,0,0,0,0,0,2464

Main.js:462 163.741,225.947,19.5,19.5,0.9,0.296,0.047,0.017,17,0,0,1,0,0,0,0,308.997,256.434,2.445,0.52,0,0,0,0,0,0,0,0,347.995,270.01,175.5,319.5,-0.86,0.313,-0.05,0.004,56,71.5,291,-2.5,0,0,0,0,0,0,0,0,0,2480

Main.js:462 164.641,226.245,19.5,19.5,0.9,0.298,0.047,0.017,16,0,0,1,0,0,0,0,311.442,256.954,2.445,0.52,0,0,0,0,0,0,0,0,347.13,270.31,177,319.5,-0.865,0.3,-0.05,0.003,55,69,291,-2.5,0,0,0,0,0,0,0,0,0,2499

Main.js:462 165.541,226.543,19.5,19.5,0.9,0.298,0.047,0.017,15,0,0,1,0,0,0,0,313.888,257.474,2.445,0.52,0,0,0,0,0,0,0,0,346.261,270.596,178.5,319.5,-0.869,0.286,-0.05,0.001,54,66.5,291,-2.5,0,0,0,0,0,0,0,0,0,2516

Main.js:462 166.441,226.843,19.5,19.5,0.9,0.299,0.047,0.017,14,0,0,1,0,0,0,0,316.333,257.993,2.445,0.52,0,0,0,0,0,0,0,0,345.388,270.869,178.5,318,-0.873,0.273,-0.05,0.001,53,64,291,-2.5,0,0,0,0,0,0,0,0,0,2531

Main.js:462 167.34,227.143,19.5,19.5,0.899,0.3,0.047,0.017,13,0,0,1,0,1,0,0,318.778,258.513,2.445,0.52,0,0,0,0,0,0,0,0,344.511,271.13,178.5,316.5,-0.877,0.261,-0.05,0.001,52,61.5,291,-2.5,0,0,0,0,0,0,0,0,0,2549

Main.js:462 168.24,227.444,19.5,19.5,0.899,0.301,0.047,0.017,12,0,0,1,0,1,0,0,321.224,259.033,2.445,0.52,0,0,0,0,0,0,0,0,343.631,271.378,178.5,315,-0.881,0.249,-0.05,0.001,51,59,291,-2.5,0,0,0,0,0,0,0,0,0,2565

Main.js:462 169.139,227.746,19.5,19.5,0.899,0.302,0.047,0.017,11,0,0,1,0,1,0,0,323.669,259.553,2.445,0.52,0,0,0,0,0,0,0,0,342.747,271.616,178.5,313.5,-0.884,0.238,-0.05,0.001,50,56.5,291,-2.5,0,0,0,0,0,0,0,0,0,2582

Main.js:462 170.038,228.049,19.5,19.5,0.899,0.303,0.047,0.017,10,0,0,1,0,0,0,0,326.114,260.072,2.445,0.52,0,0,0,0,0,0,0,0,341.859,271.843,178.5,312,-0.887,0.227,-0.05,0.001,49,54,291,-2.5,0,0,0,0,0,0,0,0,0,2598

Main.js:462 170.937,228.352,19.5,19.5,0.899,0.303,0.047,0.017,9,0,0,1,0,0,0,0,326.114,260.072,2.445,0.52,0,0,0,0,0,0,0,0,340.969,272.06,178.5,310.5,-0.89,0.217,-0.05,0.001,48,54,291,-2.5,0,0,0,0,0,0,0,0,0,2614

