Main.js:143 myTank.x,myTank.y,myTank.rotation,myTank.cannonRotation,myTank.velocityX,myTank.velocityY,myTank.accelerationX,myTank.accelerationY,myTank.shootCooldown,myTank.controls.turnLeft,myTank.controls.turnRight,myTank.controls.goForward,myTank.controls.goBack,myTank.controls.shoot,myTank.controls.cannonLeft,myTank.controls.cannonRight,myBullet1.x,myBullet1.y,myBullet1.velocityX,myBullet1.velocityY,myBullet2.x,myBullet2.y,myBullet2.velocityX,myBullet2.velocityY,myBullet3.x,myBullet3.y,myBullet3.velocityX,myBullet3.velocityY,enemyTank.x,enemyTank.y,enemyTank.rotation,enemyTank.cannonRotation,enemyTank.velocityX,enemyTank.velocityY,enemyTank.accelerationX,enemyTank.accelerationY,enemyTank.shootCooldown,enemyBullet1.x,enemyBullet1.y,enemyBullet1.velocityX,enemyBullet1.velocityY,enemyBullet2.x,enemyBullet2.y,enemyBullet2.velocityX,enemyBullet2.velocityY,enemyBullet3.x,enemyBullet3.y,enemyBullet3.velocityX,enemyBullet3.velocityY,currentGameTime
Main.js:462 50,396,0,0,0,0,0,0,0,0,0,0,0,0,0,0,0,0,0,0,0,0,0,0,0,0,0,0,450,104,180,180,0,0,0,0,0,0,0,0,0,0,0,0,0,0,0,0,0,11

Main.js:462 50,396,0,0,0,0,0,0,0,0,0,0,0,0,0,0,0,0,0,0,0,0,0,0,0,0,0,0,449.953,103.999,181.5,180,-0.047,-0.001,-0.05,-0.001,99,0,0,0,0,0,0,0,0,0,0,0,0,39

Main.js:462 50,396,0,0,0,0,0,0,0,0,0,0,0,0,0,0,0,0,0,0,0,0,0,0,0,0,0,0,449.86,103.995,183,180,-0.093,-0.004,-0.05,-0.003,98,426.5,104,-2.5,0,0,0,0,0,0,0,0,0,56

Main.js:462 50,396,0,0,0,0,0,0,0,0,0,0,0,0,0,0,0,0,0,0,0,0,0,0,0,0,0,0,449.725,103.988,184.5,180,-0.135,-0.007,-0.05,-0.004,97,424,104,-2.5,0,0,0,0,0,0,0,0,0,74

Main.js:462 50,396,0,0,0,0,0,0,0,0,0,0,0,0,0,0,0,0,0,0,0,0,0,0,0,0,0,0,449.549,103.976,186,180,-0.176,-0.012,-0.05,-0.005,96,421.5,104,-2.5,0,0,0,0,0,0,0,0,0,91

Main.js:462 50,396,0,0,0,0,0,0,0,0,0,0,0,0,0,0,0,0,0,0,0,0,0,0,0,0,0,0,449.335,103.959,187.5,180,-0.214,-0.017,-0.05,-0.007,95,419,104,-2.5,0,0,0,0,0,0,0,0,0,106

Main.js:462 50,396,0,0,0,0,0,0,0,0,0,0,0,0,0,0,0,0,0,0,0,0,0,0,0,0,0,0,449.085,103.935,189,180,-0.25,-0.024,-0.049,-0.008,94,416.5,104,-2.5,0,0,0,0,0,0,0,0,0,124

Main.js:462 50,396,0,0,0,0,0,0,0,0,0,0,0,0,0,0,0,0,0,0,0,0,0,0,0,0,0,0,448.8,103.903,190.5,180,-0.284,-0.031,-0.049,-0.009,93,414,104,-2.5,0,0,0,0,0,0,0,0,0,141

Main.js:462 50,396,0,0,0,0,0,0,0,0,0,0,0,0,0,0,0,0,0,0,0,0,0,0,0,0,0,0,448.483,103.863,192,180,-0.317,-0.04,-0.049,-0.01,92,411.5,104,-2.5,0,0,0,0,0,0,0,0,0,155

Main.js:462 50,396,0,0,0,0,0,0,0,0,0,0,0,0,0,0,0,0,0,0,0,0,0,0,0,0,0,0,448.136,103.815,193.5,180,-0.347,-0.049,-0.049,-0.012,91,409,104,-2.5,0,0,0,0,0,0,0,0,0,172

Main.js:462 50,396,0,0,0,0,0,0,0,0,0,0,0,0,0,0,0,0,0,0,0,0,0,0,0,0,0,0,447.761,103.756,195,180,-0.376,-0.059,-0.048,-0.013,90,406.5,104,-2.5,0,0,0,0,0,0,0,0,0,189

Main.js:462 50,396,0,0,0,0,0,0,0,0,0,0,0,0,0,0,0,0,0,0,0,0,0,0,0,0,0,0,447.359,103.687,196.5,180,-0.402,-0.069,-0.048,-0.014,89,404,104,-2.5,0,0,0,0,0,0,0,0,0,206

Main.js:462 50,396,0,0,0,0,0,0,0,0,0,0,0,0,0,0,0,0,0,0,0,0,0,0,0,0,0,0,446.931,103.606,198,180,-0.427,-0.08,-0.048,-0.015,88,401.5,104,-2.5,0,0,0,0,0,0,0,0,0,224

Main.js:462 50.048,396,0,0,0.048,0,0.05,0,0,0,0,1,0,0,0,0,0,0,0,0,0,0,0,0,0,0,0,0,446.48,103.514,199.5,180,-0.451,-0.092,-0.047,-0.017,87,399,104,-2.5,0,0,0,0,0,0,0,0,0,240

Main.js:462 50.14,396,0,0,0.093,0,0.05,0,0,0,0,1,0,0,0,0,0,0,0,0,0,0,0,0,0,0,0,0,446.008,103.409,201,180,-0.473,-0.105,-0.047,-0.018,86,396.5,104,-2.5,0,0,0,0,0,0,0,0,0,258

Main.js:462 50.276,396,0,0,0.135,0,0.05,0,0,0,0,1,0,0,0,0,0,0,0,0,0,0,0,0,0,0,0,0,445.515,103.292,202.5,180,-0.493,-0.118,-0.046,-0.019,85,394,104,-2.5,0,0,0,0,0,0,0,0,0,274

Main.js:462 50.452,396,0,0,0.176,0,0.05,0,0,0,0,1,0,0,0,0,0,0,0,0,0,0,0,0,0,0,0,0,445.003,103.16,204,180,-0.512,-0.131,-0.046,-0.02,84,391.5,104,-2.5,0,0,0,0,0,0,0,0,0,290

Main.js:462 50.667,396,0,0,0.215,0,0.05,0,0,0,0,1,0,0,0,0,0,0,0,0,0,0,0,0,0,0,0,0,444.474,103.015,205.5,180,-0.529,-0.145,-0.045,-0.022,83,389,104,-2.5,0,0,0,0,0,0,0,0,0,307

Main.js:462 50.918,396,0,0,0.252,0,0.05,0,0,0,0,1,0,0,0,0,0,0,0,0,0,0,0,0,0,0,0,0,443.93,102.856,207,180,-0.545,-0.159,-0.045,-0.023,82,386.5,104,-2.5,0,0,0,0,0,0,0,0,0,324

Main.js:462 51.205,396,0,0,0.287,0,0.05,0,0,0,0,1,0,0,0,0,0,0,0,0,0,0,0,0,0,0,0,0,443.37,102.682,208.5,180,-0.559,-0.174,-0.044,-0.024,81,384,104,-2.5,0,0,0,0,0,0,0,0,0,339

Main.js:462 51.525,396,0,0,0.32,0,0.05,0,0,0,0,1,0,0,0,0,0,0,0,0,0,0,0,0,0,0,0,0,442.798,102.493,210,180,-0.572,-0.189,-0.043,-0.025,80,381.5,104,-2.5,0,0,0,0,0,0,0,0,0,357

Main.js:462 51.876,396,0,0,0.351,0,0.05,0,0,0,0,1,0,0,0,0,0,0,0,0,0,0,0,0,0,0,0,0,442.213,102.289,211.5,180,-0.584,-0.204,-0.043,-0.026,79,379,104,-2.5,0,0,0,0,0,0,0,0,0,373

Main.js:462 52.257,396,0,0,0.381,0,0.05,0,0,0,0,1,0,0,0,0,0,0,0,0,0,0,0,0,0,0,0,0,441.618,102.069,213,180,-0.595,-0.22,-0.042,-0.027,78,376.5,104,-2.5,0,0,0,0,0,0,0,0,0,390

Main.js:462 52.667,396,0,0,0.41,0,0.05,0,0,0,0,1,0,0,0,0,0,0,0,0,0,0,0,0,0,0,0,0,441.014,101.833,214.5,180,-0.604,-0.236,-0.041,-0.028,77,374,104,-2.5,0,0,0,0,0,0,0,0,0,407

Main.js:462 53.103,396,0,0,0.437,0,0.05,0,0,0,0,1,0,0,0,0,0,0,0,0,0,0,0,0,0,0,0,0,440.402,101.581,216,180,-0.613,-0.252,-0.04,-0.029,76,371.5,104,-2.5,0,0,0,0,0,0,0,0,0,423

Main.js:462 53.566,396,0,0,0.462,0,0.05,0,0,0,0,1,0,0,0,0,0,0,0,0,0,0,0,0,0,0,0,0,439.782,101.312,217.5,180,-0.62,-0.268,-0.04,-0.03,75,369,104,-2.5,0,0,0,0,0,0,0,0,0,439

Main.js:462 54.053,396,0,0,0.487,0,0.05,0,0,0,0,1,0,0,0,0,0,0,0,0,0,0,0,0,0,0,0,0,439.156,101.027,219,180,-0.626,-0.285,-0.039,-0.031,74,366.5,104,-2.5,0,0,0,0,0,0,0,0,0,458

Main.js:462 54.562,396,0,0,0.51,0,0.05,0,0,0,0,1,0,0,0,0,0,0,0,0,0,0,0,0,0,0,0,0,438.526,100.726,220.5,180,-0.63,-0.301,-0.038,-0.032,73,364,104,-2.5,0,0,0,0,0,0,0,0,0,473

Main.js:462 55.094,396,0,0,0.532,0,0.05,0,0,0,0,1,0,0,0,0,0,0,0,0,0,0,0,0,0,0,0,0,437.892,100.408,222,180,-0.634,-0.318,-0.037,-0.033,72,361.5,104,-2.5,0,0,0,0,0,0,0,0,0,490

Main.js:462 55.647,396,0,0,0.553,0,0.05,0,0,0,0,1,0,0,0,0,0,0,0,0,0,0,0,0,0,0,0,0,437.255,100.073,223.5,180,-0.637,-0.335,-0.036,-0.034,71,359,104,-2.5,0,0,0,0,0,0,0,0,0,508

Main.js:462 56.22,396,0,0,0.573,0,0.05,0,0,0,0,1,0,0,0,0,0,0,0,0,0,0,0,0,0,0,0,0,436.615,99.722,223.5,178.5,-0.64,-0.351,-0.036,-0.034,70,356.5,104,-2.5,0,0,0,0,0,0,0,0,0,525

Main.js:462 56.811,396,0,0,0.592,0,0.05,0,0,0,0,1,0,0,0,0,0,0,0,0,0,0,0,0,0,0,0,0,435.973,99.356,223.5,177,-0.642,-0.366,-0.036,-0.034,69,354,104,-2.5,0,0,0,0,0,0,0,0,0,541

Main.js:462 57.421,396,0,0,0.609,0,0.05,0,0,0,0,1,0,0,0,0,0,0,0,0,0,0,0,0,0,0,0,0,435.329,98.975,223.5,175.5,-0.644,-0.38,-0.036,-0.034,68,351.5,104,-2.5,0,0,0,0,0,0,0,0,0,556

Main.js:462 58.047,396,0,0,0.626,0,0.05,0,0,0,0,1,0,0,0,0,0,0,0,0,0,0,0,0,0,0,0,0,434.682,98.581,223.5,174,-0.647,-0.394,-0.036,-0.034,67,349,104,-2.5,0,0,0,0,0,0,0,0,0,573

Main.js:462 58.69,396,0,0,0.643,0,0.05,0,0,0,0,1,0,0,0,0,0,0,0,0,0,0,0,0,0,0,0,0,434.034,98.174,223.5,172.5,-0.649,-0.407,-0.036,-0.034,66,346.5,104,-2.5,0,0,0,0,0,0,0,0,0,589

Main.js:462 59.348,396,0,0,0.658,0,0.05,0,0,0,0,1,0,0,0,0,0,0,0,0,0,0,0,0,0,0,0,0,433.383,97.754,223.5,171,-0.651,-0.419,-0.036,-0.034,65,344,104,-2.5,0,0,0,0,0,0,0,0,0,607

Main.js:462 60.02,396,0,0,0.673,0,0.05,0,0,0,0,1,0,0,0,0,0,0,0,0,0,0,0,0,0,0,0,0,432.73,97.323,223.5,169.5,-0.653,-0.431,-0.036,-0.034,64,341.5,104,-2.5,0,0,0,0,0,0,0,0,0,623

Main.js:462 60.707,396,0,0,0.686,0,0.05,0,0,0,0,1,0,0,0,0,0,0,0,0,0,0,0,0,0,0,0,0,432.076,96.881,223.5,168,-0.654,-0.442,-0.036,-0.034,63,339,104,-2.5,0,0,0,0,0,0,0,0,0,640

Main.js:462 61.407,396,0,0,0.7,0,0.05,0,0,0,0,1,0,0,0,0,0,0,0,0,0,0,0,0,0,0,0,0,431.42,96.428,223.5,166.5,-0.656,-0.453,-0.036,-0.034,62,336.5,104,-2.5,0,0,0,0,0,0,0,0,0,657

Main.js:462 62.119,396,0,0,0.712,0,0.05,0,0,0,0,1,0,0,0,0,0,0,0,0,0,0,0,0,0,0,0,0,430.762,95.965,223.5,165,-0.658,-0.463,-0.036,-0.034,61,334,104,-2.5,0,0,0,0,0,0,0,0,0,674

Main.js:462 62.843,396,0,0,0.724,0,0.05,0,0,0,0,1,0,0,0,0,0,0,0,0,0,0,0,0,0,0,0,0,430.102,95.493,223.5,163.5,-0.659,-0.473,-0.036,-0.034,60,331.5,104,-2.5,0,0,0,0,0,0,0,0,0,691

Main.js:462 63.578,396,0,0,0.735,0,0.05,0,0,0,0,1,0,0,0,0,0,0,0,0,0,0,0,0,0,0,0,0,429.441,95.011,223.5,162,-0.661,-0.482,-0.036,-0.034,59,329,104,-2.5,0,0,0,0,0,0,0,0,0,707

Main.js:462 64.324,395.999,358.5,358.5,0.746,-0.001,0.05,-0.001,0,1,0,1,0,0,0,0,0,0,0,0,0,0,0,0,0,0,0,0,428.779,94.521,223.5,160.5,-0.662,-0.49,-0.036,-0.034,58,326.5,104,-2.5,0,0,0,0,0,0,0,0,0,756

Main.js:462 65.08,395.995,357,357,0.756,-0.004,0.05,-0.003,0,1,0,1,0,0,0,0,0,0,0,0,0,0,0,0,0,0,0,0,428.115,94.022,223.5,159,-0.664,-0.498,-0.036,-0.034,57,324,104,-2.5,0,0,0,0,0,0,0,0,0,772

Main.js:462 65.846,395.988,355.5,355.5,0.766,-0.007,0.05,-0.004,0,1,0,1,0,0,0,0,0,0,0,0,0,0,0,0,0,0,0,0,427.45,93.516,223.5,157.5,-0.665,-0.506,-0.036,-0.034,56,321.5,104,-2.5,0,0,0,0,0,0,0,0,0,789

Main.js:462 66.621,395.976,354,354,0.775,-0.012,0.05,-0.005,0,1,0,1,0,0,0,0,0,0,0,0,0,0,0,0,0,0,0,0,426.784,93.003,223.5,156,-0.666,-0.514,-0.036,-0.034,55,319,104,-2.5,0,0,0,0,0,0,0,0,0,805

Main.js:462 67.404,395.959,352.5,352.5,0.783,-0.017,0.05,-0.007,0,1,0,1,0,0,0,0,0,0,0,0,0,0,0,0,0,0,0,0,426.117,92.482,223.5,154.5,-0.667,-0.521,-0.036,-0.034,54,316.5,104,-2.5,0,0,0,0,0,0,0,0,0,823

Main.js:462 68.195,395.935,351,351,0.791,-0.024,0.049,-0.008,0,1,0,1,0,0,0,0,0,0,0,0,0,0,0,0,0,0,0,0,425.449,91.955,223.5,153,-0.668,-0.527,-0.036,-0.034,53,314,104,-2.5,0,0,0,0,0,0,0,0,0,840

Main.js:462 68.993,395.903,349.5,349.5,0.798,-0.031,0.049,-0.009,0,1,0,1,0,0,0,0,0,0,0,0,0,0,0,0,0,0,0,0,424.779,91.421,223.5,151.5,-0.669,-0.534,-0.036,-0.034,52,311.5,104,-2.5,0,0,0,0,0,0,0,0,0,859

Main.js:462 69.797,395.863,348,348,0.805,-0.04,0.049,-0.01,0,1,0,1,0,0,0,0,0,0,0,0,0,0,0,0,0,0,0,0,424.109,90.882,223.5,150,-0.67,-0.54,-0.036,-0.034,51,309,104,-2.5,0,0,0,0,0,0,0,0,0,873

Main.js:462 70.608,395.815,346.5,346.5,0.811,-0.049,0.049,-0.012,0,1,0,1,0,0,0,0,0,0,0,0,0,0,0,0,0,0,0,0,423.437,90.336,223.5,148.5,-0.671,-0.545,-0.036,-0.034,50,306.5,104,-2.5,0,0,0,0,0,0,0,0,0,891

Main.js:462 71.424,395.756,345,345,0.816,-0.059,0.048,-0.013,0,1,0,1,0,0,0,0,0,0,0,0,0,0,0,0,0,0,0,0,422.765,89.786,223.5,147,-0.672,-0.551,-0.036,-0.034,49,304,104,-2.5,0,0,0,0,0,0,0,0,0,907

Main.js:462 72.244,395.687,343.5,343.5,0.821,-0.069,0.048,-0.014,0,1,0,1,0,0,0,0,0,0,0,0,0,0,0,0,0,0,0,0,422.092,89.23,223.5,145.5,-0.673,-0.556,-0.036,-0.034,48,301.5,104,-2.5,0,0,0,0,0,0,0,0,0,923

Main.js:462 73.069,395.606,342,342,0.825,-0.08,0.048,-0.015,0,1,0,1,0,0,0,0,0,0,0,0,0,0,0,0,0,0,0,0,421.418,88.669,223.5,144,-0.674,-0.561,-0.036,-0.034,47,299,104,-2.5,0,0,0,0,0,0,0,0,0,941

Main.js:462 73.897,395.514,340.5,340.5,0.828,-0.092,0.047,-0.017,0,1,0,1,0,0,0,0,0,0,0,0,0,0,0,0,0,0,0,0,420.744,88.103,223.5,142.5,-0.675,-0.565,-0.036,-0.034,46,296.5,104,-2.5,0,0,0,0,0,0,0,0,0,957

Main.js:462 74.729,395.409,339,339,0.831,-0.105,0.047,-0.018,0,1,0,1,0,0,0,0,0,0,0,0,0,0,0,0,0,0,0,0,420.068,87.534,223.5,141,-0.675,-0.57,-0.036,-0.034,45,294,104,-2.5,0,0,0,0,0,0,0,0,0,973

Main.js:462 75.562,395.292,337.5,337.5,0.834,-0.118,0.046,-0.019,0,1,0,1,0,0,0,0,0,0,0,0,0,0,0,0,0,0,0,0,419.392,86.96,223.5,139.5,-0.676,-0.574,-0.036,-0.034,44,291.5,104,-2.5,0,0,0,0,0,0,0,0,0,989

Main.js:462 76.397,395.16,336,336,0.835,-0.131,0.046,-0.02,0,1,0,1,0,0,0,0,0,0,0,0,0,0,0,0,0,0,0,0,418.716,86.381,223.5,138,-0.677,-0.578,-0.036,-0.034,43,289,104,-2.5,0,0,0,0,0,0,0,0,0,1007

Main.js:462 77.234,395.015,334.5,334.5,0.836,-0.145,0.045,-0.022,0,1,0,1,0,0,0,0,0,0,0,0,0,0,0,0,0,0,0,0,418.037,85.8,222,135,-0.678,-0.581,-0.037,-0.033,42,286.5,104,-2.5,0,0,0,0,0,0,0,0,0,1023

Main.js:462 78.071,394.856,333,333,0.837,-0.159,0.045,-0.023,0,1,0,1,0,0,0,0,0,0,0,0,0,0,0,0,0,0,0,0,417.357,85.218,220.5,132,-0.68,-0.583,-0.038,-0.032,41,284,104,-2.5,0,0,0,0,0,0,0,0,0,1039

Main.js:462 78.907,394.682,331.5,331.5,0.837,-0.174,0.044,-0.024,0,1,0,1,0,0,0,0,0,0,0,0,0,0,0,0,0,0,0,0,416.674,84.634,219,129,-0.683,-0.584,-0.039,-0.031,40,281.5,104,-2.5,0,0,0,0,0,0,0,0,0,1057

Main.js:462 79.744,394.493,330,330,0.836,-0.189,0.043,-0.025,0,1,0,1,0,0,0,0,0,0,0,0,0,0,0,0,0,0,0,0,415.987,84.051,217.5,126,-0.687,-0.583,-0.04,-0.03,39,279,104,-2.5,0,0,0,0,0,0,0,0,0,1073

Main.js:462 80.578,394.289,328.5,328.5,0.835,-0.204,0.043,-0.026,0,1,0,1,0,0,0,0,0,0,0,0,0,0,0,0,0,0,0,0,415.296,83.469,216,123,-0.691,-0.582,-0.04,-0.029,38,276.5,104,-2.5,0,0,0,0,0,0,0,0,0,1090

Main.js:462 81.411,394.069,327,327,0.833,-0.22,0.042,-0.027,0,1,0,1,0,0,0,0,0,0,0,0,0,0,0,0,0,0,0,0,414.601,82.889,214.5,120,-0.695,-0.58,-0.041,-0.028,37,274,104,-2.5,0,0,0,0,0,0,0,0,0,1106

Main.js:462 82.242,393.833,325.5,325.5,0.83,-0.236,0.041,-0.028,0,1,0,1,0,0,0,0,0,0,0,0,0,0,0,0,0,0,0,0,413.9,82.312,213,117,-0.701,-0.577,-0.042,-0.027,36,271.5,104,-2.5,0,0,0,0,0,0,0,0,0,1123

Main.js:462 83.07,393.582,325.5,325.5,0.828,-0.251,0.041,-0.028,0,0,0,1,0,0,0,0,0,0,0,0,0,0,0,0,0,0,0,0,413.194,81.74,211.5,114,-0.706,-0.573,-0.043,-0.026,35,269,104,-2.5,0,0,0,0,0,0,0,0,0,1139

Main.js:462 83.895,393.316,325.5,325.5,0.826,-0.265,0.041,-0.028,0,0,0,1,0,0,0,0,0,0,0,0,0,0,0,0,0,0,0,0,412.482,81.172,210,111,-0.712,-0.568,-0.043,-0.025,34,266.5,104,-2.5,0,0,0,0,0,0,0,0,0,1157

Main.js:462 84.719,393.037,325.5,325.5,0.824,-0.279,0.041,-0.028,0,0,0,1,0,0,0,0,0,0,0,0,0,0,0,0,0,0,0,0,411.764,80.61,208.5,108,-0.718,-0.562,-0.044,-0.024,33,264,104,-2.5,0,0,0,0,0,0,0,0,0,1174

Main.js:462 85.54,392.745,325.5,325.5,0.822,-0.292,0.041,-0.028,0,0,0,1,0,0,0,0,0,0,0,0,0,0,0,0,0,0,0,0,411.04,80.054,207,105,-0.724,-0.556,-0.045,-0.023,32,261.5,104,-2.5,0,0,0,0,0,0,0,0,0,1191

Main.js:462 86.36,392.441,325.5,325.5,0.82,-0.304,0.041,-0.028,0,0,0,1,0,0,0,0,0,0,0,0,0,0,0,0,0,0,0,0,410.309,79.506,205.5,102,-0.731,-0.548,-0.045,-0.022,31,259,104,-2.5,0,0,0,0,0,0,0,0,0,1208

Main.js:462 87.178,392.125,325.5,325.5,0.818,-0.316,0.041,-0.028,0,0,0,1,0,0,0,0,0,0,0,0,0,0,0,0,0,0,0,0,409.571,78.966,204,99,-0.738,-0.54,-0.046,-0.02,30,256.5,104,-2.5,0,0,0,0,0,0,0,0,0,1223

Main.js:462 87.994,391.798,325.5,325.5,0.816,-0.327,0.041,-0.028,0,0,0,1,0,0,0,0,0,0,0,0,0,0,0,0,0,0,0,0,408.826,78.435,202.5,96,-0.745,-0.531,-0.046,-0.019,29,254,104,-2.5,0,0,0,0,0,0,0,0,0,1240

Main.js:462 88.808,391.459,324,324,0.814,-0.339,0.04,-0.029,0,1,0,1,0,0,0,0,0,0,0,0,0,0,0,0,0,0,0,0,408.074,77.913,201,93,-0.752,-0.522,-0.047,-0.018,28,251.5,104,-2.5,0,0,0,0,0,0,0,0,0,1257

Main.js:462 89.618,391.108,322.5,322.5,0.811,-0.351,0.04,-0.03,0,1,0,1,0,0,0,0,0,0,0,0,0,0,0,0,0,0,0,0,407.315,77.401,199.5,90,-0.759,-0.512,-0.047,-0.017,27,249,104,-2.5,0,0,0,0,0,0,0,0,0,1274

Main.js:462 90.425,390.745,321,321,0.807,-0.363,0.039,-0.031,0,1,0,1,0,0,0,0,0,0,0,0,0,0,0,0,0,0,0,0,406.548,76.901,198,87,-0.766,-0.501,-0.048,-0.015,26,246.5,104,-2.5,0,0,0,0,0,0,0,0,0,1289

Main.js:462 91.228,390.37,319.5,319.5,0.803,-0.376,0.038,-0.032,0,1,0,1,0,0,0,0,0,0,0,0,0,0,0,0,0,0,0,0,405.775,76.412,196.5,84,-0.774,-0.489,-0.048,-0.014,25,244,104,-2.5,0,0,0,0,0,0,0,0,0,1307

Main.js:462 92.026,389.981,318,318,0.798,-0.389,0.037,-0.033,0,1,0,1,0,0,0,0,0,0,0,0,0,0,0,0,0,0,0,0,404.994,75.935,195,81,-0.781,-0.477,-0.048,-0.013,24,241.5,104,-2.5,0,0,0,0,0,0,0,0,0,1324

Main.js:462 92.819,389.579,316.5,316.5,0.793,-0.402,0.036,-0.034,0,1,0,1,0,0,0,0,0,0,0,0,0,0,0,0,0,0,0,0,404.206,75.471,193.5,78,-0.788,-0.464,-0.049,-0.012,23,239,104,-2.5,0,0,0,0,0,0,0,0,0,1340

Main.js:462 93.605,389.164,315,315,0.787,-0.415,0.035,-0.035,0,1,0,1,0,0,0,0,0,0,0,0,0,0,0,0,0,0,0,0,403.411,75.02,192,75,-0.795,-0.451,-0.049,-0.01,22,236.5,104,-2.5,0,0,0,0,0,0,0,0,0,1357

Main.js:462 94.385,388.734,313.5,313.5,0.78,-0.429,0.034,-0.036,0,1,0,1,0,0,0,0,0,0,0,0,0,0,0,0,0,0,0,0,402.609,74.583,190.5,72,-0.802,-0.437,-0.049,-0.009,21,234,104,-2.5,0,0,0,0,0,0,0,0,0,1373

Main.js:462 95.158,388.291,312,312,0.773,-0.443,0.033,-0.037,0,1,0,1,0,0,0,0,0,0,0,0,0,0,0,0,0,0,0,0,401.8,74.16,189,69,-0.809,-0.423,-0.049,-0.008,20,231.5,104,-2.5,0,0,0,0,0,0,0,0,0,1389

Main.js:462 95.924,387.835,312,312,0.766,-0.456,0.033,-0.037,0,0,0,1,0,0,0,0,0,0,0,0,0,0,0,0,0,0,0,0,400.985,73.753,187.5,66,-0.815,-0.408,-0.05,-0.007,19,229,104,-2.5,0,0,0,0,0,0,0,0,0,1408

Main.js:462 96.683,387.367,312,312,0.759,-0.469,0.033,-0.037,0,0,0,1,0,0,0,0,0,0,0,0,0,0,0,0,0,0,0,0,400.163,73.361,186,63,-0.822,-0.392,-0.05,-0.005,18,226.5,104,-2.5,0,0,0,0,0,0,0,0,0,1424

Main.js:462 97.436,386.886,312,312,0.753,-0.48,0.033,-0.037,0,0,0,1,0,0,0,0,0,0,0,0,0,0,0,0,0,0,0,0,399.335,72.984,184.5,60,-0.828,-0.376,-0.05,-0.004,17,224,104,-2.5,0,0,0,0,0,0,0,0,0,1441

Main.js:462 98.183,386.394,312,312,0.747,-0.492,0.033,-0.037,99,0,0,1,0,1,0,0,0,0,0,0,0,0,0,0,0,0,0,0,398.5,72.624,183,57,-0.834,-0.36,-0.05,-0.003,16,221.5,104,-2.5,0,0,0,0,0,0,0,0,0,1456

Main.js:462 98.925,385.892,312,312,0.742,-0.502,0.033,-0.037,98,0,0,1,0,1,0,0,113.161,369.422,1.673,-1.858,0,0,0,0,0,0,0,0,397.66,72.281,181.5,54,-0.84,-0.343,-0.05,-0.001,15,219,104,-2.5,0,0,0,0,0,0,0,0,0,1474

Main.js:462 99.661,385.379,312,312,0.736,-0.513,0.033,-0.037,97,0,0,1,0,1,0,0,114.833,367.564,1.673,-1.858,0,0,0,0,0,0,0,0,396.815,71.955,180,51,-0.845,-0.326,-0.05,0,14,216.5,104,-2.5,0,0,0,0,0,0,0,0,0,1489

Main.js:462 100.393,384.857,312,312,0.731,-0.522,0.033,-0.037,96,0,0,1,0,1,0,0,116.506,365.707,1.673,-1.858,0,0,0,0,0,0,0,0,395.964,71.647,178.5,48,-0.851,-0.309,-0.05,0.001,13,214,104,-2.5,0,0,0,0,0,0,0,0,0,1506

Main.js:462 101.119,384.325,312,312,0.727,-0.532,0.033,-0.037,95,0,0,1,0,1,0,0,118.179,363.849,1.673,-1.858,0,0,0,0,0,0,0,0,395.109,71.356,177,45,-0.856,-0.291,-0.05,0.003,12,211.5,104,-2.5,0,0,0,0,0,0,0,0,0,1522

Main.js:462 101.841,383.785,312,312,0.722,-0.54,0.033,-0.037,94,0,0,1,0,1,0,0,119.852,361.991,1.673,-1.858,0,0,0,0,0,0,0,0,394.248,71.084,175.5,42,-0.86,-0.272,-0.05,0.004,11,209,104,-2.5,0,0,0,0,0,0,0,0,0,1540

Main.js:462 102.559,383.237,312,312,0.718,-0.549,0.033,-0.037,93,0,0,1,0,1,0,0,121.525,360.133,1.673,-1.858,0,0,0,0,0,0,0,0,393.384,70.83,174,39,-0.864,-0.254,-0.05,0.005,10,206.5,104,-2.5,0,0,0,0,0,0,0,0,0,1558

Main.js:462 103.273,382.68,312,312,0.714,-0.556,0.033,-0.037,92,0,0,1,0,1,0,0,123.198,358.275,1.673,-1.858,0,0,0,0,0,0,0,0,392.516,70.595,172.5,36,-0.868,-0.235,-0.05,0.007,9,204,104,-2.5,0,0,0,0,0,0,0,0,0,1574

Main.js:462 103.982,382.116,312,312,0.71,-0.564,0.033,-0.037,91,0,0,1,0,0,0,0,124.87,356.417,1.673,-1.858,0,0,0,0,0,0,0,0,391.644,70.379,171,33,-0.872,-0.216,-0.049,0.008,8,201.5,104,-2.5,0,0,0,0,0,0,0,0,0,1591

Main.js:462 104.688,381.545,312,312,0.706,-0.571,0.033,-0.037,90,0,0,1,0,0,0,0,126.543,354.559,1.673,-1.858,0,0,0,0,0,0,0,0,390.769,70.183,169.5,30,-0.875,-0.196,-0.049,0.009,7,199,104,-2.5,0,0,0,0,0,0,0,0,0,1607

Main.js:462 105.391,380.968,312,312,0.702,-0.578,0.033,-0.037,89,0,0,1,0,0,0,0,128.216,352.701,1.673,-1.858,0,0,0,0,0,0,0,0,389.892,70.007,168,27,-0.878,-0.177,-0.049,0.01,6,196.5,104,-2.5,0,0,0,0,0,0,0,0,0,1623

Main.js:462 106.09,380.384,312,312,0.699,-0.584,0.033,-0.037,88,0,0,1,0,0,0,0,129.889,350.844,1.673,-1.858,0,0,0,0,0,0,0,0,389.012,69.85,166.5,24,-0.88,-0.157,-0.049,0.012,5,194,104,-2.5,0,0,0,0,0,0,0,0,0,1640

Main.js:462 106.786,379.793,312,312,0.696,-0.59,0.033,-0.037,87,0,0,1,0,0,0,0,131.562,348.986,1.673,-1.858,0,0,0,0,0,0,0,0,388.13,69.713,165,21,-0.882,-0.137,-0.048,0.013,4,191.5,104,-2.5,0,0,0,0,0,0,0,0,0,1659

Main.js:462 107.479,379.197,312,312,0.693,-0.596,0.033,-0.037,86,0,0,1,0,1,0,0,133.235,347.128,1.673,-1.858,0,0,0,0,0,0,0,0,387.247,69.597,163.5,18,-0.883,-0.116,-0.048,0.014,3,189,104,-2.5,0,0,0,0,0,0,0,0,0,1674

Main.js:462 108.169,378.596,312,312,0.69,-0.602,0.033,-0.037,85,0,0,1,0,1,0,0,134.907,345.27,1.673,-1.858,0,0,0,0,0,0,0,0,386.362,69.501,162,15,-0.884,-0.096,-0.048,0.015,2,186.5,104,-2.5,0,0,0,0,0,0,0,0,0,1689

Main.js:462 108.856,377.989,312,312,0.687,-0.607,0.033,-0.037,84,0,0,1,0,1,0,0,136.58,343.412,1.673,-1.858,0,0,0,0,0,0,0,0,385.477,69.426,160.5,12,-0.885,-0.075,-0.047,0.017,1,184,104,-2.5,0,0,0,0,0,0,0,0,0,1705

Main.js:462 109.541,377.377,312,312,0.685,-0.612,0.033,-0.037,83,0,0,1,0,1,0,0,138.253,341.554,1.673,-1.858,0,0,0,0,0,0,0,0,384.593,69.372,159,9,-0.885,-0.054,-0.047,0.018,0,181.5,104,-2.5,0,0,0,0,0,0,0,0,0,1724

Main.js:462 110.223,376.761,312,312,0.682,-0.616,0.033,-0.037,82,0,0,1,0,1,0,0,139.926,339.696,1.673,-1.858,0,0,0,0,0,0,0,0,383.708,69.339,157.5,6,-0.885,-0.033,-0.046,0.019,99,179,104,-2.5,0,0,0,0,0,0,0,0,0,1740

Main.js:462 110.903,376.14,312,312,0.68,-0.621,0.033,-0.037,81,0,0,1,0,1,0,0,141.599,337.839,1.673,-1.858,0,0,0,0,0,0,0,0,382.824,69.326,156,3,-0.884,-0.012,-0.046,0.02,98,176.5,104,-2.5,0,407.964,71.828,2.486,0.261,0,0,0,0,1757

Main.js:462 111.581,375.515,312,312,0.678,-0.625,0.033,-0.037,80,0,0,1,0,0,0,0,143.272,335.981,1.673,-1.858,0,0,0,0,0,0,0,0,381.942,69.335,154.5,0,-0.882,0.009,-0.045,0.022,97,174,104,-2.5,0,410.45,72.09,2.486,0.261,0,0,0,0,1775

Main.js:462 112.257,374.886,312,312,0.676,-0.629,0.033,-0.037,79,0,0,1,0,0,0,0,144.944,334.123,1.673,-1.858,0,0,0,0,0,0,0,0,381.061,69.365,153,357,-0.881,0.03,-0.045,0.023,96,171.5,104,-2.5,0,412.936,72.351,2.486,0.261,0,0,0,0,1789

Main.js:462 112.931,374.253,312,312,0.674,-0.633,0.033,-0.037,78,0,0,1,0,0,0,0,146.617,332.265,1.673,-1.858,0,0,0,0,0,0,0,0,380.183,69.416,151.5,354,-0.878,0.051,-0.044,0.024,95,169,104,-2.5,0,415.423,72.612,2.486,0.261,0,0,0,0,1807

Main.js:462 113.602,373.616,312,312,0.672,-0.637,0.033,-0.037,77,0,0,1,0,0,0,0,148.29,330.407,1.673,-1.858,0,0,0,0,0,0,0,0,379.307,69.488,150,351,-0.876,0.072,-0.043,0.025,94,166.5,104,-2.5,0,417.909,72.874,2.486,0.261,0,0,0,0,1823

Main.js:462 114.272,372.976,312,312,0.67,-0.64,0.033,-0.037,76,0,0,1,0,0,0,0,149.963,328.549,1.673,-1.858,0,0,0,0,0,0,0,0,378.435,69.581,148.5,348,-0.872,0.093,-0.043,0.026,93,164,104,-2.5,0,420.395,73.135,2.486,0.261,0,0,0,0,1841

Main.js:462 114.941,372.332,312,312,0.668,-0.643,0.033,-0.037,75,0,0,1,0,0,0,0,151.636,326.691,1.673,-1.858,0,0,0,0,0,0,0,0,377.567,69.696,147,345,-0.868,0.115,-0.042,0.027,92,161.5,104,-2.5,0,422.882,73.396,2.486,0.261,0,0,0,0,1857

Main.js:462 115.607,371.686,312,312,0.667,-0.647,0.033,-0.037,74,0,0,1,0,1,0,0,153.308,324.834,1.673,-1.858,0,0,0,0,0,0,0,0,376.702,69.831,145.5,342,-0.864,0.136,-0.041,0.028,91,159,104,-2.5,0,425.368,73.658,2.486,0.261,0,0,0,0,1873

Main.js:462 116.272,371.036,312,312,0.665,-0.65,0.033,-0.037,73,0,0,1,0,1,0,0,154.981,322.976,1.673,-1.858,0,0,0,0,0,0,0,0,375.843,69.988,144,339,-0.859,0.157,-0.04,0.029,90,156.5,104,-2.5,0,427.854,73.919,2.486,0.261,0,0,0,0,1890

Main.js:462 116.936,370.384,312,312,0.664,-0.652,0.033,-0.037,72,0,0,1,0,1,0,0,156.654,321.118,1.673,-1.858,0,0,0,0,0,0,0,0,374.989,70.166,142.5,336,-0.854,0.178,-0.04,0.03,89,154,104,-2.5,0,430.341,74.18,2.486,0.261,0,0,0,0,1908

Main.js:462 117.598,369.729,312,312,0.662,-0.655,0.033,-0.037,71,0,0,1,0,1,0,0,158.327,319.26,1.673,-1.858,0,0,0,0,0,0,0,0,374.14,70.365,141,333,-0.848,0.199,-0.039,0.031,88,151.5,104,-2.5,0,432.827,74.442,2.486,0.261,0,0,0,0,1924

Main.js:462 118.259,369.071,312,312,0.661,-0.658,0.033,-0.037,70,0,0,1,0,1,0,0,160,317.402,1.673,-1.858,0,0,0,0,0,0,0,0,373.298,70.585,139.5,330,-0.842,0.22,-0.038,0.032,87,149,104,-2.5,0,435.313,74.703,2.486,0.261,0,0,0,0,1940

Main.js:462 118.919,368.411,312,312,0.66,-0.66,0.033,-0.037,69,0,0,1,0,0,0,0,161.673,315.544,1.673,-1.858,0,0,0,0,0,0,0,0,372.463,70.826,138,327,-0.835,0.241,-0.037,0.033,86,146.5,104,-2.5,0,437.799,74.964,2.486,0.261,0,0,0,0,1957

Main.js:462 119.577,367.749,312,312,0.658,-0.662,0.033,-0.037,68,0,0,1,0,0,0,0,163.345,313.686,1.673,-1.858,0,0,0,0,0,0,0,0,371.635,71.087,136.5,324,-0.828,0.261,-0.036,0.034,85,144,104,-2.5,0,440.286,75.226,2.486,0.261,0,0,0,0,1975

Main.js:462 120.234,367.084,312,312,0.657,-0.664,0.033,-0.037,67,0,0,1,0,0,0,0,165.018,311.829,1.673,-1.858,0,0,0,0,0,0,0,0,370.815,71.369,135,321,-0.82,0.282,-0.035,0.035,84,141.5,104,-2.5,0,442.772,75.487,2.486,0.261,0,0,0,0,1990

Main.js:462 120.89,366.418,312,312,0.656,-0.667,0.033,-0.037,66,0,0,1,0,0,0,0,166.691,309.971,1.673,-1.858,0,0,0,0,0,0,0,0,370.003,71.671,133.5,318,-0.812,0.302,-0.034,0.036,83,139,104,-2.5,0,445.258,75.748,2.486,0.261,0,0,0,0,2007

Main.js:462 121.546,365.749,312,312,0.655,-0.669,0.033,-0.037,65,0,0,1,0,0,0,0,168.364,308.113,1.673,-1.858,0,0,0,0,0,0,0,0,369.198,71.992,135,318,-0.805,0.321,-0.035,0.035,82,136.5,104,-2.5,0,447.745,76.01,2.486,0.261,0,0,0,0,2024

Main.js:462 122.2,365.079,312,312,0.654,-0.67,0.033,-0.037,64,0,0,1,0,0,0,0,170.037,306.255,1.673,-1.858,0,0,0,0,0,0,0,0,368.399,72.329,136.5,318,-0.799,0.337,-0.036,0.034,81,134,104,-2.5,0,450.231,76.271,2.486,0.261,0,0,0,0,2040

Main.js:462 122.853,364.407,312,312,0.653,-0.672,0.033,-0.037,63,0,0,1,0,1,0,0,171.71,304.397,1.673,-1.858,0,0,0,0,0,0,0,0,367.605,72.681,138,318,-0.794,0.352,-0.037,0.033,80,131.5,104,-2.5,0,452.717,76.532,2.486,0.261,0,0,0,0,2058

Main.js:462 123.506,363.733,312,312,0.652,-0.674,0.033,-0.037,62,0,0,1,0,1,0,0,173.382,302.539,1.673,-1.858,0,0,0,0,0,0,0,0,366.814,73.047,139.5,318,-0.791,0.365,-0.038,0.032,79,129,104,-2.5,0,455.204,76.794,2.486,0.261,0,0,0,0,2074

Main.js:462 124.157,363.057,312,312,0.652,-0.675,0.033,-0.037,61,0,0,1,0,1,0,0,175.055,300.681,1.673,-1.858,0,0,0,0,0,0,0,0,366.026,73.424,141,318,-0.788,0.377,-0.039,0.031,78,126.5,104,-2.5,0,457.69,77.055,2.486,0.261,0,0,0,0,2105

Main.js:462 124.808,362.38,312,312,0.651,-0.677,0.033,-0.037,60,0,0,1,0,1,0,0,176.728,298.823,1.673,-1.858,0,0,0,0,0,0,0,0,365.24,73.811,142.5,318,-0.786,0.387,-0.04,0.03,77,124,104,-2.5,0,460.176,77.316,2.486,0.261,0,0,0,0,2123

Main.js:462 125.458,361.702,312,312,0.65,-0.678,0.033,-0.037,59,0,0,1,0,1,0,0,178.401,296.966,1.673,-1.858,0,0,0,0,0,0,0,0,364.454,74.207,144,318,-0.786,0.396,-0.04,0.029,76,121.5,104,-2.5,0,462.663,77.578,2.486,0.261,0,0,0,0,2140

Main.js:462 126.107,361.022,312,312,0.649,-0.68,0.033,-0.037,58,0,0,1,0,0,0,0,180.074,295.108,1.673,-1.858,0,0,0,0,0,0,0,0,363.669,74.61,145.5,318,-0.785,0.403,-0.041,0.028,75,119,104,-2.5,0,465.149,77.839,2.486,0.261,0,0,0,0,2155

Main.js:462 126.756,360.341,312,312,0.649,-0.681,0.033,-0.037,57,0,0,1,0,0,0,0,181.747,293.25,1.673,-1.858,0,0,0,0,0,0,0,0,362.883,75.018,147,318,-0.786,0.409,-0.042,0.027,74,116.5,104,-2.5,0,467.635,78.1,2.486,0.261,0,0,0,0,2172

Main.js:462 127.404,359.659,312,312,0.648,-0.682,0.033,-0.037,56,0,0,1,0,0,0,0,183.419,291.392,1.673,-1.858,0,0,0,0,0,0,0,0,362.095,75.431,148.5,318,-0.787,0.413,-0.043,0.026,73,114,104,-2.5,0,470.121,78.361,2.486,0.261,0,0,0,0,2189

Main.js:462 128.051,358.975,312,312,0.647,-0.684,0.033,-0.037,55,0,0,1,0,0,0,0,185.092,289.534,1.673,-1.858,0,0,0,0,0,0,0,0,361.306,75.847,150,318,-0.789,0.416,-0.043,0.025,72,111.5,104,-2.5,0,472.608,78.623,2.486,0.261,0,0,0,0,2207

Main.js:462 128.698,358.29,312,312,0.647,-0.685,0.033,-0.037,54,0,0,1,0,1,0,0,186.765,287.676,1.673,-1.858,0,0,0,0,0,0,0,0,360.515,76.265,151.5,318,-0.791,0.418,-0.044,0.024,71,109,104,-2.5,0,475.094,78.884,2.486,0.261,0,0,0,0,2225

Main.js:462 129.344,357.605,312,312,0.646,-0.686,0.033,-0.037,53,0,0,1,0,1,0,0,188.438,285.818,1.673,-1.858,0,0,0,0,0,0,0,0,359.721,76.684,153,318,-0.794,0.419,-0.045,0.023,70,106.5,104,-2.5,0,477.58,79.145,2.486,0.261,0,0,0,0,2241

Main.js:462 129.99,356.918,312,312,0.646,-0.687,0.033,-0.037,52,0,0,1,0,1,0,0,190.111,283.961,1.673,-1.858,0,0,0,0,0,0,0,0,358.924,77.102,154.5,318,-0.797,0.418,-0.045,0.022,69,104,104,-2.5,0,480.067,79.407,2.486,0.261,0,0,0,0,2259

Main.js:462 130.635,356.23,312,312,0.645,-0.688,0.033,-0.037,51,0,0,1,0,1,0,0,191.783,282.103,1.673,-1.858,0,0,0,0,0,0,0,0,358.123,77.518,156,318,-0.801,0.417,-0.046,0.02,68,101.5,104,-2.5,0,482.553,79.668,2.486,0.261,0,0,0,0,2273

Main.js:462 131.28,355.541,312,312,0.645,-0.689,0.033,-0.037,50,0,0,1,0,1,0,0,193.456,280.245,1.673,-1.858,0,0,0,0,0,0,0,0,357.319,77.932,157.5,318,-0.805,0.414,-0.046,0.019,67,99,104,-2.5,0,485.039,79.929,2.486,0.261,0,0,0,0,2290

Main.js:462 131.924,354.852,312,312,0.644,-0.69,0.033,-0.037,49,0,0,1,0,1,0,0,195.129,278.387,1.673,-1.858,0,0,0,0,0,0,0,0,356.51,78.343,159,318,-0.809,0.41,-0.047,0.018,66,96.5,104,-2.5,0,487.526,80.191,2.486,0.261,0,0,0,0,2306

Main.js:462 132.568,354.162,312,312,0.644,-0.69,0.033,-0.037,48,0,0,1,0,0,0,0,196.802,276.529,1.673,-1.858,0,0,0,0,0,0,0,0,355.697,78.748,160.5,318,-0.813,0.406,-0.047,0.017,65,94,104,-2.5,0,490.012,80.452,2.486,0.261,0,0,0,0,2323

Main.js:462 133.211,353.471,312,312,0.643,-0.691,0.033,-0.037,47,0,0,1,0,0,0,0,198.475,274.671,1.673,-1.858,0,0,0,0,0,0,0,0,354.879,79.148,162,318,-0.818,0.4,-0.048,0.015,64,91.5,104,-2.5,0,492.498,80.713,2.486,0.261,0,0,0,0,2340

Main.js:462 133.854,352.779,312,312,0.643,-0.692,0.033,-0.037,46,0,0,1,0,0,0,0,200.148,272.813,1.673,-1.858,0,0,0,0,0,0,0,0,354.057,79.541,163.5,318,-0.822,0.393,-0.048,0.014,63,89,104,-2.5,0,494.984,80.975,2.486,0.261,0,0,0,0,2356

Main.js:462 134.497,352.086,312,312,0.643,-0.693,0.033,-0.037,45,0,0,1,0,0,0,0,201.82,270.956,1.673,-1.858,0,0,0,0,0,0,0,0,353.23,79.928,165,318,-0.827,0.386,-0.048,0.013,62,86.5,104,-2.5,0,497.471,81.236,2.486,0.261,0,0,0,0,2373

Main.js:462 135.139,351.393,312,312,0.642,-0.693,0.033,-0.037,44,0,0,1,0,0,0,0,203.493,269.098,1.673,-1.858,0,0,0,0,0,0,0,0,352.398,80.305,166.5,318,-0.832,0.378,-0.049,0.012,61,84,104,-2.5,0,499.957,81.497,2.486,0.261,0,0,0,0,2389

Main.js:462 135.781,350.699,312,312,0.642,-0.694,0.033,-0.037,43,0,0,1,0,1,0,0,205.166,267.24,1.673,-1.858,0,0,0,0,0,0,0,0,351.562,80.674,168,318,-0.837,0.369,-0.049,0.01,60,81.5,104,-2.5,0,0,0,0,0,0,0,0,0,2407

Main.js:462 136.423,350.005,312,312,0.642,-0.694,0.033,-0.037,42,0,0,1,0,1,0,0,206.839,265.382,1.673,-1.858,0,0,0,0,0,0,0,0,350.72,81.033,169.5,318,-0.842,0.359,-0.049,0.009,59,79,104,-2.5,0,0,0,0,0,0,0,0,0,2423

Main.js:462 137.064,349.309,312,312,0.641,-0.695,0.033,-0.037,41,0,0,1,0,1,0,0,208.512,263.524,1.673,-1.858,0,0,0,0,0,0,0,0,349.874,81.382,171,318,-0.846,0.349,-0.049,0.008,58,76.5,104,-2.5,0,0,0,0,0,0,0,0,0,2439

Main.js:462 137.704,348.613,310.5,310.5,0.64,-0.696,0.032,-0.038,40,1,0,1,0,1,0,0,210.185,261.666,1.673,-1.858,0,0,0,0,0,0,0,0,349.023,81.719,172.5,318,-0.851,0.337,-0.05,0.007,57,74,104,-2.5,0,0,0,0,0,0,0,0,0,2456

Main.js:462 138.342,347.915,309,309,0.638,-0.699,0.031,-0.039,39,1,0,1,0,1,0,0,211.857,259.808,1.673,-1.858,0,0,0,0,0,0,0,0,348.167,82.045,174,318,-0.856,0.325,-0.05,0.005,56,71.5,104,-2.5,0,0,0,0,0,0,0,0,0,2474

Main.js:462 138.977,347.213,307.5,307.5,0.635,-0.701,0.03,-0.04,38,1,0,1,0,1,0,0,213.53,257.951,1.673,-1.858,0,0,0,0,0,0,0,0,347.306,82.357,175.5,318,-0.86,0.313,-0.05,0.004,55,69,104,-2.5,0,0,0,0,0,0,0,0,0,2490

Main.js:462 139.61,346.509,307.5,307.5,0.632,-0.704,0.03,-0.04,37,0,0,1,0,0,0,0,215.203,256.093,1.673,-1.858,0,0,0,0,0,0,0,0,346.441,82.657,177,318,-0.865,0.3,-0.05,0.003,54,66.5,104,-2.5,0,0,0,0,0,0,0,0,0,2507

Main.js:462 140.239,345.803,307.5,307.5,0.63,-0.706,0.03,-0.04,36,0,0,1,0,0,0,0,216.876,254.235,1.673,-1.858,0,0,0,0,0,0,0,0,345.572,82.944,177,316.5,-0.869,0.287,-0.05,0.003,53,64,104,-2.5,0,0,0,0,0,0,0,0,0,2525

Main.js:462 140.866,345.094,307.5,307.5,0.627,-0.709,0.03,-0.04,35,0,0,1,0,0,0,0,218.549,252.377,1.673,-1.858,0,0,0,0,0,0,0,0,344.699,83.22,177,315,-0.873,0.275,-0.05,0.003,52,61.5,104,-2.5,0,0,0,0,0,0,0,0,0,2540

Main.js:462 141.491,344.383,307.5,307.5,0.625,-0.711,0.03,-0.04,34,0,0,1,0,0,0,0,220.222,250.519,1.673,-1.858,0,0,0,0,0,0,0,0,343.823,83.484,177,313.5,-0.877,0.264,-0.05,0.003,51,59,104,-2.5,0,0,0,0,0,0,0,0,0,2558

Main.js:462 142.113,343.67,307.5,307.5,0.622,-0.713,0.03,-0.04,33,0,0,1,0,0,0,0,221.894,248.661,1.673,-1.858,0,0,0,0,0,0,0,0,342.942,83.737,177,312,-0.88,0.253,-0.05,0.003,50,56.5,104,-2.5,0,0,0,0,0,0,0,0,0,2574

Main.js:462 142.733,342.955,307.5,307.5,0.62,-0.715,0.03,-0.04,32,0,0,1,0,1,0,0,223.567,246.803,1.673,-1.858,0,0,0,0,0,0,0,0,342.058,83.98,177,310.5,-0.884,0.243,-0.05,0.003,49,54,104,-2.5,0,0,0,0,0,0,0,0,0,2589

Main.js:462 143.351,342.238,307.5,307.5,0.618,-0.717,0.03,-0.04,31,0,0,1,0,1,0,0,225.24,244.945,1.673,-1.858,0,0,0,0,0,0,0,0,341.171,84.214,177,309,-0.887,0.233,-0.05,0.003,48,51.5,104,-2.5,0,0,0,0,0,0,0,0,0,2607

Main.js:462 143.967,341.519,307.5,307.5,0.616,-0.719,0.03,-0.04,30,0,0,1,0,1,0,0,226.913,243.088,1.673,-1.858,0,0,0,0,0,0,0,0,340.281,84.438,177,307.5,-0.89,0.224,-0.05,0.003,47,49,104,-2.5,0,0,0,0,0,0,0,0,0,2624

Main.js:462 144.581,340.798,307.5,307.5,0.614,-0.721,0.03,-0.04,29,0,0,1,0,1,0,0,228.586,241.23,1.673,-1.858,0,0,0,0,0,0,0,0,339.388,84.653,177,306,-0.893,0.216,-0.05,0.003,46,46.5,104,-2.5,0,0,0,0,0,0,0,0,0,2641

Main.js:462 145.193,340.076,307.5,307.5,0.612,-0.722,0.03,-0.04,28,0,0,1,0,1,0,0,230.258,239.372,1.673,-1.858,0,0,0,0,0,0,0,0,338.492,84.861,177,304.5,-0.896,0.207,-0.05,0.003,45,44,104,-2.5,0,0,0,0,0,0,0,0,0,2658

Main.js:462 145.804,339.352,307.5,307.5,0.611,-0.724,0.03,-0.04,27,0,0,1,0,1,0,0,231.931,237.514,1.673,-1.858,0,0,0,0,0,0,0,0,337.594,85.06,177,303,-0.898,0.199,-0.05,0.003,44,41.5,104,-2.5,0,0,0,0,0,0,0,0,0,2674

Main.js:462 146.413,338.627,307.5,307.5,0.609,-0.725,0.03,-0.04,26,0,0,1,0,0,0,0,233.604,235.656,1.673,-1.858,0,0,0,0,0,0,0,0,336.693,85.252,177,301.5,-0.901,0.192,-0.05,0.003,43,39,104,-2.5,0,0,0,0,0,0,0,0,0,2690

Main.js:462 147.02,337.9,307.5,307.5,0.607,-0.727,0.03,-0.04,25,0,0,1,0,0,0,0,235.277,233.798,1.673,-1.858,0,0,0,0,0,0,0,0,335.79,85.437,177,300,-0.903,0.185,-0.05,0.003,42,36.5,104,-2.5,0,0,0,0,0,0,0,0,0,2707

Main.js:462 147.626,337.172,307.5,307.5,0.606,-0.728,0.03,-0.04,24,0,0,1,0,0,0,0,236.95,231.94,1.673,-1.858,0,0,0,0,0,0,0,0,334.884,85.615,177,298.5,-0.906,0.178,-0.05,0.003,41,34,104,-2.5,0,0,0,0,0,0,0,0,0,2740

Main.js:462 148.231,336.442,307.5,307.5,0.605,-0.729,0.03,-0.04,23,0,0,1,0,0,0,0,238.623,230.083,1.673,-1.858,0,0,0,0,0,0,0,0,333.976,85.787,177,297,-0.908,0.172,-0.05,0.003,40,31.5,104,-2.5,0,0,0,0,0,0,0,0,0,2756

Main.js:462 148.834,335.712,307.5,307.5,0.603,-0.731,0.03,-0.04,22,0,0,1,0,1,0,0,240.295,228.225,1.673,-1.858,0,0,0,0,0,0,0,0,333.066,85.952,177,295.5,-0.91,0.166,-0.05,0.003,39,29,104,-2.5,0,0,0,0,0,0,0,0,0,2773

Main.js:462 149.436,334.98,307.5,307.5,0.602,-0.732,0.03,-0.04,21,0,0,1,0,1,0,0,241.968,226.367,1.673,-1.858,0,0,0,0,0,0,0,0,332.154,86.112,177,294,-0.912,0.16,-0.05,0.003,38,26.5,104,-2.5,0,0,0,0,0,0,0,0,0,2789

Main.js:462 150.037,334.247,307.5,307.5,0.601,-0.733,0.03,-0.04,20,0,0,1,0,1,0,0,243.641,224.509,1.673,-1.858,0,0,0,0,0,0,0,0,331.241,86.266,177,292.5,-0.914,0.154,-0.05,0.003,37,24,104,-2.5,0,0,0,0,0,0,0,0,0,2805

Main.js:462 150.637,333.513,307.5,307.5,0.6,-0.734,0.03,-0.04,19,0,0,1,0,1,0,0,245.314,222.651,1.673,-1.858,0,0,0,0,0,0,0,0,330.325,86.415,177,291,-0.915,0.149,-0.05,0.003,36,21.5,104,-2.5,0,0,0,0,0,0,0,0,0,2824

Main.js:462 151.235,332.778,307.5,307.5,0.599,-0.735,0.03,-0.04,18,0,0,1,0,1,0,0,246.987,220.793,1.673,-1.858,0,0,0,0,0,0,0,0,329.408,86.559,177,289.5,-0.917,0.144,-0.05,0.003,35,19,104,-2.5,0,0,0,0,0,0,0,0,0,2840

Main.js:462 151.833,332.043,307.5,307.5,0.598,-0.736,0.03,-0.04,17,0,0,1,0,0,0,0,248.66,218.935,1.673,-1.858,0,0,0,0,0,0,0,0,328.49,86.698,177,288,-0.919,0.139,-0.05,0.003,34,16.5,104,-2.5,0,0,0,0,0,0,0,0,0,2857

Main.js:462 152.43,331.306,307.5,307.5,0.597,-0.737,0.03,-0.04,16,0,0,1,0,0,0,0,250.332,217.078,1.673,-1.858,0,0,0,0,0,0,0,0,327.57,86.833,177,286.5,-0.92,0.135,-0.05,0.003,33,14,104,-2.5,0,0,0,0,0,0,0,0,0,2873

Main.js:462 153.025,330.568,307.5,307.5,0.596,-0.738,0.03,-0.04,15,0,0,1,0,0,0,0,252.005,215.22,1.673,-1.858,0,0,0,0,0,0,0,0,326.648,86.964,177,285,-0.922,0.131,-0.05,0.003,32,11.5,104,-2.5,0,0,0,0,0,0,0,0,0,2890

Main.js:462 153.62,329.83,307.5,307.5,0.595,-0.738,0.03,-0.04,14,0,0,1,0,0,0,0,253.678,213.362,1.673,-1.858,0,0,0,0,0,0,0,0,325.725,87.09,177,283.5,-0.923,0.127,-0.05,0.003,31,9,104,-2.5,0,0,0,0,0,0,0,0,0,2908

Main.js:462 154.214,329.091,307.5,307.5,0.594,-0.739,0.03,-0.04,13,0,0,1,0,0,0,0,255.351,211.504,1.673,-1.858,0,0,0,0,0,0,0,0,324.801,87.213,177,282,-0.924,0.123,-0.05,0.003,30,6.5,104,-2.5,0,0,0,0,0,0,0,0,0,2923

Main.js:462 154.808,328.351,307.5,307.5,0.593,-0.74,0.03,-0.04,12,0,0,1,0,0,0,0,257.024,209.646,1.673,-1.858,0,0,0,0,0,0,0,0,323.875,87.332,177,280.5,-0.925,0.119,-0.05,0.003,29,4,104,-2.5,0,0,0,0,0,0,0,0,0,2939

Main.js:462 155.4,327.61,307.5,307.5,0.593,-0.741,0.03,-0.04,11,0,0,1,0,1,0,0,258.697,207.788,1.673,-1.858,0,0,0,0,0,0,0,0,322.949,87.448,177,279,-0.927,0.116,-0.05,0.003,28,1.5,104,-2.5,0,0,0,0,0,0,0,0,0,2956

Main.js:462 155.992,326.869,307.5,307.5,0.592,-0.741,0.03,-0.04,10,0,0,1,0,1,0,0,258.697,207.788,1.673,-1.858,0,0,0,0,0,0,0,0,322.021,87.56,177,277.5,-0.928,0.112,-0.05,0.003,27,0,0,0,0,0,0,0,0,0,0,0,0,2973

Main.js:462 156.583,326.127,307.5,307.5,0.591,-0.742,0.03,-0.04,9,0,0,1,0,1,0,0,260.369,205.93,1.673,-1.858,0,0,0,0,0,0,0,0,321.092,87.669,177,276,-0.929,0.109,-0.05,0.003,26,0,0,0,0,0,0,0,0,0,0,0,0,2992

Main.js:462 157.174,325.385,307.5,307.5,0.59,-0.742,0.03,-0.04,8,0,0,1,0,1,0,0,262.042,204.073,1.673,-1.858,0,0,0,0,0,0,0,0,320.163,87.776,177,274.5,-0.93,0.106,-0.05,0.003,25,0,0,0,0,0,0,0,0,0,0,0,0,3005

Main.js:462 157.764,324.642,307.5,307.5,0.59,-0.743,0.03,-0.04,7,0,0,1,0,1,0,0,263.715,202.215,1.673,-1.858,0,0,0,0,0,0,0,0,319.232,87.88,175.5,271.5,-0.931,0.105,-0.05,0.004,24,0,0,0,0,0,0,0,0,0,0,0,0,3023

Main.js:462 158.353,323.898,307.5,307.5,0.589,-0.744,0.03,-0.04,6,0,0,1,0,1,0,0,265.388,200.357,1.673,-1.858,0,0,0,0,0,0,0,0,318.301,87.984,174,268.5,-0.931,0.104,-0.05,0.005,23,0,0,0,0,0,0,0,0,0,0,0,0,3039

Main.js:462 158.942,323.154,307.5,307.5,0.589,-0.744,0.03,-0.04,5,0,0,1,0,0,0,0,267.061,198.499,1.673,-1.858,0,0,0,0,0,0,0,0,317.369,88.09,172.5,265.5,-0.932,0.105,-0.05,0.007,22,0,0,0,0,0,0,0,0,0,0,0,0,3057

Main.js:462 159.53,322.41,307.5,307.5,0.588,-0.745,0.03,-0.04,4,0,0,1,0,0,0,0,268.734,196.641,1.673,-1.858,0,0,0,0,0,0,0,0,316.437,88.197,171,262.5,-0.932,0.107,-0.049,0.008,21,0,0,0,0,0,0,0,0,0,0,0,0,3073

Main.js:462 160.118,321.665,307.5,307.5,0.588,-0.745,0.03,-0.04,3,0,0,1,0,0,0,0,270.406,194.783,1.673,-1.858,0,0,0,0,0,0,0,0,315.504,88.308,169.5,259.5,-0.932,0.111,-0.049,0.009,20,0,0,0,0,0,0,0,0,0,0,0,0,3089

Main.js:462 160.705,320.919,307.5,307.5,0.587,-0.745,0.03,-0.04,2,0,0,1,0,0,0,0,272.079,192.925,1.673,-1.858,0,0,0,0,0,0,0,0,314.572,88.423,168,256.5,-0.932,0.115,-0.049,0.01,19,0,0,0,0,0,0,0,0,0,0,0,0,3106

Main.js:462 161.292,320.174,307.5,307.5,0.587,-0.746,0.03,-0.04,1,0,0,1,0,0,0,0,273.752,191.067,1.673,-1.858,0,0,0,0,0,0,0,0,313.641,88.544,166.5,253.5,-0.932,0.12,-0.049,0.012,18,0,0,0,0,0,0,0,0,0,0,0,0,3123

Main.js:462 161.878,319.427,307.5,307.5,0.586,-0.746,0.03,-0.04,0,0,0,1,0,0,0,0,275.425,189.21,1.673,-1.858,0,0,0,0,0,0,0,0,312.71,88.67,165,250.5,-0.931,0.127,-0.048,0.013,17,0,0,0,0,0,0,0,0,0,0,0,0,3140

Main.js:462 162.464,318.681,307.5,307.5,0.586,-0.747,0.03,-0.04,99,0,0,1,0,1,0,0,277.098,187.352,1.673,-1.858,0,0,0,0,0,0,0,0,311.78,88.804,163.5,247.5,-0.93,0.134,-0.048,0.014,16,0,0,0,0,0,0,0,0,0,0,0,0,3156

Main.js:462 163.05,317.934,307.5,307.5,0.586,-0.747,0.03,-0.04,98,0,0,1,0,1,0,0,278.77,185.494,1.673,-1.858,176.184,300.783,1.522,-1.983,0,0,0,0,310.851,88.946,162,244.5,-0.929,0.142,-0.048,0.015,15,0,0,0,0,0,0,0,0,0,0,0,0,3173

Main.js:462 163.635,317.186,307.5,307.5,0.585,-0.747,0.03,-0.04,97,0,0,1,0,1,0,0,280.443,183.636,1.673,-1.858,177.706,298.8,1.522,-1.983,0,0,0,0,309.924,89.097,160.5,241.5,-0.927,0.151,-0.047,0.017,14,0,0,0,0,0,0,0,0,0,0,0,0,3189

Main.js:462 164.22,316.439,307.5,307.5,0.585,-0.748,0.03,-0.04,96,0,0,1,0,1,0,0,282.116,181.778,1.673,-1.858,179.228,296.817,1.522,-1.983,0,0,0,0,308.999,89.257,159,238.5,-0.925,0.16,-0.047,0.018,13,0,0,0,0,0,0,0,0,0,0,0,0,3206

Main.js:462 164.804,315.691,307.5,307.5,0.585,-0.748,0.03,-0.04,95,0,0,1,0,1,0,0,283.789,179.92,1.673,-1.858,180.75,294.833,1.522,-1.983,0,0,0,0,308.076,89.427,157.5,235.5,-0.923,0.17,-0.046,0.019,12,0,0,0,0,0,0,0,0,0,0,0,0,3224

Main.js:462 165.389,314.943,307.5,307.5,0.584,-0.748,0.03,-0.04,94,0,0,1,0,1,0,0,285.462,178.062,1.673,-1.858,182.272,292.85,1.522,-1.983,0,0,0,0,307.156,89.608,156,232.5,-0.92,0.181,-0.046,0.02,11,0,0,0,0,0,0,0,0,0,0,0,0,3240

Main.js:462 165.973,314.194,307.5,307.5,0.584,-0.748,0.03,-0.04,93,0,0,1,0,0,0,0,287.135,176.205,1.673,-1.858,183.794,290.867,1.522,-1.983,0,0,0,0,306.24,89.801,154.5,229.5,-0.917,0.192,-0.045,0.022,10,0,0,0,0,0,0,0,0,0,0,0,0,3256

Main.js:462 166.556,313.446,307.5,307.5,0.584,-0.749,0.03,-0.04,92,0,0,1,0,0,0,0,288.807,174.347,1.673,-1.858,185.315,288.883,1.522,-1.983,0,0,0,0,305.326,90.005,153,226.5,-0.913,0.204,-0.045,0.023,9,0,0,0,0,0,0,0,0,0,0,0,0,3274

Main.js:462 167.14,312.697,307.5,307.5,0.583,-0.749,0.03,-0.04,91,0,0,1,0,0,0,0,290.48,172.489,1.673,-1.858,186.837,286.9,1.522,-1.983,0,0,0,0,304.417,90.222,151.5,223.5,-0.909,0.217,-0.044,0.024,8,0,0,0,0,0,0,0,0,0,0,0,0,3290

Main.js:462 167.723,311.947,307.5,307.5,0.583,-0.749,0.03,-0.04,90,0,0,1,0,0,0,0,292.153,170.631,1.673,-1.858,188.359,284.916,1.522,-1.983,0,0,0,0,303.512,90.452,150,220.5,-0.905,0.23,-0.043,0.025,7,0,0,0,0,0,0,0,0,0,0,0,0,3306

Main.js:462 168.306,311.198,307.5,307.5,0.583,-0.749,0.03,-0.04,89,0,0,1,0,0,0,0,293.826,168.773,1.673,-1.858,189.881,282.933,1.522,-1.983,0,0,0,0,302.612,90.695,148.5,217.5,-0.9,0.243,-0.043,0.026,6,0,0,0,0,0,0,0,0,0,0,0,0,3323

Main.js:462 168.889,310.448,307.5,307.5,0.583,-0.75,0.03,-0.04,88,0,0,1,0,0,0,0,295.499,166.915,1.673,-1.858,191.403,280.95,1.522,-1.983,0,0,0,0,301.717,90.952,147,214.5,-0.895,0.257,-0.042,0.027,5,0,0,0,0,0,0,0,0,0,0,0,0,3340

Main.js:462 169.471,309.698,307.5,307.5,0.582,-0.75,0.03,-0.04,87,0,0,1,0,1,0,0,297.172,165.057,1.673,-1.858,192.925,278.966,1.522,-1.983,0,0,0,0,300.827,91.223,145.5,211.5,-0.889,0.271,-0.041,0.028,4,0,0,0,0,0,0,0,0,0,0,0,0,3357

Main.js:462 170.053,308.948,307.5,307.5,0.582,-0.75,0.03,-0.04,86,0,0,1,0,1,0,0,298.844,163.2,1.673,-1.858,194.447,276.983,1.522,-1.983,0,0,0,0,299.944,91.508,144,208.5,-0.883,0.285,-0.04,0.029,3,0,0,0,0,0,0,0,0,0,0,0,0,3373

Main.js:462 170.635,308.198,307.5,307.5,0.582,-0.75,0.03,-0.04,85,0,0,1,0,1,0,0,300.517,161.342,1.673,-1.858,195.969,275,1.522,-1.983,0,0,0,0,299.067,91.808,142.5,205.5,-0.877,0.3,-0.04,0.03,2,0,0,0,0,0,0,0,0,0,0,0,0,3391

Main.js:462 171.217,307.448,307.5,307.5,0.582,-0.75,0.03,-0.04,84,0,0,1,0,1,0,0,302.19,159.484,1.673,-1.858,197.491,273.016,1.522,-1.983,0,0,0,0,298.197,92.123,141,202.5,-0.87,0.315,-0.039,0.031,1,0,0,0,0,0,0,0,0,0,0,0,0,3406

Main.js:462 171.799,306.697,307.5,307.5,0.582,-0.751,0.03,-0.04,83,0,0,1,0,1,0,0,303.863,157.626,1.673,-1.858,199.013,271.033,1.522,-1.983,0,0,0,0,297.334,92.452,139.5,199.5,-0.863,0.33,-0.038,0.032,0,0,0,0,0,0,0,0,0,0,0,0,0,3423

Main.js:462 172.38,305.946,307.5,307.5,0.582,-0.751,0.03,-0.04,82,0,0,1,0,1,0,0,305.536,155.768,1.673,-1.858,200.534,269.049,1.522,-1.983,0,0,0,0,296.479,92.798,138,196.5,-0.855,0.345,-0.037,0.033,99,0,0,0,0,0,0,0,0,0,0,0,0,3439

Main.js:462 172.962,305.196,307.5,307.5,0.581,-0.751,0.03,-0.04,81,0,0,1,0,0,0,0,307.209,153.91,1.673,-1.858,202.056,267.066,1.522,-1.983,0,0,0,0,295.633,93.158,136.5,193.5,-0.847,0.361,-0.036,0.034,98,274.802,85.778,-2.397,-0.71,0,0,0,0,0,0,0,0,3457

Main.js:462 173.543,304.445,307.5,307.5,0.581,-0.751,0.03,-0.04,80,0,0,1,0,0,0,0,308.881,152.052,1.673,-1.858,203.578,265.083,1.522,-1.983,0,0,0,0,294.795,93.535,135,190.5,-0.838,0.376,-0.035,0.035,97,272.405,85.068,-2.397,-0.71,0,0,0,0,0,0,0,0,3474

Main.js:462 174.124,303.693,307.5,307.5,0.581,-0.751,0.03,-0.04,79,0,0,1,0,0,0,0,310.554,150.195,1.673,-1.858,205.1,263.099,1.522,-1.983,0,0,0,0,293.967,93.926,133.5,187.5,-0.829,0.392,-0.034,0.036,96,270.008,84.358,-2.397,-0.71,0,0,0,0,0,0,0,0,3490

Main.js:462 174.705,302.942,307.5,307.5,0.581,-0.751,0.03,-0.04,78,0,0,1,0,0,0,0,312.227,148.337,1.673,-1.858,206.622,261.116,1.522,-1.983,0,0,0,0,293.148,94.334,132,184.5,-0.819,0.408,-0.033,0.037,95,267.611,83.648,-2.397,-0.71,0,0,0,0,0,0,0,0,3506

Main.js:462 175.286,302.191,307.5,307.5,0.581,-0.751,0.03,-0.04,77,0,0,1,0,0,0,0,313.9,146.479,1.673,-1.858,208.144,259.132,1.522,-1.983,0,0,0,0,292.339,94.757,130.5,181.5,-0.809,0.423,-0.032,0.038,94,265.214,82.938,-2.397,-0.71,0,0,0,0,0,0,0,0,3523

Main.js:462 175.867,301.439,307.5,307.5,0.581,-0.752,0.03,-0.04,76,0,0,1,0,0,0,0,315.573,144.621,1.673,-1.858,209.666,257.149,1.522,-1.983,0,0,0,0,291.54,95.196,129,178.5,-0.798,0.439,-0.031,0.039,93,262.817,82.228,-2.397,-0.71,0,0,0,0,0,0,0,0,3541

Main.js:462 176.447,300.688,307.5,307.5,0.581,-0.752,0.03,-0.04,75,0,0,1,0,1,0,0,317.245,142.763,1.673,-1.858,211.188,255.166,1.522,-1.983,0,0,0,0,290.753,95.651,127.5,175.5,-0.787,0.455,-0.03,0.04,92,260.42,81.518,-2.397,-0.71,0,0,0,0,0,0,0,0,3558

Main.js:462 177.028,299.936,307.5,307.5,0.58,-0.752,0.03,-0.04,74,0,0,1,0,1,0,0,318.918,140.905,1.673,-1.858,212.71,253.182,1.522,-1.983,0,0,0,0,289.977,96.121,126,172.5,-0.776,0.47,-0.029,0.04,91,258.023,80.808,-2.397,-0.71,0,0,0,0,0,0,0,0,3573

Main.js:462 177.608,299.184,307.5,307.5,0.58,-0.752,0.03,-0.04,73,0,0,1,0,1,0,0,320.591,139.047,1.673,-1.858,214.232,251.199,1.522,-1.983,0,0,0,0,289.213,96.608,124.5,169.5,-0.764,0.486,-0.028,0.041,90,255.626,80.098,-2.397,-0.71,0,0,0,0,0,0,0,0,3590

Main.js:462 178.188,298.432,307.5,307.5,0.58,-0.752,0.03,-0.04,72,0,0,1,0,1,0,0,322.264,137.189,1.673,-1.858,215.753,249.216,1.522,-1.983,0,0,0,0,288.462,97.109,123,166.5,-0.752,0.502,-0.027,0.042,89,253.228,79.388,-2.397,-0.71,0,0,0,0,0,0,0,0,3607

Main.js:462 178.768,297.68,307.5,307.5,0.58,-0.752,0.03,-0.04,71,0,0,1,0,0,0,0,323.937,135.332,1.673,-1.858,217.275,247.232,1.522,-1.983,0,0,0,0,287.723,97.626,121.5,163.5,-0.739,0.517,-0.026,0.043,88,250.831,78.678,-2.397,-0.71,0,0,0,0,0,0,0,0,3623

Main.js:462 179.348,296.928,307.5,307.5,0.58,-0.752,0.03,-0.04,70,0,0,1,0,0,0,0,325.61,133.474,1.673,-1.858,218.797,245.249,1.522,-1.983,0,0,0,0,286.997,98.159,120,160.5,-0.726,0.532,-0.025,0.043,87,248.434,77.968,-2.397,-0.71,0,0,0,0,0,0,0,0,3640

Main.js:462 179.928,296.176,307.5,307.5,0.58,-0.752,0.03,-0.04,69,0,0,1,0,0,0,0,327.282,131.616,1.673,-1.858,220.319,243.265,1.522,-1.983,0,0,0,0,286.285,98.706,118.5,157.5,-0.712,0.547,-0.024,0.044,86,246.037,77.258,-2.397,-0.71,0,0,0,0,0,0,0,0,3658

Main.js:462 180.508,295.424,307.5,307.5,0.58,-0.752,0.03,-0.04,68,0,0,1,0,0,0,0,328.955,129.758,1.673,-1.858,221.841,241.282,1.522,-1.983,0,0,0,0,285.587,99.268,117,154.5,-0.698,0.562,-0.023,0.045,85,243.64,76.548,-2.397,-0.71,0,0,0,0,0,0,0,0,3672

Main.js:462 181.088,294.671,307.5,307.5,0.58,-0.752,0.03,-0.04,67,0,0,1,0,0,0,0,330.628,127.9,1.673,-1.858,223.363,239.299,1.522,-1.983,0,0,0,0,284.904,99.846,115.5,151.5,-0.684,0.577,-0.022,0.045,84,241.243,75.838,-2.397,-0.71,0,0,0,0,0,0,0,0,3690

Main.js:462 181.668,293.919,307.5,307.5,0.58,-0.752,0.03,-0.04,66,0,0,1,0,0,0,0,332.301,126.042,1.673,-1.858,224.885,237.315,1.522,-1.983,0,0,0,0,284.235,100.437,114,148.5,-0.669,0.592,-0.02,0.046,83,238.846,75.128,-2.397,-0.71,0,0,0,0,0,0,0,0,3707

Main.js:462 182.248,293.167,309,309,0.581,-0.752,0.031,-0.039,65,0,1,1,0,0,0,0,333.974,124.184,1.673,-1.858,226.407,235.332,1.522,-1.983,0,0,0,0,283.581,101.043,112.5,145.5,-0.653,0.606,-0.019,0.046,82,236.449,74.418,-2.397,-0.71,0,0,0,0,0,0,0,0,3773

Main.js:462 182.831,292.417,310.5,310.5,0.582,-0.75,0.032,-0.038,64,0,1,1,0,0,0,0,335.647,122.327,1.673,-1.858,227.929,233.348,1.522,-1.983,0,0,0,0,282.944,101.663,111,142.5,-0.638,0.62,-0.018,0.047,81,234.052,73.707,-2.397,-0.71,0,0,0,0,0,0,0,0,3789

Main.js:462 183.416,291.669,312,312,0.585,-0.748,0.033,-0.037,63,0,1,1,0,0,0,0,337.319,120.469,1.673,-1.858,229.451,231.365,1.522,-1.983,0,0,0,0,282.322,102.297,109.5,139.5,-0.622,0.634,-0.017,0.047,80,231.655,72.997,-2.397,-0.71,0,0,0,0,0,0,0,0,3806

Main.js:462 184.005,290.924,313.5,313.5,0.589,-0.745,0.034,-0.036,62,0,1,1,0,0,0,0,338.992,118.611,1.673,-1.858,230.973,229.382,1.522,-1.983,0,0,0,0,281.716,102.944,108,136.5,-0.605,0.647,-0.015,0.048,79,229.258,72.287,-2.397,-0.71,0,0,0,0,0,0,0,0,3823

Main.js:462 184.597,290.183,315,315,0.593,-0.741,0.035,-0.035,61,0,1,1,0,0,0,0,340.665,116.753,1.673,-1.858,232.494,227.398,1.522,-1.983,0,0,0,0,281.128,103.605,106.5,133.5,-0.589,0.66,-0.014,0.048,78,226.861,71.577,-2.397,-0.71,0,0,0,0,0,0,0,0,3839

Main.js:462 185.195,289.446,316.5,316.5,0.598,-0.737,0.036,-0.034,60,0,1,1,0,0,0,0,342.338,114.895,1.673,-1.858,234.016,225.415,1.522,-1.983,0,0,0,0,280.556,104.278,105,130.5,-0.571,0.673,-0.013,0.048,77,224.464,70.867,-2.397,-0.71,0,0,0,0,0,0,0,0,3856

Main.js:462 185.798,288.714,318,318,0.603,-0.732,0.037,-0.033,59,0,1,1,0,0,0,0,344.011,113.037,1.673,-1.858,235.538,223.432,1.522,-1.983,0,0,0,0,280.002,104.964,103.5,127.5,-0.554,0.686,-0.012,0.049,76,222.067,70.157,-2.397,-0.71,0,0,0,0,0,0,0,0,3873

Main.js:462 186.407,287.987,319.5,319.5,0.609,-0.726,0.038,-0.032,58,0,1,1,0,0,0,0,345.684,111.179,1.673,-1.858,237.06,221.448,1.522,-1.983,0,0,0,0,279.466,105.662,102,124.5,-0.536,0.698,-0.01,0.049,75,219.67,69.447,-2.397,-0.71,0,0,0,0,0,0,0,0,3891

Main.js:462 187.022,287.268,321,321,0.615,-0.72,0.039,-0.031,57,0,1,1,0,0,0,0,347.356,109.322,1.673,-1.858,238.582,219.465,1.522,-1.983,0,0,0,0,278.948,106.372,100.5,121.5,-0.518,0.71,-0.009,0.049,74,217.273,68.737,-2.397,-0.71,0,0,0,0,0,0,0,0,3906

Main.js:462 187.644,286.555,322.5,322.5,0.622,-0.713,0.04,-0.03,56,0,1,1,0,0,0,0,349.029,107.464,1.673,-1.858,240.104,217.481,1.522,-1.983,0,0,0,0,278.449,107.093,99,118.5,-0.5,0.721,-0.008,0.049,73,214.876,68.027,-2.397,-0.71,0,0,0,0,0,0,0,0,3924

Main.js:462 188.274,285.85,324,324,0.63,-0.705,0.04,-0.029,55,0,1,1,0,0,0,0,350.702,105.606,1.673,-1.858,241.626,215.498,1.522,-1.983,0,0,0,0,277.968,107.825,97.5,115.5,-0.481,0.732,-0.007,0.05,72,212.479,67.317,-2.397,-0.71,0,0,0,0,0,0,0,0,3939

Main.js:462 188.911,285.153,325.5,325.5,0.637,-0.697,0.041,-0.028,54,0,1,1,0,0,0,0,352.375,103.748,1.673,-1.858,243.148,213.515,1.522,-1.983,0,0,0,0,277.506,108.568,96,112.5,-0.462,0.743,-0.005,0.05,71,210.082,66.607,-2.397,-0.71,0,0,0,0,0,0,0,0,3956

Main.js:462 189.557,284.466,327,327,0.645,-0.688,0.042,-0.027,53,0,1,1,0,0,0,0,354.048,101.89,1.673,-1.858,244.67,211.531,1.522,-1.983,0,0,0,0,277.064,109.321,94.5,109.5,-0.442,0.753,-0.004,0.05,70,207.685,65.897,-2.397,-0.71,0,0,0,0,0,0,0,0,3973

Main.js:462 190.21,283.788,328.5,328.5,0.654,-0.678,0.043,-0.026,52,0,1,1,0,0,0,0,355.72,100.032,1.673,-1.858,246.192,209.548,1.522,-1.983,0,0,0,0,276.641,110.084,93,106.5,-0.423,0.763,-0.003,0.05,69,205.288,65.187,-2.397,-0.71,0,0,0,0,0,0,0,0,3989

Main.js:462 190.872,283.12,330,330,0.662,-0.668,0.043,-0.025,51,0,1,1,0,0,0,0,357.393,98.174,1.673,-1.858,247.713,207.564,1.522,-1.983,0,0,0,0,276.239,110.857,91.5,103.5,-0.403,0.772,-0.001,0.05,68,202.89,64.477,-2.397,-0.71,0,0,0,0,0,0,0,0,4006

Main.js:462 191.543,282.462,331.5,331.5,0.671,-0.657,0.044,-0.024,50,0,1,1,0,0,0,0,359.066,96.317,1.673,-1.858,249.235,205.581,1.522,-1.983,0,0,0,0,275.853,111.638,93,103.5,-0.385,0.781,-0.003,0.05,67,200.493,63.767,-2.397,-0.71,0,0,0,0,0,0,0,0,4022

Main.js:462 192.221,281.815,331.5,331.5,0.679,-0.647,0.044,-0.024,49,0,0,1,0,0,0,0,360.739,94.459,1.673,-1.858,250.757,203.598,1.522,-1.983,0,0,0,0,275.484,112.427,94.5,103.5,-0.37,0.789,-0.004,0.05,66,198.096,63.057,-2.397,-0.71,0,0,0,0,0,0,0,0,4040

Main.js:462 192.908,281.178,331.5,331.5,0.687,-0.637,0.044,-0.024,48,0,0,1,0,0,0,0,362.412,92.601,1.673,-1.858,252.279,201.614,1.522,-1.983,0,0,0,0,275.128,113.224,96,103.5,-0.356,0.797,-0.005,0.05,65,195.699,62.347,-2.397,-0.71,0,0,0,0,0,0,0,0,4057

Main.js:462 193.602,280.55,331.5,331.5,0.694,-0.628,0.044,-0.024,47,0,0,1,0,0,0,0,364.085,90.743,1.673,-1.858,253.801,199.631,1.522,-1.983,0,0,0,0,274.783,114.028,97.5,103.5,-0.344,0.804,-0.007,0.05,64,193.302,61.637,-2.397,-0.71,0,0,0,0,0,0,0,0,4074

Main.js:462 194.303,279.93,331.5,331.5,0.701,-0.619,0.044,-0.024,46,0,0,1,0,0,0,0,365.757,88.885,1.673,-1.858,255.323,197.648,1.522,-1.983,0,0,0,0,274.449,114.84,99,103.5,-0.335,0.811,-0.008,0.049,63,190.905,60.927,-2.397,-0.71,0,0,0,0,0,0,0,0,4089

Main.js:462 195.011,279.319,331.5,331.5,0.708,-0.611,0.044,-0.024,45,0,0,1,0,0,0,0,367.43,87.027,1.673,-1.858,256.845,195.664,1.522,-1.983,0,0,0,0,274.122,115.657,100.5,103.5,-0.327,0.817,-0.009,0.049,62,188.508,60.217,-2.397,-0.71,0,0,0,0,0,0,0,0,4107

Main.js:462 195.725,278.716,331.5,331.5,0.714,-0.603,0.044,-0.024,44,0,0,1,0,0,0,0,369.103,85.169,1.673,-1.858,258.367,193.681,1.522,-1.983,0,0,0,0,273.802,116.48,102,103.5,-0.32,0.823,-0.01,0.049,61,186.111,59.507,-2.397,-0.71,0,0,0,0,0,0,0,0,4124

Main.js:462 196.445,278.12,331.5,331.5,0.72,-0.596,0.044,-0.024,43,0,0,1,0,0,0,0,370.776,83.311,1.673,-1.858,259.889,191.697,1.522,-1.983,0,0,0,0,273.487,117.307,103.5,103.5,-0.315,0.828,-0.012,0.049,60,183.714,58.797,-2.397,-0.71,0,0,0,0,0,0,0,0,4140

Main.js:462 197.171,277.532,331.5,331.5,0.726,-0.589,0.044,-0.024,42,0,0,1,0,0,0,0,372.449,81.454,1.673,-1.858,261.411,189.714,1.522,-1.983,0,0,0,0,273.175,118.14,105,103.5,-0.312,0.832,-0.013,0.048,59,181.317,58.087,-2.397,-0.71,0,0,0,0,0,0,0,0,4156

Main.js:462 197.902,276.95,331.5,331.5,0.731,-0.582,0.044,-0.024,41,0,0,1,0,0,0,0,374.122,79.596,1.673,-1.858,262.932,187.731,1.522,-1.983,0,0,0,0,272.865,118.976,106.5,103.5,-0.31,0.836,-0.014,0.048,58,178.92,57.377,-2.397,-0.71,0,0,0,0,0,0,0,0,4172

Main.js:462 198.639,276.375,331.5,331.5,0.737,-0.575,0.044,-0.024,40,0,0,1,0,0,0,0,375.794,77.738,1.673,-1.858,264.454,185.747,1.522,-1.983,0,0,0,0,272.556,119.816,108,103.5,-0.309,0.84,-0.015,0.048,57,176.523,56.667,-2.397,-0.71,0,0,0,0,0,0,0,0,4190

Main.js:462 199.38,275.805,331.5,331.5,0.741,-0.569,0.044,-0.024,39,0,0,1,0,0,0,0,377.467,75.88,1.673,-1.858,265.976,183.764,1.522,-1.983,0,0,0,0,272.247,120.658,109.5,103.5,-0.309,0.842,-0.017,0.047,56,174.126,55.957,-2.397,-0.71,0,0,0,0,0,0,0,0,4207

Main.js:462 200.126,275.241,330,330,0.746,-0.565,0.043,-0.025,38,1,0,1,0,0,0,0,379.14,74.022,1.673,-1.858,267.498,181.78,1.522,-1.983,0,0,0,0,271.936,121.503,111,103.5,-0.311,0.845,-0.018,0.047,55,171.729,55.246,-2.397,-0.71,0,0,0,0,0,0,0,0,4223

Main.js:462 200.875,274.68,328.5,328.5,0.749,-0.561,0.043,-0.026,37,1,0,1,0,0,0,0,380.813,72.164,1.673,-1.858,269.02,179.797,1.522,-1.983,0,0,0,0,271.623,122.349,112.5,103.5,-0.313,0.846,-0.019,0.046,54,169.332,54.536,-2.397,-0.71,0,0,0,0,0,0,0,0,4239

Main.js:462 201.626,274.121,327,327,0.751,-0.559,0.042,-0.027,36,1,0,1,0,0,0,0,382.486,70.306,1.673,-1.858,270.542,177.814,1.522,-1.983,0,0,0,0,271.306,123.196,114,103.5,-0.317,0.847,-0.02,0.046,53,166.935,53.826,-2.397,-0.71,0,0,0,0,0,0,0,0,4257

Main.js:462 202.379,273.563,325.5,325.5,0.753,-0.558,0.041,-0.028,35,1,0,1,0,0,0,0,384.159,68.449,1.673,-1.858,272.064,175.83,1.522,-1.983,0,0,0,0,270.984,124.044,115.5,103.5,-0.322,0.848,-0.022,0.045,52,164.538,53.116,-2.397,-0.71,0,0,0,0,0,0,0,0,4273

Main.js:462 203.094,273.033,324,324,0.715,-0.53,0,0,34,1,0,0,0,0,0,0,385.831,66.591,1.673,-1.858,273.586,173.847,1.522,-1.983,0,0,0,0,270.657,124.892,117,103.5,-0.327,0.848,-0.023,0.045,51,162.141,52.406,-2.397,-0.71,0,0,0,0,0,0,0,0,4289

Main.js:462 203.773,272.529,322.5,322.5,0.679,-0.504,0,0,33,1,0,0,0,0,0,0,387.504,64.733,1.673,-1.858,275.108,171.864,1.522,-1.983,0,0,0,0,270.323,125.739,118.5,103.5,-0.334,0.847,-0.024,0.044,50,159.744,51.696,-2.397,-0.71,0,0,0,0,0,0,0,0,4308

Main.js:462 204.418,272.051,321,321,0.645,-0.478,0,0,32,1,0,0,0,0,0,0,389.177,62.875,1.673,-1.858,276.63,169.88,1.522,-1.983,0,0,0,0,269.983,126.585,120,103.5,-0.341,0.846,-0.025,0.043,49,157.347,50.986,-2.397,-0.71,0,0,0,0,0,0,0,0,4323

Main.js:462 205.031,271.596,319.5,319.5,0.613,-0.454,0,0,31,1,0,0,0,0,0,0,390.85,61.017,1.673,-1.858,278.152,167.897,1.522,-1.983,0,0,0,0,269.634,127.429,121.5,103.5,-0.348,0.844,-0.026,0.043,48,154.949,50.276,-2.397,-0.71,0,0,0,0,0,0,0,0,4340

Main.js:462 205.614,271.164,318,318,0.582,-0.432,0,0,30,1,0,0,0,0,0,0,392.523,59.159,1.673,-1.858,279.673,165.913,1.522,-1.983,0,0,0,0,269.277,128.271,123,103.5,-0.357,0.842,-0.027,0.042,47,152.552,49.566,-2.397,-0.71,0,0,0,0,0,0,0,0,4357

Main.js:462 206.167,270.754,316.5,316.5,0.553,-0.41,0,0,29,1,0,0,0,0,0,0,394.195,57.301,1.673,-1.858,281.195,163.93,1.522,-1.983,0,0,0,0,268.911,129.11,124.5,103.5,-0.366,0.839,-0.028,0.041,46,150.155,48.856,-2.397,-0.71,0,0,0,0,0,0,0,0,4374

Main.js:462 206.693,270.365,315,315,0.526,-0.39,0,0,28,1,0,0,0,0,0,0,395.868,55.444,1.673,-1.858,282.717,161.947,1.522,-1.983,0,0,0,0,268.536,129.945,126,103.5,-0.376,0.835,-0.029,0.04,45,147.758,48.146,-2.397,-0.71,0,0,0,0,0,0,0,0,4390

Main.js:462 207.192,269.995,313.5,313.5,0.499,-0.37,0,0,27,1,0,0,0,0,0,0,397.541,53.586,1.673,-1.858,284.239,159.963,1.522,-1.983,0,0,0,0,268.15,130.777,127.5,103.5,-0.386,0.831,-0.03,0.04,44,145.361,47.436,-2.397,-0.71,0,0,0,0,0,0,0,0,4406

Main.js:462 207.667,269.643,312,312,0.474,-0.352,0,0,26,1,0,0,0,0,0,0,399.214,51.728,1.673,-1.858,285.761,157.98,1.522,-1.983,0,0,0,0,267.754,131.603,129,103.5,-0.396,0.827,-0.031,0.039,43,142.964,46.726,-2.397,-0.71,0,0,0,0,0,0,0,0,4423

Main.js:462 208.117,269.309,310.5,310.5,0.451,-0.334,0,0,25,1,0,0,0,1,0,0,400.887,49.87,1.673,-1.858,287.283,155.997,1.522,-1.983,0,0,0,0,267.347,132.425,130.5,103.5,-0.407,0.821,-0.032,0.038,42,140.567,46.016,-2.397,-0.71,0,0,0,0,0,0,0,0,4439

Main.js:462 208.545,268.992,309,309,0.428,-0.317,0,0,24,1,0,0,0,1,0,0,402.56,48.012,1.673,-1.858,288.805,154.013,1.522,-1.983,0,0,0,0,266.928,133.24,132,103.5,-0.419,0.816,-0.033,0.037,41,138.17,45.306,-2.397,-0.71,0,0,0,0,0,0,0,0,4457

Main.js:462 208.952,268.69,307.5,307.5,0.407,-0.301,0,0,23,1,0,0,0,1,0,0,404.232,46.154,1.673,-1.858,290.327,152.03,1.522,-1.983,0,0,0,0,266.498,134.049,133.5,103.5,-0.43,0.809,-0.034,0.036,40,135.773,44.596,-2.397,-0.71,0,0,0,0,0,0,0,0,4474

Main.js:462 209.339,268.404,306,306,0.386,-0.286,0,0,22,1,0,0,0,1,0,0,405.905,44.296,1.673,-1.858,291.849,150.046,1.522,-1.983,0,0,0,0,266.055,134.852,135,103.5,-0.443,0.802,-0.035,0.035,39,133.376,43.886,-2.397,-0.71,0,0,0,0,0,0,0,0,4490

Main.js:462 209.706,268.132,304.5,304.5,0.367,-0.272,0,0,21,1,0,0,0,1,0,0,407.578,42.439,1.673,-1.858,293.371,148.063,1.522,-1.983,0,0,0,0,265.6,135.647,136.5,103.5,-0.455,0.795,-0.036,0.034,38,130.979,43.176,-2.397,-0.71,0,0,0,0,0,0,0,0,4506

Main.js:462 210.054,267.873,303,303,0.349,-0.258,0,0,20,1,0,0,0,0,0,0,409.251,40.581,1.673,-1.858,294.892,146.08,1.522,-1.983,0,0,0,0,265.134,136.435,136.5,102,-0.467,0.788,-0.036,0.034,37,128.582,42.466,-2.397,-0.71,0,0,0,0,0,0,0,0,4523

Main.js:462 210.386,267.627,301.5,301.5,0.331,-0.246,0,0,19,1,0,0,0,0,0,0,410.924,38.723,1.673,-1.858,296.414,144.096,1.522,-1.983,0,0,0,0,264.656,137.216,136.5,100.5,-0.478,0.781,-0.036,0.034,36,126.185,41.756,-2.397,-0.71,0,0,0,0,0,0,0,0,4540

Main.js:462 210.7,267.394,300,300,0.315,-0.233,0,0,18,1,0,0,0,0,0,0,412.597,36.865,1.673,-1.858,297.936,142.113,1.522,-1.983,0,0,0,0,264.168,137.991,136.5,99,-0.488,0.775,-0.036,0.034,35,123.788,41.046,-2.397,-0.71,0,0,0,0,0,0,0,0,4558

Main.js:462 210.999,267.173,298.5,298.5,0.299,-0.222,0,0,17,1,0,0,0,0,0,0,414.269,35.007,1.673,-1.858,299.458,140.129,1.522,-1.983,0,0,0,0,263.669,138.76,136.5,97.5,-0.498,0.769,-0.036,0.034,34,121.391,40.336,-2.397,-0.71,0,0,0,0,0,0,0,0,4574

Main.js:462 211.283,266.962,297,297,0.284,-0.211,0,0,16,1,0,0,0,1,0,0,415.942,33.149,1.673,-1.858,300.98,138.146,1.522,-1.983,0,0,0,0,263.161,139.523,136.5,96,-0.508,0.763,-0.036,0.034,33,118.994,39.626,-2.397,-0.71,0,0,0,0,0,0,0,0,4601

Main.js:462 211.553,266.762,295.5,295.5,0.27,-0.2,0,0,15,1,0,0,0,1,0,0,417.615,31.291,1.673,-1.858,302.502,136.163,1.522,-1.983,0,0,0,0,262.645,140.28,136.5,94.5,-0.517,0.758,-0.036,0.034,32,116.597,38.916,-2.397,-0.71,0,0,0,0,0,0,0,0,4606

Main.js:462 211.81,266.572,294,294,0.256,-0.19,0,0,14,1,0,0,0,1,0,0,419.288,29.433,1.673,-1.858,304.024,134.179,1.522,-1.983,0,0,0,0,262.119,141.033,136.5,93,-0.526,0.752,-0.036,0.034,31,114.2,38.206,-2.397,-0.71,0,0,0,0,0,0,0,0,4623

Main.js:462 212.053,266.391,292.5,292.5,0.244,-0.181,0,0,13,1,0,0,0,1,0,0,420.961,27.576,1.673,-1.858,305.546,132.196,1.522,-1.983,0,0,0,0,261.585,141.78,136.5,91.5,-0.534,0.748,-0.036,0.034,30,111.803,37.496,-2.397,-0.71,0,0,0,0,0,0,0,0,4639

Main.js:462 212.284,266.22,291,291,0.231,-0.171,0,0,12,1,0,0,0,1,0,0,422.634,25.718,1.673,-1.858,307.068,130.213,1.522,-1.983,0,0,0,0,261.044,142.523,136.5,90,-0.541,0.743,-0.036,0.034,29,109.406,36.785,-2.397,-0.71,0,0,0,0,0,0,0,0,4656

Main.js:462 212.504,266.057,289.5,289.5,0.22,-0.163,0,0,11,1,0,0,0,1,0,0,424.306,23.86,1.673,-1.858,308.59,128.229,1.522,-1.983,0,0,0,0,260.495,143.262,136.5,88.5,-0.549,0.738,-0.036,0.034,28,107.008,36.075,-2.397,-0.71,0,0,0,0,0,0,0,0,4673

Main.js:462 212.713,265.902,289.5,289.5,0.209,-0.155,0,0,10,0,0,0,0,1,0,0,425.979,22.002,1.673,-1.858,310.111,126.246,1.522,-1.983,0,0,0,0,259.939,143.996,136.5,87,-0.556,0.734,-0.036,0.034,27,104.611,35.365,-2.397,-0.71,0,0,0,0,0,0,0,0,4690

Main.js:462 212.911,265.755,289.5,289.5,0.198,-0.147,0,0,9,0,0,0,0,0,0,0,427.652,20.144,1.673,-1.858,311.633,124.262,1.522,-1.983,0,0,0,0,259.377,144.726,136.5,85.5,-0.563,0.73,-0.036,0.034,26,102.214,34.655,-2.397,-0.71,0,0,0,0,0,0,0,0,4706

Main.js:462 213.1,265.616,289.5,289.5,0.188,-0.14,0,0,8,0,0,0,0,0,0,0,429.325,18.286,1.673,-1.858,313.155,122.279,1.522,-1.983,0,0,0,0,258.808,145.452,136.5,84,-0.569,0.726,-0.036,0.034,25,99.817,33.945,-2.397,-0.71,0,0,0,0,0,0,0,0,4724

Main.js:462 213.279,265.483,289.5,289.5,0.179,-0.133,0,0,7,0,0,0,0,0,0,0,430.998,16.428,1.673,-1.858,314.677,120.296,1.522,-1.983,0,0,0,0,258.233,146.175,136.5,82.5,-0.575,0.723,-0.036,0.034,24,97.42,33.235,-2.397,-0.71,0,0,0,0,0,0,0,0,4740

Main.js:462 213.449,265.357,289.5,289.5,0.17,-0.126,0,0,6,0,0,0,0,0,0,0,432.671,14.571,1.673,-1.858,316.199,118.312,1.522,-1.983,0,0,0,0,257.652,146.894,136.5,81,-0.581,0.719,-0.036,0.034,23,95.023,32.525,-2.397,-0.71,0,0,0,0,0,0,0,0,4757

Main.js:462 213.611,265.237,289.5,289.5,0.162,-0.12,0,0,5,0,0,0,0,1,0,0,434.343,12.713,1.673,-1.858,317.721,116.329,1.522,-1.983,0,0,0,0,257.066,147.61,136.5,79.5,-0.586,0.716,-0.036,0.034,22,92.626,31.815,-2.397,-0.71,0,0,0,0,0,0,0,0,4773

Main.js:462 213.764,265.123,289.5,289.5,0.153,-0.114,0,0,4,0,0,0,0,1,0,0,436.016,10.855,1.673,-1.858,319.243,114.345,1.522,-1.983,0,0,0,0,256.475,148.323,136.5,78,-0.591,0.713,-0.036,0.034,21,90.229,31.105,-2.397,-0.71,0,0,0,0,0,0,0,0,4790

Main.js:462 213.91,265.015,289.5,289.5,0.146,-0.108,0,0,3,0,0,0,0,1,0,0,437.689,8.997,1.673,-1.858,320.765,112.362,1.522,-1.983,0,0,0,0,255.879,149.033,136.5,76.5,-0.596,0.71,-0.036,0.034,20,87.832,30.395,-2.397,-0.71,0,0,0,0,0,0,0,0,4807

Main.js:462 214.048,264.913,289.5,289.5,0.139,-0.103,0,0,2,0,0,0,0,1,0,0,439.362,7.139,1.673,-1.858,322.287,110.379,1.522,-1.983,0,0,0,0,255.278,149.74,136.5,75,-0.601,0.707,-0.036,0.034,19,85.435,29.685,-2.397,-0.71,0,0,0,0,0,0,0,0,4824

Main.js:462 214.18,264.815,289.5,289.5,0.132,-0.098,0,0,1,0,0,0,0,1,0,0,441.035,5.281,1.673,-1.858,323.809,108.395,1.522,-1.983,0,0,0,0,254.673,150.445,136.5,73.5,-0.605,0.705,-0.036,0.034,18,83.038,28.975,-2.397,-0.71,0,0,0,0,0,0,0,0,4840

Main.js:462 214.305,264.722,289.5,289.5,0.125,-0.093,0,0,0,0,0,0,0,1,0,0,442.707,3.423,1.673,-1.858,325.331,106.412,1.522,-1.983,0,0,0,0,254.064,151.147,136.5,72,-0.609,0.702,-0.036,0.034,17,80.641,28.265,-2.397,-0.71,0,0,0,0,0,0,0,0,4857

Main.js:462 214.424,264.634,289.5,289.5,0.119,-0.088,0,0,99,0,0,0,0,1,0,0,444.38,1.566,1.673,-1.858,326.852,104.429,1.522,-1.983,0,0,0,0,253.451,151.846,136.5,70.5,-0.613,0.7,-0.036,0.034,16,78.244,27.555,-2.397,-0.71,0,0,0,0,0,0,0,0,4874

Main.js:462 214.537,264.551,289.5,289.5,0.113,-0.084,0,0,98,0,0,0,0,0,0,0,326.852,104.429,1.522,-1.983,222.149,242.57,0.835,-2.357,0,0,0,0,252.833,152.544,136.5,69,-0.617,0.697,-0.036,0.034,15,75.847,26.845,-2.397,-0.71,0,0,0,0,0,0,0,0,4891

Main.js:462 214.644,264.471,289.5,289.5,0.107,-0.079,0,0,97,0,0,0,0,0,0,0,328.374,102.445,1.522,-1.983,222.984,240.214,0.835,-2.357,0,0,0,0,252.213,153.239,136.5,67.5,-0.621,0.695,-0.036,0.034,14,73.45,26.135,-2.397,-0.71,0,0,0,0,0,0,0,0,4907

Main.js:462 214.746,264.396,289.5,289.5,0.102,-0.075,0,0,96,0,0,0,0,0,0,0,329.896,100.462,1.522,-1.983,223.818,237.857,0.835,-2.357,0,0,0,0,251.589,153.932,136.5,66,-0.624,0.693,-0.036,0.034,13,71.053,25.425,-2.397,-0.71,0,0,0,0,0,0,0,0,4924

Main.js:462 214.842,264.324,289.5,289.5,0.097,-0.072,0,0,95,0,0,0,0,0,0,0,331.418,98.478,1.522,-1.983,224.653,235.5,0.835,-2.357,0,0,0,0,250.961,154.623,136.5,64.5,-0.627,0.691,-0.036,0.034,12,68.656,24.715,-2.397,-0.71,0,0,0,0,0,0,0,0,4939

Main.js:462 214.934,264.256,289.5,289.5,0.092,-0.068,0,0,94,0,0,0,0,1,0,0,332.94,96.495,1.522,-1.983,225.487,233.144,0.835,-2.357,0,0,0,0,250.331,155.312,136.5,63,-0.63,0.689,-0.036,0.034,11,66.259,24.005,-2.397,-0.71,0,0,0,0,0,0,0,0,4957

Main.js:462 215.021,264.191,289.5,289.5,0.087,-0.065,0,0,93,0,0,0,0,1,0,0,334.462,94.512,1.522,-1.983,226.322,230.787,0.835,-2.357,0,0,0,0,249.697,156,136.5,61.5,-0.633,0.687,-0.036,0.034,10,63.862,23.295,-2.397,-0.71,0,0,0,0,0,0,0,0,4971

Main.js:462 215.104,264.13,289.5,289.5,0.083,-0.061,0,0,92,0,0,0,0,1,0,0,335.984,92.528,1.522,-1.983,227.157,228.431,0.835,-2.357,0,0,0,0,249.061,156.686,136.5,60,-0.636,0.686,-0.036,0.034,9,61.465,22.585,-2.397,-0.71,0,0,0,0,0,0,0,0,4990

Main.js:462 215.183,264.071,289.5,289.5,0.079,-0.058,0,0,91,0,0,0,0,1,0,0,337.506,90.545,1.522,-1.983,227.991,226.074,0.835,-2.357,0,0,0,0,248.422,157.37,136.5,58.5,-0.639,0.684,-0.036,0.034,8,59.067,21.875,-2.397,-0.71,0,0,0,0,0,0,0,0,5006

Main.js:462 215.258,264.016,289.5,289.5,0.075,-0.055,0,0,90,0,0,0,0,1,0,0,339.028,88.561,1.522,-1.983,228.826,223.717,0.835,-2.357,0,0,0,0,247.782,158.053,135,55.5,-0.64,0.684,-0.035,0.035,7,56.67,21.165,-2.397,-0.71,0,0,0,0,0,0,0,0,5024

Main.js:462 215.329,263.963,289.5,289.5,0.071,-0.053,0,0,89,0,0,0,0,1,0,0,340.55,86.578,1.522,-1.983,229.66,221.361,0.835,-2.357,0,0,0,0,247.141,158.737,133.5,52.5,-0.641,0.684,-0.034,0.036,6,54.273,20.455,-2.397,-0.71,0,0,0,0,0,0,0,0,5039

Main.js:462 215.397,263.913,288,288,0.068,-0.05,0,0,88,1,0,0,0,0,0,0,342.071,84.595,1.522,-1.983,230.495,219.004,0.835,-2.357,0,0,0,0,246.5,159.422,132,49.5,-0.641,0.685,-0.033,0.037,5,51.876,19.745,-2.397,-0.71,0,0,0,0,0,0,0,0,5056

Main.js:462 215.461,263.866,286.5,286.5,0.064,-0.048,0,0,87,1,0,0,0,0,0,0,343.593,82.611,1.522,-1.983,231.329,216.648,0.835,-2.357,0,0,0,0,245.86,160.109,130.5,46.5,-0.64,0.687,-0.032,0.038,4,49.479,19.035,-2.397,-0.71,0,0,0,0,0,0,0,0,5074

Main.js:462 215.522,263.82,285,285,0.061,-0.045,0,0,86,1,0,0,0,0,0,0,345.115,80.628,1.522,-1.983,232.164,214.291,0.835,-2.357,0,0,0,0,245.223,160.798,129,43.5,-0.638,0.689,-0.031,0.039,3,47.082,18.324,-2.397,-0.71,0,0,0,0,0,0,0,0,5090

Main.js:462 215.58,263.777,283.5,283.5,0.058,-0.043,0,0,85,1,0,0,0,0,0,0,346.637,78.645,1.522,-1.983,232.998,211.934,0.835,-2.357,0,0,0,0,244.588,161.491,127.5,40.5,-0.635,0.693,-0.03,0.04,2,44.685,17.614,-2.397,-0.71,0,0,0,0,0,0,0,0,5108

Main.js:462 215.635,263.737,282,282,0.055,-0.041,0,0,84,1,0,0,0,0,0,0,348.159,76.661,1.522,-1.983,233.833,209.578,0.835,-2.357,0,0,0,0,243.957,162.187,126,37.5,-0.631,0.696,-0.029,0.04,1,42.288,16.904,-2.397,-0.71,0,0,0,0,0,0,0,0,5124

Main.js:462 215.687,263.698,280.5,280.5,0.052,-0.039,0,0,83,1,0,0,0,1,0,0,349.681,74.678,1.522,-1.983,234.667,207.221,0.835,-2.357,0,0,0,0,243.331,162.888,124.5,34.5,-0.626,0.701,-0.028,0.041,0,39.891,16.194,-2.397,-0.71,0,0,0,0,0,0,0,0,5140

Main.js:462 215.737,263.661,279,279,0.05,-0.037,0,0,82,1,0,0,0,1,0,0,351.203,72.694,1.522,-1.983,235.502,204.865,0.835,-2.357,0,0,0,0,242.71,163.594,123,31.5,-0.621,0.706,-0.027,0.042,99,37.494,15.484,-2.397,-0.71,0,0,0,0,0,0,0,0,5157

Main.js:462 215.784,263.626,277.5,277.5,0.047,-0.035,0,0,81,1,0,0,0,1,0,0,352.725,70.711,1.522,-1.983,236.336,202.508,0.835,-2.357,0,0,0,0,242.096,164.305,121.5,28.5,-0.615,0.711,-0.026,0.043,98,35.097,14.774,-2.397,-0.71,263.368,175.167,2.132,1.306,0,0,0,0,5174

Main.js:462 215.829,263.593,276,276,0.045,-0.033,0,0,80,1,0,0,0,1,0,0,354.247,68.728,1.522,-1.983,237.171,200.151,0.835,-2.357,0,0,0,0,241.488,165.021,120,25.5,-0.608,0.716,-0.025,0.043,97,32.7,14.064,-2.397,-0.71,265.5,176.473,2.132,1.306,0,0,0,0,5190

Main.js:462 215.871,263.561,276,276,0.043,-0.032,0,0,79,0,0,0,0,0,0,0,355.769,66.744,1.522,-1.983,238.005,197.795,0.835,-2.357,0,0,0,0,240.888,165.743,118.5,22.5,-0.6,0.722,-0.024,0.044,96,30.303,13.354,-2.397,-0.71,267.631,177.779,2.132,1.306,0,0,0,0,5258

Main.js:462 215.912,263.531,276,276,0.04,-0.03,0,0,78,0,0,0,0,0,0,0,357.291,64.761,1.522,-1.983,238.84,195.438,0.835,-2.357,0,0,0,0,240.297,166.472,117,19.5,-0.591,0.729,-0.023,0.045,95,27.906,12.644,-2.397,-0.71,269.763,179.086,2.132,1.306,0,0,0,0,5273

Main.js:462 215.95,263.503,276,276,0.038,-0.028,0,0,77,0,0,0,0,0,0,0,358.812,62.777,1.522,-1.983,239.674,193.082,0.835,-2.357,0,0,0,0,239.715,167.207,115.5,16.5,-0.582,0.735,-0.022,0.045,94,25.509,11.934,-2.397,-0.71,271.894,180.392,2.132,1.306,0,0,0,0,5289

Main.js:462 215.987,263.476,276,276,0.037,-0.027,0,0,76,0,0,0,0,0,0,0,360.334,60.794,1.522,-1.983,240.509,190.725,0.835,-2.357,0,0,0,0,239.142,167.948,114,13.5,-0.572,0.742,-0.02,0.046,93,23.112,11.224,-2.397,-0.71,274.026,181.698,2.132,1.306,0,0,0,0,5308

Main.js:462 216.021,263.45,276,276,0.035,-0.026,0,0,75,0,0,0,0,1,0,0,361.856,58.811,1.522,-1.983,241.343,188.368,0.835,-2.357,0,0,0,0,238.58,168.697,112.5,10.5,-0.562,0.748,-0.019,0.046,92,20.715,10.514,-2.397,-0.71,276.158,183.004,2.132,1.306,0,0,0,0,5323

Main.js:462 216.054,263.426,276,276,0.033,-0.024,0,0,74,0,0,0,0,1,0,0,363.378,56.827,1.522,-1.983,242.178,186.012,0.835,-2.357,0,0,0,0,238.029,169.452,111,7.5,-0.551,0.755,-0.018,0.047,91,18.318,9.804,-2.397,-0.71,278.289,184.311,2.132,1.306,0,0,0,0,5340

Main.js:462 216.086,263.403,276,276,0.031,-0.023,0,0,73,0,0,0,0,1,0,0,363.378,56.827,1.522,-1.983,242.178,186.012,0.835,-2.357,0,0,0,0,237.49,170.214,109.5,4.5,-0.539,0.762,-0.017,0.047,90,15.921,9.094,-2.397,-0.71,280.421,185.617,2.132,1.306,0,0,0,0,5357

