Main.js:143 myTank.x,myTank.y,myTank.rotation,myTank.cannonRotation,myTank.velocityX,myTank.velocityY,myTank.accelerationX,myTank.accelerationY,myTank.shootCooldown,myTank.controls.turnLeft,myTank.controls.turnRight,myTank.controls.goForward,myTank.controls.goBack,myTank.controls.shoot,myTank.controls.cannonLeft,myTank.controls.cannonRight,myBullet1.x,myBullet1.y,myBullet1.velocityX,myBullet1.velocityY,myBullet2.x,myBullet2.y,myBullet2.velocityX,myBullet2.velocityY,myBullet3.x,myBullet3.y,myBullet3.velocityX,myBullet3.velocityY,enemyTank.x,enemyTank.y,enemyTank.rotation,enemyTank.cannonRotation,enemyTank.velocityX,enemyTank.velocityY,enemyTank.accelerationX,enemyTank.accelerationY,enemyTank.shootCooldown,enemyBullet1.x,enemyBullet1.y,enemyBullet1.velocityX,enemyBullet1.velocityY,enemyBullet2.x,enemyBullet2.y,enemyBullet2.velocityX,enemyBullet2.velocityY,enemyBullet3.x,enemyBullet3.y,enemyBullet3.velocityX,enemyBullet3.velocityY,currentGameTime
Main.js:462 50,387,0,0,0,0,0,0,0,0,0,0,0,0,0,0,0,0,0,0,0,0,0,0,0,0,0,0,450,113,180,180,0,0,0,0,0,0,0,0,0,0,0,0,0,0,0,0,0,10

Main.js:462 50,387,0,0,0,0,0,0,0,0,0,0,0,0,0,0,0,0,0,0,0,0,0,0,0,0,0,0,449.953,112.999,181.5,180,-0.047,-0.001,-0.05,-0.001,99,0,0,0,0,0,0,0,0,0,0,0,0,39

Main.js:462 50,387,0,0,0,0,0,0,0,0,0,0,0,0,0,0,0,0,0,0,0,0,0,0,0,0,0,0,449.86,112.995,183,180,-0.093,-0.004,-0.05,-0.003,98,426.5,113,-2.5,0,0,0,0,0,0,0,0,0,56

Main.js:462 50,387,0,0,0,0,0,0,0,0,0,0,0,0,0,0,0,0,0,0,0,0,0,0,0,0,0,0,449.725,112.988,184.5,180,-0.135,-0.007,-0.05,-0.004,97,424,113,-2.5,0,0,0,0,0,0,0,0,0,73

Main.js:462 50,387,0,0,0,0,0,0,0,0,0,0,0,0,0,0,0,0,0,0,0,0,0,0,0,0,0,0,449.549,112.976,186,180,-0.176,-0.012,-0.05,-0.005,96,421.5,113,-2.5,0,0,0,0,0,0,0,0,0,90

Main.js:462 50,387,0,0,0,0,0,0,0,0,0,0,0,0,0,0,0,0,0,0,0,0,0,0,0,0,0,0,449.335,112.959,187.5,180,-0.214,-0.017,-0.05,-0.007,95,419,113,-2.5,0,0,0,0,0,0,0,0,0,108

Main.js:462 50.048,387,0,0,0.048,0,0.05,0,0,0,0,1,0,0,0,0,0,0,0,0,0,0,0,0,0,0,0,0,449.085,112.935,189,180,-0.25,-0.024,-0.049,-0.008,94,416.5,113,-2.5,0,0,0,0,0,0,0,0,0,124

Main.js:462 50.14,387,0,0,0.093,0,0.05,0,0,0,0,1,0,0,0,0,0,0,0,0,0,0,0,0,0,0,0,0,448.8,112.903,190.5,180,-0.284,-0.031,-0.049,-0.009,93,414,113,-2.5,0,0,0,0,0,0,0,0,0,141

Main.js:462 50.276,387,0,0,0.135,0,0.05,0,0,0,0,1,0,0,0,0,0,0,0,0,0,0,0,0,0,0,0,0,448.483,112.863,192,180,-0.317,-0.04,-0.049,-0.01,92,411.5,113,-2.5,0,0,0,0,0,0,0,0,0,156

Main.js:462 50.452,387,0,0,0.176,0,0.05,0,0,0,0,1,0,0,0,0,0,0,0,0,0,0,0,0,0,0,0,0,448.136,112.815,193.5,180,-0.347,-0.049,-0.049,-0.012,91,409,113,-2.5,0,0,0,0,0,0,0,0,0,174

Main.js:462 50.667,387,0,0,0.215,0,0.05,0,0,0,0,1,0,0,0,0,0,0,0,0,0,0,0,0,0,0,0,0,447.761,112.756,195,180,-0.376,-0.059,-0.048,-0.013,90,406.5,113,-2.5,0,0,0,0,0,0,0,0,0,190

Main.js:462 50.918,387,0,0,0.252,0,0.05,0,0,0,0,1,0,0,0,0,0,0,0,0,0,0,0,0,0,0,0,0,447.359,112.687,196.5,180,-0.402,-0.069,-0.048,-0.014,89,404,113,-2.5,0,0,0,0,0,0,0,0,0,207

Main.js:462 51.205,387,0,0,0.287,0,0.05,0,0,0,0,1,0,0,0,0,0,0,0,0,0,0,0,0,0,0,0,0,446.931,112.606,198,180,-0.427,-0.08,-0.048,-0.015,88,401.5,113,-2.5,0,0,0,0,0,0,0,0,0,223

Main.js:462 51.525,387,0,0,0.32,0,0.05,0,0,0,0,1,0,0,0,0,0,0,0,0,0,0,0,0,0,0,0,0,446.48,112.514,199.5,180,-0.451,-0.092,-0.047,-0.017,87,399,113,-2.5,0,0,0,0,0,0,0,0,0,242

Main.js:462 51.876,387,0,0,0.351,0,0.05,0,0,0,0,1,0,0,0,0,0,0,0,0,0,0,0,0,0,0,0,0,446.008,112.409,201,180,-0.473,-0.105,-0.047,-0.018,86,396.5,113,-2.5,0,0,0,0,0,0,0,0,0,257

Main.js:462 52.257,387,0,0,0.381,0,0.05,0,0,0,0,1,0,0,0,0,0,0,0,0,0,0,0,0,0,0,0,0,445.515,112.292,202.5,180,-0.493,-0.118,-0.046,-0.019,85,394,113,-2.5,0,0,0,0,0,0,0,0,0,273

Main.js:462 52.667,386.999,358.5,358.5,0.41,-0.001,0.05,-0.001,0,1,0,1,0,0,0,0,0,0,0,0,0,0,0,0,0,0,0,0,445.003,112.16,204,180,-0.512,-0.131,-0.046,-0.02,84,391.5,113,-2.5,0,0,0,0,0,0,0,0,0,290

Main.js:462 53.103,386.995,357,357,0.437,-0.004,0.05,-0.003,0,1,0,1,0,0,0,0,0,0,0,0,0,0,0,0,0,0,0,0,444.474,112.015,205.5,180,-0.529,-0.145,-0.045,-0.022,83,389,113,-2.5,0,0,0,0,0,0,0,0,0,306

Main.js:462 53.566,386.988,355.5,355.5,0.462,-0.007,0.05,-0.004,0,1,0,1,0,0,0,0,0,0,0,0,0,0,0,0,0,0,0,0,443.93,111.856,207,180,-0.545,-0.159,-0.045,-0.023,82,386.5,113,-2.5,0,0,0,0,0,0,0,0,0,323

Main.js:462 54.052,386.976,354,354,0.486,-0.012,0.05,-0.005,0,1,0,1,0,0,0,0,0,0,0,0,0,0,0,0,0,0,0,0,443.37,111.682,208.5,180,-0.559,-0.174,-0.044,-0.024,81,384,113,-2.5,0,0,0,0,0,0,0,0,0,341

Main.js:462 54.561,386.959,352.5,352.5,0.509,-0.017,0.05,-0.007,0,1,0,1,0,0,0,0,0,0,0,0,0,0,0,0,0,0,0,0,442.798,111.493,210,180,-0.572,-0.189,-0.043,-0.025,80,381.5,113,-2.5,0,0,0,0,0,0,0,0,0,357

Main.js:462 55.091,386.935,351,351,0.53,-0.024,0.049,-0.008,0,1,0,1,0,0,0,0,0,0,0,0,0,0,0,0,0,0,0,0,442.213,111.289,211.5,180,-0.584,-0.204,-0.043,-0.026,79,379,113,-2.5,0,0,0,0,0,0,0,0,0,373

Main.js:462 55.642,386.903,349.5,349.5,0.551,-0.031,0.049,-0.009,0,1,0,1,0,0,0,0,0,0,0,0,0,0,0,0,0,0,0,0,441.618,111.069,213,180,-0.595,-0.22,-0.042,-0.027,78,376.5,113,-2.5,0,0,0,0,0,0,0,0,0,390

Main.js:462 56.211,386.863,348,348,0.57,-0.04,0.049,-0.01,0,1,0,1,0,0,0,0,0,0,0,0,0,0,0,0,0,0,0,0,441.014,110.833,214.5,180,-0.604,-0.236,-0.041,-0.028,77,374,113,-2.5,0,0,0,0,0,0,0,0,0,407

Main.js:462 56.799,386.815,346.5,346.5,0.587,-0.049,0.049,-0.012,0,1,0,1,0,0,0,0,0,0,0,0,0,0,0,0,0,0,0,0,440.402,110.581,216,180,-0.613,-0.252,-0.04,-0.029,76,371.5,113,-2.5,0,0,0,0,0,0,0,0,0,424

Main.js:462 57.403,386.756,345,345,0.604,-0.059,0.048,-0.013,0,1,0,1,0,0,0,0,0,0,0,0,0,0,0,0,0,0,0,0,439.782,110.312,217.5,180,-0.62,-0.268,-0.04,-0.03,75,369,113,-2.5,0,0,0,0,0,0,0,0,0,442

Main.js:462 58.022,386.687,343.5,343.5,0.619,-0.069,0.048,-0.014,0,1,0,1,0,0,0,0,0,0,0,0,0,0,0,0,0,0,0,0,439.156,110.027,219,180,-0.626,-0.285,-0.039,-0.031,74,366.5,113,-2.5,0,0,0,0,0,0,0,0,0,456

Main.js:462 58.655,386.606,342,342,0.633,-0.08,0.048,-0.015,0,1,0,1,0,0,0,0,0,0,0,0,0,0,0,0,0,0,0,0,438.526,109.726,220.5,180,-0.63,-0.301,-0.038,-0.032,73,364,113,-2.5,0,0,0,0,0,0,0,0,0,473

Main.js:462 59.302,386.514,340.5,340.5,0.646,-0.092,0.047,-0.017,0,1,0,1,0,0,0,0,0,0,0,0,0,0,0,0,0,0,0,0,437.892,109.408,222,180,-0.634,-0.318,-0.037,-0.033,72,361.5,113,-2.5,0,0,0,0,0,0,0,0,0,490

Main.js:462 59.96,386.409,339,339,0.659,-0.105,0.047,-0.018,0,1,0,1,0,0,0,0,0,0,0,0,0,0,0,0,0,0,0,0,437.255,109.073,223.5,180,-0.637,-0.335,-0.036,-0.034,71,359,113,-2.5,0,0,0,0,0,0,0,0,0,507

Main.js:462 60.63,386.292,337.5,337.5,0.669,-0.118,0.046,-0.019,0,1,0,1,0,0,0,0,0,0,0,0,0,0,0,0,0,0,0,0,436.615,108.722,223.5,178.5,-0.64,-0.351,-0.036,-0.034,70,356.5,113,-2.5,0,0,0,0,0,0,0,0,0,524

Main.js:462 61.309,386.16,336,336,0.679,-0.131,0.046,-0.02,0,1,0,1,0,0,0,0,0,0,0,0,0,0,0,0,0,0,0,0,435.973,108.356,223.5,177,-0.642,-0.366,-0.036,-0.034,69,354,113,-2.5,0,0,0,0,0,0,0,0,0,540

Main.js:462 61.998,386.017,336,336,0.689,-0.144,0.046,-0.02,0,0,0,1,0,0,0,0,0,0,0,0,0,0,0,0,0,0,0,0,435.329,107.975,223.5,175.5,-0.644,-0.38,-0.036,-0.034,68,351.5,113,-2.5,0,0,0,0,0,0,0,0,0,556

Main.js:462 62.696,385.861,336,336,0.698,-0.156,0.046,-0.02,0,0,0,1,0,0,0,0,0,0,0,0,0,0,0,0,0,0,0,0,434.682,107.581,223.5,174,-0.647,-0.394,-0.036,-0.034,67,349,113,-2.5,0,0,0,0,0,0,0,0,0,574

Main.js:462 63.402,385.693,336,336,0.706,-0.168,0.046,-0.02,0,0,0,1,0,0,0,0,0,0,0,0,0,0,0,0,0,0,0,0,434.034,107.174,223.5,172.5,-0.649,-0.407,-0.036,-0.034,66,346.5,113,-2.5,0,0,0,0,0,0,0,0,0,591

Main.js:462 64.116,385.515,336,336,0.714,-0.178,0.046,-0.02,0,0,0,1,0,0,0,0,0,0,0,0,0,0,0,0,0,0,0,0,433.383,106.754,223.5,171,-0.651,-0.419,-0.036,-0.034,65,344,113,-2.5,0,0,0,0,0,0,0,0,0,606

Main.js:462 64.838,385.326,336,336,0.722,-0.189,0.046,-0.02,0,0,0,1,0,0,0,0,0,0,0,0,0,0,0,0,0,0,0,0,432.73,106.323,223.5,169.5,-0.653,-0.431,-0.036,-0.034,64,341.5,113,-2.5,0,0,0,0,0,0,0,0,0,623

Main.js:462 65.568,385.127,336,336,0.729,-0.199,0.046,-0.02,0,0,0,1,0,0,0,0,0,0,0,0,0,0,0,0,0,0,0,0,432.076,105.881,223.5,168,-0.654,-0.442,-0.036,-0.034,63,339,113,-2.5,0,0,0,0,0,0,0,0,0,640

Main.js:462 66.304,384.919,336,336,0.736,-0.208,0.046,-0.02,0,0,0,1,0,0,0,0,0,0,0,0,0,0,0,0,0,0,0,0,431.42,105.428,223.5,166.5,-0.656,-0.453,-0.036,-0.034,62,336.5,113,-2.5,0,0,0,0,0,0,0,0,0,656

Main.js:462 67.047,384.702,336,336,0.743,-0.217,0.046,-0.02,0,0,0,1,0,0,0,0,0,0,0,0,0,0,0,0,0,0,0,0,430.762,104.965,223.5,165,-0.658,-0.463,-0.036,-0.034,61,334,113,-2.5,0,0,0,0,0,0,0,0,0,674

Main.js:462 67.796,384.476,336,336,0.749,-0.225,0.046,-0.02,0,0,0,1,0,0,0,0,0,0,0,0,0,0,0,0,0,0,0,0,430.102,104.493,223.5,163.5,-0.659,-0.473,-0.036,-0.034,60,331.5,113,-2.5,0,0,0,0,0,0,0,0,0,691

Main.js:462 68.551,384.243,336,336,0.755,-0.234,0.046,-0.02,0,0,0,1,0,0,0,0,0,0,0,0,0,0,0,0,0,0,0,0,429.441,104.011,223.5,162,-0.661,-0.482,-0.036,-0.034,59,329,113,-2.5,0,0,0,0,0,0,0,0,0,707

Main.js:462 69.311,384.002,336,336,0.761,-0.241,0.046,-0.02,0,0,0,1,0,0,0,0,0,0,0,0,0,0,0,0,0,0,0,0,428.779,103.521,223.5,160.5,-0.662,-0.49,-0.036,-0.034,58,326.5,113,-2.5,0,0,0,0,0,0,0,0,0,724

Main.js:462 70.077,383.753,336,336,0.766,-0.248,0.046,-0.02,0,0,0,1,0,0,0,0,0,0,0,0,0,0,0,0,0,0,0,0,428.115,103.022,223.5,159,-0.664,-0.498,-0.036,-0.034,57,324,113,-2.5,0,0,0,0,0,0,0,0,0,740

Main.js:462 70.849,383.498,336,336,0.771,-0.255,0.046,-0.02,0,0,0,1,0,0,0,0,0,0,0,0,0,0,0,0,0,0,0,0,427.45,102.516,223.5,157.5,-0.665,-0.506,-0.036,-0.034,56,321.5,113,-2.5,0,0,0,0,0,0,0,0,0,757

Main.js:462 71.625,383.236,336,336,0.776,-0.262,0.046,-0.02,0,0,0,1,0,0,0,0,0,0,0,0,0,0,0,0,0,0,0,0,426.784,102.003,223.5,156,-0.666,-0.514,-0.036,-0.034,55,319,113,-2.5,0,0,0,0,0,0,0,0,0,773

Main.js:462 72.405,382.968,336,336,0.781,-0.268,0.046,-0.02,0,0,0,1,0,0,0,0,0,0,0,0,0,0,0,0,0,0,0,0,426.117,101.482,223.5,154.5,-0.667,-0.521,-0.036,-0.034,54,316.5,113,-2.5,0,0,0,0,0,0,0,0,0,790

Main.js:462 73.19,382.694,336,336,0.785,-0.274,0.046,-0.02,0,0,0,1,0,0,0,0,0,0,0,0,0,0,0,0,0,0,0,0,425.449,100.955,223.5,153,-0.668,-0.527,-0.036,-0.034,53,314,113,-2.5,0,0,0,0,0,0,0,0,0,807

Main.js:462 73.979,382.414,336,336,0.789,-0.28,0.046,-0.02,0,0,0,1,0,0,0,0,0,0,0,0,0,0,0,0,0,0,0,0,424.779,100.421,223.5,151.5,-0.669,-0.534,-0.036,-0.034,52,311.5,113,-2.5,0,0,0,0,0,0,0,0,0,824

Main.js:462 74.772,382.129,336,336,0.793,-0.285,0.046,-0.02,0,0,0,1,0,0,0,0,0,0,0,0,0,0,0,0,0,0,0,0,424.109,99.882,223.5,150,-0.67,-0.54,-0.036,-0.034,51,309,113,-2.5,0,0,0,0,0,0,0,0,0,840

Main.js:462 75.569,381.839,336,336,0.797,-0.29,0.046,-0.02,0,0,0,1,0,0,0,0,0,0,0,0,0,0,0,0,0,0,0,0,423.437,99.336,223.5,148.5,-0.671,-0.545,-0.036,-0.034,50,306.5,113,-2.5,0,0,0,0,0,0,0,0,0,856

Main.js:462 76.369,381.544,336,336,0.8,-0.295,0.046,-0.02,0,0,0,1,0,0,0,0,0,0,0,0,0,0,0,0,0,0,0,0,422.765,98.786,223.5,147,-0.672,-0.551,-0.036,-0.034,49,304,113,-2.5,0,0,0,0,0,0,0,0,0,873

Main.js:462 77.172,381.244,334.5,334.5,0.803,-0.301,0.045,-0.022,0,1,0,1,0,0,0,0,0,0,0,0,0,0,0,0,0,0,0,0,422.092,98.23,223.5,145.5,-0.673,-0.556,-0.036,-0.034,48,301.5,113,-2.5,0,0,0,0,0,0,0,0,0,892

Main.js:462 77.978,380.937,333,333,0.805,-0.307,0.045,-0.023,0,1,0,1,0,0,0,0,0,0,0,0,0,0,0,0,0,0,0,0,421.418,97.669,223.5,144,-0.674,-0.561,-0.036,-0.034,47,299,113,-2.5,0,0,0,0,0,0,0,0,0,906

Main.js:462 78.743,380.645,331.5,331.5,0.765,-0.292,0,0,0,1,0,0,0,0,0,0,0,0,0,0,0,0,0,0,0,0,0,0,420.744,97.103,223.5,142.5,-0.675,-0.565,-0.036,-0.034,46,296.5,113,-2.5,0,0,0,0,0,0,0,0,0,923

Main.js:462 79.469,380.368,330,330,0.727,-0.277,0,0,0,1,0,0,0,0,0,0,0,0,0,0,0,0,0,0,0,0,0,0,420.068,96.534,223.5,141,-0.675,-0.57,-0.036,-0.034,45,294,113,-2.5,0,0,0,0,0,0,0,0,0,940

Main.js:462 80.16,380.104,328.5,328.5,0.69,-0.263,0,0,0,1,0,0,0,0,0,0,0,0,0,0,0,0,0,0,0,0,0,0,419.392,95.96,223.5,139.5,-0.676,-0.574,-0.036,-0.034,44,291.5,113,-2.5,0,0,0,0,0,0,0,0,0,958

Main.js:462 80.816,379.854,327,327,0.656,-0.25,0,0,0,1,0,0,0,0,0,0,0,0,0,0,0,0,0,0,0,0,0,0,418.716,95.381,223.5,138,-0.677,-0.578,-0.036,-0.034,43,289,113,-2.5,0,0,0,0,0,0,0,0,0,973

Main.js:462 81.439,379.617,325.5,325.5,0.623,-0.238,0,0,0,1,0,0,0,0,0,0,0,0,0,0,0,0,0,0,0,0,0,0,418.038,94.8,223.5,136.5,-0.677,-0.582,-0.036,-0.034,42,286.5,113,-2.5,0,0,0,0,0,0,0,0,0,990

Main.js:462 82.031,379.391,324,324,0.592,-0.226,0,0,0,1,0,0,0,0,0,0,0,0,0,0,0,0,0,0,0,0,0,0,417.36,94.214,223.5,135,-0.678,-0.585,-0.036,-0.034,41,284,113,-2.5,0,0,0,0,0,0,0,0,0,1006

Main.js:462 82.593,379.176,322.5,322.5,0.562,-0.214,0,0,0,1,0,0,0,0,0,0,0,0,0,0,0,0,0,0,0,0,0,0,416.681,93.626,222,132,-0.679,-0.588,-0.037,-0.033,40,281.5,113,-2.5,0,0,0,0,0,0,0,0,0,1022

Main.js:462 83.128,378.973,321,321,0.534,-0.204,0,0,0,1,0,0,0,0,0,0,0,0,0,0,0,0,0,0,0,0,0,0,416,93.037,220.5,129,-0.681,-0.589,-0.038,-0.032,39,279,113,-2.5,0,0,0,0,0,0,0,0,0,1040

Main.js:462 83.635,378.779,319.5,319.5,0.508,-0.194,0,0,0,1,0,0,0,0,0,0,0,0,0,0,0,0,0,0,0,0,0,0,415.315,92.447,219,126,-0.684,-0.59,-0.039,-0.031,38,276.5,113,-2.5,0,0,0,0,0,0,0,0,0,1058

Main.js:462 84.117,378.595,318,318,0.482,-0.184,0,0,0,1,0,0,0,0,0,0,0,0,0,0,0,0,0,0,0,0,0,0,414.628,91.858,217.5,123,-0.688,-0.589,-0.04,-0.03,37,274,113,-2.5,0,0,0,0,0,0,0,0,0,1073

Main.js:462 84.575,378.421,316.5,316.5,0.458,-0.175,0,0,0,1,0,0,0,0,0,0,0,0,0,0,0,0,0,0,0,0,0,0,413.936,91.27,216,120,-0.692,-0.588,-0.04,-0.029,36,271.5,113,-2.5,0,0,0,0,0,0,0,0,0,1091

Main.js:462 85.011,378.255,315,315,0.435,-0.166,0,0,99,1,0,0,0,1,0,0,0,0,0,0,0,0,0,0,0,0,0,0,413.239,90.685,214.5,117,-0.696,-0.585,-0.041,-0.028,35,269,113,-2.5,0,0,0,0,0,0,0,0,0,1107

Main.js:462 85.424,378.097,313.5,313.5,0.413,-0.158,0,0,98,1,0,0,0,1,0,0,101.192,361.804,1.768,-1.768,0,0,0,0,0,0,0,0,412.538,90.103,213,114,-0.701,-0.582,-0.042,-0.027,34,266.5,113,-2.5,0,0,0,0,0,0,0,0,0,1122

Main.js:462 85.817,377.947,313.5,313.5,0.393,-0.15,0,0,97,0,0,0,0,1,0,0,102.96,360.036,1.768,-1.768,0,0,0,0,0,0,0,0,411.831,89.525,211.5,111,-0.707,-0.578,-0.043,-0.026,33,264,113,-2.5,0,0,0,0,0,0,0,0,0,1140

Main.js:462 86.19,377.805,313.5,313.5,0.373,-0.142,0,0,96,0,0,0,0,1,0,0,104.728,358.268,1.768,-1.768,0,0,0,0,0,0,0,0,411.119,88.953,210,108,-0.713,-0.572,-0.043,-0.025,32,261.5,113,-2.5,0,0,0,0,0,0,0,0,0,1156

Main.js:462 86.544,377.67,313.5,313.5,0.354,-0.135,0,0,95,0,0,0,0,1,0,0,106.496,356.5,1.768,-1.768,0,0,0,0,0,0,0,0,410.4,88.386,208.5,105,-0.719,-0.566,-0.044,-0.024,31,259,113,-2.5,0,0,0,0,0,0,0,0,0,1174

Main.js:462 86.881,377.541,313.5,313.5,0.337,-0.128,0,0,94,0,0,0,0,1,0,0,108.264,354.732,1.768,-1.768,0,0,0,0,0,0,0,0,409.675,87.826,207,102,-0.725,-0.56,-0.045,-0.023,30,256.5,113,-2.5,0,0,0,0,0,0,0,0,0,1190

Main.js:462 87.201,377.419,313.5,313.5,0.32,-0.122,0,0,93,0,0,0,0,0,0,0,110.031,352.965,1.768,-1.768,0,0,0,0,0,0,0,0,408.943,87.274,205.5,99,-0.732,-0.552,-0.045,-0.022,29,254,113,-2.5,0,0,0,0,0,0,0,0,0,1206

Main.js:462 87.505,377.303,313.5,313.5,0.304,-0.116,0,0,92,0,0,0,0,0,0,0,111.799,351.197,1.768,-1.768,0,0,0,0,0,0,0,0,408.204,86.73,204,96,-0.739,-0.544,-0.046,-0.02,28,251.5,113,-2.5,0,0,0,0,0,0,0,0,0,1224

Main.js:462 87.794,377.193,313.5,313.5,0.289,-0.11,0,0,91,0,0,0,0,0,0,0,113.567,349.429,1.768,-1.768,0,0,0,0,0,0,0,0,407.459,86.195,202.5,93,-0.745,-0.535,-0.046,-0.019,27,249,113,-2.5,0,0,0,0,0,0,0,0,0,1241

Main.js:462 88.068,377.089,313.5,313.5,0.274,-0.105,0,0,90,0,0,0,0,0,0,0,115.335,347.661,1.768,-1.768,0,0,0,0,0,0,0,0,406.706,85.67,201,90,-0.753,-0.525,-0.047,-0.018,26,246.5,113,-2.5,0,0,0,0,0,0,0,0,0,1290

Main.js:462 88.328,376.989,313.5,313.5,0.261,-0.099,0,0,89,0,0,0,0,1,0,0,117.102,345.894,1.768,-1.768,0,0,0,0,0,0,0,0,405.947,85.155,199.5,87,-0.76,-0.515,-0.047,-0.017,25,244,113,-2.5,0,0,0,0,0,0,0,0,0,1306

Main.js:462 88.576,376.895,313.5,313.5,0.248,-0.094,0,0,88,0,0,0,0,1,0,0,118.87,344.126,1.768,-1.768,0,0,0,0,0,0,0,0,405.18,84.652,198,84,-0.767,-0.504,-0.048,-0.015,24,241.5,113,-2.5,0,0,0,0,0,0,0,0,0,1323

Main.js:462 88.811,376.805,313.5,313.5,0.235,-0.09,0,0,87,0,0,0,0,1,0,0,120.638,342.358,1.768,-1.768,0,0,0,0,0,0,0,0,404.406,84.16,196.5,81,-0.774,-0.492,-0.048,-0.014,23,239,113,-2.5,0,0,0,0,0,0,0,0,0,1339

Main.js:462 89.034,376.72,313.5,313.5,0.223,-0.085,0,0,86,0,0,0,0,1,0,0,122.406,340.59,1.768,-1.768,0,0,0,0,0,0,0,0,403.624,83.68,195,78,-0.781,-0.48,-0.048,-0.013,22,236.5,113,-2.5,0,0,0,0,0,0,0,0,0,1356

Main.js:462 89.247,376.639,313.5,313.5,0.212,-0.081,0,0,85,0,0,0,0,1,0,0,124.173,338.823,1.768,-1.768,0,0,0,0,0,0,0,0,402.836,83.213,193.5,75,-0.788,-0.467,-0.049,-0.012,21,234,113,-2.5,0,0,0,0,0,0,0,0,0,1374

Main.js:462 89.481,376.528,313.5,313.5,0.234,-0.111,0.034,-0.036,84,0,0,1,0,1,0,0,125.941,337.055,1.768,-1.768,0,0,0,0,0,0,0,0,402.041,82.76,192,72,-0.795,-0.453,-0.049,-0.01,20,231.5,113,-2.5,0,0,0,0,0,0,0,0,0,1390

Main.js:462 89.736,376.388,313.5,313.5,0.255,-0.14,0.034,-0.036,83,0,0,1,0,1,0,0,127.709,335.287,1.768,-1.768,0,0,0,0,0,0,0,0,401.238,82.321,190.5,69,-0.802,-0.439,-0.049,-0.009,19,229,113,-2.5,0,0,0,0,0,0,0,0,0,1407

Main.js:462 90.011,376.22,313.5,313.5,0.275,-0.168,0.034,-0.036,82,0,0,1,0,0,0,0,129.477,333.519,1.768,-1.768,0,0,0,0,0,0,0,0,400.429,81.896,189,66,-0.809,-0.425,-0.049,-0.008,18,226.5,113,-2.5,0,0,0,0,0,0,0,0,0,1423

Main.js:462 90.306,376.026,313.5,313.5,0.294,-0.194,0.034,-0.036,81,0,0,1,0,0,0,0,131.244,331.752,1.768,-1.768,0,0,0,0,0,0,0,0,399.613,81.486,187.5,63,-0.816,-0.41,-0.05,-0.007,17,224,113,-2.5,0,0,0,0,0,0,0,0,0,1440

Main.js:462 90.619,375.809,315,315,0.313,-0.218,0.035,-0.035,80,0,1,1,0,0,0,0,133.012,329.984,1.768,-1.768,0,0,0,0,0,0,0,0,398.791,81.092,186,60,-0.822,-0.394,-0.05,-0.005,16,221.5,113,-2.5,0,0,0,0,0,0,0,0,0,1456

Main.js:462 90.95,375.569,316.5,316.5,0.332,-0.239,0.036,-0.034,79,0,1,1,0,0,0,0,134.78,328.216,1.768,-1.768,0,0,0,0,0,0,0,0,397.962,80.714,184.5,57,-0.828,-0.378,-0.05,-0.004,15,219,113,-2.5,0,0,0,0,0,0,0,0,0,1473

Main.js:462 91.301,375.31,318,318,0.351,-0.259,0.037,-0.033,78,0,1,1,0,0,0,0,136.548,326.448,1.768,-1.768,0,0,0,0,0,0,0,0,397.128,80.352,183,54,-0.835,-0.362,-0.05,-0.003,14,216.5,113,-2.5,0,0,0,0,0,0,0,0,0,1491

Main.js:462 91.67,375.033,319.5,319.5,0.369,-0.277,0.038,-0.032,77,0,1,1,0,0,0,0,138.316,324.68,1.768,-1.768,0,0,0,0,0,0,0,0,396.288,80.007,181.5,51,-0.84,-0.345,-0.05,-0.001,13,214,113,-2.5,0,0,0,0,0,0,0,0,0,1506

Main.js:462 92.058,374.739,321,321,0.388,-0.293,0.039,-0.031,76,0,1,1,0,0,0,0,140.083,322.913,1.768,-1.768,0,0,0,0,0,0,0,0,395.442,79.679,180,48,-0.846,-0.328,-0.05,0,12,211.5,113,-2.5,0,0,0,0,0,0,0,0,0,1524

Main.js:462 92.464,374.432,322.5,322.5,0.406,-0.307,0.04,-0.03,75,0,1,1,0,0,0,0,141.851,321.145,1.768,-1.768,0,0,0,0,0,0,0,0,394.591,79.369,178.5,45,-0.851,-0.31,-0.05,0.001,11,209,113,-2.5,0,0,0,0,0,0,0,0,0,1540

Main.js:462 92.888,374.112,324,324,0.424,-0.32,0.04,-0.029,74,0,1,1,0,0,0,0,143.619,319.377,1.768,-1.768,0,0,0,0,0,0,0,0,393.735,79.077,177,42,-0.856,-0.292,-0.05,0.003,10,206.5,113,-2.5,0,0,0,0,0,0,0,0,0,1558

Main.js:462 93.33,373.781,325.5,325.5,0.442,-0.331,0.041,-0.028,73,0,1,1,0,0,0,0,145.387,317.609,1.768,-1.768,0,0,0,0,0,0,0,0,392.875,78.803,175.5,39,-0.86,-0.274,-0.05,0.004,9,204,113,-2.5,0,0,0,0,0,0,0,0,0,1573

Main.js:462 93.789,373.441,327,327,0.46,-0.34,0.042,-0.027,72,0,1,1,0,0,0,0,147.154,315.842,1.768,-1.768,0,0,0,0,0,0,0,0,392.01,78.548,174,36,-0.865,-0.255,-0.05,0.005,8,201.5,113,-2.5,0,0,0,0,0,0,0,0,0,1590

Main.js:462 94.267,373.093,328.5,328.5,0.477,-0.348,0.043,-0.026,71,0,1,1,0,0,0,0,148.922,314.074,1.768,-1.768,0,0,0,0,0,0,0,0,391.142,78.312,172.5,33,-0.868,-0.236,-0.05,0.007,7,199,113,-2.5,0,0,0,0,0,0,0,0,0,1608

Main.js:462 94.761,372.739,330,330,0.495,-0.354,0.043,-0.025,70,0,1,1,0,0,0,0,150.69,312.306,1.768,-1.768,0,0,0,0,0,0,0,0,390.27,78.095,171,30,-0.872,-0.217,-0.049,0.008,6,196.5,113,-2.5,0,0,0,0,0,0,0,0,0,1623

Main.js:462 95.273,372.379,331.5,331.5,0.512,-0.359,0.044,-0.024,69,0,1,1,0,0,0,0,152.458,310.538,1.768,-1.768,0,0,0,0,0,0,0,0,389.395,77.897,169.5,27,-0.875,-0.197,-0.049,0.009,5,194,113,-2.5,0,0,0,0,0,0,0,0,0,1640

Main.js:462 95.801,372.016,333,333,0.528,-0.363,0.045,-0.023,68,0,1,1,0,0,0,0,154.225,308.771,1.768,-1.768,0,0,0,0,0,0,0,0,388.517,77.72,168,24,-0.878,-0.178,-0.049,0.01,4,191.5,113,-2.5,0,0,0,0,0,0,0,0,0,1657

Main.js:462 96.346,371.651,334.5,334.5,0.545,-0.365,0.045,-0.022,67,0,1,1,0,0,0,0,155.993,307.003,1.768,-1.768,0,0,0,0,0,0,0,0,387.637,77.562,166.5,21,-0.88,-0.158,-0.049,0.012,3,189,113,-2.5,0,0,0,0,0,0,0,0,0,1672

Main.js:462 96.906,371.285,336,336,0.561,-0.366,0.046,-0.02,66,0,1,1,0,0,0,0,157.761,305.235,1.768,-1.768,0,0,0,0,0,0,0,0,386.755,77.424,165,18,-0.882,-0.138,-0.048,0.013,2,186.5,113,-2.5,0,0,0,0,0,0,0,0,0,1691

Main.js:462 97.483,370.919,337.5,337.5,0.577,-0.366,0.046,-0.019,65,0,1,1,0,0,0,0,159.529,303.467,1.768,-1.768,0,0,0,0,0,0,0,0,385.871,77.307,163.5,15,-0.883,-0.117,-0.048,0.014,1,184,113,-2.5,0,0,0,0,0,0,0,0,0,1708

Main.js:462 98.075,370.554,339,339,0.592,-0.365,0.047,-0.018,64,0,1,1,0,0,0,0,161.297,301.699,1.768,-1.768,0,0,0,0,0,0,0,0,384.987,77.211,162,12,-0.884,-0.097,-0.048,0.015,0,181.5,113,-2.5,0,0,0,0,0,0,0,0,0,1723

Main.js:462 98.682,370.19,339,339,0.607,-0.364,0.047,-0.018,63,0,0,1,0,0,0,0,163.064,299.932,1.768,-1.768,0,0,0,0,0,0,0,0,384.102,77.135,160.5,9,-0.885,-0.076,-0.047,0.017,99,179,113,-2.5,0,0,0,0,0,0,0,0,0,1740

Main.js:462 99.303,369.828,339,339,0.621,-0.362,0.047,-0.018,62,0,0,1,0,0,0,0,164.832,298.164,1.768,-1.768,0,0,0,0,0,0,0,0,383.217,77.08,159,6,-0.885,-0.055,-0.047,0.018,98,176.5,113,-2.5,0,408.198,80.887,2.469,0.391,0,0,0,0,1759

Main.js:462 99.938,369.466,339,339,0.634,-0.361,0.047,-0.018,61,0,0,1,0,0,0,0,166.6,296.396,1.768,-1.768,0,0,0,0,0,0,0,0,382.332,77.045,157.5,3,-0.885,-0.034,-0.046,0.019,97,174,113,-2.5,0,410.667,81.278,2.469,0.391,0,0,0,0,1774

Main.js:462 100.585,369.106,339,339,0.647,-0.36,0.047,-0.018,60,0,0,1,0,0,0,0,168.368,294.628,1.768,-1.768,0,0,0,0,0,0,0,0,381.448,77.032,156,0,-0.884,-0.013,-0.046,0.02,96,171.5,113,-2.5,0,413.136,81.669,2.469,0.391,0,0,0,0,1790

Main.js:462 101.243,368.747,339,339,0.659,-0.359,0.047,-0.018,59,0,0,1,0,0,0,0,170.135,292.861,1.768,-1.768,0,0,0,0,0,0,0,0,380.566,77.04,154.5,357,-0.883,0.008,-0.045,0.022,95,169,113,-2.5,0,415.605,82.06,2.469,0.391,0,0,0,0,1806

Main.js:462 101.914,368.388,339,339,0.67,-0.358,0.047,-0.018,58,0,0,1,0,0,0,0,171.903,291.093,1.768,-1.768,0,0,0,0,0,0,0,0,379.685,77.069,153,354,-0.881,0.029,-0.045,0.023,94,166.5,113,-2.5,0,418.074,82.451,2.469,0.391,0,0,0,0,1824

Main.js:462 102.595,368.031,339,339,0.681,-0.357,0.047,-0.018,57,0,0,1,0,0,0,0,173.671,289.325,1.768,-1.768,0,0,0,0,0,0,0,0,378.807,77.12,151.5,351,-0.878,0.05,-0.044,0.024,93,164,113,-2.5,0,420.544,82.842,2.469,0.391,0,0,0,0,1840

Main.js:462 103.286,367.674,339,339,0.691,-0.357,0.047,-0.018,56,0,0,1,0,0,0,0,175.439,287.557,1.768,-1.768,0,0,0,0,0,0,0,0,377.931,77.191,150,348,-0.876,0.072,-0.043,0.025,92,161.5,113,-2.5,0,423.013,83.233,2.469,0.391,0,0,0,0,1857

Main.js:462 103.987,367.318,339,339,0.701,-0.356,0.047,-0.018,55,0,0,1,0,0,0,0,177.206,285.79,1.768,-1.768,0,0,0,0,0,0,0,0,377.059,77.284,148.5,345,-0.872,0.093,-0.043,0.026,91,159,113,-2.5,0,425.482,83.625,2.469,0.391,0,0,0,0,1875

Main.js:462 104.698,366.963,339,339,0.71,-0.355,0.047,-0.018,54,0,0,1,0,0,0,0,178.974,284.022,1.768,-1.768,0,0,0,0,0,0,0,0,376.19,77.398,147,342,-0.869,0.114,-0.042,0.027,90,156.5,113,-2.5,0,427.951,84.016,2.469,0.391,0,0,0,0,1892

Main.js:462 105.417,366.609,339,339,0.719,-0.354,0.047,-0.018,53,0,0,1,0,0,0,0,180.742,282.254,1.768,-1.768,0,0,0,0,0,0,0,0,375.326,77.533,145.5,339,-0.864,0.135,-0.041,0.028,89,154,113,-2.5,0,430.421,84.407,2.469,0.391,0,0,0,0,1909

Main.js:462 106.145,366.255,339,339,0.728,-0.354,0.047,-0.018,52,0,0,1,0,0,0,0,182.51,280.486,1.768,-1.768,0,0,0,0,0,0,0,0,374.466,77.69,144,336,-0.86,0.156,-0.04,0.029,88,151.5,113,-2.5,0,432.89,84.798,2.469,0.391,0,0,0,0,1924

Main.js:462 106.881,365.902,339,339,0.736,-0.353,0.047,-0.018,51,0,0,1,0,0,0,0,184.278,278.719,1.768,-1.768,0,0,0,0,0,0,0,0,373.612,77.867,142.5,333,-0.854,0.177,-0.04,0.03,87,149,113,-2.5,0,435.359,85.189,2.469,0.391,0,0,0,0,1941

Main.js:462 107.624,365.55,339,339,0.743,-0.352,0.047,-0.018,50,0,0,1,0,0,0,0,186.045,276.951,1.768,-1.768,0,0,0,0,0,0,0,0,372.764,78.066,141,330,-0.848,0.199,-0.039,0.031,86,146.5,113,-2.5,0,437.828,85.58,2.469,0.391,0,0,0,0,1957

Main.js:462 108.374,365.198,339,339,0.75,-0.352,0.047,-0.018,49,0,0,1,0,0,0,0,187.813,275.183,1.768,-1.768,0,0,0,0,0,0,0,0,371.921,78.285,139.5,327,-0.842,0.219,-0.038,0.032,85,144,113,-2.5,0,440.297,85.971,2.469,0.391,0,0,0,0,1974

Main.js:462 109.131,364.847,339,339,0.757,-0.351,0.047,-0.018,48,0,0,1,0,0,0,0,189.581,273.415,1.768,-1.768,0,0,0,0,0,0,0,0,371.086,78.525,138,324,-0.835,0.24,-0.037,0.033,84,141.5,113,-2.5,0,442.767,86.362,2.469,0.391,0,0,0,0,1990

Main.js:462 109.895,364.497,340.5,340.5,0.764,-0.349,0.047,-0.017,47,0,1,1,0,0,0,0,191.349,271.647,1.768,-1.768,0,0,0,0,0,0,0,0,370.258,78.786,136.5,321,-0.828,0.261,-0.036,0.034,83,139,113,-2.5,0,445.236,86.753,2.469,0.391,0,0,0,0,2006

Main.js:462 110.667,364.151,342,342,0.771,-0.347,0.048,-0.015,46,0,1,1,0,0,0,0,193.116,269.88,1.768,-1.768,0,0,0,0,0,0,0,0,369.436,79.066,138,321,-0.822,0.28,-0.037,0.033,82,136.5,113,-2.5,0,447.705,87.144,2.469,0.391,0,0,0,0,2023

Main.js:462 111.445,363.808,343.5,343.5,0.778,-0.343,0.048,-0.014,45,0,1,1,0,0,0,0,194.884,268.112,1.768,-1.768,0,0,0,0,0,0,0,0,368.619,79.363,139.5,321,-0.817,0.297,-0.038,0.032,81,134,113,-2.5,0,450.174,87.535,2.469,0.391,0,0,0,0,2041

Main.js:462 112.23,363.47,345,345,0.785,-0.338,0.048,-0.013,44,0,1,1,0,0,0,0,196.652,266.344,1.768,-1.768,0,0,0,0,0,0,0,0,367.806,79.674,141,321,-0.813,0.312,-0.039,0.031,80,131.5,113,-2.5,0,452.644,87.926,2.469,0.391,0,0,0,0,2057

Main.js:462 113.021,363.136,345,345,0.792,-0.333,0.048,-0.013,43,0,0,1,0,0,0,0,198.42,264.576,1.768,-1.768,0,0,0,0,0,0,0,0,366.996,79.999,142.5,321,-0.81,0.325,-0.04,0.03,79,129,113,-2.5,0,455.113,88.318,2.469,0.391,0,0,0,0,2073

Main.js:462 113.819,362.807,345,345,0.798,-0.329,0.048,-0.013,42,0,0,1,0,0,0,0,200.187,262.809,1.768,-1.768,0,0,0,0,0,0,0,0,366.188,80.336,144,321,-0.808,0.337,-0.04,0.029,78,126.5,113,-2.5,0,457.582,88.709,2.469,0.391,0,0,0,0,2090

Main.js:462 114.623,362.483,345,345,0.804,-0.325,0.048,-0.013,41,0,0,1,0,0,0,0,201.955,261.041,1.768,-1.768,0,0,0,0,0,0,0,0,365.382,80.682,145.5,321,-0.807,0.347,-0.041,0.028,77,124,113,-2.5,0,460.051,89.1,2.469,0.391,0,0,0,0,2107

Main.js:462 115.433,362.162,345,345,0.81,-0.321,0.048,-0.013,40,0,0,1,0,0,0,0,203.723,259.273,1.768,-1.768,0,0,0,0,0,0,0,0,364.575,81.038,147,321,-0.806,0.355,-0.042,0.027,76,121.5,113,-2.5,0,462.52,89.491,2.469,0.391,0,0,0,0,2124

Main.js:462 116.248,361.844,345,345,0.815,-0.317,0.048,-0.013,39,0,0,1,0,0,0,0,205.491,257.505,1.768,-1.768,0,0,0,0,0,0,0,0,363.769,81.4,148.5,321,-0.806,0.362,-0.043,0.026,75,119,113,-2.5,0,464.99,89.882,2.469,0.391,0,0,0,0,2140

Main.js:462 117.068,361.531,345,345,0.82,-0.314,0.048,-0.013,38,0,0,1,0,0,0,0,207.258,255.738,1.768,-1.768,0,0,0,0,0,0,0,0,362.962,81.768,150,321,-0.807,0.368,-0.043,0.025,74,116.5,113,-2.5,0,467.459,90.273,2.469,0.391,0,0,0,0,2156

Main.js:462 117.893,361.221,345,345,0.825,-0.31,0.048,-0.013,37,0,0,1,0,0,0,0,209.026,253.97,1.768,-1.768,0,0,0,0,0,0,0,0,362.153,82.14,151.5,321,-0.809,0.372,-0.044,0.024,73,114,113,-2.5,0,469.928,90.664,2.469,0.391,0,0,0,0,2174

Main.js:462 118.723,360.914,345,345,0.83,-0.307,0.048,-0.013,36,0,0,1,0,0,0,0,210.794,252.202,1.768,-1.768,0,0,0,0,0,0,0,0,361.343,82.515,153,321,-0.81,0.375,-0.045,0.023,72,111.5,113,-2.5,0,472.397,91.055,2.469,0.391,0,0,0,0,2191

Main.js:462 119.557,360.609,343.5,343.5,0.834,-0.305,0.048,-0.014,35,1,0,1,0,0,0,0,212.562,250.434,1.768,-1.768,0,0,0,0,0,0,0,0,360.53,82.892,154.5,321,-0.813,0.377,-0.045,0.022,71,109,113,-2.5,0,474.867,91.446,2.469,0.391,0,0,0,0,2207

Main.js:462 120.394,360.304,342,342,0.837,-0.305,0.048,-0.015,34,1,0,1,0,0,0,0,214.33,248.666,1.768,-1.768,0,0,0,0,0,0,0,0,359.714,83.269,156,321,-0.816,0.377,-0.046,0.02,70,106.5,113,-2.5,0,477.336,91.837,2.469,0.391,0,0,0,0,2224

Main.js:462 121.234,359.999,340.5,340.5,0.84,-0.305,0.047,-0.017,33,1,0,1,0,0,0,0,216.097,246.899,1.768,-1.768,0,0,0,0,0,0,0,0,358.895,83.646,157.5,321,-0.819,0.377,-0.046,0.019,69,104,113,-2.5,0,479.805,92.228,2.469,0.391,0,0,0,0,2239

Main.js:462 122.077,359.692,339,339,0.842,-0.307,0.047,-0.018,32,1,0,1,0,0,0,0,217.865,245.131,1.768,-1.768,0,0,0,0,0,0,0,0,358.073,84.021,159,321,-0.822,0.375,-0.047,0.018,68,101.5,113,-2.5,0,482.274,92.619,2.469,0.391,0,0,0,0,2269

Main.js:462 122.921,359.382,337.5,337.5,0.844,-0.31,0.046,-0.019,31,1,0,1,0,0,0,0,219.633,243.363,1.768,-1.768,0,0,0,0,0,0,0,0,357.248,84.393,160.5,321,-0.826,0.372,-0.047,0.017,67,99,113,-2.5,0,484.743,93.011,2.469,0.391,0,0,0,0,2290

Main.js:462 123.766,359.068,336,336,0.845,-0.314,0.046,-0.02,30,1,0,1,0,0,0,0,221.401,241.595,1.768,-1.768,0,0,0,0,0,0,0,0,356.418,84.761,162,321,-0.83,0.368,-0.048,0.015,66,96.5,113,-2.5,0,487.213,93.402,2.469,0.391,0,0,0,0,2305

Main.js:462 124.612,358.75,334.5,334.5,0.846,-0.318,0.045,-0.022,29,1,0,1,0,0,0,0,223.168,239.828,1.768,-1.768,0,0,0,0,0,0,0,0,355.584,85.124,163.5,321,-0.834,0.363,-0.048,0.014,65,94,113,-2.5,0,489.682,93.793,2.469,0.391,0,0,0,0,2322

Main.js:462 125.458,358.426,333,333,0.846,-0.324,0.045,-0.023,28,1,0,1,0,0,0,0,224.936,238.06,1.768,-1.768,0,0,0,0,0,0,0,0,354.746,85.481,165,321,-0.838,0.357,-0.048,0.013,64,91.5,113,-2.5,0,492.151,94.184,2.469,0.391,0,0,0,0,2339

Main.js:462 126.304,358.096,331.5,331.5,0.845,-0.33,0.044,-0.024,27,1,0,1,0,0,0,0,226.704,236.292,1.768,-1.768,0,0,0,0,0,0,0,0,353.904,85.831,166.5,321,-0.842,0.35,-0.049,0.012,63,89,113,-2.5,0,494.62,94.575,2.469,0.391,0,0,0,0,2356

Main.js:462 127.148,357.758,330,330,0.844,-0.338,0.043,-0.025,26,1,0,1,0,0,0,0,228.472,234.524,1.768,-1.768,0,0,0,0,0,0,0,0,353.058,86.174,168,321,-0.847,0.343,-0.049,0.01,62,86.5,113,-2.5,0,497.09,94.966,2.469,0.391,0,0,0,0,2373

Main.js:462 127.991,357.412,328.5,328.5,0.843,-0.346,0.043,-0.026,25,1,0,1,0,0,0,0,230.239,232.757,1.768,-1.768,0,0,0,0,0,0,0,0,352.207,86.509,169.5,321,-0.851,0.334,-0.049,0.009,61,84,113,-2.5,0,499.559,95.357,2.469,0.391,0,0,0,0,2390

Main.js:462 128.831,357.058,327,327,0.84,-0.354,0.042,-0.027,24,1,0,1,0,0,0,0,232.007,230.989,1.768,-1.768,0,0,0,0,0,0,0,0,351.351,86.834,171,321,-0.855,0.325,-0.049,0.008,60,81.5,113,-2.5,0,0,0,0,0,0,0,0,0,2407

Main.js:462 129.669,356.695,325.5,325.5,0.837,-0.363,0.041,-0.028,23,1,0,1,0,0,0,0,233.775,229.221,1.768,-1.768,0,0,0,0,0,0,0,0,350.492,87.149,172.5,321,-0.86,0.315,-0.05,0.007,59,79,113,-2.5,0,0,0,0,0,0,0,0,0,2423

Main.js:462 130.503,356.321,324,324,0.834,-0.373,0.04,-0.029,22,1,0,1,0,0,0,0,235.543,227.453,1.768,-1.768,0,0,0,0,0,0,0,0,349.628,87.453,174,321,-0.864,0.304,-0.05,0.005,58,76.5,113,-2.5,0,0,0,0,0,0,0,0,0,2441

Main.js:462 131.295,355.967,322.5,322.5,0.792,-0.355,0,0,21,1,0,0,0,0,0,0,237.311,225.685,1.768,-1.768,0,0,0,0,0,0,0,0,348.76,87.746,175.5,321,-0.868,0.293,-0.05,0.004,57,74,113,-2.5,0,0,0,0,0,0,0,0,0,2458

Main.js:462 132.048,355.63,321,321,0.753,-0.337,0,0,20,1,0,0,0,0,0,0,239.078,223.918,1.768,-1.768,0,0,0,0,0,0,0,0,347.888,88.026,177,321,-0.872,0.281,-0.05,0.003,56,71.5,113,-2.5,0,0,0,0,0,0,0,0,0,2474

Main.js:462 132.763,355.31,319.5,319.5,0.715,-0.32,0,0,19,1,0,0,0,0,0,0,240.846,222.15,1.768,-1.768,0,0,0,0,0,0,0,0,347.012,88.294,178.5,321,-0.876,0.268,-0.05,0.001,55,69,113,-2.5,0,0,0,0,0,0,0,0,0,2490

Main.js:462 133.442,355.006,318,318,0.679,-0.304,0,0,18,1,0,0,0,0,0,0,242.614,220.382,1.768,-1.768,0,0,0,0,0,0,0,0,346.132,88.548,180,321,-0.88,0.254,-0.05,0,54,66.5,113,-2.5,0,0,0,0,0,0,0,0,0,2508

Main.js:462 134.087,354.717,316.5,316.5,0.645,-0.289,0,0,17,1,0,0,0,0,0,0,244.382,218.614,1.768,-1.768,0,0,0,0,0,0,0,0,345.249,88.79,180,319.5,-0.883,0.242,-0.05,0,53,64,113,-2.5,0,0,0,0,0,0,0,0,0,2525

Main.js:462 134.7,354.443,315,315,0.613,-0.274,0,0,16,1,0,0,0,0,0,0,246.149,216.847,1.768,-1.768,0,0,0,0,0,0,0,0,344.362,89.02,180,318,-0.887,0.23,-0.05,0,52,61.5,113,-2.5,0,0,0,0,0,0,0,0,0,2540

Main.js:462 135.283,354.182,313.5,313.5,0.582,-0.261,0,0,15,1,0,0,0,0,0,0,247.917,215.079,1.768,-1.768,0,0,0,0,0,0,0,0,343.473,89.238,180,316.5,-0.89,0.218,-0.05,0,51,59,113,-2.5,0,0,0,0,0,0,0,0,0,2557

Main.js:462 135.836,353.935,312,312,0.553,-0.248,0,0,14,1,0,0,0,0,0,0,249.685,213.311,1.768,-1.768,0,0,0,0,0,0,0,0,342.58,89.445,180,315,-0.893,0.207,-0.05,0,50,56.5,113,-2.5,0,0,0,0,0,0,0,0,0,2574

Main.js:462 136.362,353.7,310.5,310.5,0.526,-0.235,0,0,13,1,0,0,0,0,0,0,251.453,211.543,1.768,-1.768,0,0,0,0,0,0,0,0,341.684,89.642,180,313.5,-0.896,0.197,-0.05,0,49,54,113,-2.5,0,0,0,0,0,0,0,0,0,2589

Main.js:462 136.861,353.476,309,309,0.499,-0.223,0,0,12,1,0,0,0,0,0,0,253.22,209.776,1.768,-1.768,0,0,0,0,0,0,0,0,340.786,89.829,180,312,-0.898,0.187,-0.05,0,48,51.5,113,-2.5,0,0,0,0,0,0,0,0,0,2607

Main.js:462 137.336,353.264,307.5,307.5,0.474,-0.212,0,0,11,1,0,0,0,0,0,0,254.988,208.008,1.768,-1.768,0,0,0,0,0,0,0,0,339.885,90.006,180,310.5,-0.901,0.178,-0.05,0,47,49,113,-2.5,0,0,0,0,0,0,0,0,0,2624

Main.js:462 137.786,353.062,306,306,0.451,-0.202,0,0,10,1,0,0,0,0,0,0,256.756,206.24,1.768,-1.768,0,0,0,0,0,0,0,0,338.982,90.175,180,309,-0.903,0.169,-0.05,0,46,46.5,113,-2.5,0,0,0,0,0,0,0,0,0,2639

Main.js:462 138.214,352.871,304.5,304.5,0.428,-0.192,0,0,9,1,0,0,0,0,0,0,258.524,204.472,1.768,-1.768,0,0,0,0,0,0,0,0,338.076,90.336,180,307.5,-0.906,0.16,-0.05,0,45,44,113,-2.5,0,0,0,0,0,0,0,0,0,2657

Main.js:462 138.621,352.689,303,303,0.407,-0.182,0,0,8,1,0,0,0,0,0,0,260.291,202.705,1.768,-1.768,0,0,0,0,0,0,0,0,337.168,90.488,180,306,-0.908,0.152,-0.05,0,44,41.5,113,-2.5,0,0,0,0,0,0,0,0,0,2673

Main.js:462 139.007,352.516,301.5,301.5,0.386,-0.173,0,0,7,1,0,0,0,0,0,0,262.059,200.937,1.768,-1.768,0,0,0,0,0,0,0,0,336.258,90.633,180,304.5,-0.91,0.145,-0.05,0,43,39,113,-2.5,0,0,0,0,0,0,0,0,0,2690

Main.js:462 139.375,352.352,300,300,0.367,-0.164,0,0,6,1,0,0,0,0,0,0,263.827,199.169,1.768,-1.768,0,0,0,0,0,0,0,0,335.346,90.77,180,303,-0.912,0.137,-0.05,0,42,36.5,113,-2.5,0,0,0,0,0,0,0,0,0,2707

Main.js:462 139.723,352.196,298.5,298.5,0.349,-0.156,0,0,5,1,0,0,0,0,0,0,265.595,197.401,1.768,-1.768,0,0,0,0,0,0,0,0,334.432,90.901,180,301.5,-0.914,0.131,-0.05,0,41,34,113,-2.5,0,0,0,0,0,0,0,0,0,2724

Main.js:462 140.055,352.047,298.5,298.5,0.331,-0.148,0,0,4,0,0,0,0,1,0,0,267.363,195.633,1.768,-1.768,0,0,0,0,0,0,0,0,333.517,91.025,180,300,-0.916,0.124,-0.05,0,40,31.5,113,-2.5,0,0,0,0,0,0,0,0,0,2741

Main.js:462 140.369,351.907,298.5,298.5,0.315,-0.141,0,0,3,0,0,0,0,1,0,0,269.13,193.866,1.768,-1.768,0,0,0,0,0,0,0,0,332.599,91.143,180,298.5,-0.917,0.118,-0.05,0,39,29,113,-2.5,0,0,0,0,0,0,0,0,0,2757

Main.js:462 140.668,351.773,298.5,298.5,0.299,-0.134,0,0,2,0,0,0,0,1,0,0,270.898,192.098,1.768,-1.768,0,0,0,0,0,0,0,0,331.68,91.254,180,297,-0.919,0.112,-0.05,0,38,26.5,113,-2.5,0,0,0,0,0,0,0,0,0,2773

Main.js:462 140.952,351.646,298.5,298.5,0.284,-0.127,0,0,1,0,0,0,0,1,0,0,272.666,190.33,1.768,-1.768,0,0,0,0,0,0,0,0,330.76,91.361,180,295.5,-0.921,0.106,-0.05,0,37,24,113,-2.5,0,0,0,0,0,0,0,0,0,2790

Main.js:462 141.222,351.525,298.5,298.5,0.27,-0.121,0,0,0,0,0,0,0,1,0,0,274.434,188.562,1.768,-1.768,0,0,0,0,0,0,0,0,329.838,91.462,180,294,-0.922,0.101,-0.05,0,36,21.5,113,-2.5,0,0,0,0,0,0,0,0,0,2805

Main.js:462 141.478,351.41,298.5,298.5,0.256,-0.115,0,0,0,0,0,0,0,0,0,0,276.201,186.795,1.768,-1.768,0,0,0,0,0,0,0,0,328.914,91.558,180,292.5,-0.923,0.096,-0.05,0,35,19,113,-2.5,0,0,0,0,0,0,0,0,0,2823

Main.js:462 141.722,351.301,298.5,298.5,0.244,-0.109,0,0,0,0,0,0,0,0,0,0,277.969,185.027,1.768,-1.768,0,0,0,0,0,0,0,0,327.989,91.649,180,291,-0.925,0.091,-0.05,0,34,16.5,113,-2.5,0,0,0,0,0,0,0,0,0,2840

Main.js:462 141.953,351.198,298.5,298.5,0.231,-0.104,0,0,0,0,0,0,0,0,0,0,279.737,183.259,1.768,-1.768,0,0,0,0,0,0,0,0,327.063,91.736,180,289.5,-0.926,0.087,-0.05,0,33,14,113,-2.5,0,0,0,0,0,0,0,0,0,2857

Main.js:462 142.173,351.099,298.5,298.5,0.22,-0.098,0,0,0,0,0,0,0,0,0,0,281.505,181.491,1.768,-1.768,0,0,0,0,0,0,0,0,326.136,91.818,180,288,-0.927,0.082,-0.05,0,32,11.5,113,-2.5,0,0,0,0,0,0,0,0,0,2873

Main.js:462 142.382,351.006,298.5,298.5,0.209,-0.093,0,0,99,0,0,0,0,1,0,0,283.272,179.724,1.768,-1.768,0,0,0,0,0,0,0,0,325.208,91.896,180,286.5,-0.928,0.078,-0.05,0,31,9,113,-2.5,0,0,0,0,0,0,0,0,0,2891

Main.js:462 142.58,350.917,298.5,298.5,0.198,-0.089,0,0,98,0,0,0,0,1,0,0,285.04,177.956,1.768,-1.768,153.386,330.447,1.193,-2.197,0,0,0,0,324.278,91.971,180,285,-0.929,0.074,-0.05,0,30,6.5,113,-2.5,0,0,0,0,0,0,0,0,0,2908

Main.js:462 142.769,350.833,298.5,298.5,0.188,-0.084,0,0,97,0,0,0,0,1,0,0,286.808,176.188,1.768,-1.768,154.579,328.25,1.193,-2.197,0,0,0,0,323.348,92.041,180,283.5,-0.93,0.071,-0.05,0,29,4,113,-2.5,0,0,0,0,0,0,0,0,0,2924

Main.js:462 142.948,350.753,298.5,298.5,0.179,-0.08,0,0,96,0,0,0,0,1,0,0,288.576,174.42,1.768,-1.768,155.772,326.053,1.193,-2.197,0,0,0,0,322.416,92.108,180,282,-0.931,0.067,-0.05,0,28,1.5,113,-2.5,0,0,0,0,0,0,0,0,0,2940

Main.js:462 143.118,350.677,298.5,298.5,0.17,-0.076,0,0,95,0,0,0,0,1,0,0,288.576,174.42,1.768,-1.768,156.965,323.856,1.193,-2.197,0,0,0,0,321.484,92.172,180,280.5,-0.932,0.064,-0.05,0,27,0,0,0,0,0,0,0,0,0,0,0,0,2957

Main.js:462 143.279,350.604,298.5,298.5,0.162,-0.072,0,0,94,0,0,0,0,1,0,0,290.344,172.652,1.768,-1.768,158.158,321.659,1.193,-2.197,0,0,0,0,320.551,92.232,180,279,-0.933,0.061,-0.05,0,26,0,0,0,0,0,0,0,0,0,0,0,0,2973

Main.js:462 143.433,350.536,298.5,298.5,0.153,-0.069,0,0,93,0,0,0,0,1,0,0,292.111,170.885,1.768,-1.768,159.351,319.462,1.193,-2.197,0,0,0,0,319.616,92.29,180,277.5,-0.934,0.057,-0.05,0,25,0,0,0,0,0,0,0,0,0,0,0,0,2989

Main.js:462 143.601,350.429,298.5,298.5,0.168,-0.107,0.024,-0.044,92,0,0,1,0,0,0,0,293.879,169.117,1.768,-1.768,160.544,317.265,1.193,-2.197,0,0,0,0,318.682,92.344,180,276,-0.935,0.055,-0.05,0,24,0,0,0,0,0,0,0,0,0,0,0,0,3007

Main.js:462 143.784,350.285,298.5,298.5,0.183,-0.143,0.024,-0.044,91,0,0,1,0,0,0,0,295.647,167.349,1.768,-1.768,161.737,315.068,1.193,-2.197,0,0,0,0,317.746,92.398,178.5,273,-0.936,0.053,-0.05,0.001,23,0,0,0,0,0,0,0,0,0,0,0,0,3024

Main.js:462 143.98,350.107,298.5,298.5,0.196,-0.178,0.024,-0.044,90,0,0,1,0,0,0,0,297.415,165.581,1.768,-1.768,162.93,312.871,1.193,-2.197,0,0,0,0,316.81,92.45,177,270,-0.936,0.053,-0.05,0.003,22,0,0,0,0,0,0,0,0,0,0,0,0,3040

Main.js:462 144.189,349.897,298.5,298.5,0.209,-0.211,0.024,-0.044,89,0,0,1,0,0,0,0,299.182,163.814,1.768,-1.768,164.122,310.674,1.193,-2.197,0,0,0,0,315.873,92.505,175.5,267,-0.937,0.054,-0.05,0.004,21,0,0,0,0,0,0,0,0,0,0,0,0,3057

Main.js:462 144.411,349.655,298.5,298.5,0.221,-0.242,0.024,-0.044,88,0,0,1,0,0,0,0,300.95,162.046,1.768,-1.768,165.315,308.477,1.193,-2.197,0,0,0,0,314.936,92.561,174,264,-0.937,0.056,-0.05,0.005,20,0,0,0,0,0,0,0,0,0,0,0,0,3075

Main.js:462 144.644,349.383,298.5,298.5,0.233,-0.272,0.024,-0.044,87,0,0,1,0,0,0,0,302.718,160.278,1.768,-1.768,166.508,306.28,1.193,-2.197,0,0,0,0,313.998,92.62,172.5,261,-0.937,0.06,-0.05,0.007,19,0,0,0,0,0,0,0,0,0,0,0,0,3089

Main.js:462 144.887,349.083,298.5,298.5,0.244,-0.3,0.024,-0.044,86,0,0,1,0,0,0,0,304.486,158.51,1.768,-1.768,167.701,304.083,1.193,-2.197,0,0,0,0,313.061,92.685,171,258,-0.938,0.064,-0.049,0.008,18,0,0,0,0,0,0,0,0,0,0,0,0,3107

Main.js:462 145.142,348.757,298.5,298.5,0.254,-0.327,0.024,-0.044,85,0,0,1,0,0,0,0,306.253,156.743,1.768,-1.768,168.894,301.886,1.193,-2.197,0,0,0,0,312.123,92.754,169.5,255,-0.937,0.07,-0.049,0.009,17,0,0,0,0,0,0,0,0,0,0,0,0,3122

Main.js:462 145.406,348.405,298.5,298.5,0.264,-0.352,0.024,-0.044,84,0,0,1,0,0,0,0,308.021,154.975,1.768,-1.768,170.087,299.689,1.193,-2.197,0,0,0,0,311.186,92.83,168,252,-0.937,0.076,-0.049,0.01,16,0,0,0,0,0,0,0,0,0,0,0,0,3140

Main.js:462 145.68,348.029,298.5,298.5,0.274,-0.376,0.024,-0.044,83,0,0,1,0,0,0,0,309.789,153.207,1.768,-1.768,171.28,297.492,1.193,-2.197,0,0,0,0,310.25,92.913,166.5,249,-0.936,0.083,-0.049,0.012,15,0,0,0,0,0,0,0,0,0,0,0,0,3158

Main.js:462 145.963,347.63,298.5,298.5,0.283,-0.399,0.024,-0.044,82,0,0,1,0,0,0,0,311.557,151.439,1.768,-1.768,172.473,295.295,1.193,-2.197,0,0,0,0,309.315,93.005,165,246,-0.935,0.091,-0.048,0.013,14,0,0,0,0,0,0,0,0,0,0,0,0,3174

Main.js:462 146.255,347.209,300,300,0.292,-0.42,0.025,-0.043,81,0,1,1,0,0,0,0,313.324,149.672,1.768,-1.768,173.666,293.098,1.193,-2.197,0,0,0,0,308.381,93.105,163.5,243,-0.934,0.1,-0.048,0.014,13,0,0,0,0,0,0,0,0,0,0,0,0,3190

Main.js:462 146.558,346.77,301.5,301.5,0.303,-0.44,0.026,-0.043,80,0,1,1,0,0,0,0,315.092,147.904,1.768,-1.768,174.859,290.9,1.193,-2.197,0,0,0,0,307.448,93.215,162,240,-0.933,0.11,-0.048,0.015,12,0,0,0,0,0,0,0,0,0,0,0,0,3207

Main.js:462 146.871,346.312,303,303,0.313,-0.458,0.027,-0.042,79,0,1,1,0,0,0,0,316.86,146.136,1.768,-1.768,176.051,288.703,1.193,-2.197,0,0,0,0,306.517,93.335,160.5,237,-0.931,0.12,-0.047,0.017,11,0,0,0,0,0,0,0,0,0,0,0,0,3223

Main.js:462 147.196,345.838,304.5,304.5,0.325,-0.474,0.028,-0.041,78,0,1,1,0,0,0,0,318.628,144.368,1.768,-1.768,177.244,286.506,1.193,-2.197,0,0,0,0,305.589,93.467,159,234,-0.929,0.131,-0.047,0.018,10,0,0,0,0,0,0,0,0,0,0,0,0,3241

Main.js:462 147.532,345.35,306,306,0.336,-0.489,0.029,-0.04,77,0,1,1,0,0,0,0,320.396,142.6,1.768,-1.768,178.437,284.309,1.193,-2.197,0,0,0,0,304.663,93.61,157.5,231,-0.926,0.143,-0.046,0.019,9,0,0,0,0,0,0,0,0,0,0,0,0,3257

Main.js:462 147.88,344.848,307.5,307.5,0.348,-0.502,0.03,-0.04,76,0,1,1,0,0,0,0,322.163,140.833,1.768,-1.768,179.63,282.112,1.193,-2.197,0,0,0,0,303.74,93.765,156,228,-0.923,0.155,-0.046,0.02,8,0,0,0,0,0,0,0,0,0,0,0,0,3273

Main.js:462 148.241,344.334,309,309,0.361,-0.514,0.031,-0.039,75,0,1,1,0,0,0,0,323.931,139.065,1.768,-1.768,180.823,279.915,1.193,-2.197,0,0,0,0,302.82,93.933,154.5,225,-0.92,0.168,-0.045,0.022,7,0,0,0,0,0,0,0,0,0,0,0,0,3290

Main.js:462 148.615,343.81,310.5,310.5,0.374,-0.524,0.032,-0.038,74,0,1,1,0,0,0,0,325.699,137.297,1.768,-1.768,182.016,277.718,1.193,-2.197,0,0,0,0,301.904,94.114,153,222,-0.916,0.181,-0.045,0.023,6,0,0,0,0,0,0,0,0,0,0,0,0,3306

Main.js:462 149.001,343.277,312,312,0.387,-0.533,0.033,-0.037,73,0,1,1,0,0,0,0,327.467,135.529,1.768,-1.768,183.209,275.521,1.193,-2.197,0,0,0,0,300.992,94.308,151.5,219,-0.912,0.195,-0.044,0.024,5,0,0,0,0,0,0,0,0,0,0,0,0,3323

Main.js:462 149.401,342.736,313.5,313.5,0.4,-0.541,0.034,-0.036,72,0,1,1,0,0,0,0,329.234,133.762,1.768,-1.768,184.402,273.324,1.193,-2.197,0,0,0,0,300.084,94.517,150,216,-0.908,0.209,-0.043,0.025,4,0,0,0,0,0,0,0,0,0,0,0,0,3340

Main.js:462 149.815,342.188,315,315,0.414,-0.548,0.035,-0.035,71,0,1,1,0,0,0,0,331.002,131.994,1.768,-1.768,185.595,271.127,1.193,-2.197,0,0,0,0,299.181,94.74,148.5,213,-0.903,0.223,-0.043,0.026,3,0,0,0,0,0,0,0,0,0,0,0,0,3357

Main.js:462 150.243,341.635,316.5,316.5,0.427,-0.553,0.036,-0.034,70,0,1,1,0,0,0,0,332.77,130.226,1.768,-1.768,186.787,268.93,1.193,-2.197,0,0,0,0,298.284,94.978,147,210,-0.897,0.238,-0.042,0.027,2,0,0,0,0,0,0,0,0,0,0,0,0,3373

Main.js:462 150.684,341.078,318,318,0.441,-0.557,0.037,-0.033,69,0,1,1,0,0,0,0,334.538,128.458,1.768,-1.768,187.98,266.733,1.193,-2.197,0,0,0,0,297.392,95.23,145.5,207,-0.892,0.253,-0.041,0.028,1,0,0,0,0,0,0,0,0,0,0,0,0,3390

Main.js:462 151.139,340.518,319.5,319.5,0.455,-0.56,0.038,-0.032,68,0,1,1,0,0,0,0,336.305,126.691,1.768,-1.768,189.173,264.536,1.193,-2.197,0,0,0,0,296.507,95.498,144,204,-0.886,0.268,-0.04,0.029,0,0,0,0,0,0,0,0,0,0,0,0,0,3407

Main.js:462 151.609,339.956,321,321,0.47,-0.562,0.039,-0.031,67,0,1,1,0,0,0,0,338.073,124.923,1.768,-1.768,190.366,262.339,1.193,-2.197,0,0,0,0,295.628,95.782,142.5,201,-0.879,0.284,-0.04,0.03,99,0,0,0,0,0,0,0,0,0,0,0,0,3424

Main.js:462 152.093,339.394,322.5,322.5,0.484,-0.563,0.04,-0.03,66,0,1,1,0,0,0,0,339.841,123.155,1.768,-1.768,191.559,260.142,1.193,-2.197,0,0,0,0,294.756,96.081,141,198,-0.872,0.299,-0.039,0.031,98,274.567,87.077,-2.334,-0.896,0,0,0,0,0,0,0,0,3440

Main.js:462 152.591,338.831,324,324,0.498,-0.562,0.04,-0.029,65,0,1,1,0,0,0,0,341.609,121.387,1.768,-1.768,192.752,257.945,1.193,-2.197,0,0,0,0,293.891,96.396,139.5,195,-0.864,0.315,-0.038,0.032,97,272.233,86.181,-2.334,-0.896,0,0,0,0,0,0,0,0,3457

Main.js:462 153.103,338.27,325.5,325.5,0.512,-0.561,0.041,-0.028,64,0,1,1,0,0,0,0,343.377,119.619,1.768,-1.768,193.945,255.748,1.193,-2.197,0,0,0,0,293.035,96.727,138,192,-0.857,0.331,-0.037,0.033,96,269.9,85.285,-2.334,-0.896,0,0,0,0,0,0,0,0,3474

Main.js:462 153.63,337.711,327,327,0.526,-0.559,0.042,-0.027,63,0,1,1,0,0,0,0,345.144,117.852,1.768,-1.768,195.138,253.551,1.193,-2.197,0,0,0,0,292.187,97.075,136.5,189,-0.848,0.347,-0.036,0.034,95,267.566,84.389,-2.334,-0.896,0,0,0,0,0,0,0,0,3491

Main.js:462 154.17,337.155,328.5,328.5,0.541,-0.556,0.043,-0.026,62,0,1,1,0,0,0,0,346.912,116.084,1.768,-1.768,196.331,251.354,1.193,-2.197,0,0,0,0,291.347,97.438,135,186,-0.839,0.364,-0.035,0.035,94,265.232,83.493,-2.334,-0.896,0,0,0,0,0,0,0,0,3507

Main.js:462 154.725,336.603,330,330,0.555,-0.552,0.043,-0.025,61,0,1,1,0,0,0,0,348.68,114.316,1.768,-1.768,197.524,249.157,1.193,-2.197,0,0,0,0,290.517,97.818,133.5,183,-0.83,0.38,-0.034,0.036,93,262.898,82.597,-2.334,-0.896,0,0,0,0,0,0,0,0,3523

Main.js:462 155.294,336.056,331.5,331.5,0.569,-0.547,0.044,-0.024,60,0,1,1,0,0,0,0,350.448,112.548,1.768,-1.768,198.716,246.96,1.193,-2.197,0,0,0,0,289.697,98.214,132,180,-0.82,0.396,-0.033,0.037,92,260.564,81.701,-2.334,-0.896,0,0,0,0,0,0,0,0,3542

Main.js:462 155.876,335.515,333,333,0.583,-0.541,0.045,-0.023,59,0,1,1,0,0,0,0,352.215,110.781,1.768,-1.768,199.909,244.763,1.193,-2.197,0,0,0,0,288.887,98.627,130.5,177,-0.81,0.412,-0.032,0.038,91,258.23,80.805,-2.334,-0.896,0,0,0,0,0,0,0,0,3558

Main.js:462 156.473,334.98,334.5,334.5,0.596,-0.535,0.045,-0.022,58,0,1,1,0,0,0,0,353.983,109.013,1.768,-1.768,201.102,242.566,1.193,-2.197,0,0,0,0,288.087,99.055,129,174,-0.8,0.429,-0.031,0.039,90,255.896,79.909,-2.334,-0.896,0,0,0,0,0,0,0,0,3574

Main.js:462 157.083,334.453,336,336,0.61,-0.527,0.046,-0.02,57,0,1,1,0,0,0,0,355.751,107.245,1.768,-1.768,202.295,240.368,1.193,-2.197,0,0,0,0,287.299,99.5,127.5,171,-0.788,0.445,-0.03,0.04,89,253.562,79.013,-2.334,-0.896,0,0,0,0,0,0,0,0,3591

Main.js:462 157.706,333.934,337.5,337.5,0.623,-0.519,0.046,-0.019,56,0,1,1,0,0,0,0,357.519,105.477,1.768,-1.768,203.488,238.171,1.193,-2.197,0,0,0,0,286.522,99.962,126,168,-0.777,0.461,-0.029,0.04,88,251.228,78.118,-2.334,-0.896,0,0,0,0,0,0,0,0,3606

Main.js:462 158.343,333.424,339,339,0.637,-0.51,0.047,-0.018,55,0,1,1,0,0,0,0,359.286,103.71,1.768,-1.768,204.681,235.974,1.193,-2.197,0,0,0,0,285.757,100.439,124.5,165,-0.765,0.477,-0.028,0.041,87,248.894,77.222,-2.334,-0.896,0,0,0,0,0,0,0,0,3623

Main.js:462 158.992,332.924,340.5,340.5,0.649,-0.5,0.047,-0.017,54,0,1,1,0,0,0,0,361.054,101.942,1.768,-1.768,205.874,233.777,1.193,-2.197,0,0,0,0,285.004,100.932,123,162,-0.753,0.493,-0.027,0.042,86,246.56,76.326,-2.334,-0.896,0,0,0,0,0,0,0,0,3640

Main.js:462 159.654,332.434,342,342,0.662,-0.49,0.048,-0.015,53,0,1,1,0,0,0,0,362.822,100.174,1.768,-1.768,207.067,231.58,1.193,-2.197,0,0,0,0,284.264,101.441,121.5,159,-0.74,0.509,-0.026,0.043,85,244.226,75.43,-2.334,-0.896,0,0,0,0,0,0,0,0,3656

Main.js:462 160.329,331.954,342,342,0.674,-0.48,0.048,-0.015,52,0,0,1,0,0,0,0,364.59,98.406,1.768,-1.768,208.26,229.383,1.193,-2.197,0,0,0,0,283.537,101.966,120,156,-0.727,0.525,-0.025,0.043,84,241.892,74.534,-2.334,-0.896,0,0,0,0,0,0,0,0,3689

Main.js:462 161.014,331.483,342,342,0.686,-0.471,0.048,-0.015,51,0,0,1,0,0,0,0,366.358,96.639,1.768,-1.768,209.453,227.186,1.193,-2.197,0,0,0,0,282.824,102.506,118.5,153,-0.713,0.54,-0.024,0.044,83,239.558,73.638,-2.334,-0.896,0,0,0,0,0,0,0,0,3705

Main.js:462 161.711,331.021,342,342,0.697,-0.462,0.048,-0.015,50,0,0,1,0,0,0,0,368.125,94.871,1.768,-1.768,210.645,224.989,1.193,-2.197,0,0,0,0,282.126,103.062,117,150,-0.699,0.556,-0.023,0.045,82,237.224,72.742,-2.334,-0.896,0,0,0,0,0,0,0,0,3724

Main.js:462 162.418,330.567,342,342,0.707,-0.454,0.048,-0.015,49,0,0,1,0,0,0,0,369.893,93.103,1.768,-1.768,211.838,222.792,1.193,-2.197,0,0,0,0,281.441,103.632,115.5,147,-0.684,0.571,-0.022,0.045,81,234.89,71.846,-2.334,-0.896,0,0,0,0,0,0,0,0,3739

Main.js:462 163.135,330.121,342,342,0.717,-0.446,0.048,-0.015,48,0,0,1,0,0,0,0,371.661,91.335,1.768,-1.768,213.031,220.595,1.193,-2.197,0,0,0,0,280.772,104.218,114,144,-0.669,0.586,-0.02,0.046,80,232.556,70.95,-2.334,-0.896,0,0,0,0,0,0,0,0,3757

Main.js:462 163.861,329.683,342,342,0.726,-0.438,0.048,-0.015,47,0,0,1,0,0,0,0,373.429,89.567,1.768,-1.768,214.224,218.398,1.193,-2.197,0,0,0,0,280.118,104.818,112.5,141,-0.654,0.6,-0.019,0.046,79,230.222,70.054,-2.334,-0.896,0,0,0,0,0,0,0,0,3773

Main.js:462 164.596,329.253,342,342,0.735,-0.431,0.048,-0.015,46,0,0,1,0,0,0,0,375.196,87.8,1.768,-1.768,215.417,216.201,1.193,-2.197,0,0,0,0,279.479,105.432,111,138,-0.638,0.614,-0.018,0.047,78,227.888,69.158,-2.334,-0.896,0,0,0,0,0,0,0,0,3792

Main.js:462 165.339,328.829,342,342,0.743,-0.424,0.048,-0.015,45,0,0,1,0,0,0,0,376.964,86.032,1.768,-1.768,216.61,214.004,1.193,-2.197,0,0,0,0,278.857,106.061,109.5,135,-0.622,0.629,-0.017,0.047,77,225.554,68.262,-2.334,-0.896,0,0,0,0,0,0,0,0,3806

Main.js:462 166.09,328.411,342,342,0.751,-0.417,0.048,-0.015,44,0,0,1,0,0,0,0,378.732,84.264,1.768,-1.768,217.803,211.807,1.193,-2.197,0,0,0,0,278.251,106.703,108,132,-0.606,0.642,-0.015,0.048,76,223.22,67.366,-2.334,-0.896,0,0,0,0,0,0,0,0,3824

Main.js:462 166.849,328,342,342,0.759,-0.411,0.048,-0.015,43,0,0,1,0,0,0,0,380.5,82.496,1.768,-1.768,218.996,209.61,1.193,-2.197,0,0,0,0,277.662,107.359,106.5,129,-0.589,0.656,-0.014,0.048,75,220.887,66.471,-2.334,-0.896,0,0,0,0,0,0,0,0,3841

Main.js:462 167.616,327.595,342,342,0.766,-0.405,0.048,-0.015,42,0,0,1,0,0,0,0,382.267,80.729,1.768,-1.768,220.189,207.413,1.193,-2.197,0,0,0,0,277.09,108.028,105,126,-0.572,0.669,-0.013,0.048,74,218.553,65.575,-2.334,-0.896,0,0,0,0,0,0,0,0,3858

Main.js:462 168.389,327.195,342,342,0.773,-0.4,0.048,-0.015,41,0,0,1,0,0,0,0,384.035,78.961,1.768,-1.768,221.381,205.216,1.193,-2.197,0,0,0,0,276.535,108.709,103.5,123,-0.554,0.682,-0.012,0.049,73,216.219,64.679,-2.334,-0.896,0,0,0,0,0,0,0,0,3874

Main.js:462 169.168,326.8,342,342,0.78,-0.394,0.048,-0.015,40,0,0,1,0,0,0,0,385.803,77.193,1.768,-1.768,222.574,203.019,1.193,-2.197,0,0,0,0,275.998,109.403,102,120,-0.537,0.694,-0.01,0.049,72,213.885,63.783,-2.334,-0.896,0,0,0,0,0,0,0,0,3890

Main.js:462 169.954,326.411,342,342,0.786,-0.389,0.048,-0.015,39,0,0,1,0,0,0,0,387.571,75.425,1.768,-1.768,223.767,200.822,1.193,-2.197,0,0,0,0,275.48,110.109,100.5,117,-0.518,0.706,-0.009,0.049,71,211.551,62.887,-2.334,-0.896,0,0,0,0,0,0,0,0,3929

Main.js:462 170.746,326.026,342,342,0.792,-0.385,0.048,-0.015,38,0,0,1,0,0,0,0,389.338,73.658,1.768,-1.768,224.96,198.625,1.193,-2.197,0,0,0,0,274.98,110.827,99,114,-0.5,0.718,-0.008,0.049,70,209.217,61.991,-2.334,-0.896,0,0,0,0,0,0,0,0,3957

Main.js:462 171.543,325.646,342,342,0.797,-0.38,0.048,-0.015,37,0,0,1,0,0,0,0,391.106,71.89,1.768,-1.768,226.153,196.428,1.193,-2.197,0,0,0,0,274.499,111.555,97.5,111,-0.481,0.729,-0.007,0.05,69,206.883,61.095,-2.334,-0.896,0,0,0,0,0,0,0,0,3973

Main.js:462 172.346,325.271,342,342,0.803,-0.376,0.048,-0.015,36,0,0,1,0,0,0,0,392.874,70.122,1.768,-1.768,227.346,194.231,1.193,-2.197,0,0,0,0,274.037,112.295,96,108,-0.462,0.74,-0.005,0.05,68,204.549,60.199,-2.334,-0.896,0,0,0,0,0,0,0,0,3989

Main.js:462 173.154,324.899,342,342,0.808,-0.372,0.048,-0.015,35,0,0,1,0,0,0,0,394.642,68.354,1.768,-1.768,228.539,192.034,1.193,-2.197,0,0,0,0,273.594,113.045,94.5,105,-0.443,0.75,-0.004,0.05,67,202.215,59.303,-2.334,-0.896,0,0,0,0,0,0,0,0,4007

Main.js:462 173.966,324.531,342,342,0.812,-0.368,0.048,-0.015,34,0,0,1,0,0,0,0,396.41,66.586,1.768,-1.768,229.732,189.837,1.193,-2.197,0,0,0,0,273.169,113.805,96,105,-0.426,0.76,-0.005,0.05,66,199.881,58.407,-2.334,-0.896,0,0,0,0,0,0,0,0,4024

Main.js:462 174.783,324.167,342,342,0.817,-0.364,0.048,-0.015,33,0,0,1,0,0,0,0,398.177,64.819,1.768,-1.768,230.925,187.639,1.193,-2.197,0,0,0,0,272.758,114.573,97.5,105,-0.41,0.769,-0.007,0.05,65,197.547,57.511,-2.334,-0.896,0,0,0,0,0,0,0,0,4040

Main.js:462 175.604,323.807,342,342,0.821,-0.36,0.048,-0.015,32,0,0,1,0,0,0,0,399.945,63.051,1.768,-1.768,232.118,185.442,1.193,-2.197,0,0,0,0,272.361,115.351,99,105,-0.397,0.777,-0.008,0.049,64,195.213,56.615,-2.334,-0.896,0,0,0,0,0,0,0,0,4057

Main.js:462 176.43,323.45,342,342,0.825,-0.357,0.048,-0.015,31,0,0,1,0,0,0,0,401.713,61.283,1.768,-1.768,233.31,183.245,1.193,-2.197,0,0,0,0,271.975,116.136,100.5,105,-0.386,0.785,-0.009,0.049,63,192.879,55.72,-2.334,-0.896,0,0,0,0,0,0,0,0,4074

Main.js:462 177.259,323.095,340.5,340.5,0.829,-0.355,0.047,-0.017,30,1,0,1,0,0,0,0,403.481,59.515,1.768,-1.768,234.503,181.048,1.193,-2.197,0,0,0,0,271.598,116.928,102,105,-0.377,0.792,-0.01,0.049,62,190.545,54.824,-2.334,-0.896,0,0,0,0,0,0,0,0,4089

Main.js:462 178.09,322.74,339,339,0.832,-0.354,0.047,-0.018,29,1,0,1,0,0,0,0,405.248,57.748,1.768,-1.768,235.696,178.851,1.193,-2.197,0,0,0,0,271.229,117.727,103.5,105,-0.369,0.799,-0.012,0.049,61,188.211,53.928,-2.334,-0.896,0,0,0,0,0,0,0,0,4110

Main.js:462 178.925,322.385,337.5,337.5,0.834,-0.355,0.046,-0.019,28,1,0,1,0,0,0,0,407.016,55.98,1.768,-1.768,236.889,176.654,1.193,-2.197,0,0,0,0,270.866,118.532,105,105,-0.363,0.805,-0.013,0.048,60,185.877,53.032,-2.334,-0.896,0,0,0,0,0,0,0,0,4123

Main.js:462 179.76,322.029,336,336,0.836,-0.356,0.046,-0.02,27,1,0,1,0,0,0,0,408.784,54.212,1.768,-1.768,238.082,174.457,1.193,-2.197,0,0,0,0,270.508,119.342,106.5,105,-0.358,0.81,-0.014,0.048,59,183.543,52.136,-2.334,-0.896,0,0,0,0,0,0,0,0,4139

Main.js:462 180.597,321.67,334.5,334.5,0.837,-0.359,0.045,-0.022,26,1,0,1,0,0,0,0,410.552,52.444,1.768,-1.768,239.275,172.26,1.193,-2.197,0,0,0,0,270.153,120.157,108,105,-0.355,0.815,-0.015,0.048,58,181.209,51.24,-2.334,-0.896,0,0,0,0,0,0,0,0,4156

Main.js:462 181.435,321.307,333,333,0.837,-0.363,0.045,-0.023,25,1,0,1,0,0,0,0,412.319,50.677,1.768,-1.768,240.468,170.063,1.193,-2.197,0,0,0,0,269.8,120.976,109.5,105,-0.353,0.819,-0.017,0.047,57,178.875,50.344,-2.334,-0.896,0,0,0,0,0,0,0,0,4173

Main.js:462 182.272,320.94,331.5,331.5,0.837,-0.367,0.044,-0.024,24,1,0,1,0,0,0,0,414.087,48.909,1.768,-1.768,241.661,167.866,1.193,-2.197,0,0,0,0,269.447,121.798,111,105,-0.352,0.822,-0.018,0.047,56,176.541,49.448,-2.334,-0.896,0,0,0,0,0,0,0,0,4189

Main.js:462 183.108,320.567,330,330,0.837,-0.373,0.043,-0.025,23,1,0,1,0,0,0,0,415.855,47.141,1.768,-1.768,242.854,165.669,1.193,-2.197,0,0,0,0,269.094,122.623,112.5,105,-0.353,0.825,-0.019,0.046,55,174.208,48.552,-2.334,-0.896,0,0,0,0,0,0,0,0,4207

Main.js:462 183.944,320.189,328.5,328.5,0.835,-0.379,0.043,-0.026,22,1,0,1,0,0,0,0,417.623,45.373,1.768,-1.768,244.047,163.472,1.193,-2.197,0,0,0,0,268.74,123.45,114,105,-0.355,0.827,-0.02,0.046,54,171.874,47.656,-2.334,-0.896,0,0,0,0,0,0,0,0,4224

Main.js:462 184.777,319.803,327,327,0.833,-0.386,0.042,-0.027,21,1,0,1,0,0,0,0,419.391,43.605,1.768,-1.768,245.239,161.275,1.193,-2.197,0,0,0,0,268.382,124.279,115.5,105,-0.357,0.829,-0.022,0.045,53,169.54,46.76,-2.334,-0.896,0,0,0,0,0,0,0,0,4239

Main.js:462 185.608,319.409,325.5,325.5,0.831,-0.393,0.041,-0.028,20,1,0,1,0,0,0,0,421.158,41.838,1.768,-1.768,246.432,159.078,1.193,-2.197,0,0,0,0,268.021,125.108,117,105,-0.361,0.83,-0.023,0.045,52,167.206,45.864,-2.334,-0.896,0,0,0,0,0,0,0,0,4270

Main.js:462 186.435,319.008,324,324,0.828,-0.402,0.04,-0.029,19,1,0,1,0,0,0,0,422.926,40.07,1.768,-1.768,247.625,156.881,1.193,-2.197,0,0,0,0,267.656,125.938,118.5,105,-0.366,0.83,-0.024,0.044,51,164.872,44.968,-2.334,-0.896,0,0,0,0,0,0,0,0,4289

Main.js:462 187.259,318.597,322.5,322.5,0.824,-0.41,0.04,-0.03,18,1,0,1,0,0,0,0,424.694,38.302,1.768,-1.768,248.818,154.684,1.193,-2.197,0,0,0,0,267.285,126.767,120,105,-0.371,0.829,-0.025,0.043,50,162.538,44.073,-2.334,-0.896,0,0,0,0,0,0,0,0,4306

Main.js:462 188.079,318.178,321,321,0.82,-0.42,0.039,-0.031,17,1,0,1,0,0,0,0,426.462,36.534,1.768,-1.768,250.011,152.487,1.193,-2.197,0,0,0,0,266.907,127.596,121.5,105,-0.377,0.828,-0.026,0.043,49,160.204,43.177,-2.334,-0.896,0,0,0,0,0,0,0,0,4322

Main.js:462 188.894,317.748,319.5,319.5,0.815,-0.43,0.038,-0.032,16,1,0,1,0,0,0,0,428.229,34.767,1.768,-1.768,251.204,150.29,1.193,-2.197,0,0,0,0,266.523,128.423,123,105,-0.384,0.827,-0.027,0.042,48,157.87,42.281,-2.334,-0.896,0,0,0,0,0,0,0,0,4339

Main.js:462 189.703,317.308,318,318,0.809,-0.44,0.037,-0.033,15,1,0,1,0,0,0,0,429.997,32.999,1.768,-1.768,252.397,148.093,1.193,-2.197,0,0,0,0,266.131,129.248,124.5,105,-0.392,0.825,-0.028,0.041,47,155.536,41.385,-2.334,-0.896,0,0,0,0,0,0,0,0,4356

Main.js:462 190.506,316.857,316.5,316.5,0.803,-0.451,0.036,-0.034,14,1,0,1,0,0,0,0,431.765,31.231,1.768,-1.768,253.59,145.896,1.193,-2.197,0,0,0,0,265.73,130.069,126,105,-0.4,0.822,-0.029,0.04,46,153.202,40.489,-2.334,-0.896,0,0,0,0,0,0,0,0,4372

Main.js:462 191.304,316.397,316.5,316.5,0.798,-0.461,0.036,-0.034,13,0,0,1,0,0,0,0,431.765,31.231,1.768,-1.768,253.59,145.896,1.193,-2.197,0,0,0,0,265.321,130.888,127.5,105,-0.409,0.818,-0.03,0.04,45,150.868,39.593,-2.334,-0.896,0,0,0,0,0,0,0,0,4390

