Main.js:143 myTank.x,myTank.y,myTank.rotation,myTank.cannonRotation,myTank.velocityX,myTank.velocityY,myTank.accelerationX,myTank.accelerationY,myTank.shootCooldown,myTank.controls.turnLeft,myTank.controls.turnRight,myTank.controls.goForward,myTank.controls.goBack,myTank.controls.shoot,myTank.controls.cannonLeft,myTank.controls.cannonRight,myBullet1.x,myBullet1.y,myBullet1.velocityX,myBullet1.velocityY,myBullet2.x,myBullet2.y,myBullet2.velocityX,myBullet2.velocityY,myBullet3.x,myBullet3.y,myBullet3.velocityX,myBullet3.velocityY,enemyTank.x,enemyTank.y,enemyTank.rotation,enemyTank.cannonRotation,enemyTank.velocityX,enemyTank.velocityY,enemyTank.accelerationX,enemyTank.accelerationY,enemyTank.shootCooldown,enemyBullet1.x,enemyBullet1.y,enemyBullet1.velocityX,enemyBullet1.velocityY,enemyBullet2.x,enemyBullet2.y,enemyBullet2.velocityX,enemyBullet2.velocityY,enemyBullet3.x,enemyBullet3.y,enemyBullet3.velocityX,enemyBullet3.velocityY,currentGameTime
Main.js:462 50,172,0,0,0,0,0,0,0,0,0,0,0,0,0,0,0,0,0,0,0,0,0,0,0,0,0,0,450,328,180,180,0,0,0,0,0,0,0,0,0,0,0,0,0,0,0,0,0,5

Main.js:462 50,172,0,0,0,0,0,0,0,0,0,0,0,0,0,0,0,0,0,0,0,0,0,0,0,0,0,0,450,328,180,180,0,0,0,0,0,0,0,0,0,0,0,0,0,0,0,0,0,21

Main.js:462 50,172,0,0,0,0,0,0,0,0,0,0,0,0,0,0,0,0,0,0,0,0,0,0,0,0,0,0,450,328,180,180,0,0,0,0,0,0,0,0,0,0,0,0,0,0,0,0,0,35

Main.js:462 50,172,0,0,0,0,0,0,0,0,0,0,0,0,0,0,0,0,0,0,0,0,0,0,0,0,0,0,449.953,327.999,181.5,180,-0.047,-0.001,-0.05,-0.001,99,0,0,0,0,0,0,0,0,0,0,0,0,53

Main.js:462 50,172,0,0,0,0,0,0,0,0,0,0,0,0,0,0,0,0,0,0,0,0,0,0,0,0,0,0,449.86,327.995,183,180,-0.093,-0.004,-0.05,-0.003,98,426.5,328,-2.5,0,0,0,0,0,0,0,0,0,68

Main.js:462 50,172,0,0,0,0,0,0,0,0,0,0,0,0,0,0,0,0,0,0,0,0,0,0,0,0,0,0,449.725,327.988,184.5,180,-0.135,-0.007,-0.05,-0.004,97,424,328,-2.5,0,0,0,0,0,0,0,0,0,86

Main.js:462 50,172,0,0,0,0,0,0,0,0,0,0,0,0,0,0,0,0,0,0,0,0,0,0,0,0,0,0,449.549,327.976,186,180,-0.176,-0.012,-0.05,-0.005,96,421.5,328,-2.5,0,0,0,0,0,0,0,0,0,103

Main.js:462 50,172,0,0,0,0,0,0,0,0,0,0,0,0,0,0,0,0,0,0,0,0,0,0,0,0,0,0,449.335,327.959,187.5,180,-0.214,-0.017,-0.05,-0.007,95,419,328,-2.5,0,0,0,0,0,0,0,0,0,118

Main.js:462 50,172,0,0,0,0,0,0,0,0,0,0,0,0,0,0,0,0,0,0,0,0,0,0,0,0,0,0,449.085,327.935,189,180,-0.25,-0.024,-0.049,-0.008,94,416.5,328,-2.5,0,0,0,0,0,0,0,0,0,137

Main.js:462 50,172,0,0,0,0,0,0,0,0,0,0,0,0,0,0,0,0,0,0,0,0,0,0,0,0,0,0,448.8,327.903,190.5,180,-0.284,-0.031,-0.049,-0.009,93,414,328,-2.5,0,0,0,0,0,0,0,0,0,154

Main.js:462 50,172,0,0,0,0,0,0,0,0,0,0,0,0,0,0,0,0,0,0,0,0,0,0,0,0,0,0,448.483,327.863,192,180,-0.317,-0.04,-0.049,-0.01,92,411.5,328,-2.5,0,0,0,0,0,0,0,0,0,170

Main.js:462 50,172,0,0,0,0,0,0,0,0,0,0,0,0,0,0,0,0,0,0,0,0,0,0,0,0,0,0,448.136,327.815,193.5,180,-0.347,-0.049,-0.049,-0.012,91,409,328,-2.5,0,0,0,0,0,0,0,0,0,186

Main.js:462 50,172,0,0,0,0,0,0,0,0,0,0,0,0,0,0,0,0,0,0,0,0,0,0,0,0,0,0,447.761,327.756,195,180,-0.376,-0.059,-0.048,-0.013,90,406.5,328,-2.5,0,0,0,0,0,0,0,0,0,203

Main.js:462 50,172,0,0,0,0,0,0,0,0,0,0,0,0,0,0,0,0,0,0,0,0,0,0,0,0,0,0,447.359,327.687,196.5,180,-0.402,-0.069,-0.048,-0.014,89,404,328,-2.5,0,0,0,0,0,0,0,0,0,219

Main.js:462 50,172,0,0,0,0,0,0,0,0,0,0,0,0,0,0,0,0,0,0,0,0,0,0,0,0,0,0,446.931,327.606,198,180,-0.427,-0.08,-0.048,-0.015,88,401.5,328,-2.5,0,0,0,0,0,0,0,0,0,235

Main.js:462 50,172,0,0,0,0,0,0,0,0,0,0,0,0,0,0,0,0,0,0,0,0,0,0,0,0,0,0,446.48,327.514,199.5,180,-0.451,-0.092,-0.047,-0.017,87,399,328,-2.5,0,0,0,0,0,0,0,0,0,252

Main.js:462 50,172,0,0,0,0,0,0,0,0,0,0,0,0,0,0,0,0,0,0,0,0,0,0,0,0,0,0,446.008,327.409,201,180,-0.473,-0.105,-0.047,-0.018,86,396.5,328,-2.5,0,0,0,0,0,0,0,0,0,270

Main.js:462 50,172,0,0,0,0,0,0,0,0,0,0,0,0,0,0,0,0,0,0,0,0,0,0,0,0,0,0,445.515,327.292,202.5,180,-0.493,-0.118,-0.046,-0.019,85,394,328,-2.5,0,0,0,0,0,0,0,0,0,286

Main.js:462 50,172,0,0,0,0,0,0,0,0,0,0,0,0,0,0,0,0,0,0,0,0,0,0,0,0,0,0,445.003,327.16,204,180,-0.512,-0.131,-0.046,-0.02,84,391.5,328,-2.5,0,0,0,0,0,0,0,0,0,303

Main.js:462 50,172,0,0,0,0,0,0,0,0,0,0,0,0,0,0,0,0,0,0,0,0,0,0,0,0,0,0,444.474,327.015,205.5,180,-0.529,-0.145,-0.045,-0.022,83,389,328,-2.5,0,0,0,0,0,0,0,0,0,319

Main.js:462 50,172,0,0,0,0,0,0,0,0,0,0,0,0,0,0,0,0,0,0,0,0,0,0,0,0,0,0,443.93,326.856,207,180,-0.545,-0.159,-0.045,-0.023,82,386.5,328,-2.5,0,0,0,0,0,0,0,0,0,337

Main.js:462 50.048,172,0,0,0.048,0,0.05,0,0,0,0,1,0,0,0,0,0,0,0,0,0,0,0,0,0,0,0,0,443.37,326.682,208.5,180,-0.559,-0.174,-0.044,-0.024,81,384,328,-2.5,0,0,0,0,0,0,0,0,0,354

Main.js:462 50.14,172,0,0,0.093,0,0.05,0,0,0,0,1,0,0,0,0,0,0,0,0,0,0,0,0,0,0,0,0,442.798,326.493,210,180,-0.572,-0.189,-0.043,-0.025,80,381.5,328,-2.5,0,0,0,0,0,0,0,0,0,369

Main.js:462 50.276,172,0,0,0.135,0,0.05,0,0,0,0,1,0,0,0,0,0,0,0,0,0,0,0,0,0,0,0,0,442.213,326.289,211.5,180,-0.584,-0.204,-0.043,-0.026,79,379,328,-2.5,0,0,0,0,0,0,0,0,0,386

Main.js:462 50.452,172,0,0,0.176,0,0.05,0,0,0,0,1,0,0,0,0,0,0,0,0,0,0,0,0,0,0,0,0,441.618,326.069,213,180,-0.595,-0.22,-0.042,-0.027,78,376.5,328,-2.5,0,0,0,0,0,0,0,0,0,404

Main.js:462 50.667,172,0,0,0.215,0,0.05,0,0,0,0,1,0,0,0,0,0,0,0,0,0,0,0,0,0,0,0,0,441.014,325.833,214.5,180,-0.604,-0.236,-0.041,-0.028,77,374,328,-2.5,0,0,0,0,0,0,0,0,0,419

Main.js:462 50.918,172,0,0,0.252,0,0.05,0,0,0,0,1,0,0,0,0,0,0,0,0,0,0,0,0,0,0,0,0,440.402,325.581,216,180,-0.613,-0.252,-0.04,-0.029,76,371.5,328,-2.5,0,0,0,0,0,0,0,0,0,436

Main.js:462 51.205,172,0,0,0.287,0,0.05,0,0,0,0,1,0,0,0,0,0,0,0,0,0,0,0,0,0,0,0,0,439.782,325.312,217.5,180,-0.62,-0.268,-0.04,-0.03,75,369,328,-2.5,0,0,0,0,0,0,0,0,0,453

Main.js:462 51.525,172,0,0,0.32,0,0.05,0,0,0,0,1,0,0,0,0,0,0,0,0,0,0,0,0,0,0,0,0,439.156,325.027,219,180,-0.626,-0.285,-0.039,-0.031,74,366.5,328,-2.5,0,0,0,0,0,0,0,0,0,470

Main.js:462 51.876,172,0,0,0.351,0,0.05,0,0,0,0,1,0,0,0,0,0,0,0,0,0,0,0,0,0,0,0,0,438.526,324.726,220.5,180,-0.63,-0.301,-0.038,-0.032,73,364,328,-2.5,0,0,0,0,0,0,0,0,0,487

Main.js:462 52.257,172,0,0,0.381,0,0.05,0,0,0,0,1,0,0,0,0,0,0,0,0,0,0,0,0,0,0,0,0,437.892,324.408,222,180,-0.634,-0.318,-0.037,-0.033,72,361.5,328,-2.5,0,0,0,0,0,0,0,0,0,504

Main.js:462 52.667,172,0,0,0.41,0,0.05,0,0,0,0,1,0,0,0,0,0,0,0,0,0,0,0,0,0,0,0,0,437.254,324.074,222,178.5,-0.638,-0.334,-0.037,-0.033,71,359,328,-2.5,0,0,0,0,0,0,0,0,0,521

Main.js:462 53.103,172,0,0,0.437,0,0.05,0,0,0,0,1,0,0,0,0,0,0,0,0,0,0,0,0,0,0,0,0,436.613,323.724,222,177,-0.641,-0.349,-0.037,-0.033,70,356.5,328,-2.5,0,0,0,0,0,0,0,0,0,536

Main.js:462 53.566,172,0,0,0.462,0,0.05,0,0,0,0,1,0,0,0,0,0,0,0,0,0,0,0,0,0,0,0,0,435.968,323.361,222,175.5,-0.644,-0.363,-0.037,-0.033,69,354,328,-2.5,0,0,0,0,0,0,0,0,0,554

Main.js:462 54.053,172,0,0,0.487,0,0.05,0,0,0,0,1,0,0,0,0,0,0,0,0,0,0,0,0,0,0,0,0,435.321,322.984,222,174,-0.647,-0.377,-0.037,-0.033,68,351.5,328,-2.5,0,0,0,0,0,0,0,0,0,570

Main.js:462 54.562,172,0,0,0.51,0,0.05,0,0,0,0,1,0,0,0,0,0,0,0,0,0,0,0,0,0,0,0,0,434.671,322.594,222,172.5,-0.65,-0.39,-0.037,-0.033,67,349,328,-2.5,0,0,0,0,0,0,0,0,0,587

Main.js:462 55.094,172,0,0,0.532,0,0.05,0,0,0,0,1,0,0,0,0,0,0,0,0,0,0,0,0,0,0,0,0,434.017,322.192,222,171,-0.653,-0.402,-0.037,-0.033,66,346.5,328,-2.5,0,0,0,0,0,0,0,0,0,604

Main.js:462 55.647,172,0,0,0.553,0,0.05,0,0,0,0,1,0,0,0,0,0,0,0,0,0,0,0,0,0,0,0,0,433.361,321.778,222,169.5,-0.656,-0.414,-0.037,-0.033,65,344,328,-2.5,0,0,0,0,0,0,0,0,0,620

Main.js:462 56.22,172,0,0,0.573,0,0.05,0,0,0,0,1,0,0,0,0,0,0,0,0,0,0,0,0,0,0,0,0,432.703,321.353,222,168,-0.658,-0.425,-0.037,-0.033,64,341.5,328,-2.5,0,0,0,0,0,0,0,0,0,638

Main.js:462 56.811,172,0,0,0.592,0,0.05,0,0,0,0,1,0,0,0,0,0,0,0,0,0,0,0,0,0,0,0,0,432.042,320.917,222,166.5,-0.661,-0.436,-0.037,-0.033,63,339,328,-2.5,0,0,0,0,0,0,0,0,0,653

Main.js:462 57.421,172,0,0,0.609,0,0.05,0,0,0,0,1,0,0,0,0,0,0,0,0,0,0,0,0,0,0,0,0,431.379,320.471,222,165,-0.663,-0.446,-0.037,-0.033,62,336.5,328,-2.5,0,0,0,0,0,0,0,0,0,669

Main.js:462 58.047,172,0,0,0.626,0,0.05,0,0,0,0,1,0,0,0,0,0,0,0,0,0,0,0,0,0,0,0,0,430.714,320.016,222,163.5,-0.665,-0.455,-0.037,-0.033,61,334,328,-2.5,0,0,0,0,0,0,0,0,0,686

Main.js:462 58.69,172,0,0,0.643,0,0.05,0,0,0,0,1,0,0,0,0,0,0,0,0,0,0,0,0,0,0,0,0,430.047,319.552,222,162,-0.667,-0.464,-0.037,-0.033,60,331.5,328,-2.5,0,0,0,0,0,0,0,0,0,702

Main.js:462 59.348,172,0,0,0.658,0,0.05,0,0,0,0,1,0,0,0,0,0,0,0,0,0,0,0,0,0,0,0,0,429.378,319.08,222,160.5,-0.669,-0.473,-0.037,-0.033,59,329,328,-2.5,0,0,0,0,0,0,0,0,0,720

Main.js:462 60.02,172,0,0,0.673,0,0.05,0,0,0,0,1,0,0,0,0,0,0,0,0,0,0,0,0,0,0,0,0,428.707,318.599,222,159,-0.671,-0.481,-0.037,-0.033,58,326.5,328,-2.5,0,0,0,0,0,0,0,0,0,735

Main.js:462 60.707,172,0,0,0.686,0,0.05,0,0,0,0,1,0,0,0,0,0,0,0,0,0,0,0,0,0,0,0,0,428.034,318.11,222,157.5,-0.673,-0.489,-0.037,-0.033,57,324,328,-2.5,0,0,0,0,0,0,0,0,0,752

Main.js:462 61.407,172,0,0,0.7,0,0.05,0,0,0,0,1,0,0,0,0,0,0,0,0,0,0,0,0,0,0,0,0,427.36,317.614,222,156,-0.674,-0.496,-0.037,-0.033,56,321.5,328,-2.5,0,0,0,0,0,0,0,0,0,769

Main.js:462 62.119,172,0,0,0.712,0,0.05,0,0,0,0,1,0,0,0,0,0,0,0,0,0,0,0,0,0,0,0,0,426.684,317.111,222,154.5,-0.676,-0.503,-0.037,-0.033,55,319,328,-2.5,0,0,0,0,0,0,0,0,0,785

Main.js:462 62.843,172,0,0,0.724,0,0.05,0,0,0,0,1,0,0,0,0,0,0,0,0,0,0,0,0,0,0,0,0,426.006,316.602,222,153,-0.677,-0.51,-0.037,-0.033,54,316.5,328,-2.5,0,0,0,0,0,0,0,0,0,802

Main.js:462 63.578,172,0,0,0.735,0,0.05,0,0,0,0,1,0,0,0,0,0,0,0,0,0,0,0,0,0,0,0,0,425.328,316.086,222,151.5,-0.679,-0.516,-0.037,-0.033,53,314,328,-2.5,0,0,0,0,0,0,0,0,0,819

Main.js:462 64.324,172,0,0,0.746,0,0.05,0,0,0,0,1,0,0,0,0,0,0,0,0,0,0,0,0,0,0,0,0,424.647,315.564,222,150,-0.68,-0.522,-0.037,-0.033,52,311.5,328,-2.5,0,0,0,0,0,0,0,0,0,836

Main.js:462 65.081,172,0,0,0.756,0,0.05,0,0,0,0,1,0,0,0,0,0,0,0,0,0,0,0,0,0,0,0,0,423.966,315.036,222,148.5,-0.682,-0.528,-0.037,-0.033,51,309,328,-2.5,0,0,0,0,0,0,0,0,0,854

Main.js:462 65.846,172,0,0,0.766,0,0.05,0,0,0,0,1,0,0,0,0,0,0,0,0,0,0,0,0,0,0,0,0,423.283,314.503,222,147,-0.683,-0.533,-0.037,-0.033,50,306.5,328,-2.5,0,0,0,0,0,0,0,0,0,871

Main.js:462 66.622,172,0,0,0.775,0,0.05,0,0,0,0,1,0,0,0,0,0,0,0,0,0,0,0,0,0,0,0,0,422.599,313.965,222,145.5,-0.684,-0.538,-0.037,-0.033,49,304,328,-2.5,0,0,0,0,0,0,0,0,0,887

Main.js:462 67.406,172,0,0,0.784,0,0.05,0,0,0,0,1,0,0,0,0,0,0,0,0,0,0,0,0,0,0,0,0,421.914,313.422,222,144,-0.685,-0.543,-0.037,-0.033,48,301.5,328,-2.5,0,0,0,0,0,0,0,0,0,904

Main.js:462 68.198,172,0,0,0.792,0,0.05,0,0,0,0,1,0,0,0,0,0,0,0,0,0,0,0,0,0,0,0,0,421.228,312.875,222,142.5,-0.686,-0.548,-0.037,-0.033,47,299,328,-2.5,0,0,0,0,0,0,0,0,0,920

Main.js:462 68.998,172,0,0,0.8,0,0.05,0,0,0,0,1,0,0,0,0,0,0,0,0,0,0,0,0,0,0,0,0,420.541,312.323,222,141,-0.687,-0.552,-0.037,-0.033,46,296.5,328,-2.5,0,0,0,0,0,0,0,0,0,936

Main.js:462 69.806,172,0,0,0.808,0,0.05,0,0,0,0,1,0,0,0,0,0,0,0,0,0,0,0,0,0,0,0,0,419.853,311.767,222,139.5,-0.688,-0.556,-0.037,-0.033,45,294,328,-2.5,0,0,0,0,0,0,0,0,0,954

Main.js:462 70.62,172.001,1.5,1.5,0.815,0.001,0.05,0.001,0,0,1,1,0,0,0,0,0,0,0,0,0,0,0,0,0,0,0,0,419.164,311.206,222,138,-0.689,-0.56,-0.037,-0.033,44,291.5,328,-2.5,0,0,0,0,0,0,0,0,0,970

Main.js:462 71.442,172.005,3,3,0.821,0.004,0.05,0.003,0,0,1,1,0,0,0,0,0,0,0,0,0,0,0,0,0,0,0,0,418.474,310.642,222,136.5,-0.69,-0.564,-0.037,-0.033,43,289,328,-2.5,0,0,0,0,0,0,0,0,0,986

Main.js:462 72.269,172.012,4.5,4.5,0.828,0.007,0.05,0.004,0,0,1,1,0,0,0,0,0,0,0,0,0,0,0,0,0,0,0,0,417.784,310.075,222,135,-0.691,-0.568,-0.037,-0.033,42,286.5,328,-2.5,0,0,0,0,0,0,0,0,0,1002

Main.js:462 73.103,172.024,6,6,0.834,0.012,0.05,0.005,0,0,1,1,0,0,0,0,0,0,0,0,0,0,0,0,0,0,0,0,417.092,309.505,220.5,132,-0.692,-0.57,-0.038,-0.032,41,284,328,-2.5,0,0,0,0,0,0,0,0,0,1020

Main.js:462 73.942,172.041,7.5,7.5,0.839,0.017,0.05,0.007,0,0,1,1,0,0,0,0,0,0,0,0,0,0,0,0,0,0,0,0,416.397,308.934,219,129,-0.694,-0.571,-0.039,-0.031,40,281.5,328,-2.5,0,0,0,0,0,0,0,0,0,1035

Main.js:462 74.786,172.065,9,9,0.844,0.024,0.049,0.008,0,0,1,1,0,0,0,0,0,0,0,0,0,0,0,0,0,0,0,0,415.7,308.362,217.5,126,-0.697,-0.572,-0.04,-0.03,39,279,328,-2.5,0,0,0,0,0,0,0,0,0,1053

Main.js:462 75.634,172.097,10.5,10.5,0.848,0.031,0.049,0.009,0,0,1,1,0,0,0,0,0,0,0,0,0,0,0,0,0,0,0,0,414.999,307.791,216,123,-0.701,-0.571,-0.04,-0.029,38,276.5,328,-2.5,0,0,0,0,0,0,0,0,0,1069

Main.js:462 76.487,172.137,12,12,0.852,0.04,0.049,0.01,0,0,1,1,0,0,0,0,0,0,0,0,0,0,0,0,0,0,0,0,414.294,307.221,214.5,120,-0.705,-0.569,-0.041,-0.028,37,274,328,-2.5,0,0,0,0,0,0,0,0,0,1086

Main.js:462 77.343,172.185,13.5,13.5,0.856,0.049,0.049,0.012,0,0,1,1,0,0,0,0,0,0,0,0,0,0,0,0,0,0,0,0,413.584,306.654,213,117,-0.71,-0.567,-0.042,-0.027,36,271.5,328,-2.5,0,0,0,0,0,0,0,0,0,1102

Main.js:462 78.202,172.244,15,15,0.859,0.059,0.048,0.013,0,0,1,1,0,0,0,0,0,0,0,0,0,0,0,0,0,0,0,0,412.869,306.091,211.5,114,-0.715,-0.563,-0.043,-0.026,35,269,328,-2.5,0,0,0,0,0,0,0,0,0,1120

Main.js:462 79.064,172.313,16.5,16.5,0.862,0.069,0.048,0.014,0,0,1,1,0,0,0,0,0,0,0,0,0,0,0,0,0,0,0,0,412.149,305.532,210,111,-0.72,-0.559,-0.043,-0.025,34,266.5,328,-2.5,0,0,0,0,0,0,0,0,0,1137

Main.js:462 79.927,172.394,18,18,0.864,0.08,0.048,0.015,0,0,1,1,0,0,0,0,0,0,0,0,0,0,0,0,0,0,0,0,411.423,304.979,208.5,108,-0.726,-0.554,-0.044,-0.024,33,264,328,-2.5,0,0,0,0,0,0,0,0,0,1153

Main.js:462 80.793,172.486,19.5,19.5,0.865,0.092,0.047,0.017,0,0,1,1,0,0,0,0,0,0,0,0,0,0,0,0,0,0,0,0,410.691,304.431,207,105,-0.732,-0.547,-0.045,-0.023,32,261.5,328,-2.5,0,0,0,0,0,0,0,0,0,1170

Main.js:462 81.659,172.591,21,21,0.866,0.105,0.047,0.018,0,0,1,1,0,0,0,0,0,0,0,0,0,0,0,0,0,0,0,0,409.953,303.891,205.5,102,-0.738,-0.541,-0.045,-0.022,31,259,328,-2.5,0,0,0,0,0,0,0,0,0,1187

Main.js:462 82.526,172.708,22.5,22.5,0.867,0.118,0.046,0.019,0,0,1,1,0,0,0,0,0,0,0,0,0,0,0,0,0,0,0,0,409.209,303.358,204,99,-0.745,-0.533,-0.046,-0.02,30,256.5,328,-2.5,0,0,0,0,0,0,0,0,0,1203

Main.js:462 83.393,172.84,24,24,0.867,0.131,0.046,0.02,0,0,1,1,0,0,0,0,0,0,0,0,0,0,0,0,0,0,0,0,408.457,302.833,202.5,96,-0.751,-0.524,-0.046,-0.019,29,254,328,-2.5,0,0,0,0,0,0,0,0,0,1219

Main.js:462 84.26,172.985,25.5,25.5,0.867,0.145,0.045,0.022,0,0,1,1,0,0,0,0,0,0,0,0,0,0,0,0,0,0,0,0,407.699,302.318,201,93,-0.758,-0.515,-0.047,-0.018,28,251.5,328,-2.5,0,0,0,0,0,0,0,0,0,1237

Main.js:462 85.126,173.143,25.5,25.5,0.866,0.158,0.045,0.022,0,0,0,1,0,0,0,0,0,0,0,0,0,0,0,0,0,0,0,0,406.934,301.813,199.5,90,-0.765,-0.505,-0.047,-0.017,27,249,328,-2.5,0,0,0,0,0,0,0,0,0,1254

Main.js:462 85.992,173.313,25.5,25.5,0.866,0.171,0.045,0.022,0,0,0,1,0,0,0,0,0,0,0,0,0,0,0,0,0,0,0,0,406.163,301.318,198,87,-0.772,-0.495,-0.048,-0.015,26,246.5,328,-2.5,0,0,0,0,0,0,0,0,0,1269

Main.js:462 86.857,173.496,25.5,25.5,0.865,0.183,0.045,0.022,0,0,0,1,0,0,0,0,0,0,0,0,0,0,0,0,0,0,0,0,405.384,300.835,196.5,84,-0.779,-0.483,-0.048,-0.014,25,244,328,-2.5,0,0,0,0,0,0,0,0,0,1286

Main.js:462 87.722,173.69,25.5,25.5,0.865,0.194,0.045,0.022,0,0,0,1,0,0,0,0,0,0,0,0,0,0,0,0,0,0,0,0,404.598,300.363,195,81,-0.786,-0.472,-0.048,-0.013,24,241.5,328,-2.5,0,0,0,0,0,0,0,0,0,1303

Main.js:462 88.586,173.895,25.5,25.5,0.865,0.205,0.045,0.022,0,0,0,1,0,0,0,0,0,0,0,0,0,0,0,0,0,0,0,0,403.805,299.904,193.5,78,-0.793,-0.459,-0.049,-0.012,23,239,328,-2.5,0,0,0,0,0,0,0,0,0,1320

Main.js:462 89.451,174.11,25.5,25.5,0.864,0.215,0.045,0.022,0,0,0,1,0,0,0,0,0,0,0,0,0,0,0,0,0,0,0,0,403.006,299.458,192,75,-0.799,-0.446,-0.049,-0.01,22,236.5,328,-2.5,0,0,0,0,0,0,0,0,0,1336

Main.js:462 90.314,174.334,25.5,25.5,0.864,0.225,0.045,0.022,0,0,0,1,0,0,0,0,0,0,0,0,0,0,0,0,0,0,0,0,402.2,299.026,190.5,72,-0.806,-0.432,-0.049,-0.009,21,234,328,-2.5,0,0,0,0,0,0,0,0,0,1351

Main.js:462 91.178,174.568,25.5,25.5,0.864,0.234,0.045,0.022,0,0,0,1,0,0,0,0,0,0,0,0,0,0,0,0,0,0,0,0,401.387,298.608,189,69,-0.813,-0.418,-0.049,-0.008,20,231.5,328,-2.5,0,0,0,0,0,0,0,0,0,1369

Main.js:462 92.041,174.811,25.5,25.5,0.863,0.243,0.045,0.022,0,0,0,1,0,0,0,0,0,0,0,0,0,0,0,0,0,0,0,0,400.568,298.204,187.5,66,-0.819,-0.403,-0.05,-0.007,19,229,328,-2.5,0,0,0,0,0,0,0,0,0,1386

Main.js:462 92.904,175.062,25.5,25.5,0.863,0.251,0.045,0.022,0,0,0,1,0,0,0,0,0,0,0,0,0,0,0,0,0,0,0,0,399.742,297.816,186,63,-0.826,-0.388,-0.05,-0.005,18,226.5,328,-2.5,0,0,0,0,0,0,0,0,0,1402

Main.js:462 93.767,175.32,25.5,25.5,0.863,0.259,0.045,0.022,0,0,0,1,0,0,0,0,0,0,0,0,0,0,0,0,0,0,0,0,398.91,297.443,184.5,60,-0.832,-0.373,-0.05,-0.004,17,224,328,-2.5,0,0,0,0,0,0,0,0,0,1419

Main.js:462 94.629,175.587,25.5,25.5,0.862,0.266,0.045,0.022,0,0,0,1,0,0,0,0,0,0,0,0,0,0,0,0,0,0,0,0,398.073,297.087,183,57,-0.837,-0.356,-0.05,-0.003,16,221.5,328,-2.5,0,0,0,0,0,0,0,0,0,1437

Main.js:462 95.491,175.86,25.5,25.5,0.862,0.273,0.045,0.022,0,0,0,1,0,0,0,0,0,0,0,0,0,0,0,0,0,0,0,0,397.23,296.747,181.5,54,-0.843,-0.34,-0.05,-0.001,15,219,328,-2.5,0,0,0,0,0,0,0,0,0,1453

Main.js:462 96.353,176.14,25.5,25.5,0.862,0.28,0.045,0.022,0,0,0,1,0,0,0,0,0,0,0,0,0,0,0,0,0,0,0,0,396.381,296.424,180,51,-0.848,-0.323,-0.05,0,14,216.5,328,-2.5,0,0,0,0,0,0,0,0,0,1469

Main.js:462 97.215,176.427,25.5,25.5,0.862,0.287,0.045,0.022,0,0,0,1,0,0,0,0,0,0,0,0,0,0,0,0,0,0,0,0,395.528,296.119,178.5,48,-0.853,-0.305,-0.05,0.001,13,214,328,-2.5,0,0,0,0,0,0,0,0,0,1486

Main.js:462 98.076,176.72,25.5,25.5,0.861,0.293,0.045,0.022,0,0,0,1,0,0,0,0,0,0,0,0,0,0,0,0,0,0,0,0,394.67,295.831,177,45,-0.858,-0.288,-0.05,0.003,12,211.5,328,-2.5,0,0,0,0,0,0,0,0,0,1503

Main.js:462 98.938,177.019,25.5,25.5,0.861,0.299,0.045,0.022,0,0,0,1,0,0,0,0,0,0,0,0,0,0,0,0,0,0,0,0,393.807,295.561,175.5,42,-0.863,-0.27,-0.05,0.004,11,209,328,-2.5,0,0,0,0,0,0,0,0,0,1520

Main.js:462 99.799,177.323,25.5,25.5,0.861,0.304,0.045,0.022,0,0,0,1,0,0,0,0,0,0,0,0,0,0,0,0,0,0,0,0,392.94,295.31,174,39,-0.867,-0.251,-0.05,0.005,10,206.5,328,-2.5,0,0,0,0,0,0,0,0,0,1537

Main.js:462 100.659,177.632,25.5,25.5,0.861,0.309,0.045,0.022,0,0,0,1,0,0,0,0,0,0,0,0,0,0,0,0,0,0,0,0,392.07,295.078,172.5,36,-0.871,-0.232,-0.05,0.007,9,204,328,-2.5,0,0,0,0,0,0,0,0,0,1553

Main.js:462 101.52,177.946,25.5,25.5,0.861,0.314,0.045,0.022,0,0,0,1,0,0,0,0,0,0,0,0,0,0,0,0,0,0,0,0,391.196,294.864,171,33,-0.874,-0.213,-0.049,0.008,8,201.5,328,-2.5,0,0,0,0,0,0,0,0,0,1569

Main.js:462 102.381,178.265,25.5,25.5,0.861,0.319,0.045,0.022,0,0,0,1,0,0,0,0,0,0,0,0,0,0,0,0,0,0,0,0,390.319,294.67,169.5,30,-0.877,-0.194,-0.049,0.009,7,199,328,-2.5,0,0,0,0,0,0,0,0,0,1586

Main.js:462 103.241,178.589,25.5,25.5,0.86,0.324,0.045,0.022,0,0,0,1,0,0,0,0,0,0,0,0,0,0,0,0,0,0,0,0,389.439,294.496,168,27,-0.88,-0.174,-0.049,0.01,6,196.5,328,-2.5,0,0,0,0,0,0,0,0,0,1602

Main.js:462 104.101,178.917,25.5,25.5,0.86,0.328,0.045,0.022,0,0,0,1,0,0,0,0,0,0,0,0,0,0,0,0,0,0,0,0,388.557,294.341,166.5,24,-0.882,-0.155,-0.049,0.012,5,194,328,-2.5,0,0,0,0,0,0,0,0,0,1620

Main.js:462 104.962,179.249,25.5,25.5,0.86,0.332,0.045,0.022,0,0,0,1,0,0,0,0,0,0,0,0,0,0,0,0,0,0,0,0,387.674,294.207,165,21,-0.884,-0.135,-0.048,0.013,4,191.5,328,-2.5,0,0,0,0,0,0,0,0,0,1637

Main.js:462 105.822,179.585,25.5,25.5,0.86,0.336,0.045,0.022,99,0,0,1,0,1,0,0,0,0,0,0,0,0,0,0,0,0,0,0,386.789,294.092,163.5,18,-0.885,-0.114,-0.048,0.014,3,189,328,-2.5,0,0,0,0,0,0,0,0,0,1653

Main.js:462 106.681,179.924,25.5,25.5,0.86,0.339,0.045,0.022,98,0,0,1,0,1,0,0,126.172,189.366,2.256,1.076,0,0,0,0,0,0,0,0,385.903,293.998,162,15,-0.886,-0.094,-0.048,0.015,2,186.5,328,-2.5,0,0,0,0,0,0,0,0,0,1671

Main.js:462 107.541,180.267,25.5,25.5,0.86,0.343,0.045,0.022,97,0,0,1,0,1,0,0,128.429,190.442,2.256,1.076,0,0,0,0,0,0,0,0,385.017,293.925,160.5,12,-0.886,-0.073,-0.047,0.017,1,184,328,-2.5,0,0,0,0,0,0,0,0,0,1687

Main.js:462 108.401,180.613,25.5,25.5,0.86,0.346,0.045,0.022,96,0,0,1,0,1,0,0,130.685,191.518,2.256,1.076,0,0,0,0,0,0,0,0,384.13,293.872,159,9,-0.886,-0.053,-0.047,0.018,0,181.5,328,-2.5,0,0,0,0,0,0,0,0,0,1704

Main.js:462 109.26,180.962,25.5,25.5,0.86,0.349,0.045,0.022,95,0,0,1,0,1,0,0,132.942,192.595,2.256,1.076,0,0,0,0,0,0,0,0,383.244,293.84,157.5,6,-0.886,-0.032,-0.046,0.019,99,179,328,-2.5,0,0,0,0,0,0,0,0,0,1720

Main.js:462 110.12,181.315,25.5,25.5,0.859,0.352,0.045,0.022,94,0,0,1,0,1,0,0,135.198,193.671,2.256,1.076,0,0,0,0,0,0,0,0,382.359,293.829,156,3,-0.885,-0.011,-0.046,0.02,98,176.5,328,-2.5,0,407.502,296.328,2.486,0.261,0,0,0,0,1737

Main.js:462 110.979,181.67,25.5,25.5,0.859,0.355,0.045,0.022,93,0,0,1,0,0,0,0,137.455,194.747,2.256,1.076,0,0,0,0,0,0,0,0,381.476,293.839,154.5,0,-0.884,0.01,-0.045,0.022,97,174,328,-2.5,0,409.988,296.59,2.486,0.261,0,0,0,0,1769

Main.js:462 111.838,182.028,25.5,25.5,0.859,0.358,0.045,0.022,92,0,0,1,0,0,0,0,139.711,195.823,2.256,1.076,0,0,0,0,0,0,0,0,380.594,293.87,153,357,-0.882,0.031,-0.045,0.023,96,171.5,328,-2.5,0,412.474,296.851,2.486,0.261,0,0,0,0,1786

Main.js:462 112.697,182.388,25.5,25.5,0.859,0.36,0.045,0.022,91,0,0,1,0,0,0,0,141.968,196.9,2.256,1.076,0,0,0,0,0,0,0,0,379.714,293.922,151.5,354,-0.879,0.052,-0.044,0.024,95,169,328,-2.5,0,414.961,297.112,2.486,0.261,0,0,0,0,1804

Main.js:462 113.556,182.751,25.5,25.5,0.859,0.363,0.045,0.022,90,0,0,1,0,0,0,0,144.224,197.976,2.256,1.076,0,0,0,0,0,0,0,0,378.838,293.996,150,351,-0.877,0.073,-0.043,0.025,94,166.5,328,-2.5,0,417.447,297.374,2.486,0.261,0,0,0,0,1819

Main.js:462 114.415,183.116,25.5,25.5,0.859,0.365,0.045,0.022,89,0,0,1,0,0,0,0,146.481,199.052,2.256,1.076,0,0,0,0,0,0,0,0,377.965,294.09,148.5,348,-0.873,0.094,-0.043,0.026,93,164,328,-2.5,0,419.933,297.635,2.486,0.261,0,0,0,0,1836

Main.js:462 115.274,183.483,25.5,25.5,0.859,0.367,0.045,0.022,88,0,0,1,0,0,0,0,148.737,200.129,2.256,1.076,0,0,0,0,0,0,0,0,377.095,294.206,147,345,-0.869,0.116,-0.042,0.027,92,161.5,328,-2.5,0,422.419,297.896,2.486,0.261,0,0,0,0,1853

Main.js:462 116.133,183.853,25.5,25.5,0.859,0.369,0.045,0.022,87,0,0,1,0,0,0,0,150.993,201.205,2.256,1.076,0,0,0,0,0,0,0,0,376.23,294.342,145.5,342,-0.865,0.137,-0.041,0.028,91,159,328,-2.5,0,424.906,298.158,2.486,0.261,0,0,0,0,1869

Main.js:462 116.992,184.224,25.5,25.5,0.859,0.371,0.045,0.022,86,0,0,1,0,0,0,0,153.25,202.281,2.256,1.076,0,0,0,0,0,0,0,0,375.37,294.5,144,339,-0.86,0.158,-0.04,0.029,90,156.5,328,-2.5,0,427.392,298.419,2.486,0.261,0,0,0,0,1887

Main.js:462 117.851,184.597,25.5,25.5,0.859,0.373,0.045,0.022,85,0,0,1,0,0,0,0,155.506,203.357,2.256,1.076,0,0,0,0,0,0,0,0,374.515,294.679,142.5,336,-0.855,0.179,-0.04,0.03,89,154,328,-2.5,0,429.878,298.68,2.486,0.261,0,0,0,0,1904

Main.js:462 118.709,184.973,25.5,25.5,0.859,0.375,0.045,0.022,84,0,0,1,0,0,0,0,157.763,204.434,2.256,1.076,0,0,0,0,0,0,0,0,373.666,294.879,141,333,-0.849,0.2,-0.039,0.031,88,151.5,328,-2.5,0,432.365,298.942,2.486,0.261,0,0,0,0,1920

Main.js:462 119.568,185.349,25.5,25.5,0.859,0.377,0.045,0.022,83,0,0,1,0,0,0,0,160.019,205.51,2.256,1.076,0,0,0,0,0,0,0,0,372.823,295.1,139.5,330,-0.843,0.221,-0.038,0.032,87,149,328,-2.5,0,434.851,299.203,2.486,0.261,0,0,0,0,1936

Main.js:462 120.426,185.728,25.5,25.5,0.859,0.378,0.045,0.022,82,0,0,1,0,0,0,0,162.276,206.586,2.256,1.076,0,0,0,0,0,0,0,0,371.987,295.341,138,327,-0.836,0.241,-0.037,0.033,86,146.5,328,-2.5,0,437.337,299.464,2.486,0.261,0,0,0,0,1953

Main.js:462 121.285,186.108,25.5,25.5,0.858,0.38,0.045,0.022,81,0,0,1,0,0,0,0,164.532,207.663,2.256,1.076,0,0,0,0,0,0,0,0,371.158,295.603,136.5,324,-0.829,0.262,-0.036,0.034,85,144,328,-2.5,0,439.824,299.726,2.486,0.261,0,0,0,0,1970

Main.js:462 122.143,186.489,25.5,25.5,0.858,0.381,0.045,0.022,80,0,0,1,0,0,0,0,166.789,208.739,2.256,1.076,0,0,0,0,0,0,0,0,370.337,295.885,135,321,-0.821,0.283,-0.035,0.035,84,141.5,328,-2.5,0,442.31,299.987,2.486,0.261,0,0,0,0,1986

Main.js:462 123.002,186.872,25.5,25.5,0.858,0.383,0.045,0.022,79,0,0,1,0,0,0,0,169.045,209.815,2.256,1.076,0,0,0,0,0,0,0,0,369.525,296.188,133.5,318,-0.812,0.303,-0.034,0.036,83,139,328,-2.5,0,444.796,300.248,2.486,0.261,0,0,0,0,2004

Main.js:462 123.86,187.256,25.5,25.5,0.858,0.384,0.045,0.022,78,0,0,1,0,0,0,0,171.302,210.891,2.256,1.076,0,0,0,0,0,0,0,0,368.72,296.51,135,318,-0.805,0.321,-0.035,0.035,82,136.5,328,-2.5,0,447.282,300.51,2.486,0.261,0,0,0,0,2019

Main.js:462 124.718,187.641,25.5,25.5,0.858,0.385,0.045,0.022,77,0,0,1,0,0,0,0,173.558,211.968,2.256,1.076,0,0,0,0,0,0,0,0,367.92,296.848,136.5,318,-0.8,0.338,-0.036,0.034,81,134,328,-2.5,0,449.769,300.771,2.486,0.261,0,0,0,0,2036

Main.js:462 125.576,188.027,25.5,25.5,0.858,0.386,0.045,0.022,76,0,0,1,0,0,0,0,175.815,213.044,2.256,1.076,0,0,0,0,0,0,0,0,367.125,297.2,138,318,-0.795,0.353,-0.037,0.033,80,131.5,328,-2.5,0,452.255,301.032,2.486,0.261,0,0,0,0,2054

Main.js:462 126.435,188.415,25.5,25.5,0.858,0.388,0.045,0.022,75,0,0,1,0,0,0,0,178.071,214.12,2.256,1.076,0,0,0,0,0,0,0,0,366.334,297.566,139.5,318,-0.791,0.366,-0.038,0.032,79,129,328,-2.5,0,454.741,301.294,2.486,0.261,0,0,0,0,2069

Main.js:462 127.293,188.804,25.5,25.5,0.858,0.389,0.045,0.022,74,0,0,1,0,0,0,0,180.327,215.196,2.256,1.076,0,0,0,0,0,0,0,0,365.545,297.944,141,318,-0.789,0.378,-0.039,0.031,78,126.5,328,-2.5,0,457.228,301.555,2.486,0.261,0,0,0,0,2088

Main.js:462 128.151,189.193,25.5,25.5,0.858,0.39,0.045,0.022,73,0,0,1,0,0,0,0,182.584,216.273,2.256,1.076,0,0,0,0,0,0,0,0,364.758,298.332,142.5,318,-0.787,0.388,-0.04,0.03,77,124,328,-2.5,0,459.714,301.816,2.486,0.261,0,0,0,0,2103

Main.js:462 129.009,189.584,25.5,25.5,0.858,0.391,0.045,0.022,72,0,0,1,0,0,0,0,184.84,217.349,2.256,1.076,0,0,0,0,0,0,0,0,363.972,298.728,144,318,-0.786,0.396,-0.04,0.029,76,121.5,328,-2.5,0,462.2,302.078,2.486,0.261,0,0,0,0,2120

Main.js:462 129.867,189.976,25.5,25.5,0.858,0.392,0.045,0.022,71,0,0,1,0,0,0,0,187.097,218.425,2.256,1.076,0,0,0,0,0,0,0,0,363.187,299.131,145.5,318,-0.786,0.403,-0.041,0.028,75,119,328,-2.5,0,464.687,302.339,2.486,0.261,0,0,0,0,2135

Main.js:462 130.725,190.368,25.5,25.5,0.858,0.392,0.045,0.022,70,0,0,1,0,0,0,0,189.353,219.502,2.256,1.076,0,0,0,0,0,0,0,0,362.4,299.54,147,318,-0.786,0.409,-0.042,0.027,74,116.5,328,-2.5,0,467.173,302.6,2.486,0.261,0,0,0,0,2152

Main.js:462 131.583,190.761,25.5,25.5,0.858,0.393,0.045,0.022,69,0,0,1,0,0,0,0,191.61,220.578,2.256,1.076,0,0,0,0,0,0,0,0,361.613,299.953,148.5,318,-0.788,0.413,-0.043,0.026,73,114,328,-2.5,0,469.659,302.862,2.486,0.261,0,0,0,0,2170

Main.js:462 132.398,191.135,25.5,25.5,0.815,0.374,0,0,68,0,0,0,0,0,0,0,193.866,221.654,2.256,1.076,0,0,0,0,0,0,0,0,360.823,300.37,150,318,-0.789,0.416,-0.043,0.025,72,111.5,328,-2.5,0,472.146,303.123,2.486,0.261,0,0,0,0,2186

Main.js:462 133.172,191.49,27,27,0.774,0.355,0,0,67,0,1,0,0,0,0,0,196.123,222.73,2.256,1.076,0,0,0,0,0,0,0,0,360.032,300.788,151.5,318,-0.792,0.418,-0.044,0.024,71,109,328,-2.5,0,474.632,303.384,2.486,0.261,0,0,0,0,2203

Main.js:462 133.908,191.827,28.5,28.5,0.736,0.337,0,0,66,0,1,0,0,0,0,0,198.379,223.807,2.256,1.076,0,0,0,0,0,0,0,0,359.237,301.207,153,318,-0.794,0.419,-0.045,0.023,70,106.5,328,-2.5,0,477.118,303.645,2.486,0.261,0,0,0,0,2220

Main.js:462 134.607,192.147,30,30,0.699,0.32,0,0,65,0,1,0,0,0,0,0,200.636,224.883,2.256,1.076,0,0,0,0,0,0,0,0,358.44,301.625,154.5,318,-0.797,0.418,-0.045,0.022,69,104,328,-2.5,0,479.604,303.907,2.486,0.261,0,0,0,0,2236

Main.js:462 135.271,192.452,31.5,31.5,0.664,0.304,0,0,64,0,1,0,0,0,0,0,202.892,225.959,2.256,1.076,0,0,0,0,0,0,0,0,357.639,302.042,156,318,-0.801,0.417,-0.046,0.02,68,101.5,328,-2.5,0,482.091,304.168,2.486,0.261,0,0,0,0,2253

Main.js:462 135.902,192.741,33,33,0.631,0.289,0,0,63,0,1,0,0,0,0,0,205.149,227.035,2.256,1.076,0,0,0,0,0,0,0,0,356.834,302.456,157.5,318,-0.805,0.414,-0.046,0.019,67,99,328,-2.5,0,484.577,304.429,2.486,0.261,0,0,0,0,2270

Main.js:462 136.501,193.015,34.5,34.5,0.599,0.275,0,0,62,0,1,0,0,0,0,0,207.405,228.112,2.256,1.076,0,0,0,0,0,0,0,0,356.025,302.867,159,318,-0.809,0.41,-0.047,0.018,66,96.5,328,-2.5,0,487.063,304.691,2.486,0.261,0,0,0,0,2286

Main.js:462 137.07,193.276,36,36,0.569,0.261,0,0,61,0,1,0,0,0,0,0,209.661,229.188,2.256,1.076,0,0,0,0,0,0,0,0,355.212,303.273,160.5,318,-0.813,0.406,-0.047,0.017,65,94,328,-2.5,0,489.55,304.952,2.486,0.261,0,0,0,0,2303

Main.js:462 137.611,193.524,37.5,37.5,0.541,0.248,0,0,60,0,1,0,0,0,0,0,211.918,230.264,2.256,1.076,0,0,0,0,0,0,0,0,354.394,303.673,162,318,-0.818,0.4,-0.048,0.015,64,91.5,328,-2.5,0,492.036,305.213,2.486,0.261,0,0,0,0,2319

Main.js:462 138.124,193.76,37.5,37.5,0.514,0.235,0,0,59,0,0,0,0,0,0,0,214.174,231.341,2.256,1.076,0,0,0,0,0,0,0,0,353.572,304.067,163.5,318,-0.822,0.394,-0.048,0.014,63,89,328,-2.5,0,494.522,305.475,2.486,0.261,0,0,0,0,2336

Main.js:462 138.612,193.983,37.5,37.5,0.488,0.224,0,0,58,0,0,0,0,0,0,0,216.431,232.417,2.256,1.076,0,0,0,0,0,0,0,0,352.745,304.453,165,318,-0.827,0.386,-0.048,0.013,62,86.5,328,-2.5,0,497.009,305.736,2.486,0.261,0,0,0,0,2353

Main.js:462 139.076,194.196,37.5,37.5,0.464,0.213,0,0,57,0,0,0,0,0,0,0,218.687,233.493,2.256,1.076,0,0,0,0,0,0,0,0,351.913,304.831,166.5,318,-0.832,0.378,-0.049,0.012,61,84,328,-2.5,0,499.495,305.997,2.486,0.261,0,0,0,0,2371

Main.js:462 139.517,194.398,37.5,37.5,0.44,0.202,0,0,56,0,0,0,0,0,0,0,220.944,234.569,2.256,1.076,0,0,0,0,0,0,0,0,351.076,305.2,168,318,-0.837,0.369,-0.049,0.01,60,81.5,328,-2.5,0,0,0,0,0,0,0,0,0,2386

Main.js:462 139.935,194.589,37.5,37.5,0.418,0.192,0,0,55,0,0,0,0,0,0,0,223.2,235.646,2.256,1.076,0,0,0,0,0,0,0,0,350.234,305.559,169.5,318,-0.842,0.359,-0.049,0.009,59,79,328,-2.5,0,0,0,0,0,0,0,0,0,2403

Main.js:462 140.332,194.772,37.5,37.5,0.398,0.182,0,0,54,0,0,0,0,0,0,0,225.457,236.722,2.256,1.076,0,0,0,0,0,0,0,0,349.387,305.908,171,318,-0.847,0.349,-0.049,0.008,58,76.5,328,-2.5,0,0,0,0,0,0,0,0,0,2419

Main.js:462 140.71,194.945,37.5,37.5,0.378,0.173,0,0,53,0,0,0,0,0,0,0,227.713,237.798,2.256,1.076,0,0,0,0,0,0,0,0,348.536,306.245,172.5,318,-0.851,0.337,-0.05,0.007,57,74,328,-2.5,0,0,0,0,0,0,0,0,0,2436

Main.js:462 141.069,195.109,37.5,37.5,0.359,0.164,0,0,52,0,0,0,0,1,0,0,229.97,238.875,2.256,1.076,0,0,0,0,0,0,0,0,347.68,306.571,174,318,-0.856,0.326,-0.05,0.005,56,71.5,328,-2.5,0,0,0,0,0,0,0,0,0,2453

Main.js:462 141.41,195.265,37.5,37.5,0.341,0.156,0,0,51,0,0,0,0,1,0,0,232.226,239.951,2.256,1.076,0,0,0,0,0,0,0,0,346.819,306.884,175.5,318,-0.861,0.313,-0.05,0.004,55,69,328,-2.5,0,0,0,0,0,0,0,0,0,2470

Main.js:462 141.733,195.414,37.5,37.5,0.324,0.148,0,0,50,0,0,0,0,1,0,0,234.483,241.027,2.256,1.076,0,0,0,0,0,0,0,0,345.954,307.184,177,318,-0.865,0.3,-0.05,0.003,54,66.5,328,-2.5,0,0,0,0,0,0,0,0,0,2486

Main.js:462 142.041,195.555,37.5,37.5,0.308,0.141,0,0,49,0,0,0,0,0,0,0,236.739,242.103,2.256,1.076,0,0,0,0,0,0,0,0,345.085,307.47,178.5,318,-0.869,0.286,-0.05,0.001,53,64,328,-2.5,0,0,0,0,0,0,0,0,0,2503

Main.js:462 142.333,195.689,37.5,37.5,0.292,0.134,0,0,48,0,0,0,0,0,0,0,238.995,243.18,2.256,1.076,0,0,0,0,0,0,0,0,344.212,307.743,178.5,316.5,-0.873,0.273,-0.05,0.001,52,61.5,328,-2.5,0,0,0,0,0,0,0,0,0,2520

Main.js:462 142.611,195.816,37.5,37.5,0.278,0.127,0,0,47,0,0,0,0,0,0,0,241.252,244.256,2.256,1.076,0,0,0,0,0,0,0,0,343.335,308.004,178.5,315,-0.877,0.261,-0.05,0.001,51,59,328,-2.5,0,0,0,0,0,0,0,0,0,2537

Main.js:462 142.874,195.937,37.5,37.5,0.264,0.121,0,0,46,0,0,0,0,0,0,0,243.508,245.332,2.256,1.076,0,0,0,0,0,0,0,0,342.454,308.253,178.5,313.5,-0.881,0.249,-0.05,0.001,50,56.5,328,-2.5,0,0,0,0,0,0,0,0,0,2552

Main.js:462 143.125,196.052,37.5,37.5,0.251,0.115,0,0,45,0,0,0,0,0,0,0,245.765,246.408,2.256,1.076,0,0,0,0,0,0,0,0,341.57,308.49,178.5,312,-0.884,0.238,-0.05,0.001,49,54,328,-2.5,0,0,0,0,0,0,0,0,0,2574

Main.js:462 143.363,196.161,37.5,37.5,0.238,0.109,0,0,44,0,0,0,0,0,0,0,248.021,247.485,2.256,1.076,0,0,0,0,0,0,0,0,340.683,308.717,178.5,310.5,-0.887,0.227,-0.05,0.001,48,51.5,328,-2.5,0,0,0,0,0,0,0,0,0,2586

Main.js:462 143.589,196.264,39,39,0.226,0.104,0,0,43,0,1,0,0,0,0,0,250.278,248.561,2.256,1.076,0,0,0,0,0,0,0,0,339.792,308.934,178.5,309,-0.891,0.217,-0.05,0.001,47,49,328,-2.5,0,0,0,0,0,0,0,0,0,2602

Main.js:462 143.804,196.363,40.5,40.5,0.215,0.098,0,0,42,0,1,0,0,0,0,0,252.534,249.637,2.256,1.076,0,0,0,0,0,0,0,0,338.899,309.141,178.5,307.5,-0.893,0.207,-0.05,0.001,46,46.5,328,-2.5,0,0,0,0,0,0,0,0,0,2619

Main.js:462 144.008,196.456,42,42,0.204,0.094,0,0,41,0,1,0,0,1,0,0,254.791,250.714,2.256,1.076,0,0,0,0,0,0,0,0,338.003,309.34,178.5,306,-0.896,0.198,-0.05,0.001,45,44,328,-2.5,0,0,0,0,0,0,0,0,0,2635

Main.js:462 144.202,196.545,43.5,43.5,0.194,0.089,0,0,40,0,1,0,0,1,0,0,257.047,251.79,2.256,1.076,0,0,0,0,0,0,0,0,337.104,309.529,178.5,304.5,-0.899,0.19,-0.05,0.001,44,41.5,328,-2.5,0,0,0,0,0,0,0,0,0,2653

Main.js:462 144.386,196.63,45,45,0.184,0.084,0,0,39,0,1,0,0,1,0,0,259.304,252.866,2.256,1.076,0,0,0,0,0,0,0,0,336.202,309.71,178.5,303,-0.901,0.181,-0.05,0.001,43,39,328,-2.5,0,0,0,0,0,0,0,0,0,2671

Main.js:462 144.561,196.71,46.5,46.5,0.175,0.08,0,0,38,0,1,0,0,1,0,0,261.56,253.942,2.256,1.076,0,0,0,0,0,0,0,0,335.298,309.884,178.5,301.5,-0.904,0.173,-0.05,0.001,42,36.5,328,-2.5,0,0,0,0,0,0,0,0,0,2685

Main.js:462 144.727,196.786,48,48,0.166,0.076,0,0,37,0,1,0,0,1,0,0,263.817,255.019,2.256,1.076,0,0,0,0,0,0,0,0,334.392,310.05,178.5,300,-0.906,0.166,-0.05,0.001,41,34,328,-2.5,0,0,0,0,0,0,0,0,0,2703

Main.js:462 144.885,196.858,49.5,49.5,0.158,0.072,0,0,36,0,1,0,0,1,0,0,266.073,256.095,2.256,1.076,0,0,0,0,0,0,0,0,333.484,310.209,178.5,298.5,-0.908,0.159,-0.05,0.001,40,31.5,328,-2.5,0,0,0,0,0,0,0,0,0,2720

Main.js:462 145.035,196.927,49.5,49.5,0.15,0.069,0,0,35,0,0,0,0,0,0,0,268.33,257.171,2.256,1.076,0,0,0,0,0,0,0,0,332.573,310.361,178.5,297,-0.91,0.152,-0.05,0.001,39,29,328,-2.5,0,0,0,0,0,0,0,0,0,2737

Main.js:462 145.208,197.029,49.5,49.5,0.173,0.101,0.032,0.038,34,0,0,1,0,0,0,0,270.586,258.248,2.256,1.076,0,0,0,0,0,0,0,0,331.661,310.507,178.5,295.5,-0.912,0.146,-0.05,0.001,38,26.5,328,-2.5,0,0,0,0,0,0,0,0,0,2754

Main.js:462 145.404,197.161,49.5,49.5,0.196,0.132,0.032,0.038,33,0,0,1,0,0,0,0,272.842,259.324,2.256,1.076,0,0,0,0,0,0,0,0,330.747,310.647,178.5,294,-0.914,0.14,-0.05,0.001,37,24,328,-2.5,0,0,0,0,0,0,0,0,0,2769

Main.js:462 145.621,197.323,49.5,49.5,0.217,0.162,0.032,0.038,32,0,0,1,0,0,0,0,275.099,260.4,2.256,1.076,0,0,0,0,0,0,0,0,329.83,310.781,178.5,292.5,-0.916,0.134,-0.05,0.001,36,21.5,328,-2.5,0,0,0,0,0,0,0,0,0,2786

Main.js:462 145.857,197.513,49.5,49.5,0.237,0.19,0.032,0.038,31,0,0,1,0,0,0,0,277.355,261.476,2.256,1.076,0,0,0,0,0,0,0,0,328.913,310.91,178.5,291,-0.918,0.129,-0.05,0.001,35,19,328,-2.5,0,0,0,0,0,0,0,0,0,2804

Main.js:462 146.113,197.73,49.5,49.5,0.256,0.217,0.032,0.038,30,0,0,1,0,1,0,0,279.612,262.553,2.256,1.076,0,0,0,0,0,0,0,0,327.993,311.033,178.5,289.5,-0.919,0.123,-0.05,0.001,34,16.5,328,-2.5,0,0,0,0,0,0,0,0,0,2819

Main.js:462 146.386,197.972,49.5,49.5,0.274,0.242,0.032,0.038,29,0,0,1,0,1,0,0,281.868,263.629,2.256,1.076,0,0,0,0,0,0,0,0,327.073,311.151,178.5,288,-0.921,0.119,-0.05,0.001,33,14,328,-2.5,0,0,0,0,0,0,0,0,0,2837

Main.js:462 146.677,198.237,49.5,49.5,0.291,0.266,0.032,0.038,28,0,0,1,0,1,0,0,284.125,264.705,2.256,1.076,0,0,0,0,0,0,0,0,326.15,311.265,178.5,286.5,-0.922,0.114,-0.05,0.001,32,11.5,328,-2.5,0,0,0,0,0,0,0,0,0,2853

Main.js:462 146.985,198.526,49.5,49.5,0.307,0.289,0.032,0.038,27,0,0,1,0,1,0,0,286.381,265.781,2.256,1.076,0,0,0,0,0,0,0,0,325.227,311.375,178.5,285,-0.924,0.109,-0.05,0.001,31,9,328,-2.5,0,0,0,0,0,0,0,0,0,2869

Main.js:462 147.307,198.837,49.5,49.5,0.323,0.31,0.032,0.038,26,0,0,1,0,1,0,0,288.638,266.858,2.256,1.076,0,0,0,0,0,0,0,0,324.302,311.48,178.5,283.5,-0.925,0.105,-0.05,0.001,30,6.5,328,-2.5,0,0,0,0,0,0,0,0,0,2886

Main.js:462 147.645,199.168,49.5,49.5,0.337,0.331,0.032,0.038,25,0,0,1,0,0,0,0,290.894,267.934,2.256,1.076,0,0,0,0,0,0,0,0,323.376,311.581,178.5,282,-0.926,0.101,-0.05,0.001,29,4,328,-2.5,0,0,0,0,0,0,0,0,0,2904

Main.js:462 147.996,199.518,49.5,49.5,0.351,0.351,0.032,0.038,24,0,0,1,0,0,0,0,293.151,269.01,2.256,1.076,0,0,0,0,0,0,0,0,322.448,311.678,178.5,280.5,-0.927,0.097,-0.05,0.001,28,1.5,328,-2.5,0,0,0,0,0,0,0,0,0,2919

Main.js:462 148.361,199.887,49.5,49.5,0.365,0.369,0.032,0.038,23,0,0,1,0,0,0,0,293.151,269.01,2.256,1.076,0,0,0,0,0,0,0,0,321.52,311.772,178.5,279,-0.928,0.094,-0.05,0.001,27,0,0,0,0,0,0,0,0,0,0,0,0,2936

Main.js:462 148.738,200.274,49.5,49.5,0.377,0.387,0.032,0.038,22,0,0,1,0,0,0,0,295.407,270.087,2.256,1.076,0,0,0,0,0,0,0,0,320.59,311.862,178.5,277.5,-0.93,0.09,-0.05,0.001,26,0,0,0,0,0,0,0,0,0,0,0,0,2953

Main.js:462 149.127,200.678,49.5,49.5,0.389,0.404,0.032,0.038,21,0,0,1,0,0,0,0,297.664,271.163,2.256,1.076,0,0,0,0,0,0,0,0,319.66,311.949,178.5,276,-0.931,0.087,-0.05,0.001,25,0,0,0,0,0,0,0,0,0,0,0,0,2968

Main.js:462 149.528,201.097,49.5,49.5,0.401,0.42,0.032,0.038,20,0,0,1,0,1,0,0,299.92,272.239,2.256,1.076,0,0,0,0,0,0,0,0,318.728,312.033,178.5,274.5,-0.931,0.084,-0.05,0.001,24,0,0,0,0,0,0,0,0,0,0,0,0,2987

Main.js:462 149.939,201.532,49.5,49.5,0.411,0.435,0.032,0.038,19,0,0,1,0,1,0,0,302.176,273.315,2.256,1.076,0,0,0,0,0,0,0,0,317.796,312.114,178.5,273,-0.932,0.081,-0.05,0.001,23,0,0,0,0,0,0,0,0,0,0,0,0,3004

Main.js:462 150.361,201.981,49.5,49.5,0.422,0.449,0.032,0.038,18,0,0,1,0,1,0,0,304.433,274.392,2.256,1.076,0,0,0,0,0,0,0,0,316.863,312.194,177,270,-0.933,0.079,-0.05,0.003,22,0,0,0,0,0,0,0,0,0,0,0,0,3020

Main.js:462 150.792,202.444,49.5,49.5,0.431,0.463,0.032,0.038,17,0,0,1,0,1,0,0,306.689,275.468,2.256,1.076,0,0,0,0,0,0,0,0,315.929,312.273,175.5,267,-0.934,0.079,-0.05,0.004,21,0,0,0,0,0,0,0,0,0,0,0,0,3036

Main.js:462 151.233,202.92,49.5,49.5,0.441,0.476,0.032,0.038,16,0,0,1,0,1,0,0,308.946,276.544,2.256,1.076,0,0,0,0,0,0,0,0,314.994,312.353,174,264,-0.934,0.08,-0.05,0.005,20,0,0,0,0,0,0,0,0,0,0,0,0,3053

Main.js:462 151.683,203.408,49.5,49.5,0.45,0.488,0.032,0.038,15,0,0,1,0,0,0,0,311.202,277.621,2.256,1.076,0,0,0,0,0,0,0,0,314.059,312.435,172.5,261,-0.935,0.082,-0.05,0.007,19,0,0,0,0,0,0,0,0,0,0,0,0,3070

Main.js:462 152.141,203.908,49.5,49.5,0.458,0.5,0.032,0.038,14,0,0,1,0,0,0,0,313.459,278.697,2.256,1.076,0,0,0,0,0,0,0,0,313.124,312.521,171,258,-0.935,0.086,-0.049,0.008,18,0,0,0,0,0,0,0,0,0,0,0,0,3086

Main.js:462 152.607,204.419,49.5,49.5,0.466,0.511,0.032,0.038,13,0,0,1,0,0,0,0,315.715,279.773,2.256,1.076,0,0,0,0,0,0,0,0,312.189,312.611,169.5,255,-0.935,0.09,-0.049,0.009,17,0,0,0,0,0,0,0,0,0,0,0,0,3103

Main.js:462 153.08,204.94,49.5,49.5,0.473,0.521,0.032,0.038,12,0,0,1,0,0,0,0,317.972,280.849,2.256,1.076,0,0,0,0,0,0,0,0,311.255,312.706,168,252,-0.935,0.095,-0.049,0.01,16,0,0,0,0,0,0,0,0,0,0,0,0,3121

Main.js:462 153.561,205.472,49.5,49.5,0.481,0.532,0.032,0.038,11,0,0,1,0,0,0,0,320.228,281.926,2.256,1.076,0,0,0,0,0,0,0,0,310.321,312.808,166.5,249,-0.934,0.102,-0.049,0.012,15,0,0,0,0,0,0,0,0,0,0,0,0,3136

Main.js:462 154.048,206.013,49.5,49.5,0.487,0.541,0.032,0.038,10,0,0,1,0,0,0,0,322.485,283.002,2.256,1.076,0,0,0,0,0,0,0,0,309.387,312.917,165,246,-0.933,0.109,-0.048,0.013,14,0,0,0,0,0,0,0,0,0,0,0,0,3153

Main.js:462 154.542,206.563,49.5,49.5,0.494,0.55,0.032,0.038,9,0,0,1,0,1,0,0,324.741,284.078,2.256,1.076,0,0,0,0,0,0,0,0,308.455,313.034,163.5,243,-0.932,0.117,-0.048,0.014,13,0,0,0,0,0,0,0,0,0,0,0,0,3169

Main.js:462 155.042,207.122,49.5,49.5,0.5,0.559,0.032,0.038,8,0,0,1,0,1,0,0,326.998,285.154,2.256,1.076,0,0,0,0,0,0,0,0,307.524,313.16,162,240,-0.931,0.126,-0.048,0.015,12,0,0,0,0,0,0,0,0,0,0,0,0,3186

Main.js:462 155.548,207.688,49.5,49.5,0.506,0.567,0.032,0.038,7,0,0,1,0,1,0,0,329.254,286.231,2.256,1.076,0,0,0,0,0,0,0,0,306.595,313.295,160.5,237,-0.929,0.135,-0.047,0.017,11,0,0,0,0,0,0,0,0,0,0,0,0,3203

Main.js:462 156.059,208.263,49.5,49.5,0.511,0.575,0.032,0.038,6,0,0,1,0,1,0,0,331.51,287.307,2.256,1.076,0,0,0,0,0,0,0,0,305.669,313.441,159,234,-0.927,0.146,-0.047,0.018,10,0,0,0,0,0,0,0,0,0,0,0,0,3220

Main.js:462 156.576,208.845,49.5,49.5,0.517,0.582,0.032,0.038,5,0,0,1,0,1,0,0,333.767,288.383,2.256,1.076,0,0,0,0,0,0,0,0,304.744,313.597,157.5,231,-0.924,0.157,-0.046,0.019,9,0,0,0,0,0,0,0,0,0,0,0,0,3236

Main.js:462 157.098,209.434,49.5,49.5,0.522,0.589,0.032,0.038,4,0,0,1,0,0,0,0,336.023,289.46,2.256,1.076,0,0,0,0,0,0,0,0,303.823,313.765,156,228,-0.922,0.168,-0.046,0.02,8,0,0,0,0,0,0,0,0,0,0,0,0,3252

Main.js:462 157.624,210.03,49.5,49.5,0.527,0.596,0.032,0.038,3,0,0,1,0,0,0,0,338.28,290.536,2.256,1.076,0,0,0,0,0,0,0,0,302.904,313.945,154.5,225,-0.918,0.18,-0.045,0.022,7,0,0,0,0,0,0,0,0,0,0,0,0,3269

Main.js:462 158.155,210.632,49.5,49.5,0.531,0.602,0.032,0.038,2,0,0,1,0,0,0,0,340.536,291.612,2.256,1.076,0,0,0,0,0,0,0,0,301.989,314.138,153,222,-0.915,0.193,-0.045,0.023,6,0,0,0,0,0,0,0,0,0,0,0,0,3286

Main.js:462 158.691,211.24,49.5,49.5,0.535,0.608,0.032,0.038,1,0,0,1,0,0,0,0,342.793,292.688,2.256,1.076,0,0,0,0,0,0,0,0,301.079,314.343,151.5,219,-0.911,0.206,-0.044,0.024,5,0,0,0,0,0,0,0,0,0,0,0,0,3304

Main.js:462 159.23,211.854,49.5,49.5,0.539,0.614,0.032,0.038,0,0,0,1,0,0,0,0,345.049,293.765,2.256,1.076,0,0,0,0,0,0,0,0,300.172,314.563,150,216,-0.906,0.219,-0.043,0.025,4,0,0,0,0,0,0,0,0,0,0,0,0,3320

Main.js:462 159.774,212.473,49.5,49.5,0.543,0.619,0.032,0.038,0,0,0,1,0,0,0,0,347.306,294.841,2.256,1.076,0,0,0,0,0,0,0,0,299.271,314.796,148.5,213,-0.902,0.233,-0.043,0.026,3,0,0,0,0,0,0,0,0,0,0,0,0,3336

Main.js:462 160.32,213.098,49.5,49.5,0.547,0.624,0.032,0.038,99,0,0,1,0,1,0,0,349.562,295.917,2.256,1.076,0,0,0,0,0,0,0,0,298.374,315.043,147,210,-0.896,0.247,-0.042,0.027,2,0,0,0,0,0,0,0,0,0,0,0,0,3354

Main.js:462 160.871,213.727,49.5,49.5,0.55,0.629,0.032,0.038,98,0,0,1,0,1,0,0,351.819,296.994,2.256,1.076,175.036,230.343,1.624,1.901,0,0,0,0,297.484,315.305,145.5,207,-0.891,0.262,-0.041,0.028,1,0,0,0,0,0,0,0,0,0,0,0,0,3370

Main.js:462 161.425,214.361,49.5,49.5,0.554,0.634,0.032,0.038,97,0,0,1,0,1,0,0,354.075,298.07,2.256,1.076,176.659,232.244,1.624,1.901,0,0,0,0,296.599,315.581,144,204,-0.885,0.277,-0.04,0.029,0,0,0,0,0,0,0,0,0,0,0,0,0,3386

Main.js:462 161.982,215,49.5,49.5,0.557,0.638,0.032,0.038,96,0,0,1,0,1,0,0,356.332,299.146,2.256,1.076,178.283,234.145,1.624,1.901,0,0,0,0,295.721,315.873,142.5,201,-0.878,0.292,-0.04,0.03,99,0,0,0,0,0,0,0,0,0,0,0,0,3404

Main.js:462 162.542,215.642,49.5,49.5,0.56,0.643,0.032,0.038,95,0,0,1,0,1,0,0,358.588,300.222,2.256,1.076,179.906,236.046,1.624,1.901,0,0,0,0,294.85,316.18,141,198,-0.871,0.307,-0.039,0.031,98,274.66,307.159,-2.334,-0.896,0,0,0,0,0,0,0,0,3421

Main.js:462 163.105,216.289,49.5,49.5,0.563,0.647,0.032,0.038,94,0,0,1,0,0,0,0,360.845,301.299,2.256,1.076,181.53,237.947,1.624,1.901,0,0,0,0,293.987,316.502,139.5,195,-0.864,0.322,-0.038,0.032,97,272.326,306.264,-2.334,-0.896,0,0,0,0,0,0,0,0,3436

Main.js:462 163.67,216.939,49.5,49.5,0.566,0.65,0.032,0.038,93,0,0,1,0,0,0,0,363.101,302.375,2.256,1.076,183.154,239.848,1.624,1.901,0,0,0,0,293.131,316.84,138,192,-0.856,0.338,-0.037,0.033,96,269.992,305.368,-2.334,-0.896,0,0,0,0,0,0,0,0,3454

Main.js:462 164.238,217.593,49.5,49.5,0.568,0.654,0.032,0.038,92,0,0,1,0,0,0,0,365.357,303.451,2.256,1.076,184.777,241.749,1.624,1.901,0,0,0,0,292.283,317.194,136.5,189,-0.847,0.354,-0.036,0.034,95,267.658,304.472,-2.334,-0.896,0,0,0,0,0,0,0,0,3469

Main.js:462 164.809,218.25,49.5,49.5,0.571,0.657,0.032,0.038,91,0,0,1,0,0,0,0,367.614,304.527,2.256,1.076,186.401,243.65,1.624,1.901,0,0,0,0,291.445,317.564,135,186,-0.839,0.37,-0.035,0.035,94,265.324,303.576,-2.334,-0.896,0,0,0,0,0,0,0,0,3487

Main.js:462 165.382,218.911,49.5,49.5,0.573,0.661,0.032,0.038,90,0,0,1,0,0,0,0,369.87,305.604,2.256,1.076,188.024,245.551,1.624,1.901,0,0,0,0,290.615,317.95,133.5,183,-0.829,0.386,-0.034,0.036,93,262.99,302.68,-2.334,-0.896,0,0,0,0,0,0,0,0,3503

Main.js:462 165.957,219.575,49.5,49.5,0.575,0.664,0.032,0.038,89,0,0,1,0,1,0,0,372.127,306.68,2.256,1.076,189.648,247.452,1.624,1.901,0,0,0,0,289.796,318.352,132,180,-0.82,0.402,-0.033,0.037,92,260.656,301.784,-2.334,-0.896,0,0,0,0,0,0,0,0,3522

Main.js:462 166.533,220.242,51,51,0.576,0.667,0.031,0.039,88,0,1,1,0,1,0,0,374.383,307.756,2.256,1.076,191.272,249.353,1.624,1.901,0,0,0,0,288.986,318.77,130.5,177,-0.81,0.418,-0.032,0.038,91,258.322,300.888,-2.334,-0.896,0,0,0,0,0,0,0,0,3538

Main.js:462 167.109,220.914,52.5,52.5,0.576,0.672,0.03,0.04,87,0,1,1,0,1,0,0,376.64,308.833,2.256,1.076,192.895,251.254,1.624,1.901,0,0,0,0,288.187,319.203,129,174,-0.799,0.434,-0.031,0.039,90,255.988,299.992,-2.334,-0.896,0,0,0,0,0,0,0,0,3553

Main.js:462 167.685,221.591,54,54,0.575,0.677,0.029,0.04,86,0,1,1,0,1,0,0,378.896,309.909,2.256,1.076,194.519,253.155,1.624,1.901,0,0,0,0,287.399,319.653,127.5,171,-0.788,0.45,-0.03,0.04,89,253.654,299.096,-2.334,-0.896,0,0,0,0,0,0,0,0,3569

Main.js:462 168.258,222.273,55.5,55.5,0.574,0.682,0.028,0.041,85,0,1,1,0,1,0,0,381.153,310.985,2.256,1.076,196.143,255.056,1.624,1.901,0,0,0,0,286.623,320.119,126,168,-0.776,0.466,-0.029,0.04,88,251.321,298.2,-2.334,-0.896,0,0,0,0,0,0,0,0,3587

Main.js:462 168.829,222.96,57,57,0.571,0.688,0.027,0.042,84,0,1,1,0,1,0,0,383.409,312.061,2.256,1.076,197.766,256.957,1.624,1.901,0,0,0,0,285.858,320.601,124.5,165,-0.765,0.482,-0.028,0.041,87,248.987,297.304,-2.334,-0.896,0,0,0,0,0,0,0,0,3604

Main.js:462 169.396,223.654,58.5,58.5,0.567,0.694,0.026,0.043,83,0,1,1,0,0,0,0,385.666,313.138,2.256,1.076,199.39,258.858,1.624,1.901,0,0,0,0,285.106,321.098,123,162,-0.752,0.497,-0.027,0.042,86,246.653,296.408,-2.334,-0.896,0,0,0,0,0,0,0,0,3618

Main.js:462 169.959,224.354,58.5,58.5,0.563,0.7,0.026,0.043,82,0,0,1,0,0,0,0,387.922,314.214,2.256,1.076,201.013,260.759,1.624,1.901,0,0,0,0,284.367,321.611,121.5,159,-0.739,0.513,-0.026,0.043,85,244.319,295.513,-2.334,-0.896,0,0,0,0,0,0,0,0,3635

Main.js:462 170.519,225.059,58.5,58.5,0.56,0.705,0.026,0.043,81,0,0,1,0,0,0,0,390.179,315.29,2.256,1.076,202.637,262.66,1.624,1.901,0,0,0,0,283.641,322.14,120,156,-0.726,0.529,-0.025,0.043,84,241.985,294.617,-2.334,-0.896,0,0,0,0,0,0,0,0,3652

Main.js:462 171.076,225.769,58.5,58.5,0.557,0.71,0.026,0.043,80,0,0,1,0,0,0,0,392.435,316.367,2.256,1.076,204.261,264.561,1.624,1.901,0,0,0,0,282.928,322.683,118.5,153,-0.713,0.544,-0.024,0.044,83,239.651,293.721,-2.334,-0.896,0,0,0,0,0,0,0,0,3669

Main.js:462 171.63,226.484,58.5,58.5,0.554,0.715,0.026,0.043,79,0,0,1,0,0,0,0,394.691,317.443,2.256,1.076,205.884,266.462,1.624,1.901,0,0,0,0,282.23,323.242,117,150,-0.698,0.559,-0.023,0.045,82,237.317,292.825,-2.334,-0.896,0,0,0,0,0,0,0,0,3685

Main.js:462 172.157,227.164,58.5,58.5,0.526,0.68,0,0,78,0,0,0,0,0,0,0,396.948,318.519,2.256,1.076,207.508,268.363,1.624,1.901,0,0,0,0,281.546,323.816,115.5,147,-0.684,0.574,-0.022,0.045,81,234.983,291.929,-2.334,-0.896,0,0,0,0,0,0,0,0,3702

Main.js:462 172.656,227.81,58.5,58.5,0.5,0.646,0,0,77,0,0,0,0,1,0,0,399.204,319.595,2.256,1.076,209.132,270.264,1.624,1.901,0,0,0,0,280.877,324.405,114,144,-0.669,0.589,-0.02,0.046,80,232.649,291.033,-2.334,-0.896,0,0,0,0,0,0,0,0,3721

Main.js:462 173.131,228.423,58.5,58.5,0.475,0.613,0,0,76,0,0,0,0,1,0,0,401.461,320.672,2.256,1.076,210.755,272.165,1.624,1.901,0,0,0,0,280.223,325.008,112.5,141,-0.654,0.603,-0.019,0.046,79,230.315,290.137,-2.334,-0.896,0,0,0,0,0,0,0,0,3736

Main.js:462 173.583,229.005,58.5,58.5,0.451,0.583,0,0,75,0,0,0,0,1,0,0,403.717,321.748,2.256,1.076,212.379,274.066,1.624,1.901,0,0,0,0,279.585,325.625,111,138,-0.638,0.617,-0.018,0.047,78,227.981,289.241,-2.334,-0.896,0,0,0,0,0,0,0,0,3753

Main.js:462 174.011,229.559,58.5,58.5,0.429,0.554,0,0,74,0,0,0,0,1,0,0,405.974,322.824,2.256,1.076,214.002,275.967,1.624,1.901,0,0,0,0,278.962,326.256,109.5,135,-0.622,0.631,-0.017,0.047,77,225.647,288.345,-2.334,-0.896,0,0,0,0,0,0,0,0,3770

Main.js:462 174.418,230.085,58.5,58.5,0.407,0.526,0,0,73,0,0,0,0,1,0,0,408.23,323.9,2.256,1.076,215.626,277.868,1.624,1.901,0,0,0,0,278.357,326.901,108,132,-0.606,0.645,-0.015,0.048,76,223.313,287.449,-2.334,-0.896,0,0,0,0,0,0,0,0,3785

Main.js:462 174.805,230.584,58.5,58.5,0.387,0.5,0,0,72,0,0,0,0,0,0,0,410.487,324.977,2.256,1.076,217.25,279.769,1.624,1.901,0,0,0,0,277.768,327.559,106.5,129,-0.589,0.658,-0.014,0.048,75,220.979,286.553,-2.334,-0.896,0,0,0,0,0,0,0,0,3802

Main.js:462 175.173,231.059,58.5,58.5,0.367,0.475,0,0,71,0,0,0,0,0,0,0,412.743,326.053,2.256,1.076,218.873,281.67,1.624,1.901,0,0,0,0,277.196,328.23,105,126,-0.572,0.671,-0.013,0.048,74,218.645,285.657,-2.334,-0.896,0,0,0,0,0,0,0,0,3819

Main.js:462 175.522,231.51,58.5,58.5,0.349,0.451,0,0,70,0,0,0,0,0,0,0,415,327.129,2.256,1.076,220.497,283.571,1.624,1.901,0,0,0,0,276.642,328.914,103.5,123,-0.554,0.684,-0.012,0.049,73,216.311,284.761,-2.334,-0.896,0,0,0,0,0,0,0,0,3836

Main.js:462 175.853,231.938,58.5,58.5,0.332,0.428,0,0,69,0,0,0,0,0,0,0,417.256,328.206,2.256,1.076,222.121,285.472,1.624,1.901,0,0,0,0,276.105,329.61,102,120,-0.536,0.696,-0.01,0.049,72,213.977,283.866,-2.334,-0.896,0,0,0,0,0,0,0,0,3854

Main.js:462 176.168,232.345,58.5,58.5,0.315,0.407,0,0,68,0,0,0,0,0,0,0,419.513,329.282,2.256,1.076,223.744,287.373,1.624,1.901,0,0,0,0,275.587,330.318,100.5,117,-0.518,0.708,-0.009,0.049,71,211.643,282.97,-2.334,-0.896,0,0,0,0,0,0,0,0,3870

Main.js:462 176.468,232.732,58.5,58.5,0.299,0.387,0,0,67,0,0,0,0,0,0,0,421.769,330.358,2.256,1.076,225.368,289.274,1.624,1.901,0,0,0,0,275.087,331.037,99,114,-0.5,0.719,-0.008,0.049,70,209.309,282.074,-2.334,-0.896,0,0,0,0,0,0,0,0,3888

Main.js:462 176.752,233.099,58.5,58.5,0.284,0.367,0,0,66,0,0,0,0,0,0,0,424.025,331.434,2.256,1.076,226.991,291.175,1.624,1.901,0,0,0,0,274.607,331.767,97.5,111,-0.481,0.731,-0.007,0.05,69,206.975,281.178,-2.334,-0.896,0,0,0,0,0,0,0,0,3902

Main.js:462 177.022,233.448,58.5,58.5,0.27,0.349,0,0,65,0,0,0,0,0,0,0,426.282,332.511,2.256,1.076,228.615,293.076,1.624,1.901,0,0,0,0,274.145,332.509,96,108,-0.462,0.741,-0.005,0.05,68,204.641,280.282,-2.334,-0.896,0,0,0,0,0,0,0,0,3919

Main.js:462 177.279,233.779,58.5,58.5,0.257,0.331,0,0,64,0,0,0,0,0,0,0,428.538,333.587,2.256,1.076,230.239,294.977,1.624,1.901,0,0,0,0,273.702,333.26,94.5,105,-0.443,0.752,-0.004,0.05,67,202.308,279.386,-2.334,-0.896,0,0,0,0,0,0,0,0,3936

Main.js:462 177.523,234.094,58.5,58.5,0.244,0.315,0,0,63,0,0,0,0,0,0,0,430.795,334.663,2.256,1.076,231.862,296.878,1.624,1.901,0,0,0,0,273.279,334.022,93,102,-0.423,0.761,-0.003,0.05,66,199.974,278.49,-2.334,-0.896,0,0,0,0,0,0,0,0,3970

Main.js:462 177.754,234.393,58.5,58.5,0.232,0.299,0,0,62,0,0,0,0,0,0,0,433.051,335.74,2.256,1.076,233.486,298.78,1.624,1.901,0,0,0,0,272.876,334.792,91.5,99,-0.403,0.771,-0.001,0.05,65,197.64,277.594,-2.334,-0.896,0,0,0,0,0,0,0,0,3985

Main.js:462 177.974,234.677,58.5,58.5,0.22,0.284,0,0,61,0,0,0,0,0,0,0,435.308,336.816,2.256,1.076,235.109,300.681,1.624,1.901,0,0,0,0,272.493,335.572,90,96,-0.383,0.78,0,0.05,64,195.306,276.698,-2.334,-0.896,0,0,0,0,0,0,0,0,4002

Main.js:462 178.183,234.947,58.5,58.5,0.209,0.27,0,0,60,0,0,0,0,0,0,0,437.564,337.892,2.256,1.076,236.733,302.582,1.624,1.901,0,0,0,0,272.128,336.36,91.5,96,-0.365,0.788,-0.001,0.05,63,192.972,275.802,-2.334,-0.896,0,0,0,0,0,0,0,0,4018

Main.js:462 178.382,235.203,58.5,58.5,0.199,0.256,0,0,59,0,0,0,0,0,0,0,439.821,338.968,2.256,1.076,238.357,304.483,1.624,1.901,0,0,0,0,271.779,337.157,93,96,-0.349,0.796,-0.003,0.05,62,190.638,274.906,-2.334,-0.896,0,0,0,0,0,0,0,0,4037

Main.js:462 178.571,235.447,58.5,58.5,0.189,0.244,0,0,58,0,0,0,0,0,0,0,442.077,340.045,2.256,1.076,239.98,306.384,1.624,1.901,0,0,0,0,271.444,337.96,94.5,96,-0.335,0.804,-0.004,0.05,61,188.304,274.01,-2.334,-0.896,0,0,0,0,0,0,0,0,4052

Main.js:462 178.75,235.678,58.5,58.5,0.179,0.231,0,0,57,0,0,0,0,0,0,0,444.334,341.121,2.256,1.076,241.604,308.285,1.624,1.901,0,0,0,0,271.12,338.771,96,96,-0.324,0.811,-0.005,0.05,60,185.97,273.115,-2.334,-0.896,0,0,0,0,0,0,0,0,4069

Main.js:462 178.92,235.898,58.5,58.5,0.17,0.22,0,0,56,0,0,0,0,0,0,0,446.59,342.197,2.256,1.076,243.228,310.186,1.624,1.901,0,0,0,0,270.807,339.589,97.5,96,-0.314,0.817,-0.007,0.05,59,183.636,272.219,-2.334,-0.896,0,0,0,0,0,0,0,0,4088

Main.js:462 179.082,236.107,58.5,58.5,0.162,0.209,0,0,55,0,0,0,0,0,0,0,448.847,343.273,2.256,1.076,244.851,312.087,1.624,1.901,0,0,0,0,270.501,340.412,99,96,-0.305,0.823,-0.008,0.049,58,181.302,271.323,-2.334,-0.896,0,0,0,0,0,0,0,0,4103

Main.js:462 179.235,236.306,57,57,0.154,0.198,0,0,54,1,0,0,0,0,0,0,451.103,344.35,2.256,1.076,246.475,313.988,1.624,1.901,0,0,0,0,270.202,341.241,100.5,96,-0.299,0.829,-0.009,0.049,57,178.968,270.427,-2.334,-0.896,0,0,0,0,0,0,0,0,4120

Main.js:462 179.381,236.494,55.5,55.5,0.146,0.189,0,0,53,1,0,0,0,0,0,0,453.359,345.426,2.256,1.076,248.098,315.889,1.624,1.901,0,0,0,0,269.909,342.075,102,96,-0.294,0.834,-0.01,0.049,56,176.634,269.531,-2.334,-0.896,0,0,0,0,0,0,0,0,4138

Main.js:462 179.52,236.673,54,54,0.139,0.179,0,0,52,1,0,0,0,0,0,0,455.616,346.502,2.256,1.076,249.722,317.79,1.624,1.901,0,0,0,0,269.619,342.914,103.5,96,-0.29,0.838,-0.012,0.049,55,174.3,268.635,-2.334,-0.896,0,0,0,0,0,0,0,0,4153

Main.js:462 179.681,236.881,52.5,52.5,0.161,0.208,0.03,0.04,51,1,0,1,0,0,0,0,457.872,347.579,2.256,1.076,251.346,319.691,1.624,1.901,0,0,0,0,269.331,343.756,105,96,-0.288,0.842,-0.013,0.048,54,171.966,267.739,-2.334,-0.896,0,0,0,0,0,0,0,0,4168

Main.js:462 179.863,237.115,51,51,0.183,0.234,0.031,0.039,50,1,0,1,0,0,0,0,460.129,348.655,2.256,1.076,252.969,321.592,1.624,1.901,0,0,0,0,269.044,344.602,106.5,96,-0.287,0.846,-0.014,0.048,53,169.632,266.843,-2.334,-0.896,0,0,0,0,0,0,0,0,4187

Main.js:462 180.067,237.375,51,51,0.203,0.26,0.031,0.039,49,0,0,1,0,0,0,0,462.385,349.731,2.256,1.076,254.593,323.493,1.624,1.901,0,0,0,0,268.756,345.451,108,96,-0.287,0.849,-0.015,0.048,52,167.298,265.947,-2.334,-0.896,0,0,0,0,0,0,0,0,4204

Main.js:462 180.29,237.658,51,51,0.223,0.283,0.031,0.039,48,0,0,1,0,0,0,0,464.642,350.807,2.256,1.076,256.217,325.394,1.624,1.901,0,0,0,0,268.467,346.302,109.5,96,-0.289,0.851,-0.017,0.047,51,164.964,265.051,-2.334,-0.896,0,0,0,0,0,0,0,0,4220

Main.js:462 180.531,237.965,51,51,0.242,0.306,0.031,0.039,47,0,0,1,0,0,0,0,466.898,351.884,2.256,1.076,257.84,327.295,1.624,1.901,0,0,0,0,268.176,347.155,111,96,-0.291,0.853,-0.018,0.047,50,162.63,264.155,-2.334,-0.896,0,0,0,0,0,0,0,0,4235

Main.js:462 180.791,238.292,51,51,0.26,0.328,0.031,0.039,46,0,0,1,0,0,0,0,469.155,352.96,2.256,1.076,259.464,329.196,1.624,1.901,0,0,0,0,267.881,348.009,112.5,96,-0.295,0.854,-0.019,0.046,49,160.296,263.259,-2.334,-0.896,0,0,0,0,0,0,0,0,4253

Main.js:462 181.067,238.641,51,51,0.276,0.348,0.031,0.039,45,0,0,1,0,0,0,0,471.411,354.036,2.256,1.076,261.087,331.097,1.624,1.901,0,0,0,0,267.581,348.864,114,96,-0.3,0.855,-0.02,0.046,48,157.962,262.363,-2.334,-0.896,0,0,0,0,0,0,0,0,4269

Main.js:462 181.36,239.009,51,51,0.293,0.368,0.031,0.039,44,0,0,1,0,0,0,0,473.668,355.113,2.256,1.076,262.711,332.998,1.624,1.901,0,0,0,0,267.276,349.718,115.5,96,-0.305,0.855,-0.022,0.045,47,155.629,261.468,-2.334,-0.896,0,0,0,0,0,0,0,0,4287

Main.js:462 181.668,239.395,51,51,0.308,0.386,0.031,0.039,43,0,0,1,0,0,0,0,475.924,356.189,2.256,1.076,264.335,334.899,1.624,1.901,0,0,0,0,266.965,350.573,117,96,-0.311,0.855,-0.023,0.045,46,153.295,260.572,-2.334,-0.896,0,0,0,0,0,0,0,0,4304

Main.js:462 181.99,239.799,51,51,0.322,0.404,0.031,0.039,42,0,0,1,0,0,0,0,478.181,357.265,2.256,1.076,265.958,336.8,1.624,1.901,0,0,0,0,266.647,351.427,118.5,96,-0.318,0.854,-0.024,0.044,45,150.961,259.676,-2.334,-0.896,0,0,0,0,0,0,0,0,4320

Main.js:462 182.326,240.22,51,51,0.336,0.421,0.031,0.039,41,0,0,1,0,0,0,0,478.181,357.265,2.256,1.076,265.958,336.8,1.624,1.901,0,0,0,0,266.32,352.279,120,96,-0.326,0.852,-0.025,0.043,44,148.627,258.78,-2.334,-0.896,0,0,0,0,0,0,0,0,4336

