Main.js:143 myTank.x,myTank.y,myTank.rotation,myTank.cannonRotation,myTank.velocityX,myTank.velocityY,myTank.accelerationX,myTank.accelerationY,myTank.shootCooldown,myTank.controls.turnLeft,myTank.controls.turnRight,myTank.controls.goForward,myTank.controls.goBack,myTank.controls.shoot,myTank.controls.cannonLeft,myTank.controls.cannonRight,myBullet1.x,myBullet1.y,myBullet1.velocityX,myBullet1.velocityY,myBullet2.x,myBullet2.y,myBullet2.velocityX,myBullet2.velocityY,myBullet3.x,myBullet3.y,myBullet3.velocityX,myBullet3.velocityY,enemyTank.x,enemyTank.y,enemyTank.rotation,enemyTank.cannonRotation,enemyTank.velocityX,enemyTank.velocityY,enemyTank.accelerationX,enemyTank.accelerationY,enemyTank.shootCooldown,enemyBullet1.x,enemyBullet1.y,enemyBullet1.velocityX,enemyBullet1.velocityY,enemyBullet2.x,enemyBullet2.y,enemyBullet2.velocityX,enemyBullet2.velocityY,enemyBullet3.x,enemyBullet3.y,enemyBullet3.velocityX,enemyBullet3.velocityY,currentGameTime
Main.js:462 50,150,0,0,0,0,0,0,0,0,0,0,0,0,0,0,0,0,0,0,0,0,0,0,0,0,0,0,450,350,180,180,0,0,0,0,0,0,0,0,0,0,0,0,0,0,0,0,0,10

Main.js:462 50,150,0,0,0,0,0,0,0,0,0,0,0,0,0,0,0,0,0,0,0,0,0,0,0,0,0,0,450,350,180,180,0,0,0,0,0,0,0,0,0,0,0,0,0,0,0,0,0,26

Main.js:462 50,150,0,0,0,0,0,0,0,0,0,0,0,0,0,0,0,0,0,0,0,0,0,0,0,0,0,0,449.953,349.999,181.5,180,-0.047,-0.001,-0.05,-0.001,99,0,0,0,0,0,0,0,0,0,0,0,0,41

Main.js:462 50,150,0,0,0,0,0,0,0,0,0,0,0,0,0,0,0,0,0,0,0,0,0,0,0,0,0,0,449.86,349.995,183,180,-0.093,-0.004,-0.05,-0.003,98,426.5,350,-2.5,0,0,0,0,0,0,0,0,0,58

Main.js:462 50,150,0,0,0,0,0,0,0,0,0,0,0,0,0,0,0,0,0,0,0,0,0,0,0,0,0,0,449.725,349.988,184.5,180,-0.135,-0.007,-0.05,-0.004,97,424,350,-2.5,0,0,0,0,0,0,0,0,0,75

Main.js:462 50,150,0,0,0,0,0,0,0,0,0,0,0,0,0,0,0,0,0,0,0,0,0,0,0,0,0,0,449.549,349.976,186,180,-0.176,-0.012,-0.05,-0.005,96,421.5,350,-2.5,0,0,0,0,0,0,0,0,0,91

Main.js:462 50,150,0,0,0,0,0,0,0,0,0,0,0,0,0,0,0,0,0,0,0,0,0,0,0,0,0,0,449.335,349.959,187.5,180,-0.214,-0.017,-0.05,-0.007,95,419,350,-2.5,0,0,0,0,0,0,0,0,0,110

Main.js:462 50,150,0,0,0,0,0,0,0,0,0,0,0,0,0,0,0,0,0,0,0,0,0,0,0,0,0,0,449.085,349.935,189,180,-0.25,-0.024,-0.049,-0.008,94,416.5,350,-2.5,0,0,0,0,0,0,0,0,0,124

Main.js:462 50,150,0,0,0,0,0,0,0,0,0,0,0,0,0,0,0,0,0,0,0,0,0,0,0,0,0,0,448.8,349.903,190.5,180,-0.284,-0.031,-0.049,-0.009,93,414,350,-2.5,0,0,0,0,0,0,0,0,0,140

Main.js:462 50,150,0,0,0,0,0,0,0,0,0,0,0,0,0,0,0,0,0,0,0,0,0,0,0,0,0,0,448.483,349.863,192,180,-0.317,-0.04,-0.049,-0.01,92,411.5,350,-2.5,0,0,0,0,0,0,0,0,0,157

Main.js:462 50.048,150,0,0,0.048,0,0.05,0,0,0,0,1,0,0,0,0,0,0,0,0,0,0,0,0,0,0,0,0,448.136,349.815,193.5,180,-0.347,-0.049,-0.049,-0.012,91,409,350,-2.5,0,0,0,0,0,0,0,0,0,175

Main.js:462 50.14,150,0,0,0.093,0,0.05,0,0,0,0,1,0,0,0,0,0,0,0,0,0,0,0,0,0,0,0,0,447.761,349.756,195,180,-0.376,-0.059,-0.048,-0.013,90,406.5,350,-2.5,0,0,0,0,0,0,0,0,0,192

Main.js:462 50.276,150,0,0,0.135,0,0.05,0,0,0,0,1,0,0,0,0,0,0,0,0,0,0,0,0,0,0,0,0,447.359,349.687,196.5,180,-0.402,-0.069,-0.048,-0.014,89,404,350,-2.5,0,0,0,0,0,0,0,0,0,208

Main.js:462 50.452,150,0,0,0.176,0,0.05,0,0,0,0,1,0,0,0,0,0,0,0,0,0,0,0,0,0,0,0,0,446.931,349.606,198,180,-0.427,-0.08,-0.048,-0.015,88,401.5,350,-2.5,0,0,0,0,0,0,0,0,0,225

Main.js:462 50.667,150,0,0,0.215,0,0.05,0,0,0,0,1,0,0,0,0,0,0,0,0,0,0,0,0,0,0,0,0,446.48,349.514,199.5,180,-0.451,-0.092,-0.047,-0.017,87,399,350,-2.5,0,0,0,0,0,0,0,0,0,241

Main.js:462 50.918,150,0,0,0.252,0,0.05,0,0,0,0,1,0,0,0,0,0,0,0,0,0,0,0,0,0,0,0,0,446.008,349.409,201,180,-0.473,-0.105,-0.047,-0.018,86,396.5,350,-2.5,0,0,0,0,0,0,0,0,0,258

Main.js:462 51.205,150,0,0,0.287,0,0.05,0,0,0,0,1,0,0,0,0,0,0,0,0,0,0,0,0,0,0,0,0,445.515,349.292,202.5,180,-0.493,-0.118,-0.046,-0.019,85,394,350,-2.5,0,0,0,0,0,0,0,0,0,275

Main.js:462 51.525,150,0,0,0.32,0,0.05,0,0,0,0,1,0,0,0,0,0,0,0,0,0,0,0,0,0,0,0,0,445.003,349.16,204,180,-0.512,-0.131,-0.046,-0.02,84,391.5,350,-2.5,0,0,0,0,0,0,0,0,0,291

Main.js:462 51.876,150,0,0,0.351,0,0.05,0,0,0,0,1,0,0,0,0,0,0,0,0,0,0,0,0,0,0,0,0,444.474,349.015,205.5,180,-0.529,-0.145,-0.045,-0.022,83,389,350,-2.5,0,0,0,0,0,0,0,0,0,307

Main.js:462 52.257,150,0,0,0.381,0,0.05,0,0,0,0,1,0,0,0,0,0,0,0,0,0,0,0,0,0,0,0,0,443.93,348.856,207,180,-0.545,-0.159,-0.045,-0.023,82,386.5,350,-2.5,0,0,0,0,0,0,0,0,0,326

Main.js:462 52.667,150,0,0,0.41,0,0.05,0,0,0,0,1,0,0,0,0,0,0,0,0,0,0,0,0,0,0,0,0,443.37,348.682,208.5,180,-0.559,-0.174,-0.044,-0.024,81,384,350,-2.5,0,0,0,0,0,0,0,0,0,341

Main.js:462 53.103,150,0,0,0.437,0,0.05,0,0,0,0,1,0,0,0,0,0,0,0,0,0,0,0,0,0,0,0,0,442.798,348.493,210,180,-0.572,-0.189,-0.043,-0.025,80,381.5,350,-2.5,0,0,0,0,0,0,0,0,0,358

Main.js:462 53.566,150,0,0,0.462,0,0.05,0,0,0,0,1,0,0,0,0,0,0,0,0,0,0,0,0,0,0,0,0,442.213,348.289,211.5,180,-0.584,-0.204,-0.043,-0.026,79,379,350,-2.5,0,0,0,0,0,0,0,0,0,375

Main.js:462 54.053,150,0,0,0.487,0,0.05,0,0,0,0,1,0,0,0,0,0,0,0,0,0,0,0,0,0,0,0,0,441.618,348.069,213,180,-0.595,-0.22,-0.042,-0.027,78,376.5,350,-2.5,0,0,0,0,0,0,0,0,0,391

Main.js:462 54.562,150,0,0,0.51,0,0.05,0,0,0,0,1,0,0,0,0,0,0,0,0,0,0,0,0,0,0,0,0,441.014,347.833,214.5,180,-0.604,-0.236,-0.041,-0.028,77,374,350,-2.5,0,0,0,0,0,0,0,0,0,409

Main.js:462 55.094,150.001,1.5,1.5,0.532,0.001,0.05,0.001,0,0,1,1,0,0,0,0,0,0,0,0,0,0,0,0,0,0,0,0,440.402,347.581,216,180,-0.613,-0.252,-0.04,-0.029,76,371.5,350,-2.5,0,0,0,0,0,0,0,0,0,425

Main.js:462 55.647,150.005,3,3,0.553,0.004,0.05,0.003,0,0,1,1,0,0,0,0,0,0,0,0,0,0,0,0,0,0,0,0,439.782,347.312,217.5,180,-0.62,-0.268,-0.04,-0.03,75,369,350,-2.5,0,0,0,0,0,0,0,0,0,442

Main.js:462 56.219,150.012,4.5,4.5,0.572,0.007,0.05,0.004,0,0,1,1,0,0,0,0,0,0,0,0,0,0,0,0,0,0,0,0,439.156,347.027,219,180,-0.626,-0.285,-0.039,-0.031,74,366.5,350,-2.5,0,0,0,0,0,0,0,0,0,460

Main.js:462 56.81,150.024,6,6,0.591,0.012,0.05,0.005,0,0,1,1,0,0,0,0,0,0,0,0,0,0,0,0,0,0,0,0,438.526,346.726,220.5,180,-0.63,-0.301,-0.038,-0.032,73,364,350,-2.5,0,0,0,0,0,0,0,0,0,475

Main.js:462 57.419,150.041,7.5,7.5,0.609,0.017,0.05,0.007,0,0,1,1,0,0,0,0,0,0,0,0,0,0,0,0,0,0,0,0,437.892,346.408,222,180,-0.634,-0.318,-0.037,-0.033,72,361.5,350,-2.5,0,0,0,0,0,0,0,0,0,491

Main.js:462 58.044,150.065,9,9,0.625,0.024,0.049,0.008,0,0,1,1,0,0,0,0,0,0,0,0,0,0,0,0,0,0,0,0,437.255,346.073,223.5,180,-0.637,-0.335,-0.036,-0.034,71,359,350,-2.5,0,0,0,0,0,0,0,0,0,508

Main.js:462 58.685,150.097,10.5,10.5,0.641,0.031,0.049,0.009,0,0,1,1,0,0,0,0,0,0,0,0,0,0,0,0,0,0,0,0,436.615,345.722,223.5,178.5,-0.64,-0.351,-0.036,-0.034,70,356.5,350,-2.5,0,0,0,0,0,0,0,0,0,526

Main.js:462 59.34,150.137,12,12,0.655,0.04,0.049,0.01,0,0,1,1,0,0,0,0,0,0,0,0,0,0,0,0,0,0,0,0,435.973,345.356,223.5,177,-0.642,-0.366,-0.036,-0.034,69,354,350,-2.5,0,0,0,0,0,0,0,0,0,541

Main.js:462 60.008,150.185,13.5,13.5,0.668,0.049,0.049,0.012,0,0,1,1,0,0,0,0,0,0,0,0,0,0,0,0,0,0,0,0,435.329,344.975,223.5,175.5,-0.644,-0.38,-0.036,-0.034,68,351.5,350,-2.5,0,0,0,0,0,0,0,0,0,558

Main.js:462 60.689,150.244,15,15,0.681,0.059,0.048,0.013,0,0,1,1,0,0,0,0,0,0,0,0,0,0,0,0,0,0,0,0,434.682,344.581,223.5,174,-0.647,-0.394,-0.036,-0.034,67,349,350,-2.5,0,0,0,0,0,0,0,0,0,576

Main.js:462 61.381,150.313,16.5,16.5,0.692,0.069,0.048,0.014,0,0,1,1,0,0,0,0,0,0,0,0,0,0,0,0,0,0,0,0,434.034,344.174,223.5,172.5,-0.649,-0.407,-0.036,-0.034,66,346.5,350,-2.5,0,0,0,0,0,0,0,0,0,592

Main.js:462 62.084,150.394,18,18,0.703,0.08,0.048,0.015,0,0,1,1,0,0,0,0,0,0,0,0,0,0,0,0,0,0,0,0,433.383,343.754,223.5,171,-0.651,-0.419,-0.036,-0.034,65,344,350,-2.5,0,0,0,0,0,0,0,0,0,609

Main.js:462 62.797,150.486,19.5,19.5,0.713,0.092,0.047,0.017,0,0,1,1,0,0,0,0,0,0,0,0,0,0,0,0,0,0,0,0,432.73,343.323,223.5,169.5,-0.653,-0.431,-0.036,-0.034,64,341.5,350,-2.5,0,0,0,0,0,0,0,0,0,626

Main.js:462 63.518,150.591,21,21,0.721,0.105,0.047,0.018,0,0,1,1,0,0,0,0,0,0,0,0,0,0,0,0,0,0,0,0,432.076,342.881,223.5,168,-0.654,-0.442,-0.036,-0.034,63,339,350,-2.5,0,0,0,0,0,0,0,0,0,642

Main.js:462 64.247,150.708,22.5,22.5,0.729,0.118,0.046,0.019,0,0,1,1,0,0,0,0,0,0,0,0,0,0,0,0,0,0,0,0,431.42,342.428,223.5,166.5,-0.656,-0.453,-0.036,-0.034,62,336.5,350,-2.5,0,0,0,0,0,0,0,0,0,708

Main.js:462 64.983,150.84,24,24,0.736,0.131,0.046,0.02,0,0,1,1,0,0,0,0,0,0,0,0,0,0,0,0,0,0,0,0,430.762,341.965,223.5,165,-0.658,-0.463,-0.036,-0.034,61,334,350,-2.5,0,0,0,0,0,0,0,0,0,724

Main.js:462 65.725,150.985,25.5,25.5,0.742,0.145,0.045,0.022,0,0,1,1,0,0,0,0,0,0,0,0,0,0,0,0,0,0,0,0,430.102,341.493,223.5,163.5,-0.659,-0.473,-0.036,-0.034,60,331.5,350,-2.5,0,0,0,0,0,0,0,0,0,742

Main.js:462 66.473,151.143,25.5,25.5,0.748,0.158,0.045,0.022,0,0,0,1,0,0,0,0,0,0,0,0,0,0,0,0,0,0,0,0,429.441,341.011,223.5,162,-0.661,-0.482,-0.036,-0.034,59,329,350,-2.5,0,0,0,0,0,0,0,0,0,758

Main.js:462 67.226,151.313,25.5,25.5,0.753,0.171,0.045,0.022,0,0,0,1,0,0,0,0,0,0,0,0,0,0,0,0,0,0,0,0,428.779,340.521,223.5,160.5,-0.662,-0.49,-0.036,-0.034,58,326.5,350,-2.5,0,0,0,0,0,0,0,0,0,775

Main.js:462 67.985,151.496,25.5,25.5,0.759,0.183,0.045,0.022,0,0,0,1,0,0,0,0,0,0,0,0,0,0,0,0,0,0,0,0,428.115,340.022,223.5,159,-0.664,-0.498,-0.036,-0.034,57,324,350,-2.5,0,0,0,0,0,0,0,0,0,791

Main.js:462 68.748,151.69,25.5,25.5,0.763,0.194,0.045,0.022,99,0,0,1,0,1,0,0,0,0,0,0,0,0,0,0,0,0,0,0,427.45,339.516,223.5,157.5,-0.665,-0.506,-0.036,-0.034,56,321.5,350,-2.5,0,0,0,0,0,0,0,0,0,809

Main.js:462 69.517,151.895,25.5,25.5,0.768,0.205,0.045,0.022,98,0,0,1,0,1,0,0,89.196,161.613,2.256,1.076,0,0,0,0,0,0,0,0,426.784,339.003,223.5,156,-0.666,-0.514,-0.036,-0.034,55,319,350,-2.5,0,0,0,0,0,0,0,0,0,825

Main.js:462 70.289,152.11,25.5,25.5,0.773,0.215,0.045,0.022,97,0,0,1,0,1,0,0,91.452,162.689,2.256,1.076,0,0,0,0,0,0,0,0,426.117,338.482,223.5,154.5,-0.667,-0.521,-0.036,-0.034,54,316.5,350,-2.5,0,0,0,0,0,0,0,0,0,841

Main.js:462 71.066,152.334,25.5,25.5,0.777,0.225,0.045,0.022,96,0,0,1,0,1,0,0,93.709,163.766,2.256,1.076,0,0,0,0,0,0,0,0,425.449,337.955,223.5,153,-0.668,-0.527,-0.036,-0.034,53,314,350,-2.5,0,0,0,0,0,0,0,0,0,859

Main.js:462 71.847,152.568,25.5,25.5,0.781,0.234,0.045,0.022,95,0,0,1,0,1,0,0,95.965,164.842,2.256,1.076,0,0,0,0,0,0,0,0,424.779,337.421,223.5,151.5,-0.669,-0.534,-0.036,-0.034,52,311.5,350,-2.5,0,0,0,0,0,0,0,0,0,876

Main.js:462 72.632,152.811,25.5,25.5,0.785,0.243,0.045,0.022,94,0,0,1,0,1,0,0,98.221,165.918,2.256,1.076,0,0,0,0,0,0,0,0,424.109,336.882,223.5,150,-0.67,-0.54,-0.036,-0.034,51,309,350,-2.5,0,0,0,0,0,0,0,0,0,892

Main.js:462 73.42,153.062,25.5,25.5,0.788,0.251,0.045,0.022,93,0,0,1,0,0,0,0,100.478,166.994,2.256,1.076,0,0,0,0,0,0,0,0,423.437,336.336,223.5,148.5,-0.671,-0.545,-0.036,-0.034,50,306.5,350,-2.5,0,0,0,0,0,0,0,0,0,908

Main.js:462 74.212,153.32,25.5,25.5,0.792,0.259,0.045,0.022,92,0,0,1,0,0,0,0,102.734,168.071,2.256,1.076,0,0,0,0,0,0,0,0,422.765,335.786,223.5,147,-0.672,-0.551,-0.036,-0.034,49,304,350,-2.5,0,0,0,0,0,0,0,0,0,926

Main.js:462 75.007,153.587,25.5,25.5,0.795,0.266,0.045,0.022,91,0,0,1,0,0,0,0,104.991,169.147,2.256,1.076,0,0,0,0,0,0,0,0,422.092,335.23,223.5,145.5,-0.673,-0.556,-0.036,-0.034,48,301.5,350,-2.5,0,0,0,0,0,0,0,0,0,942

Main.js:462 75.805,153.86,25.5,25.5,0.798,0.273,0.045,0.022,90,0,0,1,0,0,0,0,107.247,170.223,2.256,1.076,0,0,0,0,0,0,0,0,421.418,334.669,223.5,144,-0.674,-0.561,-0.036,-0.034,47,299,350,-2.5,0,0,0,0,0,0,0,0,0,959

Main.js:462 76.607,154.14,25.5,25.5,0.801,0.28,0.045,0.022,89,0,0,1,0,0,0,0,109.504,171.3,2.256,1.076,0,0,0,0,0,0,0,0,420.744,334.103,223.5,142.5,-0.675,-0.565,-0.036,-0.034,46,296.5,350,-2.5,0,0,0,0,0,0,0,0,0,975

Main.js:462 77.411,154.427,25.5,25.5,0.804,0.287,0.045,0.022,88,0,0,1,0,0,0,0,111.76,172.376,2.256,1.076,0,0,0,0,0,0,0,0,420.068,333.534,223.5,141,-0.675,-0.57,-0.036,-0.034,45,294,350,-2.5,0,0,0,0,0,0,0,0,0,992

Main.js:462 78.217,154.72,25.5,25.5,0.807,0.293,0.045,0.022,87,0,0,1,0,0,0,0,114.017,173.452,2.256,1.076,0,0,0,0,0,0,0,0,419.392,332.96,223.5,139.5,-0.676,-0.574,-0.036,-0.034,44,291.5,350,-2.5,0,0,0,0,0,0,0,0,0,1008

Main.js:462 79.026,155.019,25.5,25.5,0.809,0.299,0.045,0.022,86,0,0,1,0,0,0,0,116.273,174.528,2.256,1.076,0,0,0,0,0,0,0,0,418.715,332.382,222,136.5,-0.678,-0.577,-0.037,-0.033,43,289,350,-2.5,0,0,0,0,0,0,0,0,0,1026

Main.js:462 79.838,155.323,25.5,25.5,0.812,0.304,0.045,0.022,85,0,0,1,0,0,0,0,118.53,175.605,2.256,1.076,0,0,0,0,0,0,0,0,418.035,331.803,220.5,133.5,-0.68,-0.579,-0.038,-0.032,42,286.5,350,-2.5,0,0,0,0,0,0,0,0,0,1043

Main.js:462 80.652,155.632,25.5,25.5,0.814,0.309,0.045,0.022,84,0,0,1,0,0,0,0,120.786,176.681,2.256,1.076,0,0,0,0,0,0,0,0,417.352,331.223,219,130.5,-0.683,-0.58,-0.039,-0.031,41,284,350,-2.5,0,0,0,0,0,0,0,0,0,1060

Main.js:462 81.468,155.946,25.5,25.5,0.816,0.314,0.045,0.022,83,0,0,1,0,0,0,0,123.043,177.757,2.256,1.076,0,0,0,0,0,0,0,0,416.666,330.643,217.5,127.5,-0.686,-0.58,-0.04,-0.03,40,281.5,350,-2.5,0,0,0,0,0,0,0,0,0,1076

Main.js:462 82.286,156.265,25.5,25.5,0.818,0.319,0.045,0.022,82,0,0,1,0,0,0,0,125.299,178.834,2.256,1.076,0,0,0,0,0,0,0,0,415.976,330.064,216,124.5,-0.69,-0.579,-0.04,-0.029,39,279,350,-2.5,0,0,0,0,0,0,0,0,0,1091

Main.js:462 83.106,156.589,25.5,25.5,0.82,0.324,0.045,0.022,81,0,0,1,0,1,0,0,127.556,179.91,2.256,1.076,0,0,0,0,0,0,0,0,415.281,329.487,214.5,121.5,-0.695,-0.577,-0.041,-0.028,38,276.5,350,-2.5,0,0,0,0,0,0,0,0,0,1109

Main.js:462 83.928,156.917,25.5,25.5,0.822,0.328,0.045,0.022,80,0,0,1,0,1,0,0,129.812,180.986,2.256,1.076,0,0,0,0,0,0,0,0,414.581,328.913,213,118.5,-0.7,-0.574,-0.042,-0.027,37,274,350,-2.5,0,0,0,0,0,0,0,0,0,1126

Main.js:462 84.752,157.249,25.5,25.5,0.824,0.332,0.045,0.022,79,0,0,1,0,1,0,0,132.068,182.062,2.256,1.076,0,0,0,0,0,0,0,0,413.875,328.343,211.5,115.5,-0.706,-0.57,-0.043,-0.026,36,271.5,350,-2.5,0,0,0,0,0,0,0,0,0,1142

Main.js:462 85.578,157.585,25.5,25.5,0.825,0.336,0.045,0.022,78,0,0,1,0,1,0,0,134.325,183.139,2.256,1.076,0,0,0,0,0,0,0,0,413.164,327.778,210,112.5,-0.711,-0.565,-0.043,-0.025,35,269,350,-2.5,0,0,0,0,0,0,0,0,0,1159

Main.js:462 86.405,157.924,25.5,25.5,0.827,0.339,0.045,0.022,77,0,0,1,0,1,0,0,136.581,184.215,2.256,1.076,0,0,0,0,0,0,0,0,412.446,327.218,208.5,109.5,-0.718,-0.56,-0.044,-0.024,34,266.5,350,-2.5,0,0,0,0,0,0,0,0,0,1176

Main.js:462 87.233,158.267,25.5,25.5,0.829,0.343,0.045,0.022,76,0,0,1,0,1,0,0,138.838,185.291,2.256,1.076,0,0,0,0,0,0,0,0,411.722,326.665,207,106.5,-0.724,-0.553,-0.045,-0.023,33,264,350,-2.5,0,0,0,0,0,0,0,0,0,1191

Main.js:462 88.063,158.613,25.5,25.5,0.83,0.346,0.045,0.022,75,0,0,1,0,0,0,0,141.094,186.367,2.256,1.076,0,0,0,0,0,0,0,0,410.991,326.119,205.5,103.5,-0.731,-0.546,-0.045,-0.022,32,261.5,350,-2.5,0,0,0,0,0,0,0,0,0,1209

Main.js:462 88.895,158.962,25.5,25.5,0.831,0.349,0.045,0.022,74,0,0,1,0,0,0,0,143.351,187.444,2.256,1.076,0,0,0,0,0,0,0,0,410.254,325.581,204,100.5,-0.738,-0.538,-0.046,-0.02,31,259,350,-2.5,0,0,0,0,0,0,0,0,0,1225

Main.js:462 89.727,159.315,25.5,25.5,0.833,0.352,0.045,0.022,73,0,0,1,0,0,0,0,145.607,188.52,2.256,1.076,0,0,0,0,0,0,0,0,409.509,325.052,202.5,97.5,-0.745,-0.529,-0.046,-0.019,30,256.5,350,-2.5,0,0,0,0,0,0,0,0,0,1240

Main.js:462 90.561,159.67,25.5,25.5,0.834,0.355,0.045,0.022,72,0,0,1,0,0,0,0,147.864,189.596,2.256,1.076,0,0,0,0,0,0,0,0,408.757,324.532,201,94.5,-0.752,-0.52,-0.047,-0.018,29,254,350,-2.5,0,0,0,0,0,0,0,0,0,1258

Main.js:462 91.396,160.028,25.5,25.5,0.835,0.358,0.045,0.022,71,0,0,1,0,0,0,0,150.12,190.673,2.256,1.076,0,0,0,0,0,0,0,0,407.998,324.022,199.5,91.5,-0.759,-0.51,-0.047,-0.017,28,251.5,350,-2.5,0,0,0,0,0,0,0,0,0,1275

Main.js:462 92.233,160.388,25.5,25.5,0.836,0.36,0.045,0.022,70,0,0,1,0,0,0,0,152.377,191.749,2.256,1.076,0,0,0,0,0,0,0,0,407.232,323.523,198,88.5,-0.766,-0.499,-0.048,-0.015,27,249,350,-2.5,0,0,0,0,0,0,0,0,0,1291

Main.js:462 93.07,160.751,25.5,25.5,0.837,0.363,0.045,0.022,69,0,0,1,0,1,0,0,154.633,192.825,2.256,1.076,0,0,0,0,0,0,0,0,406.459,323.036,196.5,85.5,-0.773,-0.487,-0.048,-0.014,26,246.5,350,-2.5,0,0,0,0,0,0,0,0,0,1308

Main.js:462 93.908,161.116,25.5,25.5,0.838,0.365,0.045,0.022,68,0,0,1,0,1,0,0,156.89,193.901,2.256,1.076,0,0,0,0,0,0,0,0,405.678,322.56,195,82.5,-0.781,-0.475,-0.048,-0.013,25,244,350,-2.5,0,0,0,0,0,0,0,0,0,1325

Main.js:462 94.748,161.483,25.5,25.5,0.839,0.367,0.045,0.022,67,0,0,1,0,1,0,0,159.146,194.978,2.256,1.076,0,0,0,0,0,0,0,0,404.891,322.097,193.5,79.5,-0.788,-0.463,-0.049,-0.012,24,241.5,350,-2.5,0,0,0,0,0,0,0,0,0,1341

Main.js:462 95.588,161.853,25.5,25.5,0.84,0.369,0.045,0.022,66,0,0,1,0,1,0,0,161.402,196.054,2.256,1.076,0,0,0,0,0,0,0,0,404.096,321.648,192,76.5,-0.795,-0.449,-0.049,-0.01,23,239,350,-2.5,0,0,0,0,0,0,0,0,0,1358

Main.js:462 96.429,162.224,25.5,25.5,0.841,0.371,0.045,0.022,65,0,0,1,0,1,0,0,163.659,197.13,2.256,1.076,0,0,0,0,0,0,0,0,403.294,321.212,190.5,73.5,-0.802,-0.436,-0.049,-0.009,22,236.5,350,-2.5,0,0,0,0,0,0,0,0,0,1375

Main.js:462 97.271,162.597,25.5,25.5,0.842,0.373,0.045,0.022,64,0,0,1,0,1,0,0,165.915,198.207,2.256,1.076,0,0,0,0,0,0,0,0,402.485,320.791,189,70.5,-0.809,-0.421,-0.049,-0.008,21,234,350,-2.5,0,0,0,0,0,0,0,0,0,1393

Main.js:462 98.113,162.973,25.5,25.5,0.843,0.375,0.045,0.022,63,0,0,1,0,0,0,0,168.172,199.283,2.256,1.076,0,0,0,0,0,0,0,0,401.67,320.385,187.5,67.5,-0.815,-0.406,-0.05,-0.007,20,231.5,350,-2.5,0,0,0,0,0,0,0,0,0,1409

Main.js:462 98.957,163.349,25.5,25.5,0.843,0.377,0.045,0.022,62,0,0,1,0,0,0,0,170.428,200.359,2.256,1.076,0,0,0,0,0,0,0,0,400.848,319.994,186,64.5,-0.822,-0.391,-0.05,-0.005,19,229,350,-2.5,0,0,0,0,0,0,0,0,0,1426

Main.js:462 99.801,163.728,25.5,25.5,0.844,0.378,0.045,0.022,61,0,0,1,0,0,0,0,172.685,201.435,2.256,1.076,0,0,0,0,0,0,0,0,400.02,319.618,184.5,61.5,-0.828,-0.375,-0.05,-0.004,18,226.5,350,-2.5,0,0,0,0,0,0,0,0,0,1442

Main.js:462 100.645,164.108,25.5,25.5,0.845,0.38,0.045,0.022,60,0,0,1,0,0,0,0,174.941,202.512,2.256,1.076,0,0,0,0,0,0,0,0,399.186,319.259,183,58.5,-0.834,-0.359,-0.05,-0.003,17,224,350,-2.5,0,0,0,0,0,0,0,0,0,1458

Main.js:462 101.491,164.489,25.5,25.5,0.845,0.381,0.045,0.022,59,0,0,1,0,0,0,0,177.198,203.588,2.256,1.076,0,0,0,0,0,0,0,0,398.347,318.917,181.5,55.5,-0.84,-0.342,-0.05,-0.001,16,221.5,350,-2.5,0,0,0,0,0,0,0,0,0,1476

Main.js:462 102.337,164.872,25.5,25.5,0.846,0.383,0.045,0.022,58,0,0,1,0,0,0,0,179.454,204.664,2.256,1.076,0,0,0,0,0,0,0,0,397.501,318.592,180,52.5,-0.845,-0.325,-0.05,0,15,219,350,-2.5,0,0,0,0,0,0,0,0,0,1492

Main.js:462 103.183,165.256,25.5,25.5,0.847,0.384,0.045,0.022,57,0,0,1,0,1,0,0,181.711,205.74,2.256,1.076,0,0,0,0,0,0,0,0,396.651,318.284,178.5,49.5,-0.851,-0.308,-0.05,0.001,14,216.5,350,-2.5,0,0,0,0,0,0,0,0,0,1509

Main.js:462 104.03,165.641,25.5,25.5,0.847,0.385,0.045,0.022,56,0,0,1,0,1,0,0,183.967,206.817,2.256,1.076,0,0,0,0,0,0,0,0,395.795,317.994,177,46.5,-0.855,-0.29,-0.05,0.003,13,214,350,-2.5,0,0,0,0,0,0,0,0,0,1526

Main.js:462 104.878,166.027,25.5,25.5,0.848,0.386,0.045,0.022,55,0,0,1,0,1,0,0,186.224,207.893,2.256,1.076,0,0,0,0,0,0,0,0,394.935,317.723,175.5,43.5,-0.86,-0.272,-0.05,0.004,12,211.5,350,-2.5,0,0,0,0,0,0,0,0,0,1541

Main.js:462 105.726,166.415,25.5,25.5,0.848,0.388,0.045,0.022,54,0,0,1,0,1,0,0,188.48,208.969,2.256,1.076,0,0,0,0,0,0,0,0,394.071,317.47,174,40.5,-0.864,-0.253,-0.05,0.005,11,209,350,-2.5,0,0,0,0,0,0,0,0,0,1559

Main.js:462 106.575,166.804,25.5,25.5,0.849,0.389,0.045,0.022,53,0,0,1,0,1,0,0,190.736,210.046,2.256,1.076,0,0,0,0,0,0,0,0,393.203,317.236,172.5,37.5,-0.868,-0.234,-0.05,0.007,10,206.5,350,-2.5,0,0,0,0,0,0,0,0,0,1577

Main.js:462 107.424,167.193,25.5,25.5,0.849,0.39,0.045,0.022,52,0,0,1,0,1,0,0,192.993,211.122,2.256,1.076,0,0,0,0,0,0,0,0,392.331,317.021,171,34.5,-0.872,-0.215,-0.049,0.008,9,204,350,-2.5,0,0,0,0,0,0,0,0,0,1591

Main.js:462 108.273,167.584,25.5,25.5,0.849,0.391,0.045,0.022,51,0,0,1,0,0,0,0,195.249,212.198,2.256,1.076,0,0,0,0,0,0,0,0,391.456,316.825,169.5,31.5,-0.875,-0.196,-0.049,0.009,8,201.5,350,-2.5,0,0,0,0,0,0,0,0,0,1608

Main.js:462 109.123,167.976,25.5,25.5,0.85,0.392,0.045,0.022,50,0,0,1,0,0,0,0,197.506,213.274,2.256,1.076,0,0,0,0,0,0,0,0,390.579,316.649,168,28.5,-0.878,-0.176,-0.049,0.01,7,199,350,-2.5,0,0,0,0,0,0,0,0,0,1625

Main.js:462 109.973,168.368,25.5,25.5,0.85,0.392,0.045,0.022,49,0,0,1,0,0,0,0,199.762,214.351,2.256,1.076,0,0,0,0,0,0,0,0,389.699,316.493,166.5,25.5,-0.88,-0.156,-0.049,0.012,6,196.5,350,-2.5,0,0,0,0,0,0,0,0,0,1642

Main.js:462 110.824,168.761,25.5,25.5,0.851,0.393,0.045,0.022,48,0,0,1,0,0,0,0,202.019,215.427,2.256,1.076,0,0,0,0,0,0,0,0,388.817,316.357,165,22.5,-0.882,-0.136,-0.048,0.013,5,194,350,-2.5,0,0,0,0,0,0,0,0,0,1659

Main.js:462 111.675,169.155,25.5,25.5,0.851,0.394,0.045,0.022,47,0,0,1,0,0,0,0,204.275,216.503,2.256,1.076,0,0,0,0,0,0,0,0,387.934,316.241,163.5,19.5,-0.883,-0.116,-0.048,0.014,4,191.5,350,-2.5,0,0,0,0,0,0,0,0,0,1675

Main.js:462 112.526,169.55,25.5,25.5,0.851,0.395,0.045,0.022,46,0,0,1,0,0,0,0,206.532,217.58,2.256,1.076,0,0,0,0,0,0,0,0,387.05,316.146,162,16.5,-0.884,-0.095,-0.048,0.015,3,189,350,-2.5,0,0,0,0,0,0,0,0,0,1692

Main.js:462 113.378,169.946,25.5,25.5,0.852,0.396,0.045,0.022,45,0,0,1,0,1,0,0,208.788,218.656,2.256,1.076,0,0,0,0,0,0,0,0,386.165,316.071,160.5,13.5,-0.885,-0.075,-0.047,0.017,2,186.5,350,-2.5,0,0,0,0,0,0,0,0,0,1712

Main.js:462 114.229,170.342,25.5,25.5,0.852,0.396,0.045,0.022,44,0,0,1,0,1,0,0,211.045,219.732,2.256,1.076,0,0,0,0,0,0,0,0,385.28,316.018,159,10.5,-0.885,-0.054,-0.047,0.018,1,184,350,-2.5,0,0,0,0,0,0,0,0,0,1725

Main.js:462 115.082,170.739,25.5,25.5,0.852,0.397,0.045,0.022,43,0,0,1,0,1,0,0,213.301,220.808,2.256,1.076,0,0,0,0,0,0,0,0,384.396,315.985,157.5,7.5,-0.884,-0.033,-0.046,0.019,0,181.5,350,-2.5,0,0,0,0,0,0,0,0,0,1742

Main.js:462 115.934,171.136,25.5,25.5,0.852,0.397,0.045,0.022,42,0,0,1,0,1,0,0,215.558,221.885,2.256,1.076,0,0,0,0,0,0,0,0,383.512,315.973,156,4.5,-0.884,-0.012,-0.046,0.02,99,179,350,-2.5,0,0,0,0,0,0,0,0,0,1758

Main.js:462 116.787,171.534,25.5,25.5,0.853,0.398,0.045,0.022,41,0,0,1,0,1,0,0,217.814,222.961,2.256,1.076,0,0,0,0,0,0,0,0,382.63,315.982,154.5,1.5,-0.882,0.009,-0.045,0.022,98,176.5,350,-2.5,0,407.823,317.828,2.492,0.196,0,0,0,0,1775

Main.js:462 117.64,171.933,25.5,25.5,0.853,0.399,0.045,0.022,40,0,0,1,0,1,0,0,220.07,224.037,2.256,1.076,0,0,0,0,0,0,0,0,381.749,316.012,153,358.5,-0.881,0.03,-0.045,0.023,97,174,350,-2.5,0,410.316,318.025,2.492,0.196,0,0,0,0,1792

Main.js:462 118.492,172.333,27,27,0.853,0.4,0.045,0.023,39,0,1,1,0,0,0,0,222.327,225.113,2.256,1.076,0,0,0,0,0,0,0,0,380.871,316.063,151.5,355.5,-0.878,0.051,-0.044,0.024,96,171.5,350,-2.5,0,412.808,318.221,2.492,0.196,0,0,0,0,1809

Main.js:462 119.344,172.736,28.5,28.5,0.852,0.403,0.044,0.024,38,0,1,1,0,0,0,0,224.583,226.19,2.256,1.076,0,0,0,0,0,0,0,0,379.995,316.136,150,352.5,-0.876,0.072,-0.043,0.025,95,169,350,-2.5,0,415.3,318.417,2.492,0.196,0,0,0,0,1825

Main.js:462 120.194,173.142,30,30,0.85,0.406,0.043,0.025,37,0,1,1,0,0,0,0,226.84,227.266,2.256,1.076,0,0,0,0,0,0,0,0,379.123,316.229,148.5,349.5,-0.872,0.094,-0.043,0.026,94,166.5,350,-2.5,0,417.793,318.613,2.492,0.196,0,0,0,0,1841

Main.js:462 121.042,173.553,31.5,31.5,0.848,0.411,0.043,0.026,36,0,1,1,0,0,0,0,229.096,228.342,2.256,1.076,0,0,0,0,0,0,0,0,378.255,316.344,147,346.5,-0.868,0.115,-0.042,0.027,93,164,350,-2.5,0,420.285,318.809,2.492,0.196,0,0,0,0,1859

Main.js:462 121.888,173.969,33,33,0.846,0.416,0.042,0.027,35,0,1,1,0,0,0,0,231.353,229.419,2.256,1.076,0,0,0,0,0,0,0,0,377.391,316.48,145.5,343.5,-0.864,0.136,-0.041,0.028,92,161.5,350,-2.5,0,422.777,319.005,2.492,0.196,0,0,0,0,1876

Main.js:462 122.73,174.392,34.5,34.5,0.843,0.422,0.041,0.028,34,0,1,1,0,0,0,0,233.609,230.495,2.256,1.076,0,0,0,0,0,0,0,0,376.531,316.637,144,340.5,-0.859,0.157,-0.04,0.029,91,159,350,-2.5,0,425.269,319.201,2.492,0.196,0,0,0,0,1891

Main.js:462 123.569,174.821,36,36,0.839,0.429,0.04,0.029,33,0,1,1,0,1,0,0,235.866,231.571,2.256,1.076,0,0,0,0,0,0,0,0,375.677,316.815,142.5,337.5,-0.854,0.178,-0.04,0.03,90,156.5,350,-2.5,0,427.762,319.398,2.492,0.196,0,0,0,0,1908

Main.js:462 124.366,175.229,37.5,37.5,0.797,0.408,0,0,32,0,1,0,0,1,0,0,238.122,232.647,2.256,1.076,0,0,0,0,0,0,0,0,374.829,317.015,141,334.5,-0.848,0.199,-0.039,0.031,89,154,350,-2.5,0,430.254,319.594,2.492,0.196,0,0,0,0,1926

Main.js:462 125.123,175.616,39,39,0.757,0.387,0,0,31,0,1,0,0,1,0,0,240.379,233.724,2.256,1.076,0,0,0,0,0,0,0,0,373.987,317.235,139.5,331.5,-0.842,0.22,-0.038,0.032,88,151.5,350,-2.5,0,432.746,319.79,2.492,0.196,0,0,0,0,1941

Main.js:462 125.842,175.984,40.5,40.5,0.719,0.368,0,0,30,0,1,0,0,1,0,0,242.635,234.8,2.256,1.076,0,0,0,0,0,0,0,0,373.152,317.476,138,328.5,-0.835,0.241,-0.037,0.033,87,149,350,-2.5,0,435.239,319.986,2.492,0.196,0,0,0,0,1958

Main.js:462 126.526,176.334,42,42,0.683,0.35,0,0,29,0,1,0,0,1,0,0,244.892,235.876,2.256,1.076,0,0,0,0,0,0,0,0,372.324,317.737,136.5,325.5,-0.828,0.262,-0.036,0.034,86,146.5,350,-2.5,0,437.731,320.182,2.492,0.196,0,0,0,0,1976

Main.js:462 127.175,176.666,43.5,43.5,0.649,0.332,0,0,28,0,1,0,0,1,0,0,247.148,236.953,2.256,1.076,0,0,0,0,0,0,0,0,371.503,318.019,135,322.5,-0.82,0.282,-0.035,0.035,85,144,350,-2.5,0,440.223,320.378,2.492,0.196,0,0,0,0,1991

Main.js:462 127.791,176.981,45,45,0.617,0.315,0,0,27,0,1,0,0,0,0,0,249.405,238.029,2.256,1.076,0,0,0,0,0,0,0,0,370.692,318.322,133.5,319.5,-0.812,0.302,-0.034,0.036,84,141.5,350,-2.5,0,442.715,320.574,2.492,0.196,0,0,0,0,2009

Main.js:462 128.377,177.281,45,45,0.586,0.3,0,0,26,0,0,0,0,0,0,0,251.661,239.105,2.256,1.076,0,0,0,0,0,0,0,0,369.887,318.642,135,319.5,-0.805,0.321,-0.035,0.035,83,139,350,-2.5,0,445.208,320.771,2.492,0.196,0,0,0,0,2025

Main.js:462 128.934,177.566,45,45,0.556,0.285,0,0,25,0,0,0,0,0,0,0,253.917,240.181,2.256,1.076,0,0,0,0,0,0,0,0,369.088,318.98,136.5,319.5,-0.799,0.338,-0.036,0.034,82,136.5,350,-2.5,0,447.7,320.967,2.492,0.196,0,0,0,0,2041

Main.js:462 129.462,177.836,45,45,0.529,0.27,0,0,24,0,0,0,0,0,0,0,256.174,241.258,2.256,1.076,0,0,0,0,0,0,0,0,368.294,319.332,138,319.5,-0.794,0.352,-0.037,0.033,81,134,350,-2.5,0,450.192,321.163,2.492,0.196,0,0,0,0,2058

Main.js:462 129.965,178.093,45,45,0.502,0.257,0,0,23,0,0,0,0,1,0,0,258.43,242.334,2.256,1.076,0,0,0,0,0,0,0,0,367.503,319.698,139.5,319.5,-0.791,0.366,-0.038,0.032,80,131.5,350,-2.5,0,452.685,321.359,2.492,0.196,0,0,0,0,2076

Main.js:462 130.442,178.337,45,45,0.477,0.244,0,0,22,0,0,0,0,1,0,0,260.687,243.41,2.256,1.076,0,0,0,0,0,0,0,0,366.715,320.075,141,319.5,-0.788,0.377,-0.039,0.031,79,129,350,-2.5,0,455.177,321.555,2.492,0.196,0,0,0,0,2092

Main.js:462 130.895,178.569,45,45,0.453,0.232,0,0,21,0,0,0,0,1,0,0,262.943,244.486,2.256,1.076,0,0,0,0,0,0,0,0,365.928,320.462,142.5,319.5,-0.786,0.387,-0.04,0.03,78,126.5,350,-2.5,0,457.669,321.751,2.492,0.196,0,0,0,0,2109

Main.js:462 131.325,178.789,45,45,0.431,0.22,0,0,20,0,0,0,0,1,0,0,265.2,245.563,2.256,1.076,0,0,0,0,0,0,0,0,365.143,320.858,144,319.5,-0.786,0.396,-0.04,0.029,77,124,350,-2.5,0,460.162,321.948,2.492,0.196,0,0,0,0,2125

Main.js:462 131.735,178.999,45,45,0.409,0.209,0,0,19,0,0,0,0,1,0,0,267.456,246.639,2.256,1.076,0,0,0,0,0,0,0,0,364.357,321.261,145.5,319.5,-0.785,0.403,-0.041,0.028,76,121.5,350,-2.5,0,462.654,322.144,2.492,0.196,0,0,0,0,2142

Main.js:462 132.123,179.197,45,45,0.389,0.199,0,0,18,0,0,0,0,1,0,0,269.713,247.715,2.256,1.076,0,0,0,0,0,0,0,0,363.571,321.67,147,319.5,-0.786,0.409,-0.042,0.027,75,119,350,-2.5,0,465.146,322.34,2.492,0.196,0,0,0,0,2157

Main.js:462 132.492,179.386,45,45,0.369,0.189,0,0,17,0,0,0,0,0,0,0,271.969,248.792,2.256,1.076,0,0,0,0,0,0,0,0,362.784,322.083,148.5,319.5,-0.787,0.413,-0.043,0.026,74,116.5,350,-2.5,0,467.638,322.536,2.492,0.196,0,0,0,0,2175

Main.js:462 132.843,179.566,45,45,0.351,0.179,0,0,16,0,0,0,0,0,0,0,274.226,249.868,2.256,1.076,0,0,0,0,0,0,0,0,361.995,322.499,150,319.5,-0.789,0.416,-0.043,0.025,73,114,350,-2.5,0,470.131,322.732,2.492,0.196,0,0,0,0,2192

Main.js:462 133.176,179.736,45,45,0.333,0.17,0,0,15,0,0,0,0,0,0,0,276.482,250.944,2.256,1.076,0,0,0,0,0,0,0,0,361.204,322.917,151.5,319.5,-0.791,0.418,-0.044,0.024,72,111.5,350,-2.5,0,472.623,322.928,2.492,0.196,0,0,0,0,2209

Main.js:462 133.493,179.898,45,45,0.317,0.162,0,0,14,0,0,0,0,0,0,0,278.739,252.02,2.256,1.076,0,0,0,0,0,0,0,0,360.41,323.336,153,319.5,-0.794,0.419,-0.045,0.023,71,109,350,-2.5,0,475.115,323.124,2.492,0.196,0,0,0,0,2226

Main.js:462 133.794,180.052,45,45,0.301,0.154,0,0,13,0,0,0,0,0,0,0,280.995,253.097,2.256,1.076,0,0,0,0,0,0,0,0,359.613,323.754,154.5,319.5,-0.797,0.418,-0.045,0.022,70,106.5,350,-2.5,0,477.608,323.321,2.492,0.196,0,0,0,0,2242

Main.js:462 134.079,180.198,46.5,46.5,0.286,0.146,0,0,12,0,1,0,0,1,0,0,283.251,254.173,2.256,1.076,0,0,0,0,0,0,0,0,358.812,324.171,156,319.5,-0.801,0.417,-0.046,0.02,69,104,350,-2.5,0,480.1,323.517,2.492,0.196,0,0,0,0,2258

Main.js:462 134.351,180.337,48,48,0.271,0.139,0,0,11,0,1,0,0,1,0,0,285.508,255.249,2.256,1.076,0,0,0,0,0,0,0,0,358.008,324.585,157.5,319.5,-0.805,0.414,-0.046,0.019,68,101.5,350,-2.5,0,482.592,323.713,2.492,0.196,0,0,0,0,2274

Main.js:462 134.608,180.469,49.5,49.5,0.258,0.132,0,0,10,0,1,0,0,1,0,0,287.764,256.326,2.256,1.076,0,0,0,0,0,0,0,0,357.199,324.995,159,319.5,-0.809,0.41,-0.047,0.018,67,99,350,-2.5,0,485.084,323.909,2.492,0.196,0,0,0,0,2292

Main.js:462 134.853,180.594,51,51,0.245,0.125,0,0,9,0,1,0,0,1,0,0,290.021,257.402,2.256,1.076,0,0,0,0,0,0,0,0,356.386,325.401,160.5,319.5,-0.813,0.406,-0.047,0.017,66,96.5,350,-2.5,0,487.577,324.105,2.492,0.196,0,0,0,0,2309

Main.js:462 135.086,180.713,52.5,52.5,0.233,0.119,0,0,8,0,1,0,0,1,0,0,292.277,258.478,2.256,1.076,0,0,0,0,0,0,0,0,355.568,325.801,162,319.5,-0.818,0.4,-0.048,0.015,65,94,350,-2.5,0,490.069,324.301,2.492,0.196,0,0,0,0,2325

Main.js:462 135.307,180.826,54,54,0.221,0.113,0,0,7,0,1,0,0,0,0,0,294.534,259.554,2.256,1.076,0,0,0,0,0,0,0,0,354.746,326.194,163.5,319.5,-0.822,0.394,-0.048,0.014,64,91.5,350,-2.5,0,492.561,324.497,2.492,0.196,0,0,0,0,2342

Main.js:462 135.517,180.934,55.5,55.5,0.21,0.107,0,0,6,0,1,0,0,0,0,0,296.79,260.631,2.256,1.076,0,0,0,0,0,0,0,0,353.919,326.58,165,319.5,-0.827,0.386,-0.048,0.013,63,89,350,-2.5,0,495.054,324.694,2.492,0.196,0,0,0,0,2358

Main.js:462 135.717,181.036,57,57,0.199,0.102,0,0,5,0,1,0,0,0,0,0,299.047,261.707,2.256,1.076,0,0,0,0,0,0,0,0,353.087,326.958,166.5,319.5,-0.832,0.378,-0.049,0.012,62,86.5,350,-2.5,0,497.546,324.89,2.492,0.196,0,0,0,0,2376

Main.js:462 135.906,181.133,57,57,0.19,0.097,0,0,4,0,0,0,0,0,0,0,301.303,262.783,2.256,1.076,0,0,0,0,0,0,0,0,352.251,327.327,168,319.5,-0.837,0.369,-0.049,0.01,61,84,350,-2.5,0,0,0,0,0,0,0,0,0,2392

Main.js:462 136.086,181.225,57,57,0.18,0.092,0,0,3,0,0,0,0,0,0,0,303.56,263.859,2.256,1.076,0,0,0,0,0,0,0,0,351.409,327.686,169.5,319.5,-0.842,0.359,-0.049,0.009,60,81.5,350,-2.5,0,0,0,0,0,0,0,0,0,2408

Main.js:462 136.257,181.312,57,57,0.171,0.088,0,0,2,0,0,0,0,1,0,0,305.816,264.936,2.256,1.076,0,0,0,0,0,0,0,0,350.563,328.035,171,319.5,-0.846,0.349,-0.049,0.008,59,79,350,-2.5,0,0,0,0,0,0,0,0,0,2425

Main.js:462 136.42,181.396,57,57,0.162,0.083,0,0,1,0,0,0,0,1,0,0,308.073,266.012,2.256,1.076,0,0,0,0,0,0,0,0,349.712,328.372,172.5,319.5,-0.851,0.337,-0.05,0.007,58,76.5,350,-2.5,0,0,0,0,0,0,0,0,0,2441

Main.js:462 136.574,181.475,57,57,0.154,0.079,0,0,0,0,0,0,0,1,0,0,310.329,267.088,2.256,1.076,0,0,0,0,0,0,0,0,348.856,328.698,174,319.5,-0.856,0.325,-0.05,0.005,57,74,350,-2.5,0,0,0,0,0,0,0,0,0,2459

Main.js:462 136.721,181.55,57,57,0.147,0.075,0,0,99,0,0,0,0,1,0,0,312.585,268.165,2.256,1.076,0,0,0,0,0,0,0,0,347.995,329.01,175.5,319.5,-0.86,0.313,-0.05,0.004,56,71.5,350,-2.5,0,0,0,0,0,0,0,0,0,2475

Main.js:462 136.86,181.621,57,57,0.139,0.071,0,0,98,0,0,0,0,1,0,0,314.842,269.241,2.256,1.076,149.373,201.183,1.362,2.097,0,0,0,0,347.13,329.31,177,319.5,-0.865,0.3,-0.05,0.003,55,69,350,-2.5,0,0,0,0,0,0,0,0,0,2492

Main.js:462 136.992,181.689,57,57,0.132,0.068,0,0,97,0,0,0,0,0,0,0,317.098,270.317,2.256,1.076,150.735,203.28,1.362,2.097,0,0,0,0,346.261,329.596,178.5,319.5,-0.869,0.286,-0.05,0.001,54,66.5,350,-2.5,0,0,0,0,0,0,0,0,0,2510

Main.js:462 137.144,181.793,57,57,0.152,0.104,0.027,0.042,96,0,0,1,0,0,0,0,319.355,271.393,2.256,1.076,152.096,205.377,1.362,2.097,0,0,0,0,345.388,329.869,178.5,318,-0.873,0.273,-0.05,0.001,53,64,350,-2.5,0,0,0,0,0,0,0,0,0,2526

Main.js:462 137.314,181.932,57,57,0.17,0.139,0.027,0.042,95,0,0,1,0,0,0,0,321.611,272.47,2.256,1.076,153.458,207.473,1.362,2.097,0,0,0,0,344.511,330.13,178.5,316.5,-0.877,0.261,-0.05,0.001,52,61.5,350,-2.5,0,0,0,0,0,0,0,0,0,2541

Main.js:462 137.501,182.103,57,57,0.187,0.172,0.027,0.042,94,0,0,1,0,0,0,0,323.868,273.546,2.256,1.076,154.819,209.57,1.362,2.097,0,0,0,0,343.631,330.378,178.5,315,-0.881,0.249,-0.05,0.001,51,59,350,-2.5,0,0,0,0,0,0,0,0,0,2559

Main.js:462 137.705,182.306,57,57,0.204,0.203,0.027,0.042,93,0,0,1,0,0,0,0,326.124,274.622,2.256,1.076,156.181,211.667,1.362,2.097,0,0,0,0,342.747,330.616,178.5,313.5,-0.884,0.238,-0.05,0.001,50,56.5,350,-2.5,0,0,0,0,0,0,0,0,0,2575

Main.js:462 137.924,182.539,57,57,0.219,0.233,0.027,0.042,92,0,0,1,0,1,0,0,328.381,275.699,2.256,1.076,157.543,213.763,1.362,2.097,0,0,0,0,341.859,330.843,178.5,312,-0.887,0.227,-0.05,0.001,49,54,350,-2.5,0,0,0,0,0,0,0,0,0,2592

Main.js:462 138.159,182.8,57,57,0.234,0.261,0.027,0.042,91,0,0,1,0,1,0,0,330.637,276.775,2.256,1.076,158.904,215.86,1.362,2.097,0,0,0,0,340.969,331.06,178.5,310.5,-0.89,0.217,-0.05,0.001,48,51.5,350,-2.5,0,0,0,0,0,0,0,0,0,2608

Main.js:462 138.407,183.087,57,57,0.249,0.288,0.027,0.042,90,0,0,1,0,1,0,0,332.894,277.851,2.256,1.076,160.266,217.957,1.362,2.097,0,0,0,0,340.076,331.267,178.5,309,-0.893,0.207,-0.05,0.001,47,49,350,-2.5,0,0,0,0,0,0,0,0,0,2626

Main.js:462 138.669,183.4,57,57,0.262,0.313,0.027,0.042,89,0,0,1,0,1,0,0,335.15,278.927,2.256,1.076,161.627,220.053,1.362,2.097,0,0,0,0,339.179,331.465,178.5,307.5,-0.896,0.198,-0.05,0.001,46,46.5,350,-2.5,0,0,0,0,0,0,0,0,0,2641

Main.js:462 138.918,183.698,57,57,0.249,0.297,0,0,88,0,0,0,0,0,0,0,337.407,280.004,2.256,1.076,162.989,222.15,1.362,2.097,0,0,0,0,338.281,331.655,178.5,306,-0.899,0.189,-0.05,0.001,45,44,350,-2.5,0,0,0,0,0,0,0,0,0,2692

Main.js:462 139.154,183.98,57,57,0.236,0.283,0,0,87,0,0,0,0,0,0,0,339.663,281.08,2.256,1.076,164.351,224.247,1.362,2.097,0,0,0,0,337.379,331.836,178.5,304.5,-0.901,0.181,-0.05,0.001,44,41.5,350,-2.5,0,0,0,0,0,0,0,0,0,2708

Main.js:462 139.379,184.249,57,57,0.225,0.268,0,0,86,0,0,0,0,0,0,0,341.92,282.156,2.256,1.076,165.712,226.343,1.362,2.097,0,0,0,0,336.475,332.009,178.5,303,-0.904,0.173,-0.05,0.001,43,39,350,-2.5,0,0,0,0,0,0,0,0,0,2724

Main.js:462 139.592,184.504,57,57,0.213,0.255,0,0,85,0,0,0,0,0,0,0,344.176,283.232,2.256,1.076,167.074,228.44,1.362,2.097,0,0,0,0,335.569,332.175,178.5,301.5,-0.906,0.166,-0.05,0.001,42,36.5,350,-2.5,0,0,0,0,0,0,0,0,0,2748

Main.js:462 139.795,184.746,57,57,0.203,0.242,0,0,84,0,0,0,0,1,0,0,346.432,284.309,2.256,1.076,168.435,230.537,1.362,2.097,0,0,0,0,334.661,332.334,178.5,300,-0.908,0.159,-0.05,0.001,41,34,350,-2.5,0,0,0,0,0,0,0,0,0,2775

Main.js:462 139.988,184.976,57,57,0.193,0.23,0,0,83,0,0,0,0,1,0,0,348.689,285.385,2.256,1.076,169.797,232.633,1.362,2.097,0,0,0,0,333.751,332.486,178.5,298.5,-0.91,0.152,-0.05,0.001,40,31.5,350,-2.5,0,0,0,0,0,0,0,0,0,2792

Main.js:462 140.171,185.195,57,57,0.183,0.219,0,0,82,0,0,0,0,1,0,0,350.945,286.461,2.256,1.076,171.159,234.73,1.362,2.097,0,0,0,0,332.838,332.632,178.5,297,-0.912,0.146,-0.05,0.001,39,29,350,-2.5,0,0,0,0,0,0,0,0,0,2809

Main.js:462 140.344,185.403,57,57,0.174,0.208,0,0,81,0,0,0,0,1,0,0,353.202,287.538,2.256,1.076,172.52,236.827,1.362,2.097,0,0,0,0,331.924,332.772,178.5,295.5,-0.914,0.14,-0.05,0.001,38,26.5,350,-2.5,0,0,0,0,0,0,0,0,0,2824

Main.js:462 140.509,185.6,57,57,0.165,0.197,0,0,80,0,0,0,0,1,0,0,355.458,288.614,2.256,1.076,173.882,238.924,1.362,2.097,0,0,0,0,331.008,332.906,178.5,294,-0.916,0.134,-0.05,0.001,37,24,350,-2.5,0,0,0,0,0,0,0,0,0,2842

Main.js:462 140.666,185.787,57,57,0.157,0.187,0,0,79,0,0,0,0,0,0,0,357.715,289.69,2.256,1.076,175.243,241.02,1.362,2.097,0,0,0,0,330.09,333.035,178.5,292.5,-0.918,0.129,-0.05,0.001,36,21.5,350,-2.5,0,0,0,0,0,0,0,0,0,2858

Main.js:462 140.815,185.965,57,57,0.149,0.178,0,0,78,0,0,0,0,0,0,0,359.971,290.766,2.256,1.076,176.605,243.117,1.362,2.097,0,0,0,0,329.171,333.158,178.5,291,-0.919,0.123,-0.05,0.001,35,19,350,-2.5,0,0,0,0,0,0,0,0,0,2875

Main.js:462 140.957,186.135,57,57,0.142,0.169,0,0,77,0,0,0,0,0,0,0,362.228,291.843,2.256,1.076,177.967,245.214,1.362,2.097,0,0,0,0,328.25,333.276,178.5,289.5,-0.921,0.118,-0.05,0.001,34,16.5,350,-2.5,0,0,0,0,0,0,0,0,0,2892

Main.js:462 141.091,186.295,57,57,0.134,0.161,0,0,76,0,0,0,0,0,0,0,364.484,292.919,2.256,1.076,179.328,247.31,1.362,2.097,0,0,0,0,327.328,333.39,178.5,288,-0.922,0.114,-0.05,0.001,33,14,350,-2.5,0,0,0,0,0,0,0,0,0,2908

Main.js:462 141.219,186.448,57,57,0.128,0.153,0,0,75,0,0,0,0,0,0,0,366.741,293.995,2.256,1.076,180.69,249.407,1.362,2.097,0,0,0,0,326.405,333.5,178.5,286.5,-0.924,0.109,-0.05,0.001,32,11.5,350,-2.5,0,0,0,0,0,0,0,0,0,2926

Main.js:462 141.34,186.593,57,57,0.121,0.145,0,0,74,0,0,0,0,0,0,0,368.997,295.072,2.256,1.076,182.051,251.504,1.362,2.097,0,0,0,0,325.48,333.605,178.5,285,-0.925,0.105,-0.05,0.001,31,9,350,-2.5,0,0,0,0,0,0,0,0,0,2943

Main.js:462 141.456,186.731,57,57,0.115,0.138,0,0,73,0,0,0,0,0,0,0,371.254,296.148,2.256,1.076,183.413,253.6,1.362,2.097,0,0,0,0,324.554,333.706,178.5,283.5,-0.926,0.101,-0.05,0.001,30,6.5,350,-2.5,0,0,0,0,0,0,0,0,0,2958

Main.js:462 141.565,186.862,57,57,0.11,0.131,0,0,72,0,0,0,0,0,0,0,373.51,297.224,2.256,1.076,184.775,255.697,1.362,2.097,0,0,0,0,323.626,333.803,178.5,282,-0.927,0.097,-0.05,0.001,29,4,350,-2.5,0,0,0,0,0,0,0,0,0,2975

Main.js:462 141.669,186.986,57,57,0.104,0.124,0,0,71,0,0,0,0,0,0,0,375.766,298.3,2.256,1.076,186.136,257.794,1.362,2.097,0,0,0,0,322.698,333.897,178.5,280.5,-0.928,0.094,-0.05,0.001,28,1.5,350,-2.5,0,0,0,0,0,0,0,0,0,2992

Main.js:462 141.768,187.104,57,57,0.099,0.118,0,0,70,0,0,0,0,0,0,0,375.766,298.3,2.256,1.076,187.498,259.89,1.362,2.097,0,0,0,0,321.768,333.987,178.5,279,-0.929,0.09,-0.05,0.001,27,0,0,0,0,0,0,0,0,0,0,0,0,3008

Main.js:462 141.862,187.217,57,57,0.094,0.112,0,0,69,0,0,0,0,0,0,0,378.023,299.377,2.256,1.076,188.859,261.987,1.362,2.097,0,0,0,0,320.838,334.075,177,276,-0.93,0.088,-0.05,0.003,26,0,0,0,0,0,0,0,0,0,0,0,0,3025

Main.js:462 141.951,187.323,57,57,0.089,0.107,0,0,68,0,0,0,0,0,0,0,380.279,300.453,2.256,1.076,190.221,264.084,1.362,2.097,0,0,0,0,319.907,334.163,175.5,273,-0.931,0.088,-0.05,0.004,25,0,0,0,0,0,0,0,0,0,0,0,0,3042

Main.js:462 142.036,187.424,57,57,0.085,0.101,0,0,67,0,0,0,0,0,0,0,382.536,301.529,2.256,1.076,191.583,266.18,1.362,2.097,0,0,0,0,318.975,334.251,174,270,-0.932,0.088,-0.05,0.005,24,0,0,0,0,0,0,0,0,0,0,0,0,3058

Main.js:462 142.142,187.561,57,57,0.106,0.136,0.027,0.042,66,0,0,1,0,0,0,0,384.792,302.605,2.256,1.076,192.944,268.277,1.362,2.097,0,0,0,0,318.042,334.341,172.5,267,-0.932,0.09,-0.05,0.007,23,0,0,0,0,0,0,0,0,0,0,0,0,3076

Main.js:462 142.269,187.73,57,57,0.127,0.169,0.027,0.042,65,0,0,1,0,0,0,0,387.049,303.682,2.256,1.076,194.306,270.374,1.362,2.097,0,0,0,0,317.109,334.434,171,264,-0.933,0.093,-0.049,0.008,22,0,0,0,0,0,0,0,0,0,0,0,0,3092

Main.js:462 142.416,187.93,57,57,0.146,0.2,0.027,0.042,64,0,0,1,0,0,0,0,389.305,304.758,2.256,1.076,195.667,272.47,1.362,2.097,0,0,0,0,316.177,334.531,169.5,261,-0.933,0.097,-0.049,0.009,21,0,0,0,0,0,0,0,0,0,0,0,0,3109

Main.js:462 142.581,188.16,57,57,0.165,0.23,0.027,0.042,63,0,0,1,0,0,0,0,391.562,305.834,2.256,1.076,197.029,274.567,1.362,2.097,0,0,0,0,315.244,334.632,168,258,-0.933,0.102,-0.049,0.01,20,0,0,0,0,0,0,0,0,0,0,0,0,3125

Main.js:462 142.763,188.419,57,57,0.183,0.259,0.027,0.042,62,0,0,1,0,0,0,0,393.818,306.911,2.256,1.076,198.391,276.664,1.362,2.097,0,0,0,0,314.312,334.74,166.5,255,-0.932,0.108,-0.049,0.012,19,0,0,0,0,0,0,0,0,0,0,0,0,3141

Main.js:462 142.963,188.705,57,57,0.199,0.286,0.027,0.042,61,0,0,1,0,0,0,0,396.075,307.987,2.256,1.076,199.752,278.76,1.362,2.097,0,0,0,0,313.38,334.855,165,252,-0.931,0.115,-0.048,0.013,18,0,0,0,0,0,0,0,0,0,0,0,0,3157

Main.js:462 143.178,189.016,57,57,0.215,0.311,0.027,0.042,60,0,0,1,0,0,0,0,398.331,309.063,2.256,1.076,201.114,280.857,1.362,2.097,0,0,0,0,312.45,334.978,163.5,249,-0.93,0.123,-0.048,0.014,17,0,0,0,0,0,0,0,0,0,0,0,0,3175

Main.js:462 143.408,189.351,57,57,0.23,0.335,0.027,0.042,59,0,0,1,0,0,0,0,400.588,310.139,2.256,1.076,202.475,282.954,1.362,2.097,0,0,0,0,311.521,335.109,162,246,-0.929,0.131,-0.048,0.015,16,0,0,0,0,0,0,0,0,0,0,0,0,3192

Main.js:462 143.653,189.709,57,57,0.245,0.358,0.027,0.042,58,0,0,1,0,0,0,0,402.844,311.216,2.256,1.076,203.837,285.05,1.362,2.097,0,0,0,0,310.593,335.249,160.5,243,-0.927,0.14,-0.047,0.017,15,0,0,0,0,0,0,0,0,0,0,0,0,3210

Main.js:462 143.912,190.089,55.5,55.5,0.259,0.38,0.028,0.041,57,1,0,1,0,0,0,0,405.1,312.292,2.256,1.076,205.199,287.147,1.362,2.097,0,0,0,0,309.668,335.4,159,240,-0.925,0.15,-0.047,0.018,14,0,0,0,0,0,0,0,0,0,0,0,0,3225

Main.js:462 144.187,190.488,54,54,0.274,0.399,0.029,0.04,56,1,0,1,0,0,0,0,407.357,313.368,2.256,1.076,206.56,289.244,1.362,2.097,0,0,0,0,308.745,335.561,157.5,237,-0.923,0.161,-0.046,0.019,13,0,0,0,0,0,0,0,0,0,0,0,0,3242

Main.js:462 144.476,190.905,52.5,52.5,0.29,0.417,0.03,0.04,55,1,0,1,0,0,0,0,409.613,314.445,2.256,1.076,207.922,291.34,1.362,2.097,0,0,0,0,307.825,335.733,156,234,-0.92,0.172,-0.046,0.02,12,0,0,0,0,0,0,0,0,0,0,0,0,3258

Main.js:462 144.781,191.338,51,51,0.305,0.433,0.031,0.039,54,1,0,1,0,0,0,0,411.87,315.521,2.256,1.076,209.283,293.437,1.362,2.097,0,0,0,0,306.908,335.917,154.5,231,-0.917,0.184,-0.045,0.022,11,0,0,0,0,0,0,0,0,0,0,0,0,3275

Main.js:462 145.102,191.785,49.5,49.5,0.321,0.447,0.032,0.038,53,1,0,1,0,0,0,0,414.126,316.597,2.256,1.076,210.645,295.534,1.362,2.097,0,0,0,0,305.994,336.114,153,228,-0.914,0.197,-0.045,0.023,10,0,0,0,0,0,0,0,0,0,0,0,0,3292

Main.js:462 145.438,192.246,48,48,0.336,0.46,0.033,0.037,52,1,0,1,0,0,0,0,416.383,317.673,2.256,1.076,212.007,297.63,1.362,2.097,0,0,0,0,305.084,336.323,151.5,225,-0.91,0.209,-0.044,0.024,9,0,0,0,0,0,0,0,0,0,0,0,0,3309

Main.js:462 145.79,192.717,46.5,46.5,0.352,0.472,0.034,0.036,51,1,0,1,0,0,0,0,418.639,318.75,2.256,1.076,213.368,299.727,1.362,2.097,0,0,0,0,304.179,336.546,150,222,-0.905,0.223,-0.043,0.025,8,0,0,0,0,0,0,0,0,0,0,0,0,3326

Main.js:462 146.159,193.199,45,45,0.368,0.482,0.035,0.035,50,1,0,1,0,0,0,0,420.896,319.826,2.256,1.076,214.73,301.824,1.362,2.097,0,0,0,0,303.279,336.782,148.5,219,-0.901,0.236,-0.043,0.026,7,0,0,0,0,0,0,0,0,0,0,0,0,3341

Main.js:462 146.543,193.689,43.5,43.5,0.384,0.49,0.036,0.034,49,1,0,1,0,0,0,0,423.152,320.902,2.256,1.076,216.091,303.92,1.362,2.097,0,0,0,0,302.383,337.032,147,216,-0.895,0.25,-0.042,0.027,6,0,0,0,0,0,0,0,0,0,0,0,0,3358

Main.js:462 146.942,194.188,43.5,43.5,0.399,0.499,0.036,0.034,48,0,0,1,0,0,0,0,425.409,321.978,2.256,1.076,217.453,306.017,1.362,2.097,0,0,0,0,301.494,337.297,145.5,213,-0.89,0.265,-0.041,0.028,5,0,0,0,0,0,0,0,0,0,0,0,0,3376

Main.js:462 147.356,194.694,43.5,43.5,0.414,0.506,0.036,0.034,47,0,0,1,0,0,0,0,427.665,323.055,2.256,1.076,218.815,308.114,1.362,2.097,0,0,0,0,300.61,337.577,144,210,-0.884,0.279,-0.04,0.029,4,0,0,0,0,0,0,0,0,0,0,0,0,3391

Main.js:462 147.784,195.208,43.5,43.5,0.428,0.514,0.036,0.034,46,0,0,1,0,0,0,0,429.922,324.131,2.256,1.076,220.176,310.211,1.362,2.097,0,0,0,0,299.733,337.871,142.5,207,-0.877,0.294,-0.04,0.03,3,0,0,0,0,0,0,0,0,0,0,0,0,3408

Main.js:462 148.225,195.729,43.5,43.5,0.441,0.521,0.036,0.034,45,0,0,1,0,0,0,0,432.178,325.207,2.256,1.076,221.538,312.307,1.362,2.097,0,0,0,0,298.863,338.18,141,204,-0.87,0.31,-0.039,0.031,2,0,0,0,0,0,0,0,0,0,0,0,0,3425

Main.js:462 148.678,196.256,43.5,43.5,0.453,0.527,0.036,0.034,44,0,0,1,0,0,0,0,434.434,326.284,2.256,1.076,222.899,314.404,1.362,2.097,0,0,0,0,298,338.505,139.5,201,-0.863,0.325,-0.038,0.032,1,0,0,0,0,0,0,0,0,0,0,0,0,3442

Main.js:462 149.143,196.79,43.5,43.5,0.465,0.534,0.036,0.034,43,0,0,1,0,0,0,0,436.691,327.36,2.256,1.076,224.261,316.501,1.362,2.097,0,0,0,0,297.145,338.846,138,198,-0.855,0.34,-0.037,0.033,0,0,0,0,0,0,0,0,0,0,0,0,0,3459

Main.js:462 149.619,197.329,43.5,43.5,0.476,0.54,0.036,0.034,42,0,0,1,0,0,0,0,438.947,328.436,2.256,1.076,225.622,318.597,1.362,2.097,0,0,0,0,296.298,339.202,136.5,195,-0.847,0.356,-0.036,0.034,99,0,0,0,0,0,0,0,0,0,0,0,0,3477

Main.js:462 150.107,197.874,42,42,0.488,0.545,0.037,0.033,41,1,0,1,0,0,0,0,441.204,329.512,2.256,1.076,226.984,320.694,1.362,2.097,0,0,0,0,295.46,339.574,135,192,-0.838,0.372,-0.035,0.035,98,274.445,332.764,-2.415,-0.647,0,0,0,0,0,0,0,0,3493

Main.js:462 150.606,198.422,40.5,40.5,0.499,0.548,0.038,0.032,40,1,0,1,0,0,0,0,443.46,330.589,2.256,1.076,228.346,322.791,1.362,2.097,0,0,0,0,294.631,339.962,133.5,189,-0.829,0.388,-0.034,0.036,97,272.031,332.117,-2.415,-0.647,0,0,0,0,0,0,0,0,3508

Main.js:462 151.118,198.973,39,39,0.511,0.551,0.039,0.031,39,1,0,1,0,0,0,0,445.717,331.665,2.256,1.076,229.707,324.887,1.362,2.097,0,0,0,0,293.812,340.365,132,186,-0.819,0.404,-0.033,0.037,96,269.616,331.47,-2.415,-0.647,0,0,0,0,0,0,0,0,3524

Main.js:462 151.641,199.525,37.5,37.5,0.523,0.552,0.04,0.03,38,1,0,1,0,0,0,0,447.973,332.741,2.256,1.076,231.069,326.984,1.362,2.097,0,0,0,0,293.003,340.785,130.5,183,-0.809,0.42,-0.032,0.038,95,267.201,330.822,-2.415,-0.647,0,0,0,0,0,0,0,0,3541

Main.js:462 152.177,200.077,36,36,0.536,0.552,0.04,0.029,37,1,0,1,0,0,0,0,450.23,333.818,2.256,1.076,232.43,329.081,1.362,2.097,0,0,0,0,292.205,341.221,129,180,-0.798,0.436,-0.031,0.039,94,264.786,330.175,-2.415,-0.647,0,0,0,0,0,0,0,0,3558

Main.js:462 152.724,200.63,36,36,0.547,0.553,0.04,0.029,36,0,0,1,0,0,0,0,452.486,334.894,2.256,1.076,233.792,331.177,1.362,2.097,0,0,0,0,291.417,341.672,127.5,177,-0.787,0.451,-0.03,0.04,93,262.371,329.528,-2.415,-0.647,0,0,0,0,0,0,0,0,3575

Main.js:462 153.283,201.183,36,36,0.558,0.553,0.04,0.029,35,0,0,1,0,0,0,0,454.743,335.97,2.256,1.076,235.154,333.274,1.362,2.097,0,0,0,0,290.641,342.139,126,174,-0.776,0.467,-0.029,0.04,92,259.957,328.881,-2.415,-0.647,0,0,0,0,0,0,0,0,3591

Main.js:462 153.851,201.736,36,36,0.569,0.553,0.04,0.029,34,0,0,1,0,0,0,0,456.999,337.046,2.256,1.076,236.515,335.371,1.362,2.097,0,0,0,0,289.877,342.622,124.5,171,-0.764,0.483,-0.028,0.041,91,257.542,328.234,-2.415,-0.647,0,0,0,0,0,0,0,0,3610

Main.js:462 154.43,202.289,36,36,0.579,0.553,0.04,0.029,33,0,0,1,0,0,0,0,459.256,338.123,2.256,1.076,237.877,337.467,1.362,2.097,0,0,0,0,289.126,343.121,123,168,-0.752,0.499,-0.027,0.042,90,255.127,327.587,-2.415,-0.647,0,0,0,0,0,0,0,0,3626

Main.js:462 155.019,202.843,36,36,0.588,0.554,0.04,0.029,32,0,0,1,0,0,0,0,461.512,339.199,2.256,1.076,239.238,339.564,1.362,2.097,0,0,0,0,288.387,343.636,121.5,165,-0.739,0.514,-0.026,0.043,89,252.712,326.94,-2.415,-0.647,0,0,0,0,0,0,0,0,3643

Main.js:462 155.616,203.397,36,36,0.597,0.554,0.04,0.029,31,0,0,1,0,0,0,0,463.769,340.275,2.256,1.076,240.6,341.661,1.362,2.097,0,0,0,0,287.661,344.165,120,162,-0.726,0.53,-0.025,0.043,88,250.297,326.293,-2.415,-0.647,0,0,0,0,0,0,0,0,3724

Main.js:462 156.222,203.951,36,36,0.606,0.554,0.04,0.029,30,0,0,1,0,0,0,0,466.025,341.351,2.256,1.076,241.962,343.757,1.362,2.097,0,0,0,0,286.949,344.71,118.5,159,-0.712,0.545,-0.024,0.044,87,247.882,325.646,-2.415,-0.647,0,0,0,0,0,0,0,0,3740

Main.js:462 156.836,204.505,36,36,0.614,0.554,0.04,0.029,29,0,0,1,0,0,0,0,468.281,342.428,2.256,1.076,243.323,345.854,1.362,2.097,0,0,0,0,286.251,345.27,117,156,-0.698,0.56,-0.023,0.045,86,245.468,324.999,-2.415,-0.647,0,0,0,0,0,0,0,0,3757

Main.js:462 157.458,205.06,36,36,0.622,0.555,0.04,0.029,28,0,0,1,0,0,0,0,470.538,343.504,2.256,1.076,244.685,347.951,1.362,2.097,0,0,0,0,285.567,345.845,115.5,153,-0.684,0.575,-0.022,0.045,85,243.053,324.352,-2.415,-0.647,0,0,0,0,0,0,0,0,3775

Main.js:462 158.087,205.615,36,36,0.629,0.555,0.04,0.029,27,0,0,1,0,0,0,0,472.794,344.58,2.256,1.076,246.046,350.047,1.362,2.097,0,0,0,0,284.898,346.435,114,150,-0.669,0.59,-0.02,0.046,84,240.638,323.705,-2.415,-0.647,0,0,0,0,0,0,0,0,3791

Main.js:462 158.723,206.17,36,36,0.636,0.555,0.04,0.029,26,0,0,1,0,0,0,0,475.051,345.657,2.256,1.076,247.408,352.144,1.362,2.097,0,0,0,0,284.245,347.039,112.5,147,-0.654,0.604,-0.019,0.046,83,238.223,323.058,-2.415,-0.647,0,0,0,0,0,0,0,0,3809

Main.js:462 159.366,206.725,36,36,0.643,0.555,0.04,0.029,25,0,0,1,0,0,0,0,477.307,346.733,2.256,1.076,248.77,354.241,1.362,2.097,0,0,0,0,283.607,347.657,111,144,-0.638,0.618,-0.018,0.047,82,235.808,322.411,-2.415,-0.647,0,0,0,0,0,0,0,0,3825

Main.js:462 160.015,207.28,36,36,0.649,0.555,0.04,0.029,24,0,0,1,0,0,0,0,479.564,347.809,2.256,1.076,250.131,356.337,1.362,2.097,0,0,0,0,282.985,348.289,109.5,141,-0.622,0.632,-0.017,0.047,81,233.394,321.764,-2.415,-0.647,0,0,0,0,0,0,0,0,3841

Main.js:462 160.67,207.835,36,36,0.655,0.555,0.04,0.029,23,0,0,1,0,0,0,0,481.82,348.885,2.256,1.076,251.493,358.434,1.362,2.097,0,0,0,0,282.38,348.935,108,138,-0.605,0.646,-0.015,0.048,80,230.979,321.117,-2.415,-0.647,0,0,0,0,0,0,0,0,3858

Main.js:462 161.331,208.391,36,36,0.661,0.556,0.04,0.029,22,0,0,1,0,0,0,0,484.077,349.962,2.256,1.076,252.854,360.531,1.362,2.097,0,0,0,0,281.791,349.594,106.5,135,-0.589,0.659,-0.014,0.048,79,228.564,320.47,-2.415,-0.647,0,0,0,0,0,0,0,0,3875

Main.js:462 161.997,208.947,36,36,0.666,0.556,0.04,0.029,21,0,0,1,0,0,0,0,486.333,351.038,2.256,1.076,254.216,362.627,1.362,2.097,0,0,0,0,281.219,350.265,105,132,-0.572,0.672,-0.013,0.048,78,226.149,319.823,-2.415,-0.647,0,0,0,0,0,0,0,0,3892

Main.js:462 162.668,209.503,36,36,0.671,0.556,0.04,0.029,20,0,0,1,0,0,0,0,488.59,352.114,2.256,1.076,255.578,364.724,1.362,2.097,0,0,0,0,280.665,350.95,103.5,129,-0.554,0.684,-0.012,0.049,77,223.734,319.176,-2.415,-0.647,0,0,0,0,0,0,0,0,3908

Main.js:462 163.344,210.059,36,36,0.676,0.556,0.04,0.029,19,0,0,1,0,0,0,0,490.846,353.191,2.256,1.076,256.939,366.821,1.362,2.097,0,0,0,0,280.129,351.646,102,126,-0.536,0.697,-0.01,0.049,76,221.32,318.529,-2.415,-0.647,0,0,0,0,0,0,0,0,3925

Main.js:462 164.025,210.615,36,36,0.681,0.556,0.04,0.029,18,0,0,1,0,0,0,0,493.103,354.267,2.256,1.076,258.301,368.917,1.362,2.097,0,0,0,0,279.611,352.355,100.5,123,-0.518,0.709,-0.009,0.049,75,218.905,317.882,-2.415,-0.647,0,0,0,0,0,0,0,0,3942

Main.js:462 164.71,211.171,36,36,0.685,0.556,0.04,0.029,17,0,0,1,0,0,0,0,495.359,355.343,2.256,1.076,259.662,371.014,1.362,2.097,0,0,0,0,279.112,353.075,99,120,-0.5,0.72,-0.008,0.049,74,216.49,317.234,-2.415,-0.647,0,0,0,0,0,0,0,0,3960

Main.js:462 165.399,211.727,36,36,0.689,0.556,0.04,0.029,16,0,0,1,0,0,0,0,497.615,356.419,2.256,1.076,261.024,373.111,1.362,2.097,0,0,0,0,278.631,353.806,97.5,117,-0.481,0.731,-0.007,0.05,73,214.075,316.587,-2.415,-0.647,0,0,0,0,0,0,0,0,3976

Main.js:462 166.093,212.284,36,36,0.693,0.556,0.04,0.029,15,0,0,1,0,0,0,0,499.872,357.496,2.256,1.076,262.386,375.207,1.362,2.097,0,0,0,0,278.169,354.548,96,114,-0.462,0.742,-0.005,0.05,72,211.66,315.94,-2.415,-0.647,0,0,0,0,0,0,0,0,3992

Main.js:462 166.79,212.84,36,36,0.697,0.557,0.04,0.029,14,0,0,1,0,0,0,0,262.386,375.207,1.362,2.097,0,0,0,0,0,0,0,0,277.727,355.3,94.5,111,-0.442,0.752,-0.004,0.05,71,209.245,315.293,-2.415,-0.647,0,0,0,0,0,0,0,0,4008

Main.js:462 167.49,213.397,36,36,0.701,0.557,0.04,0.029,13,0,0,1,0,0,0,0,263.747,377.304,1.362,2.097,0,0,0,0,0,0,0,0,277.301,356.062,96,111,-0.425,0.762,-0.005,0.05,70,206.831,314.646,-2.415,-0.647,0,0,0,0,0,0,0,0,4026

Main.js:462 168.194,213.953,36,36,0.704,0.557,0.04,0.029,12,0,0,1,0,0,0,0,265.109,379.401,1.362,2.097,0,0,0,0,0,0,0,0,276.891,356.832,97.5,111,-0.41,0.771,-0.007,0.05,69,204.416,313.999,-2.415,-0.647,0,0,0,0,0,0,0,0,4042

Main.js:462 168.901,214.51,36,36,0.707,0.557,0.04,0.029,11,0,0,1,0,0,0,0,266.47,381.498,1.362,2.097,0,0,0,0,0,0,0,0,276.494,357.611,99,111,-0.397,0.779,-0.008,0.049,68,202.001,313.352,-2.415,-0.647,0,0,0,0,0,0,0,0,4058

Main.js:462 169.612,215.067,36,36,0.71,0.557,0.04,0.029,10,0,0,1,0,0,0,0,267.832,383.594,1.362,2.097,0,0,0,0,0,0,0,0,276.108,358.398,100.5,111,-0.386,0.787,-0.009,0.049,67,199.586,312.705,-2.415,-0.647,0,0,0,0,0,0,0,0,4076

Main.js:462 170.325,215.624,36,36,0.713,0.557,0.04,0.029,9,0,0,1,0,0,0,0,269.194,385.691,1.362,2.097,0,0,0,0,0,0,0,0,275.732,359.192,102,111,-0.376,0.794,-0.01,0.049,66,197.171,312.058,-2.415,-0.647,0,0,0,0,0,0,0,0,4091

Main.js:462 171.041,216.181,36,36,0.716,0.557,0.04,0.029,8,0,0,1,0,0,0,0,270.555,387.788,1.362,2.097,0,0,0,0,0,0,0,0,275.363,359.993,103.5,111,-0.369,0.8,-0.012,0.049,65,194.757,311.411,-2.415,-0.647,0,0,0,0,0,0,0,0,4108

Main.js:462 171.759,216.738,36,36,0.719,0.557,0.04,0.029,7,0,0,1,0,0,0,0,271.917,389.884,1.362,2.097,0,0,0,0,0,0,0,0,275.001,360.799,105,111,-0.363,0.806,-0.013,0.048,64,192.342,310.764,-2.415,-0.647,0,0,0,0,0,0,0,0,4126

Main.js:462 172.48,217.295,36,36,0.721,0.557,0.04,0.029,6,0,0,1,0,0,0,0,273.278,391.981,1.362,2.097,0,0,0,0,0,0,0,0,274.643,361.61,106.5,111,-0.358,0.812,-0.014,0.048,63,189.927,310.117,-2.415,-0.647,0,0,0,0,0,0,0,0,4142

Main.js:462 173.204,217.853,36,36,0.723,0.557,0.04,0.029,5,0,0,1,0,0,0,0,274.64,394.078,1.362,2.097,0,0,0,0,0,0,0,0,274.288,362.426,108,111,-0.355,0.816,-0.015,0.048,62,187.512,309.47,-2.415,-0.647,0,0,0,0,0,0,0,0,4158

Main.js:462 173.93,218.41,36,36,0.726,0.557,0.04,0.029,4,0,0,1,0,0,0,0,276.002,396.174,1.362,2.097,0,0,0,0,0,0,0,0,273.935,363.247,109.5,111,-0.353,0.82,-0.017,0.047,61,185.097,308.823,-2.415,-0.647,0,0,0,0,0,0,0,0,4174

Main.js:462 174.658,218.967,36,36,0.728,0.557,0.04,0.029,3,0,0,1,0,0,0,0,277.363,398.271,1.362,2.097,0,0,0,0,0,0,0,0,273.583,364.07,111,111,-0.352,0.823,-0.018,0.047,60,182.682,308.176,-2.415,-0.647,0,0,0,0,0,0,0,0,4192

Main.js:462 175.387,219.525,36,36,0.73,0.557,0.04,0.029,2,0,0,1,0,0,0,0,278.725,400.368,1.362,2.097,0,0,0,0,0,0,0,0,273.23,364.896,112.5,111,-0.353,0.826,-0.019,0.046,59,180.268,307.529,-2.415,-0.647,0,0,0,0,0,0,0,0,4207

Main.js:462 176.119,220.082,36,36,0.732,0.557,0.04,0.029,1,0,0,1,0,0,0,0,280.086,402.464,1.362,2.097,0,0,0,0,0,0,0,0,272.876,365.724,114,111,-0.354,0.828,-0.02,0.046,58,177.853,306.882,-2.415,-0.647,0,0,0,0,0,0,0,0,4226

Main.js:462 176.853,220.64,36,36,0.734,0.557,0.04,0.029,0,0,0,1,0,0,0,0,281.448,404.561,1.362,2.097,0,0,0,0,0,0,0,0,272.518,366.554,115.5,111,-0.357,0.83,-0.022,0.045,57,175.438,306.235,-2.415,-0.647,0,0,0,0,0,0,0,0,4242

Main.js:462 177.588,221.197,36,36,0.735,0.558,0.04,0.029,0,0,0,1,0,0,0,0,282.81,406.658,1.362,2.097,0,0,0,0,0,0,0,0,272.158,367.385,117,111,-0.361,0.831,-0.023,0.045,56,173.023,305.588,-2.415,-0.647,0,0,0,0,0,0,0,0,4258

Main.js:462 178.325,221.755,36,36,0.737,0.558,0.04,0.029,0,0,0,1,0,0,0,0,284.171,408.754,1.362,2.097,0,0,0,0,0,0,0,0,271.792,368.215,118.5,111,-0.366,0.831,-0.024,0.044,55,170.608,304.941,-2.415,-0.647,0,0,0,0,0,0,0,0,4275

Main.js:462 179.064,222.312,36,36,0.739,0.558,0.04,0.029,0,0,0,1,0,0,0,0,285.533,410.851,1.362,2.097,0,0,0,0,0,0,0,0,271.421,369.046,120,111,-0.371,0.83,-0.025,0.043,54,168.194,304.294,-2.415,-0.647,0,0,0,0,0,0,0,0,4291

Main.js:462 179.804,222.87,36,36,0.74,0.558,0.04,0.029,0,0,0,1,0,0,0,0,286.894,412.948,1.362,2.097,0,0,0,0,0,0,0,0,271.044,369.875,121.5,111,-0.377,0.829,-0.026,0.043,53,165.779,303.646,-2.415,-0.647,0,0,0,0,0,0,0,0,4309

Main.js:462 180.546,223.428,36,36,0.742,0.558,0.04,0.029,0,0,0,1,0,0,0,0,288.256,415.044,1.362,2.097,0,0,0,0,0,0,0,0,270.66,370.703,123,111,-0.384,0.828,-0.027,0.042,52,163.364,302.999,-2.415,-0.647,0,0,0,0,0,0,0,0,4325

Main.js:462 181.289,223.985,36,36,0.743,0.558,0.04,0.029,0,0,0,1,0,0,0,0,289.618,417.141,1.362,2.097,0,0,0,0,0,0,0,0,270.268,371.528,124.5,111,-0.392,0.825,-0.028,0.041,51,160.949,302.352,-2.415,-0.647,0,0,0,0,0,0,0,0,4343

Main.js:462 182.033,224.543,36,36,0.744,0.558,0.04,0.029,0,0,0,1,0,0,0,0,290.979,419.238,1.362,2.097,0,0,0,0,0,0,0,0,269.867,372.351,126,111,-0.4,0.823,-0.029,0.04,50,158.534,301.705,-2.415,-0.647,0,0,0,0,0,0,0,0,4359

Main.js:462 182.778,225.101,36,36,0.745,0.558,0.04,0.029,0,0,0,1,0,0,0,0,292.341,421.334,1.362,2.097,0,0,0,0,0,0,0,0,269.458,373.17,127.5,111,-0.409,0.819,-0.03,0.04,49,156.12,301.058,-2.415,-0.647,0,0,0,0,0,0,0,0,4375

Main.js:462 183.525,225.659,36,36,0.747,0.558,0.04,0.029,0,0,0,1,0,0,0,0,293.702,423.431,1.362,2.097,0,0,0,0,0,0,0,0,269.04,373.985,129,111,-0.419,0.815,-0.031,0.039,48,153.705,300.411,-2.415,-0.647,0,0,0,0,0,0,0,0,4393

Main.js:462 184.272,226.217,36,36,0.748,0.558,0.04,0.029,0,0,0,1,0,0,0,0,295.064,425.528,1.362,2.097,0,0,0,0,0,0,0,0,268.611,374.796,130.5,111,-0.429,0.81,-0.032,0.038,47,151.29,299.764,-2.415,-0.647,0,0,0,0,0,0,0,0,4408

Main.js:462 185.021,226.774,36,36,0.749,0.558,0.04,0.029,0,0,0,1,0,0,0,0,296.426,427.624,1.362,2.097,0,0,0,0,0,0,0,0,268.172,375.601,132,111,-0.439,0.805,-0.033,0.037,46,148.875,299.117,-2.415,-0.647,0,0,0,0,0,0,0,0,4425

Main.js:462 185.771,227.332,36,36,0.75,0.558,0.04,0.029,0,0,0,1,0,0,0,0,297.787,429.721,1.362,2.097,0,0,0,0,0,0,0,0,267.722,376.4,133.5,111,-0.45,0.799,-0.034,0.036,45,146.46,298.47,-2.415,-0.647,0,0,0,0,0,0,0,0,4442

Main.js:462 186.522,227.89,36,36,0.751,0.558,0.04,0.029,0,0,0,1,0,0,0,0,299.149,431.818,1.362,2.097,0,0,0,0,0,0,0,0,267.262,377.193,135,111,-0.461,0.793,-0.035,0.035,44,144.045,297.823,-2.415,-0.647,0,0,0,0,0,0,0,0,4459

Main.js:462 187.273,228.448,36,36,0.752,0.558,0.04,0.029,0,0,0,1,0,0,0,0,300.51,433.914,1.362,2.097,0,0,0,0,0,0,0,0,266.79,377.979,136.5,111,-0.472,0.786,-0.036,0.034,43,141.631,297.176,-2.415,-0.647,0,0,0,0,0,0,0,0,4476

Main.js:462 188.026,229.006,36,36,0.752,0.558,0.04,0.029,0,0,0,1,0,0,0,0,301.872,436.011,1.362,2.097,0,0,0,0,0,0,0,0,266.306,378.758,138,111,-0.484,0.779,-0.037,0.033,42,139.216,296.529,-2.415,-0.647,0,0,0,0,0,0,0,0,4492

Main.js:462 188.779,229.563,34.5,34.5,0.754,0.557,0.041,0.028,0,1,0,1,0,0,0,0,303.234,438.108,1.362,2.097,0,0,0,0,0,0,0,0,265.81,379.529,139.5,111,-0.496,0.771,-0.038,0.032,41,136.801,295.882,-2.415,-0.647,0,0,0,0,0,0,0,0,4509

Main.js:462 189.536,230.118,33,33,0.756,0.555,0.042,0.027,0,1,0,1,0,0,0,0,304.595,440.204,1.362,2.097,0,0,0,0,0,0,0,0,265.303,380.291,139.5,109.5,-0.507,0.763,-0.038,0.032,40,134.386,295.235,-2.415,-0.647,0,0,0,0,0,0,0,0,4524

Main.js:462 190.294,230.67,31.5,31.5,0.759,0.552,0.043,0.026,0,1,0,1,0,0,0,0,305.957,442.301,1.362,2.097,0,0,0,0,0,0,0,0,264.785,381.047,139.5,108,-0.518,0.756,-0.038,0.032,39,131.971,294.588,-2.415,-0.647,0,0,0,0,0,0,0,0,4543

Main.js:462 191.056,231.218,30,30,0.762,0.548,0.043,0.025,0,1,0,1,0,0,0,0,307.318,444.398,1.362,2.097,0,0,0,0,0,0,0,0,264.257,381.796,139.5,106.5,-0.528,0.749,-0.038,0.032,38,129.557,293.941,-2.415,-0.647,0,0,0,0,0,0,0,0,4559

Main.js:462 191.822,231.762,28.5,28.5,0.766,0.543,0.044,0.024,0,1,0,1,0,0,0,0,308.68,446.494,1.362,2.097,0,0,0,0,0,0,0,0,263.719,382.538,139.5,105,-0.538,0.742,-0.038,0.032,37,127.142,293.294,-2.415,-0.647,0,0,0,0,0,0,0,0,4575

Main.js:462 192.591,232.3,27,27,0.77,0.538,0.045,0.023,0,1,0,1,0,0,0,0,310.042,448.591,1.362,2.097,0,0,0,0,0,0,0,0,263.172,383.273,139.5,103.5,-0.547,0.736,-0.038,0.032,36,124.727,292.647,-2.415,-0.647,0,0,0,0,0,0,0,0,4593

Main.js:462 193.366,232.831,25.5,25.5,0.774,0.531,0.045,0.022,0,1,0,1,0,0,0,0,311.403,450.688,1.362,2.097,0,0,0,0,0,0,0,0,262.616,384.003,139.5,102,-0.556,0.73,-0.038,0.032,35,122.312,292,-2.415,-0.647,0,0,0,0,0,0,0,0,4608

Main.js:462 194.144,233.355,24,24,0.779,0.524,0.046,0.02,0,1,0,1,0,0,0,0,312.765,452.785,1.362,2.097,0,0,0,0,0,0,0,0,262.052,384.727,139.5,100.5,-0.564,0.724,-0.038,0.032,34,119.897,291.353,-2.415,-0.647,0,0,0,0,0,0,0,0,4626

Main.js:462 194.928,233.871,22.5,22.5,0.784,0.516,0.046,0.019,0,1,0,1,0,0,0,0,314.126,454.881,1.362,2.097,0,0,0,0,0,0,0,0,261.48,385.446,139.5,99,-0.572,0.719,-0.038,0.032,33,117.482,290.706,-2.415,-0.647,0,0,0,0,0,0,0,0,4642

Main.js:462 195.717,234.379,21,21,0.789,0.507,0.047,0.018,0,1,0,1,0,0,0,0,315.488,456.978,1.362,2.097,0,0,0,0,0,0,0,0,260.9,386.16,139.5,97.5,-0.58,0.714,-0.038,0.032,32,115.068,290.058,-2.415,-0.647,0,0,0,0,0,0,0,0,4660

Main.js:462 196.511,234.878,21,21,0.794,0.499,0.047,0.018,0,0,0,1,0,0,0,0,316.85,459.075,1.362,2.097,0,0,0,0,0,0,0,0,260.314,386.869,139.5,96,-0.587,0.709,-0.038,0.032,31,112.653,289.411,-2.415,-0.647,0,0,0,0,0,0,0,0,4675

Main.js:462 197.309,235.369,21,21,0.798,0.491,0.047,0.018,0,0,0,1,0,0,0,0,318.211,461.171,1.362,2.097,0,0,0,0,0,0,0,0,259.72,387.573,139.5,94.5,-0.593,0.704,-0.038,0.032,30,110.238,288.764,-2.415,-0.647,0,0,0,0,0,0,0,0,4691

Main.js:462 198.112,235.852,21,21,0.803,0.484,0.047,0.018,0,0,0,1,0,0,0,0,319.573,463.268,1.362,2.097,0,0,0,0,0,0,0,0,259.12,388.273,139.5,93,-0.6,0.7,-0.038,0.032,29,107.823,288.117,-2.415,-0.647,0,0,0,0,0,0,0,0,4708

Main.js:462 198.919,236.329,21,21,0.807,0.476,0.047,0.018,0,0,0,1,0,0,0,0,320.934,465.365,1.362,2.097,0,0,0,0,0,0,0,0,258.514,388.969,139.5,91.5,-0.606,0.696,-0.038,0.032,28,105.408,287.47,-2.415,-0.647,0,0,0,0,0,0,0,0,4726

Main.js:462 199.73,236.798,21,21,0.811,0.47,0.047,0.018,0,0,0,1,0,0,0,0,322.296,467.461,1.362,2.097,0,0,0,0,0,0,0,0,257.902,389.661,139.5,90,-0.612,0.692,-0.038,0.032,27,102.994,286.823,-2.415,-0.647,0,0,0,0,0,0,0,0,4742

Main.js:462 200.545,237.262,21,21,0.815,0.463,0.047,0.018,0,0,0,1,0,0,0,0,323.658,469.558,1.362,2.097,0,0,0,0,0,0,0,0,257.285,390.349,139.5,88.5,-0.617,0.688,-0.038,0.032,26,100.579,286.176,-2.415,-0.647,0,0,0,0,0,0,0,0,4758

Main.js:462 201.363,237.719,21,21,0.818,0.457,0.047,0.018,0,0,0,1,0,0,0,0,325.019,471.655,1.362,2.097,0,0,0,0,0,0,0,0,256.662,391.033,139.5,87,-0.623,0.685,-0.038,0.032,25,98.164,285.529,-2.415,-0.647,0,0,0,0,0,0,0,0,4776

Main.js:462 202.184,238.171,22.5,22.5,0.821,0.452,0.046,0.019,0,0,1,1,0,0,0,0,326.381,473.751,1.362,2.097,0,0,0,0,0,0,0,0,256.035,391.715,139.5,85.5,-0.628,0.681,-0.038,0.032,24,95.749,284.882,-2.415,-0.647,0,0,0,0,0,0,0,0,4791

Main.js:462 203.008,238.62,24,24,0.824,0.449,0.046,0.02,0,0,1,1,0,0,0,0,327.742,475.848,1.362,2.097,0,0,0,0,0,0,0,0,255.402,392.393,139.5,84,-0.632,0.678,-0.038,0.032,23,93.334,284.235,-2.415,-0.647,0,0,0,0,0,0,0,0,4809

Main.js:462 203.791,239.047,25.5,25.5,0.783,0.427,0,0,0,0,1,0,0,0,0,0,329.104,477.945,1.362,2.097,0,0,0,0,0,0,0,0,254.765,393.067,139.5,82.5,-0.637,0.675,-0.038,0.032,22,90.92,283.588,-2.415,-0.647,0,0,0,0,0,0,0,0,4826

Main.js:462 204.534,239.452,27,27,0.743,0.405,0,0,0,0,1,0,0,0,0,0,330.466,480.041,1.362,2.097,0,0,0,0,0,0,0,0,254.124,393.739,139.5,81,-0.641,0.672,-0.038,0.032,21,88.505,282.941,-2.415,-0.647,0,0,0,0,0,0,0,0,4843

Main.js:462 205.24,239.837,28.5,28.5,0.706,0.385,0,0,0,0,1,0,0,0,0,0,331.827,482.138,1.362,2.097,0,0,0,0,0,0,0,0,253.479,394.409,139.5,79.5,-0.645,0.669,-0.038,0.032,20,86.09,282.294,-2.415,-0.647,0,0,0,0,0,0,0,0,4858

Main.js:462 205.911,240.203,30,30,0.671,0.366,0,0,0,0,1,0,0,0,0,0,333.189,484.235,1.362,2.097,0,0,0,0,0,0,0,0,252.83,395.075,139.5,78,-0.649,0.667,-0.038,0.032,19,83.675,281.647,-2.415,-0.647,0,0,0,0,0,0,0,0,4875

Main.js:462 206.549,240.55,31.5,31.5,0.637,0.347,0,0,0,0,1,0,0,0,0,0,334.55,486.331,1.362,2.097,0,0,0,0,0,0,0,0,252.177,395.74,139.5,76.5,-0.653,0.664,-0.038,0.032,18,81.26,281,-2.415,-0.647,0,0,0,0,0,0,0,0,4892

Main.js:462 207.154,240.88,33,33,0.606,0.33,0,0,0,0,1,0,0,0,0,0,335.912,488.428,1.362,2.097,0,0,0,0,0,0,0,0,251.521,396.401,139.5,75,-0.656,0.662,-0.038,0.032,17,78.845,280.353,-2.415,-0.647,0,0,0,0,0,0,0,0,4909

Main.js:462 207.729,241.194,34.5,34.5,0.575,0.314,0,0,0,0,1,0,0,0,0,0,337.273,490.525,1.362,2.097,0,0,0,0,0,0,0,0,250.861,397.061,139.5,73.5,-0.66,0.66,-0.038,0.032,16,76.431,279.706,-2.415,-0.647,0,0,0,0,0,0,0,0,4925

Main.js:462 208.276,241.492,36,36,0.546,0.298,0,0,0,0,1,0,0,0,0,0,338.635,492.621,1.362,2.097,0,0,0,0,0,0,0,0,250.199,397.718,139.5,72,-0.663,0.657,-0.038,0.032,15,74.016,279.059,-2.415,-0.647,0,0,0,0,0,0,0,0,4943

Main.js:462 208.795,241.775,37.5,37.5,0.519,0.283,0,0,0,0,1,0,0,0,0,0,339.997,494.718,1.362,2.097,0,0,0,0,0,0,0,0,249.533,398.374,139.5,70.5,-0.666,0.655,-0.038,0.032,14,71.601,278.412,-2.415,-0.647,0,0,0,0,0,0,0,0,4958

Main.js:462 209.288,242.043,39,39,0.493,0.269,0,0,0,0,1,0,0,0,0,0,341.358,496.815,1.362,2.097,0,0,0,0,0,0,0,0,248.865,399.027,139.5,69,-0.668,0.653,-0.038,0.032,13,69.186,277.765,-2.415,-0.647,0,0,0,0,0,0,0,0,4975

Main.js:462 209.757,242.299,40.5,40.5,0.469,0.255,0,0,0,0,1,0,0,0,0,0,342.72,498.911,1.362,2.097,0,0,0,0,0,0,0,0,248.193,399.679,139.5,67.5,-0.671,0.652,-0.038,0.032,12,66.771,277.118,-2.415,-0.647,0,0,0,0,0,0,0,0,4991

Main.js:462 210.202,242.541,42,42,0.445,0.243,0,0,0,0,1,0,0,0,0,0,0,0,0,0,0,0,0,0,0,0,0,0,247.52,400.329,139.5,66,-0.674,0.65,-0.038,0.032,11,66.771,277.118,-2.415,-0.647,0,0,0,0,0,0,0,0,5009

Main.js:462 210.625,242.772,43.5,43.5,0.423,0.231,0,0,0,0,1,0,0,0,0,0,0,0,0,0,0,0,0,0,0,0,0,0,246.844,400.978,138,63,-0.675,0.649,-0.037,0.033,10,64.357,276.47,-2.415,-0.647,0,0,0,0,0,0,0,0,5026

Main.js:462 211.026,242.991,45,45,0.402,0.219,0,0,0,0,1,0,0,0,0,0,0,0,0,0,0,0,0,0,0,0,0,0,246.168,401.628,136.5,60,-0.676,0.649,-0.036,0.034,9,61.942,275.823,-2.415,-0.647,0,0,0,0,0,0,0,0,5041

Main.js:462 211.408,243.199,46.5,46.5,0.382,0.208,0,0,0,0,1,0,0,0,0,0,0,0,0,0,0,0,0,0,0,0,0,0,245.492,402.278,135,57,-0.676,0.651,-0.035,0.035,8,59.527,275.176,-2.415,-0.647,0,0,0,0,0,0,0,0,5058

Main.js:462 211.77,243.397,48,48,0.363,0.198,0,0,0,0,1,0,0,0,0,0,0,0,0,0,0,0,0,0,0,0,0,0,244.818,402.931,133.5,54,-0.675,0.652,-0.034,0.036,7,57.112,274.529,-2.415,-0.647,0,0,0,0,0,0,0,0,5075

Main.js:462 212.115,243.584,49.5,49.5,0.344,0.188,0,0,0,0,1,0,0,0,0,0,0,0,0,0,0,0,0,0,0,0,0,0,244.145,403.586,132,51,-0.673,0.655,-0.033,0.037,6,54.697,273.882,-2.415,-0.647,0,0,0,0,0,0,0,0,5092

Main.js:462 212.442,243.763,51,51,0.327,0.178,0,0,0,0,1,0,0,0,0,0,0,0,0,0,0,0,0,0,0,0,0,0,243.475,404.244,130.5,48,-0.67,0.659,-0.032,0.038,5,52.283,273.235,-2.415,-0.647,0,0,0,0,0,0,0,0,5108

Main.js:462 212.753,243.932,52.5,52.5,0.311,0.169,0,0,0,0,1,0,0,0,0,0,0,0,0,0,0,0,0,0,0,0,0,0,242.808,404.907,129,45,-0.666,0.663,-0.031,0.039,4,49.868,272.588,-2.415,-0.647,0,0,0,0,0,0,0,0,5125

Main.js:462 213.048,244.093,54,54,0.295,0.161,0,0,0,0,1,0,0,0,0,0,0,0,0,0,0,0,0,0,0,0,0,0,242.146,405.574,127.5,42,-0.662,0.667,-0.03,0.04,3,47.453,271.941,-2.415,-0.647,0,0,0,0,0,0,0,0,5141

Main.js:462 213.329,244.246,55.5,55.5,0.281,0.153,0,0,0,0,1,0,0,0,0,0,0,0,0,0,0,0,0,0,0,0,0,0,241.49,406.246,126,39,-0.657,0.672,-0.029,0.04,2,45.038,271.294,-2.415,-0.647,0,0,0,0,0,0,0,0,5158

Main.js:462 213.595,244.391,57,57,0.266,0.145,0,0,0,0,1,0,0,0,0,0,0,0,0,0,0,0,0,0,0,0,0,0,240.839,406.924,124.5,36,-0.651,0.678,-0.028,0.041,1,42.623,270.647,-2.415,-0.647,0,0,0,0,0,0,0,0,5175

Main.js:462 213.848,244.529,58.5,58.5,0.253,0.138,0,0,0,0,1,0,0,0,0,0,0,0,0,0,0,0,0,0,0,0,0,0,240.195,407.607,123,33,-0.644,0.684,-0.027,0.042,0,40.208,270,-2.415,-0.647,0,0,0,0,0,0,0,0,5191

Main.js:462 214.089,244.66,60,60,0.241,0.131,0,0,0,0,1,0,0,0,0,0,0,0,0,0,0,0,0,0,0,0,0,0,239.558,408.297,121.5,30,-0.637,0.69,-0.026,0.043,99,37.794,269.353,-2.415,-0.647,0,0,0,0,0,0,0,0,5208

Main.js:462 214.317,244.785,61.5,61.5,0.228,0.125,0,0,0,0,1,0,0,0,0,0,0,0,0,0,0,0,0,0,0,0,0,0,238.929,408.994,120,27,-0.629,0.697,-0.025,0.043,98,35.379,268.706,-2.415,-0.647,260.546,419.357,2.165,1.25,0,0,0,0,5225

Main.js:462 214.534,244.903,63,63,0.217,0.118,0,0,0,0,1,0,0,0,0,0,0,0,0,0,0,0,0,0,0,0,0,0,238.309,409.697,118.5,24,-0.62,0.704,-0.024,0.044,97,32.964,268.059,-2.415,-0.647,262.711,420.607,2.165,1.25,0,0,0,0,5243

Main.js:462 214.741,245.016,64.5,64.5,0.206,0.112,0,0,0,0,1,0,0,0,0,0,0,0,0,0,0,0,0,0,0,0,0,0,237.699,410.408,117,21,-0.611,0.711,-0.023,0.045,96,30.549,267.412,-2.415,-0.647,264.876,421.857,2.165,1.25,0,0,0,0,5259

Main.js:462 214.936,245.123,66,66,0.196,0.107,0,0,0,0,1,0,0,0,0,0,0,0,0,0,0,0,0,0,0,0,0,0,237.098,411.126,115.5,18,-0.6,0.718,-0.022,0.045,95,28.134,266.765,-2.415,-0.647,267.041,423.107,2.165,1.25,0,0,0,0,5276

Main.js:462 215.123,245.224,67.5,67.5,0.186,0.101,0,0,0,0,1,0,0,0,0,0,0,0,0,0,0,0,0,0,0,0,0,0,236.508,411.852,114,15,-0.59,0.725,-0.02,0.046,94,25.72,266.118,-2.415,-0.647,269.206,424.357,2.165,1.25,0,0,0,0,5291

Main.js:462 215.299,245.32,69,69,0.177,0.096,0,0,0,0,1,0,0,0,0,0,0,0,0,0,0,0,0,0,0,0,0,0,235.93,412.585,112.5,12,-0.578,0.733,-0.019,0.046,93,23.305,265.471,-2.415,-0.647,271.372,425.607,2.165,1.25,0,0,0,0,5311

Main.js:462 215.467,245.412,70.5,70.5,0.168,0.092,0,0,0,0,1,0,0,0,0,0,0,0,0,0,0,0,0,0,0,0,0,0,235.364,413.325,111,9,-0.567,0.741,-0.018,0.047,92,20.89,264.824,-2.415,-0.647,273.537,426.857,2.165,1.25,0,0,0,0,5326

Main.js:462 215.627,245.499,72,72,0.16,0.087,0,0,0,0,1,0,0,0,0,0,0,0,0,0,0,0,0,0,0,0,0,0,234.809,414.074,109.5,6,-0.554,0.749,-0.017,0.047,91,18.475,264.177,-2.415,-0.647,275.702,428.107,2.165,1.25,0,0,0,0,5340

Main.js:462 215.778,245.582,73.5,73.5,0.152,0.083,0,0,0,0,1,0,0,0,0,0,0,0,0,0,0,0,0,0,0,0,0,0,234.268,414.83,108,3,-0.541,0.756,-0.015,0.048,90,16.06,263.53,-2.415,-0.647,277.867,429.357,2.165,1.25,0,0,0,0,5359

Main.js:462 215.922,245.66,75,75,0.144,0.079,0,0,0,0,1,0,0,0,0,0,0,0,0,0,0,0,0,0,0,0,0,0,233.741,415.594,106.5,0,-0.527,0.764,-0.014,0.048,89,13.645,262.882,-2.415,-0.647,280.032,430.607,2.165,1.25,0,0,0,0,5376

Main.js:462 216.059,245.735,76.5,76.5,0.137,0.075,0,0,0,0,1,0,0,0,0,0,0,0,0,0,0,0,0,0,0,0,0,0,233.228,416.366,105,-3,-0.513,0.772,-0.013,0.048,88,11.231,262.235,-2.415,-0.647,282.197,431.857,2.165,1.25,0,0,0,0,5391

Main.js:462 216.189,245.806,78,78,0.13,0.071,0,0,0,0,1,0,0,0,0,0,0,0,0,0,0,0,0,0,0,0,0,0,232.729,417.145,103.5,-6,-0.499,0.779,-0.012,0.049,87,8.816,261.588,-2.415,-0.647,284.362,433.107,2.165,1.25,0,0,0,0,5409

Main.js:462 216.313,245.873,79.5,79.5,0.123,0.067,0,0,0,0,1,0,0,0,0,0,0,0,0,0,0,0,0,0,0,0,0,0,232.245,417.932,102,-9,-0.484,0.787,-0.01,0.049,86,6.401,260.941,-2.415,-0.647,286.527,434.357,2.165,1.25,0,0,0,0,5425

Main.js:462 216.43,245.937,81,81,0.117,0.064,0,0,0,0,1,0,0,0,0,0,0,0,0,0,0,0,0,0,0,0,0,0,231.777,418.726,100.5,-12,-0.468,0.794,-0.009,0.049,85,3.986,260.294,-2.415,-0.647,288.692,435.607,2.165,1.25,0,0,0,0,5441

Main.js:462 216.541,245.997,82.5,82.5,0.111,0.061,0,0,0,0,1,0,0,0,0,0,0,0,0,0,0,0,0,0,0,0,0,0,231.325,419.528,99,-15,-0.452,0.801,-0.008,0.049,84,1.571,259.647,-2.415,-0.647,290.857,436.857,2.165,1.25,0,0,0,0,5460

Main.js:462 216.647,246.055,84,84,0.106,0.058,0,0,0,0,1,0,0,0,0,0,0,0,0,0,0,0,0,0,0,0,0,0,230.889,420.336,97.5,-18,-0.436,0.808,-0.007,0.05,83,290.857,436.857,2.165,1.25,0,0,0,0,0,0,0,0,5475

Main.js:462 216.748,246.11,85.5,85.5,0.101,0.055,0,0,0,0,1,0,0,0,0,0,0,0,0,0,0,0,0,0,0,0,0,0,230.47,421.151,96,-21,-0.419,0.815,-0.005,0.05,82,293.022,438.107,2.165,1.25,0,0,0,0,0,0,0,0,5491

Main.js:462 216.843,246.162,87,87,0.096,0.052,0,0,0,0,1,0,0,0,0,0,0,0,0,0,0,0,0,0,0,0,0,0,230.068,421.973,94.5,-24,-0.402,0.822,-0.004,0.05,81,295.187,439.357,2.165,1.25,0,0,0,0,0,0,0,0,5508

Main.js:462 216.934,246.212,88.5,88.5,0.091,0.049,0,0,0,0,1,0,0,0,0,0,0,0,0,0,0,0,0,0,0,0,0,0,229.684,422.801,93,-27,-0.384,0.828,-0.003,0.05,80,297.352,440.607,2.165,1.25,0,0,0,0,0,0,0,0,5526

Main.js:462 217.02,246.259,88.5,88.5,0.086,0.047,0,0,0,0,0,0,0,0,0,0,0,0,0,0,0,0,0,0,0,0,0,0,229.318,423.635,91.5,-30,-0.366,0.834,-0.001,0.05,79,299.517,441.857,2.165,1.25,0,0,0,0,0,0,0,0,5542

Main.js:462 217.102,246.303,88.5,88.5,0.082,0.045,0,0,99,0,0,0,0,1,0,0,0,0,0,0,0,0,0,0,0,0,0,0,228.97,424.475,90,-33,-0.348,0.84,0,0.05,78,301.682,443.107,2.165,1.25,0,0,0,0,0,0,0,0,5559

Main.js:462 217.18,246.346,88.5,88.5,0.078,0.042,0,0,98,0,0,0,0,1,0,0,217.636,269.751,0.065,2.499,0,0,0,0,0,0,0,0,228.64,425.321,88.5,-36,-0.329,0.845,0.001,0.05,77,303.847,444.357,2.165,1.25,0,0,0,0,0,0,0,0,5576

Main.js:462 217.254,246.386,88.5,88.5,0.074,0.04,0,0,97,0,0,0,0,1,0,0,217.701,272.25,0.065,2.499,0,0,0,0,0,0,0,0,228.33,426.172,87,-39,-0.31,0.851,0.003,0.05,76,306.013,445.607,2.165,1.25,0,0,0,0,0,0,0,0,5592

Main.js:462 217.324,246.424,88.5,88.5,0.07,0.038,0,0,96,0,0,0,0,1,0,0,217.766,274.749,0.065,2.499,0,0,0,0,0,0,0,0,228.039,427.027,85.5,-42,-0.291,0.855,0.004,0.05,75,308.178,446.857,2.165,1.25,0,0,0,0,0,0,0,0,5608

Main.js:462 217.391,246.461,88.5,88.5,0.067,0.036,0,0,95,0,0,0,0,1,0,0,217.832,277.248,0.065,2.499,0,0,0,0,0,0,0,0,227.768,427.887,84,-45,-0.272,0.86,0.005,0.05,74,310.343,448.107,2.165,1.25,0,0,0,0,0,0,0,0,5625

Main.js:462 217.454,246.495,88.5,88.5,0.063,0.035,0,0,94,0,0,0,0,1,0,0,217.897,279.747,0.065,2.499,0,0,0,0,0,0,0,0,227.516,428.751,82.5,-48,-0.252,0.864,0.007,0.05,73,312.508,449.357,2.165,1.25,0,0,0,0,0,0,0,0,5642

Main.js:462 217.515,246.528,88.5,88.5,0.06,0.033,0,0,93,0,0,0,0,0,0,0,217.963,282.246,0.065,2.499,0,0,0,0,0,0,0,0,227.284,429.619,81,-51,-0.232,0.868,0.008,0.049,72,314.673,450.607,2.165,1.25,0,0,0,0,0,0,0,0,5692

Main.js:462 217.572,246.559,88.5,88.5,0.057,0.031,0,0,92,0,0,0,0,0,0,0,218.028,284.745,0.065,2.499,0,0,0,0,0,0,0,0,227.073,430.49,79.5,-54,-0.212,0.871,0.009,0.049,71,316.838,451.857,2.165,1.25,0,0,0,0,0,0,0,0,5708

Main.js:462 217.626,246.589,88.5,88.5,0.054,0.03,0,0,91,0,0,0,0,0,0,0,218.094,287.245,0.065,2.499,0,0,0,0,0,0,0,0,226.881,431.364,78,-57,-0.191,0.874,0.01,0.049,70,319.003,453.107,2.165,1.25,0,0,0,0,0,0,0,0,5725

Main.js:462 217.678,246.617,88.5,88.5,0.052,0.028,0,0,90,0,0,0,0,1,0,0,218.159,289.744,0.065,2.499,0,0,0,0,0,0,0,0,226.711,432.24,76.5,-60,-0.17,0.876,0.012,0.049,69,321.168,454.357,2.165,1.25,0,0,0,0,0,0,0,0,5740

Main.js:462 217.727,246.644,88.5,88.5,0.049,0.027,0,0,89,0,0,0,0,1,0,0,218.225,292.243,0.065,2.499,0,0,0,0,0,0,0,0,226.561,433.119,75,-63,-0.15,0.879,0.013,0.048,68,323.333,455.607,2.165,1.25,0,0,0,0,0,0,0,0,5758

Main.js:462 217.773,246.669,88.5,88.5,0.047,0.025,0,0,88,0,0,0,0,1,0,0,218.29,294.742,0.065,2.499,0,0,0,0,0,0,0,0,226.433,433.999,73.5,-66,-0.129,0.88,0.014,0.048,67,325.498,456.857,2.165,1.25,0,0,0,0,0,0,0,0,5776

Main.js:462 217.818,246.693,88.5,88.5,0.044,0.024,0,0,87,0,0,0,0,1,0,0,218.355,297.241,0.065,2.499,0,0,0,0,0,0,0,0,226.325,434.88,72,-69,-0.108,0.881,0.015,0.048,66,327.663,458.107,2.165,1.25,0,0,0,0,0,0,0,0,5791

Main.js:462 217.86,246.716,88.5,88.5,0.042,0.023,0,0,86,0,0,0,0,1,0,0,218.421,299.74,0.065,2.499,0,0,0,0,0,0,0,0,226.239,435.762,70.5,-72,-0.086,0.882,0.017,0.047,65,329.828,459.357,2.165,1.25,0,0,0,0,0,0,0,0,5810

Main.js:462 217.9,246.738,88.5,88.5,0.04,0.022,0,0,85,0,0,0,0,1,0,0,218.486,302.239,0.065,2.499,0,0,0,0,0,0,0,0,226.174,436.644,69,-75,-0.065,0.882,0.018,0.047,64,331.993,460.607,2.165,1.25,0,0,0,0,0,0,0,0,5826

Main.js:462 217.938,246.759,88.5,88.5,0.038,0.021,0,0,84,0,0,0,0,0,0,0,218.552,304.739,0.065,2.499,0,0,0,0,0,0,0,0,226.131,437.527,67.5,-78,-0.044,0.882,0.019,0.046,63,334.158,461.857,2.165,1.25,0,0,0,0,0,0,0,0,5843

Main.js:462 217.974,246.778,88.5,88.5,0.036,0.02,0,0,83,0,0,0,0,0,0,0,218.617,307.238,0.065,2.499,0,0,0,0,0,0,0,0,226.109,438.408,66,-81,-0.022,0.881,0.02,0.046,62,336.323,463.107,2.165,1.25,0,0,0,0,0,0,0,0,5858

Main.js:462 218.008,246.797,88.5,88.5,0.034,0.019,0,0,82,0,0,0,0,0,0,0,218.683,309.737,0.065,2.499,0,0,0,0,0,0,0,0,226.108,439.288,64.5,-84,0,0.88,0.022,0.045,61,338.489,464.357,2.165,1.25,0,0,0,0,0,0,0,0,5875

Main.js:462 218.04,246.815,88.5,88.5,0.033,0.018,0,0,81,0,0,0,0,0,0,0,218.748,312.236,0.065,2.499,0,0,0,0,0,0,0,0,226.129,440.166,63,-87,0.021,0.878,0.023,0.045,60,340.654,465.607,2.165,1.25,0,0,0,0,0,0,0,0,5892

Main.js:462 218.071,246.831,88.5,88.5,0.031,0.017,0,0,80,0,0,0,0,0,0,0,218.813,314.735,0.065,2.499,0,0,0,0,0,0,0,0,226.172,441.043,61.5,-90,0.043,0.876,0.024,0.044,59,342.819,466.857,2.165,1.25,0,0,0,0,0,0,0,0,5908

Main.js:462 218.101,246.847,88.5,88.5,0.029,0.016,0,0,79,0,0,0,0,0,0,0,218.879,317.234,0.065,2.499,0,0,0,0,0,0,0,0,226.236,441.916,60,-93,0.064,0.874,0.025,0.043,58,344.984,468.107,2.165,1.25,0,0,0,0,0,0,0,0,5925

Main.js:462 218.129,246.863,88.5,88.5,0.028,0.015,0,0,78,0,0,0,0,1,0,0,218.944,319.733,0.065,2.499,0,0,0,0,0,0,0,0,226.322,442.787,58.5,-96,0.086,0.87,0.026,0.043,57,347.149,469.357,2.165,1.25,0,0,0,0,0,0,0,0,5942

Main.js:462 218.155,246.877,88.5,88.5,0.027,0.014,0,0,77,0,0,0,0,1,0,0,219.01,322.233,0.065,2.499,0,0,0,0,0,0,0,0,226.43,443.653,57,-99,0.108,0.867,0.027,0.042,56,349.314,470.607,2.165,1.25,0,0,0,0,0,0,0,0,5959

Main.js:462 218.18,246.891,88.5,88.5,0.025,0.014,0,0,76,0,0,0,0,1,0,0,219.075,324.732,0.065,2.499,0,0,0,0,0,0,0,0,226.559,444.516,55.5,-102,0.129,0.863,0.028,0.041,55,351.479,471.857,2.165,1.25,0,0,0,0,0,0,0,0,5976

Main.js:462 218.204,246.904,88.5,88.5,0.024,0.013,0,0,75,0,0,0,0,1,0,0,219.141,327.231,0.065,2.499,0,0,0,0,0,0,0,0,226.709,445.374,54,-105,0.151,0.858,0.029,0.04,54,353.644,473.107,2.165,1.25,0,0,0,0,0,0,0,0,5992

Main.js:462 218.227,246.916,88.5,88.5,0.023,0.012,0,0,74,0,0,0,0,1,0,0,219.206,329.73,0.065,2.499,0,0,0,0,0,0,0,0,226.881,446.226,52.5,-108,0.172,0.853,0.03,0.04,53,355.809,474.357,2.165,1.25,0,0,0,0,0,0,0,0,6008

Main.js:462 218.248,246.928,88.5,88.5,0.022,0.012,0,0,73,0,0,0,0,0,0,0,219.272,332.229,0.065,2.499,0,0,0,0,0,0,0,0,227.072,447.075,54,-108,0.191,0.848,0.029,0.04,52,357.974,475.607,2.165,1.25,0,0,0,0,0,0,0,0,6025

Main.js:462 218.269,246.939,88.5,88.5,0.021,0.011,0,0,72,0,0,0,0,0,0,0,219.337,334.728,0.065,2.499,0,0,0,0,0,0,0,0,227.281,447.92,55.5,-108,0.209,0.845,0.028,0.041,51,360.139,476.857,2.165,1.25,0,0,0,0,0,0,0,0,6058

Main.js:462 218.288,246.95,88.5,88.5,0.019,0.011,0,0,71,0,0,0,0,0,0,0,219.402,337.227,0.065,2.499,0,0,0,0,0,0,0,0,227.505,448.763,57,-108,0.224,0.843,0.027,0.042,50,362.304,478.107,2.165,1.25,0,0,0,0,0,0,0,0,6074

Main.js:462 218.307,246.96,88.5,88.5,0.019,0.01,0,0,70,0,0,0,0,0,0,0,219.468,339.727,0.065,2.499,0,0,0,0,0,0,0,0,227.743,449.604,58.5,-108,0.238,0.841,0.026,0.043,49,364.469,479.357,2.165,1.25,0,0,0,0,0,0,0,0,6091

Main.js:462 218.325,246.97,88.5,88.5,0.018,0.01,0,0,69,0,0,0,0,0,0,0,219.533,342.226,0.065,2.499,0,0,0,0,0,0,0,0,227.992,450.444,60,-108,0.249,0.84,0.025,0.043,48,366.634,480.607,2.165,1.25,0,0,0,0,0,0,0,0,6107

Main.js:462 218.341,246.979,88.5,88.5,0.017,0.009,0,0,68,0,0,0,0,0,0,0,219.599,344.725,0.065,2.499,0,0,0,0,0,0,0,0,228.252,451.284,61.5,-108,0.26,0.84,0.024,0.044,47,368.799,481.857,2.165,1.25,0,0,0,0,0,0,0,0,6124

Main.js:462 218.357,246.987,88.5,88.5,0.016,0.009,0,0,67,0,0,0,0,0,0,0,219.664,347.224,0.065,2.499,0,0,0,0,0,0,0,0,228.52,452.124,63,-108,0.268,0.84,0.023,0.045,46,370.964,483.107,2.165,1.25,0,0,0,0,0,0,0,0,6141

Main.js:462 218.372,246.995,88.5,88.5,0.015,0.008,0,0,66,0,0,0,0,0,0,0,219.73,349.723,0.065,2.499,0,0,0,0,0,0,0,0,228.795,452.965,64.5,-108,0.275,0.841,0.022,0.045,45,373.13,484.357,2.165,1.25,0,0,0,0,0,0,0,0,6158

Main.js:462 218.386,247.003,88.5,88.5,0.014,0.008,0,0,65,0,0,0,0,0,0,0,219.795,352.222,0.065,2.499,0,0,0,0,0,0,0,0,229.076,453.808,66,-108,0.281,0.842,0.02,0.046,44,375.295,485.607,2.165,1.25,0,0,0,0,0,0,0,0,6174

Main.js:462 218.4,247.011,88.5,88.5,0.014,0.007,0,0,64,0,0,0,0,0,0,0,219.861,354.721,0.065,2.499,0,0,0,0,0,0,0,0,229.361,454.652,67.5,-108,0.285,0.844,0.019,0.046,43,377.46,486.857,2.165,1.25,0,0,0,0,0,0,0,0,6191

Main.js:462 218.413,247.018,88.5,88.5,0.013,0.007,0,0,63,0,0,0,0,0,0,0,219.926,357.221,0.065,2.499,0,0,0,0,0,0,0,0,229.649,455.498,69,-108,0.288,0.846,0.018,0.047,42,379.625,488.107,2.165,1.25,0,0,0,0,0,0,0,0,6208

Main.js:462 218.425,247.024,88.5,88.5,0.012,0.007,0,0,62,0,0,0,0,0,0,0,219.991,359.72,0.065,2.499,0,0,0,0,0,0,0,0,229.938,456.347,70.5,-108,0.289,0.849,0.017,0.047,41,381.79,489.357,2.165,1.25,0,0,0,0,0,0,0,0,6225

Main.js:462 218.437,247.031,88.5,88.5,0.012,0.006,0,0,61,0,0,0,0,0,0,0,220.057,362.219,0.065,2.499,0,0,0,0,0,0,0,0,230.228,457.199,72,-108,0.289,0.852,0.015,0.048,40,383.955,490.607,2.165,1.25,0,0,0,0,0,0,0,0,6241

Main.js:462 218.448,247.037,88.5,88.5,0.011,0.006,0,0,60,0,0,0,0,0,0,0,220.122,364.718,0.065,2.499,0,0,0,0,0,0,0,0,230.516,458.053,73.5,-108,0.288,0.854,0.014,0.048,39,386.12,491.857,2.165,1.25,0,0,0,0,0,0,0,0,6258

Main.js:462 218.459,247.043,88.5,88.5,0.011,0.006,0,0,59,0,0,0,0,0,0,0,220.188,367.217,0.065,2.499,0,0,0,0,0,0,0,0,230.802,458.911,75,-108,0.286,0.858,0.013,0.048,38,388.285,493.107,2.165,1.25,0,0,0,0,0,0,0,0,6275

Main.js:462 218.469,247.048,88.5,88.5,0.01,0.005,0,0,58,0,0,0,0,0,0,0,220.253,369.716,0.065,2.499,0,0,0,0,0,0,0,0,231.085,459.772,76.5,-108,0.283,0.861,0.012,0.049,37,390.45,494.357,2.165,1.25,0,0,0,0,0,0,0,0,6292

Main.js:462 218.478,247.053,88.5,88.5,0.01,0.005,0,0,57,0,0,0,0,0,0,0,220.319,372.215,0.065,2.499,0,0,0,0,0,0,0,0,231.364,460.636,78,-108,0.279,0.864,0.01,0.049,36,392.615,495.607,2.165,1.25,0,0,0,0,0,0,0,0,6308

Main.js:462 218.487,247.058,88.5,88.5,0.009,0.005,0,0,56,0,0,0,0,0,0,0,220.384,374.715,0.065,2.499,0,0,0,0,0,0,0,0,231.638,461.504,79.5,-108,0.274,0.868,0.009,0.049,35,394.78,496.857,2.165,1.25,0,0,0,0,0,0,0,0,6326

Main.js:462 218.496,247.063,88.5,88.5,0.009,0.005,0,0,55,0,0,0,0,0,0,0,220.45,377.214,0.065,2.499,0,0,0,0,0,0,0,0,231.905,462.375,81,-108,0.267,0.871,0.008,0.049,34,396.945,498.107,2.165,1.25,0,0,0,0,0,0,0,0,6342

Main.js:462 218.504,247.067,88.5,88.5,0.008,0.004,0,0,54,0,0,0,0,0,0,0,220.515,379.713,0.065,2.499,0,0,0,0,0,0,0,0,232.165,463.25,82.5,-108,0.26,0.875,0.007,0.05,33,399.11,499.357,2.165,1.25,0,0,0,0,0,0,0,0,6359

Main.js:462 218.512,247.071,87,87,0.008,0.004,0,0,53,1,0,0,0,0,0,0,220.515,379.713,0.065,2.499,0,0,0,0,0,0,0,0,232.417,464.129,84,-108,0.252,0.878,0.005,0.05,32,0,0,0,0,0,0,0,0,0,0,0,0,6375

Main.js:462 218.519,247.075,85.5,85.5,0.007,0.004,0,0,52,1,0,0,0,0,0,0,220.58,382.212,0.065,2.499,0,0,0,0,0,0,0,0,232.661,465.01,85.5,-108,0.243,0.882,0.004,0.05,31,0,0,0,0,0,0,0,0,0,0,0,0,6392

Main.js:462 218.526,247.079,84,84,0.007,0.004,0,0,51,1,0,0,0,0,0,0,220.646,384.711,0.065,2.499,0,0,0,0,0,0,0,0,232.894,465.896,87,-108,0.234,0.885,0.003,0.05,30,0,0,0,0,0,0,0,0,0,0,0,0,6422

Main.js:462 218.533,247.083,82.5,82.5,0.007,0.004,0,0,50,1,0,0,0,1,0,0,220.711,387.21,0.065,2.499,0,0,0,0,0,0,0,0,233.117,466.784,88.5,-108,0.223,0.888,0.001,0.05,29,0,0,0,0,0,0,0,0,0,0,0,0,6441

Main.js:462 218.539,247.086,81,81,0.006,0.003,0,0,49,1,0,0,0,1,0,0,220.777,389.709,0.065,2.499,0,0,0,0,0,0,0,0,233.329,467.676,90,-108,0.212,0.891,0,0.05,28,0,0,0,0,0,0,0,0,0,0,0,0,6459

Main.js:462 218.545,247.09,79.5,79.5,0.006,0.003,0,0,48,1,0,0,0,1,0,0,220.842,392.209,0.065,2.499,0,0,0,0,0,0,0,0,233.529,468.57,91.5,-108,0.2,0.894,-0.001,0.05,27,0,0,0,0,0,0,0,0,0,0,0,0,6474

Main.js:462 218.55,247.093,79.5,79.5,0.006,0.003,0,0,47,0,0,0,0,1,0,0,220.908,394.708,0.065,2.499,0,0,0,0,0,0,0,0,233.717,469.467,93,-108,0.188,0.897,-0.003,0.05,26,0,0,0,0,0,0,0,0,0,0,0,0,6492

Main.js:462 218.556,247.096,79.5,79.5,0.005,0.003,0,0,46,0,0,0,0,1,0,0,220.973,397.207,0.065,2.499,0,0,0,0,0,0,0,0,233.891,470.367,94.5,-108,0.175,0.9,-0.004,0.05,25,0,0,0,0,0,0,0,0,0,0,0,0,6509

Main.js:462 218.561,247.098,79.5,79.5,0.005,0.003,0,0,45,0,0,0,0,1,0,0,221.039,399.706,0.065,2.499,0,0,0,0,0,0,0,0,234.053,471.269,94.5,-109.5,0.162,0.902,-0.004,0.05,24,0,0,0,0,0,0,0,0,0,0,0,0,6526

Main.js:462 218.566,247.101,79.5,79.5,0.005,0.003,0,0,44,0,0,0,0,0,0,0,221.104,402.205,0.065,2.499,0,0,0,0,0,0,0,0,234.204,472.173,94.5,-111,0.15,0.904,-0.004,0.05,23,0,0,0,0,0,0,0,0,0,0,0,0,6542

Main.js:462 218.571,247.104,79.5,79.5,0.005,0.003,0,0,43,0,0,0,0,0,0,0,221.169,404.704,0.065,2.499,0,0,0,0,0,0,0,0,234.343,473.079,94.5,-112.5,0.139,0.906,-0.004,0.05,22,0,0,0,0,0,0,0,0,0,0,0,0,6558

Main.js:462 218.575,247.106,79.5,79.5,0.004,0.002,0,0,42,0,0,0,0,0,0,0,221.235,407.203,0.065,2.499,0,0,0,0,0,0,0,0,234.471,473.988,94.5,-114,0.128,0.908,-0.004,0.05,21,0,0,0,0,0,0,0,0,0,0,0,0,6575

Main.js:462 218.579,247.108,79.5,79.5,0.004,0.002,0,0,41,0,0,0,0,0,0,0,221.3,409.703,0.065,2.499,0,0,0,0,0,0,0,0,234.589,474.898,94.5,-115.5,0.118,0.91,-0.004,0.05,20,0,0,0,0,0,0,0,0,0,0,0,0,6593

Main.js:462 218.583,247.11,79.5,79.5,0.004,0.002,0,0,40,0,0,0,0,0,0,0,221.366,412.202,0.065,2.499,0,0,0,0,0,0,0,0,234.698,475.81,94.5,-117,0.109,0.912,-0.004,0.05,19,0,0,0,0,0,0,0,0,0,0,0,0,6608

Main.js:462 218.587,247.113,79.5,79.5,0.004,0.002,0,0,39,0,0,0,0,1,0,0,221.431,414.701,0.065,2.499,0,0,0,0,0,0,0,0,234.797,476.724,94.5,-118.5,0.099,0.914,-0.004,0.05,18,0,0,0,0,0,0,0,0,0,0,0,0,6624

Main.js:462 218.59,247.114,79.5,79.5,0.004,0.002,0,0,38,0,0,0,0,1,0,0,221.497,417.2,0.065,2.499,0,0,0,0,0,0,0,0,234.888,477.64,94.5,-120,0.091,0.916,-0.004,0.05,17,0,0,0,0,0,0,0,0,0,0,0,0,6641

Main.js:462 218.594,247.116,79.5,79.5,0.003,0.002,0,0,37,0,0,0,0,1,0,0,221.562,419.699,0.065,2.499,0,0,0,0,0,0,0,0,234.97,478.557,94.5,-121.5,0.082,0.917,-0.004,0.05,16,0,0,0,0,0,0,0,0,0,0,0,0,6700

Main.js:462 218.597,247.118,79.5,79.5,0.003,0.002,0,0,36,0,0,0,0,0,0,0,221.628,422.198,0.065,2.499,0,0,0,0,0,0,0,0,235.045,479.475,94.5,-123,0.075,0.919,-0.004,0.05,15,0,0,0,0,0,0,0,0,0,0,0,0,6724

Main.js:462 218.6,247.12,79.5,79.5,0.003,0.002,0,0,35,0,0,0,0,0,0,0,221.693,424.697,0.065,2.499,0,0,0,0,0,0,0,0,235.112,480.396,94.5,-124.5,0.067,0.92,-0.004,0.05,14,0,0,0,0,0,0,0,0,0,0,0,0,6741

Main.js:462 218.603,247.121,79.5,79.5,0.003,0.002,0,0,34,0,0,0,0,0,0,0,221.758,427.197,0.065,2.499,0,0,0,0,0,0,0,0,235.172,481.317,94.5,-126,0.06,0.921,-0.004,0.05,13,0,0,0,0,0,0,0,0,0,0,0,0,6758

Main.js:462 218.606,247.123,79.5,79.5,0.003,0.002,0,0,33,0,0,0,0,0,0,0,221.824,429.696,0.065,2.499,0,0,0,0,0,0,0,0,235.225,482.24,94.5,-127.5,0.053,0.923,-0.004,0.05,12,0,0,0,0,0,0,0,0,0,0,0,0,6775

Main.js:462 218.608,247.124,79.5,79.5,0.003,0.001,0,0,32,0,0,0,0,0,0,0,221.889,432.195,0.065,2.499,0,0,0,0,0,0,0,0,235.272,483.164,94.5,-129,0.047,0.924,-0.004,0.05,11,0,0,0,0,0,0,0,0,0,0,0,0,6792

Main.js:462 218.611,247.126,79.5,79.5,0.003,0.001,0,0,31,0,0,0,0,0,0,0,221.955,434.694,0.065,2.499,0,0,0,0,0,0,0,0,235.313,484.089,94.5,-130.5,0.041,0.925,-0.004,0.05,10,0,0,0,0,0,0,0,0,0,0,0,0,6808

Main.js:462 218.613,247.127,81,81,0.002,0.001,0,0,30,0,1,0,0,0,0,0,222.02,437.193,0.065,2.499,0,0,0,0,0,0,0,0,235.313,484.089,94.5,-132,0.035,0.926,-0.004,0.05,9,0,0,0,0,0,0,0,0,0,0,0,0,6826

Main.js:462 218.616,247.128,82.5,82.5,0.002,0.001,0,0,29,0,1,0,0,0,0,0,222.086,439.692,0.065,2.499,0,0,0,0,0,0,0,0,235.313,484.089,94.5,-133.5,0.03,0.927,-0.004,0.05,8,0,0,0,0,0,0,0,0,0,0,0,0,6841

Main.js:462 218.618,247.129,84,84,0.002,0.001,0,0,28,0,1,0,0,1,0,0,222.151,442.191,0.065,2.499,0,0,0,0,0,0,0,0,235.313,484.089,94.5,-135,0.024,0.928,-0.004,0.05,7,0,0,0,0,0,0,0,0,0,0,0,0,6859

Main.js:462 218.62,247.131,85.5,85.5,0.002,0.001,0,0,27,0,1,0,0,1,0,0,222.216,444.691,0.065,2.499,0,0,0,0,0,0,0,0,235.313,484.089,94.5,-136.5,0.019,0.929,-0.004,0.05,6,0,0,0,0,0,0,0,0,0,0,0,0,6876

Main.js:462 218.622,247.132,87,87,0.002,0.001,0,0,26,0,1,0,0,1,0,0,222.282,447.19,0.065,2.499,0,0,0,0,0,0,0,0,235.313,484.089,94.5,-138,0.015,0.93,-0.004,0.05,5,0,0,0,0,0,0,0,0,0,0,0,0,6892

Main.js:462 218.624,247.133,88.5,88.5,0.002,0.001,0,0,25,0,1,0,0,1,0,0,222.347,449.689,0.065,2.499,0,0,0,0,0,0,0,0,235.313,484.089,94.5,-139.5,0.01,0.931,-0.004,0.05,4,0,0,0,0,0,0,0,0,0,0,0,0,6908

Main.js:462 218.625,247.134,90,90,0.002,0.001,0,0,24,0,1,0,0,1,0,0,222.413,452.188,0.065,2.499,0,0,0,0,0,0,0,0,235.313,484.089,94.5,-141,0.006,0.932,-0.004,0.05,3,0,0,0,0,0,0,0,0,0,0,0,0,6925

Main.js:462 218.627,247.134,90,90,0.002,0.001,0,0,23,0,0,0,0,0,0,0,222.478,454.687,0.065,2.499,0,0,0,0,0,0,0,0,235.313,484.089,94.5,-142.5,0.002,0.932,-0.004,0.05,2,0,0,0,0,0,0,0,0,0,0,0,0,6942

Main.js:462 218.629,247.135,90,90,0.002,0.001,0,0,22,0,0,0,0,0,0,0,222.544,457.186,0.065,2.499,0,0,0,0,0,0,0,0,235.313,484.089,94.5,-144,-0.002,0.933,-0.004,0.05,1,0,0,0,0,0,0,0,0,0,0,0,0,6959

Main.js:462 218.63,247.136,90,90,0.001,0.001,0,0,21,0,0,0,0,0,0,0,222.609,459.685,0.065,2.499,0,0,0,0,0,0,0,0,235.313,484.089,94.5,-145.5,-0.005,0.934,-0.004,0.05,0,0,0,0,0,0,0,0,0,0,0,0,0,6975

Main.js:462 218.632,247.137,90,90,0.001,0.001,0,0,20,0,0,0,0,0,0,0,222.675,462.185,0.065,2.499,0,0,0,0,0,0,0,0,235.313,484.089,94.5,-147,-0.009,0.935,-0.004,0.05,99,0,0,0,0,0,0,0,0,0,0,0,0,6993

Main.js:462 218.633,247.138,90,90,0.001,0.001,0,0,19,0,0,0,0,0,0,0,222.74,464.684,0.065,2.499,0,0,0,0,0,0,0,0,235.313,484.089,94.5,-148.5,-0.012,0.935,-0.004,0.05,98,215.604,471.29,-2.097,-1.362,0,0,0,0,0,0,0,0,7009

Main.js:462 218.634,247.138,90,90,0.001,0.001,0,0,18,0,0,0,0,0,0,0,222.805,467.183,0.065,2.499,0,0,0,0,0,0,0,0,235.313,484.089,93,-151.5,-0.014,0.936,-0.003,0.05,97,213.508,469.928,-2.097,-1.362,0,0,0,0,0,0,0,0,7025

Main.js:462 218.635,247.139,90,90,0.001,0.001,0,0,17,0,0,0,0,1,0,0,222.871,469.682,0.065,2.499,0,0,0,0,0,0,0,0,235.313,484.089,91.5,-154.5,-0.015,0.937,-0.001,0.05,96,211.411,468.566,-2.097,-1.362,0,0,0,0,0,0,0,0,7042

Main.js:462 218.637,247.14,90,90,0.001,0.001,0,0,16,0,0,0,0,1,0,0,222.871,469.682,0.065,2.499,0,0,0,0,0,0,0,0,235.313,484.089,90,-157.5,-0.014,0.937,0,0.05,95,211.411,468.566,-2.097,-1.362,0,0,0,0,0,0,0,0,7058

