Main.js:143 myTank.x,myTank.y,myTank.rotation,myTank.cannonRotation,myTank.velocityX,myTank.velocityY,myTank.accelerationX,myTank.accelerationY,myTank.shootCooldown,myTank.controls.turnLeft,myTank.controls.turnRight,myTank.controls.goForward,myTank.controls.goBack,myTank.controls.shoot,myTank.controls.cannonLeft,myTank.controls.cannonRight,myBullet1.x,myBullet1.y,myBullet1.velocityX,myBullet1.velocityY,myBullet2.x,myBullet2.y,myBullet2.velocityX,myBullet2.velocityY,myBullet3.x,myBullet3.y,myBullet3.velocityX,myBullet3.velocityY,enemyTank.x,enemyTank.y,enemyTank.rotation,enemyTank.cannonRotation,enemyTank.velocityX,enemyTank.velocityY,enemyTank.accelerationX,enemyTank.accelerationY,enemyTank.shootCooldown,enemyBullet1.x,enemyBullet1.y,enemyBullet1.velocityX,enemyBullet1.velocityY,enemyBullet2.x,enemyBullet2.y,enemyBullet2.velocityX,enemyBullet2.velocityY,enemyBullet3.x,enemyBullet3.y,enemyBullet3.velocityX,enemyBullet3.velocityY,currentGameTime
Main.js:462 450,329,180,180,0,0,0,0,0,0,0,0,0,0,0,0,0,0,0,0,0,0,0,0,0,0,0,0,50,171,0,0,0,0,0,0,0,0,0,0,0,0,0,0,0,0,0,0,0,11

Main.js:462 450,329,180,180,0,0,0,0,0,0,0,0,0,0,0,0,0,0,0,0,0,0,0,0,0,0,0,0,50.047,171.001,1.5,0,0.047,0.001,0.05,0.001,99,0,0,0,0,0,0,0,0,0,0,0,0,44

Main.js:462 450,329,180,180,0,0,0,0,0,0,0,0,0,0,0,0,0,0,0,0,0,0,0,0,0,0,0,0,50.14,171.005,3,0,0.093,0.004,0.05,0.003,98,73.5,171,2.5,0,0,0,0,0,0,0,0,0,60

Main.js:462 450,329,180,180,0,0,0,0,0,0,0,0,0,0,0,0,0,0,0,0,0,0,0,0,0,0,0,0,50.275,171.012,4.5,0,0.135,0.007,0.05,0.004,97,76,171,2.5,0,0,0,0,0,0,0,0,0,77

Main.js:462 450,329,180,180,0,0,0,0,0,0,0,0,0,0,0,0,0,0,0,0,0,0,0,0,0,0,0,0,50.451,171.024,6,0,0.176,0.012,0.05,0.005,96,78.5,171,2.5,0,0,0,0,0,0,0,0,0,92

Main.js:462 450,329,180,180,0,0,0,0,0,0,0,0,0,0,0,0,0,0,0,0,0,0,0,0,0,0,0,0,50.665,171.041,7.5,0,0.214,0.017,0.05,0.007,95,81,171,2.5,0,0,0,0,0,0,0,0,0,110

Main.js:462 449.953,329,180,180,-0.047,0,-0.05,0,0,0,0,1,0,0,0,0,0,0,0,0,0,0,0,0,0,0,0,0,50.915,171.065,9,0,0.25,0.024,0.049,0.008,94,83.5,171,2.5,0,0,0,0,0,0,0,0,0,127

Main.js:462 449.86,329,180,180,-0.093,0,-0.05,0,0,0,0,1,0,0,0,0,0,0,0,0,0,0,0,0,0,0,0,0,51.2,171.097,10.5,0,0.284,0.031,0.049,0.009,93,86,171,2.5,0,0,0,0,0,0,0,0,0,142

Main.js:462 449.724,329,180,180,-0.135,0,-0.05,0,0,0,0,1,0,0,0,0,0,0,0,0,0,0,0,0,0,0,0,0,51.517,171.137,12,0,0.317,0.04,0.049,0.01,92,88.5,171,2.5,0,0,0,0,0,0,0,0,0,159

Main.js:462 449.548,329,180,180,-0.176,0,-0.05,0,0,0,0,1,0,0,0,0,0,0,0,0,0,0,0,0,0,0,0,0,51.864,171.185,13.5,0,0.347,0.049,0.049,0.012,91,91,171,2.5,0,0,0,0,0,0,0,0,0,176

Main.js:462 449.333,329,180,180,-0.215,0,-0.05,0,0,0,0,1,0,0,0,0,0,0,0,0,0,0,0,0,0,0,0,0,52.239,171.244,15,0,0.376,0.059,0.048,0.013,90,93.5,171,2.5,0,0,0,0,0,0,0,0,0,192

Main.js:462 449.082,329,180,180,-0.252,0,-0.05,0,0,0,0,1,0,0,0,0,0,0,0,0,0,0,0,0,0,0,0,0,52.641,171.313,16.5,0,0.402,0.069,0.048,0.014,89,96,171,2.5,0,0,0,0,0,0,0,0,0,210

Main.js:462 448.795,329,180,180,-0.287,0,-0.05,0,0,0,0,1,0,0,0,0,0,0,0,0,0,0,0,0,0,0,0,0,53.069,171.394,18,0,0.427,0.08,0.048,0.015,88,98.5,171,2.5,0,0,0,0,0,0,0,0,0,227

Main.js:462 448.475,329,180,180,-0.32,0,-0.05,0,0,0,0,1,0,0,0,0,0,0,0,0,0,0,0,0,0,0,0,0,53.52,171.486,19.5,0,0.451,0.092,0.047,0.017,87,101,171,2.5,0,0,0,0,0,0,0,0,0,243

Main.js:462 448.124,329,180,180,-0.351,0,-0.05,0,0,0,0,1,0,0,0,0,0,0,0,0,0,0,0,0,0,0,0,0,53.992,171.591,21,0,0.473,0.105,0.047,0.018,86,103.5,171,2.5,0,0,0,0,0,0,0,0,0,260

Main.js:462 447.743,329,180,180,-0.381,0,-0.05,0,0,0,0,1,0,0,0,0,0,0,0,0,0,0,0,0,0,0,0,0,54.485,171.708,22.5,0,0.493,0.118,0.046,0.019,85,106,171,2.5,0,0,0,0,0,0,0,0,0,277

Main.js:462 447.333,329,180,180,-0.41,0,-0.05,0,0,0,0,1,0,0,0,0,0,0,0,0,0,0,0,0,0,0,0,0,54.997,171.84,24,0,0.512,0.131,0.046,0.02,84,108.5,171,2.5,0,0,0,0,0,0,0,0,0,292

Main.js:462 446.897,329,180,180,-0.437,0,-0.05,0,0,0,0,1,0,0,0,0,0,0,0,0,0,0,0,0,0,0,0,0,55.526,171.985,25.5,0,0.529,0.145,0.045,0.022,83,111,171,2.5,0,0,0,0,0,0,0,0,0,310

Main.js:462 446.434,328.999,181.5,181.5,-0.462,-0.001,-0.05,-0.001,0,0,1,1,0,0,0,0,0,0,0,0,0,0,0,0,0,0,0,0,56.07,172.144,27,0,0.545,0.159,0.045,0.023,82,113.5,171,2.5,0,0,0,0,0,0,0,0,0,327

Main.js:462 445.948,328.995,183,183,-0.487,-0.004,-0.05,-0.003,0,0,1,1,0,0,0,0,0,0,0,0,0,0,0,0,0,0,0,0,56.63,172.318,28.5,0,0.559,0.174,0.044,0.024,81,116,171,2.5,0,0,0,0,0,0,0,0,0,342

Main.js:462 445.438,328.988,184.5,184.5,-0.51,-0.007,-0.05,-0.004,0,0,1,1,0,0,0,0,0,0,0,0,0,0,0,0,0,0,0,0,57.202,172.507,30,0,0.572,0.189,0.043,0.025,80,118.5,171,2.5,0,0,0,0,0,0,0,0,0,360

Main.js:462 444.907,328.976,186,186,-0.531,-0.012,-0.05,-0.005,0,0,1,1,0,0,0,0,0,0,0,0,0,0,0,0,0,0,0,0,57.787,172.711,31.5,0,0.584,0.204,0.043,0.026,79,121,171,2.5,0,0,0,0,0,0,0,0,0,376

Main.js:462 444.355,328.959,187.5,187.5,-0.552,-0.017,-0.05,-0.007,0,0,1,1,0,0,0,0,0,0,0,0,0,0,0,0,0,0,0,0,58.382,172.931,33,0,0.595,0.22,0.042,0.027,78,123.5,171,2.5,0,0,0,0,0,0,0,0,0,393

Main.js:462 443.783,328.935,189,189,-0.571,-0.024,-0.049,-0.008,0,0,1,1,0,0,0,0,0,0,0,0,0,0,0,0,0,0,0,0,58.986,173.167,34.5,0,0.604,0.236,0.041,0.028,77,126,171,2.5,0,0,0,0,0,0,0,0,0,410

Main.js:462 443.194,328.903,190.5,190.5,-0.589,-0.031,-0.049,-0.009,0,0,1,1,0,0,0,0,0,0,0,0,0,0,0,0,0,0,0,0,59.598,173.419,36,0,0.613,0.252,0.04,0.029,76,128.5,171,2.5,0,0,0,0,0,0,0,0,0,426

Main.js:462 442.588,328.863,192,192,-0.606,-0.04,-0.049,-0.01,0,0,1,1,0,0,0,0,0,0,0,0,0,0,0,0,0,0,0,0,60.218,173.688,37.5,0,0.62,0.268,0.04,0.03,75,131,171,2.5,0,0,0,0,0,0,0,0,0,442

Main.js:462 441.965,328.815,193.5,193.5,-0.622,-0.049,-0.049,-0.012,0,0,1,1,0,0,0,0,0,0,0,0,0,0,0,0,0,0,0,0,60.844,173.973,39,0,0.626,0.285,0.039,0.031,74,133.5,171,2.5,0,0,0,0,0,0,0,0,0,459

Main.js:462 441.328,328.756,195,195,-0.637,-0.059,-0.048,-0.013,0,0,1,1,0,0,0,0,0,0,0,0,0,0,0,0,0,0,0,0,61.474,174.274,40.5,0,0.63,0.301,0.038,0.032,73,136,171,2.5,0,0,0,0,0,0,0,0,0,476

Main.js:462 440.678,328.687,196.5,196.5,-0.651,-0.069,-0.048,-0.014,0,0,1,1,0,0,0,0,0,0,0,0,0,0,0,0,0,0,0,0,62.108,174.592,42,0,0.634,0.318,0.037,0.033,72,138.5,171,2.5,0,0,0,0,0,0,0,0,0,494

Main.js:462 440.014,328.606,198,198,-0.663,-0.08,-0.048,-0.015,0,0,1,1,0,0,0,0,0,0,0,0,0,0,0,0,0,0,0,0,62.745,174.927,43.5,0,0.637,0.335,0.036,0.034,71,141,171,2.5,0,0,0,0,0,0,0,0,0,510

Main.js:462 439.339,328.514,199.5,199.5,-0.675,-0.092,-0.047,-0.017,0,0,1,1,0,0,0,0,0,0,0,0,0,0,0,0,0,0,0,0,63.385,175.278,43.5,358.5,0.64,0.351,0.036,0.034,70,143.5,171,2.5,0,0,0,0,0,0,0,0,0,527

Main.js:462 438.654,328.409,201,201,-0.686,-0.105,-0.047,-0.018,0,0,1,1,0,0,0,0,0,0,0,0,0,0,0,0,0,0,0,0,64.027,175.644,43.5,357,0.642,0.366,0.036,0.034,69,146,171,2.5,0,0,0,0,0,0,0,0,0,542

Main.js:462 437.959,328.292,202.5,202.5,-0.695,-0.118,-0.046,-0.019,0,0,1,1,0,0,0,0,0,0,0,0,0,0,0,0,0,0,0,0,64.671,176.025,43.5,355.5,0.644,0.38,0.036,0.034,68,148.5,171,2.5,0,0,0,0,0,0,0,0,0,559

Main.js:462 437.255,328.16,204,204,-0.704,-0.131,-0.046,-0.02,0,0,1,1,0,0,0,0,0,0,0,0,0,0,0,0,0,0,0,0,65.318,176.419,43.5,354,0.647,0.394,0.036,0.034,67,151,171,2.5,0,0,0,0,0,0,0,0,0,576

Main.js:462 436.543,328.017,204,204,-0.712,-0.144,-0.046,-0.02,0,0,0,1,0,0,0,0,0,0,0,0,0,0,0,0,0,0,0,0,65.966,176.826,43.5,352.5,0.649,0.407,0.036,0.034,66,153.5,171,2.5,0,0,0,0,0,0,0,0,0,593

Main.js:462 435.823,327.861,204,204,-0.72,-0.156,-0.046,-0.02,0,0,0,1,0,0,0,0,0,0,0,0,0,0,0,0,0,0,0,0,66.617,177.246,43.5,351,0.651,0.419,0.036,0.034,65,156,171,2.5,0,0,0,0,0,0,0,0,0,610

Main.js:462 435.096,327.693,204,204,-0.727,-0.168,-0.046,-0.02,0,0,0,1,0,0,0,0,0,0,0,0,0,0,0,0,0,0,0,0,67.27,177.677,43.5,349.5,0.653,0.431,0.036,0.034,64,158.5,171,2.5,0,0,0,0,0,0,0,0,0,627

Main.js:462 434.361,327.515,204,204,-0.734,-0.178,-0.046,-0.02,0,0,0,1,0,0,0,0,0,0,0,0,0,0,0,0,0,0,0,0,67.924,178.119,43.5,348,0.654,0.442,0.036,0.034,63,161,171,2.5,0,0,0,0,0,0,0,0,0,644

Main.js:462 433.621,327.326,204,204,-0.741,-0.189,-0.046,-0.02,0,0,0,1,0,0,0,0,0,0,0,0,0,0,0,0,0,0,0,0,68.58,178.572,43.5,346.5,0.656,0.453,0.036,0.034,62,163.5,171,2.5,0,0,0,0,0,0,0,0,0,659

Main.js:462 432.873,327.127,204,204,-0.747,-0.199,-0.046,-0.02,0,0,0,1,0,0,0,0,0,0,0,0,0,0,0,0,0,0,0,0,69.238,179.035,43.5,345,0.658,0.463,0.036,0.034,61,166,171,2.5,0,0,0,0,0,0,0,0,0,677

Main.js:462 432.12,326.919,204,204,-0.753,-0.208,-0.046,-0.02,0,0,0,1,0,0,0,0,0,0,0,0,0,0,0,0,0,0,0,0,69.898,179.507,43.5,343.5,0.659,0.473,0.036,0.034,60,168.5,171,2.5,0,0,0,0,0,0,0,0,0,694

Main.js:462 431.361,326.702,204,204,-0.759,-0.217,-0.046,-0.02,0,0,0,1,0,0,0,0,0,0,0,0,0,0,0,0,0,0,0,0,70.559,179.989,43.5,342,0.661,0.482,0.036,0.034,59,171,171,2.5,0,0,0,0,0,0,0,0,0,711

Main.js:462 430.597,326.475,205.5,205.5,-0.764,-0.227,-0.045,-0.022,0,0,1,1,0,0,0,0,0,0,0,0,0,0,0,0,0,0,0,0,71.221,180.479,43.5,340.5,0.662,0.49,0.036,0.034,58,173.5,171,2.5,0,0,0,0,0,0,0,0,0,727

Main.js:462 429.829,326.239,207,207,-0.768,-0.237,-0.045,-0.023,0,0,1,1,0,0,0,0,0,0,0,0,0,0,0,0,0,0,0,0,71.885,180.978,43.5,339,0.664,0.498,0.036,0.034,57,176,171,2.5,0,0,0,0,0,0,0,0,0,744

Main.js:462 429.058,325.991,208.5,208.5,-0.771,-0.248,-0.044,-0.024,0,0,1,1,0,0,0,0,0,0,0,0,0,0,0,0,0,0,0,0,72.55,181.484,43.5,337.5,0.665,0.506,0.036,0.034,56,178.5,171,2.5,0,0,0,0,0,0,0,0,0,759

Main.js:462 428.284,325.732,210,210,-0.774,-0.259,-0.043,-0.025,0,0,1,1,0,0,0,0,0,0,0,0,0,0,0,0,0,0,0,0,73.216,181.997,43.5,336,0.666,0.514,0.036,0.034,55,181,171,2.5,0,0,0,0,0,0,0,0,0,777

Main.js:462 427.507,325.462,210,210,-0.776,-0.27,-0.043,-0.025,0,0,0,1,0,0,0,0,0,0,0,0,0,0,0,0,0,0,0,0,73.883,182.518,43.5,334.5,0.667,0.521,0.036,0.034,54,183.5,171,2.5,0,0,0,0,0,0,0,0,0,793

Main.js:462 426.728,325.182,210,210,-0.779,-0.28,-0.043,-0.025,0,0,0,1,0,0,0,0,0,0,0,0,0,0,0,0,0,0,0,0,74.551,183.045,43.5,333,0.668,0.527,0.036,0.034,53,186,171,2.5,0,0,0,0,0,0,0,0,0,810

Main.js:462 425.948,324.892,210,210,-0.781,-0.29,-0.043,-0.025,0,0,0,1,0,0,0,0,0,0,0,0,0,0,0,0,0,0,0,0,75.221,183.579,43.5,331.5,0.669,0.534,0.036,0.034,52,188.5,171,2.5,0,0,0,0,0,0,0,0,0,826

Main.js:462 425.165,324.593,210,210,-0.783,-0.299,-0.043,-0.025,0,0,0,1,0,0,0,0,0,0,0,0,0,0,0,0,0,0,0,0,75.891,184.118,43.5,330,0.67,0.54,0.036,0.034,51,191,171,2.5,0,0,0,0,0,0,0,0,0,844

Main.js:462 424.38,324.285,210,210,-0.785,-0.308,-0.043,-0.025,0,0,0,1,0,0,0,0,0,0,0,0,0,0,0,0,0,0,0,0,76.563,184.664,43.5,328.5,0.671,0.545,0.036,0.034,50,193.5,171,2.5,0,0,0,0,0,0,0,0,0,859

Main.js:462 423.593,323.969,210,210,-0.787,-0.316,-0.043,-0.025,0,0,0,1,0,0,0,0,0,0,0,0,0,0,0,0,0,0,0,0,77.235,185.214,43.5,327,0.672,0.551,0.036,0.034,49,196,171,2.5,0,0,0,0,0,0,0,0,0,876

Main.js:462 422.804,323.645,210,210,-0.789,-0.324,-0.043,-0.025,0,0,0,1,0,0,0,0,0,0,0,0,0,0,0,0,0,0,0,0,77.908,185.77,43.5,325.5,0.673,0.556,0.036,0.034,48,198.5,171,2.5,0,0,0,0,0,0,0,0,0,894

Main.js:462 422.014,323.313,210,210,-0.79,-0.332,-0.043,-0.025,0,0,0,1,0,0,0,0,0,0,0,0,0,0,0,0,0,0,0,0,78.582,186.331,43.5,324,0.674,0.561,0.036,0.034,47,201,171,2.5,0,0,0,0,0,0,0,0,0,910

Main.js:462 421.222,322.974,210,210,-0.792,-0.339,-0.043,-0.025,0,0,0,1,0,0,0,0,0,0,0,0,0,0,0,0,0,0,0,0,79.256,186.897,43.5,322.5,0.675,0.565,0.036,0.034,46,203.5,171,2.5,0,0,0,0,0,0,0,0,0,927

Main.js:462 420.428,322.628,210,210,-0.794,-0.346,-0.043,-0.025,0,0,0,1,0,0,0,0,0,0,0,0,0,0,0,0,0,0,0,0,79.932,187.466,43.5,321,0.675,0.57,0.036,0.034,45,206,171,2.5,0,0,0,0,0,0,0,0,0,943

Main.js:462 419.633,322.276,210,210,-0.795,-0.352,-0.043,-0.025,0,0,0,1,0,0,0,0,0,0,0,0,0,0,0,0,0,0,0,0,80.608,188.04,43.5,319.5,0.676,0.574,0.036,0.034,44,208.5,171,2.5,0,0,0,0,0,0,0,0,0,960

Main.js:462 418.837,321.918,210,210,-0.796,-0.358,-0.043,-0.025,0,0,0,1,0,0,0,0,0,0,0,0,0,0,0,0,0,0,0,0,81.284,188.619,43.5,318,0.677,0.578,0.036,0.034,43,211,171,2.5,0,0,0,0,0,0,0,0,0,977

Main.js:462 418.039,321.554,210,210,-0.798,-0.364,-0.043,-0.025,0,0,0,1,0,0,0,0,0,0,0,0,0,0,0,0,0,0,0,0,81.962,189.2,43.5,316.5,0.677,0.582,0.036,0.034,42,213.5,171,2.5,0,0,0,0,0,0,0,0,0,994

Main.js:462 417.24,321.184,210,210,-0.799,-0.37,-0.043,-0.025,0,0,0,1,0,0,0,0,0,0,0,0,0,0,0,0,0,0,0,0,82.64,189.786,43.5,315,0.678,0.585,0.036,0.034,41,216,171,2.5,0,0,0,0,0,0,0,0,0,1011

Main.js:462 416.44,320.809,210,210,-0.8,-0.375,-0.043,-0.025,0,0,0,1,0,0,0,0,0,0,0,0,0,0,0,0,0,0,0,0,83.319,190.374,42,312,0.679,0.588,0.037,0.033,40,218.5,171,2.5,0,0,0,0,0,0,0,0,0,1026

Main.js:462 415.639,320.429,210,210,-0.801,-0.38,-0.043,-0.025,0,0,0,1,0,0,0,0,0,0,0,0,0,0,0,0,0,0,0,0,84,190.963,40.5,309,0.681,0.589,0.038,0.032,39,221,171,2.5,0,0,0,0,0,0,0,0,0,1042

Main.js:462 414.836,320.045,208.5,208.5,-0.803,-0.384,-0.044,-0.024,0,1,0,1,0,0,0,0,0,0,0,0,0,0,0,0,0,0,0,0,84.685,191.553,39,306,0.684,0.59,0.039,0.031,38,223.5,171,2.5,0,0,0,0,0,0,0,0,0,1061

Main.js:462 414.031,319.659,207,207,-0.805,-0.386,-0.045,-0.023,0,1,0,1,0,0,0,0,0,0,0,0,0,0,0,0,0,0,0,0,85.372,192.142,37.5,303,0.688,0.589,0.04,0.03,37,226,171,2.5,0,0,0,0,0,0,0,0,0,1077

Main.js:462 413.223,319.272,205.5,205.5,-0.808,-0.387,-0.045,-0.022,0,1,0,1,0,0,0,0,0,0,0,0,0,0,0,0,0,0,0,0,86.064,192.73,36,300,0.692,0.588,0.04,0.029,36,228.5,171,2.5,0,0,0,0,0,0,0,0,0,1093

Main.js:462 412.412,318.885,204,204,-0.811,-0.387,-0.046,-0.02,0,1,0,1,0,0,0,0,0,0,0,0,0,0,0,0,0,0,0,0,86.761,193.315,34.5,297,0.696,0.585,0.041,0.028,35,231,171,2.5,0,0,0,0,0,0,0,0,0,1111

Main.js:462 411.598,318.499,202.5,202.5,-0.814,-0.386,-0.046,-0.019,0,1,0,1,0,0,0,0,0,0,0,0,0,0,0,0,0,0,0,0,87.462,193.897,33,294,0.701,0.582,0.042,0.027,34,233.5,171,2.5,0,0,0,0,0,0,0,0,0,1126

Main.js:462 410.78,318.116,201,201,-0.818,-0.384,-0.047,-0.018,0,1,0,1,0,0,0,0,0,0,0,0,0,0,0,0,0,0,0,0,88.169,194.475,31.5,291,0.707,0.578,0.043,0.026,33,236,171,2.5,0,0,0,0,0,0,0,0,0,1143

Main.js:462 409.959,317.735,199.5,199.5,-0.822,-0.38,-0.047,-0.017,0,1,0,1,0,0,0,0,0,0,0,0,0,0,0,0,0,0,0,0,88.881,195.047,30,288,0.713,0.572,0.043,0.025,32,238.5,171,2.5,0,0,0,0,0,0,0,0,0,1160

Main.js:462 409.133,317.359,198,198,-0.826,-0.376,-0.048,-0.015,0,1,0,1,0,0,0,0,0,0,0,0,0,0,0,0,0,0,0,0,89.6,195.614,28.5,285,0.719,0.566,0.044,0.024,31,241,171,2.5,0,0,0,0,0,0,0,0,0,1177

Main.js:462 408.303,316.987,198,198,-0.83,-0.372,-0.048,-0.015,0,0,0,1,0,0,0,0,0,0,0,0,0,0,0,0,0,0,0,0,90.325,196.174,27,282,0.725,0.56,0.045,0.023,30,243.5,171,2.5,0,0,0,0,0,0,0,0,0,1193

Main.js:462 407.47,316.619,198,198,-0.833,-0.368,-0.048,-0.015,0,0,0,1,0,0,0,0,0,0,0,0,0,0,0,0,0,0,0,0,91.057,196.726,25.5,279,0.732,0.552,0.045,0.022,29,246,171,2.5,0,0,0,0,0,0,0,0,0,1209

Main.js:462 406.633,316.255,198,198,-0.837,-0.364,-0.048,-0.015,0,0,0,1,0,0,0,0,0,0,0,0,0,0,0,0,0,0,0,0,91.796,197.27,24,276,0.739,0.544,0.046,0.02,28,248.5,171,2.5,0,0,0,0,0,0,0,0,0,1228

Main.js:462 405.793,315.894,198,198,-0.84,-0.361,-0.048,-0.015,0,0,0,1,0,0,0,0,0,0,0,0,0,0,0,0,0,0,0,0,92.541,197.805,22.5,273,0.745,0.535,0.046,0.019,27,251,171,2.5,0,0,0,0,0,0,0,0,0,1243

Main.js:462 404.95,315.537,198,198,-0.843,-0.357,-0.048,-0.015,99,0,0,1,0,1,0,0,0,0,0,0,0,0,0,0,0,0,0,0,93.294,198.33,21,270,0.753,0.525,0.047,0.018,26,253.5,171,2.5,0,0,0,0,0,0,0,0,0,1261

Main.js:462 404.103,315.183,198,198,-0.846,-0.354,-0.048,-0.015,98,0,0,1,0,1,0,0,383.443,308.633,-2.378,-0.773,0,0,0,0,0,0,0,0,94.053,198.845,19.5,267,0.76,0.515,0.047,0.017,25,256,171,2.5,0,0,0,0,0,0,0,0,0,1276

Main.js:462 403.254,314.832,198,198,-0.849,-0.351,-0.048,-0.015,97,0,0,1,0,1,0,0,381.066,307.86,-2.378,-0.773,0,0,0,0,0,0,0,0,94.82,199.348,18,264,0.767,0.504,0.048,0.015,24,258.5,171,2.5,0,0,0,0,0,0,0,0,0,1293

Main.js:462 402.402,314.484,198,198,-0.852,-0.348,-0.048,-0.015,96,0,0,1,0,1,0,0,378.688,307.087,-2.378,-0.773,0,0,0,0,0,0,0,0,95.594,199.84,16.5,261,0.774,0.492,0.048,0.014,23,261,171,2.5,0,0,0,0,0,0,0,0,0,1309

Main.js:462 401.548,314.138,198,198,-0.854,-0.346,-0.048,-0.015,95,0,0,1,0,1,0,0,376.31,306.315,-2.378,-0.773,0,0,0,0,0,0,0,0,96.376,200.32,15,258,0.781,0.48,0.048,0.013,22,263.5,171,2.5,0,0,0,0,0,0,0,0,0,1326

Main.js:462 400.691,313.795,198,198,-0.857,-0.343,-0.048,-0.015,94,0,0,1,0,1,0,0,373.933,305.542,-2.378,-0.773,0,0,0,0,0,0,0,0,97.164,200.787,13.5,255,0.788,0.467,0.049,0.012,21,266,171,2.5,0,0,0,0,0,0,0,0,0,1342

Main.js:462 399.832,313.455,198,198,-0.859,-0.34,-0.048,-0.015,93,0,0,1,0,1,0,0,371.555,304.77,-2.378,-0.773,0,0,0,0,0,0,0,0,97.959,201.24,12,252,0.795,0.453,0.049,0.01,20,268.5,171,2.5,0,0,0,0,0,0,0,0,0,1361

Main.js:462 398.97,313.117,198,198,-0.861,-0.338,-0.048,-0.015,92,0,0,1,0,1,0,0,369.177,303.997,-2.378,-0.773,0,0,0,0,0,0,0,0,98.762,201.679,10.5,249,0.802,0.439,0.049,0.009,19,271,171,2.5,0,0,0,0,0,0,0,0,0,1377

Main.js:462 398.107,312.781,198,198,-0.864,-0.336,-0.048,-0.015,91,0,0,1,0,0,0,0,366.8,303.225,-2.378,-0.773,0,0,0,0,0,0,0,0,99.571,202.104,9,246,0.809,0.425,0.049,0.008,18,273.5,171,2.5,0,0,0,0,0,0,0,0,0,1393

Main.js:462 397.241,312.447,198,198,-0.866,-0.334,-0.048,-0.015,90,0,0,1,0,0,0,0,364.422,302.452,-2.378,-0.773,0,0,0,0,0,0,0,0,100.387,202.514,7.5,243,0.816,0.41,0.05,0.007,17,276,171,2.5,0,0,0,0,0,0,0,0,0,1409

Main.js:462 396.374,312.115,198,198,-0.867,-0.332,-0.048,-0.015,89,0,0,1,0,0,0,0,362.044,301.68,-2.378,-0.773,0,0,0,0,0,0,0,0,101.209,202.908,6,240,0.822,0.394,0.05,0.005,16,278.5,171,2.5,0,0,0,0,0,0,0,0,0,1426

Main.js:462 395.504,311.785,198,198,-0.869,-0.33,-0.048,-0.015,88,0,0,1,0,0,0,0,359.667,300.907,-2.378,-0.773,0,0,0,0,0,0,0,0,102.038,203.286,4.5,237,0.828,0.378,0.05,0.004,15,281,171,2.5,0,0,0,0,0,0,0,0,0,1443

Main.js:462 394.633,311.457,198,198,-0.871,-0.328,-0.048,-0.015,87,0,0,1,0,0,0,0,357.289,300.135,-2.378,-0.773,0,0,0,0,0,0,0,0,102.872,203.648,3,234,0.835,0.362,0.05,0.003,14,283.5,171,2.5,0,0,0,0,0,0,0,0,0,1459

Main.js:462 393.761,311.131,198,198,-0.873,-0.326,-0.048,-0.015,86,0,0,1,0,1,0,0,354.911,299.362,-2.378,-0.773,0,0,0,0,0,0,0,0,103.712,203.993,1.5,231,0.84,0.345,0.05,0.001,13,286,171,2.5,0,0,0,0,0,0,0,0,0,1477

Main.js:462 392.887,310.806,198,198,-0.874,-0.325,-0.048,-0.015,85,0,0,1,0,1,0,0,352.534,298.59,-2.378,-0.773,0,0,0,0,0,0,0,0,104.558,204.321,0,228,0.846,0.328,0.05,0,12,288.5,171,2.5,0,0,0,0,0,0,0,0,0,1493

Main.js:462 392.011,310.483,198,198,-0.876,-0.323,-0.048,-0.015,84,0,0,1,0,1,0,0,350.156,297.817,-2.378,-0.773,0,0,0,0,0,0,0,0,105.409,204.631,358.5,225,0.851,0.31,0.05,-0.001,11,291,171,2.5,0,0,0,0,0,0,0,0,0,1510

Main.js:462 391.134,310.162,198,198,-0.877,-0.322,-0.048,-0.015,83,0,0,1,0,1,0,0,347.779,297.044,-2.378,-0.773,0,0,0,0,0,0,0,0,106.265,204.923,357,222,0.856,0.292,0.05,-0.003,10,293.5,171,2.5,0,0,0,0,0,0,0,0,0,1526

Main.js:462 390.256,309.841,198,198,-0.878,-0.32,-0.048,-0.015,82,0,0,1,0,1,0,0,345.401,296.272,-2.378,-0.773,0,0,0,0,0,0,0,0,107.125,205.197,355.5,219,0.86,0.274,0.05,-0.004,9,296,171,2.5,0,0,0,0,0,0,0,0,0,1544

Main.js:462 389.376,309.522,198,198,-0.88,-0.319,-0.048,-0.015,81,0,0,1,0,1,0,0,343.023,295.499,-2.378,-0.773,0,0,0,0,0,0,0,0,107.99,205.452,354,216,0.865,0.255,0.05,-0.005,8,298.5,171,2.5,0,0,0,0,0,0,0,0,0,1559

Main.js:462 388.495,309.205,198,198,-0.881,-0.318,-0.048,-0.015,80,0,0,1,0,0,0,0,340.646,294.727,-2.378,-0.773,0,0,0,0,0,0,0,0,108.858,205.688,352.5,213,0.868,0.236,0.05,-0.007,7,301,171,2.5,0,0,0,0,0,0,0,0,0,1577

Main.js:462 387.613,308.888,198,198,-0.882,-0.316,-0.048,-0.015,79,0,0,1,0,0,0,0,338.268,293.954,-2.378,-0.773,0,0,0,0,0,0,0,0,109.73,205.905,351,210,0.872,0.217,0.049,-0.008,6,303.5,171,2.5,0,0,0,0,0,0,0,0,0,1594

Main.js:462 386.73,308.573,198,198,-0.883,-0.315,-0.048,-0.015,78,0,0,1,0,0,0,0,335.89,293.182,-2.378,-0.773,0,0,0,0,0,0,0,0,110.605,206.103,349.5,207,0.875,0.197,0.049,-0.009,5,306,171,2.5,0,0,0,0,0,0,0,0,0,1610

Main.js:462 385.846,308.259,198,198,-0.884,-0.314,-0.048,-0.015,77,0,0,1,0,0,0,0,333.513,292.409,-2.378,-0.773,0,0,0,0,0,0,0,0,111.483,206.28,348,204,0.878,0.178,0.049,-0.01,4,308.5,171,2.5,0,0,0,0,0,0,0,0,0,1625

Main.js:462 384.961,307.946,198,198,-0.885,-0.313,-0.048,-0.015,76,0,0,1,0,0,0,0,331.135,291.637,-2.378,-0.773,0,0,0,0,0,0,0,0,112.363,206.438,346.5,201,0.88,0.158,0.049,-0.012,3,311,171,2.5,0,0,0,0,0,0,0,0,0,1643

Main.js:462 384.075,307.634,198,198,-0.886,-0.312,-0.048,-0.015,75,0,0,1,0,0,0,0,328.757,290.864,-2.378,-0.773,0,0,0,0,0,0,0,0,113.245,206.576,345,198,0.882,0.138,0.048,-0.013,2,313.5,171,2.5,0,0,0,0,0,0,0,0,0,1659

Main.js:462 383.188,307.322,198,198,-0.887,-0.311,-0.048,-0.015,74,0,0,1,0,0,0,0,326.38,290.092,-2.378,-0.773,0,0,0,0,0,0,0,0,114.129,206.693,343.5,195,0.883,0.117,0.048,-0.014,1,316,171,2.5,0,0,0,0,0,0,0,0,0,1677

Main.js:462 382.301,307.012,198,198,-0.888,-0.31,-0.048,-0.015,73,0,0,1,0,0,0,0,324.002,289.319,-2.378,-0.773,0,0,0,0,0,0,0,0,115.013,206.789,342,192,0.884,0.097,0.048,-0.015,0,318.5,171,2.5,0,0,0,0,0,0,0,0,0,1693

Main.js:462 381.413,306.701,199.5,199.5,-0.888,-0.311,-0.047,-0.017,72,0,1,1,0,0,0,0,321.624,288.546,-2.378,-0.773,0,0,0,0,0,0,0,0,115.898,206.865,340.5,189,0.885,0.076,0.047,-0.017,99,321,171,2.5,0,0,0,0,0,0,0,0,0,1710

Main.js:462 380.525,306.389,201,201,-0.888,-0.312,-0.047,-0.018,71,0,1,1,0,1,0,0,319.247,287.774,-2.378,-0.773,0,0,0,0,0,0,0,0,116.783,206.92,339,186,0.885,0.055,0.047,-0.018,98,323.5,171,2.5,0,91.802,203.113,-2.469,-0.391,0,0,0,0,1727

Main.js:462 379.637,306.074,202.5,202.5,-0.887,-0.315,-0.046,-0.019,70,0,1,1,0,1,0,0,316.869,287.001,-2.378,-0.773,0,0,0,0,0,0,0,0,117.668,206.955,337.5,183,0.885,0.034,0.046,-0.019,97,326,171,2.5,0,89.333,202.722,-2.469,-0.391,0,0,0,0,1742

Main.js:462 378.751,305.756,204,204,-0.886,-0.318,-0.046,-0.02,69,0,1,1,0,1,0,0,314.492,286.229,-2.378,-0.773,0,0,0,0,0,0,0,0,118.552,206.968,336,180,0.884,0.013,0.046,-0.02,96,328.5,171,2.5,0,86.864,202.331,-2.469,-0.391,0,0,0,0,1760

Main.js:462 377.866,305.433,205.5,205.5,-0.885,-0.323,-0.045,-0.022,68,0,1,1,0,1,0,0,312.114,285.456,-2.378,-0.773,0,0,0,0,0,0,0,0,119.434,206.96,334.5,177,0.883,-0.008,0.045,-0.022,95,331,171,2.5,0,84.395,201.94,-2.469,-0.391,0,0,0,0,1777

Main.js:462 376.982,305.106,205.5,205.5,-0.884,-0.327,-0.045,-0.022,67,0,0,1,0,0,0,0,309.736,284.684,-2.378,-0.773,0,0,0,0,0,0,0,0,120.315,206.931,333,174,0.881,-0.029,0.045,-0.023,94,333.5,171,2.5,0,81.926,201.549,-2.469,-0.391,0,0,0,0,1826

Main.js:462 376.1,304.775,205.5,205.5,-0.882,-0.331,-0.045,-0.022,66,0,0,1,0,0,0,0,307.359,283.911,-2.378,-0.773,0,0,0,0,0,0,0,0,121.193,206.88,331.5,171,0.878,-0.05,0.044,-0.024,93,336,171,2.5,0,79.456,201.158,-2.469,-0.391,0,0,0,0,1843

Main.js:462 375.219,304.439,205.5,205.5,-0.881,-0.335,-0.045,-0.022,65,0,0,1,0,0,0,0,304.981,283.139,-2.378,-0.773,0,0,0,0,0,0,0,0,122.069,206.809,330,168,0.876,-0.072,0.043,-0.025,92,338.5,171,2.5,0,76.987,200.767,-2.469,-0.391,0,0,0,0,1860

Main.js:462 374.339,304.101,205.5,205.5,-0.88,-0.339,-0.045,-0.022,64,0,0,1,0,0,0,0,302.603,282.366,-2.378,-0.773,0,0,0,0,0,0,0,0,122.941,206.716,328.5,165,0.872,-0.093,0.043,-0.026,91,341,171,2.5,0,74.518,200.375,-2.469,-0.391,0,0,0,0,1876

Main.js:462 373.46,303.758,205.5,205.5,-0.879,-0.342,-0.045,-0.022,63,0,0,1,0,0,0,0,300.226,281.594,-2.378,-0.773,0,0,0,0,0,0,0,0,123.81,206.602,327,162,0.869,-0.114,0.042,-0.027,90,343.5,171,2.5,0,72.049,199.984,-2.469,-0.391,0,0,0,0,1893

Main.js:462 372.582,303.412,205.5,205.5,-0.878,-0.346,-0.045,-0.022,62,0,0,1,0,0,0,0,297.848,280.821,-2.378,-0.773,0,0,0,0,0,0,0,0,124.674,206.467,325.5,159,0.864,-0.135,0.041,-0.028,89,346,171,2.5,0,69.579,199.593,-2.469,-0.391,0,0,0,0,1909

Main.js:462 371.706,303.064,205.5,205.5,-0.877,-0.349,-0.045,-0.022,61,0,0,1,0,0,0,0,295.47,280.049,-2.378,-0.773,0,0,0,0,0,0,0,0,125.534,206.31,324,156,0.86,-0.156,0.04,-0.029,88,348.5,171,2.5,0,67.11,199.202,-2.469,-0.391,0,0,0,0,1926

Main.js:462 370.83,302.712,205.5,205.5,-0.876,-0.352,-0.045,-0.022,60,0,0,1,0,0,0,0,293.093,279.276,-2.378,-0.773,0,0,0,0,0,0,0,0,126.388,206.133,322.5,153,0.854,-0.177,0.04,-0.03,87,351,171,2.5,0,64.641,198.811,-2.469,-0.391,0,0,0,0,1942

Main.js:462 369.955,302.357,205.5,205.5,-0.875,-0.355,-0.045,-0.022,59,0,0,1,0,0,0,0,290.715,278.503,-2.378,-0.773,0,0,0,0,0,0,0,0,127.236,205.934,321,150,0.848,-0.199,0.039,-0.031,86,353.5,171,2.5,0,62.172,198.42,-2.469,-0.391,0,0,0,0,1960

Main.js:462 369.081,302,205.5,205.5,-0.874,-0.357,-0.045,-0.022,58,0,0,1,0,0,0,0,288.338,277.731,-2.378,-0.773,0,0,0,0,0,0,0,0,128.079,205.715,319.5,147,0.842,-0.219,0.038,-0.032,85,356,171,2.5,0,59.703,198.029,-2.469,-0.391,0,0,0,0,1978

Main.js:462 368.208,301.64,205.5,205.5,-0.873,-0.36,-0.045,-0.022,57,0,0,1,0,0,0,0,285.96,276.958,-2.378,-0.773,0,0,0,0,0,0,0,0,128.914,205.475,318,144,0.835,-0.24,0.037,-0.033,84,358.5,171,2.5,0,57.233,197.638,-2.469,-0.391,0,0,0,0,1994

Main.js:462 367.336,301.277,205.5,205.5,-0.872,-0.362,-0.045,-0.022,56,0,0,1,0,0,0,0,283.582,276.186,-2.378,-0.773,0,0,0,0,0,0,0,0,129.742,205.214,316.5,141,0.828,-0.261,0.036,-0.034,83,361,171,2.5,0,54.764,197.247,-2.469,-0.391,0,0,0,0,2009

Main.js:462 366.464,300.912,205.5,205.5,-0.872,-0.365,-0.045,-0.022,55,0,0,1,0,0,0,0,281.205,275.413,-2.378,-0.773,0,0,0,0,0,0,0,0,130.564,204.934,318,141,0.822,-0.28,0.037,-0.033,82,363.5,171,2.5,0,52.295,196.856,-2.469,-0.391,0,0,0,0,2026

Main.js:462 365.593,300.545,205.5,205.5,-0.871,-0.367,-0.045,-0.022,54,0,0,1,0,0,0,0,278.827,274.641,-2.378,-0.773,0,0,0,0,0,0,0,0,131.381,204.637,319.5,141,0.817,-0.297,0.038,-0.032,81,366,171,2.5,0,49.826,196.465,-2.469,-0.391,0,0,0,0,2043

Main.js:462 364.722,300.177,204,204,-0.871,-0.368,-0.046,-0.02,53,1,0,1,0,0,0,0,276.449,273.868,-2.378,-0.773,0,0,0,0,0,0,0,0,132.194,204.326,321,141,0.813,-0.312,0.039,-0.031,80,368.5,171,2.5,0,47.356,196.074,-2.469,-0.391,0,0,0,0,2058

Main.js:462 363.851,299.81,202.5,202.5,-0.871,-0.368,-0.046,-0.019,52,1,0,1,0,0,0,0,274.072,273.096,-2.378,-0.773,0,0,0,0,0,0,0,0,133.004,204.001,322.5,141,0.81,-0.325,0.04,-0.03,79,371,171,2.5,0,44.887,195.682,-2.469,-0.391,0,0,0,0,2078

Main.js:462 362.979,299.443,201,201,-0.872,-0.366,-0.047,-0.018,51,1,0,1,0,0,0,0,271.694,272.323,-2.378,-0.773,0,0,0,0,0,0,0,0,133.812,203.664,324,141,0.808,-0.337,0.04,-0.029,78,373.5,171,2.5,0,42.418,195.291,-2.469,-0.391,0,0,0,0,2094

Main.js:462 362.106,299.079,199.5,199.5,-0.873,-0.364,-0.047,-0.017,50,1,0,1,0,0,0,0,269.316,271.551,-2.378,-0.773,0,0,0,0,0,0,0,0,134.618,203.318,325.5,141,0.807,-0.347,0.041,-0.028,77,376,171,2.5,0,39.949,194.9,-2.469,-0.391,0,0,0,0,2109

Main.js:462 361.232,298.719,198,198,-0.875,-0.36,-0.048,-0.015,49,1,0,1,0,0,0,0,266.939,270.778,-2.378,-0.773,0,0,0,0,0,0,0,0,135.425,202.962,327,141,0.806,-0.355,0.042,-0.027,76,378.5,171,2.5,0,37.48,194.509,-2.469,-0.391,0,0,0,0,2126

Main.js:462 360.355,298.363,196.5,196.5,-0.876,-0.356,-0.048,-0.014,48,1,0,1,0,0,0,0,264.561,270.005,-2.378,-0.773,0,0,0,0,0,0,0,0,136.231,202.6,328.5,141,0.806,-0.362,0.043,-0.026,75,381,171,2.5,0,35.01,194.118,-2.469,-0.391,0,0,0,0,2145

Main.js:462 359.477,298.013,195,195,-0.878,-0.35,-0.048,-0.013,47,1,0,1,0,0,0,0,262.183,269.233,-2.378,-0.773,0,0,0,0,0,0,0,0,137.038,202.232,330,141,0.807,-0.368,0.043,-0.025,74,383.5,171,2.5,0,32.541,193.727,-2.469,-0.391,0,0,0,0,2158

Main.js:462 358.596,297.669,193.5,193.5,-0.881,-0.344,-0.049,-0.012,46,1,0,1,0,0,0,0,259.806,268.46,-2.378,-0.773,0,0,0,0,0,0,0,0,137.847,201.86,331.5,141,0.809,-0.372,0.044,-0.024,73,386,171,2.5,0,30.072,193.336,-2.469,-0.391,0,0,0,0,2176

Main.js:462 357.713,297.332,192,192,-0.883,-0.337,-0.049,-0.01,45,1,0,1,0,0,0,0,257.428,267.688,-2.378,-0.773,0,0,0,0,0,0,0,0,138.657,201.485,333,141,0.81,-0.375,0.045,-0.023,72,388.5,171,2.5,0,27.603,192.945,-2.469,-0.391,0,0,0,0,2193

Main.js:462 356.827,297.003,192,192,-0.885,-0.33,-0.049,-0.01,44,0,0,1,0,0,0,0,255.051,266.915,-2.378,-0.773,0,0,0,0,0,0,0,0,139.47,201.108,334.5,141,0.813,-0.377,0.045,-0.022,71,391,171,2.5,0,25.133,192.554,-2.469,-0.391,0,0,0,0,2209

Main.js:462 355.94,296.679,192,192,-0.888,-0.323,-0.049,-0.01,43,0,0,1,0,0,0,0,252.673,266.143,-2.378,-0.773,0,0,0,0,0,0,0,0,140.286,200.731,336,141,0.816,-0.377,0.046,-0.02,70,393.5,171,2.5,0,22.664,192.163,-2.469,-0.391,0,0,0,0,2227

Main.js:462 355.05,296.363,192,192,-0.89,-0.317,-0.049,-0.01,42,0,0,1,0,0,0,0,250.295,265.37,-2.378,-0.773,0,0,0,0,0,0,0,0,141.105,200.354,337.5,141,0.819,-0.377,0.046,-0.019,69,396,171,2.5,0,20.195,191.772,-2.469,-0.391,0,0,0,0,2243

Main.js:462 354.158,296.052,192,192,-0.892,-0.311,-0.049,-0.01,41,0,0,1,0,0,0,0,247.918,264.598,-2.378,-0.773,0,0,0,0,0,0,0,0,141.927,199.979,339,141,0.822,-0.375,0.047,-0.018,68,398.5,171,2.5,0,17.726,191.381,-2.469,-0.391,0,0,0,0,2259

Main.js:462 353.265,295.747,192,192,-0.894,-0.305,-0.049,-0.01,40,0,0,1,0,0,0,0,245.54,263.825,-2.378,-0.773,0,0,0,0,0,0,0,0,142.752,199.607,340.5,141,0.826,-0.372,0.047,-0.017,67,401,171,2.5,0,15.257,190.989,-2.469,-0.391,0,0,0,0,2277

Main.js:462 352.369,295.447,192,192,-0.895,-0.3,-0.049,-0.01,39,0,0,1,0,0,0,0,243.162,263.053,-2.378,-0.773,0,0,0,0,0,0,0,0,143.582,199.239,342,141,0.83,-0.368,0.048,-0.015,66,403.5,171,2.5,0,12.787,190.598,-2.469,-0.391,0,0,0,0,2293

Main.js:462 351.472,295.152,192,192,-0.897,-0.295,-0.049,-0.01,38,0,0,1,0,0,0,0,240.785,262.28,-2.378,-0.773,0,0,0,0,0,0,0,0,144.416,198.876,343.5,141,0.834,-0.363,0.048,-0.014,65,406,171,2.5,0,10.318,190.207,-2.469,-0.391,0,0,0,0,2309

Main.js:462 350.574,294.862,192,192,-0.899,-0.29,-0.049,-0.01,37,0,0,1,0,0,0,0,238.407,261.507,-2.378,-0.773,0,0,0,0,0,0,0,0,145.254,198.519,345,141,0.838,-0.357,0.048,-0.013,64,408.5,171,2.5,0,7.849,189.816,-2.469,-0.391,0,0,0,0,2326

Main.js:462 349.673,294.577,192,192,-0.9,-0.285,-0.049,-0.01,36,0,0,1,0,0,0,0,236.029,260.735,-2.378,-0.773,0,0,0,0,0,0,0,0,146.096,198.169,346.5,141,0.842,-0.35,0.049,-0.012,63,411,171,2.5,0,5.38,189.425,-2.469,-0.391,0,0,0,0,2343

Main.js:462 348.772,294.297,192,192,-0.902,-0.281,-0.049,-0.01,35,0,0,1,0,0,0,0,233.652,259.962,-2.378,-0.773,0,0,0,0,0,0,0,0,146.942,197.826,348,141,0.847,-0.343,0.049,-0.01,62,413.5,171,2.5,0,2.91,189.034,-2.469,-0.391,0,0,0,0,2359

Main.js:462 347.869,294.02,192,192,-0.903,-0.277,-0.049,-0.01,34,0,0,1,0,0,0,0,231.274,259.19,-2.378,-0.773,0,0,0,0,0,0,0,0,147.793,197.491,349.5,141,0.851,-0.334,0.049,-0.009,61,416,171,2.5,0,0.441,188.643,-2.469,-0.391,0,0,0,0,2376

Main.js:462 346.964,293.747,192,192,-0.904,-0.273,-0.049,-0.01,33,0,0,1,0,0,0,0,228.896,258.417,-2.378,-0.773,0,0,0,0,0,0,0,0,148.649,197.166,351,141,0.855,-0.325,0.049,-0.008,60,418.5,171,2.5,0,0,0,0,0,0,0,0,0,2393

Main.js:462 346.059,293.478,192,192,-0.906,-0.269,-0.049,-0.01,32,0,0,1,0,0,0,0,226.519,257.645,-2.378,-0.773,0,0,0,0,0,0,0,0,149.508,196.851,352.5,141,0.86,-0.315,0.05,-0.007,59,421,171,2.5,0,0,0,0,0,0,0,0,0,2411

Main.js:462 345.152,293.213,192,192,-0.907,-0.265,-0.049,-0.01,31,0,0,1,0,0,0,0,224.141,256.872,-2.378,-0.773,0,0,0,0,0,0,0,0,150.372,196.547,354,141,0.864,-0.304,0.05,-0.005,58,423.5,171,2.5,0,0,0,0,0,0,0,0,0,2427

Main.js:462 344.244,292.951,192,192,-0.908,-0.262,-0.049,-0.01,30,0,0,1,0,0,0,0,221.764,256.1,-2.378,-0.773,0,0,0,0,0,0,0,0,151.24,196.254,355.5,141,0.868,-0.293,0.05,-0.004,57,426,171,2.5,0,0,0,0,0,0,0,0,0,2443

Main.js:462 343.335,292.691,193.5,193.5,-0.909,-0.26,-0.049,-0.012,29,0,1,1,0,0,0,0,219.386,255.327,-2.378,-0.773,0,0,0,0,0,0,0,0,152.112,195.974,357,141,0.872,-0.281,0.05,-0.003,56,428.5,171,2.5,0,0,0,0,0,0,0,0,0,2460

Main.js:462 342.426,292.432,195,195,-0.909,-0.259,-0.048,-0.013,28,0,1,1,0,0,0,0,217.008,254.555,-2.378,-0.773,0,0,0,0,0,0,0,0,152.988,195.706,358.5,141,0.876,-0.268,0.05,-0.001,55,431,171,2.5,0,0,0,0,0,0,0,0,0,2476

Main.js:462 341.517,292.172,196.5,196.5,-0.909,-0.26,-0.048,-0.014,27,0,1,1,0,0,0,0,214.631,253.782,-2.378,-0.773,0,0,0,0,0,0,0,0,153.868,195.452,0,141,0.88,-0.254,0.05,0,54,433.5,171,2.5,0,0,0,0,0,0,0,0,0,2494

Main.js:462 340.608,291.911,198,198,-0.909,-0.261,-0.048,-0.015,26,0,1,1,0,0,0,0,212.253,253.01,-2.378,-0.773,0,0,0,0,0,0,0,0,154.751,195.211,1.5,141,0.883,-0.24,0.05,0.001,53,436,171,2.5,0,0,0,0,0,0,0,0,0,2510

Main.js:462 339.7,291.646,199.5,199.5,-0.908,-0.264,-0.047,-0.017,25,0,1,1,0,0,0,0,209.875,252.237,-2.378,-0.773,0,0,0,0,0,0,0,0,155.638,194.984,1.5,139.5,0.886,-0.227,0.05,0.001,52,438.5,171,2.5,0,0,0,0,0,0,0,0,0,2527

Main.js:462 338.793,291.378,201,201,-0.907,-0.268,-0.047,-0.018,24,0,1,1,0,0,0,0,207.498,251.464,-2.378,-0.773,0,0,0,0,0,0,0,0,156.527,194.77,1.5,138,0.89,-0.215,0.05,0.001,51,441,171,2.5,0,0,0,0,0,0,0,0,0,2544

Main.js:462 337.887,291.107,201,201,-0.906,-0.272,-0.047,-0.018,23,0,0,1,0,0,0,0,205.12,250.692,-2.378,-0.773,0,0,0,0,0,0,0,0,157.42,194.567,1.5,136.5,0.893,-0.203,0.05,0.001,50,443.5,171,2.5,0,0,0,0,0,0,0,0,0,2559

Main.js:462 336.981,290.831,201,201,-0.905,-0.275,-0.047,-0.018,22,0,0,1,0,0,0,0,202.742,249.919,-2.378,-0.773,0,0,0,0,0,0,0,0,158.315,194.376,1.5,135,0.896,-0.191,0.05,0.001,49,446,171,2.5,0,0,0,0,0,0,0,0,0,2577

Main.js:462 336.077,290.553,201,201,-0.904,-0.278,-0.047,-0.018,21,0,0,1,0,0,0,0,200.365,249.147,-2.378,-0.773,0,0,0,0,0,0,0,0,159.214,194.195,1.5,133.5,0.898,-0.18,0.05,0.001,48,448.5,171,2.5,0,0,0,0,0,0,0,0,0,2592

Main.js:462 335.174,290.272,201,201,-0.903,-0.281,-0.047,-0.018,20,0,0,1,0,0,0,0,197.987,248.374,-2.378,-0.773,0,0,0,0,0,0,0,0,160.114,194.025,1.5,132,0.901,-0.17,0.05,0.001,47,451,171,2.5,0,0,0,0,0,0,0,0,0,2610

Main.js:462 334.271,289.987,201,201,-0.903,-0.284,-0.047,-0.018,19,0,0,1,0,0,0,0,195.609,247.602,-2.378,-0.773,0,0,0,0,0,0,0,0,161.018,193.865,1.5,130.5,0.903,-0.16,0.05,0.001,46,453.5,171,2.5,0,0,0,0,0,0,0,0,0,2625

Main.js:462 333.369,289.7,201,201,-0.902,-0.287,-0.047,-0.018,18,0,0,1,0,0,0,0,193.232,246.829,-2.378,-0.773,0,0,0,0,0,0,0,0,161.923,193.714,1.5,129,0.906,-0.151,0.05,0.001,45,456,171,2.5,0,0,0,0,0,0,0,0,0,2643

Main.js:462 332.468,289.41,201,201,-0.901,-0.29,-0.047,-0.018,17,0,0,1,0,0,0,0,190.854,246.057,-2.378,-0.773,0,0,0,0,0,0,0,0,162.831,193.571,1.5,127.5,0.908,-0.142,0.05,0.001,44,458.5,171,2.5,0,0,0,0,0,0,0,0,0,2660

Main.js:462 331.568,289.118,201,201,-0.9,-0.292,-0.047,-0.018,16,0,0,1,0,0,0,0,188.477,245.284,-2.378,-0.773,0,0,0,0,0,0,0,0,163.741,193.437,1.5,126,0.91,-0.134,0.05,0.001,43,461,171,2.5,0,0,0,0,0,0,0,0,0,2675

Main.js:462 330.668,288.823,201,201,-0.9,-0.295,-0.047,-0.018,15,0,0,1,0,0,0,0,186.099,244.512,-2.378,-0.773,0,0,0,0,0,0,0,0,164.653,193.311,1.5,124.5,0.912,-0.126,0.05,0.001,42,463.5,171,2.5,0,0,0,0,0,0,0,0,0,2692

Main.js:462 329.769,288.526,201,201,-0.899,-0.297,-0.047,-0.018,14,0,0,1,0,0,0,0,183.721,243.739,-2.378,-0.773,0,0,0,0,0,0,0,0,165.566,193.193,1.5,123,0.914,-0.118,0.05,0.001,41,466,171,2.5,0,0,0,0,0,0,0,0,0,2710

Main.js:462 328.871,288.226,201,201,-0.898,-0.299,-0.047,-0.018,13,0,0,1,0,0,0,0,181.344,242.966,-2.378,-0.773,0,0,0,0,0,0,0,0,166.482,193.081,1.5,121.5,0.916,-0.111,0.05,0.001,40,468.5,171,2.5,0,0,0,0,0,0,0,0,0,2727

Main.js:462 327.973,287.925,201,201,-0.898,-0.301,-0.047,-0.018,12,0,0,1,0,0,0,0,178.966,242.194,-2.378,-0.773,0,0,0,0,0,0,0,0,167.399,192.977,1.5,120,0.917,-0.105,0.05,0.001,39,471,171,2.5,0,0,0,0,0,0,0,0,0,2743

Main.js:462 327.075,287.622,201,201,-0.897,-0.303,-0.047,-0.018,11,0,0,1,0,0,0,0,176.588,241.421,-2.378,-0.773,0,0,0,0,0,0,0,0,168.318,192.879,1.5,118.5,0.919,-0.098,0.05,0.001,38,473.5,171,2.5,0,0,0,0,0,0,0,0,0,2760

Main.js:462 326.179,287.317,201,201,-0.897,-0.305,-0.047,-0.018,10,0,0,1,0,0,0,0,174.211,240.649,-2.378,-0.773,0,0,0,0,0,0,0,0,169.238,192.787,1.5,117,0.92,-0.092,0.05,0.001,37,476,171,2.5,0,0,0,0,0,0,0,0,0,2776

Main.js:462 325.282,287.01,201,201,-0.896,-0.307,-0.047,-0.018,9,0,0,1,0,0,0,0,171.833,239.876,-2.378,-0.773,0,0,0,0,0,0,0,0,170.16,192.701,1.5,115.5,0.922,-0.086,0.05,0.001,36,478.5,171,2.5,0,0,0,0,0,0,0,0,0,2826

Main.js:462 324.386,286.701,201,201,-0.896,-0.309,-0.047,-0.018,8,0,0,1,0,0,0,0,169.455,239.104,-2.378,-0.773,0,0,0,0,0,0,0,0,171.084,192.62,1.5,114,0.923,-0.081,0.05,0.001,35,481,171,2.5,0,0,0,0,0,0,0,0,0,2843

Main.js:462 323.491,286.391,201,201,-0.895,-0.31,-0.047,-0.018,7,0,0,1,0,0,0,0,167.078,238.331,-2.378,-0.773,0,0,0,0,0,0,0,0,172.008,192.545,1.5,112.5,0.925,-0.075,0.05,0.001,34,483.5,171,2.5,0,0,0,0,0,0,0,0,0,2859

Main.js:462 322.596,286.079,201,201,-0.895,-0.312,-0.047,-0.018,6,0,0,1,0,0,0,0,164.7,237.559,-2.378,-0.773,0,0,0,0,0,0,0,0,172.934,192.475,1.5,111,0.926,-0.07,0.05,0.001,33,486,171,2.5,0,0,0,0,0,0,0,0,0,2876

Main.js:462 321.702,285.766,201,201,-0.895,-0.313,-0.047,-0.018,5,0,0,1,0,0,0,0,162.323,236.786,-2.378,-0.773,0,0,0,0,0,0,0,0,173.861,192.409,1.5,109.5,0.927,-0.065,0.05,0.001,32,488.5,171,2.5,0,0,0,0,0,0,0,0,0,2894

Main.js:462 320.807,285.452,201,201,-0.894,-0.314,-0.047,-0.018,4,0,0,1,0,0,0,0,159.945,236.014,-2.378,-0.773,0,0,0,0,0,0,0,0,174.789,192.348,1.5,108,0.928,-0.061,0.05,0.001,31,491,171,2.5,0,0,0,0,0,0,0,0,0,2909

Main.js:462 319.914,285.136,201,201,-0.894,-0.316,-0.047,-0.018,3,0,0,1,0,0,0,0,157.567,235.241,-2.378,-0.773,0,0,0,0,0,0,0,0,175.718,192.292,1.5,106.5,0.929,-0.057,0.05,0.001,30,493.5,171,2.5,0,0,0,0,0,0,0,0,0,2926

Main.js:462 319.02,284.819,201,201,-0.893,-0.317,-0.047,-0.018,2,0,0,1,0,0,0,0,155.19,234.468,-2.378,-0.773,0,0,0,0,0,0,0,0,176.649,192.239,1.5,105,0.93,-0.053,0.05,0.001,29,496,171,2.5,0,0,0,0,0,0,0,0,0,2944

Main.js:462 318.127,284.501,201,201,-0.893,-0.318,-0.047,-0.018,1,0,0,1,0,0,0,0,152.812,233.696,-2.378,-0.773,0,0,0,0,0,0,0,0,177.58,192.19,1.5,103.5,0.931,-0.049,0.05,0.001,28,498.5,171,2.5,0,0,0,0,0,0,0,0,0,2959

Main.js:462 317.234,284.181,201,201,-0.893,-0.319,-0.047,-0.018,0,0,0,1,0,0,0,0,152.812,233.696,-2.378,-0.773,0,0,0,0,0,0,0,0,178.512,192.145,1.5,102,0.932,-0.045,0.05,0.001,27,0,0,0,0,0,0,0,0,0,0,0,0,2976

Main.js:462 316.342,283.861,201,201,-0.893,-0.32,-0.047,-0.018,0,0,0,1,0,0,0,0,150.434,232.923,-2.378,-0.773,0,0,0,0,0,0,0,0,179.445,192.104,1.5,100.5,0.933,-0.042,0.05,0.001,26,0,0,0,0,0,0,0,0,0,0,0,0,2994

Main.js:462 315.449,283.539,201,201,-0.892,-0.321,-0.047,-0.018,0,0,0,1,0,0,0,0,148.057,232.151,-2.378,-0.773,0,0,0,0,0,0,0,0,180.379,192.066,1.5,99,0.934,-0.038,0.05,0.001,25,0,0,0,0,0,0,0,0,0,0,0,0,3009

Main.js:462 314.557,283.217,201,201,-0.892,-0.322,-0.047,-0.018,0,0,0,1,0,0,0,0,145.679,231.378,-2.378,-0.773,0,0,0,0,0,0,0,0,181.314,192.029,0,96,0.935,-0.036,0.05,0,24,0,0,0,0,0,0,0,0,0,0,0,0,3027

Main.js:462 313.666,282.894,201,201,-0.892,-0.323,-0.047,-0.018,0,0,0,1,0,0,0,0,143.301,230.606,-2.378,-0.773,0,0,0,0,0,0,0,0,182.249,191.994,358.5,93,0.935,-0.036,0.05,-0.001,23,0,0,0,0,0,0,0,0,0,0,0,0,3043

Main.js:462 312.774,282.57,201,201,-0.891,-0.324,-0.047,-0.018,0,0,0,1,0,0,0,0,140.924,229.833,-2.378,-0.773,0,0,0,0,0,0,0,0,183.185,191.957,357,90,0.936,-0.036,0.05,-0.003,22,0,0,0,0,0,0,0,0,0,0,0,0,3062

Main.js:462 311.883,282.245,201,201,-0.891,-0.325,-0.047,-0.018,0,0,0,1,0,0,0,0,138.546,229.061,-2.378,-0.773,0,0,0,0,0,0,0,0,184.122,191.919,355.5,87,0.937,-0.038,0.05,-0.004,21,0,0,0,0,0,0,0,0,0,0,0,0,3075

Main.js:462 310.992,281.919,201,201,-0.891,-0.326,-0.047,-0.018,0,0,0,1,0,0,0,0,136.168,228.288,-2.378,-0.773,0,0,0,0,0,0,0,0,185.059,191.877,354,84,0.937,-0.041,0.05,-0.005,20,0,0,0,0,0,0,0,0,0,0,0,0,3093

Main.js:462 310.101,281.593,201,201,-0.891,-0.326,-0.047,-0.018,0,0,0,1,0,0,0,0,133.791,227.516,-2.378,-0.773,0,0,0,0,0,0,0,0,185.996,191.832,352.5,81,0.937,-0.046,0.05,-0.007,19,0,0,0,0,0,0,0,0,0,0,0,0,3110

Main.js:462 309.21,281.266,201,201,-0.891,-0.327,-0.047,-0.018,0,0,0,1,0,0,0,0,131.413,226.743,-2.378,-0.773,0,0,0,0,0,0,0,0,186.933,191.781,351,78,0.937,-0.051,0.049,-0.008,18,0,0,0,0,0,0,0,0,0,0,0,0,3127

Main.js:462 308.32,280.938,201,201,-0.89,-0.328,-0.047,-0.018,0,0,0,1,0,0,0,0,129.036,225.971,-2.378,-0.773,0,0,0,0,0,0,0,0,187.871,191.724,349.5,75,0.937,-0.057,0.049,-0.009,17,0,0,0,0,0,0,0,0,0,0,0,0,3144

Main.js:462 307.43,280.609,201,201,-0.89,-0.328,-0.047,-0.018,0,0,0,1,0,0,0,0,126.658,225.198,-2.378,-0.773,0,0,0,0,0,0,0,0,188.807,191.661,348,72,0.937,-0.064,0.049,-0.01,16,0,0,0,0,0,0,0,0,0,0,0,0,3160

Main.js:462 306.54,280.279,202.5,202.5,-0.89,-0.33,-0.046,-0.019,0,0,1,1,0,0,0,0,124.28,224.425,-2.378,-0.773,0,0,0,0,0,0,0,0,189.743,191.589,346.5,69,0.936,-0.072,0.049,-0.012,15,0,0,0,0,0,0,0,0,0,0,0,0,3177

Main.js:462 305.651,279.946,204,204,-0.889,-0.333,-0.046,-0.02,0,0,1,1,0,0,0,0,121.903,223.653,-2.378,-0.773,0,0,0,0,0,0,0,0,190.679,191.508,345,66,0.935,-0.08,0.048,-0.013,14,0,0,0,0,0,0,0,0,0,0,0,0,3193

Main.js:462 304.764,279.609,205.5,205.5,-0.887,-0.337,-0.045,-0.022,0,0,1,1,0,0,0,0,119.525,222.88,-2.378,-0.773,0,0,0,0,0,0,0,0,191.613,191.418,343.5,63,0.934,-0.09,0.048,-0.014,13,0,0,0,0,0,0,0,0,0,0,0,0,3210

Main.js:462 303.922,279.29,207,207,-0.843,-0.32,0,0,0,0,1,0,0,0,0,0,117.147,222.108,-2.378,-0.773,0,0,0,0,0,0,0,0,192.545,191.318,342,60,0.932,-0.1,0.048,-0.015,12,0,0,0,0,0,0,0,0,0,0,0,0,3226

Main.js:462 303.121,278.986,208.5,208.5,-0.801,-0.304,0,0,0,0,1,0,0,0,0,0,114.77,221.335,-2.378,-0.773,0,0,0,0,0,0,0,0,193.476,191.207,340.5,57,0.931,-0.111,0.047,-0.017,11,0,0,0,0,0,0,0,0,0,0,0,0,3242

Main.js:462 302.361,278.697,210,210,-0.76,-0.289,0,0,0,0,1,0,0,0,0,0,112.392,220.563,-2.378,-0.773,0,0,0,0,0,0,0,0,194.404,191.085,339,54,0.928,-0.122,0.047,-0.018,10,0,0,0,0,0,0,0,0,0,0,0,0,3259

Main.js:462 301.638,278.423,211.5,211.5,-0.722,-0.274,0,0,0,0,1,0,0,0,0,0,110.014,219.79,-2.378,-0.773,0,0,0,0,0,0,0,0,195.33,190.951,337.5,51,0.926,-0.134,0.046,-0.019,9,0,0,0,0,0,0,0,0,0,0,0,0,3276

Main.js:462 300.952,278.162,213,213,-0.686,-0.261,0,0,0,0,1,0,0,0,0,0,107.637,219.018,-2.378,-0.773,0,0,0,0,0,0,0,0,196.253,190.803,336,48,0.923,-0.147,0.046,-0.02,8,0,0,0,0,0,0,0,0,0,0,0,0,3292

Main.js:462 300.3,277.914,214.5,214.5,-0.652,-0.248,0,0,0,0,1,0,0,0,0,0,105.259,218.245,-2.378,-0.773,0,0,0,0,0,0,0,0,197.173,190.643,334.5,45,0.92,-0.16,0.045,-0.022,7,0,0,0,0,0,0,0,0,0,0,0,0,3309

Main.js:462 299.681,277.679,216,216,-0.619,-0.235,0,0,0,0,1,0,0,0,0,0,102.881,217.473,-2.378,-0.773,0,0,0,0,0,0,0,0,198.089,190.47,333,42,0.916,-0.174,0.045,-0.023,6,0,0,0,0,0,0,0,0,0,0,0,0,3326

Main.js:462 299.092,277.456,216,216,-0.588,-0.223,0,0,0,0,0,0,0,0,0,0,100.504,216.7,-2.378,-0.773,0,0,0,0,0,0,0,0,199.001,190.282,331.5,39,0.912,-0.188,0.044,-0.024,5,0,0,0,0,0,0,0,0,0,0,0,0,3342

Main.js:462 298.533,277.243,216,216,-0.559,-0.212,0,0,0,0,0,0,0,0,0,0,98.126,215.927,-2.378,-0.773,0,0,0,0,0,0,0,0,199.908,190.08,330,36,0.908,-0.202,0.043,-0.025,4,0,0,0,0,0,0,0,0,0,0,0,0,3359

Main.js:462 298.002,277.042,216,216,-0.531,-0.202,0,0,0,0,0,0,0,0,0,0,95.749,215.155,-2.378,-0.773,0,0,0,0,0,0,0,0,200.811,189.863,328.5,33,0.903,-0.217,0.043,-0.026,3,0,0,0,0,0,0,0,0,0,0,0,0,3376

Main.js:462 297.497,276.85,216,216,-0.505,-0.192,0,0,0,0,0,0,0,0,0,0,93.371,214.382,-2.378,-0.773,0,0,0,0,0,0,0,0,201.708,189.631,327,30,0.897,-0.232,0.042,-0.027,2,0,0,0,0,0,0,0,0,0,0,0,0,3393

Main.js:462 297.018,276.668,216,216,-0.479,-0.182,0,0,99,0,0,0,0,1,0,0,90.993,213.61,-2.378,-0.773,0,0,0,0,0,0,0,0,202.6,189.384,325.5,27,0.892,-0.247,0.041,-0.028,1,0,0,0,0,0,0,0,0,0,0,0,0,3409

Main.js:462 296.563,276.495,216,216,-0.455,-0.173,0,0,98,0,0,0,0,1,0,0,88.616,212.837,-2.378,-0.773,278.486,263.037,-2.023,-1.469,0,0,0,0,203.485,189.121,324,24,0.885,-0.263,0.04,-0.029,0,0,0,0,0,0,0,0,0,0,0,0,0,3426

Main.js:462 296.13,276.331,216,216,-0.433,-0.164,0,0,97,0,0,0,0,1,0,0,86.238,212.065,-2.378,-0.773,276.463,261.568,-2.023,-1.469,0,0,0,0,204.364,188.843,322.5,21,0.879,-0.278,0.04,-0.03,99,0,0,0,0,0,0,0,0,0,0,0,0,3443

Main.js:462 295.719,276.175,216,216,-0.411,-0.156,0,0,96,0,0,0,0,1,0,0,83.86,211.292,-2.378,-0.773,274.44,260.098,-2.023,-1.469,0,0,0,0,205.236,188.548,321,18,0.872,-0.294,0.039,-0.031,98,225.424,197.543,2.334,0.896,0,0,0,0,0,0,0,0,3459

Main.js:462 295.329,276.027,216,216,-0.39,-0.148,0,0,95,0,0,0,0,0,0,0,81.483,210.52,-2.378,-0.773,272.418,258.629,-2.023,-1.469,0,0,0,0,206.1,188.238,319.5,15,0.864,-0.311,0.038,-0.032,97,227.758,198.439,2.334,0.896,0,0,0,0,0,0,0,0,3476

Main.js:462 294.958,275.886,216,216,-0.371,-0.141,0,0,94,0,0,0,0,0,0,0,79.105,209.747,-2.378,-0.773,270.395,257.159,-2.023,-1.469,0,0,0,0,206.957,187.911,318,12,0.856,-0.327,0.037,-0.033,96,230.092,199.335,2.334,0.896,0,0,0,0,0,0,0,0,3493

Main.js:462 294.606,275.752,216,216,-0.352,-0.134,0,0,93,0,0,0,0,0,0,0,76.727,208.975,-2.378,-0.773,268.373,255.69,-2.023,-1.469,0,0,0,0,207.805,187.568,316.5,9,0.848,-0.343,0.036,-0.034,95,232.426,200.231,2.334,0.896,0,0,0,0,0,0,0,0,3510

Main.js:462 294.271,275.625,216,216,-0.335,-0.127,0,0,92,0,0,0,0,0,0,0,74.35,208.202,-2.378,-0.773,266.35,254.22,-2.023,-1.469,0,0,0,0,208.644,187.208,315,6,0.839,-0.36,0.035,-0.035,94,234.76,201.127,2.334,0.896,0,0,0,0,0,0,0,0,3527

Main.js:462 293.953,275.504,216,216,-0.318,-0.121,0,0,91,0,0,0,0,0,0,0,71.972,207.43,-2.378,-0.773,264.328,252.751,-2.023,-1.469,0,0,0,0,209.474,186.832,313.5,3,0.83,-0.376,0.034,-0.036,93,237.094,202.023,2.334,0.896,0,0,0,0,0,0,0,0,3542

Main.js:462 293.651,275.39,216,216,-0.302,-0.115,0,0,90,0,0,0,0,0,0,0,69.595,206.657,-2.378,-0.773,262.305,251.282,-2.023,-1.469,0,0,0,0,210.295,186.44,312,0,0.82,-0.393,0.033,-0.037,92,239.428,202.919,2.334,0.896,0,0,0,0,0,0,0,0,3559

Main.js:462 293.364,275.281,216,216,-0.287,-0.109,0,0,89,0,0,0,0,0,0,0,67.217,205.884,-2.378,-0.773,260.283,249.812,-2.023,-1.469,0,0,0,0,211.105,186.031,310.5,-3,0.81,-0.409,0.032,-0.038,91,241.762,203.814,2.334,0.896,0,0,0,0,0,0,0,0,3576

Main.js:462 293.091,275.177,217.5,217.5,-0.273,-0.104,0,0,88,0,1,0,0,1,0,0,64.839,205.112,-2.378,-0.773,258.26,248.343,-2.023,-1.469,0,0,0,0,211.904,185.605,309,-6,0.8,-0.426,0.031,-0.039,90,244.096,204.71,2.334,0.896,0,0,0,0,0,0,0,0,3594

Main.js:462 292.832,275.079,219,219,-0.259,-0.098,0,0,87,0,1,0,0,1,0,0,62.462,204.339,-2.378,-0.773,256.238,246.873,-2.023,-1.469,0,0,0,0,212.693,185.163,307.5,-9,0.788,-0.442,0.03,-0.04,89,246.43,205.606,2.334,0.896,0,0,0,0,0,0,0,0,3611

Main.js:462 292.586,274.985,220.5,220.5,-0.246,-0.093,0,0,86,0,1,0,0,1,0,0,60.084,203.567,-2.378,-0.773,254.215,245.404,-2.023,-1.469,0,0,0,0,213.47,184.705,306,-12,0.777,-0.458,0.029,-0.04,88,248.764,206.502,2.334,0.896,0,0,0,0,0,0,0,0,3626

Main.js:462 292.353,274.897,222,222,-0.234,-0.089,0,0,85,0,1,0,0,1,0,0,57.706,202.794,-2.378,-0.773,252.193,243.934,-2.023,-1.469,0,0,0,0,214.235,184.23,304.5,-15,0.765,-0.475,0.028,-0.041,87,251.098,207.398,2.334,0.896,0,0,0,0,0,0,0,0,3642

Main.js:462 292.131,274.812,223.5,223.5,-0.222,-0.084,0,0,84,0,1,0,0,1,0,0,55.329,202.022,-2.378,-0.773,250.17,242.465,-2.023,-1.469,0,0,0,0,214.987,183.74,303,-18,0.753,-0.491,0.027,-0.042,86,253.432,208.294,2.334,0.896,0,0,0,0,0,0,0,0,3660

Main.js:462 291.92,274.732,225,225,-0.211,-0.08,0,0,83,0,1,0,0,0,0,0,52.951,201.249,-2.378,-0.773,248.147,240.995,-2.023,-1.469,0,0,0,0,215.727,183.233,301.5,-21,0.74,-0.507,0.026,-0.043,85,255.766,209.19,2.334,0.896,0,0,0,0,0,0,0,0,3675

Main.js:462 291.719,274.656,226.5,226.5,-0.2,-0.076,0,0,82,0,1,0,0,0,0,0,50.573,200.477,-2.378,-0.773,246.125,239.526,-2.023,-1.469,0,0,0,0,216.454,182.711,300,-24,0.727,-0.522,0.025,-0.043,84,258.1,210.086,2.334,0.896,0,0,0,0,0,0,0,0,3692

Main.js:462 291.529,274.584,228,228,-0.19,-0.072,0,0,81,0,1,0,0,0,0,0,48.196,199.704,-2.378,-0.773,244.102,238.056,-2.023,-1.469,0,0,0,0,217.167,182.173,298.5,-27,0.713,-0.538,0.024,-0.044,83,260.434,210.982,2.334,0.896,0,0,0,0,0,0,0,0,3710

Main.js:462 291.348,274.515,229.5,229.5,-0.181,-0.069,0,0,80,0,1,0,0,0,0,0,45.818,198.932,-2.378,-0.773,242.08,236.587,-2.023,-1.469,0,0,0,0,217.865,181.619,297,-30,0.699,-0.553,0.023,-0.045,82,262.768,211.878,2.334,0.896,0,0,0,0,0,0,0,0,3727

Main.js:462 291.176,274.45,231,231,-0.172,-0.065,0,0,79,0,1,0,0,0,0,0,43.44,198.159,-2.378,-0.773,240.057,235.117,-2.023,-1.469,0,0,0,0,218.55,181.051,295.5,-33,0.684,-0.569,0.022,-0.045,81,265.102,212.774,2.334,0.896,0,0,0,0,0,0,0,0,3742

Main.js:462 291.013,274.388,232.5,232.5,-0.163,-0.062,0,0,78,0,1,0,0,0,0,0,41.063,197.386,-2.378,-0.773,238.035,233.648,-2.023,-1.469,0,0,0,0,219.219,180.467,294,-36,0.669,-0.584,0.02,-0.046,80,267.436,213.67,2.334,0.896,0,0,0,0,0,0,0,0,3759

Main.js:462 290.858,274.329,232.5,232.5,-0.155,-0.059,0,0,77,0,0,0,0,1,0,0,38.685,196.614,-2.378,-0.773,236.012,232.179,-2.023,-1.469,0,0,0,0,219.873,179.869,292.5,-39,0.654,-0.598,0.019,-0.046,79,269.77,214.565,2.334,0.896,0,0,0,0,0,0,0,0,3776

Main.js:462 290.71,274.273,232.5,232.5,-0.147,-0.056,0,0,76,0,0,0,0,1,0,0,36.308,195.841,-2.378,-0.773,233.99,230.709,-2.023,-1.469,0,0,0,0,220.512,179.256,291,-42,0.638,-0.613,0.018,-0.047,78,272.104,215.461,2.334,0.896,0,0,0,0,0,0,0,0,3792

Main.js:462 290.571,274.22,232.5,232.5,-0.14,-0.053,0,0,75,0,0,0,0,1,0,0,33.93,195.069,-2.378,-0.773,231.967,229.24,-2.023,-1.469,0,0,0,0,221.134,178.629,289.5,-45,0.622,-0.627,0.017,-0.047,77,274.437,216.357,2.334,0.896,0,0,0,0,0,0,0,0,3809

Main.js:462 290.438,274.17,232.5,232.5,-0.133,-0.05,0,0,74,0,0,0,0,1,0,0,31.552,194.296,-2.378,-0.773,229.945,227.77,-2.023,-1.469,0,0,0,0,221.74,177.988,288,-48,0.606,-0.641,0.015,-0.048,76,276.771,217.253,2.334,0.896,0,0,0,0,0,0,0,0,3828

Main.js:462 290.311,274.122,232.5,232.5,-0.126,-0.048,0,0,73,0,0,0,0,1,0,0,29.175,193.524,-2.378,-0.773,227.922,226.301,-2.023,-1.469,0,0,0,0,222.329,177.334,286.5,-51,0.589,-0.654,0.014,-0.048,75,279.105,218.149,2.334,0.896,0,0,0,0,0,0,0,0,3843

Main.js:462 290.191,274.076,232.5,232.5,-0.12,-0.046,0,0,72,0,0,0,0,1,0,0,26.797,192.751,-2.378,-0.773,225.899,224.831,-2.023,-1.469,0,0,0,0,222.901,176.667,285,-54,0.572,-0.667,0.013,-0.048,74,281.439,219.045,2.334,0.896,0,0,0,0,0,0,0,0,3860

Main.js:462 290.077,274.033,232.5,232.5,-0.114,-0.043,0,0,71,0,0,0,0,0,0,0,24.419,191.979,-2.378,-0.773,223.877,223.362,-2.023,-1.469,0,0,0,0,223.456,175.987,283.5,-57,0.554,-0.68,0.012,-0.049,73,283.773,219.941,2.334,0.896,0,0,0,0,0,0,0,0,3875

Main.js:462 289.969,273.992,232.5,232.5,-0.108,-0.041,0,0,70,0,0,0,0,0,0,0,22.042,191.206,-2.378,-0.773,221.854,221.892,-2.023,-1.469,0,0,0,0,223.992,175.294,282,-60,0.537,-0.693,0.01,-0.049,72,286.107,220.837,2.334,0.896,0,0,0,0,0,0,0,0,3892

Main.js:462 289.866,273.953,232.5,232.5,-0.103,-0.039,0,0,69,0,0,0,0,0,0,0,19.664,190.434,-2.378,-0.773,219.832,220.423,-2.023,-1.469,0,0,0,0,224.511,174.589,280.5,-63,0.518,-0.705,0.009,-0.049,71,288.441,221.733,2.334,0.896,0,0,0,0,0,0,0,0,3910

Main.js:462 289.768,273.915,232.5,232.5,-0.098,-0.037,0,0,68,0,0,0,0,0,0,0,17.286,189.661,-2.378,-0.773,217.809,218.953,-2.023,-1.469,0,0,0,0,225.011,173.873,279,-66,0.5,-0.716,0.008,-0.049,70,290.775,222.629,2.334,0.896,0,0,0,0,0,0,0,0,3926

Main.js:462 289.676,273.88,232.5,232.5,-0.093,-0.035,0,0,67,0,0,0,0,0,0,0,14.909,188.888,-2.378,-0.773,215.787,217.484,-2.023,-1.469,0,0,0,0,225.492,173.145,277.5,-69,0.481,-0.728,0.007,-0.05,69,293.109,223.525,2.334,0.896,0,0,0,0,0,0,0,0,3943

Main.js:462 289.587,273.847,232.5,232.5,-0.088,-0.033,0,0,66,0,0,0,0,0,0,0,12.531,188.116,-2.378,-0.773,213.764,216.014,-2.023,-1.469,0,0,0,0,225.954,172.407,276,-72,0.462,-0.739,0.005,-0.05,68,295.443,224.421,2.334,0.896,0,0,0,0,0,0,0,0,3961

Main.js:462 289.504,273.815,232.5,232.5,-0.084,-0.032,0,0,65,0,0,0,0,1,0,0,10.153,187.343,-2.378,-0.773,211.742,214.545,-2.023,-1.469,0,0,0,0,226.397,171.658,274.5,-75,0.443,-0.749,0.004,-0.05,67,297.777,225.317,2.334,0.896,0,0,0,0,0,0,0,0,3976

Main.js:462 289.424,273.785,232.5,232.5,-0.08,-0.03,0,0,64,0,0,0,0,1,0,0,7.776,186.571,-2.378,-0.773,209.719,213.076,-2.023,-1.469,0,0,0,0,226.82,170.899,273,-78,0.423,-0.759,0.003,-0.05,66,300.111,226.212,2.334,0.896,0,0,0,0,0,0,0,0,3993

Main.js:462 289.348,273.756,232.5,232.5,-0.076,-0.029,0,0,63,0,0,0,0,1,0,0,5.398,185.798,-2.378,-0.773,207.697,211.606,-2.023,-1.469,0,0,0,0,227.223,170.13,271.5,-81,0.403,-0.768,0.001,-0.05,65,302.445,227.108,2.334,0.896,0,0,0,0,0,0,0,0,4010

Main.js:462 289.277,273.729,232.5,232.5,-0.072,-0.027,0,0,62,0,0,0,0,1,0,0,3.021,185.026,-2.378,-0.773,205.674,210.137,-2.023,-1.469,0,0,0,0,227.608,169.353,273,-81,0.385,-0.777,0.003,-0.05,64,304.779,228.004,2.334,0.896,0,0,0,0,0,0,0,0,4027

Main.js:462 289.208,273.703,232.5,232.5,-0.068,-0.026,0,0,61,0,0,0,0,1,0,0,0.643,184.253,-2.378,-0.773,203.652,208.667,-2.023,-1.469,0,0,0,0,227.978,168.567,274.5,-81,0.37,-0.786,0.004,-0.05,63,307.113,228.9,2.334,0.896,0,0,0,0,0,0,0,0,4044

Main.js:462 289.143,273.678,232.5,232.5,-0.065,-0.025,0,0,60,0,0,0,0,0,0,0,203.652,208.667,-2.023,-1.469,0,0,0,0,0,0,0,0,228.335,167.773,276,-81,0.356,-0.794,0.005,-0.05,62,309.447,229.796,2.334,0.896,0,0,0,0,0,0,0,0,4060

Main.js:462 289.082,273.655,234,234,-0.062,-0.023,0,0,59,0,1,0,0,0,0,0,201.629,207.198,-2.023,-1.469,0,0,0,0,0,0,0,0,228.679,166.972,277.5,-81,0.345,-0.801,0.007,-0.05,61,311.781,230.692,2.334,0.896,0,0,0,0,0,0,0,0,4076

Main.js:462 289.023,273.633,235.5,235.5,-0.059,-0.022,0,0,58,0,1,0,0,0,0,0,199.606,205.728,-2.023,-1.469,0,0,0,0,0,0,0,0,229.014,166.163,279,-81,0.335,-0.808,0.008,-0.049,60,314.115,231.588,2.334,0.896,0,0,0,0,0,0,0,0,4092

Main.js:462 288.968,273.611,237,237,-0.056,-0.021,0,0,57,0,1,0,0,0,0,0,197.584,204.259,-2.023,-1.469,0,0,0,0,0,0,0,0,229.341,165.349,280.5,-81,0.327,-0.814,0.009,-0.049,59,316.449,232.484,2.334,0.896,0,0,0,0,0,0,0,0,4110

Main.js:462 288.915,273.591,238.5,238.5,-0.053,-0.02,0,0,56,0,1,0,0,0,0,0,195.561,202.789,-2.023,-1.469,0,0,0,0,0,0,0,0,229.662,164.529,282,-81,0.32,-0.82,0.01,-0.049,58,318.783,233.38,2.334,0.896,0,0,0,0,0,0,0,0,4128

Main.js:462 288.865,273.572,240,240,-0.05,-0.019,0,0,55,0,1,0,0,0,0,0,193.539,201.32,-2.023,-1.469,0,0,0,0,0,0,0,0,229.977,163.703,283.5,-81,0.315,-0.825,0.012,-0.049,57,321.116,234.276,2.334,0.896,0,0,0,0,0,0,0,0,4143

Main.js:462 288.817,273.554,241.5,241.5,-0.048,-0.018,0,0,54,0,1,0,0,1,0,0,191.516,199.85,-2.023,-1.469,0,0,0,0,0,0,0,0,230.289,162.873,285,-81,0.312,-0.83,0.013,-0.048,56,323.45,235.172,2.334,0.896,0,0,0,0,0,0,0,0,4160

Main.js:462 288.772,273.537,243,243,-0.045,-0.017,0,0,53,0,1,0,0,1,0,0,189.494,198.381,-2.023,-1.469,0,0,0,0,0,0,0,0,230.599,162.039,286.5,-81,0.31,-0.834,0.014,-0.048,55,325.784,236.068,2.334,0.896,0,0,0,0,0,0,0,0,4177

Main.js:462 288.729,273.521,244.5,244.5,-0.043,-0.016,0,0,52,0,1,0,0,1,0,0,187.471,196.911,-2.023,-1.469,0,0,0,0,0,0,0,0,230.908,161.202,288,-81,0.309,-0.838,0.015,-0.048,54,328.118,236.963,2.334,0.896,0,0,0,0,0,0,0,0,4193

Main.js:462 288.688,273.505,246,246,-0.041,-0.016,0,0,51,0,1,0,0,1,0,0,185.449,195.442,-2.023,-1.469,0,0,0,0,0,0,0,0,231.218,160.361,289.5,-81,0.309,-0.84,0.017,-0.047,53,330.452,237.859,2.334,0.896,0,0,0,0,0,0,0,0,4221

Main.js:462 288.649,273.49,247.5,247.5,-0.039,-0.015,0,0,50,0,1,0,0,1,0,0,183.426,193.972,-2.023,-1.469,0,0,0,0,0,0,0,0,231.529,159.519,291,-81,0.311,-0.843,0.018,-0.047,52,332.786,238.755,2.334,0.896,0,0,0,0,0,0,0,0,4242

Main.js:462 288.612,273.476,249,249,-0.037,-0.014,0,0,49,0,1,0,0,0,0,0,181.404,192.503,-2.023,-1.469,0,0,0,0,0,0,0,0,231.842,158.674,292.5,-81,0.314,-0.844,0.019,-0.046,51,335.12,239.651,2.334,0.896,0,0,0,0,0,0,0,0,4259

Main.js:462 288.577,273.463,250.5,250.5,-0.035,-0.013,0,0,48,0,1,0,0,0,0,0,179.381,191.034,-2.023,-1.469,0,0,0,0,0,0,0,0,232.159,157.829,294,-81,0.317,-0.846,0.02,-0.046,50,337.454,240.547,2.334,0.896,0,0,0,0,0,0,0,0,4275

Main.js:462 288.544,273.451,250.5,250.5,-0.033,-0.013,0,0,47,0,0,0,0,0,0,0,177.358,189.564,-2.023,-1.469,0,0,0,0,0,0,0,0,232.481,156.982,295.5,-81,0.322,-0.846,0.022,-0.045,49,339.788,241.443,2.334,0.896,0,0,0,0,0,0,0,0,4292

Main.js:462 288.512,273.439,250.5,250.5,-0.032,-0.012,0,0,46,0,0,0,0,0,0,0,175.336,188.095,-2.023,-1.469,0,0,0,0,0,0,0,0,232.809,156.136,297,-81,0.327,-0.846,0.023,-0.045,48,342.122,242.339,2.334,0.896,0,0,0,0,0,0,0,0,4309

Main.js:462 288.482,273.427,250.5,250.5,-0.03,-0.011,0,0,45,0,0,0,0,0,0,0,173.313,186.625,-2.023,-1.469,0,0,0,0,0,0,0,0,233.142,155.29,298.5,-81,0.334,-0.846,0.024,-0.044,47,344.456,243.235,2.334,0.896,0,0,0,0,0,0,0,0,4326

Main.js:462 288.454,273.416,250.5,250.5,-0.029,-0.011,0,0,44,0,0,0,0,1,0,0,171.291,185.156,-2.023,-1.469,0,0,0,0,0,0,0,0,233.483,154.446,300,-81,0.341,-0.845,0.025,-0.043,46,346.79,244.131,2.334,0.896,0,0,0,0,0,0,0,0,4343

Main.js:462 288.427,273.406,250.5,250.5,-0.027,-0.01,0,0,43,0,0,0,0,1,0,0,169.268,183.686,-2.023,-1.469,0,0,0,0,0,0,0,0,233.832,153.603,301.5,-81,0.348,-0.843,0.026,-0.043,45,349.124,245.027,2.334,0.896,0,0,0,0,0,0,0,0,4359

Main.js:462 288.401,273.396,250.5,250.5,-0.026,-0.01,0,0,42,0,0,0,0,1,0,0,167.246,182.217,-2.023,-1.469,0,0,0,0,0,0,0,0,234.188,152.763,303,-81,0.357,-0.841,0.027,-0.042,44,351.458,245.923,2.334,0.896,0,0,0,0,0,0,0,0,4376

Main.js:462 288.376,273.387,250.5,250.5,-0.024,-0.009,0,0,41,0,0,0,0,1,0,0,165.223,180.747,-2.023,-1.469,0,0,0,0,0,0,0,0,234.554,151.925,304.5,-81,0.366,-0.838,0.028,-0.041,43,353.792,246.819,2.334,0.896,0,0,0,0,0,0,0,0,4394

Main.js:462 288.353,273.378,250.5,250.5,-0.023,-0.009,0,0,40,0,0,0,0,1,0,0,163.201,179.278,-2.023,-1.469,0,0,0,0,0,0,0,0,234.93,151.091,306,-81,0.376,-0.834,0.029,-0.04,42,356.126,247.715,2.334,0.896,0,0,0,0,0,0,0,0,4409

Main.js:462 288.331,273.37,250.5,250.5,-0.022,-0.008,0,0,39,0,0,0,0,0,0,0,161.178,177.808,-2.023,-1.469,0,0,0,0,0,0,0,0,235.316,150.261,307.5,-81,0.386,-0.83,0.03,-0.04,41,358.46,248.61,2.334,0.896,0,0,0,0,0,0,0,0,4437

Main.js:462 288.31,273.362,250.5,250.5,-0.021,-0.008,0,0,38,0,0,0,0,0,0,0,159.156,176.339,-2.023,-1.469,0,0,0,0,0,0,0,0,235.712,149.435,309,-81,0.396,-0.826,0.031,-0.039,40,360.794,249.506,2.334,0.896,0,0,0,0,0,0,0,0,4459

Main.js:462 288.29,273.354,250.5,250.5,-0.02,-0.008,0,0,37,0,0,0,0,0,0,0,157.133,174.869,-2.023,-1.469,0,0,0,0,0,0,0,0,236.12,148.615,310.5,-81,0.407,-0.82,0.032,-0.038,39,363.128,250.402,2.334,0.896,0,0,0,0,0,0,0,0,4477

Main.js:462 288.271,273.347,250.5,250.5,-0.019,-0.007,0,0,36,0,0,0,0,0,0,0,155.11,173.4,-2.023,-1.469,0,0,0,0,0,0,0,0,236.538,147.8,312,-81,0.419,-0.815,0.033,-0.037,38,365.462,251.298,2.334,0.896,0,0,0,0,0,0,0,0,4492

Main.js:462 288.253,273.34,250.5,250.5,-0.018,-0.007,0,0,35,0,0,0,0,1,0,0,153.088,171.931,-2.023,-1.469,0,0,0,0,0,0,0,0,236.969,146.992,313.5,-81,0.431,-0.808,0.034,-0.036,37,367.795,252.194,2.334,0.896,0,0,0,0,0,0,0,0,4510

Main.js:462 288.236,273.334,250.5,250.5,-0.017,-0.006,0,0,34,0,0,0,0,1,0,0,151.065,170.461,-2.023,-1.469,0,0,0,0,0,0,0,0,237.411,146.189,313.5,-82.5,0.442,-0.802,0.034,-0.036,36,370.129,253.09,2.334,0.896,0,0,0,0,0,0,0,0,4526

Main.js:462 288.22,273.328,250.5,250.5,-0.016,-0.006,0,0,33,0,0,0,0,1,0,0,149.043,168.992,-2.023,-1.469,0,0,0,0,0,0,0,0,237.863,145.392,313.5,-84,0.452,-0.797,0.034,-0.036,35,372.463,253.986,2.334,0.896,0,0,0,0,0,0,0,0,4542

Main.js:462 288.204,273.322,250.5,250.5,-0.015,-0.006,0,0,32,0,0,0,0,1,0,0,147.02,167.522,-2.023,-1.469,0,0,0,0,0,0,0,0,238.325,144.601,313.5,-85.5,0.462,-0.791,0.034,-0.036,34,374.797,254.882,2.334,0.896,0,0,0,0,0,0,0,0,4560

Main.js:462 288.19,273.316,250.5,250.5,-0.015,-0.006,0,0,31,0,0,0,0,1,0,0,144.998,166.053,-2.023,-1.469,0,0,0,0,0,0,0,0,238.797,143.815,313.5,-87,0.472,-0.786,0.034,-0.036,33,377.131,255.778,2.334,0.896,0,0,0,0,0,0,0,0,4576

Main.js:462 288.176,273.311,250.5,250.5,-0.014,-0.005,0,0,30,0,0,0,0,1,0,0,142.975,164.583,-2.023,-1.469,0,0,0,0,0,0,0,0,239.278,143.033,313.5,-88.5,0.481,-0.781,0.034,-0.036,32,379.465,256.674,2.334,0.896,0,0,0,0,0,0,0,0,4592

Main.js:462 288.163,273.306,250.5,250.5,-0.013,-0.005,0,0,29,0,0,0,0,0,0,0,140.953,163.114,-2.023,-1.469,0,0,0,0,0,0,0,0,239.768,142.257,313.5,-90,0.49,-0.777,0.034,-0.036,31,381.799,257.57,2.334,0.896,0,0,0,0,0,0,0,0,4609

Main.js:462 288.15,273.301,250.5,250.5,-0.013,-0.005,0,0,28,0,0,0,0,0,0,0,138.93,161.644,-2.023,-1.469,0,0,0,0,0,0,0,0,240.266,141.484,313.5,-91.5,0.498,-0.772,0.034,-0.036,30,384.133,258.466,2.334,0.896,0,0,0,0,0,0,0,0,4626

Main.js:462 288.138,273.296,252,252,-0.012,-0.005,0,0,27,0,1,0,0,0,0,0,136.908,160.175,-2.023,-1.469,0,0,0,0,0,0,0,0,240.772,140.716,313.5,-93,0.506,-0.768,0.034,-0.036,29,386.467,259.361,2.334,0.896,0,0,0,0,0,0,0,0,4643

Main.js:462 288.127,273.292,253.5,253.5,-0.011,-0.004,0,0,26,0,1,0,0,0,0,0,134.885,158.705,-2.023,-1.469,0,0,0,0,0,0,0,0,241.285,139.952,313.5,-94.5,0.513,-0.764,0.034,-0.036,28,388.801,260.257,2.334,0.896,0,0,0,0,0,0,0,0,4661

Main.js:462 288.116,273.288,255,255,-0.011,-0.004,0,0,25,0,1,0,0,0,0,0,132.863,157.236,-2.023,-1.469,0,0,0,0,0,0,0,0,241.805,139.191,313.5,-96,0.52,-0.761,0.034,-0.036,27,391.135,261.153,2.334,0.896,0,0,0,0,0,0,0,0,4677

Main.js:462 288.106,273.284,256.5,256.5,-0.01,-0.004,0,0,24,0,1,0,0,1,0,0,130.84,155.766,-2.023,-1.469,0,0,0,0,0,0,0,0,242.332,138.434,313.5,-97.5,0.527,-0.757,0.034,-0.036,26,393.469,262.049,2.334,0.896,0,0,0,0,0,0,0,0,4693

Main.js:462 288.096,273.281,258,258,-0.01,-0.004,0,0,23,0,1,0,0,1,0,0,128.817,154.297,-2.023,-1.469,0,0,0,0,0,0,0,0,242.865,137.681,313.5,-99,0.533,-0.754,0.034,-0.036,25,395.803,262.945,2.334,0.896,0,0,0,0,0,0,0,0,4709

Main.js:462 288.087,273.277,259.5,259.5,-0.009,-0.004,0,0,22,0,1,0,0,1,0,0,126.795,152.828,-2.023,-1.469,0,0,0,0,0,0,0,0,243.405,136.93,313.5,-100.5,0.539,-0.75,0.034,-0.036,24,398.137,263.841,2.334,0.896,0,0,0,0,0,0,0,0,4726

Main.js:462 288.078,273.274,261,261,-0.009,-0.003,0,0,21,0,1,0,0,1,0,0,124.772,151.358,-2.023,-1.469,0,0,0,0,0,0,0,0,243.95,136.183,313.5,-102,0.545,-0.747,0.034,-0.036,23,400.471,264.737,2.334,0.896,0,0,0,0,0,0,0,0,4743

Main.js:462 288.07,273.271,262.5,262.5,-0.008,-0.003,0,0,20,0,1,0,0,1,0,0,122.75,149.889,-2.023,-1.469,0,0,0,0,0,0,0,0,244.5,135.439,313.5,-103.5,0.55,-0.744,0.034,-0.036,22,402.805,265.633,2.334,0.896,0,0,0,0,0,0,0,0,4760

Main.js:462 288.062,273.268,264,264,-0.008,-0.003,0,0,19,0,1,0,0,1,0,0,120.727,148.419,-2.023,-1.469,0,0,0,0,0,0,0,0,245.056,134.697,313.5,-105,0.556,-0.742,0.034,-0.036,21,405.139,266.529,2.334,0.896,0,0,0,0,0,0,0,0,4776

Main.js:462 288.054,273.265,265.5,265.5,-0.008,-0.003,0,0,18,0,1,0,0,0,0,0,118.705,146.95,-2.023,-1.469,0,0,0,0,0,0,0,0,245.616,133.958,313.5,-106.5,0.561,-0.739,0.034,-0.036,20,407.473,267.425,2.334,0.896,0,0,0,0,0,0,0,0,4825

Main.js:462 288.047,273.262,265.5,265.5,-0.007,-0.003,0,0,17,0,0,0,0,0,0,0,116.682,145.48,-2.023,-1.469,0,0,0,0,0,0,0,0,246.181,133.221,313.5,-108,0.565,-0.736,0.034,-0.036,19,409.807,268.321,2.334,0.896,0,0,0,0,0,0,0,0,4842

Main.js:462 288.04,273.259,265.5,265.5,-0.007,-0.003,0,0,16,0,0,0,0,0,0,0,114.66,144.011,-2.023,-1.469,0,0,0,0,0,0,0,0,246.751,132.487,313.5,-109.5,0.57,-0.734,0.034,-0.036,18,412.141,269.217,2.334,0.896,0,0,0,0,0,0,0,0,4858

Main.js:462 288.034,273.257,265.5,265.5,-0.006,-0.002,0,0,15,0,0,0,0,1,0,0,112.637,142.541,-2.023,-1.469,0,0,0,0,0,0,0,0,247.325,131.755,313.5,-111,0.574,-0.732,0.034,-0.036,17,414.475,270.113,2.334,0.896,0,0,0,0,0,0,0,0,4877

Main.js:462 288.028,273.255,265.5,265.5,-0.006,-0.002,0,0,14,0,0,0,0,1,0,0,110.615,141.072,-2.023,-1.469,0,0,0,0,0,0,0,0,247.903,131.026,313.5,-112.5,0.578,-0.73,0.034,-0.036,16,416.808,271.008,2.334,0.896,0,0,0,0,0,0,0,0,4893

Main.js:462 288.022,273.252,265.5,265.5,-0.006,-0.002,0,0,13,0,0,0,0,1,0,0,108.592,139.602,-2.023,-1.469,0,0,0,0,0,0,0,0,248.484,130.298,313.5,-114,0.582,-0.728,0.034,-0.036,15,419.142,271.904,2.334,0.896,0,0,0,0,0,0,0,0,4909

Main.js:462 288.017,273.25,265.5,265.5,-0.006,-0.002,0,0,12,0,0,0,0,1,0,0,106.569,138.133,-2.023,-1.469,0,0,0,0,0,0,0,0,249.07,129.572,313.5,-115.5,0.585,-0.726,0.034,-0.036,14,421.476,272.8,2.334,0.896,0,0,0,0,0,0,0,0,4926

Main.js:462 288.011,273.248,265.5,265.5,-0.005,-0.002,0,0,11,0,0,0,0,1,0,0,104.547,136.663,-2.023,-1.469,0,0,0,0,0,0,0,0,249.658,128.848,313.5,-117,0.589,-0.724,0.034,-0.036,13,423.81,273.696,2.334,0.896,0,0,0,0,0,0,0,0,4944

Main.js:462 288.006,273.246,265.5,265.5,-0.005,-0.002,0,0,10,0,0,0,0,1,0,0,102.524,135.194,-2.023,-1.469,0,0,0,0,0,0,0,0,250.25,128.126,313.5,-118.5,0.592,-0.722,0.034,-0.036,12,426.144,274.592,2.334,0.896,0,0,0,0,0,0,0,0,4960

Main.js:462 288.002,273.245,265.5,265.5,-0.005,-0.002,0,0,9,0,0,0,0,0,0,0,100.502,133.725,-2.023,-1.469,0,0,0,0,0,0,0,0,250.845,127.406,313.5,-120,0.595,-0.721,0.034,-0.036,11,428.478,275.488,2.334,0.896,0,0,0,0,0,0,0,0,4976

Main.js:462 287.997,273.243,265.5,265.5,-0.005,-0.002,0,0,8,0,0,0,0,0,0,0,98.479,132.255,-2.023,-1.469,0,0,0,0,0,0,0,0,251.443,126.687,313.5,-121.5,0.598,-0.719,0.034,-0.036,10,430.812,276.384,2.334,0.896,0,0,0,0,0,0,0,0,4993

Main.js:462 287.993,273.241,265.5,265.5,-0.004,-0.002,0,0,7,0,0,0,0,0,0,0,96.457,130.786,-2.023,-1.469,0,0,0,0,0,0,0,0,252.044,125.969,313.5,-123,0.601,-0.717,0.034,-0.036,9,433.146,277.28,2.334,0.896,0,0,0,0,0,0,0,0,5010

Main.js:462 287.989,273.24,265.5,265.5,-0.004,-0.002,0,0,6,0,0,0,0,0,0,0,94.434,129.316,-2.023,-1.469,0,0,0,0,0,0,0,0,252.647,125.252,312,-126,0.603,-0.717,0.033,-0.037,8,435.48,278.176,2.334,0.896,0,0,0,0,0,0,0,0,5026

Main.js:462 287.985,273.238,265.5,265.5,-0.004,-0.001,0,0,5,0,0,0,0,0,0,0,92.412,127.847,-2.023,-1.469,0,0,0,0,0,0,0,0,253.25,124.535,310.5,-129,0.603,-0.717,0.032,-0.038,7,437.814,279.072,2.334,0.896,0,0,0,0,0,0,0,0,5043

Main.js:462 287.981,273.237,265.5,265.5,-0.004,-0.001,0,0,4,0,0,0,0,1,0,0,90.389,126.377,-2.023,-1.469,0,0,0,0,0,0,0,0,253.853,123.817,309,-132,0.603,-0.718,0.031,-0.039,6,440.148,279.968,2.334,0.896,0,0,0,0,0,0,0,0,5061

Main.js:462 287.978,273.236,265.5,265.5,-0.003,-0.001,0,0,3,0,0,0,0,1,0,0,88.367,124.908,-2.023,-1.469,0,0,0,0,0,0,0,0,254.455,123.097,307.5,-135,0.602,-0.72,0.03,-0.04,5,442.482,280.864,2.334,0.896,0,0,0,0,0,0,0,0,5076

Main.js:462 287.974,273.234,265.5,265.5,-0.003,-0.001,0,0,2,0,0,0,0,1,0,0,86.344,123.438,-2.023,-1.469,0,0,0,0,0,0,0,0,255.054,122.374,306,-138,0.6,-0.722,0.029,-0.04,4,444.816,281.759,2.334,0.896,0,0,0,0,0,0,0,0,5093

Main.js:462 287.971,273.233,265.5,265.5,-0.003,-0.001,0,0,1,0,0,0,0,1,0,0,84.321,121.969,-2.023,-1.469,0,0,0,0,0,0,0,0,255.651,121.649,304.5,-141,0.597,-0.725,0.028,-0.041,3,447.15,282.655,2.334,0.896,0,0,0,0,0,0,0,0,5109

Main.js:462 287.968,273.232,265.5,265.5,-0.003,-0.001,0,0,0,0,0,0,0,1,0,0,82.299,120.499,-2.023,-1.469,0,0,0,0,0,0,0,0,256.244,120.92,303,-144,0.593,-0.729,0.027,-0.042,2,449.484,283.551,2.334,0.896,0,0,0,0,0,0,0,0,5127

Main.js:462 287.965,273.231,265.5,265.5,-0.003,-0.001,0,0,0,0,0,0,0,0,0,0,80.276,119.03,-2.023,-1.469,0,0,0,0,0,0,0,0,256.831,120.187,301.5,-147,0.588,-0.733,0.026,-0.043,1,451.818,284.447,2.334,0.896,0,0,0,0,0,0,0,0,5144

Main.js:462 287.963,273.23,265.5,265.5,-0.003,-0.001,0,0,0,0,0,0,0,0,0,0,78.254,117.56,-2.023,-1.469,0,0,0,0,0,0,0,0,257.413,119.449,300,-150,0.582,-0.738,0.025,-0.043,0,454.152,285.343,2.334,0.896,0,0,0,0,0,0,0,0,5159

Main.js:462 287.96,273.229,265.5,265.5,-0.003,-0.001,0,0,0,0,0,0,0,0,0,0,76.231,116.091,-2.023,-1.469,0,0,0,0,0,0,0,0,257.989,118.707,298.5,-153,0.576,-0.742,0.024,-0.044,99,456.486,286.239,2.334,0.896,0,0,0,0,0,0,0,0,5177

Main.js:462 287.958,273.228,265.5,265.5,-0.002,-0.001,0,0,0,0,0,0,0,0,0,0,74.209,114.621,-2.023,-1.469,0,0,0,0,0,0,0,0,258.558,117.959,297,-156,0.568,-0.748,0.023,-0.045,98,458.82,287.135,2.334,0.896,236.475,108.78,-2.228,-1.135,0,0,0,0,5193

Main.js:462 287.955,273.227,265.5,265.5,-0.002,-0.001,0,0,0,0,0,0,0,0,0,0,72.186,113.152,-2.023,-1.469,0,0,0,0,0,0,0,0,259.118,117.206,295.5,-159,0.56,-0.753,0.022,-0.045,97,461.154,288.031,2.334,0.896,234.247,107.646,-2.228,-1.135,0,0,0,0,5209

Main.js:462 287.953,273.226,265.5,265.5,-0.002,-0.001,0,0,0,0,0,0,0,0,0,0,70.164,111.683,-2.023,-1.469,0,0,0,0,0,0,0,0,259.67,116.447,294,-162,0.552,-0.759,0.02,-0.046,96,463.487,288.927,2.334,0.896,232.02,106.511,-2.228,-1.135,0,0,0,0,5226

Main.js:462 287.951,273.225,265.5,265.5,-0.002,-0.001,0,0,99,0,0,0,0,1,0,0,68.141,110.213,-2.023,-1.469,0,0,0,0,0,0,0,0,260.212,115.682,292.5,-165,0.542,-0.765,0.019,-0.046,95,465.821,289.823,2.334,0.896,229.792,105.376,-2.228,-1.135,0,0,0,0,5243

Main.js:462 287.949,273.225,265.5,265.5,-0.002,-0.001,0,0,98,0,0,0,0,1,0,0,66.119,108.744,-2.023,-1.469,286.109,249.799,-0.196,-2.492,0,0,0,0,260.744,114.912,291,-168,0.532,-0.771,0.018,-0.047,94,468.155,290.719,2.334,0.896,227.565,104.241,-2.228,-1.135,0,0,0,0,5259

Main.js:462 287.947,273.224,265.5,265.5,-0.002,-0.001,0,0,97,0,0,0,0,1,0,0,64.096,107.274,-2.023,-1.469,285.913,247.306,-0.196,-2.492,0,0,0,0,261.266,114.134,289.5,-171,0.522,-0.777,0.017,-0.047,93,470.489,291.615,2.334,0.896,225.337,103.106,-2.228,-1.135,0,0,0,0,5275

Main.js:462 287.945,273.223,265.5,265.5,-0.002,-0.001,0,0,96,0,0,0,0,1,0,0,62.074,105.805,-2.023,-1.469,285.717,244.814,-0.196,-2.492,0,0,0,0,261.776,113.351,288,-174,0.51,-0.783,0.015,-0.048,92,472.823,292.511,2.334,0.896,223.11,101.971,-2.228,-1.135,0,0,0,0,5293

Main.js:462 287.944,273.223,265.5,265.5,-0.002,-0.001,0,0,95,0,0,0,0,1,0,0,60.051,104.335,-2.023,-1.469,285.521,242.322,-0.196,-2.492,0,0,0,0,262.274,112.561,286.5,-177,0.498,-0.79,0.014,-0.048,91,475.157,293.406,2.334,0.896,220.882,100.836,-2.228,-1.135,0,0,0,0,5310

Main.js:462 287.942,273.222,265.5,265.5,-0.002,-0.001,0,0,94,0,0,0,0,0,0,0,58.028,102.866,-2.023,-1.469,285.325,239.83,-0.196,-2.492,0,0,0,0,262.76,111.765,285,-180,0.485,-0.796,0.013,-0.048,90,477.491,294.302,2.334,0.896,218.655,99.701,-2.228,-1.135,0,0,0,0,5326

Main.js:462 287.941,273.221,265.5,265.5,-0.002,-0.001,0,0,93,0,0,0,0,0,0,0,56.006,101.396,-2.023,-1.469,285.129,237.337,-0.196,-2.492,0,0,0,0,263.232,110.962,283.5,-183,0.472,-0.803,0.012,-0.049,89,479.825,295.198,2.334,0.896,216.427,98.566,-2.228,-1.135,0,0,0,0,5342

Main.js:462 287.939,273.221,265.5,265.5,-0.001,-0.001,0,0,92,0,0,0,0,0,0,0,53.983,99.927,-2.023,-1.469,284.933,234.845,-0.196,-2.492,0,0,0,0,263.691,110.153,282,-186,0.459,-0.809,0.01,-0.049,88,482.159,296.094,2.334,0.896,214.2,97.431,-2.228,-1.135,0,0,0,0,5360

Main.js:462 287.938,273.22,265.5,265.5,-0.001,-0.001,0,0,91,0,0,0,0,0,0,0,51.961,98.457,-2.023,-1.469,284.736,232.353,-0.196,-2.492,0,0,0,0,264.135,109.338,280.5,-189,0.444,-0.815,0.009,-0.049,87,484.493,296.99,2.334,0.896,211.972,96.296,-2.228,-1.135,0,0,0,0,5376

Main.js:462 287.936,273.22,265.5,265.5,-0.001,0,0,0,90,0,0,0,0,0,0,0,49.938,96.988,-2.023,-1.469,284.54,229.86,-0.196,-2.492,0,0,0,0,264.564,108.517,279,-192,0.43,-0.821,0.008,-0.049,86,486.827,297.886,2.334,0.896,209.745,95.161,-2.228,-1.135,0,0,0,0,5393

Main.js:462 287.935,273.219,265.5,265.5,-0.001,0,0,0,89,0,0,0,0,1,0,0,47.916,95.518,-2.023,-1.469,284.344,227.368,-0.196,-2.492,0,0,0,0,264.979,107.69,277.5,-195,0.414,-0.827,0.007,-0.05,85,489.161,298.782,2.334,0.896,207.517,94.026,-2.228,-1.135,0,0,0,0,5409

Main.js:462 287.934,273.219,265.5,265.5,-0.001,0,0,0,88,0,0,0,0,1,0,0,45.893,94.049,-2.023,-1.469,284.148,224.876,-0.196,-2.492,0,0,0,0,265.377,106.856,276,-198,0.398,-0.833,0.005,-0.05,84,491.495,299.678,2.334,0.896,205.29,92.891,-2.228,-1.135,0,0,0,0,5426

Main.js:462 287.933,273.219,265.5,265.5,-0.001,0,0,0,87,0,0,0,0,1,0,0,43.871,92.58,-2.023,-1.469,283.952,222.383,-0.196,-2.492,0,0,0,0,265.759,106.017,274.5,-201,0.382,-0.839,0.004,-0.05,83,493.829,300.574,2.334,0.896,203.062,91.756,-2.228,-1.135,0,0,0,0,5443

Main.js:462 287.932,273.218,265.5,265.5,-0.001,0,0,0,86,0,0,0,0,1,0,0,41.848,91.11,-2.023,-1.469,283.756,219.891,-0.196,-2.492,0,0,0,0,266.125,105.173,273,-204,0.366,-0.844,0.003,-0.05,82,496.163,301.47,2.334,0.896,200.835,90.621,-2.228,-1.135,0,0,0,0,5459

Main.js:462 287.931,273.218,265.5,265.5,-0.001,0,0,0,85,0,0,0,0,1,0,0,39.826,89.641,-2.023,-1.469,283.56,217.399,-0.196,-2.492,0,0,0,0,266.474,104.323,271.5,-207,0.349,-0.85,0.001,-0.05,81,498.497,302.366,2.334,0.896,198.607,89.486,-2.228,-1.135,0,0,0,0,5476

Main.js:462 287.93,273.217,265.5,265.5,-0.001,0,0,0,84,0,0,0,0,1,0,0,37.803,88.171,-2.023,-1.469,283.363,214.907,-0.196,-2.492,0,0,0,0,266.805,103.469,270,-210,0.331,-0.855,0,-0.05,80,198.607,89.486,-2.228,-1.135,0,0,0,0,0,0,0,0,5493

Main.js:462 287.929,273.217,265.5,265.5,-0.001,0,0,0,83,0,0,0,0,0,0,0,35.78,86.702,-2.023,-1.469,283.167,212.414,-0.196,-2.492,0,0,0,0,267.118,102.609,268.5,-213,0.313,-0.859,-0.001,-0.05,79,196.379,88.351,-2.228,-1.135,0,0,0,0,0,0,0,0,5508

Main.js:462 287.928,273.217,265.5,265.5,-0.001,0,0,0,82,0,0,0,0,0,0,0,33.758,85.232,-2.023,-1.469,282.971,209.922,-0.196,-2.492,0,0,0,0,267.414,101.745,267,-216,0.295,-0.864,-0.003,-0.05,78,194.152,87.216,-2.228,-1.135,0,0,0,0,0,0,0,0,5527

Main.js:462 287.927,273.216,265.5,265.5,-0.001,0,0,0,81,0,0,0,0,0,0,0,31.735,83.763,-2.023,-1.469,282.775,207.43,-0.196,-2.492,0,0,0,0,267.69,100.877,265.5,-219,0.277,-0.868,-0.004,-0.05,77,191.924,86.081,-2.228,-1.135,0,0,0,0,0,0,0,0,5543

Main.js:462 287.926,273.216,265.5,265.5,-0.001,0,0,0,80,0,0,0,0,0,0,0,29.713,82.293,-2.023,-1.469,282.579,204.937,-0.196,-2.492,0,0,0,0,267.948,100.005,264,-222,0.258,-0.872,-0.005,-0.05,76,189.697,84.946,-2.228,-1.135,0,0,0,0,0,0,0,0,5560

Main.js:462 287.926,273.216,265.5,265.5,-0.001,0,0,0,79,0,0,0,0,0,0,0,27.69,80.824,-2.023,-1.469,282.383,202.445,-0.196,-2.492,0,0,0,0,268.187,99.13,262.5,-225,0.239,-0.875,-0.007,-0.05,75,187.469,83.811,-2.228,-1.135,0,0,0,0,0,0,0,0,5577

Main.js:462 287.925,273.216,265.5,265.5,-0.001,0,0,0,78,0,0,0,0,0,0,0,25.668,79.354,-2.023,-1.469,282.186,199.953,-0.196,-2.492,0,0,0,0,268.407,98.251,261,-228,0.219,-0.879,-0.008,-0.049,74,185.242,82.676,-2.228,-1.135,0,0,0,0,0,0,0,0,5594

Main.js:462 287.924,273.215,265.5,265.5,-0.001,0,0,0,77,0,0,0,0,1,0,0,23.645,77.885,-2.023,-1.469,281.99,197.461,-0.196,-2.492,0,0,0,0,268.606,97.37,259.5,-231,0.2,-0.881,-0.009,-0.049,73,183.014,81.541,-2.228,-1.135,0,0,0,0,0,0,0,0,5609

Main.js:462 287.924,273.215,265.5,265.5,-0.001,0,0,0,76,0,0,0,0,1,0,0,21.623,76.415,-2.023,-1.469,281.794,194.968,-0.196,-2.492,0,0,0,0,268.786,96.486,258,-234,0.18,-0.884,-0.01,-0.049,72,180.787,80.406,-2.228,-1.135,0,0,0,0,0,0,0,0,5627

Main.js:462 287.923,273.215,265.5,265.5,-0.001,0,0,0,75,0,0,0,0,1,0,0,19.6,74.946,-2.023,-1.469,281.598,192.476,-0.196,-2.492,0,0,0,0,268.946,95.601,256.5,-237,0.16,-0.886,-0.012,-0.049,71,178.559,79.271,-2.228,-1.135,0,0,0,0,0,0,0,0,5643

Main.js:462 287.922,273.215,265.5,265.5,-0.001,0,0,0,74,0,0,0,0,1,0,0,17.578,73.477,-2.023,-1.469,281.402,189.984,-0.196,-2.492,0,0,0,0,269.086,94.713,255,-240,0.14,-0.887,-0.013,-0.048,70,176.332,78.136,-2.228,-1.135,0,0,0,0,0,0,0,0,5660

Main.js:462 287.922,273.214,265.5,265.5,-0.001,0,0,0,73,0,0,0,0,1,0,0,15.555,72.007,-2.023,-1.469,281.206,187.491,-0.196,-2.492,0,0,0,0,269.205,93.825,253.5,-243,0.119,-0.888,-0.014,-0.048,69,174.104,77.001,-2.228,-1.135,0,0,0,0,0,0,0,0,5678

Main.js:462 287.921,273.214,265.5,265.5,-0.001,0,0,0,72,0,0,0,0,1,0,0,13.533,70.538,-2.023,-1.469,281.01,184.999,-0.196,-2.492,0,0,0,0,269.303,92.936,252,-246,0.098,-0.889,-0.015,-0.048,68,171.877,75.866,-2.228,-1.135,0,0,0,0,0,0,0,0,5692

Main.js:462 287.921,273.214,265.5,265.5,0,0,0,0,71,0,0,0,0,0,0,0,11.51,69.068,-2.023,-1.469,280.813,182.507,-0.196,-2.492,0,0,0,0,269.381,92.046,250.5,-249,0.078,-0.89,-0.017,-0.047,67,169.649,74.731,-2.228,-1.135,0,0,0,0,0,0,0,0,5710

Main.js:462 287.92,273.214,265.5,265.5,0,0,0,0,70,0,0,0,0,0,0,0,9.487,67.599,-2.023,-1.469,280.617,180.014,-0.196,-2.492,0,0,0,0,269.438,91.157,249,-252,0.057,-0.889,-0.018,-0.047,66,167.422,73.596,-2.228,-1.135,0,0,0,0,0,0,0,0,5727

Main.js:462 287.92,273.214,265.5,265.5,0,0,0,0,69,0,0,0,0,0,0,0,7.465,66.129,-2.023,-1.469,280.421,177.522,-0.196,-2.492,0,0,0,0,269.474,90.268,247.5,-255,0.036,-0.889,-0.019,-0.046,65,165.194,72.461,-2.228,-1.135,0,0,0,0,0,0,0,0,5743

Main.js:462 287.92,273.213,265.5,265.5,0,0,0,0,68,0,0,0,0,0,0,0,5.442,64.66,-2.023,-1.469,280.225,175.03,-0.196,-2.492,0,0,0,0,269.488,89.38,246,-258,0.015,-0.888,-0.02,-0.046,64,162.967,71.326,-2.228,-1.135,0,0,0,0,0,0,0,0,5760

Main.js:462 287.919,273.213,265.5,265.5,0,0,0,0,67,0,0,0,0,0,0,0,3.42,63.19,-2.023,-1.469,280.029,172.538,-0.196,-2.492,0,0,0,0,269.482,88.494,244.5,-261,-0.007,-0.886,-0.022,-0.045,63,160.739,70.191,-2.228,-1.135,0,0,0,0,0,0,0,0,5777

Main.js:462 287.919,273.213,264,264,0,0,0,0,66,1,0,0,0,1,0,0,1.397,61.721,-2.023,-1.469,279.833,170.045,-0.196,-2.492,0,0,0,0,269.454,87.609,243,-264,-0.028,-0.884,-0.023,-0.045,62,158.512,69.056,-2.228,-1.135,0,0,0,0,0,0,0,0,5825

Main.js:462 287.918,273.213,262.5,262.5,0,0,0,0,65,1,0,0,0,1,0,0,279.637,167.553,-0.196,-2.492,0,0,0,0,0,0,0,0,269.405,86.728,241.5,-267,-0.049,-0.882,-0.024,-0.044,61,158.512,69.056,-2.228,-1.135,0,0,0,0,0,0,0,0,5843

Main.js:462 287.918,273.213,261,261,0,0,0,0,64,1,0,0,0,1,0,0,279.44,165.061,-0.196,-2.492,0,0,0,0,0,0,0,0,269.335,85.849,240,-270,-0.07,-0.879,-0.025,-0.043,60,156.284,67.921,-2.228,-1.135,0,0,0,0,0,0,0,0,5858

Main.js:462 287.918,273.213,259.5,259.5,0,0,0,0,63,1,0,0,0,1,0,0,279.244,162.568,-0.196,-2.492,0,0,0,0,0,0,0,0,269.243,84.973,238.5,-273,-0.092,-0.875,-0.026,-0.043,59,154.057,66.786,-2.228,-1.135,0,0,0,0,0,0,0,0,5877

Main.js:462 287.917,273.213,258,258,0,0,0,0,62,1,0,0,0,1,0,0,279.048,160.076,-0.196,-2.492,0,0,0,0,0,0,0,0,269.13,84.102,237,-276,-0.113,-0.871,-0.027,-0.042,58,151.829,65.651,-2.228,-1.135,0,0,0,0,0,0,0,0,5892

Main.js:462 287.917,273.213,256.5,256.5,0,0,0,0,61,1,0,0,0,0,0,0,278.852,157.584,-0.196,-2.492,0,0,0,0,0,0,0,0,268.996,83.235,235.5,-279,-0.134,-0.867,-0.028,-0.041,57,149.602,64.516,-2.228,-1.135,0,0,0,0,0,0,0,0,5909

Main.js:462 287.917,273.212,255,255,0,0,0,0,60,1,0,0,0,0,0,0,278.656,155.092,-0.196,-2.492,0,0,0,0,0,0,0,0,268.841,82.373,234,-282,-0.155,-0.862,-0.029,-0.04,56,147.374,63.381,-2.228,-1.135,0,0,0,0,0,0,0,0,5927

Main.js:462 287.917,273.212,255,255,0,0,0,0,59,0,0,0,0,0,0,0,278.46,152.599,-0.196,-2.492,0,0,0,0,0,0,0,0,268.664,81.516,232.5,-285,-0.177,-0.857,-0.03,-0.04,55,145.147,62.246,-2.228,-1.135,0,0,0,0,0,0,0,0,5942

Main.js:462 287.916,273.212,255,255,0,0,0,0,58,0,0,0,0,0,0,0,278.264,150.107,-0.196,-2.492,0,0,0,0,0,0,0,0,268.467,80.665,231,-288,-0.198,-0.851,-0.031,-0.039,54,142.919,61.111,-2.228,-1.135,0,0,0,0,0,0,0,0,5959

Main.js:462 287.916,273.212,255,255,0,0,0,0,57,0,0,0,0,0,0,0,278.067,147.615,-0.196,-2.492,0,0,0,0,0,0,0,0,268.248,79.821,229.5,-291,-0.219,-0.844,-0.032,-0.038,53,140.692,59.977,-2.228,-1.135,0,0,0,0,0,0,0,0,5976

Main.js:462 287.916,273.212,255,255,0,0,0,0,56,0,0,0,0,1,0,0,277.871,145.122,-0.196,-2.492,0,0,0,0,0,0,0,0,268.009,78.983,228,-294,-0.239,-0.837,-0.033,-0.037,52,138.464,58.842,-2.228,-1.135,0,0,0,0,0,0,0,0,5992

Main.js:462 287.916,273.212,255,255,0,0,0,0,55,0,0,0,0,1,0,0,277.675,142.63,-0.196,-2.492,0,0,0,0,0,0,0,0,267.749,78.153,226.5,-297,-0.26,-0.83,-0.034,-0.036,51,136.237,57.707,-2.228,-1.135,0,0,0,0,0,0,0,0,6009

Main.js:462 287.915,273.212,255,255,0,0,0,0,54,0,0,0,0,1,0,0,277.479,140.138,-0.196,-2.492,0,0,0,0,0,0,0,0,267.47,77.33,228,-297,-0.279,-0.824,-0.033,-0.037,50,134.009,56.572,-2.228,-1.135,0,0,0,0,0,0,0,0,6026

Main.js:462 287.915,273.212,255,255,0,0,0,0,53,0,0,0,0,1,0,0,277.283,137.646,-0.196,-2.492,0,0,0,0,0,0,0,0,267.174,76.511,229.5,-297,-0.296,-0.819,-0.032,-0.038,49,131.782,55.437,-2.228,-1.135,0,0,0,0,0,0,0,0,6042

Main.js:462 287.915,273.212,255,255,0,0,0,0,52,0,0,0,0,1,0,0,277.087,135.153,-0.196,-2.492,0,0,0,0,0,0,0,0,266.863,75.696,231,-297,-0.311,-0.815,-0.031,-0.039,48,129.554,54.302,-2.228,-1.135,0,0,0,0,0,0,0,0,6060

Main.js:462 287.915,273.212,255,255,0,0,0,0,51,0,0,0,0,0,0,0,276.89,132.661,-0.196,-2.492,0,0,0,0,0,0,0,0,266.539,74.884,232.5,-297,-0.324,-0.812,-0.03,-0.04,47,127.326,53.167,-2.228,-1.135,0,0,0,0,0,0,0,0,6076

Main.js:462 287.915,273.212,255,255,0,0,0,0,50,0,0,0,0,0,0,0,276.694,130.169,-0.196,-2.492,0,0,0,0,0,0,0,0,266.203,74.075,234,-297,-0.336,-0.81,-0.029,-0.04,46,125.099,52.032,-2.228,-1.135,0,0,0,0,0,0,0,0,6092

Main.js:462 287.915,273.212,255,255,0,0,0,0,49,0,0,0,0,0,0,0,276.498,127.676,-0.196,-2.492,0,0,0,0,0,0,0,0,265.856,73.267,235.5,-297,-0.346,-0.808,-0.028,-0.041,45,122.871,50.897,-2.228,-1.135,0,0,0,0,0,0,0,0,6112

Main.js:462 287.914,273.212,255,255,0,0,0,0,48,0,0,0,0,0,0,0,276.302,125.184,-0.196,-2.492,0,0,0,0,0,0,0,0,265.502,72.459,237,-297,-0.355,-0.808,-0.027,-0.042,44,120.644,49.762,-2.228,-1.135,0,0,0,0,0,0,0,0,6147

Main.js:462 287.914,273.211,255,255,0,0,0,0,47,0,0,0,0,1,0,0,276.106,122.692,-0.196,-2.492,0,0,0,0,0,0,0,0,265.14,71.651,238.5,-297,-0.362,-0.808,-0.026,-0.043,43,118.416,48.627,-2.228,-1.135,0,0,0,0,0,0,0,0,6159

Main.js:462 287.914,273.211,255,255,0,0,0,0,46,0,0,0,0,1,0,0,275.91,120.199,-0.196,-2.492,0,0,0,0,0,0,0,0,264.773,70.843,240,-297,-0.367,-0.808,-0.025,-0.043,42,116.189,47.492,-2.228,-1.135,0,0,0,0,0,0,0,0,6175

Main.js:462 287.914,273.211,255,255,0,0,0,0,45,0,0,0,0,1,0,0,275.714,117.707,-0.196,-2.492,0,0,0,0,0,0,0,0,264.401,70.033,241.5,-297,-0.372,-0.81,-0.024,-0.044,41,113.961,46.357,-2.228,-1.135,0,0,0,0,0,0,0,0,6193

Main.js:462 287.914,273.211,255,255,0,0,0,0,44,0,0,0,0,1,0,0,275.517,115.215,-0.196,-2.492,0,0,0,0,0,0,0,0,264.026,69.221,243,-297,-0.375,-0.812,-0.023,-0.045,40,111.734,45.222,-2.228,-1.135,0,0,0,0,0,0,0,0,6209

Main.js:462 287.914,273.211,255,255,0,0,0,0,43,0,0,0,0,1,0,0,275.321,112.723,-0.196,-2.492,0,0,0,0,0,0,0,0,263.65,68.407,244.5,-297,-0.376,-0.814,-0.022,-0.045,39,109.506,44.087,-2.228,-1.135,0,0,0,0,0,0,0,0,6226

Main.js:462 287.914,273.211,255,255,0,0,0,0,42,0,0,0,0,1,0,0,275.125,110.23,-0.196,-2.492,0,0,0,0,0,0,0,0,263.273,67.591,246,-297,-0.377,-0.817,-0.02,-0.046,38,107.279,42.952,-2.228,-1.135,0,0,0,0,0,0,0,0,6243

Main.js:462 287.914,273.211,255,255,0,0,0,0,41,0,0,0,0,0,0,0,274.929,107.738,-0.196,-2.492,0,0,0,0,0,0,0,0,262.897,66.771,247.5,-297,-0.376,-0.82,-0.019,-0.046,37,105.051,41.817,-2.228,-1.135,0,0,0,0,0,0,0,0,6260

Main.js:462 287.913,273.211,253.5,253.5,0,0,0,0,40,1,0,0,0,0,0,0,274.733,105.246,-0.196,-2.492,0,0,0,0,0,0,0,0,262.522,65.948,249,-297,-0.374,-0.823,-0.018,-0.047,36,102.824,40.682,-2.228,-1.135,0,0,0,0,0,0,0,0,6276

Main.js:462 287.913,273.211,252,252,0,0,0,0,39,1,0,0,0,0,0,0,274.537,102.753,-0.196,-2.492,0,0,0,0,0,0,0,0,262.151,65.121,250.5,-297,-0.372,-0.827,-0.017,-0.047,35,100.596,39.547,-2.228,-1.135,0,0,0,0,0,0,0,0,6294

Main.js:462 287.913,273.211,250.5,250.5,0,0,0,0,38,1,0,0,0,0,0,0,274.341,100.261,-0.196,-2.492,0,0,0,0,0,0,0,0,261.783,64.291,252,-297,-0.368,-0.831,-0.015,-0.048,34,98.369,38.412,-2.228,-1.135,0,0,0,0,0,0,0,0,6309

Main.js:462 287.913,273.211,249,249,0,0,0,0,37,1,0,0,0,0,0,0,274.144,97.769,-0.196,-2.492,0,0,0,0,0,0,0,0,261.42,63.456,253.5,-297,-0.363,-0.835,-0.014,-0.048,33,96.141,37.277,-2.228,-1.135,0,0,0,0,0,0,0,0,6327

Main.js:462 287.913,273.211,247.5,247.5,0,0,0,0,36,1,0,0,0,1,0,0,273.948,95.277,-0.196,-2.492,0,0,0,0,0,0,0,0,261.063,62.618,255,-297,-0.357,-0.839,-0.013,-0.048,32,93.914,36.142,-2.228,-1.135,0,0,0,0,0,0,0,0,6343

Main.js:462 287.913,273.211,246,246,0,0,0,0,35,1,0,0,0,1,0,0,273.752,92.784,-0.196,-2.492,0,0,0,0,0,0,0,0,260.713,61.775,256.5,-297,-0.35,-0.843,-0.012,-0.049,31,91.686,35.007,-2.228,-1.135,0,0,0,0,0,0,0,0,6360

Main.js:462 287.913,273.211,246,246,0,0,0,0,34,0,0,0,0,1,0,0,273.556,90.292,-0.196,-2.492,0,0,0,0,0,0,0,0,260.37,60.928,258,-297,-0.343,-0.847,-0.01,-0.049,30,89.459,33.872,-2.228,-1.135,0,0,0,0,0,0,0,0,6376

Main.js:462 287.913,273.211,246,246,0,0,0,0,33,0,0,0,0,1,0,0,273.36,87.8,-0.196,-2.492,0,0,0,0,0,0,0,0,260.036,60.076,259.5,-297,-0.334,-0.852,-0.009,-0.049,29,87.231,32.737,-2.228,-1.135,0,0,0,0,0,0,0,0,6392

Main.js:462 287.913,273.211,246,246,0,0,0,0,32,0,0,0,0,1,0,0,273.164,85.307,-0.196,-2.492,0,0,0,0,0,0,0,0,259.712,59.22,261,-297,-0.325,-0.856,-0.008,-0.049,28,85.004,31.602,-2.228,-1.135,0,0,0,0,0,0,0,0,6409

Main.js:462 287.913,273.211,246,246,0,0,0,0,31,0,0,0,0,1,0,0,272.968,82.815,-0.196,-2.492,0,0,0,0,0,0,0,0,259.397,58.36,262.5,-297,-0.315,-0.86,-0.007,-0.05,27,82.776,30.467,-2.228,-1.135,0,0,0,0,0,0,0,0,6427

Main.js:462 287.913,273.211,246,246,0,0,0,0,30,0,0,0,0,0,0,0,272.771,80.323,-0.196,-2.492,0,0,0,0,0,0,0,0,259.093,57.495,264,-297,-0.304,-0.864,-0.005,-0.05,26,80.549,29.332,-2.228,-1.135,0,0,0,0,0,0,0,0,6442

Main.js:462 287.913,273.211,246,246,0,0,0,0,29,0,0,0,0,0,0,0,272.575,77.83,-0.196,-2.492,0,0,0,0,0,0,0,0,258.8,56.627,265.5,-297,-0.293,-0.869,-0.004,-0.05,25,78.321,28.197,-2.228,-1.135,0,0,0,0,0,0,0,0,6460

Main.js:462 287.913,273.211,246,246,0,0,0,0,28,0,0,0,0,0,0,0,272.379,75.338,-0.196,-2.492,0,0,0,0,0,0,0,0,258.52,55.754,267,-297,-0.28,-0.873,-0.003,-0.05,24,76.094,27.062,-2.228,-1.135,0,0,0,0,0,0,0,0,6477

Main.js:462 287.912,273.211,246,246,0,0,0,0,27,0,0,0,0,0,0,0,272.183,72.846,-0.196,-2.492,0,0,0,0,0,0,0,0,258.252,54.878,268.5,-297,-0.268,-0.876,-0.001,-0.05,23,73.866,25.927,-2.228,-1.135,0,0,0,0,0,0,0,0,6492

Main.js:462 287.912,273.211,246,246,0,0,0,0,26,0,0,0,0,0,0,0,271.987,70.354,-0.196,-2.492,0,0,0,0,0,0,0,0,257.998,53.998,270,-297,-0.254,-0.88,0,-0.05,22,71.639,24.792,-2.228,-1.135,0,0,0,0,0,0,0,0,6510

Main.js:462 287.912,273.211,246,246,0,0,0,0,25,0,0,0,0,1,0,0,271.791,67.861,-0.196,-2.492,0,0,0,0,0,0,0,0,257.757,53.114,270,-298.5,-0.242,-0.884,0,-0.05,21,69.411,23.657,-2.228,-1.135,0,0,0,0,0,0,0,0,6527

Main.js:462 287.912,273.211,246,246,0,0,0,0,24,0,0,0,0,1,0,0,271.791,67.861,-0.196,-2.492,0,0,0,0,0,0,0,0,257.527,52.227,270,-300,-0.229,-0.887,0,-0.05,20,69.411,23.657,-2.228,-1.135,0,0,0,0,0,0,0,0,6543

