Main.js:143 myTank.x,myTank.y,myTank.rotation,myTank.cannonRotation,myTank.velocityX,myTank.velocityY,myTank.accelerationX,myTank.accelerationY,myTank.shootCooldown,myTank.controls.turnLeft,myTank.controls.turnRight,myTank.controls.goForward,myTank.controls.goBack,myTank.controls.shoot,myTank.controls.cannonLeft,myTank.controls.cannonRight,myBullet1.x,myBullet1.y,myBullet1.velocityX,myBullet1.velocityY,myBullet2.x,myBullet2.y,myBullet2.velocityX,myBullet2.velocityY,myBullet3.x,myBullet3.y,myBullet3.velocityX,myBullet3.velocityY,enemyTank.x,enemyTank.y,enemyTank.rotation,enemyTank.cannonRotation,enemyTank.velocityX,enemyTank.velocityY,enemyTank.accelerationX,enemyTank.accelerationY,enemyTank.shootCooldown,enemyBullet1.x,enemyBullet1.y,enemyBullet1.velocityX,enemyBullet1.velocityY,enemyBullet2.x,enemyBullet2.y,enemyBullet2.velocityX,enemyBullet2.velocityY,enemyBullet3.x,enemyBullet3.y,enemyBullet3.velocityX,enemyBullet3.velocityY,currentGameTime
Main.js:462 50,173,0,0,0,0,0,0,0,0,0,0,0,0,0,0,0,0,0,0,0,0,0,0,0,0,0,0,450,327,180,180,0,0,0,0,0,0,0,0,0,0,0,0,0,0,0,0,0,5

Main.js:462 50,173,0,0,0,0,0,0,0,0,0,0,0,0,0,0,0,0,0,0,0,0,0,0,0,0,0,0,450,327,180,180,0,0,0,0,0,0,0,0,0,0,0,0,0,0,0,0,0,33

Main.js:462 50,173,0,0,0,0,0,0,0,0,0,0,0,0,0,0,0,0,0,0,0,0,0,0,0,0,0,0,449.953,326.999,181.5,180,-0.047,-0.001,-0.05,-0.001,99,0,0,0,0,0,0,0,0,0,0,0,0,49

Main.js:462 50,173,0,0,0,0,0,0,0,0,0,0,0,0,0,0,0,0,0,0,0,0,0,0,0,0,0,0,449.86,326.995,183,180,-0.093,-0.004,-0.05,-0.003,98,426.5,327,-2.5,0,0,0,0,0,0,0,0,0,64

Main.js:462 50,173,0,0,0,0,0,0,0,0,0,0,0,0,0,0,0,0,0,0,0,0,0,0,0,0,0,0,449.725,326.988,184.5,180,-0.135,-0.007,-0.05,-0.004,97,424,327,-2.5,0,0,0,0,0,0,0,0,0,81

Main.js:462 50,173,0,0,0,0,0,0,0,0,0,0,0,0,0,0,0,0,0,0,0,0,0,0,0,0,0,0,449.549,326.976,186,180,-0.176,-0.012,-0.05,-0.005,96,421.5,327,-2.5,0,0,0,0,0,0,0,0,0,98

Main.js:462 50,173,0,0,0,0,0,0,0,0,0,0,0,0,0,0,0,0,0,0,0,0,0,0,0,0,0,0,449.335,326.959,187.5,180,-0.214,-0.017,-0.05,-0.007,95,419,327,-2.5,0,0,0,0,0,0,0,0,0,115

Main.js:462 50,173,0,0,0,0,0,0,0,0,0,0,0,0,0,0,0,0,0,0,0,0,0,0,0,0,0,0,449.085,326.935,189,180,-0.25,-0.024,-0.049,-0.008,94,416.5,327,-2.5,0,0,0,0,0,0,0,0,0,132

Main.js:462 50,173,0,0,0,0,0,0,0,0,0,0,0,0,0,0,0,0,0,0,0,0,0,0,0,0,0,0,448.8,326.903,190.5,180,-0.284,-0.031,-0.049,-0.009,93,414,327,-2.5,0,0,0,0,0,0,0,0,0,149

Main.js:462 50,173,0,0,0,0,0,0,0,0,0,0,0,0,0,0,0,0,0,0,0,0,0,0,0,0,0,0,448.483,326.863,192,180,-0.317,-0.04,-0.049,-0.01,92,411.5,327,-2.5,0,0,0,0,0,0,0,0,0,165

Main.js:462 50,173,0,0,0,0,0,0,0,0,0,0,0,0,0,0,0,0,0,0,0,0,0,0,0,0,0,0,448.136,326.815,193.5,180,-0.347,-0.049,-0.049,-0.012,91,409,327,-2.5,0,0,0,0,0,0,0,0,0,182

Main.js:462 50.048,173,0,0,0.048,0,0.05,0,0,0,0,1,0,0,0,0,0,0,0,0,0,0,0,0,0,0,0,0,447.761,326.756,195,180,-0.376,-0.059,-0.048,-0.013,90,406.5,327,-2.5,0,0,0,0,0,0,0,0,0,198

Main.js:462 50.14,173,0,0,0.093,0,0.05,0,0,0,0,1,0,0,0,0,0,0,0,0,0,0,0,0,0,0,0,0,447.359,326.687,196.5,180,-0.402,-0.069,-0.048,-0.014,89,404,327,-2.5,0,0,0,0,0,0,0,0,0,214

Main.js:462 50.276,173,0,0,0.135,0,0.05,0,0,0,0,1,0,0,0,0,0,0,0,0,0,0,0,0,0,0,0,0,446.931,326.606,198,180,-0.427,-0.08,-0.048,-0.015,88,401.5,327,-2.5,0,0,0,0,0,0,0,0,0,231

Main.js:462 50.452,173,0,0,0.176,0,0.05,0,0,0,0,1,0,0,0,0,0,0,0,0,0,0,0,0,0,0,0,0,446.48,326.514,199.5,180,-0.451,-0.092,-0.047,-0.017,87,399,327,-2.5,0,0,0,0,0,0,0,0,0,248

Main.js:462 50.667,173,0,0,0.215,0,0.05,0,0,0,0,1,0,0,0,0,0,0,0,0,0,0,0,0,0,0,0,0,446.008,326.409,201,180,-0.473,-0.105,-0.047,-0.018,86,396.5,327,-2.5,0,0,0,0,0,0,0,0,0,264

Main.js:462 50.918,173,0,0,0.252,0,0.05,0,0,0,0,1,0,0,0,0,0,0,0,0,0,0,0,0,0,0,0,0,445.515,326.292,202.5,180,-0.493,-0.118,-0.046,-0.019,85,394,327,-2.5,0,0,0,0,0,0,0,0,0,282

Main.js:462 51.205,173,0,0,0.287,0,0.05,0,0,0,0,1,0,0,0,0,0,0,0,0,0,0,0,0,0,0,0,0,445.003,326.16,204,180,-0.512,-0.131,-0.046,-0.02,84,391.5,327,-2.5,0,0,0,0,0,0,0,0,0,299

Main.js:462 51.525,173,0,0,0.32,0,0.05,0,0,0,0,1,0,0,0,0,0,0,0,0,0,0,0,0,0,0,0,0,444.474,326.015,205.5,180,-0.529,-0.145,-0.045,-0.022,83,389,327,-2.5,0,0,0,0,0,0,0,0,0,315

Main.js:462 51.876,173,0,0,0.351,0,0.05,0,0,0,0,1,0,0,0,0,0,0,0,0,0,0,0,0,0,0,0,0,443.93,325.856,207,180,-0.545,-0.159,-0.045,-0.023,82,386.5,327,-2.5,0,0,0,0,0,0,0,0,0,331

Main.js:462 52.257,173,0,0,0.381,0,0.05,0,0,0,0,1,0,0,0,0,0,0,0,0,0,0,0,0,0,0,0,0,443.37,325.682,208.5,180,-0.559,-0.174,-0.044,-0.024,81,384,327,-2.5,0,0,0,0,0,0,0,0,0,349

Main.js:462 52.667,173,0,0,0.41,0,0.05,0,0,0,0,1,0,0,0,0,0,0,0,0,0,0,0,0,0,0,0,0,442.798,325.493,210,180,-0.572,-0.189,-0.043,-0.025,80,381.5,327,-2.5,0,0,0,0,0,0,0,0,0,364

Main.js:462 53.103,173,0,0,0.437,0,0.05,0,0,0,0,1,0,0,0,0,0,0,0,0,0,0,0,0,0,0,0,0,442.213,325.289,211.5,180,-0.584,-0.204,-0.043,-0.026,79,379,327,-2.5,0,0,0,0,0,0,0,0,0,381

Main.js:462 53.566,173,0,0,0.462,0,0.05,0,0,0,0,1,0,0,0,0,0,0,0,0,0,0,0,0,0,0,0,0,441.618,325.069,213,180,-0.595,-0.22,-0.042,-0.027,78,376.5,327,-2.5,0,0,0,0,0,0,0,0,0,399

Main.js:462 54.053,173,0,0,0.487,0,0.05,0,0,0,0,1,0,0,0,0,0,0,0,0,0,0,0,0,0,0,0,0,441.014,324.833,214.5,180,-0.604,-0.236,-0.041,-0.028,77,374,327,-2.5,0,0,0,0,0,0,0,0,0,415

Main.js:462 54.562,173,0,0,0.51,0,0.05,0,0,0,0,1,0,0,0,0,0,0,0,0,0,0,0,0,0,0,0,0,440.402,324.581,216,180,-0.613,-0.252,-0.04,-0.029,76,371.5,327,-2.5,0,0,0,0,0,0,0,0,0,433

Main.js:462 55.094,173,0,0,0.532,0,0.05,0,0,0,0,1,0,0,0,0,0,0,0,0,0,0,0,0,0,0,0,0,439.782,324.312,217.5,180,-0.62,-0.268,-0.04,-0.03,75,369,327,-2.5,0,0,0,0,0,0,0,0,0,449

Main.js:462 55.647,173,0,0,0.553,0,0.05,0,0,0,0,1,0,0,0,0,0,0,0,0,0,0,0,0,0,0,0,0,439.156,324.027,219,180,-0.626,-0.285,-0.039,-0.031,74,366.5,327,-2.5,0,0,0,0,0,0,0,0,0,465

Main.js:462 56.22,173,0,0,0.573,0,0.05,0,0,0,0,1,0,0,0,0,0,0,0,0,0,0,0,0,0,0,0,0,438.526,323.726,220.5,180,-0.63,-0.301,-0.038,-0.032,73,364,327,-2.5,0,0,0,0,0,0,0,0,0,482

Main.js:462 56.811,173,0,0,0.592,0,0.05,0,0,0,0,1,0,0,0,0,0,0,0,0,0,0,0,0,0,0,0,0,437.892,323.408,222,180,-0.634,-0.318,-0.037,-0.033,72,361.5,327,-2.5,0,0,0,0,0,0,0,0,0,499

Main.js:462 57.421,173,0,0,0.609,0,0.05,0,0,0,0,1,0,0,0,0,0,0,0,0,0,0,0,0,0,0,0,0,437.255,323.073,223.5,180,-0.637,-0.335,-0.036,-0.034,71,359,327,-2.5,0,0,0,0,0,0,0,0,0,515

Main.js:462 58.047,173,0,0,0.626,0,0.05,0,0,0,0,1,0,0,0,0,0,0,0,0,0,0,0,0,0,0,0,0,436.615,322.722,223.5,178.5,-0.64,-0.351,-0.036,-0.034,70,356.5,327,-2.5,0,0,0,0,0,0,0,0,0,582

Main.js:462 58.69,173,0,0,0.643,0,0.05,0,0,0,0,1,0,0,0,0,0,0,0,0,0,0,0,0,0,0,0,0,435.973,322.356,223.5,177,-0.642,-0.366,-0.036,-0.034,69,354,327,-2.5,0,0,0,0,0,0,0,0,0,598

Main.js:462 59.348,173,0,0,0.658,0,0.05,0,0,0,0,1,0,0,0,0,0,0,0,0,0,0,0,0,0,0,0,0,435.329,321.975,223.5,175.5,-0.644,-0.38,-0.036,-0.034,68,351.5,327,-2.5,0,0,0,0,0,0,0,0,0,615

Main.js:462 60.02,173,0,0,0.673,0,0.05,0,0,0,0,1,0,0,0,0,0,0,0,0,0,0,0,0,0,0,0,0,434.682,321.581,223.5,174,-0.647,-0.394,-0.036,-0.034,67,349,327,-2.5,0,0,0,0,0,0,0,0,0,632

Main.js:462 60.707,173,0,0,0.686,0,0.05,0,0,0,0,1,0,0,0,0,0,0,0,0,0,0,0,0,0,0,0,0,434.034,321.174,223.5,172.5,-0.649,-0.407,-0.036,-0.034,66,346.5,327,-2.5,0,0,0,0,0,0,0,0,0,649

Main.js:462 61.407,173,0,0,0.7,0,0.05,0,0,0,0,1,0,0,0,0,0,0,0,0,0,0,0,0,0,0,0,0,433.383,320.754,223.5,171,-0.651,-0.419,-0.036,-0.034,65,344,327,-2.5,0,0,0,0,0,0,0,0,0,665

Main.js:462 62.119,173.001,1.5,1.5,0.712,0.001,0.05,0.001,0,0,1,1,0,0,0,0,0,0,0,0,0,0,0,0,0,0,0,0,432.73,320.323,223.5,169.5,-0.653,-0.431,-0.036,-0.034,64,341.5,327,-2.5,0,0,0,0,0,0,0,0,0,682

Main.js:462 62.843,173.005,3,3,0.724,0.004,0.05,0.003,0,0,1,1,0,0,0,0,0,0,0,0,0,0,0,0,0,0,0,0,432.076,319.881,223.5,168,-0.654,-0.442,-0.036,-0.034,63,339,327,-2.5,0,0,0,0,0,0,0,0,0,699

Main.js:462 63.578,173.012,4.5,4.5,0.735,0.007,0.05,0.004,0,0,1,1,0,0,0,0,0,0,0,0,0,0,0,0,0,0,0,0,431.42,319.428,223.5,166.5,-0.656,-0.453,-0.036,-0.034,62,336.5,327,-2.5,0,0,0,0,0,0,0,0,0,716

Main.js:462 64.323,173.024,6,6,0.746,0.012,0.05,0.005,0,0,1,1,0,0,0,0,0,0,0,0,0,0,0,0,0,0,0,0,430.762,318.965,223.5,165,-0.658,-0.463,-0.036,-0.034,61,334,327,-2.5,0,0,0,0,0,0,0,0,0,733

Main.js:462 65.079,173.041,7.5,7.5,0.755,0.017,0.05,0.007,0,0,1,1,0,0,0,0,0,0,0,0,0,0,0,0,0,0,0,0,430.102,318.493,223.5,163.5,-0.659,-0.473,-0.036,-0.034,60,331.5,327,-2.5,0,0,0,0,0,0,0,0,0,749

Main.js:462 65.843,173.065,9,9,0.765,0.024,0.049,0.008,0,0,1,1,0,0,0,0,0,0,0,0,0,0,0,0,0,0,0,0,429.441,318.011,223.5,162,-0.661,-0.482,-0.036,-0.034,59,329,327,-2.5,0,0,0,0,0,0,0,0,0,765

Main.js:462 66.617,173.097,10.5,10.5,0.773,0.031,0.049,0.009,0,0,1,1,0,0,0,0,0,0,0,0,0,0,0,0,0,0,0,0,428.779,317.521,223.5,160.5,-0.662,-0.49,-0.036,-0.034,58,326.5,327,-2.5,0,0,0,0,0,0,0,0,0,781

Main.js:462 67.397,173.137,12,12,0.781,0.04,0.049,0.01,0,0,1,1,0,0,0,0,0,0,0,0,0,0,0,0,0,0,0,0,428.115,317.022,223.5,159,-0.664,-0.498,-0.036,-0.034,57,324,327,-2.5,0,0,0,0,0,0,0,0,0,798

Main.js:462 68.185,173.185,13.5,13.5,0.788,0.049,0.049,0.012,0,0,1,1,0,0,0,0,0,0,0,0,0,0,0,0,0,0,0,0,427.45,316.516,223.5,157.5,-0.665,-0.506,-0.036,-0.034,56,321.5,327,-2.5,0,0,0,0,0,0,0,0,0,815

Main.js:462 68.98,173.244,15,15,0.794,0.059,0.048,0.013,0,0,1,1,0,0,0,0,0,0,0,0,0,0,0,0,0,0,0,0,426.784,316.003,223.5,156,-0.666,-0.514,-0.036,-0.034,55,319,327,-2.5,0,0,0,0,0,0,0,0,0,832

Main.js:462 69.78,173.313,16.5,16.5,0.8,0.069,0.048,0.014,0,0,1,1,0,0,0,0,0,0,0,0,0,0,0,0,0,0,0,0,426.117,315.482,223.5,154.5,-0.667,-0.521,-0.036,-0.034,54,316.5,327,-2.5,0,0,0,0,0,0,0,0,0,849

Main.js:462 70.586,173.393,16.5,16.5,0.806,0.079,0.048,0.014,0,0,0,1,0,0,0,0,0,0,0,0,0,0,0,0,0,0,0,0,425.449,314.955,223.5,153,-0.668,-0.527,-0.036,-0.034,53,314,327,-2.5,0,0,0,0,0,0,0,0,0,866

Main.js:462 71.397,173.481,16.5,16.5,0.811,0.089,0.048,0.014,0,0,0,1,0,0,0,0,0,0,0,0,0,0,0,0,0,0,0,0,424.779,314.421,223.5,151.5,-0.669,-0.534,-0.036,-0.034,52,311.5,327,-2.5,0,0,0,0,0,0,0,0,0,881

Main.js:462 72.213,173.579,16.5,16.5,0.816,0.098,0.048,0.014,0,0,0,1,0,0,0,0,0,0,0,0,0,0,0,0,0,0,0,0,424.109,313.882,223.5,150,-0.67,-0.54,-0.036,-0.034,51,309,327,-2.5,0,0,0,0,0,0,0,0,0,899

Main.js:462 73.034,173.687,18,18,0.82,0.108,0.048,0.015,0,0,1,1,0,0,0,0,0,0,0,0,0,0,0,0,0,0,0,0,423.437,313.336,223.5,148.5,-0.671,-0.545,-0.036,-0.034,50,306.5,327,-2.5,0,0,0,0,0,0,0,0,0,915

Main.js:462 73.858,173.805,19.5,19.5,0.824,0.118,0.047,0.017,0,0,1,1,0,0,0,0,0,0,0,0,0,0,0,0,0,0,0,0,422.765,312.786,223.5,147,-0.672,-0.551,-0.036,-0.034,49,304,327,-2.5,0,0,0,0,0,0,0,0,0,932

Main.js:462 74.685,173.934,21,21,0.827,0.129,0.047,0.018,0,0,1,1,0,0,0,0,0,0,0,0,0,0,0,0,0,0,0,0,422.092,312.23,223.5,145.5,-0.673,-0.556,-0.036,-0.034,48,301.5,327,-2.5,0,0,0,0,0,0,0,0,0,949

Main.js:462 75.515,174.075,22.5,22.5,0.83,0.141,0.046,0.019,0,0,1,1,0,0,0,0,0,0,0,0,0,0,0,0,0,0,0,0,421.418,311.669,223.5,144,-0.674,-0.561,-0.036,-0.034,47,299,327,-2.5,0,0,0,0,0,0,0,0,0,965

Main.js:462 76.347,174.228,24,24,0.832,0.153,0.046,0.02,0,0,1,1,0,0,0,0,0,0,0,0,0,0,0,0,0,0,0,0,420.744,311.103,223.5,142.5,-0.675,-0.565,-0.036,-0.034,46,296.5,327,-2.5,0,0,0,0,0,0,0,0,0,981

Main.js:462 77.18,174.393,24,24,0.834,0.165,0.046,0.02,0,0,0,1,0,0,0,0,0,0,0,0,0,0,0,0,0,0,0,0,420.068,310.534,223.5,141,-0.675,-0.57,-0.036,-0.034,45,294,327,-2.5,0,0,0,0,0,0,0,0,0,998

Main.js:462 78.016,174.569,24,24,0.835,0.176,0.046,0.02,0,0,0,1,0,0,0,0,0,0,0,0,0,0,0,0,0,0,0,0,419.392,309.96,223.5,139.5,-0.676,-0.574,-0.036,-0.034,44,291.5,327,-2.5,0,0,0,0,0,0,0,0,0,1014

Main.js:462 78.853,174.756,24,24,0.837,0.186,0.046,0.02,0,0,0,1,0,0,0,0,0,0,0,0,0,0,0,0,0,0,0,0,418.715,309.382,222,136.5,-0.678,-0.577,-0.037,-0.033,43,289,327,-2.5,0,0,0,0,0,0,0,0,0,1032

Main.js:462 79.691,174.952,24,24,0.838,0.196,0.046,0.02,0,0,0,1,0,0,0,0,0,0,0,0,0,0,0,0,0,0,0,0,418.035,308.803,220.5,133.5,-0.68,-0.579,-0.038,-0.032,42,286.5,327,-2.5,0,0,0,0,0,0,0,0,0,1049

Main.js:462 80.531,175.158,24,24,0.84,0.206,0.046,0.02,0,0,0,1,0,0,0,0,0,0,0,0,0,0,0,0,0,0,0,0,417.352,308.223,219,130.5,-0.683,-0.58,-0.039,-0.031,41,284,327,-2.5,0,0,0,0,0,0,0,0,0,1064

Main.js:462 81.372,175.373,24,24,0.841,0.215,0.046,0.02,0,0,0,1,0,0,0,0,0,0,0,0,0,0,0,0,0,0,0,0,416.666,307.643,217.5,127.5,-0.686,-0.58,-0.04,-0.03,40,281.5,327,-2.5,0,0,0,0,0,0,0,0,0,1083

Main.js:462 82.215,175.597,24,24,0.843,0.224,0.046,0.02,0,0,0,1,0,0,0,0,0,0,0,0,0,0,0,0,0,0,0,0,415.976,307.064,216,124.5,-0.69,-0.579,-0.04,-0.029,39,279,327,-2.5,0,0,0,0,0,0,0,0,0,1099

Main.js:462 83.059,175.828,24,24,0.844,0.232,0.046,0.02,99,0,0,1,0,1,0,0,0,0,0,0,0,0,0,0,0,0,0,0,415.281,306.487,214.5,121.5,-0.695,-0.577,-0.041,-0.028,38,276.5,327,-2.5,0,0,0,0,0,0,0,0,0,1115

Main.js:462 83.904,176.068,24,24,0.845,0.239,0.046,0.02,98,0,0,1,0,1,0,0,103.683,185.155,2.284,1.017,0,0,0,0,0,0,0,0,414.581,305.913,213,118.5,-0.7,-0.574,-0.042,-0.027,37,274,327,-2.5,0,0,0,0,0,0,0,0,0,1132

Main.js:462 84.75,176.315,24,24,0.846,0.247,0.046,0.02,97,0,0,1,0,1,0,0,105.967,186.172,2.284,1.017,0,0,0,0,0,0,0,0,413.875,305.343,211.5,115.5,-0.706,-0.57,-0.043,-0.026,36,271.5,327,-2.5,0,0,0,0,0,0,0,0,0,1149

Main.js:462 85.597,176.568,24,24,0.847,0.254,0.046,0.02,96,0,0,1,0,1,0,0,108.251,187.189,2.284,1.017,0,0,0,0,0,0,0,0,413.164,304.778,210,112.5,-0.711,-0.565,-0.043,-0.025,35,269,327,-2.5,0,0,0,0,0,0,0,0,0,1165

Main.js:462 86.446,176.829,24,24,0.848,0.26,0.046,0.02,95,0,0,1,0,1,0,0,110.535,188.206,2.284,1.017,0,0,0,0,0,0,0,0,412.446,304.218,208.5,109.5,-0.718,-0.56,-0.044,-0.024,34,266.5,327,-2.5,0,0,0,0,0,0,0,0,0,1181

Main.js:462 87.295,177.096,24,24,0.849,0.267,0.046,0.02,94,0,0,1,0,1,0,0,112.819,189.222,2.284,1.017,0,0,0,0,0,0,0,0,411.722,303.665,207,106.5,-0.724,-0.553,-0.045,-0.023,33,264,327,-2.5,0,0,0,0,0,0,0,0,0,1199

Main.js:462 88.145,177.368,24,24,0.85,0.273,0.046,0.02,93,0,0,1,0,0,0,0,115.102,190.239,2.284,1.017,0,0,0,0,0,0,0,0,410.991,303.119,205.5,103.5,-0.731,-0.546,-0.045,-0.022,32,261.5,327,-2.5,0,0,0,0,0,0,0,0,0,1215

Main.js:462 88.997,177.647,24,24,0.851,0.278,0.046,0.02,92,0,0,1,0,0,0,0,117.386,191.256,2.284,1.017,0,0,0,0,0,0,0,0,410.254,302.581,204,100.5,-0.738,-0.538,-0.046,-0.02,31,259,327,-2.5,0,0,0,0,0,0,0,0,0,1232

Main.js:462 89.849,177.93,24,24,0.852,0.284,0.046,0.02,91,0,0,1,0,0,0,0,119.67,192.273,2.284,1.017,0,0,0,0,0,0,0,0,409.509,302.052,202.5,97.5,-0.745,-0.529,-0.046,-0.019,30,256.5,327,-2.5,0,0,0,0,0,0,0,0,0,1248

Main.js:462 90.701,178.219,24,24,0.853,0.289,0.046,0.02,90,0,0,1,0,0,0,0,121.954,193.29,2.284,1.017,0,0,0,0,0,0,0,0,408.757,301.532,201,94.5,-0.752,-0.52,-0.047,-0.018,29,254,327,-2.5,0,0,0,0,0,0,0,0,0,1265

Main.js:462 91.555,178.513,24,24,0.854,0.294,0.046,0.02,89,0,0,1,0,0,0,0,124.238,194.307,2.284,1.017,0,0,0,0,0,0,0,0,407.998,301.022,199.5,91.5,-0.759,-0.51,-0.047,-0.017,28,251.5,327,-2.5,0,0,0,0,0,0,0,0,0,1282

Main.js:462 92.409,178.811,24,24,0.854,0.298,0.046,0.02,88,0,0,1,0,0,0,0,126.522,195.323,2.284,1.017,0,0,0,0,0,0,0,0,407.232,300.523,198,88.5,-0.766,-0.499,-0.048,-0.015,27,249,327,-2.5,0,0,0,0,0,0,0,0,0,1299

Main.js:462 93.264,179.114,24,24,0.855,0.303,0.046,0.02,87,0,0,1,0,0,0,0,128.806,196.34,2.284,1.017,0,0,0,0,0,0,0,0,406.459,300.036,196.5,85.5,-0.773,-0.487,-0.048,-0.014,26,246.5,327,-2.5,0,0,0,0,0,0,0,0,0,1315

Main.js:462 94.12,179.421,24,24,0.856,0.307,0.046,0.02,86,0,0,1,0,0,0,0,131.09,197.357,2.284,1.017,0,0,0,0,0,0,0,0,405.678,299.56,195,82.5,-0.781,-0.475,-0.048,-0.013,25,244,327,-2.5,0,0,0,0,0,0,0,0,0,1332

Main.js:462 94.976,179.732,24,24,0.856,0.311,0.046,0.02,85,0,0,1,0,0,0,0,133.373,198.374,2.284,1.017,0,0,0,0,0,0,0,0,404.891,299.097,193.5,79.5,-0.788,-0.463,-0.049,-0.012,24,241.5,327,-2.5,0,0,0,0,0,0,0,0,0,1349

Main.js:462 95.832,180.047,24,24,0.857,0.315,0.046,0.02,84,0,0,1,0,0,0,0,135.657,199.391,2.284,1.017,0,0,0,0,0,0,0,0,404.096,298.648,192,76.5,-0.795,-0.449,-0.049,-0.01,23,239,327,-2.5,0,0,0,0,0,0,0,0,0,1366

Main.js:462 96.69,180.365,24,24,0.857,0.318,0.046,0.02,83,0,0,1,0,0,0,0,137.941,200.408,2.284,1.017,0,0,0,0,0,0,0,0,403.294,298.212,190.5,73.5,-0.802,-0.436,-0.049,-0.009,22,236.5,327,-2.5,0,0,0,0,0,0,0,0,0,1382

Main.js:462 97.548,180.687,24,24,0.858,0.322,0.046,0.02,82,0,0,1,0,0,0,0,140.225,201.425,2.284,1.017,0,0,0,0,0,0,0,0,402.485,297.791,189,70.5,-0.809,-0.421,-0.049,-0.008,21,234,327,-2.5,0,0,0,0,0,0,0,0,0,1398

Main.js:462 98.406,181.012,24,24,0.858,0.325,0.046,0.02,81,0,0,1,0,0,0,0,142.509,202.441,2.284,1.017,0,0,0,0,0,0,0,0,401.67,297.385,187.5,67.5,-0.815,-0.406,-0.05,-0.007,20,231.5,327,-2.5,0,0,0,0,0,0,0,0,0,1416

Main.js:462 99.265,181.34,24,24,0.859,0.328,0.046,0.02,80,0,0,1,0,0,0,0,144.793,203.458,2.284,1.017,0,0,0,0,0,0,0,0,400.848,296.994,186,64.5,-0.822,-0.391,-0.05,-0.005,19,229,327,-2.5,0,0,0,0,0,0,0,0,0,1432

Main.js:462 100.124,181.671,24,24,0.859,0.331,0.046,0.02,79,0,0,1,0,0,0,0,147.077,204.475,2.284,1.017,0,0,0,0,0,0,0,0,400.02,296.618,184.5,61.5,-0.828,-0.375,-0.05,-0.004,18,226.5,327,-2.5,0,0,0,0,0,0,0,0,0,1449

Main.js:462 100.984,182.005,24,24,0.86,0.334,0.046,0.02,78,0,0,1,0,0,0,0,149.36,205.492,2.284,1.017,0,0,0,0,0,0,0,0,399.186,296.259,183,58.5,-0.834,-0.359,-0.05,-0.003,17,224,327,-2.5,0,0,0,0,0,0,0,0,0,1465

Main.js:462 101.844,182.341,24,24,0.86,0.336,0.046,0.02,77,0,0,1,0,0,0,0,151.644,206.509,2.284,1.017,0,0,0,0,0,0,0,0,398.347,295.917,181.5,55.5,-0.84,-0.342,-0.05,-0.001,16,221.5,327,-2.5,0,0,0,0,0,0,0,0,0,1482

Main.js:462 102.704,182.68,24,24,0.861,0.339,0.046,0.02,76,0,0,1,0,0,0,0,153.928,207.526,2.284,1.017,0,0,0,0,0,0,0,0,397.501,295.592,180,52.5,-0.845,-0.325,-0.05,0,15,219,327,-2.5,0,0,0,0,0,0,0,0,0,1499

Main.js:462 103.565,183.021,24,24,0.861,0.341,0.046,0.02,75,0,0,1,0,0,0,0,156.212,208.542,2.284,1.017,0,0,0,0,0,0,0,0,396.651,295.284,178.5,49.5,-0.851,-0.308,-0.05,0.001,14,216.5,327,-2.5,0,0,0,0,0,0,0,0,0,1516

Main.js:462 104.427,183.365,24,24,0.861,0.343,0.046,0.02,74,0,0,1,0,0,0,0,158.496,209.559,2.284,1.017,0,0,0,0,0,0,0,0,395.795,294.994,177,46.5,-0.855,-0.29,-0.05,0.003,13,214,327,-2.5,0,0,0,0,0,0,0,0,0,1581

Main.js:462 105.288,183.71,24,24,0.862,0.346,0.046,0.02,73,0,0,1,0,0,0,0,160.78,210.576,2.284,1.017,0,0,0,0,0,0,0,0,394.935,294.723,175.5,43.5,-0.86,-0.272,-0.05,0.004,12,211.5,327,-2.5,0,0,0,0,0,0,0,0,0,1614

Main.js:462 106.15,184.058,24,24,0.862,0.348,0.046,0.02,72,0,0,1,0,0,0,0,163.064,211.593,2.284,1.017,0,0,0,0,0,0,0,0,394.071,294.47,174,40.5,-0.864,-0.253,-0.05,0.005,11,209,327,-2.5,0,0,0,0,0,0,0,0,0,1630

Main.js:462 107.012,184.407,24,24,0.862,0.35,0.046,0.02,71,0,0,1,0,0,0,0,165.347,212.61,2.284,1.017,0,0,0,0,0,0,0,0,393.203,294.236,172.5,37.5,-0.868,-0.234,-0.05,0.007,10,206.5,327,-2.5,0,0,0,0,0,0,0,0,0,1648

Main.js:462 107.875,184.759,24,24,0.862,0.351,0.046,0.02,70,0,0,1,0,0,0,0,167.631,213.627,2.284,1.017,0,0,0,0,0,0,0,0,392.331,294.021,171,34.5,-0.872,-0.215,-0.049,0.008,9,204,327,-2.5,0,0,0,0,0,0,0,0,0,1665

Main.js:462 108.737,185.112,24,24,0.863,0.353,0.046,0.02,69,0,0,1,0,0,0,0,169.915,214.643,2.284,1.017,0,0,0,0,0,0,0,0,391.456,293.825,169.5,31.5,-0.875,-0.196,-0.049,0.009,8,201.5,327,-2.5,0,0,0,0,0,0,0,0,0,1682

Main.js:462 109.6,185.467,24,24,0.863,0.355,0.046,0.02,68,0,0,1,0,0,0,0,172.199,215.66,2.284,1.017,0,0,0,0,0,0,0,0,390.579,293.649,168,28.5,-0.878,-0.176,-0.049,0.01,7,199,327,-2.5,0,0,0,0,0,0,0,0,0,1699

Main.js:462 110.464,185.823,24,24,0.863,0.356,0.046,0.02,67,0,0,1,0,0,0,0,174.483,216.677,2.284,1.017,0,0,0,0,0,0,0,0,389.699,293.493,166.5,25.5,-0.88,-0.156,-0.049,0.012,6,196.5,327,-2.5,0,0,0,0,0,0,0,0,0,1730

Main.js:462 111.327,186.181,24,24,0.863,0.358,0.046,0.02,66,0,0,1,0,0,0,0,176.767,217.694,2.284,1.017,0,0,0,0,0,0,0,0,388.817,293.357,165,22.5,-0.882,-0.136,-0.048,0.013,5,194,327,-2.5,0,0,0,0,0,0,0,0,0,1749

Main.js:462 112.191,186.541,24,24,0.864,0.359,0.046,0.02,65,0,0,1,0,0,0,0,179.051,218.711,2.284,1.017,0,0,0,0,0,0,0,0,387.934,293.241,163.5,19.5,-0.883,-0.116,-0.048,0.014,4,191.5,327,-2.5,0,0,0,0,0,0,0,0,0,1765

Main.js:462 113.055,186.901,24,24,0.864,0.361,0.046,0.02,64,0,0,1,0,0,0,0,181.335,219.728,2.284,1.017,0,0,0,0,0,0,0,0,387.05,293.146,162,16.5,-0.884,-0.095,-0.048,0.015,3,189,327,-2.5,0,0,0,0,0,0,0,0,0,1782

Main.js:462 113.919,187.263,24,24,0.864,0.362,0.046,0.02,63,0,0,1,0,0,0,0,183.618,220.745,2.284,1.017,0,0,0,0,0,0,0,0,386.165,293.071,160.5,13.5,-0.885,-0.075,-0.047,0.017,2,186.5,327,-2.5,0,0,0,0,0,0,0,0,0,1798

Main.js:462 114.783,187.627,24,24,0.864,0.363,0.046,0.02,62,0,0,1,0,0,0,0,185.902,221.761,2.284,1.017,0,0,0,0,0,0,0,0,385.28,293.018,159,10.5,-0.885,-0.054,-0.047,0.018,1,184,327,-2.5,0,0,0,0,0,0,0,0,0,1816

Main.js:462 115.647,187.991,24,24,0.864,0.364,0.046,0.02,61,0,0,1,0,0,0,0,188.186,222.778,2.284,1.017,0,0,0,0,0,0,0,0,384.396,292.985,157.5,7.5,-0.884,-0.033,-0.046,0.019,0,181.5,327,-2.5,0,0,0,0,0,0,0,0,0,1832

Main.js:462 116.512,188.356,24,24,0.865,0.365,0.046,0.02,60,0,0,1,0,0,0,0,190.47,223.795,2.284,1.017,0,0,0,0,0,0,0,0,383.512,292.973,156,4.5,-0.884,-0.012,-0.046,0.02,99,179,327,-2.5,0,0,0,0,0,0,0,0,0,1848

Main.js:462 117.377,188.723,24,24,0.865,0.367,0.046,0.02,59,0,0,1,0,0,0,0,192.754,224.812,2.284,1.017,0,0,0,0,0,0,0,0,382.63,292.982,154.5,1.5,-0.882,0.009,-0.045,0.022,98,176.5,327,-2.5,0,407.823,294.828,2.492,0.196,0,0,0,0,1866

Main.js:462 118.242,189.09,24,24,0.865,0.368,0.046,0.02,58,0,0,1,0,0,0,0,195.038,225.829,2.284,1.017,0,0,0,0,0,0,0,0,381.749,293.012,153,358.5,-0.881,0.03,-0.045,0.023,97,174,327,-2.5,0,410.316,295.025,2.492,0.196,0,0,0,0,1882

Main.js:462 119.107,189.459,24,24,0.865,0.368,0.046,0.02,57,0,0,1,0,0,0,0,197.322,226.846,2.284,1.017,0,0,0,0,0,0,0,0,380.871,293.063,151.5,355.5,-0.878,0.051,-0.044,0.024,96,171.5,327,-2.5,0,412.808,295.221,2.492,0.196,0,0,0,0,1898

Main.js:462 119.972,189.828,24,24,0.865,0.369,0.046,0.02,56,0,0,1,0,0,0,0,199.605,227.862,2.284,1.017,0,0,0,0,0,0,0,0,379.995,293.136,150,352.5,-0.876,0.072,-0.043,0.025,95,169,327,-2.5,0,415.3,295.417,2.492,0.196,0,0,0,0,1914

Main.js:462 120.837,190.199,24,24,0.865,0.37,0.046,0.02,55,0,0,1,0,0,0,0,201.889,228.879,2.284,1.017,0,0,0,0,0,0,0,0,379.123,293.229,148.5,349.5,-0.872,0.094,-0.043,0.026,94,166.5,327,-2.5,0,417.793,295.613,2.492,0.196,0,0,0,0,1931

Main.js:462 121.703,190.57,24,24,0.865,0.371,0.046,0.02,54,0,0,1,0,0,0,0,204.173,229.896,2.284,1.017,0,0,0,0,0,0,0,0,378.255,293.344,147,346.5,-0.868,0.115,-0.042,0.027,93,164,327,-2.5,0,420.285,295.809,2.492,0.196,0,0,0,0,1950

Main.js:462 122.569,190.941,24,24,0.866,0.372,0.046,0.02,53,0,0,1,0,0,0,0,206.457,230.913,2.284,1.017,0,0,0,0,0,0,0,0,377.391,293.48,145.5,343.5,-0.864,0.136,-0.041,0.028,92,161.5,327,-2.5,0,422.777,296.005,2.492,0.196,0,0,0,0,1966

Main.js:462 123.434,191.314,24,24,0.866,0.373,0.046,0.02,52,0,0,1,0,0,0,0,208.741,231.93,2.284,1.017,0,0,0,0,0,0,0,0,376.531,293.637,144,340.5,-0.859,0.157,-0.04,0.029,91,159,327,-2.5,0,425.269,296.201,2.492,0.196,0,0,0,0,1982

Main.js:462 124.3,191.687,24,24,0.866,0.373,0.046,0.02,51,0,0,1,0,0,0,0,211.025,232.947,2.284,1.017,0,0,0,0,0,0,0,0,375.677,293.815,142.5,337.5,-0.854,0.178,-0.04,0.03,90,156.5,327,-2.5,0,427.762,296.398,2.492,0.196,0,0,0,0,1998

Main.js:462 125.166,192.061,24,24,0.866,0.374,0.046,0.02,50,0,0,1,0,0,0,0,213.309,233.963,2.284,1.017,0,0,0,0,0,0,0,0,374.829,294.015,141,334.5,-0.848,0.199,-0.039,0.031,89,154,327,-2.5,0,430.254,296.594,2.492,0.196,0,0,0,0,2014

Main.js:462 126.032,192.435,24,24,0.866,0.374,0.046,0.02,49,0,0,1,0,0,0,0,215.592,234.98,2.284,1.017,0,0,0,0,0,0,0,0,373.985,294.233,142.5,334.5,-0.844,0.218,-0.04,0.03,88,151.5,327,-2.5,0,432.746,296.79,2.492,0.196,0,0,0,0,2031

Main.js:462 126.898,192.811,24,24,0.866,0.375,0.046,0.02,48,0,0,1,0,0,0,0,217.876,235.997,2.284,1.017,0,0,0,0,0,0,0,0,373.145,294.468,144,334.5,-0.84,0.235,-0.04,0.029,87,149,327,-2.5,0,435.239,296.986,2.492,0.196,0,0,0,0,2050

Main.js:462 127.764,193.186,24,24,0.866,0.376,0.046,0.02,47,0,0,1,0,0,0,0,220.16,237.014,2.284,1.017,0,0,0,0,0,0,0,0,372.308,294.718,145.5,334.5,-0.837,0.25,-0.041,0.028,86,146.5,327,-2.5,0,437.731,297.182,2.492,0.196,0,0,0,0,2065

Main.js:462 128.631,193.562,24,24,0.866,0.376,0.046,0.02,46,0,0,1,0,0,0,0,222.444,238.031,2.284,1.017,0,0,0,0,0,0,0,0,371.473,294.982,147,334.5,-0.835,0.264,-0.042,0.027,85,144,327,-2.5,0,440.223,297.378,2.492,0.196,0,0,0,0,2081

Main.js:462 129.497,193.939,24,24,0.866,0.377,0.046,0.02,45,0,0,1,0,0,0,0,224.728,239.048,2.284,1.017,0,0,0,0,0,0,0,0,370.64,295.257,148.5,334.5,-0.834,0.275,-0.043,0.026,84,141.5,327,-2.5,0,442.715,297.574,2.492,0.196,0,0,0,0,2098

Main.js:462 130.363,194.316,24,24,0.866,0.377,0.046,0.02,44,0,0,1,0,0,0,0,227.012,240.065,2.284,1.017,0,0,0,0,0,0,0,0,369.806,295.543,150,334.5,-0.833,0.285,-0.043,0.025,83,139,327,-2.5,0,445.208,297.771,2.492,0.196,0,0,0,0,2116

Main.js:462 131.23,194.694,24,24,0.867,0.378,0.046,0.02,43,0,0,1,0,0,0,0,229.296,241.081,2.284,1.017,0,0,0,0,0,0,0,0,368.973,295.836,151.5,334.5,-0.833,0.294,-0.044,0.024,82,136.5,327,-2.5,0,447.7,297.967,2.492,0.196,0,0,0,0,2133

Main.js:462 132.097,195.072,24,24,0.867,0.378,0.046,0.02,42,0,0,1,0,0,0,0,231.58,242.098,2.284,1.017,0,0,0,0,0,0,0,0,368.139,296.137,153,334.5,-0.834,0.301,-0.045,0.023,81,134,327,-2.5,0,450.192,298.163,2.492,0.196,0,0,0,0,2150

Main.js:462 132.963,195.45,24,24,0.867,0.379,0.046,0.02,41,0,0,1,0,0,0,0,233.863,243.115,2.284,1.017,0,0,0,0,0,0,0,0,367.304,296.443,154.5,334.5,-0.835,0.306,-0.045,0.022,80,131.5,327,-2.5,0,452.685,298.359,2.492,0.196,0,0,0,0,2165

Main.js:462 133.83,195.829,24,24,0.867,0.379,0.046,0.02,40,0,0,1,0,0,0,0,236.147,244.132,2.284,1.017,0,0,0,0,0,0,0,0,366.467,296.753,156,334.5,-0.837,0.31,-0.046,0.02,79,129,327,-2.5,0,455.177,298.555,2.492,0.196,0,0,0,0,2183

Main.js:462 134.697,196.209,24,24,0.867,0.379,0.046,0.02,39,0,0,1,0,0,0,0,238.431,245.149,2.284,1.017,0,0,0,0,0,0,0,0,365.629,297.065,157.5,334.5,-0.839,0.313,-0.046,0.019,78,126.5,327,-2.5,0,457.669,298.751,2.492,0.196,0,0,0,0,2199

Main.js:462 135.563,196.588,24,24,0.867,0.38,0.046,0.02,38,0,0,1,0,0,0,0,240.715,246.166,2.284,1.017,0,0,0,0,0,0,0,0,364.787,297.379,159,334.5,-0.841,0.314,-0.047,0.018,77,124,327,-2.5,0,460.162,298.948,2.492,0.196,0,0,0,0,2215

Main.js:462 136.43,196.968,24,24,0.867,0.38,0.046,0.02,37,0,0,1,0,0,0,0,242.999,247.182,2.284,1.017,0,0,0,0,0,0,0,0,363.944,297.694,160.5,334.5,-0.844,0.314,-0.047,0.017,76,121.5,327,-2.5,0,462.654,299.144,2.492,0.196,0,0,0,0,2232

Main.js:462 137.297,197.349,24,24,0.867,0.38,0.046,0.02,36,0,0,1,0,0,0,0,245.283,248.199,2.284,1.017,0,0,0,0,0,0,0,0,363.097,298.007,162,334.5,-0.847,0.313,-0.048,0.015,75,119,327,-2.5,0,465.146,299.34,2.492,0.196,0,0,0,0,2247

Main.js:462 138.164,197.729,24,24,0.867,0.381,0.046,0.02,35,0,0,1,0,0,0,0,247.567,249.216,2.284,1.017,0,0,0,0,0,0,0,0,362.247,298.318,163.5,334.5,-0.85,0.311,-0.048,0.014,74,116.5,327,-2.5,0,467.638,299.536,2.492,0.196,0,0,0,0,2265

Main.js:462 139.031,198.11,24,24,0.867,0.381,0.046,0.02,34,0,0,1,0,0,0,0,249.85,250.233,2.284,1.017,0,0,0,0,0,0,0,0,361.393,298.626,165,334.5,-0.853,0.308,-0.048,0.013,73,114,327,-2.5,0,470.131,299.732,2.492,0.196,0,0,0,0,2281

Main.js:462 139.898,198.491,24,24,0.867,0.381,0.046,0.02,33,0,0,1,0,0,0,0,252.134,251.25,2.284,1.017,0,0,0,0,0,0,0,0,360.536,298.929,166.5,334.5,-0.857,0.303,-0.049,0.012,72,111.5,327,-2.5,0,472.623,299.928,2.492,0.196,0,0,0,0,2299

Main.js:462 140.765,198.873,24,24,0.867,0.381,0.046,0.02,32,0,0,1,0,0,0,0,254.418,252.267,2.284,1.017,0,0,0,0,0,0,0,0,359.676,299.227,168,334.5,-0.861,0.298,-0.049,0.01,71,109,327,-2.5,0,475.115,300.124,2.492,0.196,0,0,0,0,2316

Main.js:462 141.633,199.254,24,24,0.867,0.382,0.046,0.02,31,0,0,1,0,0,0,0,256.702,253.283,2.284,1.017,0,0,0,0,0,0,0,0,358.811,299.519,169.5,334.5,-0.864,0.292,-0.049,0.009,70,106.5,327,-2.5,0,477.608,300.321,2.492,0.196,0,0,0,0,2330

Main.js:462 142.5,199.636,24,24,0.867,0.382,0.046,0.02,30,0,0,1,0,0,0,0,258.986,254.3,2.284,1.017,0,0,0,0,0,0,0,0,357.943,299.804,171,334.5,-0.868,0.285,-0.049,0.008,69,104,327,-2.5,0,480.1,300.517,2.492,0.196,0,0,0,0,2348

Main.js:462 143.367,200.018,24,24,0.867,0.382,0.046,0.02,29,0,0,1,0,0,0,0,261.27,255.317,2.284,1.017,0,0,0,0,0,0,0,0,357.072,300.081,172.5,334.5,-0.872,0.277,-0.05,0.007,68,101.5,327,-2.5,0,482.592,300.713,2.492,0.196,0,0,0,0,2366

Main.js:462 144.234,200.401,24,24,0.867,0.382,0.046,0.02,28,0,0,1,0,0,0,0,263.554,256.334,2.284,1.017,0,0,0,0,0,0,0,0,356.196,300.349,174,334.5,-0.875,0.268,-0.05,0.005,67,99,327,-2.5,0,485.084,300.909,2.492,0.196,0,0,0,0,2381

Main.js:462 145.101,200.783,24,24,0.867,0.383,0.046,0.02,27,0,0,1,0,0,0,0,265.837,257.351,2.284,1.017,0,0,0,0,0,0,0,0,355.317,300.607,175.5,334.5,-0.879,0.258,-0.05,0.004,66,96.5,327,-2.5,0,487.577,301.105,2.492,0.196,0,0,0,0,2398

Main.js:462 145.969,201.166,24,24,0.867,0.383,0.046,0.02,26,0,0,1,0,0,0,0,268.121,258.368,2.284,1.017,0,0,0,0,0,0,0,0,354.435,300.854,177,334.5,-0.882,0.248,-0.05,0.003,65,94,327,-2.5,0,490.069,301.301,2.492,0.196,0,0,0,0,2415

Main.js:462 146.836,201.549,24,24,0.867,0.383,0.046,0.02,25,0,0,1,0,0,0,0,270.405,259.385,2.284,1.017,0,0,0,0,0,0,0,0,353.549,301.091,178.5,334.5,-0.886,0.237,-0.05,0.001,64,91.5,327,-2.5,0,492.561,301.497,2.492,0.196,0,0,0,0,2431

Main.js:462 147.703,201.932,24,24,0.867,0.383,0.046,0.02,24,0,0,1,0,0,0,0,272.689,260.401,2.284,1.017,0,0,0,0,0,0,0,0,352.66,301.316,180,334.5,-0.889,0.225,-0.05,0,63,89,327,-2.5,0,495.054,301.694,2.492,0.196,0,0,0,0,2449

Main.js:462 148.571,202.315,24,24,0.867,0.383,0.046,0.02,23,0,0,1,0,0,0,0,274.973,261.418,2.284,1.017,0,0,0,0,0,0,0,0,351.768,301.528,181.5,334.5,-0.892,0.212,-0.05,-0.001,62,86.5,327,-2.5,0,497.546,301.89,2.492,0.196,0,0,0,0,2465

Main.js:462 149.438,202.699,24,24,0.867,0.383,0.046,0.02,22,0,0,1,0,0,0,0,277.257,262.435,2.284,1.017,0,0,0,0,0,0,0,0,350.873,301.727,183,334.5,-0.895,0.199,-0.05,-0.003,61,84,327,-2.5,0,0,0,0,0,0,0,0,0,2483

Main.js:462 150.306,203.082,24,24,0.867,0.384,0.046,0.02,21,0,0,1,0,0,0,0,279.541,263.452,2.284,1.017,0,0,0,0,0,0,0,0,349.976,301.913,184.5,334.5,-0.897,0.186,-0.05,-0.004,60,81.5,327,-2.5,0,0,0,0,0,0,0,0,0,2499

Main.js:462 151.173,203.466,24,24,0.867,0.384,0.046,0.02,20,0,0,1,0,0,0,0,281.825,264.469,2.284,1.017,0,0,0,0,0,0,0,0,349.076,302.084,186,334.5,-0.9,0.171,-0.05,-0.005,59,79,327,-2.5,0,0,0,0,0,0,0,0,0,2516

Main.js:462 152.041,203.85,24,24,0.867,0.384,0.046,0.02,19,0,0,1,0,0,0,0,284.108,265.486,2.284,1.017,0,0,0,0,0,0,0,0,348.174,302.242,186,333,-0.902,0.158,-0.05,-0.005,58,76.5,327,-2.5,0,0,0,0,0,0,0,0,0,2532

Main.js:462 152.908,204.234,24,24,0.867,0.384,0.046,0.02,18,0,0,1,0,0,0,0,286.392,266.502,2.284,1.017,0,0,0,0,0,0,0,0,347.27,302.387,186,331.5,-0.904,0.145,-0.05,-0.005,57,74,327,-2.5,0,0,0,0,0,0,0,0,0,2550

Main.js:462 153.776,204.618,24,24,0.868,0.384,0.046,0.02,17,0,0,1,0,0,0,0,288.676,267.519,2.284,1.017,0,0,0,0,0,0,0,0,346.364,302.519,186,330,-0.906,0.133,-0.05,-0.005,56,71.5,327,-2.5,0,0,0,0,0,0,0,0,0,2565

Main.js:462 154.643,205.002,24,24,0.868,0.384,0.046,0.02,16,0,0,1,0,0,0,0,290.96,268.536,2.284,1.017,0,0,0,0,0,0,0,0,345.455,302.64,186,328.5,-0.908,0.121,-0.05,-0.005,55,69,327,-2.5,0,0,0,0,0,0,0,0,0,2583

Main.js:462 155.511,205.386,24,24,0.868,0.384,0.046,0.02,15,0,0,1,0,0,0,0,293.244,269.553,2.284,1.017,0,0,0,0,0,0,0,0,344.545,302.751,186,327,-0.91,0.11,-0.05,-0.005,54,66.5,327,-2.5,0,0,0,0,0,0,0,0,0,2599

Main.js:462 156.378,205.771,24,24,0.868,0.384,0.046,0.02,14,0,0,1,0,0,0,0,295.528,270.57,2.284,1.017,0,0,0,0,0,0,0,0,343.634,302.85,186,325.5,-0.912,0.1,-0.05,-0.005,53,64,327,-2.5,0,0,0,0,0,0,0,0,0,2619

Main.js:462 157.246,206.155,24,24,0.868,0.385,0.046,0.02,13,0,0,1,0,0,0,0,297.812,271.587,2.284,1.017,0,0,0,0,0,0,0,0,342.72,302.94,186,324,-0.913,0.09,-0.05,-0.005,52,61.5,327,-2.5,0,0,0,0,0,0,0,0,0,2633

Main.js:462 158.113,206.54,24,24,0.868,0.385,0.046,0.02,12,0,0,1,0,0,0,0,300.095,272.603,2.284,1.017,0,0,0,0,0,0,0,0,341.805,303.02,186,322.5,-0.915,0.08,-0.05,-0.005,51,59,327,-2.5,0,0,0,0,0,0,0,0,0,2648

Main.js:462 158.981,206.925,24,24,0.868,0.385,0.046,0.02,11,0,0,1,0,0,0,0,302.379,273.62,2.284,1.017,0,0,0,0,0,0,0,0,340.889,303.091,186,321,-0.916,0.071,-0.05,-0.005,50,56.5,327,-2.5,0,0,0,0,0,0,0,0,0,2667

Main.js:462 159.849,207.309,24,24,0.868,0.385,0.046,0.02,10,0,0,1,0,0,0,0,304.663,274.637,2.284,1.017,0,0,0,0,0,0,0,0,339.971,303.154,186,319.5,-0.918,0.063,-0.05,-0.005,49,54,327,-2.5,0,0,0,0,0,0,0,0,0,2682

Main.js:462 160.716,207.694,24,24,0.868,0.385,0.046,0.02,9,0,0,1,0,0,0,0,306.947,275.654,2.284,1.017,0,0,0,0,0,0,0,0,339.052,303.209,186,318,-0.919,0.055,-0.05,-0.005,48,51.5,327,-2.5,0,0,0,0,0,0,0,0,0,2699

Main.js:462 161.584,208.079,24,24,0.868,0.385,0.046,0.02,8,0,0,1,0,0,0,0,309.231,276.671,2.284,1.017,0,0,0,0,0,0,0,0,338.131,303.255,186,316.5,-0.92,0.047,-0.05,-0.005,47,49,327,-2.5,0,0,0,0,0,0,0,0,0,2715

Main.js:462 162.451,208.464,24,24,0.868,0.385,0.046,0.02,7,0,0,1,0,0,0,0,311.515,277.688,2.284,1.017,0,0,0,0,0,0,0,0,337.21,303.295,186,315,-0.922,0.04,-0.05,-0.005,46,46.5,327,-2.5,0,0,0,0,0,0,0,0,0,2731

Main.js:462 163.319,208.849,24,24,0.868,0.385,0.046,0.02,6,0,0,1,0,0,0,0,313.799,278.705,2.284,1.017,0,0,0,0,0,0,0,0,336.287,303.328,186,313.5,-0.923,0.033,-0.05,-0.005,45,44,327,-2.5,0,0,0,0,0,0,0,0,0,2749

Main.js:462 164.187,209.235,24,24,0.868,0.385,0.046,0.02,5,0,0,1,0,0,0,0,316.082,279.721,2.284,1.017,0,0,0,0,0,0,0,0,335.363,303.354,186,312,-0.924,0.026,-0.05,-0.005,44,41.5,327,-2.5,0,0,0,0,0,0,0,0,0,2765

Main.js:462 165.055,209.62,24,24,0.868,0.385,0.046,0.02,4,0,0,1,0,0,0,0,318.366,280.738,2.284,1.017,0,0,0,0,0,0,0,0,334.438,303.373,186,310.5,-0.925,0.02,-0.05,-0.005,43,39,327,-2.5,0,0,0,0,0,0,0,0,0,2783

Main.js:462 165.922,210.005,24,24,0.868,0.385,0.046,0.02,3,0,0,1,0,0,0,0,320.65,281.755,2.284,1.017,0,0,0,0,0,0,0,0,333.512,303.387,186,309,-0.926,0.014,-0.05,-0.005,42,36.5,327,-2.5,0,0,0,0,0,0,0,0,0,2797

Main.js:462 166.79,210.39,24,24,0.868,0.385,0.046,0.02,2,0,0,1,0,0,0,0,322.934,282.772,2.284,1.017,0,0,0,0,0,0,0,0,332.585,303.395,186,307.5,-0.927,0.008,-0.05,-0.005,41,34,327,-2.5,0,0,0,0,0,0,0,0,0,2818

Main.js:462 167.658,210.776,24,24,0.868,0.385,0.046,0.02,1,0,0,1,0,0,0,0,325.218,283.789,2.284,1.017,0,0,0,0,0,0,0,0,331.657,303.398,186,306,-0.928,0.003,-0.05,-0.005,40,31.5,327,-2.5,0,0,0,0,0,0,0,0,0,2832

Main.js:462 168.525,211.161,24,24,0.868,0.385,0.046,0.02,0,0,0,1,0,0,0,0,327.502,284.806,2.284,1.017,0,0,0,0,0,0,0,0,330.728,303.396,186,304.5,-0.929,-0.002,-0.05,-0.005,39,29,327,-2.5,0,0,0,0,0,0,0,0,0,2849

Main.js:462 169.393,211.547,24,24,0.868,0.385,0.046,0.02,0,0,0,1,0,0,0,0,329.786,285.822,2.284,1.017,0,0,0,0,0,0,0,0,329.799,303.389,186,303,-0.929,-0.007,-0.05,-0.005,38,26.5,327,-2.5,0,0,0,0,0,0,0,0,0,2866

Main.js:462 170.261,211.932,24,24,0.868,0.386,0.046,0.02,0,0,0,1,0,0,0,0,332.07,286.839,2.284,1.017,0,0,0,0,0,0,0,0,328.869,303.377,186,301.5,-0.93,-0.012,-0.05,-0.005,37,24,327,-2.5,0,0,0,0,0,0,0,0,0,2881

Main.js:462 171.129,212.318,24,24,0.868,0.386,0.046,0.02,0,0,0,1,0,0,0,0,334.353,287.856,2.284,1.017,0,0,0,0,0,0,0,0,327.938,303.361,186,300,-0.931,-0.016,-0.05,-0.005,36,21.5,327,-2.5,0,0,0,0,0,0,0,0,0,2899

Main.js:462 171.996,212.703,24,24,0.868,0.386,0.046,0.02,0,0,0,1,0,0,0,0,334.353,287.856,2.284,1.017,0,0,0,0,0,0,0,0,327.006,303.341,186,298.5,-0.932,-0.02,-0.05,-0.005,35,21.5,327,-2.5,0,0,0,0,0,0,0,0,0,2915

