Main.js:143 myTank.x,myTank.y,myTank.rotation,myTank.cannonRotation,myTank.velocityX,myTank.velocityY,myTank.accelerationX,myTank.accelerationY,myTank.shootCooldown,myTank.controls.turnLeft,myTank.controls.turnRight,myTank.controls.goForward,myTank.controls.goBack,myTank.controls.shoot,myTank.controls.cannonLeft,myTank.controls.cannonRight,myBullet1.x,myBullet1.y,myBullet1.velocityX,myBullet1.velocityY,myBullet2.x,myBullet2.y,myBullet2.velocityX,myBullet2.velocityY,myBullet3.x,myBullet3.y,myBullet3.velocityX,myBullet3.velocityY,enemyTank.x,enemyTank.y,enemyTank.rotation,enemyTank.cannonRotation,enemyTank.velocityX,enemyTank.velocityY,enemyTank.accelerationX,enemyTank.accelerationY,enemyTank.shootCooldown,enemyBullet1.x,enemyBullet1.y,enemyBullet1.velocityX,enemyBullet1.velocityY,enemyBullet2.x,enemyBullet2.y,enemyBullet2.velocityX,enemyBullet2.velocityY,enemyBullet3.x,enemyBullet3.y,enemyBullet3.velocityX,enemyBullet3.velocityY,currentGameTime
Main.js:462 450,182,180,180,0,0,0,0,0,0,0,0,0,0,0,0,0,0,0,0,0,0,0,0,0,0,0,0,50,318,0,0,0,0,0,0,0,0,0,0,0,0,0,0,0,0,0,0,0,4

Main.js:462 450,182,180,180,0,0,0,0,0,0,0,0,0,0,0,0,0,0,0,0,0,0,0,0,0,0,0,0,50,318,0,0,0,0,0,0,0,0,0,0,0,0,0,0,0,0,0,0,0,31

Main.js:462 450,182,180,180,0,0,0,0,0,0,0,0,0,0,0,0,0,0,0,0,0,0,0,0,0,0,0,0,50.047,318.001,1.5,0,0.047,0.001,0.05,0.001,99,0,0,0,0,0,0,0,0,0,0,0,0,64

Main.js:462 450,182,180,180,0,0,0,0,0,0,0,0,0,0,0,0,0,0,0,0,0,0,0,0,0,0,0,0,50.14,318.005,3,0,0.093,0.004,0.05,0.003,98,73.5,318,2.5,0,0,0,0,0,0,0,0,0,81

Main.js:462 450,182,180,180,0,0,0,0,0,0,0,0,0,0,0,0,0,0,0,0,0,0,0,0,0,0,0,0,50.275,318.012,4.5,0,0.135,0.007,0.05,0.004,97,76,318,2.5,0,0,0,0,0,0,0,0,0,97

Main.js:462 450,182,180,180,0,0,0,0,0,0,0,0,0,0,0,0,0,0,0,0,0,0,0,0,0,0,0,0,50.451,318.024,6,0,0.176,0.012,0.05,0.005,96,78.5,318,2.5,0,0,0,0,0,0,0,0,0,115

Main.js:462 450,182,180,180,0,0,0,0,0,0,0,0,0,0,0,0,0,0,0,0,0,0,0,0,0,0,0,0,50.665,318.041,7.5,0,0.214,0.017,0.05,0.007,95,81,318,2.5,0,0,0,0,0,0,0,0,0,131

Main.js:462 450,182,180,180,0,0,0,0,0,0,0,0,0,0,0,0,0,0,0,0,0,0,0,0,0,0,0,0,50.915,318.065,9,0,0.25,0.024,0.049,0.008,94,83.5,318,2.5,0,0,0,0,0,0,0,0,0,148

Main.js:462 450,182,180,180,0,0,0,0,0,0,0,0,0,0,0,0,0,0,0,0,0,0,0,0,0,0,0,0,51.2,318.097,10.5,0,0.284,0.031,0.049,0.009,93,86,318,2.5,0,0,0,0,0,0,0,0,0,165

Main.js:462 450,182,180,180,0,0,0,0,0,0,0,0,0,0,0,0,0,0,0,0,0,0,0,0,0,0,0,0,51.517,318.137,12,0,0.317,0.04,0.049,0.01,92,88.5,318,2.5,0,0,0,0,0,0,0,0,0,181

Main.js:462 450,182,180,180,0,0,0,0,0,0,0,0,0,0,0,0,0,0,0,0,0,0,0,0,0,0,0,0,51.864,318.185,13.5,0,0.347,0.049,0.049,0.012,91,91,318,2.5,0,0,0,0,0,0,0,0,0,197

Main.js:462 450,182,180,180,0,0,0,0,0,0,0,0,0,0,0,0,0,0,0,0,0,0,0,0,0,0,0,0,52.239,318.244,15,0,0.376,0.059,0.048,0.013,90,93.5,318,2.5,0,0,0,0,0,0,0,0,0,214

Main.js:462 450,182,180,180,0,0,0,0,0,0,0,0,0,0,0,0,0,0,0,0,0,0,0,0,0,0,0,0,52.641,318.313,16.5,0,0.402,0.069,0.048,0.014,89,96,318,2.5,0,0,0,0,0,0,0,0,0,231

Main.js:462 450,182,180,180,0,0,0,0,0,0,0,0,0,0,0,0,0,0,0,0,0,0,0,0,0,0,0,0,53.069,318.394,18,0,0.427,0.08,0.048,0.015,88,98.5,318,2.5,0,0,0,0,0,0,0,0,0,247

Main.js:462 450,182,180,180,0,0,0,0,0,0,0,0,0,0,0,0,0,0,0,0,0,0,0,0,0,0,0,0,53.52,318.486,19.5,0,0.451,0.092,0.047,0.017,87,101,318,2.5,0,0,0,0,0,0,0,0,0,264

Main.js:462 450,182,180,180,0,0,0,0,0,0,0,0,0,0,0,0,0,0,0,0,0,0,0,0,0,0,0,0,53.992,318.591,21,0,0.473,0.105,0.047,0.018,86,103.5,318,2.5,0,0,0,0,0,0,0,0,0,281

Main.js:462 450,182,180,180,0,0,0,0,0,0,0,0,0,0,0,0,0,0,0,0,0,0,0,0,0,0,0,0,54.485,318.708,22.5,0,0.493,0.118,0.046,0.019,85,106,318,2.5,0,0,0,0,0,0,0,0,0,296

Main.js:462 449.953,182,180,180,-0.047,0,-0.05,0,0,0,0,1,0,0,0,0,0,0,0,0,0,0,0,0,0,0,0,0,54.997,318.84,24,0,0.512,0.131,0.046,0.02,84,108.5,318,2.5,0,0,0,0,0,0,0,0,0,313

Main.js:462 449.86,182,180,180,-0.093,0,-0.05,0,0,0,0,1,0,0,0,0,0,0,0,0,0,0,0,0,0,0,0,0,55.526,318.985,25.5,0,0.529,0.145,0.045,0.022,83,111,318,2.5,0,0,0,0,0,0,0,0,0,331

Main.js:462 449.724,182,180,180,-0.135,0,-0.05,0,0,0,0,1,0,0,0,0,0,0,0,0,0,0,0,0,0,0,0,0,56.07,319.144,27,0,0.545,0.159,0.045,0.023,82,113.5,318,2.5,0,0,0,0,0,0,0,0,0,347

Main.js:462 449.548,182.001,178.5,178.5,-0.176,0.001,-0.05,0.001,0,1,0,1,0,0,0,0,0,0,0,0,0,0,0,0,0,0,0,0,56.63,319.318,28.5,0,0.559,0.174,0.044,0.024,81,116,318,2.5,0,0,0,0,0,0,0,0,0,380

Main.js:462 449.333,182.005,177,177,-0.215,0.004,-0.05,0.003,0,1,0,1,0,0,0,0,0,0,0,0,0,0,0,0,0,0,0,0,57.202,319.507,30,0,0.572,0.189,0.043,0.025,80,118.5,318,2.5,0,0,0,0,0,0,0,0,0,398

Main.js:462 449.082,182.012,175.5,175.5,-0.251,0.007,-0.05,0.004,0,1,0,1,0,0,0,0,0,0,0,0,0,0,0,0,0,0,0,0,57.787,319.711,31.5,0,0.584,0.204,0.043,0.026,79,121,318,2.5,0,0,0,0,0,0,0,0,0,413

Main.js:462 448.796,182.024,174,174,-0.286,0.012,-0.05,0.005,0,1,0,1,0,0,0,0,0,0,0,0,0,0,0,0,0,0,0,0,58.382,319.931,33,0,0.595,0.22,0.042,0.027,78,123.5,318,2.5,0,0,0,0,0,0,0,0,0,432

Main.js:462 448.477,182.041,172.5,172.5,-0.319,0.017,-0.05,0.007,0,1,0,1,0,0,0,0,0,0,0,0,0,0,0,0,0,0,0,0,58.986,320.167,34.5,0,0.604,0.236,0.041,0.028,77,126,318,2.5,0,0,0,0,0,0,0,0,0,446

Main.js:462 448.127,182.065,171,171,-0.35,0.024,-0.049,0.008,0,1,0,1,0,0,0,0,0,0,0,0,0,0,0,0,0,0,0,0,59.598,320.419,36,0,0.613,0.252,0.04,0.029,76,128.5,318,2.5,0,0,0,0,0,0,0,0,0,463

Main.js:462 447.748,182.097,169.5,169.5,-0.379,0.031,-0.049,0.009,0,1,0,1,0,0,0,0,0,0,0,0,0,0,0,0,0,0,0,0,60.218,320.688,37.5,0,0.62,0.268,0.04,0.03,75,131,318,2.5,0,0,0,0,0,0,0,0,0,481

Main.js:462 447.341,182.137,168,168,-0.407,0.04,-0.049,0.01,0,1,0,1,0,0,0,0,0,0,0,0,0,0,0,0,0,0,0,0,60.844,320.973,39,0,0.626,0.285,0.039,0.031,74,133.5,318,2.5,0,0,0,0,0,0,0,0,0,497

Main.js:462 446.909,182.185,166.5,166.5,-0.432,0.049,-0.049,0.012,0,1,0,1,0,0,0,0,0,0,0,0,0,0,0,0,0,0,0,0,61.474,321.274,40.5,0,0.63,0.301,0.038,0.032,73,136,318,2.5,0,0,0,0,0,0,0,0,0,515

Main.js:462 446.452,182.244,165,165,-0.457,0.059,-0.048,0.013,0,1,0,1,0,0,0,0,0,0,0,0,0,0,0,0,0,0,0,0,62.109,321.591,40.5,358.5,0.635,0.317,0.038,0.032,72,138.5,318,2.5,0,0,0,0,0,0,0,0,0,531

Main.js:462 445.973,182.313,163.5,163.5,-0.479,0.069,-0.048,0.014,0,1,0,1,0,0,0,0,0,0,0,0,0,0,0,0,0,0,0,0,62.748,321.924,40.5,357,0.639,0.332,0.038,0.032,71,141,318,2.5,0,0,0,0,0,0,0,0,0,547

Main.js:462 445.472,182.393,163.5,163.5,-0.501,0.079,-0.048,0.014,0,0,0,1,0,0,0,0,0,0,0,0,0,0,0,0,0,0,0,0,63.392,322.27,40.5,355.5,0.644,0.346,0.038,0.032,70,143.5,318,2.5,0,0,0,0,0,0,0,0,0,564

Main.js:462 444.95,182.481,163.5,163.5,-0.521,0.089,-0.048,0.014,0,0,0,1,0,0,0,0,0,0,0,0,0,0,0,0,0,0,0,0,64.039,322.63,40.5,354,0.647,0.36,0.038,0.032,69,146,318,2.5,0,0,0,0,0,0,0,0,0,580

Main.js:462 444.409,182.579,163.5,163.5,-0.541,0.098,-0.048,0.014,0,0,0,1,0,0,0,0,0,0,0,0,0,0,0,0,0,0,0,0,64.691,323.003,40.5,352.5,0.651,0.373,0.038,0.032,68,148.5,318,2.5,0,0,0,0,0,0,0,0,0,597

Main.js:462 443.85,182.686,163.5,163.5,-0.559,0.106,-0.048,0.014,0,0,0,1,0,0,0,0,0,0,0,0,0,0,0,0,0,0,0,0,65.345,323.388,40.5,351,0.655,0.385,0.038,0.032,67,151,318,2.5,0,0,0,0,0,0,0,0,0,615

Main.js:462 443.273,182.8,163.5,163.5,-0.577,0.115,-0.048,0.014,0,0,0,1,0,0,0,0,0,0,0,0,0,0,0,0,0,0,0,0,66.003,323.785,40.5,349.5,0.658,0.397,0.038,0.032,66,153.5,318,2.5,0,0,0,0,0,0,0,0,0,631

Main.js:462 442.679,182.923,163.5,163.5,-0.594,0.122,-0.048,0.014,0,0,0,1,0,0,0,0,0,0,0,0,0,0,0,0,0,0,0,0,66.665,324.192,40.5,348,0.661,0.408,0.038,0.032,65,156,318,2.5,0,0,0,0,0,0,0,0,0,648

Main.js:462 442.07,183.052,163.5,163.5,-0.61,0.13,-0.048,0.014,0,0,0,1,0,0,0,0,0,0,0,0,0,0,0,0,0,0,0,0,67.329,324.61,40.5,346.5,0.664,0.418,0.038,0.032,64,158.5,318,2.5,0,0,0,0,0,0,0,0,0,664

Main.js:462 441.445,183.189,163.5,163.5,-0.625,0.137,-0.048,0.014,0,0,0,1,0,0,0,0,0,0,0,0,0,0,0,0,0,0,0,0,67.997,325.039,40.5,345,0.667,0.428,0.038,0.032,63,161,318,2.5,0,0,0,0,0,0,0,0,0,680

Main.js:462 440.806,183.333,163.5,163.5,-0.639,0.143,-0.048,0.014,0,0,0,1,0,0,0,0,0,0,0,0,0,0,0,0,0,0,0,0,68.667,325.476,40.5,343.5,0.67,0.438,0.038,0.032,62,163.5,318,2.5,0,0,0,0,0,0,0,0,0,697

Main.js:462 440.154,183.482,163.5,163.5,-0.653,0.15,-0.048,0.014,0,0,0,1,0,0,0,0,0,0,0,0,0,0,0,0,0,0,0,0,69.339,325.923,40.5,342,0.673,0.446,0.038,0.032,61,166,318,2.5,0,0,0,0,0,0,0,0,0,713

Main.js:462 439.488,183.638,163.5,163.5,-0.665,0.156,-0.048,0.014,0,0,0,1,0,0,0,0,0,0,0,0,0,0,0,0,0,0,0,0,70.014,326.378,40.5,340.5,0.675,0.455,0.038,0.032,60,168.5,318,2.5,0,0,0,0,0,0,0,0,0,730

Main.js:462 438.81,183.8,163.5,163.5,-0.678,0.161,-0.048,0.014,0,0,0,1,0,0,0,0,0,0,0,0,0,0,0,0,0,0,0,0,70.692,326.841,40.5,339,0.678,0.463,0.038,0.032,59,171,318,2.5,0,0,0,0,0,0,0,0,0,748

Main.js:462 438.121,183.966,163.5,163.5,-0.689,0.167,-0.048,0.014,0,0,0,1,0,0,0,0,0,0,0,0,0,0,0,0,0,0,0,0,71.372,327.312,40.5,337.5,0.68,0.471,0.038,0.032,58,173.5,318,2.5,0,0,0,0,0,0,0,0,0,765

Main.js:462 437.42,184.138,163.5,163.5,-0.7,0.172,-0.048,0.014,0,0,0,1,0,0,0,0,0,0,0,0,0,0,0,0,0,0,0,0,72.054,327.79,40.5,336,0.682,0.478,0.038,0.032,57,176,318,2.5,0,0,0,0,0,0,0,0,0,780

Main.js:462 436.71,184.315,163.5,163.5,-0.711,0.177,-0.048,0.014,0,0,0,1,0,0,0,0,0,0,0,0,0,0,0,0,0,0,0,0,72.738,328.275,40.5,334.5,0.684,0.485,0.038,0.032,56,178.5,318,2.5,0,0,0,0,0,0,0,0,0,797

Main.js:462 435.989,184.497,163.5,163.5,-0.721,0.182,-0.048,0.014,0,0,0,1,0,0,0,0,0,0,0,0,0,0,0,0,0,0,0,0,73.423,328.766,40.5,333,0.686,0.492,0.038,0.032,55,181,318,2.5,0,0,0,0,0,0,0,0,0,813

Main.js:462 435.258,184.683,163.5,163.5,-0.73,0.186,-0.048,0.014,0,0,0,1,0,0,0,0,0,0,0,0,0,0,0,0,0,0,0,0,74.111,329.264,40.5,331.5,0.688,0.498,0.038,0.032,54,183.5,318,2.5,0,0,0,0,0,0,0,0,0,831

Main.js:462 434.519,184.873,163.5,163.5,-0.739,0.19,-0.048,0.014,0,0,0,1,0,0,0,0,0,0,0,0,0,0,0,0,0,0,0,0,74.801,329.768,40.5,330,0.689,0.504,0.038,0.032,53,186,318,2.5,0,0,0,0,0,0,0,0,0,847

Main.js:462 433.77,185.067,163.5,163.5,-0.748,0.194,-0.048,0.014,0,0,0,1,0,0,0,0,0,0,0,0,0,0,0,0,0,0,0,0,75.492,330.278,40.5,328.5,0.691,0.51,0.038,0.032,52,188.5,318,2.5,0,0,0,0,0,0,0,0,0,864

Main.js:462 433.014,185.265,163.5,163.5,-0.756,0.198,-0.048,0.014,0,0,0,1,0,0,0,0,0,0,0,0,0,0,0,0,0,0,0,0,76.184,330.793,40.5,327,0.693,0.515,0.038,0.032,51,191,318,2.5,0,0,0,0,0,0,0,0,0,880

Main.js:462 432.25,185.467,163.5,163.5,-0.764,0.202,-0.048,0.014,0,0,0,1,0,0,0,0,0,0,0,0,0,0,0,0,0,0,0,0,76.878,331.313,40.5,325.5,0.694,0.52,0.038,0.032,50,193.5,318,2.5,0,0,0,0,0,0,0,0,0,897

Main.js:462 431.479,185.671,163.5,163.5,-0.771,0.205,-0.048,0.014,0,0,0,1,0,0,0,0,0,0,0,0,0,0,0,0,0,0,0,0,77.574,331.837,40.5,324,0.696,0.525,0.038,0.032,49,196,318,2.5,0,0,0,0,0,0,0,0,0,915

Main.js:462 430.701,185.88,163.5,163.5,-0.778,0.208,-0.048,0.014,0,0,0,1,0,0,0,0,0,0,0,0,0,0,0,0,0,0,0,0,78.271,332.367,40.5,322.5,0.697,0.529,0.038,0.032,48,198.5,318,2.5,0,0,0,0,0,0,0,0,0,930

Main.js:462 429.916,186.091,163.5,163.5,-0.785,0.211,-0.048,0.014,0,0,0,1,0,0,0,0,0,0,0,0,0,0,0,0,0,0,0,0,78.969,332.901,40.5,321,0.698,0.534,0.038,0.032,47,201,318,2.5,0,0,0,0,0,0,0,0,0,948

Main.js:462 429.125,186.305,163.5,163.5,-0.791,0.214,-0.048,0.014,0,0,0,1,0,0,0,0,0,0,0,0,0,0,0,0,0,0,0,0,79.668,333.439,40.5,319.5,0.699,0.538,0.038,0.032,46,203.5,318,2.5,0,0,0,0,0,0,0,0,0,965

Main.js:462 428.328,186.522,163.5,163.5,-0.797,0.217,-0.048,0.014,0,0,0,1,0,0,0,0,0,0,0,0,0,0,0,0,0,0,0,0,80.369,333.981,40.5,318,0.701,0.542,0.038,0.032,45,206,318,2.5,0,0,0,0,0,0,0,0,0,980

Main.js:462 427.525,186.742,163.5,163.5,-0.803,0.22,-0.048,0.014,0,0,0,1,0,0,0,0,0,0,0,0,0,0,0,0,0,0,0,0,81.07,334.526,40.5,316.5,0.702,0.546,0.038,0.032,44,208.5,318,2.5,0,0,0,0,0,0,0,0,0,998

Main.js:462 426.716,186.964,163.5,163.5,-0.808,0.222,-0.048,0.014,0,0,0,1,0,0,0,0,0,0,0,0,0,0,0,0,0,0,0,0,81.773,335.076,40.5,315,0.703,0.549,0.038,0.032,43,211,318,2.5,0,0,0,0,0,0,0,0,0,1013

Main.js:462 425.903,187.188,163.5,163.5,-0.813,0.225,-0.048,0.014,0,0,0,1,0,0,0,0,0,0,0,0,0,0,0,0,0,0,0,0,82.477,335.627,39,312,0.704,0.552,0.039,0.031,42,213.5,318,2.5,0,0,0,0,0,0,0,0,0,1030

Main.js:462 425.085,187.415,163.5,163.5,-0.818,0.227,-0.048,0.014,0,0,0,1,0,0,0,0,0,0,0,0,0,0,0,0,0,0,0,0,83.184,336.18,37.5,309,0.707,0.553,0.04,0.03,41,216,318,2.5,0,0,0,0,0,0,0,0,0,1048

Main.js:462 424.262,187.644,163.5,163.5,-0.823,0.229,-0.048,0.014,0,0,0,1,0,0,0,0,0,0,0,0,0,0,0,0,0,0,0,0,83.894,336.734,36,306,0.71,0.553,0.04,0.029,40,218.5,318,2.5,0,0,0,0,0,0,0,0,0,1065

Main.js:462 423.435,187.875,163.5,163.5,-0.827,0.231,-0.048,0.014,0,0,0,1,0,0,0,0,0,0,0,0,0,0,0,0,0,0,0,0,84.608,337.286,34.5,303,0.714,0.553,0.041,0.028,39,221,318,2.5,0,0,0,0,0,0,0,0,0,1080

Main.js:462 422.603,188.108,163.5,163.5,-0.831,0.233,-0.048,0.014,0,0,0,1,0,0,0,0,0,0,0,0,0,0,0,0,0,0,0,0,85.326,337.837,33,300,0.718,0.551,0.042,0.027,38,223.5,318,2.5,0,0,0,0,0,0,0,0,0,1097

Main.js:462 421.768,188.343,163.5,163.5,-0.835,0.235,-0.048,0.014,0,0,0,1,0,0,0,0,0,0,0,0,0,0,0,0,0,0,0,0,86.048,338.385,31.5,297,0.722,0.548,0.043,0.026,37,226,318,2.5,0,0,0,0,0,0,0,0,0,1114

Main.js:462 420.928,188.579,163.5,163.5,-0.839,0.237,-0.048,0.014,0,0,0,1,0,0,0,0,0,0,0,0,0,0,0,0,0,0,0,0,86.775,338.929,30,294,0.727,0.544,0.043,0.025,36,228.5,318,2.5,0,0,0,0,0,0,0,0,0,1130

Main.js:462 420.086,188.817,163.5,163.5,-0.843,0.238,-0.048,0.014,0,0,0,1,0,0,0,0,0,0,0,0,0,0,0,0,0,0,0,0,87.508,339.469,28.5,291,0.733,0.54,0.044,0.024,35,231,318,2.5,0,0,0,0,0,0,0,0,0,1149

Main.js:462 419.239,189.057,163.5,163.5,-0.846,0.24,-0.048,0.014,0,0,0,1,0,0,0,0,0,0,0,0,0,0,0,0,0,0,0,0,88.247,340.004,27,288,0.738,0.534,0.045,0.023,34,233.5,318,2.5,0,0,0,0,0,0,0,0,0,1165

Main.js:462 418.39,189.298,163.5,163.5,-0.849,0.241,-0.048,0.014,0,0,0,1,0,0,0,0,0,0,0,0,0,0,0,0,0,0,0,0,88.991,340.532,25.5,285,0.744,0.528,0.045,0.022,33,236,318,2.5,0,0,0,0,0,0,0,0,0,1181

Main.js:462 417.537,189.541,163.5,163.5,-0.853,0.243,-0.048,0.014,0,0,0,1,0,0,0,0,0,0,0,0,0,0,0,0,0,0,0,0,89.742,341.053,24,282,0.751,0.521,0.046,0.02,32,238.5,318,2.5,0,0,0,0,0,0,0,0,0,1198

Main.js:462 416.682,189.785,163.5,163.5,-0.855,0.244,-0.048,0.014,0,0,0,1,0,0,0,0,0,0,0,0,0,0,0,0,0,0,0,0,90.499,341.566,22.5,279,0.757,0.513,0.046,0.019,31,241,318,2.5,0,0,0,0,0,0,0,0,0,1215

Main.js:462 415.824,190.03,163.5,163.5,-0.858,0.245,-0.048,0.014,0,0,0,1,0,0,0,0,0,0,0,0,0,0,0,0,0,0,0,0,91.262,342.071,21,276,0.763,0.505,0.047,0.018,30,243.5,318,2.5,0,0,0,0,0,0,0,0,0,1230

Main.js:462 414.963,190.277,163.5,163.5,-0.861,0.247,-0.048,0.014,0,0,0,1,0,0,0,0,0,0,0,0,0,0,0,0,0,0,0,0,92.032,342.566,19.5,273,0.77,0.495,0.047,0.017,29,246,318,2.5,0,0,0,0,0,0,0,0,0,1248

Main.js:462 414.1,190.525,163.5,163.5,-0.863,0.248,-0.048,0.014,0,0,0,1,0,0,0,0,0,0,0,0,0,0,0,0,0,0,0,0,92.809,343.051,18,270,0.777,0.485,0.048,0.015,28,248.5,318,2.5,0,0,0,0,0,0,0,0,0,1265

Main.js:462 413.234,190.773,163.5,163.5,-0.866,0.249,-0.048,0.014,0,0,0,1,0,0,0,0,0,0,0,0,0,0,0,0,0,0,0,0,93.592,343.525,16.5,267,0.783,0.474,0.048,0.014,27,251,318,2.5,0,0,0,0,0,0,0,0,0,1281

Main.js:462 412.366,191.023,163.5,163.5,-0.868,0.25,-0.048,0.014,0,0,0,1,0,0,0,0,0,0,0,0,0,0,0,0,0,0,0,0,94.382,343.988,15,264,0.79,0.463,0.048,0.013,26,253.5,318,2.5,0,0,0,0,0,0,0,0,0,1297

Main.js:462 411.496,191.274,163.5,163.5,-0.87,0.251,-0.048,0.014,0,0,0,1,0,0,0,0,0,0,0,0,0,0,0,0,0,0,0,0,95.179,344.439,13.5,261,0.797,0.451,0.049,0.012,25,256,318,2.5,0,0,0,0,0,0,0,0,0,1315

Main.js:462 410.624,191.526,163.5,163.5,-0.872,0.252,-0.048,0.014,0,0,0,1,0,0,0,0,0,0,0,0,0,0,0,0,0,0,0,0,95.983,344.877,12,258,0.803,0.438,0.049,0.01,24,258.5,318,2.5,0,0,0,0,0,0,0,0,0,1331

Main.js:462 409.75,191.779,163.5,163.5,-0.874,0.253,-0.048,0.014,0,0,0,1,0,0,0,0,0,0,0,0,0,0,0,0,0,0,0,0,96.793,345.302,10.5,255,0.81,0.425,0.049,0.009,23,261,318,2.5,0,0,0,0,0,0,0,0,0,1347

Main.js:462 408.874,192.032,163.5,163.5,-0.876,0.254,-0.048,0.014,0,0,0,1,0,0,0,0,0,0,0,0,0,0,0,0,0,0,0,0,97.609,345.713,9,252,0.816,0.411,0.049,0.008,22,263.5,318,2.5,0,0,0,0,0,0,0,0,0,1364

Main.js:462 407.996,192.287,163.5,163.5,-0.878,0.254,-0.048,0.014,0,0,0,1,0,0,0,0,0,0,0,0,0,0,0,0,0,0,0,0,98.432,346.11,7.5,249,0.823,0.397,0.05,0.007,21,266,318,2.5,0,0,0,0,0,0,0,0,0,1380

Main.js:462 407.117,192.542,163.5,163.5,-0.879,0.255,-0.048,0.014,0,0,0,1,0,0,0,0,0,0,0,0,0,0,0,0,0,0,0,0,99.26,346.492,6,246,0.829,0.382,0.05,0.005,20,268.5,318,2.5,0,0,0,0,0,0,0,0,0,1399

Main.js:462 406.236,192.798,163.5,163.5,-0.881,0.256,-0.048,0.014,0,0,0,1,0,0,0,0,0,0,0,0,0,0,0,0,0,0,0,0,100.095,346.858,4.5,243,0.835,0.367,0.05,0.004,19,271,318,2.5,0,0,0,0,0,0,0,0,0,1415

Main.js:462 405.353,193.054,163.5,163.5,-0.882,0.257,-0.048,0.014,0,0,0,1,0,0,0,0,0,0,0,0,0,0,0,0,0,0,0,0,100.935,347.209,3,240,0.84,0.351,0.05,0.003,18,273.5,318,2.5,0,0,0,0,0,0,0,0,0,1430

Main.js:462 404.469,193.311,163.5,163.5,-0.884,0.257,-0.048,0.014,0,0,0,1,0,0,0,0,0,0,0,0,0,0,0,0,0,0,0,0,101.781,347.543,1.5,237,0.846,0.334,0.05,0.001,17,276,318,2.5,0,0,0,0,0,0,0,0,0,1446

Main.js:462 403.584,193.569,163.5,163.5,-0.885,0.258,-0.048,0.014,0,0,0,1,0,0,0,0,0,0,0,0,0,0,0,0,0,0,0,0,102.632,347.861,0,234,0.851,0.318,0.05,0,16,278.5,318,2.5,0,0,0,0,0,0,0,0,0,1464

Main.js:462 402.698,193.829,162,162,-0.886,0.26,-0.048,0.015,0,1,0,1,0,0,0,0,0,0,0,0,0,0,0,0,0,0,0,0,103.488,348.162,358.5,231,0.856,0.301,0.05,-0.001,15,281,318,2.5,0,0,0,0,0,0,0,0,0,1481

Main.js:462 401.812,194.092,160.5,160.5,-0.887,0.263,-0.047,0.017,0,1,0,1,0,0,0,0,0,0,0,0,0,0,0,0,0,0,0,0,104.349,348.445,357,228,0.861,0.283,0.05,-0.003,14,283.5,318,2.5,0,0,0,0,0,0,0,0,0,1496

Main.js:462 400.925,194.358,159,159,-0.887,0.266,-0.047,0.018,0,1,0,1,0,0,0,0,0,0,0,0,0,0,0,0,0,0,0,0,105.214,348.71,355.5,225,0.865,0.265,0.05,-0.004,13,286,318,2.5,0,0,0,0,0,0,0,0,0,1513

Main.js:462 400.039,194.629,157.5,157.5,-0.886,0.271,-0.046,0.019,0,1,0,1,0,0,0,0,0,0,0,0,0,0,0,0,0,0,0,0,106.083,348.957,354,222,0.869,0.247,0.05,-0.005,12,288.5,318,2.5,0,0,0,0,0,0,0,0,0,1530

Main.js:462 399.154,194.906,156,156,-0.885,0.277,-0.046,0.02,0,1,0,1,0,0,0,0,0,0,0,0,0,0,0,0,0,0,0,0,106.955,349.185,352.5,219,0.873,0.228,0.05,-0.007,11,291,318,2.5,0,0,0,0,0,0,0,0,0,1547

Main.js:462 398.27,195.19,154.5,154.5,-0.884,0.284,-0.045,0.022,0,1,0,1,0,0,0,0,0,0,0,0,0,0,0,0,0,0,0,0,107.831,349.395,351,216,0.876,0.21,0.049,-0.008,10,293.5,318,2.5,0,0,0,0,0,0,0,0,0,1563

Main.js:462 397.388,195.481,153,153,-0.882,0.291,-0.045,0.023,0,1,0,1,0,0,0,0,0,0,0,0,0,0,0,0,0,0,0,0,108.71,349.585,349.5,213,0.879,0.19,0.049,-0.009,9,296,318,2.5,0,0,0,0,0,0,0,0,0,1581

Main.js:462 396.508,195.78,151.5,151.5,-0.88,0.299,-0.044,0.024,99,1,0,1,0,1,0,0,0,0,0,0,0,0,0,0,0,0,0,0,109.591,349.756,348,210,0.881,0.171,0.049,-0.01,8,298.5,318,2.5,0,0,0,0,0,0,0,0,0,1597

Main.js:462 395.631,196.088,150,150,-0.877,0.308,-0.043,0.025,98,1,0,1,0,1,0,0,376.736,206.694,-2.197,1.193,0,0,0,0,0,0,0,0,110.475,349.907,346.5,207,0.883,0.151,0.049,-0.012,7,301,318,2.5,0,0,0,0,0,0,0,0,0,1613

Main.js:462 394.758,196.405,148.5,148.5,-0.873,0.317,-0.043,0.026,97,1,0,1,0,1,0,0,374.539,207.887,-2.197,1.193,0,0,0,0,0,0,0,0,111.36,350.039,345,204,0.885,0.132,0.048,-0.013,6,303.5,318,2.5,0,0,0,0,0,0,0,0,0,1631

Main.js:462 393.888,196.732,148.5,148.5,-0.87,0.326,-0.043,0.026,96,0,0,1,0,1,0,0,372.342,209.08,-2.197,1.193,0,0,0,0,0,0,0,0,112.246,350.15,343.5,201,0.886,0.111,0.048,-0.014,5,306,318,2.5,0,0,0,0,0,0,0,0,0,1648

Main.js:462 393.02,197.066,148.5,148.5,-0.867,0.335,-0.043,0.026,95,0,0,1,0,0,0,0,370.144,210.273,-2.197,1.193,0,0,0,0,0,0,0,0,113.134,350.241,342,198,0.887,0.091,0.048,-0.015,4,308.5,318,2.5,0,0,0,0,0,0,0,0,0,1664

Main.js:462 392.197,197.385,148.5,148.5,-0.824,0.318,0,0,94,0,0,0,0,0,0,0,367.947,211.466,-2.197,1.193,0,0,0,0,0,0,0,0,114.021,350.312,340.5,195,0.888,0.071,0.047,-0.017,3,311,318,2.5,0,0,0,0,0,0,0,0,0,1681

Main.js:462 391.414,197.687,148.5,148.5,-0.783,0.302,0,0,93,0,0,0,0,0,0,0,365.75,212.659,-2.197,1.193,0,0,0,0,0,0,0,0,114.909,350.362,339,192,0.888,0.05,0.047,-0.018,2,313.5,318,2.5,0,0,0,0,0,0,0,0,0,1696

Main.js:462 390.67,197.974,148.5,148.5,-0.744,0.287,0,0,92,0,0,0,0,0,0,0,363.553,213.852,-2.197,1.193,0,0,0,0,0,0,0,0,115.796,350.392,337.5,189,0.887,0.03,0.046,-0.019,1,316,318,2.5,0,0,0,0,0,0,0,0,0,1714

Main.js:462 389.964,198.246,148.5,148.5,-0.706,0.273,0,0,91,0,0,0,0,0,0,0,361.356,215.044,-2.197,1.193,0,0,0,0,0,0,0,0,116.682,350.401,336,186,0.886,0.009,0.046,-0.02,0,318.5,318,2.5,0,0,0,0,0,0,0,0,0,1730

Main.js:462 389.293,198.505,148.5,148.5,-0.671,0.259,0,0,90,0,0,0,0,0,0,0,359.159,216.237,-2.197,1.193,0,0,0,0,0,0,0,0,117.567,350.389,334.5,183,0.885,-0.012,0.045,-0.022,99,321,318,2.5,0,0,0,0,0,0,0,0,0,1747

Main.js:462 388.655,198.752,148.5,148.5,-0.638,0.246,0,0,89,0,0,0,0,0,0,0,356.962,217.43,-2.197,1.193,0,0,0,0,0,0,0,0,118.45,350.355,333,180,0.883,-0.033,0.045,-0.023,98,323.5,318,2.5,0,93.214,349.171,-2.497,-0.131,0,0,0,0,1774

Main.js:462 388.05,198.985,148.5,148.5,-0.606,0.234,0,0,88,0,0,0,0,1,0,0,354.765,218.623,-2.197,1.193,0,0,0,0,0,0,0,0,119.33,350.301,331.5,177,0.88,-0.054,0.044,-0.024,97,326,318,2.5,0,90.718,349.04,-2.497,-0.131,0,0,0,0,1780

Main.js:462 387.474,199.208,148.5,148.5,-0.575,0.222,0,0,87,0,0,0,0,1,0,0,352.568,219.816,-2.197,1.193,0,0,0,0,0,0,0,0,120.208,350.226,330,174,0.878,-0.075,0.043,-0.025,96,328.5,318,2.5,0,88.221,348.909,-2.497,-0.131,0,0,0,0,1800

Main.js:462 386.928,199.419,148.5,148.5,-0.547,0.211,0,0,86,0,0,0,0,1,0,0,350.371,221.009,-2.197,1.193,0,0,0,0,0,0,0,0,121.082,350.13,328.5,171,0.874,-0.096,0.043,-0.026,95,331,318,2.5,0,85.725,348.778,-2.497,-0.131,0,0,0,0,1814

Main.js:462 386.409,199.619,148.5,148.5,-0.519,0.2,0,0,85,0,0,0,0,1,0,0,348.174,222.202,-2.197,1.193,0,0,0,0,0,0,0,0,121.952,350.013,327,168,0.87,-0.117,0.042,-0.027,94,333.5,318,2.5,0,83.228,348.647,-2.497,-0.131,0,0,0,0,1831

Main.js:462 385.915,199.809,148.5,148.5,-0.493,0.19,0,0,84,0,0,0,0,1,0,0,345.977,223.395,-2.197,1.193,0,0,0,0,0,0,0,0,122.818,349.874,325.5,165,0.866,-0.138,0.041,-0.028,93,336,318,2.5,0,80.732,348.517,-2.497,-0.131,0,0,0,0,1848

Main.js:462 385.447,199.99,148.5,148.5,-0.469,0.181,0,0,83,0,0,0,0,0,0,0,343.78,224.588,-2.197,1.193,0,0,0,0,0,0,0,0,123.679,349.715,324,162,0.861,-0.159,0.04,-0.029,92,338.5,318,2.5,0,78.235,348.386,-2.497,-0.131,0,0,0,0,1863

Main.js:462 385.001,200.162,148.5,148.5,-0.445,0.172,0,0,82,0,0,0,0,0,0,0,341.583,225.781,-2.197,1.193,0,0,0,0,0,0,0,0,124.535,349.535,322.5,159,0.856,-0.18,0.04,-0.03,91,341,318,2.5,0,75.738,348.255,-2.497,-0.131,0,0,0,0,1881

Main.js:462 384.578,200.325,148.5,148.5,-0.423,0.163,0,0,81,0,0,0,0,0,0,0,339.386,226.973,-2.197,1.193,0,0,0,0,0,0,0,0,125.385,349.334,321,156,0.85,-0.201,0.039,-0.031,90,343.5,318,2.5,0,73.242,348.124,-2.497,-0.131,0,0,0,0,1899

Main.js:462 384.177,200.481,148.5,148.5,-0.402,0.155,0,0,80,0,0,0,0,0,0,0,337.189,228.166,-2.197,1.193,0,0,0,0,0,0,0,0,126.228,349.112,319.5,153,0.843,-0.222,0.038,-0.032,89,346,318,2.5,0,70.745,347.993,-2.497,-0.131,0,0,0,0,1915

Main.js:462 383.795,200.628,148.5,148.5,-0.382,0.147,0,0,79,0,0,0,0,0,0,0,334.992,229.359,-2.197,1.193,0,0,0,0,0,0,0,0,127.065,348.869,318,150,0.837,-0.243,0.037,-0.033,88,348.5,318,2.5,0,68.249,347.862,-2.497,-0.131,0,0,0,0,1931

Main.js:462 383.432,200.768,148.5,148.5,-0.363,0.14,0,0,78,0,0,0,0,1,0,0,332.795,230.552,-2.197,1.193,0,0,0,0,0,0,0,0,127.894,348.606,316.5,147,0.829,-0.263,0.036,-0.034,87,351,318,2.5,0,65.752,347.732,-2.497,-0.131,0,0,0,0,1949

Main.js:462 383.088,200.901,148.5,148.5,-0.344,0.133,0,0,77,0,0,0,0,1,0,0,330.598,231.745,-2.197,1.193,0,0,0,0,0,0,0,0,128.715,348.322,315,144,0.821,-0.284,0.035,-0.035,86,353.5,318,2.5,0,63.256,347.601,-2.497,-0.131,0,0,0,0,1964

Main.js:462 382.761,201.027,148.5,148.5,-0.327,0.126,0,0,76,0,0,0,0,1,0,0,328.401,232.938,-2.197,1.193,0,0,0,0,0,0,0,0,129.528,348.018,313.5,141,0.813,-0.304,0.034,-0.036,85,356,318,2.5,0,60.759,347.47,-2.497,-0.131,0,0,0,0,1980

Main.js:462 382.45,201.147,148.5,148.5,-0.311,0.12,0,0,75,0,0,0,0,1,0,0,326.204,234.131,-2.197,1.193,0,0,0,0,0,0,0,0,130.332,347.694,312,138,0.804,-0.324,0.033,-0.037,84,358.5,318,2.5,0,58.262,347.339,-2.497,-0.131,0,0,0,0,1998

Main.js:462 382.154,201.261,148.5,148.5,-0.295,0.114,0,0,74,0,0,0,0,1,0,0,324.007,235.324,-2.197,1.193,0,0,0,0,0,0,0,0,131.127,347.35,310.5,135,0.795,-0.344,0.032,-0.038,83,361,318,2.5,0,55.766,347.208,-2.497,-0.131,0,0,0,0,2015

Main.js:462 381.874,201.37,148.5,148.5,-0.281,0.108,0,0,73,0,0,0,0,0,0,0,321.81,236.517,-2.197,1.193,0,0,0,0,0,0,0,0,131.914,346.988,312,135,0.787,-0.362,0.033,-0.037,82,363.5,318,2.5,0,53.269,347.077,-2.497,-0.131,0,0,0,0,2029

Main.js:462 381.567,201.497,148.5,148.5,-0.307,0.128,-0.043,0.026,72,0,0,1,0,0,0,0,319.612,237.709,-2.197,1.193,0,0,0,0,0,0,0,0,132.694,346.61,313.5,135,0.78,-0.378,0.034,-0.036,81,366,318,2.5,0,50.773,346.947,-2.497,-0.131,0,0,0,0,2047

Main.js:462 381.235,201.644,148.5,148.5,-0.332,0.146,-0.043,0.026,71,0,0,1,0,0,0,0,317.415,238.902,-2.197,1.193,0,0,0,0,0,0,0,0,133.469,346.217,315,135,0.775,-0.393,0.035,-0.035,80,368.5,318,2.5,0,48.276,346.816,-2.497,-0.131,0,0,0,0,2063

Main.js:462 380.878,201.807,148.5,148.5,-0.356,0.164,-0.043,0.026,70,0,0,1,0,0,0,0,315.218,240.095,-2.197,1.193,0,0,0,0,0,0,0,0,134.239,345.811,316.5,135,0.77,-0.406,0.036,-0.034,79,371,318,2.5,0,45.78,346.685,-2.497,-0.131,0,0,0,0,2079

Main.js:462 380.5,201.987,148.5,148.5,-0.379,0.18,-0.043,0.026,69,0,0,1,0,0,0,0,313.021,241.288,-2.197,1.193,0,0,0,0,0,0,0,0,135.007,345.393,318,135,0.767,-0.418,0.037,-0.033,78,373.5,318,2.5,0,43.283,346.554,-2.497,-0.131,0,0,0,0,2096

Main.js:462 380.099,202.184,148.5,148.5,-0.4,0.196,-0.043,0.026,68,0,0,1,0,0,0,0,310.824,242.481,-2.197,1.193,0,0,0,0,0,0,0,0,135.772,344.966,319.5,135,0.765,-0.428,0.038,-0.032,77,376,318,2.5,0,40.786,346.423,-2.497,-0.131,0,0,0,0,2113

Main.js:462 379.678,202.395,148.5,148.5,-0.421,0.211,-0.043,0.026,67,0,0,1,0,1,0,0,308.627,243.674,-2.197,1.193,0,0,0,0,0,0,0,0,136.535,344.53,321,135,0.764,-0.436,0.039,-0.031,76,378.5,318,2.5,0,38.29,346.292,-2.497,-0.131,0,0,0,0,2130

Main.js:462 379.238,202.62,148.5,148.5,-0.44,0.225,-0.043,0.026,66,0,0,1,0,1,0,0,306.43,244.867,-2.197,1.193,0,0,0,0,0,0,0,0,137.298,344.086,322.5,135,0.763,-0.443,0.04,-0.03,75,381,318,2.5,0,35.793,346.161,-2.497,-0.131,0,0,0,0,2147

Main.js:462 378.779,202.859,148.5,148.5,-0.459,0.239,-0.043,0.026,65,0,0,1,0,1,0,0,304.233,246.06,-2.197,1.193,0,0,0,0,0,0,0,0,138.062,343.637,324,135,0.763,-0.449,0.04,-0.029,74,383.5,318,2.5,0,33.297,346.031,-2.497,-0.131,0,0,0,0,2163

Main.js:462 378.303,203.111,148.5,148.5,-0.476,0.252,-0.043,0.026,64,0,0,1,0,1,0,0,302.036,247.253,-2.197,1.193,0,0,0,0,0,0,0,0,138.826,343.184,325.5,135,0.764,-0.453,0.041,-0.028,73,386,318,2.5,0,30.8,345.9,-2.497,-0.131,0,0,0,0,2180

Main.js:462 377.81,203.375,148.5,148.5,-0.493,0.264,-0.043,0.026,63,0,0,1,0,1,0,0,299.839,248.446,-2.197,1.193,0,0,0,0,0,0,0,0,139.592,342.727,327,135,0.766,-0.457,0.042,-0.027,72,388.5,318,2.5,0,28.304,345.769,-2.497,-0.131,0,0,0,0,2197

Main.js:462 377.301,203.651,148.5,148.5,-0.509,0.276,-0.043,0.026,62,0,0,1,0,0,0,0,297.642,249.638,-2.197,1.193,0,0,0,0,0,0,0,0,140.36,342.269,328.5,135,0.768,-0.459,0.043,-0.026,71,391,318,2.5,0,25.807,345.638,-2.497,-0.131,0,0,0,0,2214

Main.js:462 376.777,203.937,148.5,148.5,-0.524,0.287,-0.043,0.026,61,0,0,1,0,0,0,0,295.445,250.831,-2.197,1.193,0,0,0,0,0,0,0,0,141.131,341.809,330,135,0.771,-0.459,0.043,-0.025,70,393.5,318,2.5,0,23.31,345.507,-2.497,-0.131,0,0,0,0,2237

Main.js:462 376.239,204.234,148.5,148.5,-0.538,0.297,-0.043,0.026,60,0,0,1,0,0,0,0,293.248,252.024,-2.197,1.193,0,0,0,0,0,0,0,0,141.905,341.35,331.5,135,0.774,-0.459,0.044,-0.024,69,396,318,2.5,0,20.814,345.376,-2.497,-0.131,0,0,0,0,2247

Main.js:462 375.687,204.541,148.5,148.5,-0.552,0.307,-0.043,0.026,59,0,0,1,0,0,0,0,291.051,253.217,-2.197,1.193,0,0,0,0,0,0,0,0,142.683,340.893,333,135,0.778,-0.458,0.045,-0.023,68,398.5,318,2.5,0,18.317,345.246,-2.497,-0.131,0,0,0,0,2264

Main.js:462 375.122,204.858,148.5,148.5,-0.565,0.317,-0.043,0.026,58,0,0,1,0,0,0,0,288.854,254.41,-2.197,1.193,0,0,0,0,0,0,0,0,143.465,340.437,334.5,135,0.782,-0.455,0.045,-0.022,67,401,318,2.5,0,15.821,345.115,-2.497,-0.131,0,0,0,0,2280

Main.js:462 374.545,205.184,148.5,148.5,-0.577,0.326,-0.043,0.026,57,0,0,1,0,0,0,0,286.657,255.603,-2.197,1.193,0,0,0,0,0,0,0,0,144.251,339.986,336,135,0.786,-0.452,0.046,-0.02,66,403.5,318,2.5,0,13.324,344.984,-2.497,-0.131,0,0,0,0,2297

Main.js:462 373.957,205.518,148.5,148.5,-0.589,0.334,-0.043,0.026,56,0,0,1,0,0,0,0,284.46,256.796,-2.197,1.193,0,0,0,0,0,0,0,0,145.042,339.538,337.5,135,0.791,-0.447,0.046,-0.019,65,406,318,2.5,0,10.828,344.853,-2.497,-0.131,0,0,0,0,2313

Main.js:462 373.357,205.86,148.5,148.5,-0.6,0.342,-0.043,0.026,55,0,0,1,0,0,0,0,282.263,257.989,-2.197,1.193,0,0,0,0,0,0,0,0,145.837,339.096,339,135,0.795,-0.442,0.047,-0.018,64,408.5,318,2.5,0,8.331,344.722,-2.497,-0.131,0,0,0,0,2331

Main.js:462 372.747,206.21,148.5,148.5,-0.61,0.35,-0.043,0.026,54,0,0,1,0,0,0,0,280.066,259.182,-2.197,1.193,0,0,0,0,0,0,0,0,146.637,338.66,340.5,135,0.8,-0.436,0.047,-0.017,63,411,318,2.5,0,5.834,344.591,-2.497,-0.131,0,0,0,0,2348

Main.js:462 372.127,206.567,148.5,148.5,-0.62,0.357,-0.043,0.026,53,0,0,1,0,0,0,0,277.869,260.375,-2.197,1.193,0,0,0,0,0,0,0,0,147.443,338.232,342,135,0.806,-0.429,0.048,-0.015,62,413.5,318,2.5,0,3.338,344.461,-2.497,-0.131,0,0,0,0,2364

Main.js:462 371.497,206.931,148.5,148.5,-0.63,0.364,-0.043,0.026,52,0,0,1,0,0,0,0,275.672,261.567,-2.197,1.193,0,0,0,0,0,0,0,0,148.254,337.811,343.5,135,0.811,-0.421,0.048,-0.014,61,416,318,2.5,0,0.841,344.33,-2.497,-0.131,0,0,0,0,2382

Main.js:462 370.858,207.302,148.5,148.5,-0.639,0.371,-0.043,0.026,51,0,0,1,0,0,0,0,273.475,262.76,-2.197,1.193,0,0,0,0,0,0,0,0,149.07,337.399,345,135,0.816,-0.412,0.048,-0.013,60,418.5,318,2.5,0,0,0,0,0,0,0,0,0,2397

Main.js:462 370.21,207.678,150,150,-0.648,0.376,-0.043,0.025,50,0,1,1,0,0,0,0,271.278,263.953,-2.197,1.193,0,0,0,0,0,0,0,0,149.892,336.996,346.5,135,0.822,-0.403,0.049,-0.012,59,421,318,2.5,0,0,0,0,0,0,0,0,0,2415

Main.js:462 369.553,208.058,151.5,151.5,-0.657,0.38,-0.044,0.024,49,0,1,1,0,0,0,0,269.08,265.146,-2.197,1.193,0,0,0,0,0,0,0,0,150.719,336.604,348,135,0.827,-0.392,0.049,-0.01,58,423.5,318,2.5,0,0,0,0,0,0,0,0,0,2430

Main.js:462 368.886,208.441,153,153,-0.667,0.382,-0.045,0.023,48,0,1,1,0,0,0,0,266.883,266.339,-2.197,1.193,0,0,0,0,0,0,0,0,151.551,336.223,349.5,135,0.832,-0.381,0.049,-0.009,57,426,318,2.5,0,0,0,0,0,0,0,0,0,2446

Main.js:462 368.21,208.824,154.5,154.5,-0.676,0.384,-0.045,0.022,47,0,1,1,0,0,0,0,264.686,267.532,-2.197,1.193,0,0,0,0,0,0,0,0,152.389,335.853,351,135,0.838,-0.37,0.049,-0.008,56,428.5,318,2.5,0,0,0,0,0,0,0,0,0,2463

Main.js:462 367.524,209.208,156,156,-0.686,0.384,-0.046,0.02,46,0,1,1,0,0,0,0,262.489,268.725,-2.197,1.193,0,0,0,0,0,0,0,0,153.231,335.496,352.5,135,0.843,-0.357,0.05,-0.007,55,431,318,2.5,0,0,0,0,0,0,0,0,0,2480

Main.js:462 366.829,209.591,157.5,157.5,-0.695,0.383,-0.046,0.019,45,0,1,1,0,0,0,0,260.292,269.918,-2.197,1.193,0,0,0,0,0,0,0,0,154.079,335.151,354,135,0.848,-0.344,0.05,-0.005,54,433.5,318,2.5,0,0,0,0,0,0,0,0,0,2497

Main.js:462 366.124,209.973,157.5,157.5,-0.705,0.382,-0.046,0.019,44,0,0,1,0,0,0,0,258.095,271.111,-2.197,1.193,0,0,0,0,0,0,0,0,154.932,334.82,355.5,135,0.853,-0.331,0.05,-0.004,53,436,318,2.5,0,0,0,0,0,0,0,0,0,2514

Main.js:462 365.411,210.354,157.5,157.5,-0.713,0.381,-0.046,0.019,43,0,0,1,0,0,0,0,255.898,272.304,-2.197,1.193,0,0,0,0,0,0,0,0,155.79,334.502,355.5,133.5,0.858,-0.318,0.05,-0.004,52,438.5,318,2.5,0,0,0,0,0,0,0,0,0,2530

Main.js:462 364.69,210.734,157.5,157.5,-0.721,0.38,-0.046,0.019,42,0,0,1,0,0,0,0,253.701,273.496,-2.197,1.193,0,0,0,0,0,0,0,0,156.652,334.196,355.5,132,0.862,-0.306,0.05,-0.004,51,441,318,2.5,0,0,0,0,0,0,0,0,0,2547

Main.js:462 363.96,211.114,157.5,157.5,-0.729,0.379,-0.046,0.019,41,0,0,1,0,0,0,0,251.504,274.689,-2.197,1.193,0,0,0,0,0,0,0,0,157.518,333.902,355.5,130.5,0.866,-0.294,0.05,-0.004,50,443.5,318,2.5,0,0,0,0,0,0,0,0,0,2563

Main.js:462 363.224,211.492,157.5,157.5,-0.737,0.379,-0.046,0.019,40,0,0,1,0,0,0,0,249.307,275.882,-2.197,1.193,0,0,0,0,0,0,0,0,158.389,333.618,355.5,129,0.87,-0.283,0.05,-0.004,49,446,318,2.5,0,0,0,0,0,0,0,0,0,2580

Main.js:462 362.48,211.87,157.5,157.5,-0.744,0.378,-0.046,0.019,39,0,0,1,0,0,0,0,247.11,277.075,-2.197,1.193,0,0,0,0,0,0,0,0,159.263,333.345,355.5,127.5,0.874,-0.273,0.05,-0.004,48,448.5,318,2.5,0,0,0,0,0,0,0,0,0,2598

Main.js:462 361.729,212.247,157.5,157.5,-0.75,0.377,-0.046,0.019,38,0,0,1,0,0,0,0,244.913,278.268,-2.197,1.193,0,0,0,0,0,0,0,0,160.141,333.082,355.5,126,0.878,-0.263,0.05,-0.004,47,451,318,2.5,0,0,0,0,0,0,0,0,0,2615

Main.js:462 360.973,212.623,157.5,157.5,-0.757,0.376,-0.046,0.019,37,0,0,1,0,0,0,0,242.716,279.461,-2.197,1.193,0,0,0,0,0,0,0,0,161.022,332.829,355.5,124.5,0.881,-0.254,0.05,-0.004,46,453.5,318,2.5,0,0,0,0,0,0,0,0,0,2632

Main.js:462 360.21,212.999,157.5,157.5,-0.763,0.376,-0.046,0.019,36,0,0,1,0,0,0,0,240.519,280.654,-2.197,1.193,0,0,0,0,0,0,0,0,161.906,332.584,355.5,123,0.885,-0.245,0.05,-0.004,45,456,318,2.5,0,0,0,0,0,0,0,0,0,2648

Main.js:462 359.441,213.374,157.5,157.5,-0.769,0.375,-0.046,0.019,35,0,0,1,0,0,0,0,238.322,281.847,-2.197,1.193,0,0,0,0,0,0,0,0,162.794,332.348,355.5,121.5,0.888,-0.236,0.05,-0.004,44,458.5,318,2.5,0,0,0,0,0,0,0,0,0,2667

Main.js:462 358.667,213.749,157.5,157.5,-0.774,0.375,-0.046,0.019,34,0,0,1,0,0,0,0,236.125,283.04,-2.197,1.193,0,0,0,0,0,0,0,0,163.685,332.12,355.5,120,0.891,-0.228,0.05,-0.004,43,461,318,2.5,0,0,0,0,0,0,0,0,0,2680

Main.js:462 357.888,214.123,157.5,157.5,-0.779,0.374,-0.046,0.019,33,0,0,1,0,0,0,0,233.928,284.232,-2.197,1.193,0,0,0,0,0,0,0,0,164.578,331.899,355.5,118.5,0.893,-0.22,0.05,-0.004,42,463.5,318,2.5,0,0,0,0,0,0,0,0,0,2697

Main.js:462 357.104,214.496,157.5,157.5,-0.784,0.373,-0.046,0.019,32,0,0,1,0,0,0,0,231.731,285.425,-2.197,1.193,0,0,0,0,0,0,0,0,165.475,331.686,355.5,117,0.896,-0.213,0.05,-0.004,41,466,318,2.5,0,0,0,0,0,0,0,0,0,2715

Main.js:462 356.315,214.869,157.5,157.5,-0.789,0.373,-0.046,0.019,31,0,0,1,0,0,0,0,229.534,286.618,-2.197,1.193,0,0,0,0,0,0,0,0,166.373,331.48,355.5,115.5,0.899,-0.206,0.05,-0.004,40,468.5,318,2.5,0,0,0,0,0,0,0,0,0,2730

Main.js:462 355.522,215.242,157.5,157.5,-0.793,0.373,-0.046,0.019,30,0,0,1,0,0,0,0,227.337,287.811,-2.197,1.193,0,0,0,0,0,0,0,0,167.274,331.28,355.5,114,0.901,-0.2,0.05,-0.004,39,471,318,2.5,0,0,0,0,0,0,0,0,0,2748

Main.js:462 354.724,215.614,157.5,157.5,-0.797,0.372,-0.046,0.019,29,0,0,1,0,0,0,0,225.14,289.004,-2.197,1.193,0,0,0,0,0,0,0,0,168.178,331.087,355.5,112.5,0.903,-0.193,0.05,-0.004,38,473.5,318,2.5,0,0,0,0,0,0,0,0,0,2766

Main.js:462 353.923,215.986,157.5,157.5,-0.801,0.372,-0.046,0.019,28,0,0,1,0,0,0,0,222.943,290.197,-2.197,1.193,0,0,0,0,0,0,0,0,169.083,330.9,355.5,111,0.906,-0.187,0.05,-0.004,37,476,318,2.5,0,0,0,0,0,0,0,0,0,2830

Main.js:462 353.118,216.357,157.5,157.5,-0.805,0.371,-0.046,0.019,27,0,0,1,0,0,0,0,220.746,291.39,-2.197,1.193,0,0,0,0,0,0,0,0,169.991,330.718,355.5,109.5,0.908,-0.182,0.05,-0.004,36,478.5,318,2.5,0,0,0,0,0,0,0,0,0,2846

Main.js:462 352.309,216.728,157.5,157.5,-0.809,0.371,-0.046,0.019,26,0,0,1,0,0,0,0,218.549,292.583,-2.197,1.193,0,0,0,0,0,0,0,0,170.901,330.542,355.5,108,0.91,-0.176,0.05,-0.004,35,481,318,2.5,0,0,0,0,0,0,0,0,0,2863

Main.js:462 351.496,217.098,157.5,157.5,-0.812,0.37,-0.046,0.019,25,0,0,1,0,0,0,0,216.351,293.776,-2.197,1.193,0,0,0,0,0,0,0,0,171.812,330.37,355.5,106.5,0.912,-0.171,0.05,-0.004,34,483.5,318,2.5,0,0,0,0,0,0,0,0,0,2879

Main.js:462 350.681,217.468,157.5,157.5,-0.816,0.37,-0.046,0.019,24,0,0,1,0,0,0,0,214.154,294.969,-2.197,1.193,0,0,0,0,0,0,0,0,172.726,330.204,355.5,105,0.913,-0.166,0.05,-0.004,33,486,318,2.5,0,0,0,0,0,0,0,0,0,2896

Main.js:462 349.862,217.838,157.5,157.5,-0.819,0.37,-0.046,0.019,23,0,0,1,0,0,0,0,211.957,296.161,-2.197,1.193,0,0,0,0,0,0,0,0,173.641,330.042,355.5,103.5,0.915,-0.162,0.05,-0.004,32,488.5,318,2.5,0,0,0,0,0,0,0,0,0,2914

Main.js:462 349.04,218.208,157.5,157.5,-0.822,0.369,-0.046,0.019,22,0,0,1,0,0,0,0,209.76,297.354,-2.197,1.193,0,0,0,0,0,0,0,0,174.557,329.884,355.5,102,0.917,-0.158,0.05,-0.004,31,491,318,2.5,0,0,0,0,0,0,0,0,0,2931

Main.js:462 348.216,218.577,157.5,157.5,-0.824,0.369,-0.046,0.019,21,0,0,1,0,0,0,0,207.563,298.547,-2.197,1.193,0,0,0,0,0,0,0,0,175.475,329.731,355.5,100.5,0.918,-0.153,0.05,-0.004,30,493.5,318,2.5,0,0,0,0,0,0,0,0,0,2948

Main.js:462 347.389,218.947,156,156,-0.827,0.37,-0.046,0.02,20,1,0,1,0,0,0,0,205.366,299.74,-2.197,1.193,0,0,0,0,0,0,0,0,176.395,329.582,355.5,99,0.92,-0.149,0.05,-0.004,29,496,318,2.5,0,0,0,0,0,0,0,0,0,2963

Main.js:462 346.561,219.319,154.5,154.5,-0.828,0.372,-0.045,0.022,19,1,0,1,0,0,0,0,203.169,300.933,-2.197,1.193,0,0,0,0,0,0,0,0,177.316,329.436,355.5,97.5,0.921,-0.146,0.05,-0.004,28,498.5,318,2.5,0,0,0,0,0,0,0,0,0,2980

Main.js:462 345.732,219.694,153,153,-0.829,0.375,-0.045,0.023,18,1,0,1,0,0,0,0,203.169,300.933,-2.197,1.193,0,0,0,0,0,0,0,0,178.238,329.294,355.5,96,0.922,-0.142,0.05,-0.004,27,0,0,0,0,0,0,0,0,0,0,0,0,2997

Main.js:462 344.903,220.073,151.5,151.5,-0.829,0.379,-0.044,0.024,17,1,0,1,0,0,0,0,200.972,302.126,-2.197,1.193,0,0,0,0,0,0,0,0,179.162,329.155,355.5,94.5,0.923,-0.139,0.05,-0.004,26,0,0,0,0,0,0,0,0,0,0,0,0,3013

Main.js:462 344.074,220.456,150,150,-0.829,0.384,-0.043,0.025,16,1,0,1,0,0,0,0,198.775,303.319,-2.197,1.193,0,0,0,0,0,0,0,0,180.086,329.018,354,91.5,0.925,-0.137,0.05,-0.005,25,0,0,0,0,0,0,0,0,0,0,0,0,3030

Main.js:462 343.245,220.845,150,150,-0.829,0.388,-0.043,0.025,15,0,0,1,0,0,0,0,196.578,304.512,-2.197,1.193,0,0,0,0,0,0,0,0,181.012,328.882,352.5,88.5,0.925,-0.136,0.05,-0.007,24,0,0,0,0,0,0,0,0,0,0,0,0,3046

Main.js:462 342.416,221.237,150,150,-0.828,0.393,-0.043,0.025,14,0,0,1,0,0,0,0,194.381,305.705,-2.197,1.193,0,0,0,0,0,0,0,0,181.938,328.745,351,85.5,0.926,-0.137,0.049,-0.008,23,0,0,0,0,0,0,0,0,0,0,0,0,3063

Main.js:462 341.588,221.634,150,150,-0.828,0.397,-0.043,0.025,13,0,0,1,0,0,0,0,192.184,306.898,-2.197,1.193,0,0,0,0,0,0,0,0,182.864,328.607,349.5,82.5,0.926,-0.139,0.049,-0.009,22,0,0,0,0,0,0,0,0,0,0,0,0,3081

Main.js:462 340.76,222.035,150,150,-0.828,0.401,-0.043,0.025,12,0,0,1,0,0,0,0,189.987,308.09,-2.197,1.193,0,0,0,0,0,0,0,0,183.791,328.465,348,79.5,0.927,-0.142,0.049,-0.01,21,0,0,0,0,0,0,0,0,0,0,0,0,3097

Main.js:462 339.933,222.439,150,150,-0.828,0.404,-0.043,0.025,11,0,0,1,0,0,0,0,187.79,309.283,-2.197,1.193,0,0,0,0,0,0,0,0,184.717,328.32,346.5,76.5,0.926,-0.146,0.049,-0.012,20,0,0,0,0,0,0,0,0,0,0,0,0,3114

Main.js:462 339.105,222.847,150,150,-0.827,0.408,-0.043,0.025,10,0,0,1,0,0,0,0,185.593,310.476,-2.197,1.193,0,0,0,0,0,0,0,0,185.643,328.169,345,73.5,0.926,-0.151,0.048,-0.013,19,0,0,0,0,0,0,0,0,0,0,0,0,3130

Main.js:462 338.278,223.258,150,150,-0.827,0.411,-0.043,0.025,9,0,0,1,0,0,0,0,183.396,311.669,-2.197,1.193,0,0,0,0,0,0,0,0,186.568,328.013,343.5,70.5,0.925,-0.157,0.048,-0.014,18,0,0,0,0,0,0,0,0,0,0,0,0,3147

Main.js:462 337.451,223.673,150,150,-0.827,0.414,-0.043,0.025,8,0,0,1,0,0,0,0,181.199,312.862,-2.197,1.193,0,0,0,0,0,0,0,0,187.493,327.849,342,67.5,0.924,-0.163,0.048,-0.015,17,0,0,0,0,0,0,0,0,0,0,0,0,3163

Main.js:462 336.625,224.09,150,150,-0.827,0.417,-0.043,0.025,7,0,0,1,0,0,0,0,181.199,312.862,-2.197,1.193,0,0,0,0,0,0,0,0,188.415,327.678,340.5,64.5,0.923,-0.171,0.047,-0.017,16,0,0,0,0,0,0,0,0,0,0,0,0,3181

