Main.js:143 myTank.x,myTank.y,myTank.rotation,myTank.cannonRotation,myTank.velocityX,myTank.velocityY,myTank.accelerationX,myTank.accelerationY,myTank.shootCooldown,myTank.controls.turnLeft,myTank.controls.turnRight,myTank.controls.goForward,myTank.controls.goBack,myTank.controls.shoot,myTank.controls.cannonLeft,myTank.controls.cannonRight,myBullet1.x,myBullet1.y,myBullet1.velocityX,myBullet1.velocityY,myBullet2.x,myBullet2.y,myBullet2.velocityX,myBullet2.velocityY,myBullet3.x,myBullet3.y,myBullet3.velocityX,myBullet3.velocityY,enemyTank.x,enemyTank.y,enemyTank.rotation,enemyTank.cannonRotation,enemyTank.velocityX,enemyTank.velocityY,enemyTank.accelerationX,enemyTank.accelerationY,enemyTank.shootCooldown,enemyBullet1.x,enemyBullet1.y,enemyBullet1.velocityX,enemyBullet1.velocityY,enemyBullet2.x,enemyBullet2.y,enemyBullet2.velocityX,enemyBullet2.velocityY,enemyBullet3.x,enemyBullet3.y,enemyBullet3.velocityX,enemyBullet3.velocityY,currentGameTime
Main.js:462 450,260,180,180,0,0,0,0,0,0,0,0,0,0,0,0,0,0,0,0,0,0,0,0,0,0,0,0,50,240,0,0,0,0,0,0,0,0,0,0,0,0,0,0,0,0,0,0,0,5

Main.js:462 450,260,180,180,0,0,0,0,0,0,0,0,0,0,0,0,0,0,0,0,0,0,0,0,0,0,0,0,50,240,0,0,0,0,0,0,0,0,0,0,0,0,0,0,0,0,0,0,0,29

Main.js:462 450,260,180,180,0,0,0,0,0,0,0,0,0,0,0,0,0,0,0,0,0,0,0,0,0,0,0,0,50.047,240.001,1.5,0,0.047,0.001,0.05,0.001,99,0,0,0,0,0,0,0,0,0,0,0,0,46

Main.js:462 450,260,180,180,0,0,0,0,0,0,0,0,0,0,0,0,0,0,0,0,0,0,0,0,0,0,0,0,50.14,240.005,3,0,0.093,0.004,0.05,0.003,98,73.5,240,2.5,0,0,0,0,0,0,0,0,0,62

Main.js:462 450,260,180,180,0,0,0,0,0,0,0,0,0,0,0,0,0,0,0,0,0,0,0,0,0,0,0,0,50.275,240.012,4.5,0,0.135,0.007,0.05,0.004,97,76,240,2.5,0,0,0,0,0,0,0,0,0,79

Main.js:462 450,260,180,180,0,0,0,0,0,0,0,0,0,0,0,0,0,0,0,0,0,0,0,0,0,0,0,0,50.451,240.024,6,0,0.176,0.012,0.05,0.005,96,78.5,240,2.5,0,0,0,0,0,0,0,0,0,96

Main.js:462 450,260,180,180,0,0,0,0,0,0,0,0,0,0,0,0,0,0,0,0,0,0,0,0,0,0,0,0,50.665,240.041,7.5,0,0.214,0.017,0.05,0.007,95,81,240,2.5,0,0,0,0,0,0,0,0,0,113

Main.js:462 450,260,180,180,0,0,0,0,0,0,0,0,0,0,0,0,0,0,0,0,0,0,0,0,0,0,0,0,50.915,240.065,9,0,0.25,0.024,0.049,0.008,94,83.5,240,2.5,0,0,0,0,0,0,0,0,0,129

Main.js:462 450,260,180,180,0,0,0,0,0,0,0,0,0,0,0,0,0,0,0,0,0,0,0,0,0,0,0,0,51.2,240.097,10.5,0,0.284,0.031,0.049,0.009,93,86,240,2.5,0,0,0,0,0,0,0,0,0,146

Main.js:462 450,260,180,180,0,0,0,0,0,0,0,0,0,0,0,0,0,0,0,0,0,0,0,0,0,0,0,0,51.517,240.137,12,0,0.317,0.04,0.049,0.01,92,88.5,240,2.5,0,0,0,0,0,0,0,0,0,163

Main.js:462 450,260,180,180,0,0,0,0,0,0,0,0,0,0,0,0,0,0,0,0,0,0,0,0,0,0,0,0,51.864,240.185,13.5,0,0.347,0.049,0.049,0.012,91,91,240,2.5,0,0,0,0,0,0,0,0,0,179

Main.js:462 449.953,260,180,180,-0.047,0,-0.05,0,0,0,0,1,0,0,0,0,0,0,0,0,0,0,0,0,0,0,0,0,52.239,240.244,15,0,0.376,0.059,0.048,0.013,90,93.5,240,2.5,0,0,0,0,0,0,0,0,0,196

Main.js:462 449.86,260,180,180,-0.093,0,-0.05,0,0,0,0,1,0,0,0,0,0,0,0,0,0,0,0,0,0,0,0,0,52.641,240.313,16.5,0,0.402,0.069,0.048,0.014,89,96,240,2.5,0,0,0,0,0,0,0,0,0,213

Main.js:462 449.724,260,180,180,-0.135,0,-0.05,0,0,0,0,1,0,0,0,0,0,0,0,0,0,0,0,0,0,0,0,0,53.069,240.394,18,0,0.427,0.08,0.048,0.015,88,98.5,240,2.5,0,0,0,0,0,0,0,0,0,230

Main.js:462 449.548,260,180,180,-0.176,0,-0.05,0,0,0,0,1,0,0,0,0,0,0,0,0,0,0,0,0,0,0,0,0,53.52,240.486,19.5,0,0.451,0.092,0.047,0.017,87,101,240,2.5,0,0,0,0,0,0,0,0,0,246

Main.js:462 449.333,260,180,180,-0.215,0,-0.05,0,0,0,0,1,0,0,0,0,0,0,0,0,0,0,0,0,0,0,0,0,53.992,240.591,21,0,0.473,0.105,0.047,0.018,86,103.5,240,2.5,0,0,0,0,0,0,0,0,0,263

Main.js:462 449.082,260,180,180,-0.252,0,-0.05,0,0,0,0,1,0,0,0,0,0,0,0,0,0,0,0,0,0,0,0,0,54.485,240.708,22.5,0,0.493,0.118,0.046,0.019,85,106,240,2.5,0,0,0,0,0,0,0,0,0,280

Main.js:462 448.795,260,180,180,-0.287,0,-0.05,0,0,0,0,1,0,0,0,0,0,0,0,0,0,0,0,0,0,0,0,0,54.997,240.84,24,0,0.512,0.131,0.046,0.02,84,108.5,240,2.5,0,0,0,0,0,0,0,0,0,297

Main.js:462 448.475,260,180,180,-0.32,0,-0.05,0,0,0,0,1,0,0,0,0,0,0,0,0,0,0,0,0,0,0,0,0,55.526,240.985,25.5,0,0.529,0.145,0.045,0.022,83,111,240,2.5,0,0,0,0,0,0,0,0,0,314

Main.js:462 448.124,260,180,180,-0.351,0,-0.05,0,0,0,0,1,0,0,0,0,0,0,0,0,0,0,0,0,0,0,0,0,56.07,241.144,27,0,0.545,0.159,0.045,0.023,82,113.5,240,2.5,0,0,0,0,0,0,0,0,0,366

Main.js:462 447.743,260,180,180,-0.381,0,-0.05,0,0,0,0,1,0,0,0,0,0,0,0,0,0,0,0,0,0,0,0,0,56.63,241.318,28.5,0,0.559,0.174,0.044,0.024,81,116,240,2.5,0,0,0,0,0,0,0,0,0,396

Main.js:462 447.333,260,180,180,-0.41,0,-0.05,0,0,0,0,1,0,0,0,0,0,0,0,0,0,0,0,0,0,0,0,0,57.202,241.507,30,0,0.572,0.189,0.043,0.025,80,118.5,240,2.5,0,0,0,0,0,0,0,0,0,413

Main.js:462 446.897,260,180,180,-0.437,0,-0.05,0,0,0,0,1,0,0,0,0,0,0,0,0,0,0,0,0,0,0,0,0,57.787,241.711,31.5,0,0.584,0.204,0.043,0.026,79,121,240,2.5,0,0,0,0,0,0,0,0,0,430

Main.js:462 446.434,260,180,180,-0.462,0,-0.05,0,0,0,0,1,0,0,0,0,0,0,0,0,0,0,0,0,0,0,0,0,58.382,241.931,33,0,0.595,0.22,0.042,0.027,78,123.5,240,2.5,0,0,0,0,0,0,0,0,0,446

Main.js:462 445.947,260,180,180,-0.487,0,-0.05,0,0,0,0,1,0,0,0,0,0,0,0,0,0,0,0,0,0,0,0,0,58.986,242.167,34.5,0,0.604,0.236,0.041,0.028,77,126,240,2.5,0,0,0,0,0,0,0,0,0,462

Main.js:462 445.438,260,180,180,-0.51,0,-0.05,0,0,0,0,1,0,0,0,0,0,0,0,0,0,0,0,0,0,0,0,0,59.598,242.419,36,0,0.613,0.252,0.04,0.029,76,128.5,240,2.5,0,0,0,0,0,0,0,0,0,479

Main.js:462 444.906,260,180,180,-0.532,0,-0.05,0,0,0,0,1,0,0,0,0,0,0,0,0,0,0,0,0,0,0,0,0,60.218,242.688,37.5,0,0.62,0.268,0.04,0.03,75,131,240,2.5,0,0,0,0,0,0,0,0,0,495

Main.js:462 444.353,260,180,180,-0.553,0,-0.05,0,0,0,0,1,0,0,0,0,0,0,0,0,0,0,0,0,0,0,0,0,60.844,242.973,39,0,0.626,0.285,0.039,0.031,74,133.5,240,2.5,0,0,0,0,0,0,0,0,0,514

Main.js:462 443.78,260,180,180,-0.573,0,-0.05,0,0,0,0,1,0,0,0,0,0,0,0,0,0,0,0,0,0,0,0,0,61.475,243.273,39,358.5,0.631,0.301,0.039,0.031,73,136,240,2.5,0,0,0,0,0,0,0,0,0,530

Main.js:462 443.189,260,180,180,-0.592,0,-0.05,0,0,0,0,1,0,0,0,0,0,0,0,0,0,0,0,0,0,0,0,0,62.111,243.589,39,357,0.637,0.315,0.039,0.031,72,138.5,240,2.5,0,0,0,0,0,0,0,0,0,547

Main.js:462 442.579,260,180,180,-0.609,0,-0.05,0,0,0,0,1,0,0,0,0,0,0,0,0,0,0,0,0,0,0,0,0,62.753,243.918,39,355.5,0.642,0.33,0.039,0.031,71,141,240,2.5,0,0,0,0,0,0,0,0,0,563

Main.js:462 441.953,260,180,180,-0.626,0,-0.05,0,0,0,0,1,0,0,0,0,0,0,0,0,0,0,0,0,0,0,0,0,63.399,244.261,39,354,0.646,0.343,0.039,0.031,70,143.5,240,2.5,0,0,0,0,0,0,0,0,0,581

Main.js:462 441.31,260,180,180,-0.643,0,-0.05,0,0,0,0,1,0,0,0,0,0,0,0,0,0,0,0,0,0,0,0,0,64.051,244.617,39,352.5,0.651,0.356,0.039,0.031,69,146,240,2.5,0,0,0,0,0,0,0,0,0,597

Main.js:462 440.652,260,180,180,-0.658,0,-0.05,0,0,0,0,1,0,0,0,0,0,0,0,0,0,0,0,0,0,0,0,0,64.706,244.984,39,351,0.655,0.368,0.039,0.031,68,148.5,240,2.5,0,0,0,0,0,0,0,0,0,614

Main.js:462 439.98,260,180,180,-0.673,0,-0.05,0,0,0,0,1,0,0,0,0,0,0,0,0,0,0,0,0,0,0,0,0,65.366,245.364,39,349.5,0.66,0.379,0.039,0.031,67,151,240,2.5,0,0,0,0,0,0,0,0,0,630

Main.js:462 439.293,260,180,180,-0.686,0,-0.05,0,0,0,0,1,0,0,0,0,0,0,0,0,0,0,0,0,0,0,0,0,66.029,245.754,39,348,0.663,0.39,0.039,0.031,66,153.5,240,2.5,0,0,0,0,0,0,0,0,0,647

Main.js:462 438.593,260,180,180,-0.7,0,-0.05,0,0,0,0,1,0,0,0,0,0,0,0,0,0,0,0,0,0,0,0,0,66.696,246.155,39,346.5,0.667,0.401,0.039,0.031,65,156,240,2.5,0,0,0,0,0,0,0,0,0,663

Main.js:462 437.881,260,180,180,-0.712,0,-0.05,0,0,0,0,1,0,0,0,0,0,0,0,0,0,0,0,0,0,0,0,0,67.367,246.565,39,345,0.671,0.41,0.039,0.031,64,158.5,240,2.5,0,0,0,0,0,0,0,0,0,679

Main.js:462 437.157,260,180,180,-0.724,0,-0.05,0,0,0,0,1,0,0,0,0,0,0,0,0,0,0,0,0,0,0,0,0,68.041,246.985,39,343.5,0.674,0.42,0.039,0.031,63,161,240,2.5,0,0,0,0,0,0,0,0,0,697

Main.js:462 436.422,260,180,180,-0.735,0,-0.05,0,0,0,0,1,0,0,0,0,0,0,0,0,0,0,0,0,0,0,0,0,68.719,247.414,39,342,0.677,0.429,0.039,0.031,62,163.5,240,2.5,0,0,0,0,0,0,0,0,0,713

Main.js:462 435.676,260,180,180,-0.746,0,-0.05,0,0,0,0,1,0,0,0,0,0,0,0,0,0,0,0,0,0,0,0,0,69.399,247.851,39,340.5,0.68,0.437,0.039,0.031,61,166,240,2.5,0,0,0,0,0,0,0,0,0,730

Main.js:462 434.919,260,180,180,-0.756,0,-0.05,0,0,0,0,1,0,0,0,0,0,0,0,0,0,0,0,0,0,0,0,0,70.082,248.296,39,339,0.683,0.445,0.039,0.031,60,168.5,240,2.5,0,0,0,0,0,0,0,0,0,745

Main.js:462 434.154,260,180,180,-0.766,0,-0.05,0,0,0,0,1,0,0,0,0,0,0,0,0,0,0,0,0,0,0,0,0,70.768,248.749,39,337.5,0.686,0.453,0.039,0.031,59,171,240,2.5,0,0,0,0,0,0,0,0,0,763

Main.js:462 433.378,260,180,180,-0.775,0,-0.05,0,0,0,0,1,0,0,0,0,0,0,0,0,0,0,0,0,0,0,0,0,71.457,249.209,39,336,0.689,0.46,0.039,0.031,58,173.5,240,2.5,0,0,0,0,0,0,0,0,0,780

Main.js:462 432.594,260,180,180,-0.784,0,-0.05,0,0,0,0,1,0,0,0,0,0,0,0,0,0,0,0,0,0,0,0,0,72.148,249.676,39,334.5,0.691,0.467,0.039,0.031,57,176,240,2.5,0,0,0,0,0,0,0,0,0,796

Main.js:462 431.802,260,180,180,-0.792,0,-0.05,0,0,0,0,1,0,0,0,0,0,0,0,0,0,0,0,0,0,0,0,0,72.842,250.149,39,333,0.694,0.474,0.039,0.031,56,178.5,240,2.5,0,0,0,0,0,0,0,0,0,812

Main.js:462 431.002,260,180,180,-0.8,0,-0.05,0,0,0,0,1,0,0,0,0,0,0,0,0,0,0,0,0,0,0,0,0,73.537,250.629,39,331.5,0.696,0.48,0.039,0.031,55,181,240,2.5,0,0,0,0,0,0,0,0,0,830

Main.js:462 430.194,259.999,181.5,181.5,-0.808,-0.001,-0.05,-0.001,0,0,1,1,0,0,0,0,0,0,0,0,0,0,0,0,0,0,0,0,74.235,251.115,39,330,0.698,0.486,0.039,0.031,54,183.5,240,2.5,0,0,0,0,0,0,0,0,0,845

Main.js:462 429.38,259.995,183,183,-0.815,-0.004,-0.05,-0.003,0,0,1,1,0,0,0,0,0,0,0,0,0,0,0,0,0,0,0,0,74.935,251.606,39,328.5,0.7,0.491,0.039,0.031,53,186,240,2.5,0,0,0,0,0,0,0,0,0,863

Main.js:462 428.559,259.988,184.5,184.5,-0.821,-0.007,-0.05,-0.004,0,0,1,1,0,0,0,0,0,0,0,0,0,0,0,0,0,0,0,0,75.637,252.103,39,327,0.702,0.497,0.039,0.031,52,188.5,240,2.5,0,0,0,0,0,0,0,0,0,880

Main.js:462 427.731,259.977,184.5,184.5,-0.828,-0.011,-0.05,-0.004,0,0,0,1,0,0,0,0,0,0,0,0,0,0,0,0,0,0,0,0,76.341,252.604,39,325.5,0.704,0.502,0.039,0.031,51,191,240,2.5,0,0,0,0,0,0,0,0,0,895

Main.js:462 426.898,259.964,184.5,184.5,-0.834,-0.014,-0.05,-0.004,0,0,0,1,0,0,0,0,0,0,0,0,0,0,0,0,0,0,0,0,77.046,253.111,39,324,0.705,0.506,0.039,0.031,50,193.5,240,2.5,0,0,0,0,0,0,0,0,0,913

Main.js:462 426.058,259.947,184.5,184.5,-0.839,-0.017,-0.05,-0.004,0,0,0,1,0,0,0,0,0,0,0,0,0,0,0,0,0,0,0,0,77.753,253.622,39,322.5,0.707,0.511,0.039,0.031,49,196,240,2.5,0,0,0,0,0,0,0,0,0,930

Main.js:462 425.214,259.927,184.5,184.5,-0.845,-0.02,-0.05,-0.004,0,0,0,1,0,0,0,0,0,0,0,0,0,0,0,0,0,0,0,0,78.462,254.137,39,321,0.709,0.515,0.039,0.031,48,198.5,240,2.5,0,0,0,0,0,0,0,0,0,946

Main.js:462 424.364,259.905,184.5,184.5,-0.85,-0.022,-0.05,-0.004,0,0,0,1,0,0,0,0,0,0,0,0,0,0,0,0,0,0,0,0,79.172,254.657,39,319.5,0.71,0.52,0.039,0.031,47,201,240,2.5,0,0,0,0,0,0,0,0,0,963

Main.js:462 423.509,259.88,184.5,184.5,-0.855,-0.025,-0.05,-0.004,99,0,0,1,0,1,0,0,0,0,0,0,0,0,0,0,0,0,0,0,79.883,255.18,39,318,0.711,0.523,0.039,0.031,46,203.5,240,2.5,0,0,0,0,0,0,0,0,0,980

Main.js:462 422.65,259.852,184.5,184.5,-0.859,-0.028,-0.05,-0.004,98,0,0,1,0,1,0,0,400.936,258.061,-2.492,-0.196,0,0,0,0,0,0,0,0,80.596,255.707,39,316.5,0.713,0.527,0.039,0.031,45,206,240,2.5,0,0,0,0,0,0,0,0,0,995

Main.js:462 421.787,259.822,184.5,184.5,-0.864,-0.03,-0.05,-0.004,97,0,0,1,0,1,0,0,398.444,257.865,-2.492,-0.196,0,0,0,0,0,0,0,0,81.31,256.238,39,315,0.714,0.531,0.039,0.031,44,208.5,240,2.5,0,0,0,0,0,0,0,0,0,1013

Main.js:462 420.919,259.79,184.5,184.5,-0.868,-0.032,-0.05,-0.004,96,0,0,1,0,1,0,0,395.952,257.668,-2.492,-0.196,0,0,0,0,0,0,0,0,82.026,256.771,37.5,312,0.716,0.533,0.04,0.03,43,211,240,2.5,0,0,0,0,0,0,0,0,0,1030

Main.js:462 420.047,259.756,184.5,184.5,-0.872,-0.034,-0.05,-0.004,95,0,0,1,0,0,0,0,393.46,257.472,-2.492,-0.196,0,0,0,0,0,0,0,0,82.745,257.305,36,309,0.719,0.534,0.04,0.029,42,213.5,240,2.5,0,0,0,0,0,0,0,0,0,1048

Main.js:462 419.172,259.72,184.5,184.5,-0.876,-0.036,-0.05,-0.004,94,0,0,1,0,0,0,0,390.967,257.276,-2.492,-0.196,0,0,0,0,0,0,0,0,83.467,257.84,34.5,306,0.722,0.535,0.041,0.028,41,216,240,2.5,0,0,0,0,0,0,0,0,0,1063

Main.js:462 418.292,259.681,184.5,184.5,-0.879,-0.038,-0.05,-0.004,93,0,0,1,0,0,0,0,388.475,257.08,-2.492,-0.196,0,0,0,0,0,0,0,0,84.192,258.374,33,303,0.726,0.534,0.042,0.027,40,218.5,240,2.5,0,0,0,0,0,0,0,0,0,1079

Main.js:462 417.41,259.641,184.5,184.5,-0.882,-0.04,-0.05,-0.004,92,0,0,1,0,0,0,0,385.983,256.884,-2.492,-0.196,0,0,0,0,0,0,0,0,84.922,258.905,31.5,300,0.73,0.532,0.043,0.026,39,221,240,2.5,0,0,0,0,0,0,0,0,0,1095

Main.js:462 416.524,259.6,184.5,184.5,-0.886,-0.042,-0.05,-0.004,91,0,0,1,0,0,0,0,383.49,256.688,-2.492,-0.196,0,0,0,0,0,0,0,0,85.657,259.434,30,297,0.735,0.529,0.043,0.025,38,223.5,240,2.5,0,0,0,0,0,0,0,0,0,1113

Main.js:462 415.635,259.556,184.5,184.5,-0.889,-0.043,-0.05,-0.004,90,0,0,1,0,0,0,0,380.998,256.492,-2.492,-0.196,0,0,0,0,0,0,0,0,86.396,259.96,28.5,294,0.74,0.525,0.044,0.024,37,226,240,2.5,0,0,0,0,0,0,0,0,0,1129

Main.js:462 414.744,259.511,184.5,184.5,-0.892,-0.045,-0.05,-0.004,89,0,0,1,0,0,0,0,378.506,256.295,-2.492,-0.196,0,0,0,0,0,0,0,0,87.141,260.48,27,291,0.745,0.52,0.045,0.023,36,228.5,240,2.5,0,0,0,0,0,0,0,0,0,1147

Main.js:462 413.849,259.465,184.5,184.5,-0.894,-0.046,-0.05,-0.004,88,0,0,1,0,0,0,0,376.013,256.099,-2.492,-0.196,0,0,0,0,0,0,0,0,87.892,260.995,25.5,288,0.751,0.515,0.045,0.022,35,231,240,2.5,0,0,0,0,0,0,0,0,0,1164

Main.js:462 412.952,259.417,184.5,184.5,-0.897,-0.048,-0.05,-0.004,87,0,0,1,0,0,0,0,373.521,255.903,-2.492,-0.196,0,0,0,0,0,0,0,0,88.648,261.503,24,285,0.756,0.508,0.046,0.02,34,233.5,240,2.5,0,0,0,0,0,0,0,0,0,1179

Main.js:462 412.053,259.368,184.5,184.5,-0.9,-0.049,-0.05,-0.004,86,0,0,1,0,0,0,0,371.029,255.707,-2.492,-0.196,0,0,0,0,0,0,0,0,89.411,262.005,22.5,282,0.762,0.501,0.046,0.019,33,236,240,2.5,0,0,0,0,0,0,0,0,0,1196

Main.js:462 411.151,259.319,183,183,-0.902,-0.049,-0.05,-0.003,85,1,0,1,0,0,0,0,368.537,255.511,-2.492,-0.196,0,0,0,0,0,0,0,0,90.179,262.498,21,279,0.769,0.493,0.047,0.018,32,238.5,240,2.5,0,0,0,0,0,0,0,0,0,1213

Main.js:462 410.246,259.271,181.5,181.5,-0.904,-0.048,-0.05,-0.001,84,1,0,1,0,0,0,0,366.044,255.315,-2.492,-0.196,0,0,0,0,0,0,0,0,90.954,262.982,19.5,276,0.775,0.484,0.047,0.017,31,241,240,2.5,0,0,0,0,0,0,0,0,0,1229

Main.js:462 409.339,259.226,180,180,-0.907,-0.046,-0.05,0,83,1,0,1,0,0,0,0,363.552,255.119,-2.492,-0.196,0,0,0,0,0,0,0,0,91.736,263.457,18,273,0.781,0.475,0.048,0.015,30,243.5,240,2.5,0,0,0,0,0,0,0,0,0,1246

Main.js:462 408.43,259.183,178.5,178.5,-0.909,-0.042,-0.05,0.001,82,1,0,1,0,0,0,0,361.06,254.922,-2.492,-0.196,0,0,0,0,0,0,0,0,92.524,263.922,16.5,270,0.788,0.465,0.048,0.014,29,246,240,2.5,0,0,0,0,0,0,0,0,0,1262

Main.js:462 407.52,259.146,177,177,-0.911,-0.037,-0.05,0.003,81,1,0,1,0,0,0,0,358.567,254.726,-2.492,-0.196,0,0,0,0,0,0,0,0,93.318,264.375,15,267,0.794,0.454,0.048,0.013,28,248.5,240,2.5,0,0,0,0,0,0,0,0,0,1280

Main.js:462 406.607,259.114,175.5,175.5,-0.913,-0.032,-0.05,0.004,80,1,0,1,0,0,0,0,356.075,254.53,-2.492,-0.196,0,0,0,0,0,0,0,0,94.119,264.817,13.5,264,0.801,0.442,0.049,0.012,27,251,240,2.5,0,0,0,0,0,0,0,0,0,1295

Main.js:462 405.693,259.088,175.5,175.5,-0.914,-0.027,-0.05,0.004,79,0,0,1,0,0,0,0,353.583,254.334,-2.492,-0.196,0,0,0,0,0,0,0,0,94.926,265.247,12,261,0.807,0.43,0.049,0.01,26,253.5,240,2.5,0,0,0,0,0,0,0,0,0,1312

Main.js:462 404.777,259.066,175.5,175.5,-0.916,-0.021,-0.05,0.004,78,0,0,1,0,0,0,0,351.091,254.138,-2.492,-0.196,0,0,0,0,0,0,0,0,95.74,265.664,10.5,258,0.814,0.417,0.049,0.009,25,256,240,2.5,0,0,0,0,0,0,0,0,0,1330

Main.js:462 403.859,259.05,175.5,175.5,-0.918,-0.017,-0.05,0.004,77,0,0,1,0,0,0,0,348.598,253.942,-2.492,-0.196,0,0,0,0,0,0,0,0,96.56,266.068,9,255,0.82,0.404,0.049,0.008,24,258.5,240,2.5,0,0,0,0,0,0,0,0,0,1346

Main.js:462 402.94,259.037,175.5,175.5,-0.919,-0.012,-0.05,0.004,76,0,0,1,0,0,0,0,346.106,253.746,-2.492,-0.196,0,0,0,0,0,0,0,0,97.385,266.457,7.5,252,0.826,0.39,0.05,0.007,23,261,240,2.5,0,0,0,0,0,0,0,0,0,1395

Main.js:462 402.02,259.03,175.5,175.5,-0.92,-0.008,-0.05,0.004,75,0,0,1,0,0,0,0,343.614,253.549,-2.492,-0.196,0,0,0,0,0,0,0,0,98.217,266.832,6,249,0.832,0.375,0.05,0.005,22,263.5,240,2.5,0,0,0,0,0,0,0,0,0,1412

Main.js:462 401.098,259.026,175.5,175.5,-0.922,-0.004,-0.05,0.004,74,0,0,1,0,1,0,0,341.121,253.353,-2.492,-0.196,0,0,0,0,0,0,0,0,99.055,267.193,4.5,246,0.838,0.36,0.05,0.004,21,266,240,2.5,0,0,0,0,0,0,0,0,0,1429

Main.js:462 400.175,259.026,175.5,175.5,-0.923,0,-0.05,0.004,73,0,0,1,0,1,0,0,338.629,253.157,-2.492,-0.196,0,0,0,0,0,0,0,0,99.898,267.537,3,243,0.843,0.345,0.05,0.003,20,268.5,240,2.5,0,0,0,0,0,0,0,0,0,1446

Main.js:462 399.25,259.03,175.5,175.5,-0.924,0.004,-0.05,0.004,72,0,0,1,0,1,0,0,336.137,252.961,-2.492,-0.196,0,0,0,0,0,0,0,0,100.747,267.866,1.5,240,0.849,0.329,0.05,0.001,19,271,240,2.5,0,0,0,0,0,0,0,0,0,1463

Main.js:462 398.325,259.038,175.5,175.5,-0.925,0.007,-0.05,0.004,71,0,0,1,0,1,0,0,333.644,252.765,-2.492,-0.196,0,0,0,0,0,0,0,0,101.6,268.178,0,237,0.854,0.312,0.05,0,18,273.5,240,2.5,0,0,0,0,0,0,0,0,0,1480

Main.js:462 397.399,259.049,175.5,175.5,-0.926,0.011,-0.05,0.004,70,0,0,1,0,0,0,0,331.152,252.569,-2.492,-0.196,0,0,0,0,0,0,0,0,102.459,268.473,358.5,234,0.858,0.295,0.05,-0.001,17,276,240,2.5,0,0,0,0,0,0,0,0,0,1496

Main.js:462 396.471,259.063,175.5,175.5,-0.928,0.014,-0.05,0.004,69,0,0,1,0,0,0,0,328.66,252.373,-2.492,-0.196,0,0,0,0,0,0,0,0,103.322,268.751,357,231,0.863,0.278,0.05,-0.003,16,278.5,240,2.5,0,0,0,0,0,0,0,0,0,1513

Main.js:462 395.543,259.08,175.5,175.5,-0.928,0.017,-0.05,0.004,68,0,0,1,0,0,0,0,326.168,252.176,-2.492,-0.196,0,0,0,0,0,0,0,0,104.189,269.011,355.5,228,0.867,0.26,0.05,-0.004,15,281,240,2.5,0,0,0,0,0,0,0,0,0,1529

Main.js:462 394.613,259.1,175.5,175.5,-0.929,0.02,-0.05,0.004,67,0,0,1,0,0,0,0,323.675,251.98,-2.492,-0.196,0,0,0,0,0,0,0,0,105.06,269.254,354,225,0.871,0.242,0.05,-0.005,14,283.5,240,2.5,0,0,0,0,0,0,0,0,0,1546

Main.js:462 393.683,259.122,175.5,175.5,-0.93,0.023,-0.05,0.004,66,0,0,1,0,0,0,0,321.183,251.784,-2.492,-0.196,0,0,0,0,0,0,0,0,105.934,269.478,352.5,222,0.875,0.224,0.05,-0.007,13,286,240,2.5,0,0,0,0,0,0,0,0,0,1562

Main.js:462 392.752,259.147,175.5,175.5,-0.931,0.025,-0.05,0.004,65,0,0,1,0,0,0,0,318.691,251.588,-2.492,-0.196,0,0,0,0,0,0,0,0,106.812,269.683,351,219,0.878,0.205,0.049,-0.008,12,288.5,240,2.5,0,0,0,0,0,0,0,0,0,1579

Main.js:462 391.82,259.175,175.5,175.5,-0.932,0.028,-0.05,0.004,64,0,0,1,0,0,0,0,316.198,251.392,-2.492,-0.196,0,0,0,0,0,0,0,0,107.693,269.87,349.5,216,0.881,0.187,0.049,-0.009,11,291,240,2.5,0,0,0,0,0,0,0,0,0,1596

Main.js:462 390.887,259.205,175.5,175.5,-0.933,0.03,-0.05,0.004,63,0,0,1,0,0,0,0,313.706,251.196,-2.492,-0.196,0,0,0,0,0,0,0,0,108.576,270.037,348,213,0.883,0.167,0.049,-0.01,10,293.5,240,2.5,0,0,0,0,0,0,0,0,0,1613

Main.js:462 389.954,259.238,175.5,175.5,-0.933,0.032,-0.05,0.004,62,0,0,1,0,0,0,0,311.214,250.999,-2.492,-0.196,0,0,0,0,0,0,0,0,109.461,270.185,346.5,210,0.885,0.148,0.049,-0.012,9,296,240,2.5,0,0,0,0,0,0,0,0,0,1629

Main.js:462 389.02,259.272,175.5,175.5,-0.934,0.034,-0.05,0.004,61,0,0,1,0,1,0,0,308.722,250.803,-2.492,-0.196,0,0,0,0,0,0,0,0,110.347,270.313,345,207,0.887,0.128,0.048,-0.013,8,298.5,240,2.5,0,0,0,0,0,0,0,0,0,1647

Main.js:462 388.085,259.308,175.5,175.5,-0.935,0.036,-0.05,0.004,60,0,0,1,0,1,0,0,306.229,250.607,-2.492,-0.196,0,0,0,0,0,0,0,0,111.235,270.422,343.5,204,0.888,0.108,0.048,-0.014,7,301,240,2.5,0,0,0,0,0,0,0,0,0,1662

Main.js:462 387.15,259.347,175.5,175.5,-0.935,0.038,-0.05,0.004,59,0,0,1,0,1,0,0,303.737,250.411,-2.492,-0.196,0,0,0,0,0,0,0,0,112.124,270.51,342,201,0.889,0.088,0.048,-0.015,6,303.5,240,2.5,0,0,0,0,0,0,0,0,0,1680

Main.js:462 386.214,259.387,175.5,175.5,-0.936,0.04,-0.05,0.004,58,0,0,1,0,1,0,0,301.245,250.215,-2.492,-0.196,0,0,0,0,0,0,0,0,113.013,270.578,340.5,198,0.889,0.068,0.047,-0.017,5,306,240,2.5,0,0,0,0,0,0,0,0,0,1696

Main.js:462 385.277,259.429,175.5,175.5,-0.936,0.042,-0.05,0.004,57,0,0,1,0,1,0,0,298.752,250.019,-2.492,-0.196,0,0,0,0,0,0,0,0,113.902,270.625,339,195,0.889,0.048,0.047,-0.018,4,308.5,240,2.5,0,0,0,0,0,0,0,0,0,1713

Main.js:462 384.34,259.472,175.5,175.5,-0.937,0.043,-0.05,0.004,56,0,0,1,0,0,0,0,296.26,249.823,-2.492,-0.196,0,0,0,0,0,0,0,0,114.79,270.652,337.5,192,0.888,0.027,0.046,-0.019,3,311,240,2.5,0,0,0,0,0,0,0,0,0,1730

Main.js:462 383.403,259.517,175.5,175.5,-0.938,0.045,-0.05,0.004,55,0,0,1,0,0,0,0,293.768,249.626,-2.492,-0.196,0,0,0,0,0,0,0,0,115.677,270.659,336,189,0.887,0.006,0.046,-0.02,2,313.5,240,2.5,0,0,0,0,0,0,0,0,0,1746

Main.js:462 382.465,259.564,175.5,175.5,-0.938,0.047,-0.05,0.004,54,0,0,1,0,0,0,0,291.276,249.43,-2.492,-0.196,0,0,0,0,0,0,0,0,116.563,270.644,334.5,186,0.886,-0.014,0.045,-0.022,1,316,240,2.5,0,0,0,0,0,0,0,0,0,1762

Main.js:462 381.526,259.612,175.5,175.5,-0.938,0.048,-0.05,0.004,53,0,0,1,0,0,0,0,288.783,249.234,-2.492,-0.196,0,0,0,0,0,0,0,0,117.447,270.609,333,183,0.884,-0.035,0.045,-0.023,0,318.5,240,2.5,0,0,0,0,0,0,0,0,0,1779

Main.js:462 380.587,259.661,175.5,175.5,-0.939,0.049,-0.05,0.004,52,0,0,1,0,0,0,0,286.291,249.038,-2.492,-0.196,0,0,0,0,0,0,0,0,118.328,270.553,331.5,180,0.881,-0.056,0.044,-0.024,99,321,240,2.5,0,0,0,0,0,0,0,0,0,1797

Main.js:462 379.648,259.711,175.5,175.5,-0.939,0.051,-0.05,0.004,51,0,0,1,0,0,0,0,283.799,248.842,-2.492,-0.196,0,0,0,0,0,0,0,0,119.207,270.475,330,177,0.878,-0.077,0.043,-0.025,98,323.5,240,2.5,0,93.947,270.609,-2.5,0,0,0,0,0,1813

Main.js:462 378.708,259.763,175.5,175.5,-0.94,0.052,-0.05,0.004,50,0,0,1,0,0,0,0,281.306,248.646,-2.492,-0.196,0,0,0,0,0,0,0,0,120.082,270.377,328.5,174,0.875,-0.098,0.043,-0.026,97,326,240,2.5,0,91.447,270.609,-2.5,0,0,0,0,0,1830

Main.js:462 377.768,259.816,175.5,175.5,-0.94,0.053,-0.05,0.004,49,0,0,1,0,1,0,0,278.814,248.45,-2.492,-0.196,0,0,0,0,0,0,0,0,120.953,270.258,327,171,0.871,-0.119,0.042,-0.027,96,328.5,240,2.5,0,88.947,270.609,-2.5,0,0,0,0,0,1846

Main.js:462 376.828,259.87,175.5,175.5,-0.94,0.054,-0.05,0.004,48,0,0,1,0,1,0,0,276.322,248.253,-2.492,-0.196,0,0,0,0,0,0,0,0,121.82,270.118,325.5,168,0.867,-0.14,0.041,-0.028,95,331,240,2.5,0,86.447,270.609,-2.5,0,0,0,0,0,1862

Main.js:462 375.887,259.925,175.5,175.5,-0.941,0.055,-0.05,0.004,47,0,0,1,0,1,0,0,273.829,248.057,-2.492,-0.196,0,0,0,0,0,0,0,0,122.682,269.957,324,165,0.862,-0.161,0.04,-0.029,94,333.5,240,2.5,0,83.947,270.609,-2.5,0,0,0,0,0,1880

Main.js:462 374.946,259.981,175.5,175.5,-0.941,0.056,-0.05,0.004,46,0,0,1,0,1,0,0,271.337,247.861,-2.492,-0.196,0,0,0,0,0,0,0,0,123.538,269.775,322.5,162,0.856,-0.182,0.04,-0.03,93,336,240,2.5,0,81.447,270.609,-2.5,0,0,0,0,0,1895

Main.js:462 374.005,260.037,175.5,175.5,-0.941,0.057,-0.05,0.004,45,0,0,1,0,0,0,0,268.845,247.665,-2.492,-0.196,0,0,0,0,0,0,0,0,124.389,269.573,321,159,0.85,-0.203,0.039,-0.031,92,338.5,240,2.5,0,78.947,270.609,-2.5,0,0,0,0,0,1915

Main.js:462 373.063,260.095,175.5,175.5,-0.942,0.058,-0.05,0.004,44,0,0,1,0,0,0,0,266.353,247.469,-2.492,-0.196,0,0,0,0,0,0,0,0,125.233,269.349,319.5,156,0.844,-0.223,0.038,-0.032,91,341,240,2.5,0,76.447,270.609,-2.5,0,0,0,0,0,1930

Main.js:462 372.121,260.154,175.5,175.5,-0.942,0.059,-0.05,0.004,43,0,0,1,0,0,0,0,263.86,247.273,-2.492,-0.196,0,0,0,0,0,0,0,0,126.07,269.105,318,153,0.837,-0.244,0.037,-0.033,90,343.5,240,2.5,0,73.947,270.609,-2.5,0,0,0,0,0,1946

Main.js:462 371.179,260.213,175.5,175.5,-0.942,0.059,-0.05,0.004,42,0,0,1,0,0,0,0,261.368,247.077,-2.492,-0.196,0,0,0,0,0,0,0,0,126.9,268.841,316.5,150,0.83,-0.264,0.036,-0.034,89,346,240,2.5,0,71.447,270.609,-2.5,0,0,0,0,0,1964

Main.js:462 370.237,260.273,175.5,175.5,-0.942,0.06,-0.05,0.004,41,0,0,1,0,0,0,0,258.876,246.88,-2.492,-0.196,0,0,0,0,0,0,0,0,127.721,268.556,315,147,0.822,-0.285,0.035,-0.035,88,348.5,240,2.5,0,68.947,270.609,-2.5,0,0,0,0,0,1979

Main.js:462 369.294,260.334,175.5,175.5,-0.943,0.061,-0.05,0.004,40,0,0,1,0,0,0,0,256.383,246.684,-2.492,-0.196,0,0,0,0,0,0,0,0,128.535,268.251,313.5,144,0.813,-0.305,0.034,-0.036,87,351,240,2.5,0,66.447,270.609,-2.5,0,0,0,0,0,1995

Main.js:462 368.351,260.396,175.5,175.5,-0.943,0.062,-0.05,0.004,39,0,0,1,0,0,0,0,253.891,246.488,-2.492,-0.196,0,0,0,0,0,0,0,0,129.34,267.926,312,141,0.805,-0.325,0.033,-0.037,86,353.5,240,2.5,0,63.947,270.609,-2.5,0,0,0,0,0,2013

Main.js:462 367.408,260.458,175.5,175.5,-0.943,0.062,-0.05,0.004,38,0,0,1,0,0,0,0,251.399,246.292,-2.492,-0.196,0,0,0,0,0,0,0,0,130.137,267.583,313.5,141,0.797,-0.343,0.034,-0.036,85,356,240,2.5,0,61.447,270.609,-2.5,0,0,0,0,0,2029

Main.js:462 366.465,260.521,175.5,175.5,-0.943,0.063,-0.05,0.004,37,0,0,1,0,0,0,0,248.907,246.096,-2.492,-0.196,0,0,0,0,0,0,0,0,130.927,267.223,315,141,0.791,-0.36,0.035,-0.035,84,358.5,240,2.5,0,58.947,270.609,-2.5,0,0,0,0,0,2045

Main.js:462 365.521,260.584,175.5,175.5,-0.943,0.063,-0.05,0.004,36,0,0,1,0,0,0,0,246.414,245.9,-2.492,-0.196,0,0,0,0,0,0,0,0,131.713,266.849,316.5,141,0.786,-0.374,0.036,-0.034,83,361,240,2.5,0,56.447,270.609,-2.5,0,0,0,0,0,2062

Main.js:462 364.578,260.648,175.5,175.5,-0.944,0.064,-0.05,0.004,35,0,0,1,0,0,0,0,243.922,245.703,-2.492,-0.196,0,0,0,0,0,0,0,0,132.495,266.461,318,141,0.782,-0.387,0.037,-0.033,82,363.5,240,2.5,0,53.947,270.609,-2.5,0,0,0,0,0,2080

Main.js:462 363.634,260.713,175.5,175.5,-0.944,0.064,-0.05,0.004,34,0,0,1,0,0,0,0,241.43,245.507,-2.492,-0.196,0,0,0,0,0,0,0,0,133.274,266.062,319.5,141,0.779,-0.399,0.038,-0.032,81,366,240,2.5,0,51.447,270.609,-2.5,0,0,0,0,0,2096

Main.js:462 362.69,260.778,175.5,175.5,-0.944,0.065,-0.05,0.004,33,0,0,1,0,0,0,0,238.937,245.311,-2.492,-0.196,0,0,0,0,0,0,0,0,134.05,265.653,321,141,0.777,-0.409,0.039,-0.031,80,368.5,240,2.5,0,48.947,270.609,-2.5,0,0,0,0,0,2113

Main.js:462 361.746,260.843,175.5,175.5,-0.944,0.065,-0.05,0.004,32,0,0,1,0,0,0,0,236.445,245.115,-2.492,-0.196,0,0,0,0,0,0,0,0,134.826,265.236,322.5,141,0.776,-0.417,0.04,-0.03,79,371,240,2.5,0,46.447,270.609,-2.5,0,0,0,0,0,2129

Main.js:462 360.801,260.909,175.5,175.5,-0.944,0.066,-0.05,0.004,31,0,0,1,0,0,0,0,233.953,244.919,-2.492,-0.196,0,0,0,0,0,0,0,0,135.601,264.812,324,141,0.775,-0.424,0.04,-0.029,78,373.5,240,2.5,0,43.947,270.609,-2.5,0,0,0,0,0,2146

Main.js:462 359.857,260.975,175.5,175.5,-0.944,0.066,-0.05,0.004,30,0,0,1,0,0,0,0,231.46,244.723,-2.492,-0.196,0,0,0,0,0,0,0,0,136.377,264.381,325.5,141,0.776,-0.43,0.041,-0.028,77,376,240,2.5,0,41.447,270.609,-2.5,0,0,0,0,0,2163

Main.js:462 358.912,261.042,175.5,175.5,-0.945,0.067,-0.05,0.004,29,0,0,1,0,0,0,0,228.968,244.527,-2.492,-0.196,0,0,0,0,0,0,0,0,137.153,263.947,327,141,0.777,-0.434,0.042,-0.027,76,378.5,240,2.5,0,38.947,270.609,-2.5,0,0,0,0,0,2180

Main.js:462 357.968,261.109,175.5,175.5,-0.945,0.067,-0.05,0.004,28,0,0,1,0,0,0,0,226.476,244.33,-2.492,-0.196,0,0,0,0,0,0,0,0,137.932,263.509,328.5,141,0.778,-0.438,0.043,-0.026,75,381,240,2.5,0,36.447,270.609,-2.5,0,0,0,0,0,2196

Main.js:462 357.023,261.177,175.5,175.5,-0.945,0.068,-0.05,0.004,27,0,0,1,0,0,0,0,223.984,244.134,-2.492,-0.196,0,0,0,0,0,0,0,0,138.712,263.07,330,141,0.781,-0.439,0.043,-0.025,74,383.5,240,2.5,0,33.947,270.609,-2.5,0,0,0,0,0,2213

Main.js:462 356.078,261.245,175.5,175.5,-0.945,0.068,-0.05,0.004,26,0,0,1,0,0,0,0,221.491,243.938,-2.492,-0.196,0,0,0,0,0,0,0,0,139.496,262.63,331.5,141,0.783,-0.44,0.044,-0.024,73,386,240,2.5,0,31.447,270.609,-2.5,0,0,0,0,0,2228

Main.js:462 355.133,261.313,175.5,175.5,-0.945,0.068,-0.05,0.004,25,0,0,1,0,0,0,0,218.999,243.742,-2.492,-0.196,0,0,0,0,0,0,0,0,140.282,262.19,333,141,0.786,-0.44,0.045,-0.023,72,388.5,240,2.5,0,28.947,270.609,-2.5,0,0,0,0,0,2247

Main.js:462 354.188,261.381,175.5,175.5,-0.945,0.069,-0.05,0.004,24,0,0,1,0,0,0,0,216.507,243.546,-2.492,-0.196,0,0,0,0,0,0,0,0,141.072,261.752,334.5,141,0.79,-0.438,0.045,-0.022,71,391,240,2.5,0,26.447,270.609,-2.5,0,0,0,0,0,2264

Main.js:462 353.242,261.449,177,177,-0.945,0.068,-0.05,0.003,23,0,1,1,0,0,0,0,214.014,243.35,-2.492,-0.196,0,0,0,0,0,0,0,0,141.866,261.316,336,141,0.794,-0.436,0.046,-0.02,70,393.5,240,2.5,0,23.947,270.609,-2.5,0,0,0,0,0,2280

Main.js:462 352.297,261.514,178.5,178.5,-0.946,0.065,-0.05,0.001,22,0,1,1,0,0,0,0,211.522,243.154,-2.492,-0.196,0,0,0,0,0,0,0,0,142.664,260.885,337.5,141,0.798,-0.432,0.046,-0.019,69,396,240,2.5,0,21.447,270.609,-2.5,0,0,0,0,0,2299

Main.js:462 351.351,261.577,180,180,-0.946,0.062,-0.05,0,21,0,1,1,0,0,0,0,209.03,242.957,-2.492,-0.196,0,0,0,0,0,0,0,0,143.466,260.457,339,141,0.803,-0.427,0.047,-0.018,68,398.5,240,2.5,0,18.947,270.609,-2.5,0,0,0,0,0,2314

Main.js:462 350.405,261.634,181.5,181.5,-0.946,0.058,-0.05,-0.001,20,0,1,1,0,0,0,0,206.538,242.761,-2.492,-0.196,0,0,0,0,0,0,0,0,144.274,260.035,340.5,141,0.807,-0.422,0.047,-0.017,67,401,240,2.5,0,16.447,270.609,-2.5,0,0,0,0,0,2332

Main.js:462 349.459,261.687,183,183,-0.946,0.052,-0.05,-0.003,19,0,1,1,0,0,0,0,204.045,242.565,-2.492,-0.196,0,0,0,0,0,0,0,0,145.086,259.62,342,141,0.812,-0.415,0.048,-0.015,66,403.5,240,2.5,0,13.947,270.609,-2.5,0,0,0,0,0,2347

Main.js:462 348.513,261.733,184.5,184.5,-0.946,0.046,-0.05,-0.004,18,0,1,1,0,0,0,0,201.553,242.369,-2.492,-0.196,0,0,0,0,0,0,0,0,145.903,259.212,343.5,141,0.817,-0.408,0.048,-0.014,65,406,240,2.5,0,11.447,270.609,-2.5,0,0,0,0,0,2362

Main.js:462 347.567,261.772,186,186,-0.946,0.039,-0.05,-0.005,17,0,1,1,0,0,0,0,199.061,242.173,-2.492,-0.196,0,0,0,0,0,0,0,0,146.724,258.812,345,141,0.822,-0.4,0.048,-0.013,64,408.5,240,2.5,0,8.947,270.609,-2.5,0,0,0,0,0,2378

Main.js:462 346.668,261.809,187.5,187.5,-0.899,0.037,0,0,16,0,1,0,0,0,0,0,196.568,241.977,-2.492,-0.196,0,0,0,0,0,0,0,0,147.552,258.42,346.5,141,0.827,-0.391,0.049,-0.012,63,411,240,2.5,0,6.447,270.609,-2.5,0,0,0,0,0,2396

Main.js:462 345.814,261.844,187.5,187.5,-0.854,0.035,0,0,15,0,0,0,0,0,0,0,194.076,241.781,-2.492,-0.196,0,0,0,0,0,0,0,0,148.384,258.039,348,141,0.832,-0.381,0.049,-0.01,62,413.5,240,2.5,0,3.947,270.609,-2.5,0,0,0,0,0,2414

Main.js:462 345.003,261.877,187.5,187.5,-0.811,0.033,0,0,14,0,0,0,0,0,0,0,191.584,241.584,-2.492,-0.196,0,0,0,0,0,0,0,0,149.221,257.668,349.5,141,0.837,-0.371,0.049,-0.009,61,416,240,2.5,0,1.447,270.609,-2.5,0,0,0,0,0,2429

Main.js:462 344.233,261.909,187.5,187.5,-0.771,0.032,0,0,13,0,0,0,0,0,0,0,189.091,241.388,-2.492,-0.196,0,0,0,0,0,0,0,0,150.063,257.308,351,141,0.842,-0.36,0.049,-0.008,60,418.5,240,2.5,0,0,0,0,0,0,0,0,0,2447

Main.js:462 343.501,261.939,187.5,187.5,-0.732,0.03,0,0,12,0,0,0,0,0,0,0,186.599,241.192,-2.492,-0.196,0,0,0,0,0,0,0,0,150.911,256.96,352.5,141,0.847,-0.348,0.05,-0.007,59,421,240,2.5,0,0,0,0,0,0,0,0,0,2463

Main.js:462 342.805,261.967,187.5,187.5,-0.695,0.029,0,0,11,0,0,0,0,0,0,0,184.107,240.996,-2.492,-0.196,0,0,0,0,0,0,0,0,151.763,256.624,354,141,0.852,-0.336,0.05,-0.005,58,423.5,240,2.5,0,0,0,0,0,0,0,0,0,2479

Main.js:462 342.145,261.994,187.5,187.5,-0.661,0.027,0,0,10,0,0,0,0,0,0,0,181.615,240.8,-2.492,-0.196,0,0,0,0,0,0,0,0,152.62,256.301,355.5,141,0.857,-0.323,0.05,-0.004,57,426,240,2.5,0,0,0,0,0,0,0,0,0,2496

Main.js:462 341.517,262.02,187.5,187.5,-0.628,0.026,0,0,9,0,0,0,0,0,0,0,179.122,240.604,-2.492,-0.196,0,0,0,0,0,0,0,0,153.481,255.993,357,141,0.861,-0.309,0.05,-0.003,56,428.5,240,2.5,0,0,0,0,0,0,0,0,0,2514

Main.js:462 340.921,262.045,187.5,187.5,-0.596,0.024,0,0,8,0,0,0,0,0,0,0,176.63,240.407,-2.492,-0.196,0,0,0,0,0,0,0,0,154.347,255.696,357,139.5,0.866,-0.296,0.05,-0.003,55,431,240,2.5,0,0,0,0,0,0,0,0,0,2530

Main.js:462 340.354,262.068,187.5,187.5,-0.566,0.023,0,0,7,0,0,0,0,0,0,0,174.138,240.211,-2.492,-0.196,0,0,0,0,0,0,0,0,155.217,255.413,357,138,0.87,-0.284,0.05,-0.003,54,433.5,240,2.5,0,0,0,0,0,0,0,0,0,2546

Main.js:462 339.816,262.09,187.5,187.5,-0.538,0.022,0,0,6,0,0,0,0,0,0,0,171.645,240.015,-2.492,-0.196,0,0,0,0,0,0,0,0,156.091,255.141,357,136.5,0.874,-0.272,0.05,-0.003,53,436,240,2.5,0,0,0,0,0,0,0,0,0,2562

Main.js:462 339.305,262.111,187.5,187.5,-0.511,0.021,0,0,5,0,0,0,0,0,0,0,171.645,240.015,-2.492,-0.196,0,0,0,0,0,0,0,0,156.969,254.88,357,135,0.878,-0.261,0.05,-0.003,52,436,240,2.5,0,0,0,0,0,0,0,0,0,2579

