Main.js:143 myTank.x,myTank.y,myTank.rotation,myTank.cannonRotation,myTank.velocityX,myTank.velocityY,myTank.accelerationX,myTank.accelerationY,myTank.shootCooldown,myTank.controls.turnLeft,myTank.controls.turnRight,myTank.controls.goForward,myTank.controls.goBack,myTank.controls.shoot,myTank.controls.cannonLeft,myTank.controls.cannonRight,myBullet1.x,myBullet1.y,myBullet1.velocityX,myBullet1.velocityY,myBullet2.x,myBullet2.y,myBullet2.velocityX,myBullet2.velocityY,myBullet3.x,myBullet3.y,myBullet3.velocityX,myBullet3.velocityY,enemyTank.x,enemyTank.y,enemyTank.rotation,enemyTank.cannonRotation,enemyTank.velocityX,enemyTank.velocityY,enemyTank.accelerationX,enemyTank.accelerationY,enemyTank.shootCooldown,enemyBullet1.x,enemyBullet1.y,enemyBullet1.velocityX,enemyBullet1.velocityY,enemyBullet2.x,enemyBullet2.y,enemyBullet2.velocityX,enemyBullet2.velocityY,enemyBullet3.x,enemyBullet3.y,enemyBullet3.velocityX,enemyBullet3.velocityY,currentGameTime
Main.js:462 50,168,0,0,0,0,0,0,0,0,0,0,0,0,0,0,0,0,0,0,0,0,0,0,0,0,0,0,450,332,180,180,0,0,0,0,0,0,0,0,0,0,0,0,0,0,0,0,0,11

Main.js:462 50,168,0,0,0,0,0,0,0,0,0,0,0,0,0,0,0,0,0,0,0,0,0,0,0,0,0,0,450,332,180,180,0,0,0,0,0,0,0,0,0,0,0,0,0,0,0,0,0,26

Main.js:462 50,168,0,0,0,0,0,0,0,0,0,0,0,0,0,0,0,0,0,0,0,0,0,0,0,0,0,0,449.953,331.999,181.5,180,-0.047,-0.001,-0.05,-0.001,99,0,0,0,0,0,0,0,0,0,0,0,0,43

Main.js:462 50,168,0,0,0,0,0,0,0,0,0,0,0,0,0,0,0,0,0,0,0,0,0,0,0,0,0,0,449.86,331.995,183,180,-0.093,-0.004,-0.05,-0.003,98,426.5,332,-2.5,0,0,0,0,0,0,0,0,0,60

Main.js:462 50,168,0,0,0,0,0,0,0,0,0,0,0,0,0,0,0,0,0,0,0,0,0,0,0,0,0,0,449.725,331.988,184.5,180,-0.135,-0.007,-0.05,-0.004,97,424,332,-2.5,0,0,0,0,0,0,0,0,0,75

Main.js:462 50,168,0,0,0,0,0,0,0,0,0,0,0,0,0,0,0,0,0,0,0,0,0,0,0,0,0,0,449.549,331.976,186,180,-0.176,-0.012,-0.05,-0.005,96,421.5,332,-2.5,0,0,0,0,0,0,0,0,0,92

Main.js:462 50.048,168,0,0,0.048,0,0.05,0,0,0,0,1,0,0,0,0,0,0,0,0,0,0,0,0,0,0,0,0,449.335,331.959,187.5,180,-0.214,-0.017,-0.05,-0.007,95,419,332,-2.5,0,0,0,0,0,0,0,0,0,109

Main.js:462 50.14,168,0,0,0.093,0,0.05,0,0,0,0,1,0,0,0,0,0,0,0,0,0,0,0,0,0,0,0,0,449.085,331.935,189,180,-0.25,-0.024,-0.049,-0.008,94,416.5,332,-2.5,0,0,0,0,0,0,0,0,0,126

Main.js:462 50.276,168,0,0,0.135,0,0.05,0,0,0,0,1,0,0,0,0,0,0,0,0,0,0,0,0,0,0,0,0,448.8,331.903,190.5,180,-0.284,-0.031,-0.049,-0.009,93,414,332,-2.5,0,0,0,0,0,0,0,0,0,143

Main.js:462 50.452,168,0,0,0.176,0,0.05,0,0,0,0,1,0,0,0,0,0,0,0,0,0,0,0,0,0,0,0,0,448.483,331.863,192,180,-0.317,-0.04,-0.049,-0.01,92,411.5,332,-2.5,0,0,0,0,0,0,0,0,0,160

Main.js:462 50.667,168,0,0,0.215,0,0.05,0,0,0,0,1,0,0,0,0,0,0,0,0,0,0,0,0,0,0,0,0,448.136,331.815,193.5,180,-0.347,-0.049,-0.049,-0.012,91,409,332,-2.5,0,0,0,0,0,0,0,0,0,176

Main.js:462 50.918,168,0,0,0.252,0,0.05,0,0,0,0,1,0,0,0,0,0,0,0,0,0,0,0,0,0,0,0,0,447.761,331.756,195,180,-0.376,-0.059,-0.048,-0.013,90,406.5,332,-2.5,0,0,0,0,0,0,0,0,0,193

Main.js:462 51.205,168,0,0,0.287,0,0.05,0,0,0,0,1,0,0,0,0,0,0,0,0,0,0,0,0,0,0,0,0,447.359,331.687,196.5,180,-0.402,-0.069,-0.048,-0.014,89,404,332,-2.5,0,0,0,0,0,0,0,0,0,209

Main.js:462 51.525,168,0,0,0.32,0,0.05,0,0,0,0,1,0,0,0,0,0,0,0,0,0,0,0,0,0,0,0,0,446.931,331.606,198,180,-0.427,-0.08,-0.048,-0.015,88,401.5,332,-2.5,0,0,0,0,0,0,0,0,0,226

Main.js:462 51.876,168,0,0,0.351,0,0.05,0,0,0,0,1,0,0,0,0,0,0,0,0,0,0,0,0,0,0,0,0,446.48,331.514,199.5,180,-0.451,-0.092,-0.047,-0.017,87,399,332,-2.5,0,0,0,0,0,0,0,0,0,244

Main.js:462 52.257,168,0,0,0.381,0,0.05,0,0,0,0,1,0,0,0,0,0,0,0,0,0,0,0,0,0,0,0,0,446.008,331.409,201,180,-0.473,-0.105,-0.047,-0.018,86,396.5,332,-2.5,0,0,0,0,0,0,0,0,0,259

Main.js:462 52.667,168,0,0,0.41,0,0.05,0,0,0,0,1,0,0,0,0,0,0,0,0,0,0,0,0,0,0,0,0,445.515,331.292,202.5,180,-0.493,-0.118,-0.046,-0.019,85,394,332,-2.5,0,0,0,0,0,0,0,0,0,275

Main.js:462 53.103,168,0,0,0.437,0,0.05,0,0,0,0,1,0,0,0,0,0,0,0,0,0,0,0,0,0,0,0,0,445.003,331.16,204,180,-0.512,-0.131,-0.046,-0.02,84,391.5,332,-2.5,0,0,0,0,0,0,0,0,0,292

Main.js:462 53.566,168,0,0,0.462,0,0.05,0,0,0,0,1,0,0,0,0,0,0,0,0,0,0,0,0,0,0,0,0,444.474,331.015,205.5,180,-0.529,-0.145,-0.045,-0.022,83,389,332,-2.5,0,0,0,0,0,0,0,0,0,309

Main.js:462 54.053,168,0,0,0.487,0,0.05,0,0,0,0,1,0,0,0,0,0,0,0,0,0,0,0,0,0,0,0,0,443.93,330.856,207,180,-0.545,-0.159,-0.045,-0.023,82,386.5,332,-2.5,0,0,0,0,0,0,0,0,0,326

Main.js:462 54.562,168,0,0,0.51,0,0.05,0,0,0,0,1,0,0,0,0,0,0,0,0,0,0,0,0,0,0,0,0,443.37,330.682,208.5,180,-0.559,-0.174,-0.044,-0.024,81,384,332,-2.5,0,0,0,0,0,0,0,0,0,343

Main.js:462 55.094,168,0,0,0.532,0,0.05,0,0,0,0,1,0,0,0,0,0,0,0,0,0,0,0,0,0,0,0,0,442.798,330.493,210,180,-0.572,-0.189,-0.043,-0.025,80,381.5,332,-2.5,0,0,0,0,0,0,0,0,0,359

Main.js:462 55.647,168,0,0,0.553,0,0.05,0,0,0,0,1,0,0,0,0,0,0,0,0,0,0,0,0,0,0,0,0,442.213,330.289,211.5,180,-0.584,-0.204,-0.043,-0.026,79,379,332,-2.5,0,0,0,0,0,0,0,0,0,375

Main.js:462 56.22,168,0,0,0.573,0,0.05,0,0,0,0,1,0,0,0,0,0,0,0,0,0,0,0,0,0,0,0,0,441.618,330.069,213,180,-0.595,-0.22,-0.042,-0.027,78,376.5,332,-2.5,0,0,0,0,0,0,0,0,0,393

Main.js:462 56.811,168,0,0,0.592,0,0.05,0,0,0,0,1,0,0,0,0,0,0,0,0,0,0,0,0,0,0,0,0,441.014,329.833,214.5,180,-0.604,-0.236,-0.041,-0.028,77,374,332,-2.5,0,0,0,0,0,0,0,0,0,409

Main.js:462 57.421,168,0,0,0.609,0,0.05,0,0,0,0,1,0,0,0,0,0,0,0,0,0,0,0,0,0,0,0,0,440.402,329.581,216,180,-0.613,-0.252,-0.04,-0.029,76,371.5,332,-2.5,0,0,0,0,0,0,0,0,0,426

Main.js:462 58.047,168,0,0,0.626,0,0.05,0,0,0,0,1,0,0,0,0,0,0,0,0,0,0,0,0,0,0,0,0,439.782,329.312,217.5,180,-0.62,-0.268,-0.04,-0.03,75,369,332,-2.5,0,0,0,0,0,0,0,0,0,444

Main.js:462 58.69,168,0,0,0.643,0,0.05,0,0,0,0,1,0,0,0,0,0,0,0,0,0,0,0,0,0,0,0,0,439.156,329.027,219,180,-0.626,-0.285,-0.039,-0.031,74,366.5,332,-2.5,0,0,0,0,0,0,0,0,0,460

Main.js:462 59.348,168,0,0,0.658,0,0.05,0,0,0,0,1,0,0,0,0,0,0,0,0,0,0,0,0,0,0,0,0,438.526,328.726,220.5,180,-0.63,-0.301,-0.038,-0.032,73,364,332,-2.5,0,0,0,0,0,0,0,0,0,477

Main.js:462 60.02,168,0,0,0.673,0,0.05,0,0,0,0,1,0,0,0,0,0,0,0,0,0,0,0,0,0,0,0,0,437.892,328.408,222,180,-0.634,-0.318,-0.037,-0.033,72,361.5,332,-2.5,0,0,0,0,0,0,0,0,0,493

Main.js:462 60.707,168,0,0,0.686,0,0.05,0,0,0,0,1,0,0,0,0,0,0,0,0,0,0,0,0,0,0,0,0,437.255,328.073,223.5,180,-0.637,-0.335,-0.036,-0.034,71,359,332,-2.5,0,0,0,0,0,0,0,0,0,511

Main.js:462 61.407,168,0,0,0.7,0,0.05,0,0,0,0,1,0,0,0,0,0,0,0,0,0,0,0,0,0,0,0,0,436.615,327.722,223.5,178.5,-0.64,-0.351,-0.036,-0.034,70,356.5,332,-2.5,0,0,0,0,0,0,0,0,0,527

Main.js:462 62.119,168,0,0,0.712,0,0.05,0,0,0,0,1,0,0,0,0,0,0,0,0,0,0,0,0,0,0,0,0,435.973,327.356,223.5,177,-0.642,-0.366,-0.036,-0.034,69,354,332,-2.5,0,0,0,0,0,0,0,0,0,543

Main.js:462 62.843,168,0,0,0.724,0,0.05,0,0,0,0,1,0,0,0,0,0,0,0,0,0,0,0,0,0,0,0,0,435.329,326.975,223.5,175.5,-0.644,-0.38,-0.036,-0.034,68,351.5,332,-2.5,0,0,0,0,0,0,0,0,0,559

Main.js:462 63.578,168,0,0,0.735,0,0.05,0,0,0,0,1,0,0,0,0,0,0,0,0,0,0,0,0,0,0,0,0,434.682,326.581,223.5,174,-0.647,-0.394,-0.036,-0.034,67,349,332,-2.5,0,0,0,0,0,0,0,0,0,576

Main.js:462 64.324,168,0,0,0.746,0,0.05,0,0,0,0,1,0,0,0,0,0,0,0,0,0,0,0,0,0,0,0,0,434.034,326.174,223.5,172.5,-0.649,-0.407,-0.036,-0.034,66,346.5,332,-2.5,0,0,0,0,0,0,0,0,0,593

Main.js:462 65.081,168,0,0,0.756,0,0.05,0,0,0,0,1,0,0,0,0,0,0,0,0,0,0,0,0,0,0,0,0,433.383,325.754,223.5,171,-0.651,-0.419,-0.036,-0.034,65,344,332,-2.5,0,0,0,0,0,0,0,0,0,610

Main.js:462 65.846,168,0,0,0.766,0,0.05,0,0,0,0,1,0,0,0,0,0,0,0,0,0,0,0,0,0,0,0,0,432.73,325.323,223.5,169.5,-0.653,-0.431,-0.036,-0.034,64,341.5,332,-2.5,0,0,0,0,0,0,0,0,0,626

Main.js:462 66.622,168,0,0,0.775,0,0.05,0,0,0,0,1,0,0,0,0,0,0,0,0,0,0,0,0,0,0,0,0,432.076,324.881,223.5,168,-0.654,-0.442,-0.036,-0.034,63,339,332,-2.5,0,0,0,0,0,0,0,0,0,644

Main.js:462 67.406,168,0,0,0.784,0,0.05,0,0,0,0,1,0,0,0,0,0,0,0,0,0,0,0,0,0,0,0,0,431.42,324.428,223.5,166.5,-0.656,-0.453,-0.036,-0.034,62,336.5,332,-2.5,0,0,0,0,0,0,0,0,0,660

Main.js:462 68.198,168,0,0,0.792,0,0.05,0,0,0,0,1,0,0,0,0,0,0,0,0,0,0,0,0,0,0,0,0,430.762,323.965,223.5,165,-0.658,-0.463,-0.036,-0.034,61,334,332,-2.5,0,0,0,0,0,0,0,0,0,676

Main.js:462 68.998,168,0,0,0.8,0,0.05,0,0,0,0,1,0,0,0,0,0,0,0,0,0,0,0,0,0,0,0,0,430.102,323.493,223.5,163.5,-0.659,-0.473,-0.036,-0.034,60,331.5,332,-2.5,0,0,0,0,0,0,0,0,0,692

Main.js:462 69.806,168,0,0,0.808,0,0.05,0,0,0,0,1,0,0,0,0,0,0,0,0,0,0,0,0,0,0,0,0,429.441,323.011,223.5,162,-0.661,-0.482,-0.036,-0.034,59,329,332,-2.5,0,0,0,0,0,0,0,0,0,710

Main.js:462 70.62,168,0,0,0.815,0,0.05,0,0,0,0,1,0,0,0,0,0,0,0,0,0,0,0,0,0,0,0,0,428.779,322.521,223.5,160.5,-0.662,-0.49,-0.036,-0.034,58,326.5,332,-2.5,0,0,0,0,0,0,0,0,0,727

Main.js:462 71.442,168,0,0,0.821,0,0.05,0,0,0,0,1,0,0,0,0,0,0,0,0,0,0,0,0,0,0,0,0,428.115,322.022,223.5,159,-0.664,-0.498,-0.036,-0.034,57,324,332,-2.5,0,0,0,0,0,0,0,0,0,742

Main.js:462 72.27,168,0,0,0.828,0,0.05,0,0,0,0,1,0,0,0,0,0,0,0,0,0,0,0,0,0,0,0,0,427.45,321.516,223.5,157.5,-0.665,-0.506,-0.036,-0.034,56,321.5,332,-2.5,0,0,0,0,0,0,0,0,0,761

Main.js:462 73.104,168.001,1.5,1.5,0.834,0.001,0.05,0.001,0,0,1,1,0,0,0,0,0,0,0,0,0,0,0,0,0,0,0,0,426.784,321.003,223.5,156,-0.666,-0.514,-0.036,-0.034,55,319,332,-2.5,0,0,0,0,0,0,0,0,0,775

Main.js:462 73.943,168.005,3,3,0.84,0.004,0.05,0.003,0,0,1,1,0,0,0,0,0,0,0,0,0,0,0,0,0,0,0,0,426.117,320.482,223.5,154.5,-0.667,-0.521,-0.036,-0.034,54,316.5,332,-2.5,0,0,0,0,0,0,0,0,0,792

Main.js:462 74.788,168.012,4.5,4.5,0.845,0.007,0.05,0.004,0,0,1,1,0,0,0,0,0,0,0,0,0,0,0,0,0,0,0,0,425.449,319.955,223.5,153,-0.668,-0.527,-0.036,-0.034,53,314,332,-2.5,0,0,0,0,0,0,0,0,0,810

Main.js:462 75.639,168.024,6,6,0.85,0.012,0.05,0.005,0,0,1,1,0,0,0,0,0,0,0,0,0,0,0,0,0,0,0,0,424.779,319.421,223.5,151.5,-0.669,-0.534,-0.036,-0.034,52,311.5,332,-2.5,0,0,0,0,0,0,0,0,0,825

Main.js:462 76.493,168.041,7.5,7.5,0.855,0.017,0.05,0.007,0,0,1,1,0,0,0,0,0,0,0,0,0,0,0,0,0,0,0,0,424.109,318.882,223.5,150,-0.67,-0.54,-0.036,-0.034,51,309,332,-2.5,0,0,0,0,0,0,0,0,0,842

Main.js:462 77.352,168.065,9,9,0.859,0.024,0.049,0.008,0,0,1,1,0,0,0,0,0,0,0,0,0,0,0,0,0,0,0,0,423.437,318.336,223.5,148.5,-0.671,-0.545,-0.036,-0.034,50,306.5,332,-2.5,0,0,0,0,0,0,0,0,0,859

Main.js:462 78.215,168.097,10.5,10.5,0.863,0.031,0.049,0.009,0,0,1,1,0,0,0,0,0,0,0,0,0,0,0,0,0,0,0,0,422.765,317.786,223.5,147,-0.672,-0.551,-0.036,-0.034,49,304,332,-2.5,0,0,0,0,0,0,0,0,0,875

Main.js:462 79.081,168.137,12,12,0.866,0.04,0.049,0.01,0,0,1,1,0,0,0,0,0,0,0,0,0,0,0,0,0,0,0,0,422.092,317.23,223.5,145.5,-0.673,-0.556,-0.036,-0.034,48,301.5,332,-2.5,0,0,0,0,0,0,0,0,0,892

Main.js:462 79.95,168.185,13.5,13.5,0.869,0.049,0.049,0.012,99,0,1,1,0,1,0,0,0,0,0,0,0,0,0,0,0,0,0,0,421.418,316.669,223.5,144,-0.674,-0.561,-0.036,-0.034,47,299,332,-2.5,0,0,0,0,0,0,0,0,0,909

Main.js:462 80.821,168.244,15,15,0.871,0.059,0.048,0.013,98,0,1,1,0,1,0,0,101.931,173.622,2.431,0.584,0,0,0,0,0,0,0,0,420.744,316.103,223.5,142.5,-0.675,-0.565,-0.036,-0.034,46,296.5,332,-2.5,0,0,0,0,0,0,0,0,0,925

Main.js:462 81.694,168.313,16.5,16.5,0.873,0.069,0.048,0.014,97,0,1,1,0,1,0,0,104.362,174.206,2.431,0.584,0,0,0,0,0,0,0,0,420.068,315.534,223.5,141,-0.675,-0.57,-0.036,-0.034,45,294,332,-2.5,0,0,0,0,0,0,0,0,0,944

Main.js:462 82.569,168.394,18,18,0.875,0.08,0.048,0.015,96,0,1,1,0,1,0,0,106.793,174.79,2.431,0.584,0,0,0,0,0,0,0,0,419.392,314.96,223.5,139.5,-0.676,-0.574,-0.036,-0.034,44,291.5,332,-2.5,0,0,0,0,0,0,0,0,0,958

Main.js:462 83.445,168.486,19.5,19.5,0.876,0.092,0.047,0.017,95,0,1,1,0,1,0,0,109.224,175.373,2.431,0.584,0,0,0,0,0,0,0,0,418.716,314.381,223.5,138,-0.677,-0.578,-0.036,-0.034,43,289,332,-2.5,0,0,0,0,0,0,0,0,0,976

Main.js:462 84.321,168.591,21,21,0.876,0.105,0.047,0.018,94,0,1,1,0,1,0,0,111.655,175.957,2.431,0.584,0,0,0,0,0,0,0,0,418.038,313.8,223.5,136.5,-0.677,-0.582,-0.036,-0.034,42,286.5,332,-2.5,0,0,0,0,0,0,0,0,0,1015

Main.js:462 85.198,168.707,21,21,0.877,0.116,0.047,0.018,93,0,0,1,0,0,0,0,114.086,176.541,2.431,0.584,0,0,0,0,0,0,0,0,417.36,313.215,222,133.5,-0.679,-0.585,-0.037,-0.033,41,284,332,-2.5,0,0,0,0,0,0,0,0,0,1041

Main.js:462 86.075,168.835,21,21,0.877,0.128,0.047,0.018,92,0,0,1,0,0,0,0,116.517,177.124,2.431,0.584,0,0,0,0,0,0,0,0,416.679,312.629,220.5,130.5,-0.681,-0.586,-0.038,-0.032,40,281.5,332,-2.5,0,0,0,0,0,0,0,0,0,1058

Main.js:462 86.953,168.973,21,21,0.878,0.138,0.047,0.018,91,0,0,1,0,0,0,0,118.948,177.708,2.431,0.584,0,0,0,0,0,0,0,0,415.995,312.042,219,127.5,-0.684,-0.587,-0.039,-0.031,39,279,332,-2.5,0,0,0,0,0,0,0,0,0,1075

Main.js:462 87.831,169.122,21,21,0.878,0.148,0.047,0.018,90,0,0,1,0,1,0,0,121.379,178.291,2.431,0.584,0,0,0,0,0,0,0,0,415.307,311.456,217.5,124.5,-0.687,-0.586,-0.04,-0.03,38,276.5,332,-2.5,0,0,0,0,0,0,0,0,0,1092

Main.js:462 88.71,169.28,21,21,0.879,0.158,0.047,0.018,89,0,0,1,0,1,0,0,123.81,178.875,2.431,0.584,0,0,0,0,0,0,0,0,414.616,310.871,216,121.5,-0.691,-0.585,-0.04,-0.029,37,274,332,-2.5,0,0,0,0,0,0,0,0,0,1110

Main.js:462 89.589,169.447,21,21,0.879,0.167,0.047,0.018,88,0,0,1,0,1,0,0,126.241,179.459,2.431,0.584,0,0,0,0,0,0,0,0,413.92,310.288,214.5,118.5,-0.696,-0.583,-0.041,-0.028,36,271.5,332,-2.5,0,0,0,0,0,0,0,0,0,1126

Main.js:462 90.469,169.623,21,21,0.88,0.176,0.047,0.018,87,0,0,1,0,1,0,0,128.672,180.042,2.431,0.584,0,0,0,0,0,0,0,0,413.219,309.709,213,115.5,-0.701,-0.579,-0.042,-0.027,35,269,332,-2.5,0,0,0,0,0,0,0,0,0,1142

Main.js:462 91.349,169.807,21,21,0.88,0.184,0.047,0.018,86,0,0,1,0,1,0,0,131.102,180.626,2.431,0.584,0,0,0,0,0,0,0,0,412.513,309.134,211.5,112.5,-0.706,-0.575,-0.043,-0.026,34,266.5,332,-2.5,0,0,0,0,0,0,0,0,0,1159

Main.js:462 92.229,169.999,21,21,0.88,0.192,0.047,0.018,85,0,0,1,0,0,0,0,133.533,181.209,2.431,0.584,0,0,0,0,0,0,0,0,411.801,308.563,210,109.5,-0.712,-0.57,-0.043,-0.025,33,264,332,-2.5,0,0,0,0,0,0,0,0,0,1175

Main.js:462 93.11,170.198,21,21,0.881,0.199,0.047,0.018,84,0,0,1,0,0,0,0,135.964,181.793,2.431,0.584,0,0,0,0,0,0,0,0,411.082,307.999,208.5,106.5,-0.718,-0.564,-0.044,-0.024,32,261.5,332,-2.5,0,0,0,0,0,0,0,0,0,1193

Main.js:462 93.991,170.404,21,21,0.881,0.206,0.047,0.018,83,0,0,1,0,0,0,0,138.395,182.377,2.431,0.584,0,0,0,0,0,0,0,0,410.357,307.441,207,103.5,-0.725,-0.558,-0.045,-0.023,31,259,332,-2.5,0,0,0,0,0,0,0,0,0,1210

Main.js:462 94.872,170.617,21,21,0.881,0.213,0.047,0.018,82,0,0,1,0,0,0,0,140.826,182.96,2.431,0.584,0,0,0,0,0,0,0,0,409.626,306.891,205.5,100.5,-0.731,-0.55,-0.045,-0.022,30,256.5,332,-2.5,0,0,0,0,0,0,0,0,0,1226

Main.js:462 95.753,170.837,21,21,0.881,0.219,0.047,0.018,81,0,0,1,0,0,0,0,143.257,183.544,2.431,0.584,0,0,0,0,0,0,0,0,408.888,306.349,204,97.5,-0.738,-0.542,-0.046,-0.02,29,254,332,-2.5,0,0,0,0,0,0,0,0,0,1243

Main.js:462 96.635,171.062,21,21,0.882,0.225,0.047,0.018,80,0,0,1,0,1,0,0,145.688,184.128,2.431,0.584,0,0,0,0,0,0,0,0,408.143,305.816,202.5,94.5,-0.745,-0.533,-0.046,-0.019,28,251.5,332,-2.5,0,0,0,0,0,0,0,0,0,1259

Main.js:462 97.517,171.294,21,21,0.882,0.231,0.047,0.018,79,0,0,1,0,1,0,0,148.119,184.711,2.431,0.584,0,0,0,0,0,0,0,0,407.39,305.292,201,91.5,-0.752,-0.524,-0.047,-0.018,27,249,332,-2.5,0,0,0,0,0,0,0,0,0,1277

Main.js:462 98.399,171.53,21,21,0.882,0.237,0.047,0.018,78,0,0,1,0,1,0,0,150.55,185.295,2.431,0.584,0,0,0,0,0,0,0,0,406.631,304.779,199.5,88.5,-0.759,-0.513,-0.047,-0.017,26,246.5,332,-2.5,0,0,0,0,0,0,0,0,0,1293

Main.js:462 99.282,171.772,21,21,0.882,0.242,0.047,0.018,77,0,0,1,0,1,0,0,152.981,185.878,2.431,0.584,0,0,0,0,0,0,0,0,405.864,304.277,198,85.5,-0.767,-0.502,-0.048,-0.015,25,244,332,-2.5,0,0,0,0,0,0,0,0,0,1311

Main.js:462 100.165,172.019,21,21,0.883,0.247,0.047,0.018,76,0,0,1,0,1,0,0,155.412,186.462,2.431,0.584,0,0,0,0,0,0,0,0,405.09,303.786,196.5,82.5,-0.774,-0.491,-0.048,-0.014,24,241.5,332,-2.5,0,0,0,0,0,0,0,0,0,1326

Main.js:462 101.047,172.27,21,21,0.883,0.251,0.047,0.018,75,0,0,1,0,1,0,0,157.843,187.046,2.431,0.584,0,0,0,0,0,0,0,0,404.309,303.308,195,79.5,-0.781,-0.478,-0.048,-0.013,23,239,332,-2.5,0,0,0,0,0,0,0,0,0,1342

Main.js:462 101.931,172.526,21,21,0.883,0.256,0.047,0.018,74,0,0,1,0,0,0,0,160.274,187.629,2.431,0.584,0,0,0,0,0,0,0,0,403.521,302.843,193.5,76.5,-0.788,-0.466,-0.049,-0.012,22,236.5,332,-2.5,0,0,0,0,0,0,0,0,0,1360

Main.js:462 102.814,172.787,21,21,0.883,0.26,0.047,0.018,73,0,0,1,0,0,0,0,162.704,188.213,2.431,0.584,0,0,0,0,0,0,0,0,402.726,302.391,192,73.5,-0.795,-0.452,-0.049,-0.01,21,234,332,-2.5,0,0,0,0,0,0,0,0,0,1376

Main.js:462 103.697,173.051,21,21,0.883,0.264,0.047,0.018,72,0,0,1,0,0,0,0,165.135,188.796,2.431,0.584,0,0,0,0,0,0,0,0,401.924,301.952,190.5,70.5,-0.802,-0.438,-0.049,-0.009,20,231.5,332,-2.5,0,0,0,0,0,0,0,0,0,1393

Main.js:462 104.581,173.319,21,21,0.884,0.268,0.047,0.018,71,0,0,1,0,0,0,0,167.566,189.38,2.431,0.584,0,0,0,0,0,0,0,0,401.115,301.529,189,67.5,-0.809,-0.424,-0.049,-0.008,19,229,332,-2.5,0,0,0,0,0,0,0,0,0,1410

Main.js:462 105.465,173.59,21,21,0.884,0.272,0.047,0.018,70,0,0,1,0,0,0,0,169.997,189.964,2.431,0.584,0,0,0,0,0,0,0,0,400.299,301.12,187.5,64.5,-0.816,-0.409,-0.05,-0.007,18,226.5,332,-2.5,0,0,0,0,0,0,0,0,0,1427

Main.js:462 106.349,173.865,21,21,0.884,0.275,0.047,0.018,69,0,0,1,0,1,0,0,172.428,190.547,2.431,0.584,0,0,0,0,0,0,0,0,399.477,300.727,186,61.5,-0.822,-0.393,-0.05,-0.005,17,224,332,-2.5,0,0,0,0,0,0,0,0,0,1444

Main.js:462 107.233,174.144,21,21,0.884,0.278,0.047,0.018,68,0,0,1,0,1,0,0,174.859,191.131,2.431,0.584,0,0,0,0,0,0,0,0,398.649,300.349,184.5,58.5,-0.828,-0.377,-0.05,-0.004,16,221.5,332,-2.5,0,0,0,0,0,0,0,0,0,1459

Main.js:462 108.117,174.425,21,21,0.884,0.281,0.047,0.018,67,0,0,1,0,1,0,0,177.29,191.715,2.431,0.584,0,0,0,0,0,0,0,0,397.814,299.988,183,55.5,-0.834,-0.361,-0.05,-0.003,15,219,332,-2.5,0,0,0,0,0,0,0,0,0,1476

Main.js:462 109.002,174.71,21,21,0.884,0.284,0.047,0.018,66,0,0,1,0,1,0,0,179.721,192.298,2.431,0.584,0,0,0,0,0,0,0,0,396.974,299.644,181.5,52.5,-0.84,-0.344,-0.05,-0.001,14,216.5,332,-2.5,0,0,0,0,0,0,0,0,0,1493

Main.js:462 109.886,174.997,21,21,0.885,0.287,0.047,0.018,65,0,0,1,0,1,0,0,182.152,192.882,2.431,0.584,0,0,0,0,0,0,0,0,396.128,299.317,180,49.5,-0.846,-0.327,-0.05,0,13,214,332,-2.5,0,0,0,0,0,0,0,0,0,1510

Main.js:462 110.771,175.287,21,21,0.885,0.29,0.047,0.018,64,0,0,1,0,1,0,0,184.583,193.465,2.431,0.584,0,0,0,0,0,0,0,0,395.278,299.008,178.5,46.5,-0.851,-0.309,-0.05,0.001,12,211.5,332,-2.5,0,0,0,0,0,0,0,0,0,1525

Main.js:462 111.656,175.579,21,21,0.885,0.292,0.047,0.018,63,0,0,1,0,0,0,0,187.014,194.049,2.431,0.584,0,0,0,0,0,0,0,0,394.422,298.717,177,43.5,-0.856,-0.291,-0.05,0.003,11,209,332,-2.5,0,0,0,0,0,0,0,0,0,1542

Main.js:462 112.54,175.874,21,21,0.885,0.295,0.047,0.018,62,0,0,1,0,0,0,0,189.445,194.633,2.431,0.584,0,0,0,0,0,0,0,0,393.562,298.444,175.5,40.5,-0.86,-0.273,-0.05,0.004,10,206.5,332,-2.5,0,0,0,0,0,0,0,0,0,1559

Main.js:462 113.425,176.171,21,21,0.885,0.297,0.047,0.018,61,0,0,1,0,0,0,0,191.876,195.216,2.431,0.584,0,0,0,0,0,0,0,0,392.697,298.189,174,37.5,-0.865,-0.254,-0.05,0.005,9,204,332,-2.5,0,0,0,0,0,0,0,0,0,1576

Main.js:462 114.31,176.47,21,21,0.885,0.299,0.047,0.018,60,0,0,1,0,0,0,0,194.307,195.8,2.431,0.584,0,0,0,0,0,0,0,0,391.829,297.954,172.5,34.5,-0.868,-0.236,-0.05,0.007,8,201.5,332,-2.5,0,0,0,0,0,0,0,0,0,1592

Main.js:462 115.196,176.771,21,21,0.885,0.301,0.047,0.018,59,0,0,1,0,0,0,0,196.737,196.383,2.431,0.584,0,0,0,0,0,0,0,0,390.957,297.737,171,31.5,-0.872,-0.216,-0.049,0.008,7,199,332,-2.5,0,0,0,0,0,0,0,0,0,1610

Main.js:462 116.081,177.075,21,21,0.885,0.303,0.047,0.018,58,0,0,1,0,1,0,0,199.168,196.967,2.431,0.584,0,0,0,0,0,0,0,0,390.082,297.541,169.5,28.5,-0.875,-0.197,-0.049,0.009,6,196.5,332,-2.5,0,0,0,0,0,0,0,0,0,1626

Main.js:462 116.966,177.38,21,21,0.885,0.305,0.047,0.018,57,0,0,1,0,1,0,0,201.599,197.551,2.431,0.584,0,0,0,0,0,0,0,0,389.204,297.363,168,25.5,-0.878,-0.177,-0.049,0.01,5,194,332,-2.5,0,0,0,0,0,0,0,0,0,1643

Main.js:462 117.852,177.687,21,21,0.885,0.307,0.047,0.018,56,0,0,1,0,1,0,0,204.03,198.134,2.431,0.584,0,0,0,0,0,0,0,0,388.324,297.206,166.5,22.5,-0.88,-0.157,-0.049,0.012,4,191.5,332,-2.5,0,0,0,0,0,0,0,0,0,1660

Main.js:462 118.737,177.995,21,21,0.885,0.309,0.047,0.018,55,0,0,1,0,1,0,0,206.461,198.718,2.431,0.584,0,0,0,0,0,0,0,0,387.442,297.069,165,19.5,-0.882,-0.137,-0.048,0.013,3,189,332,-2.5,0,0,0,0,0,0,0,0,0,1677

Main.js:462 119.623,178.305,21,21,0.886,0.31,0.047,0.018,54,0,0,1,0,1,0,0,208.892,199.301,2.431,0.584,0,0,0,0,0,0,0,0,386.559,296.952,163.5,16.5,-0.883,-0.117,-0.048,0.014,2,186.5,332,-2.5,0,0,0,0,0,0,0,0,0,1694

Main.js:462 120.508,178.617,21,21,0.886,0.312,0.047,0.018,53,0,0,1,0,1,0,0,211.323,199.885,2.431,0.584,0,0,0,0,0,0,0,0,385.675,296.856,162,13.5,-0.884,-0.096,-0.048,0.015,1,184,332,-2.5,0,0,0,0,0,0,0,0,0,1710

Main.js:462 121.394,178.93,21,21,0.886,0.313,0.047,0.018,52,0,0,1,0,0,0,0,213.754,200.469,2.431,0.584,0,0,0,0,0,0,0,0,384.79,296.781,160.5,10.5,-0.885,-0.076,-0.047,0.017,0,181.5,332,-2.5,0,0,0,0,0,0,0,0,0,1728

Main.js:462 122.28,179.245,21,21,0.886,0.314,0.047,0.018,51,0,0,1,0,0,0,0,216.185,201.052,2.431,0.584,0,0,0,0,0,0,0,0,383.905,296.726,159,7.5,-0.885,-0.055,-0.047,0.018,99,179,332,-2.5,0,0,0,0,0,0,0,0,0,1743

Main.js:462 123.165,179.56,21,21,0.886,0.316,0.047,0.018,50,0,0,1,0,0,0,0,218.616,201.636,2.431,0.584,0,0,0,0,0,0,0,0,383.02,296.692,157.5,4.5,-0.885,-0.034,-0.046,0.019,98,176.5,332,-2.5,0,408.089,299.848,2.479,0.326,0,0,0,0,1760

Main.js:462 124.051,179.877,21,21,0.886,0.317,0.047,0.018,49,0,0,1,0,0,0,0,221.047,202.22,2.431,0.584,0,0,0,0,0,0,0,0,382.136,296.679,156,1.5,-0.884,-0.013,-0.046,0.02,97,174,332,-2.5,0,410.567,300.174,2.479,0.326,0,0,0,0,1777

Main.js:462 124.937,180.196,21,21,0.886,0.318,0.047,0.018,48,0,0,1,0,0,0,0,223.478,202.803,2.431,0.584,0,0,0,0,0,0,0,0,381.254,296.688,154.5,358.5,-0.882,0.008,-0.045,0.022,96,171.5,332,-2.5,0,413.046,300.501,2.479,0.326,0,0,0,0,1793

Main.js:462 125.823,180.515,21,21,0.886,0.319,0.047,0.018,47,0,0,1,0,0,0,0,225.909,203.387,2.431,0.584,0,0,0,0,0,0,0,0,380.373,296.717,153,355.5,-0.881,0.029,-0.045,0.023,95,169,332,-2.5,0,415.525,300.827,2.479,0.326,0,0,0,0,1810

Main.js:462 126.709,180.835,21,21,0.886,0.32,0.047,0.018,46,0,0,1,0,0,0,0,228.339,203.97,2.431,0.584,0,0,0,0,0,0,0,0,379.495,296.768,151.5,352.5,-0.878,0.051,-0.044,0.024,94,166.5,332,-2.5,0,418.003,301.153,2.479,0.326,0,0,0,0,1826

Main.js:462 127.595,181.157,21,21,0.886,0.321,0.047,0.018,45,0,0,1,0,1,0,0,230.77,204.554,2.431,0.584,0,0,0,0,0,0,0,0,378.619,296.84,150,349.5,-0.876,0.072,-0.043,0.025,93,164,332,-2.5,0,420.482,301.48,2.479,0.326,0,0,0,0,1843

Main.js:462 128.481,181.479,21,21,0.886,0.322,0.047,0.018,44,0,0,1,0,1,0,0,233.201,205.138,2.431,0.584,0,0,0,0,0,0,0,0,377.747,296.933,148.5,346.5,-0.872,0.093,-0.043,0.026,92,161.5,332,-2.5,0,422.96,301.806,2.479,0.326,0,0,0,0,1860

Main.js:462 129.367,181.802,21,21,0.886,0.323,0.047,0.018,43,0,0,1,0,1,0,0,235.632,205.721,2.431,0.584,0,0,0,0,0,0,0,0,376.878,297.047,147,343.5,-0.869,0.114,-0.042,0.027,91,159,332,-2.5,0,425.439,302.132,2.479,0.326,0,0,0,0,1877

Main.js:462 130.254,182.126,21,21,0.886,0.324,0.047,0.018,42,0,0,1,0,1,0,0,238.063,206.305,2.431,0.584,0,0,0,0,0,0,0,0,376.014,297.183,145.5,340.5,-0.864,0.135,-0.041,0.028,90,156.5,332,-2.5,0,427.918,302.459,2.479,0.326,0,0,0,0,1891

Main.js:462 131.14,182.451,21,21,0.886,0.325,0.047,0.018,41,0,0,1,0,1,0,0,240.494,206.888,2.431,0.584,0,0,0,0,0,0,0,0,375.155,297.339,144,337.5,-0.859,0.157,-0.04,0.029,89,154,332,-2.5,0,430.396,302.785,2.479,0.326,0,0,0,0,1909

Main.js:462 132.026,182.777,21,21,0.886,0.326,0.047,0.018,40,0,0,1,0,1,0,0,242.925,207.472,2.431,0.584,0,0,0,0,0,0,0,0,374.3,297.517,142.5,334.5,-0.854,0.178,-0.04,0.03,88,151.5,332,-2.5,0,432.875,303.111,2.479,0.326,0,0,0,0,1925

Main.js:462 132.912,183.103,21,21,0.886,0.326,0.047,0.018,39,0,0,1,0,0,0,0,245.356,208.056,2.431,0.584,0,0,0,0,0,0,0,0,373.452,297.716,141,331.5,-0.848,0.199,-0.039,0.031,87,149,332,-2.5,0,435.353,303.438,2.479,0.326,0,0,0,0,1943

Main.js:462 133.799,183.43,21,21,0.886,0.327,0.047,0.018,38,0,0,1,0,0,0,0,247.787,208.639,2.431,0.584,0,0,0,0,0,0,0,0,372.61,297.935,139.5,328.5,-0.842,0.22,-0.038,0.032,86,146.5,332,-2.5,0,437.832,303.764,2.479,0.326,0,0,0,0,1960

Main.js:462 134.685,183.758,21,21,0.886,0.328,0.047,0.018,37,0,0,1,0,0,0,0,250.218,209.223,2.431,0.584,0,0,0,0,0,0,0,0,371.775,298.176,138,325.5,-0.835,0.24,-0.037,0.033,85,144,332,-2.5,0,440.311,304.09,2.479,0.326,0,0,0,0,1977

Main.js:462 135.571,184.086,21,21,0.886,0.328,0.047,0.018,36,0,0,1,0,0,0,0,252.649,209.807,2.431,0.584,0,0,0,0,0,0,0,0,370.947,298.437,136.5,322.5,-0.828,0.261,-0.036,0.034,84,141.5,332,-2.5,0,442.789,304.417,2.479,0.326,0,0,0,0,1993

Main.js:462 136.458,184.415,21,21,0.886,0.329,0.047,0.018,35,0,0,1,0,0,0,0,255.08,210.39,2.431,0.584,0,0,0,0,0,0,0,0,370.126,298.718,135,319.5,-0.82,0.282,-0.035,0.035,83,139,332,-2.5,0,445.268,304.743,2.479,0.326,0,0,0,0,2043

Main.js:462 137.344,184.745,21,21,0.886,0.33,0.047,0.018,34,0,0,1,0,1,0,0,257.511,210.974,2.431,0.584,0,0,0,0,0,0,0,0,369.313,299.019,136.5,319.5,-0.814,0.3,-0.036,0.034,82,136.5,332,-2.5,0,447.746,305.069,2.479,0.326,0,0,0,0,2059

Main.js:462 138.231,185.075,21,21,0.886,0.33,0.047,0.018,33,0,0,1,0,1,0,0,259.941,211.557,2.431,0.584,0,0,0,0,0,0,0,0,368.505,299.336,138,319.5,-0.808,0.317,-0.037,0.033,81,134,332,-2.5,0,450.225,305.395,2.479,0.326,0,0,0,0,2076

Main.js:462 139.117,185.406,21,21,0.886,0.331,0.047,0.018,32,0,0,1,0,1,0,0,262.372,212.141,2.431,0.584,0,0,0,0,0,0,0,0,367.701,299.668,139.5,319.5,-0.804,0.332,-0.038,0.032,80,131.5,332,-2.5,0,452.704,305.722,2.479,0.326,0,0,0,0,2091

Main.js:462 140.003,185.737,21,21,0.886,0.331,0.047,0.018,31,0,0,1,0,1,0,0,264.803,212.725,2.431,0.584,0,0,0,0,0,0,0,0,366.9,300.013,141,319.5,-0.801,0.345,-0.039,0.031,79,129,332,-2.5,0,455.182,306.048,2.479,0.326,0,0,0,0,2110

Main.js:462 140.89,186.069,21,21,0.887,0.332,0.047,0.018,30,0,0,1,0,1,0,0,267.234,213.308,2.431,0.584,0,0,0,0,0,0,0,0,366.102,300.37,142.5,319.5,-0.798,0.357,-0.04,0.03,78,126.5,332,-2.5,0,457.661,306.374,2.479,0.326,0,0,0,0,2127

Main.js:462 141.777,186.401,21,21,0.887,0.332,0.047,0.018,29,0,0,1,0,0,0,0,269.665,213.892,2.431,0.584,0,0,0,0,0,0,0,0,365.305,300.737,144,319.5,-0.797,0.367,-0.04,0.029,77,124,332,-2.5,0,460.14,306.701,2.479,0.326,0,0,0,0,2142

Main.js:462 142.663,186.733,21,21,0.887,0.332,0.047,0.018,28,0,0,1,0,0,0,0,272.096,214.475,2.431,0.584,0,0,0,0,0,0,0,0,364.509,301.113,145.5,319.5,-0.796,0.376,-0.041,0.028,76,121.5,332,-2.5,0,462.618,307.027,2.479,0.326,0,0,0,0,2161

Main.js:462 143.55,187.066,21,21,0.887,0.333,0.047,0.018,27,0,0,1,0,0,0,0,274.527,215.059,2.431,0.584,0,0,0,0,0,0,0,0,363.713,301.495,147,319.5,-0.796,0.383,-0.042,0.027,75,119,332,-2.5,0,465.097,307.353,2.479,0.326,0,0,0,0,2178

Main.js:462 144.436,187.399,21,21,0.887,0.333,0.047,0.018,26,0,0,1,0,0,0,0,276.958,215.643,2.431,0.584,0,0,0,0,0,0,0,0,362.916,301.884,148.5,319.5,-0.797,0.388,-0.043,0.026,74,116.5,332,-2.5,0,467.575,307.68,2.479,0.326,0,0,0,0,2192

Main.js:462 145.323,187.733,21,21,0.887,0.334,0.047,0.018,25,0,0,1,0,0,0,0,279.389,216.226,2.431,0.584,0,0,0,0,0,0,0,0,362.118,302.276,150,319.5,-0.798,0.393,-0.043,0.025,73,114,332,-2.5,0,470.054,308.006,2.479,0.326,0,0,0,0,2209

Main.js:462 146.209,188.067,21,21,0.887,0.334,0.047,0.018,24,0,0,1,0,0,0,0,281.82,216.81,2.431,0.584,0,0,0,0,0,0,0,0,361.318,302.672,151.5,319.5,-0.8,0.396,-0.044,0.024,72,111.5,332,-2.5,0,472.533,308.332,2.479,0.326,0,0,0,0,2226

Main.js:462 147.096,188.401,21,21,0.887,0.334,0.047,0.018,23,0,0,1,0,0,0,0,284.251,217.394,2.431,0.584,0,0,0,0,0,0,0,0,360.515,303.07,153,319.5,-0.802,0.398,-0.045,0.023,71,109,332,-2.5,0,475.011,308.659,2.479,0.326,0,0,0,0,2243

Main.js:462 147.983,188.736,21,21,0.887,0.335,0.047,0.018,22,0,0,1,0,0,0,0,286.682,217.977,2.431,0.584,0,0,0,0,0,0,0,0,359.71,303.468,154.5,319.5,-0.805,0.398,-0.045,0.022,70,106.5,332,-2.5,0,477.49,308.985,2.479,0.326,0,0,0,0,2260

Main.js:462 148.869,189.07,21,21,0.887,0.335,0.047,0.018,21,0,0,1,0,0,0,0,289.113,218.561,2.431,0.584,0,0,0,0,0,0,0,0,358.902,303.865,156,319.5,-0.808,0.397,-0.046,0.02,69,104,332,-2.5,0,479.968,309.311,2.479,0.326,0,0,0,0,2275

Main.js:462 149.756,189.406,21,21,0.887,0.335,0.047,0.018,20,0,0,1,0,0,0,0,291.544,219.144,2.431,0.584,0,0,0,0,0,0,0,0,358.09,304.261,157.5,319.5,-0.812,0.396,-0.046,0.019,68,101.5,332,-2.5,0,482.447,309.638,2.479,0.326,0,0,0,0,2294

Main.js:462 150.643,189.741,21,21,0.887,0.335,0.047,0.018,19,0,0,1,0,0,0,0,293.974,219.728,2.431,0.584,0,0,0,0,0,0,0,0,357.275,304.654,159,319.5,-0.815,0.393,-0.047,0.018,67,99,332,-2.5,0,484.926,309.964,2.479,0.326,0,0,0,0,2311

Main.js:462 151.529,190.077,21,21,0.887,0.336,0.047,0.018,18,0,0,1,0,0,0,0,296.405,220.312,2.431,0.584,0,0,0,0,0,0,0,0,356.455,305.043,160.5,319.5,-0.819,0.389,-0.047,0.017,66,96.5,332,-2.5,0,487.404,310.29,2.479,0.326,0,0,0,0,2326

Main.js:462 152.416,190.413,21,21,0.887,0.336,0.047,0.018,17,0,0,1,0,0,0,0,298.836,220.895,2.431,0.584,0,0,0,0,0,0,0,0,355.632,305.428,162,319.5,-0.824,0.384,-0.048,0.015,65,94,332,-2.5,0,489.883,310.617,2.479,0.326,0,0,0,0,2343

Main.js:462 153.303,190.749,21,21,0.887,0.336,0.047,0.018,16,0,0,1,0,0,0,0,301.267,221.479,2.431,0.584,0,0,0,0,0,0,0,0,354.804,305.806,163.5,319.5,-0.828,0.379,-0.048,0.014,64,91.5,332,-2.5,0,492.362,310.943,2.479,0.326,0,0,0,0,2359

Main.js:462 154.189,191.085,21,21,0.887,0.336,0.047,0.018,15,0,0,1,0,0,0,0,303.698,222.062,2.431,0.584,0,0,0,0,0,0,0,0,353.971,306.179,165,319.5,-0.832,0.372,-0.048,0.013,63,89,332,-2.5,0,494.84,311.269,2.479,0.326,0,0,0,0,2377

Main.js:462 155.076,191.422,21,21,0.887,0.337,0.047,0.018,14,0,0,1,0,0,0,0,306.129,222.646,2.431,0.584,0,0,0,0,0,0,0,0,353.134,306.543,166.5,319.5,-0.837,0.365,-0.049,0.012,62,86.5,332,-2.5,0,497.319,311.595,2.479,0.326,0,0,0,0,2392

Main.js:462 155.963,191.758,21,21,0.887,0.337,0.047,0.018,13,0,0,1,0,0,0,0,308.56,223.23,2.431,0.584,0,0,0,0,0,0,0,0,352.293,306.899,168,319.5,-0.842,0.356,-0.049,0.01,61,84,332,-2.5,0,499.797,311.922,2.479,0.326,0,0,0,0,2412

Main.js:462 156.85,192.095,21,21,0.887,0.337,0.047,0.018,12,0,0,1,0,0,0,0,310.991,223.813,2.431,0.584,0,0,0,0,0,0,0,0,351.446,307.246,169.5,319.5,-0.846,0.347,-0.049,0.009,60,81.5,332,-2.5,0,0,0,0,0,0,0,0,0,2427

Main.js:462 157.736,192.432,21,21,0.887,0.337,0.047,0.018,11,0,0,1,0,0,0,0,313.422,224.397,2.431,0.584,0,0,0,0,0,0,0,0,350.595,307.584,171,319.5,-0.851,0.337,-0.049,0.008,59,79,332,-2.5,0,0,0,0,0,0,0,0,0,2443

Main.js:462 158.623,192.771,22.5,22.5,0.886,0.338,0.046,0.019,10,0,1,1,0,0,0,0,315.853,224.98,2.431,0.584,0,0,0,0,0,0,0,0,349.74,307.91,172.5,319.5,-0.855,0.326,-0.05,0.007,58,76.5,332,-2.5,0,0,0,0,0,0,0,0,0,2460

Main.js:462 159.465,193.092,24,24,0.842,0.322,0,0,9,0,1,0,0,0,0,0,318.284,225.564,2.431,0.584,0,0,0,0,0,0,0,0,348.88,308.225,174,319.5,-0.86,0.315,-0.05,0.005,57,74,332,-2.5,0,0,0,0,0,0,0,0,0,2476

Main.js:462 160.265,193.398,25.5,25.5,0.8,0.305,0,0,8,0,1,0,0,0,0,0,320.715,226.148,2.431,0.584,0,0,0,0,0,0,0,0,348.016,308.528,175.5,319.5,-0.864,0.303,-0.05,0.004,56,71.5,332,-2.5,0,0,0,0,0,0,0,0,0,2493

Main.js:462 161.025,193.688,27,27,0.76,0.29,0,0,7,0,1,0,0,0,0,0,323.146,226.731,2.431,0.584,0,0,0,0,0,0,0,0,347.147,308.819,177,319.5,-0.868,0.29,-0.05,0.003,55,69,332,-2.5,0,0,0,0,0,0,0,0,0,2509

Main.js:462 161.746,193.964,28.5,28.5,0.722,0.276,0,0,6,0,1,0,0,0,0,0,325.576,227.315,2.431,0.584,0,0,0,0,0,0,0,0,346.275,309.097,177,318,-0.872,0.278,-0.05,0.003,54,66.5,332,-2.5,0,0,0,0,0,0,0,0,0,2526

Main.js:462 162.432,194.226,30,30,0.686,0.262,0,0,5,0,1,0,0,0,0,0,328.007,227.899,2.431,0.584,0,0,0,0,0,0,0,0,345.399,309.364,177,316.5,-0.876,0.267,-0.05,0.003,53,64,332,-2.5,0,0,0,0,0,0,0,0,0,2543

Main.js:462 163.084,194.474,31.5,31.5,0.652,0.249,0,0,4,0,1,0,0,0,0,0,330.438,228.482,2.431,0.584,0,0,0,0,0,0,0,0,344.519,309.62,177,315,-0.88,0.256,-0.05,0.003,52,61.5,332,-2.5,0,0,0,0,0,0,0,0,0,2559

Main.js:462 163.703,194.711,33,33,0.619,0.236,0,0,3,0,1,0,0,0,0,0,332.869,229.066,2.431,0.584,0,0,0,0,0,0,0,0,343.635,309.866,177,313.5,-0.883,0.246,-0.05,0.003,51,59,332,-2.5,0,0,0,0,0,0,0,0,0,2577

Main.js:462 164.291,194.935,34.5,34.5,0.588,0.225,0,0,2,0,1,0,0,0,0,0,335.3,229.649,2.431,0.584,0,0,0,0,0,0,0,0,342.749,310.102,177,312,-0.887,0.236,-0.05,0.003,50,56.5,332,-2.5,0,0,0,0,0,0,0,0,0,2593

Main.js:462 164.849,195.148,36,36,0.559,0.213,0,0,1,0,1,0,0,0,0,0,337.731,230.233,2.431,0.584,0,0,0,0,0,0,0,0,341.859,310.328,177,310.5,-0.89,0.227,-0.05,0.003,49,54,332,-2.5,0,0,0,0,0,0,0,0,0,2609

Main.js:462 165.38,195.351,37.5,37.5,0.531,0.203,0,0,0,0,1,0,0,0,0,0,340.162,230.817,2.431,0.584,0,0,0,0,0,0,0,0,340.966,310.546,177,309,-0.893,0.218,-0.05,0.003,48,51.5,332,-2.5,0,0,0,0,0,0,0,0,0,2627

Main.js:462 165.884,195.544,39,39,0.504,0.193,0,0,0,0,1,0,0,0,0,0,342.593,231.4,2.431,0.584,0,0,0,0,0,0,0,0,340.071,310.756,177,307.5,-0.895,0.209,-0.05,0.003,47,49,332,-2.5,0,0,0,0,0,0,0,0,0,2643

Main.js:462 166.363,195.726,40.5,40.5,0.479,0.183,0,0,0,0,1,0,0,0,0,0,345.024,231.984,2.431,0.584,0,0,0,0,0,0,0,0,339.173,310.957,177,306,-0.898,0.201,-0.05,0.003,46,46.5,332,-2.5,0,0,0,0,0,0,0,0,0,2660

Main.js:462 166.818,195.9,42,42,0.455,0.174,0,0,0,0,1,0,0,0,0,0,347.455,232.567,2.431,0.584,0,0,0,0,0,0,0,0,338.272,311.151,177,304.5,-0.901,0.194,-0.05,0.003,45,44,332,-2.5,0,0,0,0,0,0,0,0,0,2677

Main.js:462 167.25,196.065,43.5,43.5,0.432,0.165,0,0,0,0,1,0,0,0,0,0,349.886,233.151,2.431,0.584,0,0,0,0,0,0,0,0,337.369,311.338,177,303,-0.903,0.187,-0.05,0.003,44,41.5,332,-2.5,0,0,0,0,0,0,0,0,0,2692

Main.js:462 167.661,196.222,45,45,0.411,0.157,0,0,0,0,1,0,0,0,0,0,352.317,233.735,2.431,0.584,0,0,0,0,0,0,0,0,336.464,311.517,177,301.5,-0.905,0.18,-0.05,0.003,43,39,332,-2.5,0,0,0,0,0,0,0,0,0,2709

Main.js:462 168.051,196.371,46.5,46.5,0.39,0.149,0,0,0,0,1,0,0,0,0,0,354.748,234.318,2.431,0.584,0,0,0,0,0,0,0,0,335.556,311.691,177,300,-0.908,0.173,-0.05,0.003,42,36.5,332,-2.5,0,0,0,0,0,0,0,0,0,2725

Main.js:462 168.421,196.513,48,48,0.371,0.142,0,0,0,0,1,0,0,0,0,0,357.178,234.902,2.431,0.584,0,0,0,0,0,0,0,0,334.646,311.858,177,298.5,-0.91,0.167,-0.05,0.003,41,34,332,-2.5,0,0,0,0,0,0,0,0,0,2743

Main.js:462 168.773,196.647,49.5,49.5,0.352,0.134,0,0,99,0,1,0,0,1,0,0,359.609,235.486,2.431,0.584,0,0,0,0,0,0,0,0,333.735,312.019,177,297,-0.912,0.161,-0.05,0.003,40,31.5,332,-2.5,0,0,0,0,0,0,0,0,0,2760

Main.js:462 169.108,196.775,51,51,0.334,0.128,0,0,98,0,1,0,0,1,0,0,362.04,236.069,2.431,0.584,183.683,214.382,1.624,1.901,0,0,0,0,332.822,312.175,177,295.5,-0.913,0.156,-0.05,0.003,39,29,332,-2.5,0,0,0,0,0,0,0,0,0,2776

Main.js:462 169.426,196.896,52.5,52.5,0.318,0.121,0,0,97,0,1,0,0,1,0,0,364.471,236.653,2.431,0.584,185.307,216.283,1.624,1.901,0,0,0,0,331.906,312.325,177,294,-0.915,0.15,-0.05,0.003,38,26.5,332,-2.5,0,0,0,0,0,0,0,0,0,2793

Main.js:462 169.727,197.011,52.5,52.5,0.302,0.115,0,0,96,0,0,0,0,1,0,0,366.902,237.236,2.431,0.584,186.931,218.184,1.624,1.901,0,0,0,0,330.99,312.47,177,292.5,-0.917,0.145,-0.05,0.003,37,24,332,-2.5,0,0,0,0,0,0,0,0,0,2809

Main.js:462 170.014,197.121,52.5,52.5,0.287,0.109,0,0,95,0,0,0,0,1,0,0,369.333,237.82,2.431,0.584,188.554,220.085,1.624,1.901,0,0,0,0,330.071,312.611,177,291,-0.918,0.141,-0.05,0.003,36,21.5,332,-2.5,0,0,0,0,0,0,0,0,0,2826

Main.js:462 170.287,197.225,52.5,52.5,0.272,0.104,0,0,94,0,0,0,0,1,0,0,371.764,238.404,2.431,0.584,190.178,221.986,1.624,1.901,0,0,0,0,329.151,312.747,177,289.5,-0.92,0.136,-0.05,0.003,35,19,332,-2.5,0,0,0,0,0,0,0,0,0,2844

Main.js:462 170.545,197.324,52.5,52.5,0.259,0.099,0,0,93,0,0,0,0,0,0,0,374.195,238.987,2.431,0.584,191.802,223.887,1.624,1.901,0,0,0,0,328.23,312.879,177,288,-0.921,0.132,-0.05,0.003,34,16.5,332,-2.5,0,0,0,0,0,0,0,0,0,2859

Main.js:462 170.791,197.417,52.5,52.5,0.246,0.094,0,0,92,0,0,0,0,0,0,0,376.626,239.571,2.431,0.584,193.425,225.788,1.624,1.901,0,0,0,0,327.307,313.006,177,286.5,-0.923,0.128,-0.05,0.003,33,14,332,-2.5,0,0,0,0,0,0,0,0,0,2875

Main.js:462 171.025,197.507,52.5,52.5,0.234,0.089,0,0,91,0,0,0,0,0,0,0,379.057,240.154,2.431,0.584,195.049,227.689,1.624,1.901,0,0,0,0,326.383,313.13,177,285,-0.924,0.124,-0.05,0.003,32,11.5,332,-2.5,0,0,0,0,0,0,0,0,0,2893

Main.js:462 171.247,197.591,52.5,52.5,0.222,0.085,0,0,90,0,0,0,0,0,0,0,381.488,240.738,2.431,0.584,196.672,229.59,1.624,1.901,0,0,0,0,325.458,313.25,177,283.5,-0.925,0.12,-0.05,0.003,31,9,332,-2.5,0,0,0,0,0,0,0,0,0,2910

Main.js:462 171.457,197.672,52.5,52.5,0.211,0.08,0,0,89,0,0,0,0,0,0,0,383.919,241.322,2.431,0.584,198.296,231.491,1.624,1.901,0,0,0,0,324.531,313.366,177,282,-0.926,0.116,-0.05,0.003,30,6.5,332,-2.5,0,0,0,0,0,0,0,0,0,2926

Main.js:462 171.658,197.748,52.5,52.5,0.2,0.076,0,0,88,0,0,0,0,0,0,0,386.35,241.905,2.431,0.584,199.92,233.392,1.624,1.901,0,0,0,0,323.604,313.48,177,280.5,-0.928,0.113,-0.05,0.003,29,4,332,-2.5,0,0,0,0,0,0,0,0,0,2944

Main.js:462 171.848,197.821,52.5,52.5,0.19,0.073,0,0,87,0,0,0,0,1,0,0,388.78,242.489,2.431,0.584,201.543,235.293,1.624,1.901,0,0,0,0,322.675,313.589,177,279,-0.929,0.11,-0.05,0.003,28,1.5,332,-2.5,0,0,0,0,0,0,0,0,0,2960

Main.js:462 172.029,197.89,52.5,52.5,0.181,0.069,0,0,86,0,0,0,0,1,0,0,388.78,242.489,2.431,0.584,203.167,237.194,1.624,1.901,0,0,0,0,321.746,313.696,177,277.5,-0.93,0.107,-0.05,0.003,27,0,0,0,0,0,0,0,0,0,0,0,0,2976

Main.js:462 172.2,197.956,52.5,52.5,0.172,0.066,0,0,85,0,0,0,0,1,0,0,391.211,243.072,2.431,0.584,204.791,239.095,1.624,1.901,0,0,0,0,320.815,313.801,177,276,-0.931,0.104,-0.05,0.003,26,0,0,0,0,0,0,0,0,0,0,0,0,2992

Main.js:462 172.363,198.018,52.5,52.5,0.163,0.062,0,0,84,0,0,0,0,1,0,0,393.642,243.656,2.431,0.584,206.414,240.996,1.624,1.901,0,0,0,0,319.883,313.902,177,274.5,-0.931,0.101,-0.05,0.003,25,0,0,0,0,0,0,0,0,0,0,0,0,3009

Main.js:462 172.518,198.077,52.5,52.5,0.155,0.059,0,0,83,0,0,0,0,1,0,0,396.073,244.24,2.431,0.584,208.038,242.897,1.624,1.901,0,0,0,0,318.951,314.002,175.5,271.5,-0.932,0.1,-0.05,0.004,24,0,0,0,0,0,0,0,0,0,0,0,0,3027

Main.js:462 172.666,198.133,52.5,52.5,0.147,0.056,0,0,82,0,0,0,0,0,0,0,398.504,244.823,2.431,0.584,209.661,244.798,1.624,1.901,0,0,0,0,318.018,314.102,174,268.5,-0.933,0.1,-0.05,0.005,23,0,0,0,0,0,0,0,0,0,0,0,0,3044

Main.js:462 172.805,198.187,52.5,52.5,0.14,0.053,0,0,81,0,0,0,0,0,0,0,400.935,245.407,2.431,0.584,211.285,246.699,1.624,1.901,0,0,0,0,317.085,314.203,172.5,265.5,-0.933,0.101,-0.05,0.007,22,0,0,0,0,0,0,0,0,0,0,0,0,3059

Main.js:462 172.938,198.237,52.5,52.5,0.133,0.051,0,0,80,0,0,0,0,0,0,0,403.366,245.991,2.431,0.584,212.909,248.6,1.624,1.901,0,0,0,0,316.151,314.307,171,262.5,-0.934,0.104,-0.049,0.008,21,0,0,0,0,0,0,0,0,0,0,0,0,3076

Main.js:462 173.065,198.286,52.5,52.5,0.126,0.048,0,0,79,0,0,0,0,0,0,0,405.797,246.574,2.431,0.584,214.532,250.501,1.624,1.901,0,0,0,0,315.218,314.414,169.5,259.5,-0.934,0.107,-0.049,0.009,20,0,0,0,0,0,0,0,0,0,0,0,0,3092

Main.js:462 173.184,198.331,52.5,52.5,0.12,0.046,0,0,78,0,0,0,0,0,0,0,408.228,247.158,2.431,0.584,216.156,252.402,1.624,1.901,0,0,0,0,314.284,314.525,168,256.5,-0.933,0.112,-0.049,0.01,19,0,0,0,0,0,0,0,0,0,0,0,0,3110

Main.js:462 173.298,198.375,52.5,52.5,0.114,0.043,0,0,77,0,0,0,0,0,0,0,410.659,247.741,2.431,0.584,217.779,254.303,1.624,1.901,0,0,0,0,313.351,314.642,166.5,253.5,-0.933,0.117,-0.049,0.012,18,0,0,0,0,0,0,0,0,0,0,0,0,3126

Main.js:462 173.407,198.416,52.5,52.5,0.108,0.041,0,0,76,0,0,0,0,0,0,0,413.09,248.325,2.431,0.584,219.403,256.204,1.624,1.901,0,0,0,0,312.419,314.766,165,250.5,-0.932,0.124,-0.048,0.013,17,0,0,0,0,0,0,0,0,0,0,0,0,3142

Main.js:462 173.509,198.455,52.5,52.5,0.103,0.039,0,0,75,0,0,0,0,0,0,0,415.521,248.909,2.431,0.584,221.027,258.105,1.624,1.901,0,0,0,0,311.488,314.897,163.5,247.5,-0.931,0.131,-0.048,0.014,16,0,0,0,0,0,0,0,0,0,0,0,0,3159

Main.js:462 173.636,198.53,52.5,52.5,0.127,0.075,0.03,0.04,74,0,0,1,0,0,0,0,417.952,249.492,2.431,0.584,222.65,260.006,1.624,1.901,0,0,0,0,310.559,315.036,162,244.5,-0.93,0.139,-0.048,0.015,15,0,0,0,0,0,0,0,0,0,0,0,0,3176

Main.js:462 173.785,198.639,52.5,52.5,0.149,0.109,0.03,0.04,73,0,0,1,0,0,0,0,420.383,250.076,2.431,0.584,224.274,261.907,1.624,1.901,0,0,0,0,309.631,315.184,160.5,241.5,-0.928,0.148,-0.047,0.017,14,0,0,0,0,0,0,0,0,0,0,0,0,3193

Main.js:462 173.956,198.78,52.5,52.5,0.171,0.141,0.03,0.04,72,0,0,1,0,0,0,0,422.813,250.659,2.431,0.584,225.898,263.808,1.624,1.901,0,0,0,0,308.705,315.341,159,238.5,-0.926,0.158,-0.047,0.018,13,0,0,0,0,0,0,0,0,0,0,0,0,3210

Main.js:462 174.147,198.952,52.5,52.5,0.191,0.172,0.03,0.04,71,0,0,1,0,0,0,0,425.244,251.243,2.431,0.584,227.521,265.709,1.624,1.901,0,0,0,0,307.781,315.509,157.5,235.5,-0.924,0.168,-0.046,0.019,12,0,0,0,0,0,0,0,0,0,0,0,0,3227

Main.js:462 174.357,199.153,52.5,52.5,0.21,0.201,0.03,0.04,70,0,0,1,0,0,0,0,427.675,251.827,2.431,0.584,229.145,267.61,1.624,1.901,0,0,0,0,306.86,315.688,156,232.5,-0.921,0.179,-0.046,0.02,11,0,0,0,0,0,0,0,0,0,0,0,0,3242

Main.js:462 174.586,199.382,52.5,52.5,0.229,0.229,0.03,0.04,69,0,0,1,0,0,0,0,430.106,252.41,2.431,0.584,230.768,269.511,1.624,1.901,0,0,0,0,305.943,315.878,154.5,229.5,-0.918,0.19,-0.045,0.022,10,0,0,0,0,0,0,0,0,0,0,0,0,3260

Main.js:462 174.832,199.636,52.5,52.5,0.246,0.255,0.03,0.04,68,0,0,1,0,0,0,0,432.537,252.994,2.431,0.584,232.392,271.413,1.624,1.901,0,0,0,0,305.029,316.08,153,226.5,-0.914,0.202,-0.045,0.023,9,0,0,0,0,0,0,0,0,0,0,0,0,3277

Main.js:462 175.095,199.916,52.5,52.5,0.263,0.28,0.03,0.04,67,0,0,1,0,0,0,0,434.968,253.578,2.431,0.584,234.016,273.314,1.624,1.901,0,0,0,0,304.119,316.295,151.5,223.5,-0.91,0.215,-0.044,0.024,8,0,0,0,0,0,0,0,0,0,0,0,0,3292

Main.js:462 175.374,200.219,52.5,52.5,0.279,0.303,0.03,0.04,66,0,0,1,0,0,0,0,437.399,254.161,2.431,0.584,235.639,275.215,1.624,1.901,0,0,0,0,303.213,316.523,150,220.5,-0.906,0.228,-0.043,0.025,7,0,0,0,0,0,0,0,0,0,0,0,0,3309

Main.js:462 175.667,200.545,52.5,52.5,0.294,0.326,0.03,0.04,65,0,0,1,0,0,0,0,439.83,254.745,2.431,0.584,237.263,277.116,1.624,1.901,0,0,0,0,302.312,316.764,148.5,217.5,-0.901,0.241,-0.043,0.026,6,0,0,0,0,0,0,0,0,0,0,0,0,3328

Main.js:462 175.975,200.893,52.5,52.5,0.308,0.347,0.03,0.04,64,0,0,1,0,0,0,0,442.261,255.328,2.431,0.584,238.887,279.017,1.624,1.901,0,0,0,0,301.416,317.019,147,214.5,-0.896,0.255,-0.042,0.027,5,0,0,0,0,0,0,0,0,0,0,0,0,3343

Main.js:462 176.297,201.26,51,51,0.322,0.367,0.031,0.039,63,1,0,1,0,0,0,0,444.692,255.912,2.431,0.584,240.51,280.918,1.624,1.901,0,0,0,0,300.526,317.289,145.5,211.5,-0.89,0.269,-0.041,0.028,4,0,0,0,0,0,0,0,0,0,0,0,0,3359

Main.js:462 176.634,201.644,49.5,49.5,0.337,0.385,0.032,0.038,62,1,0,1,0,0,0,0,447.123,256.496,2.431,0.584,242.134,282.819,1.624,1.901,0,0,0,0,299.642,317.572,144,208.5,-0.884,0.284,-0.04,0.029,3,0,0,0,0,0,0,0,0,0,0,0,0,3378

Main.js:462 176.986,202.045,48,48,0.352,0.401,0.033,0.037,61,1,0,1,0,0,0,0,449.554,257.079,2.431,0.584,243.757,284.72,1.624,1.901,0,0,0,0,298.765,317.871,142.5,205.5,-0.877,0.298,-0.04,0.03,2,0,0,0,0,0,0,0,0,0,0,0,0,3393

Main.js:462 177.353,202.46,46.5,46.5,0.367,0.415,0.034,0.036,60,1,0,1,0,0,0,0,451.985,257.663,2.431,0.584,245.381,286.621,1.624,1.901,0,0,0,0,297.894,318.184,141,202.5,-0.871,0.313,-0.039,0.031,1,0,0,0,0,0,0,0,0,0,0,0,0,3411

Main.js:462 177.736,202.888,45,45,0.382,0.428,0.035,0.035,59,1,0,1,0,0,0,0,454.415,258.246,2.431,0.584,247.005,288.522,1.624,1.901,0,0,0,0,297.031,318.513,139.5,199.5,-0.863,0.329,-0.038,0.032,0,0,0,0,0,0,0,0,0,0,0,0,0,3426

Main.js:462 178.134,203.327,43.5,43.5,0.398,0.439,0.036,0.034,58,1,0,1,0,0,0,0,456.846,258.83,2.431,0.584,248.628,290.423,1.624,1.901,0,0,0,0,296.176,318.857,138,196.5,-0.855,0.344,-0.037,0.033,99,0,0,0,0,0,0,0,0,0,0,0,0,3442

Main.js:462 178.546,203.777,43.5,43.5,0.412,0.45,0.036,0.034,57,0,0,1,0,0,0,0,459.277,259.414,2.431,0.584,250.252,292.324,1.624,1.901,0,0,0,0,295.329,319.216,136.5,193.5,-0.847,0.359,-0.036,0.034,98,274.499,311.838,-2.397,-0.71,0,0,0,0,0,0,0,0,3459

Main.js:462 178.972,204.237,43.5,43.5,0.426,0.46,0.036,0.034,56,0,0,1,0,0,0,0,461.708,259.997,2.431,0.584,251.875,294.225,1.624,1.901,0,0,0,0,294.491,319.591,135,190.5,-0.838,0.375,-0.035,0.035,97,272.102,311.128,-2.397,-0.71,0,0,0,0,0,0,0,0,3475

Main.js:462 179.411,204.707,43.5,43.5,0.439,0.47,0.036,0.034,55,0,0,1,0,0,0,0,464.139,260.581,2.431,0.584,253.499,296.126,1.624,1.901,0,0,0,0,293.662,319.982,133.5,187.5,-0.829,0.391,-0.034,0.036,96,269.705,310.418,-2.397,-0.71,0,0,0,0,0,0,0,0,3492

Main.js:462 179.863,205.186,43.5,43.5,0.452,0.479,0.036,0.034,54,0,0,1,0,0,0,0,466.57,261.165,2.431,0.584,255.123,298.027,1.624,1.901,0,0,0,0,292.843,320.388,132,184.5,-0.819,0.407,-0.033,0.037,95,267.308,309.708,-2.397,-0.71,0,0,0,0,0,0,0,0,3508

Main.js:462 180.326,205.674,43.5,43.5,0.464,0.488,0.036,0.034,53,0,0,1,0,0,0,0,469.001,261.748,2.431,0.584,256.746,299.928,1.624,1.901,0,0,0,0,292.033,320.811,130.5,181.5,-0.809,0.422,-0.032,0.038,94,264.911,308.998,-2.397,-0.71,0,0,0,0,0,0,0,0,3526

Main.js:462 180.801,206.17,43.5,43.5,0.475,0.496,0.036,0.034,52,0,0,1,0,0,0,0,471.432,262.332,2.431,0.584,258.37,301.829,1.624,1.901,0,0,0,0,291.235,321.249,129,178.5,-0.799,0.438,-0.031,0.039,93,262.514,308.288,-2.397,-0.71,0,0,0,0,0,0,0,0,3543

Main.js:462 181.287,206.674,43.5,43.5,0.486,0.504,0.036,0.034,51,0,0,1,0,0,0,0,473.863,262.915,2.431,0.584,259.994,303.73,1.624,1.901,0,0,0,0,290.447,321.703,127.5,175.5,-0.788,0.454,-0.03,0.04,92,260.117,307.578,-2.397,-0.71,0,0,0,0,0,0,0,0,3558

Main.js:462 181.783,207.186,43.5,43.5,0.496,0.512,0.036,0.034,50,0,0,1,0,0,0,0,476.294,263.499,2.431,0.584,261.617,305.631,1.624,1.901,0,0,0,0,289.671,322.172,126,172.5,-0.776,0.47,-0.029,0.04,91,257.72,306.868,-2.397,-0.71,0,0,0,0,0,0,0,0,3577

Main.js:462 182.288,207.704,43.5,43.5,0.505,0.519,0.036,0.034,49,0,0,1,0,0,0,0,478.725,264.083,2.431,0.584,263.241,307.532,1.624,1.901,0,0,0,0,288.907,322.658,124.5,169.5,-0.764,0.485,-0.028,0.041,90,255.323,306.158,-2.397,-0.71,0,0,0,0,0,0,0,0,3593

Main.js:462 182.803,208.23,43.5,43.5,0.515,0.525,0.036,0.034,48,0,0,1,0,0,0,0,481.156,264.666,2.431,0.584,264.864,309.433,1.624,1.901,0,0,0,0,288.155,323.159,123,166.5,-0.752,0.501,-0.027,0.042,89,252.925,305.448,-2.397,-0.71,0,0,0,0,0,0,0,0,3609

Main.js:462 183.326,208.762,43.5,43.5,0.523,0.532,0.036,0.034,47,0,0,1,0,0,0,0,483.587,265.25,2.431,0.584,266.488,311.334,1.624,1.901,0,0,0,0,287.416,323.675,121.5,163.5,-0.739,0.516,-0.026,0.043,88,250.528,304.738,-2.397,-0.71,0,0,0,0,0,0,0,0,3627

Main.js:462 183.858,209.3,43.5,43.5,0.532,0.538,0.036,0.034,46,0,0,1,0,0,0,0,486.017,265.833,2.431,0.584,268.112,313.235,1.624,1.901,0,0,0,0,286.69,324.207,120,160.5,-0.726,0.532,-0.025,0.043,87,248.131,304.028,-2.397,-0.71,0,0,0,0,0,0,0,0,3643

Main.js:462 184.397,209.843,43.5,43.5,0.54,0.544,0.036,0.034,45,0,0,1,0,0,0,0,488.448,266.417,2.431,0.584,269.735,315.136,1.624,1.901,0,0,0,0,285.977,324.753,118.5,157.5,-0.712,0.547,-0.024,0.044,86,245.734,303.318,-2.397,-0.71,0,0,0,0,0,0,0,0,3660

Main.js:462 184.944,210.393,43.5,43.5,0.547,0.549,0.036,0.034,44,0,0,1,0,0,0,0,488.448,266.417,2.431,0.584,269.735,315.136,1.624,1.901,0,0,0,0,285.279,325.315,117,154.5,-0.698,0.562,-0.023,0.045,85,243.337,302.608,-2.397,-0.71,0,0,0,0,0,0,0,0,3676

