Main.js:143 myTank.x,myTank.y,myTank.rotation,myTank.cannonRotation,myTank.velocityX,myTank.velocityY,myTank.accelerationX,myTank.accelerationY,myTank.shootCooldown,myTank.controls.turnLeft,myTank.controls.turnRight,myTank.controls.goForward,myTank.controls.goBack,myTank.controls.shoot,myTank.controls.cannonLeft,myTank.controls.cannonRight,myBullet1.x,myBullet1.y,myBullet1.velocityX,myBullet1.velocityY,myBullet2.x,myBullet2.y,myBullet2.velocityX,myBullet2.velocityY,myBullet3.x,myBullet3.y,myBullet3.velocityX,myBullet3.velocityY,enemyTank.x,enemyTank.y,enemyTank.rotation,enemyTank.cannonRotation,enemyTank.velocityX,enemyTank.velocityY,enemyTank.accelerationX,enemyTank.accelerationY,enemyTank.shootCooldown,enemyBullet1.x,enemyBullet1.y,enemyBullet1.velocityX,enemyBullet1.velocityY,enemyBullet2.x,enemyBullet2.y,enemyBullet2.velocityX,enemyBullet2.velocityY,enemyBullet3.x,enemyBullet3.y,enemyBullet3.velocityX,enemyBullet3.velocityY,currentGameTime
Main.js:462 450,246,180,180,0,0,0,0,0,0,0,0,0,0,0,0,0,0,0,0,0,0,0,0,0,0,0,0,50,254,0,0,0,0,0,0,0,0,0,0,0,0,0,0,0,0,0,0,0,5

Main.js:462 450,246,180,180,0,0,0,0,0,0,0,0,0,0,0,0,0,0,0,0,0,0,0,0,0,0,0,0,50.047,254.001,1.5,0,0.047,0.001,0.05,0.001,99,0,0,0,0,0,0,0,0,0,0,0,0,32

Main.js:462 450,246,180,180,0,0,0,0,0,0,0,0,0,0,0,0,0,0,0,0,0,0,0,0,0,0,0,0,50.14,254.005,3,0,0.093,0.004,0.05,0.003,98,73.5,254,2.5,0,0,0,0,0,0,0,0,0,49

Main.js:462 450,246,180,180,0,0,0,0,0,0,0,0,0,0,0,0,0,0,0,0,0,0,0,0,0,0,0,0,50.275,254.012,4.5,0,0.135,0.007,0.05,0.004,97,76,254,2.5,0,0,0,0,0,0,0,0,0,66

Main.js:462 450,246,180,180,0,0,0,0,0,0,0,0,0,0,0,0,0,0,0,0,0,0,0,0,0,0,0,0,50.451,254.024,6,0,0.176,0.012,0.05,0.005,96,78.5,254,2.5,0,0,0,0,0,0,0,0,0,84

Main.js:462 450,246,180,180,0,0,0,0,0,0,0,0,0,0,0,0,0,0,0,0,0,0,0,0,0,0,0,0,50.665,254.041,7.5,0,0.214,0.017,0.05,0.007,95,81,254,2.5,0,0,0,0,0,0,0,0,0,100

Main.js:462 449.953,246,180,180,-0.047,0,-0.05,0,0,0,0,1,0,0,0,0,0,0,0,0,0,0,0,0,0,0,0,0,50.915,254.065,9,0,0.25,0.024,0.049,0.008,94,83.5,254,2.5,0,0,0,0,0,0,0,0,0,117

Main.js:462 449.86,246,180,180,-0.093,0,-0.05,0,0,0,0,1,0,0,0,0,0,0,0,0,0,0,0,0,0,0,0,0,51.2,254.097,10.5,0,0.284,0.031,0.049,0.009,93,86,254,2.5,0,0,0,0,0,0,0,0,0,133

Main.js:462 449.724,246,180,180,-0.135,0,-0.05,0,0,0,0,1,0,0,0,0,0,0,0,0,0,0,0,0,0,0,0,0,51.517,254.137,12,0,0.317,0.04,0.049,0.01,92,88.5,254,2.5,0,0,0,0,0,0,0,0,0,150

Main.js:462 449.548,246,180,180,-0.176,0,-0.05,0,0,0,0,1,0,0,0,0,0,0,0,0,0,0,0,0,0,0,0,0,51.864,254.185,13.5,0,0.347,0.049,0.049,0.012,91,91,254,2.5,0,0,0,0,0,0,0,0,0,167

Main.js:462 449.333,246,180,180,-0.215,0,-0.05,0,0,0,0,1,0,0,0,0,0,0,0,0,0,0,0,0,0,0,0,0,52.239,254.244,15,0,0.376,0.059,0.048,0.013,90,93.5,254,2.5,0,0,0,0,0,0,0,0,0,184

Main.js:462 449.082,246,180,180,-0.252,0,-0.05,0,0,0,0,1,0,0,0,0,0,0,0,0,0,0,0,0,0,0,0,0,52.641,254.313,16.5,0,0.402,0.069,0.048,0.014,89,96,254,2.5,0,0,0,0,0,0,0,0,0,200

Main.js:462 448.795,246,180,180,-0.287,0,-0.05,0,0,0,0,1,0,0,0,0,0,0,0,0,0,0,0,0,0,0,0,0,53.069,254.394,18,0,0.427,0.08,0.048,0.015,88,98.5,254,2.5,0,0,0,0,0,0,0,0,0,217

Main.js:462 448.475,246,180,180,-0.32,0,-0.05,0,0,0,0,1,0,0,0,0,0,0,0,0,0,0,0,0,0,0,0,0,53.52,254.486,19.5,0,0.451,0.092,0.047,0.017,87,101,254,2.5,0,0,0,0,0,0,0,0,0,234

Main.js:462 448.124,246,180,180,-0.351,0,-0.05,0,0,0,0,1,0,0,0,0,0,0,0,0,0,0,0,0,0,0,0,0,53.992,254.591,21,0,0.473,0.105,0.047,0.018,86,103.5,254,2.5,0,0,0,0,0,0,0,0,0,250

Main.js:462 447.743,246,180,180,-0.381,0,-0.05,0,0,0,0,1,0,0,0,0,0,0,0,0,0,0,0,0,0,0,0,0,54.485,254.708,22.5,0,0.493,0.118,0.046,0.019,85,106,254,2.5,0,0,0,0,0,0,0,0,0,266

Main.js:462 447.333,246,180,180,-0.41,0,-0.05,0,0,0,0,1,0,0,0,0,0,0,0,0,0,0,0,0,0,0,0,0,54.997,254.84,24,0,0.512,0.131,0.046,0.02,84,108.5,254,2.5,0,0,0,0,0,0,0,0,0,283

Main.js:462 446.897,246,180,180,-0.437,0,-0.05,0,0,0,0,1,0,0,0,0,0,0,0,0,0,0,0,0,0,0,0,0,55.526,254.985,25.5,0,0.529,0.145,0.045,0.022,83,111,254,2.5,0,0,0,0,0,0,0,0,0,300

Main.js:462 446.434,246.001,178.5,178.5,-0.462,0.001,-0.05,0.001,0,1,0,1,0,0,0,0,0,0,0,0,0,0,0,0,0,0,0,0,56.07,255.144,27,0,0.545,0.159,0.045,0.023,82,113.5,254,2.5,0,0,0,0,0,0,0,0,0,317

Main.js:462 445.948,246.005,177,177,-0.487,0.004,-0.05,0.003,0,1,0,1,0,0,0,0,0,0,0,0,0,0,0,0,0,0,0,0,56.63,255.318,28.5,0,0.559,0.174,0.044,0.024,81,116,254,2.5,0,0,0,0,0,0,0,0,0,333

Main.js:462 445.438,246.011,177,177,-0.51,0.006,-0.05,0.003,0,0,0,1,0,0,0,0,0,0,0,0,0,0,0,0,0,0,0,0,57.202,255.507,30,0,0.572,0.189,0.043,0.025,80,118.5,254,2.5,0,0,0,0,0,0,0,0,0,399

Main.js:462 444.906,246.019,177,177,-0.532,0.008,-0.05,0.003,0,0,0,1,0,0,0,0,0,0,0,0,0,0,0,0,0,0,0,0,57.787,255.711,31.5,0,0.584,0.204,0.043,0.026,79,121,254,2.5,0,0,0,0,0,0,0,0,0,415

Main.js:462 444.354,246.029,177,177,-0.553,0.01,-0.05,0.003,99,0,0,1,0,1,0,0,0,0,0,0,0,0,0,0,0,0,0,0,58.382,255.931,33,0,0.595,0.22,0.042,0.027,78,123.5,254,2.5,0,0,0,0,0,0,0,0,0,432

Main.js:462 443.781,246.041,177,177,-0.572,0.012,-0.05,0.003,98,0,0,1,0,1,0,0,421.438,247.249,-2.497,0.131,0,0,0,0,0,0,0,0,58.986,256.167,34.5,0,0.604,0.236,0.041,0.028,77,126,254,2.5,0,0,0,0,0,0,0,0,0,449

Main.js:462 443.19,246.056,177,177,-0.591,0.014,-0.05,0.003,97,0,0,1,0,1,0,0,418.942,247.38,-2.497,0.131,0,0,0,0,0,0,0,0,59.598,256.419,36,0,0.613,0.252,0.04,0.029,76,128.5,254,2.5,0,0,0,0,0,0,0,0,0,466

Main.js:462 442.581,246.071,177,177,-0.609,0.016,-0.05,0.003,96,0,0,1,0,1,0,0,416.445,247.511,-2.497,0.131,0,0,0,0,0,0,0,0,60.218,256.688,37.5,0,0.62,0.268,0.04,0.03,75,131,254,2.5,0,0,0,0,0,0,0,0,0,483

Main.js:462 441.955,246.089,177,177,-0.626,0.018,-0.05,0.003,95,0,0,1,0,0,0,0,413.949,247.641,-2.497,0.131,0,0,0,0,0,0,0,0,60.844,256.973,39,0,0.626,0.285,0.039,0.031,74,133.5,254,2.5,0,0,0,0,0,0,0,0,0,499

Main.js:462 441.313,246.108,177,177,-0.642,0.019,-0.05,0.003,94,0,0,1,0,0,0,0,411.452,247.772,-2.497,0.131,0,0,0,0,0,0,0,0,61.474,257.274,40.5,0,0.63,0.301,0.038,0.032,73,136,254,2.5,0,0,0,0,0,0,0,0,0,516

Main.js:462 440.655,246.129,177,177,-0.657,0.021,-0.05,0.003,93,0,0,1,0,0,0,0,408.955,247.903,-2.497,0.131,0,0,0,0,0,0,0,0,62.109,257.591,40.5,358.5,0.635,0.317,0.038,0.032,72,138.5,254,2.5,0,0,0,0,0,0,0,0,0,532

Main.js:462 439.983,246.151,177,177,-0.672,0.022,-0.05,0.003,92,0,0,1,0,0,0,0,406.459,248.034,-2.497,0.131,0,0,0,0,0,0,0,0,62.748,257.924,40.5,357,0.639,0.332,0.038,0.032,71,141,254,2.5,0,0,0,0,0,0,0,0,0,567

Main.js:462 439.298,246.175,177,177,-0.686,0.024,-0.05,0.003,91,0,0,1,0,0,0,0,403.962,248.165,-2.497,0.131,0,0,0,0,0,0,0,0,63.392,258.27,40.5,355.5,0.644,0.346,0.038,0.032,70,143.5,254,2.5,0,0,0,0,0,0,0,0,0,583

Main.js:462 438.599,246.199,177,177,-0.699,0.025,-0.05,0.003,90,0,0,1,0,0,0,0,401.466,248.296,-2.497,0.131,0,0,0,0,0,0,0,0,64.039,258.63,40.5,354,0.647,0.36,0.038,0.032,69,146,254,2.5,0,0,0,0,0,0,0,0,0,600

Main.js:462 437.887,246.225,177,177,-0.711,0.026,-0.05,0.003,89,0,0,1,0,0,0,0,398.969,248.426,-2.497,0.131,0,0,0,0,0,0,0,0,64.691,259.003,40.5,352.5,0.651,0.373,0.038,0.032,68,148.5,254,2.5,0,0,0,0,0,0,0,0,0,617

Main.js:462 437.164,246.253,177,177,-0.723,0.027,-0.05,0.003,88,0,0,1,0,0,0,0,396.473,248.557,-2.497,0.131,0,0,0,0,0,0,0,0,65.345,259.388,40.5,351,0.655,0.385,0.038,0.032,67,151,254,2.5,0,0,0,0,0,0,0,0,0,635

Main.js:462 436.429,246.281,177,177,-0.735,0.028,-0.05,0.003,87,0,0,1,0,0,0,0,393.976,248.688,-2.497,0.131,0,0,0,0,0,0,0,0,66.003,259.785,40.5,349.5,0.658,0.397,0.038,0.032,66,153.5,254,2.5,0,0,0,0,0,0,0,0,0,650

Main.js:462 435.684,246.311,177,177,-0.745,0.029,-0.05,0.003,86,0,0,1,0,0,0,0,391.479,248.819,-2.497,0.131,0,0,0,0,0,0,0,0,66.665,260.192,40.5,348,0.661,0.408,0.038,0.032,65,156,254,2.5,0,0,0,0,0,0,0,0,0,666

Main.js:462 434.928,246.341,177,177,-0.755,0.03,-0.05,0.003,85,0,0,1,0,0,0,0,388.983,248.95,-2.497,0.131,0,0,0,0,0,0,0,0,67.329,260.61,40.5,346.5,0.664,0.418,0.038,0.032,64,158.5,254,2.5,0,0,0,0,0,0,0,0,0,683

Main.js:462 434.163,246.372,177,177,-0.765,0.031,-0.05,0.003,84,0,0,1,0,0,0,0,386.486,249.081,-2.497,0.131,0,0,0,0,0,0,0,0,67.997,261.039,40.5,345,0.667,0.428,0.038,0.032,63,161,254,2.5,0,0,0,0,0,0,0,0,0,699

Main.js:462 433.389,246.405,177,177,-0.774,0.032,-0.05,0.003,83,0,0,1,0,0,0,0,383.99,249.212,-2.497,0.131,0,0,0,0,0,0,0,0,68.667,261.476,40.5,343.5,0.67,0.438,0.038,0.032,62,163.5,254,2.5,0,0,0,0,0,0,0,0,0,716

Main.js:462 432.606,246.438,177,177,-0.783,0.033,-0.05,0.003,82,0,0,1,0,0,0,0,381.493,249.342,-2.497,0.131,0,0,0,0,0,0,0,0,69.339,261.923,40.5,342,0.673,0.446,0.038,0.032,61,166,254,2.5,0,0,0,0,0,0,0,0,0,733

Main.js:462 431.814,246.472,177,177,-0.791,0.034,-0.05,0.003,81,0,0,1,0,0,0,0,378.997,249.473,-2.497,0.131,0,0,0,0,0,0,0,0,70.014,262.378,40.5,340.5,0.675,0.455,0.038,0.032,60,168.5,254,2.5,0,0,0,0,0,0,0,0,0,749

Main.js:462 431.015,246.507,177,177,-0.799,0.035,-0.05,0.003,80,0,0,1,0,0,0,0,376.5,249.604,-2.497,0.131,0,0,0,0,0,0,0,0,70.692,262.841,40.5,339,0.678,0.463,0.038,0.032,59,171,254,2.5,0,0,0,0,0,0,0,0,0,767

Main.js:462 430.208,246.542,177,177,-0.807,0.036,-0.05,0.003,79,0,0,1,0,0,0,0,374.003,249.735,-2.497,0.131,0,0,0,0,0,0,0,0,71.372,263.312,40.5,337.5,0.68,0.471,0.038,0.032,58,173.5,254,2.5,0,0,0,0,0,0,0,0,0,784

Main.js:462 429.395,246.579,177,177,-0.814,0.036,-0.05,0.003,78,0,0,1,0,0,0,0,371.507,249.866,-2.497,0.131,0,0,0,0,0,0,0,0,72.054,263.79,40.5,336,0.682,0.478,0.038,0.032,57,176,254,2.5,0,0,0,0,0,0,0,0,0,799

Main.js:462 428.574,246.616,177,177,-0.821,0.037,-0.05,0.003,77,0,0,1,0,0,0,0,369.01,249.997,-2.497,0.131,0,0,0,0,0,0,0,0,72.738,264.275,40.5,334.5,0.684,0.485,0.038,0.032,56,178.5,254,2.5,0,0,0,0,0,0,0,0,0,817

Main.js:462 427.747,246.653,177,177,-0.827,0.038,-0.05,0.003,76,0,0,1,0,0,0,0,366.514,250.127,-2.497,0.131,0,0,0,0,0,0,0,0,73.423,264.766,40.5,333,0.686,0.492,0.038,0.032,55,181,254,2.5,0,0,0,0,0,0,0,0,0,832

Main.js:462 426.914,246.691,177,177,-0.833,0.038,-0.05,0.003,75,0,0,1,0,0,0,0,364.017,250.258,-2.497,0.131,0,0,0,0,0,0,0,0,74.111,265.264,40.5,331.5,0.688,0.498,0.038,0.032,54,183.5,254,2.5,0,0,0,0,0,0,0,0,0,849

Main.js:462 426.075,246.73,177,177,-0.839,0.039,-0.05,0.003,74,0,0,1,0,0,0,0,361.521,250.389,-2.497,0.131,0,0,0,0,0,0,0,0,74.801,265.768,40.5,330,0.689,0.504,0.038,0.032,53,186,254,2.5,0,0,0,0,0,0,0,0,0,867

Main.js:462 425.231,246.769,177,177,-0.844,0.039,-0.05,0.003,73,0,0,1,0,0,0,0,359.024,250.52,-2.497,0.131,0,0,0,0,0,0,0,0,75.492,266.278,40.5,328.5,0.691,0.51,0.038,0.032,52,188.5,254,2.5,0,0,0,0,0,0,0,0,0,883

Main.js:462 424.382,246.809,177,177,-0.85,0.04,-0.05,0.003,72,0,0,1,0,0,0,0,356.527,250.651,-2.497,0.131,0,0,0,0,0,0,0,0,76.184,266.793,40.5,327,0.693,0.515,0.038,0.032,51,191,254,2.5,0,0,0,0,0,0,0,0,0,899

Main.js:462 423.527,246.848,178.5,178.5,-0.855,0.039,-0.05,0.001,71,0,1,1,0,0,0,0,354.031,250.782,-2.497,0.131,0,0,0,0,0,0,0,0,76.878,267.313,40.5,325.5,0.694,0.52,0.038,0.032,50,193.5,254,2.5,0,0,0,0,0,0,0,0,0,918

Main.js:462 422.668,246.886,180,180,-0.859,0.037,-0.05,0,70,0,1,1,0,0,0,0,351.534,250.912,-2.497,0.131,0,0,0,0,0,0,0,0,77.574,267.837,40.5,324,0.696,0.525,0.038,0.032,49,196,254,2.5,0,0,0,0,0,0,0,0,0,933

Main.js:462 421.804,246.92,181.5,181.5,-0.864,0.034,-0.05,-0.001,69,0,1,1,0,0,0,0,349.038,251.043,-2.497,0.131,0,0,0,0,0,0,0,0,78.271,268.367,40.5,322.5,0.697,0.529,0.038,0.032,48,198.5,254,2.5,0,0,0,0,0,0,0,0,0,950

Main.js:462 420.936,246.949,183,183,-0.868,0.03,-0.05,-0.003,68,0,1,1,0,0,0,0,346.541,251.174,-2.497,0.131,0,0,0,0,0,0,0,0,78.969,268.901,40.5,321,0.698,0.534,0.038,0.032,47,201,254,2.5,0,0,0,0,0,0,0,0,0,967

Main.js:462 420.064,246.974,184.5,184.5,-0.872,0.025,-0.05,-0.004,67,0,1,1,0,0,0,0,344.045,251.305,-2.497,0.131,0,0,0,0,0,0,0,0,79.668,269.439,40.5,319.5,0.699,0.538,0.038,0.032,46,203.5,254,2.5,0,0,0,0,0,0,0,0,0,983

Main.js:462 419.188,246.992,186,186,-0.876,0.018,-0.05,-0.005,66,0,1,1,0,0,0,0,341.548,251.436,-2.497,0.131,0,0,0,0,0,0,0,0,80.369,269.981,40.5,318,0.701,0.542,0.038,0.032,45,206,254,2.5,0,0,0,0,0,0,0,0,0,1000

Main.js:462 418.309,247.004,187.5,187.5,-0.879,0.011,-0.05,-0.007,65,0,1,1,0,0,0,0,339.051,251.567,-2.497,0.131,0,0,0,0,0,0,0,0,81.07,270.526,40.5,316.5,0.702,0.546,0.038,0.032,44,208.5,254,2.5,0,0,0,0,0,0,0,0,0,1017

Main.js:462 417.427,247.007,189,189,-0.882,0.003,-0.049,-0.008,64,0,1,1,0,0,0,0,336.555,251.697,-2.497,0.131,0,0,0,0,0,0,0,0,81.774,271.075,39,313.5,0.703,0.548,0.039,0.031,43,211,254,2.5,0,0,0,0,0,0,0,0,0,1033

Main.js:462 416.543,247.002,190.5,190.5,-0.885,-0.006,-0.049,-0.009,63,0,1,1,0,0,0,0,334.058,251.828,-2.497,0.131,0,0,0,0,0,0,0,0,82.48,271.624,37.5,310.5,0.706,0.55,0.04,0.03,42,213.5,254,2.5,0,0,0,0,0,0,0,0,0,1050

Main.js:462 415.656,246.986,192,192,-0.887,-0.015,-0.049,-0.01,62,0,1,1,0,0,0,0,331.562,251.959,-2.497,0.131,0,0,0,0,0,0,0,0,83.189,272.175,36,307.5,0.709,0.55,0.04,0.029,41,216,254,2.5,0,0,0,0,0,0,0,0,0,1068

Main.js:462 414.767,246.961,193.5,193.5,-0.889,-0.025,-0.049,-0.012,61,0,1,1,0,0,0,0,329.065,252.09,-2.497,0.131,0,0,0,0,0,0,0,0,83.902,272.724,34.5,304.5,0.713,0.55,0.041,0.028,40,218.5,254,2.5,0,0,0,0,0,0,0,0,0,1084

Main.js:462 413.877,246.925,195,195,-0.89,-0.036,-0.048,-0.013,60,0,1,1,0,0,0,0,326.569,252.221,-2.497,0.131,0,0,0,0,0,0,0,0,84.619,273.272,33,301.5,0.717,0.548,0.042,0.027,39,221,254,2.5,0,0,0,0,0,0,0,0,0,1099

Main.js:462 412.986,246.876,196.5,196.5,-0.891,-0.048,-0.048,-0.014,59,0,1,1,0,0,0,0,324.072,252.352,-2.497,0.131,0,0,0,0,0,0,0,0,85.34,273.818,31.5,298.5,0.722,0.545,0.043,0.026,38,223.5,254,2.5,0,0,0,0,0,0,0,0,0,1117

Main.js:462 412.094,246.816,198,198,-0.892,-0.06,-0.048,-0.015,58,0,1,1,0,0,0,0,321.575,252.483,-2.497,0.131,0,0,0,0,0,0,0,0,86.067,274.36,30,295.5,0.727,0.542,0.043,0.025,37,226,254,2.5,0,0,0,0,0,0,0,0,0,1134

Main.js:462 411.202,246.744,198,198,-0.892,-0.072,-0.048,-0.015,57,0,0,1,0,0,0,0,319.079,252.613,-2.497,0.131,0,0,0,0,0,0,0,0,86.799,274.897,28.5,292.5,0.732,0.537,0.044,0.024,36,228.5,254,2.5,0,0,0,0,0,0,0,0,0,1150

Main.js:462 410.309,246.661,198,198,-0.893,-0.083,-0.048,-0.015,56,0,0,1,0,0,0,0,316.582,252.744,-2.497,0.131,0,0,0,0,0,0,0,0,87.537,275.429,27,289.5,0.738,0.532,0.045,0.023,35,231,254,2.5,0,0,0,0,0,0,0,0,0,1167

Main.js:462 409.416,246.567,198,198,-0.893,-0.094,-0.048,-0.015,55,0,0,1,0,0,0,0,314.086,252.875,-2.497,0.131,0,0,0,0,0,0,0,0,88.281,275.955,25.5,286.5,0.744,0.526,0.045,0.022,34,233.5,254,2.5,0,0,0,0,0,0,0,0,0,1184

Main.js:462 408.522,246.463,198,198,-0.894,-0.104,-0.048,-0.015,54,0,0,1,0,0,0,0,311.589,253.006,-2.497,0.131,0,0,0,0,0,0,0,0,89.031,276.474,24,283.5,0.75,0.519,0.046,0.02,33,236,254,2.5,0,0,0,0,0,0,0,0,0,1199

Main.js:462 407.628,246.35,198,198,-0.894,-0.113,-0.048,-0.015,53,0,0,1,0,0,0,0,309.093,253.137,-2.497,0.131,0,0,0,0,0,0,0,0,89.787,276.986,22.5,280.5,0.756,0.511,0.046,0.019,32,238.5,254,2.5,0,0,0,0,0,0,0,0,0,1216

Main.js:462 406.733,246.228,198,198,-0.895,-0.122,-0.048,-0.015,52,0,0,1,0,0,0,0,306.596,253.268,-2.497,0.131,0,0,0,0,0,0,0,0,90.55,277.488,21,277.5,0.763,0.503,0.047,0.018,31,241,254,2.5,0,0,0,0,0,0,0,0,0,1232

Main.js:462 405.837,246.097,198,198,-0.895,-0.131,-0.048,-0.015,51,0,0,1,0,0,0,0,304.099,253.398,-2.497,0.131,0,0,0,0,0,0,0,0,91.319,277.982,19.5,274.5,0.77,0.493,0.047,0.017,30,243.5,254,2.5,0,0,0,0,0,0,0,0,0,1250

Main.js:462 404.942,245.959,198,198,-0.896,-0.139,-0.048,-0.015,50,0,0,1,0,0,0,0,301.603,253.529,-2.497,0.131,0,0,0,0,0,0,0,0,92.096,278.465,18,271.5,0.776,0.483,0.048,0.015,29,246,254,2.5,0,0,0,0,0,0,0,0,0,1267

Main.js:462 404.046,245.812,198,198,-0.896,-0.147,-0.048,-0.015,49,0,0,1,0,0,0,0,299.106,253.66,-2.497,0.131,0,0,0,0,0,0,0,0,92.879,278.938,16.5,268.5,0.783,0.473,0.048,0.014,28,248.5,254,2.5,0,0,0,0,0,0,0,0,0,1284

Main.js:462 403.149,245.658,198,198,-0.896,-0.154,-0.048,-0.015,48,0,0,1,0,0,0,0,296.61,253.791,-2.497,0.131,0,0,0,0,0,0,0,0,93.668,279.399,15,265.5,0.79,0.461,0.048,0.013,27,251,254,2.5,0,0,0,0,0,0,0,0,0,1300

Main.js:462 402.252,245.497,198,198,-0.897,-0.161,-0.048,-0.015,47,0,0,1,0,0,0,0,294.113,253.922,-2.497,0.131,0,0,0,0,0,0,0,0,94.465,279.849,13.5,262.5,0.796,0.449,0.049,0.012,26,253.5,254,2.5,0,0,0,0,0,0,0,0,0,1316

Main.js:462 401.355,245.329,198,198,-0.897,-0.168,-0.048,-0.015,46,0,0,1,0,0,0,0,291.617,254.053,-2.497,0.131,0,0,0,0,0,0,0,0,95.268,280.286,12,259.5,0.803,0.437,0.049,0.01,25,256,254,2.5,0,0,0,0,0,0,0,0,0,1333

Main.js:462 400.458,245.156,198,198,-0.897,-0.174,-0.048,-0.015,45,0,0,1,0,0,0,0,289.12,254.183,-2.497,0.131,0,0,0,0,0,0,0,0,96.077,280.709,10.5,256.5,0.81,0.424,0.049,0.009,24,258.5,254,2.5,0,0,0,0,0,0,0,0,0,1349

Main.js:462 399.56,244.976,198,198,-0.898,-0.18,-0.048,-0.015,44,0,0,1,0,0,0,0,286.623,254.314,-2.497,0.131,0,0,0,0,0,0,0,0,96.893,281.119,9,253.5,0.816,0.41,0.049,0.008,23,261,254,2.5,0,0,0,0,0,0,0,0,0,1367

Main.js:462 398.662,244.79,198,198,-0.898,-0.186,-0.048,-0.015,43,0,0,1,0,0,0,0,284.127,254.445,-2.497,0.131,0,0,0,0,0,0,0,0,97.716,281.515,7.5,250.5,0.822,0.396,0.05,0.007,22,263.5,254,2.5,0,0,0,0,0,0,0,0,0,1383

Main.js:462 397.764,244.599,198,198,-0.898,-0.191,-0.048,-0.015,42,0,0,1,0,0,0,0,281.63,254.576,-2.497,0.131,0,0,0,0,0,0,0,0,98.544,281.896,6,247.5,0.828,0.381,0.05,0.005,21,266,254,2.5,0,0,0,0,0,0,0,0,0,1400

Main.js:462 396.865,244.403,198,198,-0.899,-0.196,-0.048,-0.015,41,0,0,1,0,0,0,0,279.134,254.707,-2.497,0.131,0,0,0,0,0,0,0,0,99.378,282.261,4.5,244.5,0.834,0.365,0.05,0.004,20,268.5,254,2.5,0,0,0,0,0,0,0,0,0,1417

Main.js:462 395.966,244.202,198,198,-0.899,-0.201,-0.048,-0.015,40,0,0,1,0,0,0,0,276.637,254.838,-2.497,0.131,0,0,0,0,0,0,0,0,100.219,282.611,3,241.5,0.84,0.35,0.05,0.003,19,271,254,2.5,0,0,0,0,0,0,0,0,0,1433

Main.js:462 395.067,243.997,198,198,-0.899,-0.206,-0.048,-0.015,39,0,0,1,0,0,0,0,274.141,254.968,-2.497,0.131,0,0,0,0,0,0,0,0,101.064,282.944,1.5,238.5,0.846,0.333,0.05,0.001,18,273.5,254,2.5,0,0,0,0,0,0,0,0,0,1449

Main.js:462 394.168,243.787,198,198,-0.899,-0.21,-0.048,-0.015,38,0,0,1,0,0,0,0,271.644,255.099,-2.497,0.131,0,0,0,0,0,0,0,0,101.915,283.261,0,235.5,0.851,0.317,0.05,0,17,276,254,2.5,0,0,0,0,0,0,0,0,0,1467

Main.js:462 393.268,243.572,198,198,-0.899,-0.214,-0.048,-0.015,37,0,0,1,0,0,0,0,269.147,255.23,-2.497,0.131,0,0,0,0,0,0,0,0,102.771,283.561,358.5,232.5,0.856,0.3,0.05,-0.001,16,278.5,254,2.5,0,0,0,0,0,0,0,0,0,1483

Main.js:462 392.369,243.354,198,198,-0.9,-0.218,-0.048,-0.015,36,0,0,1,0,0,0,0,266.651,255.361,-2.497,0.131,0,0,0,0,0,0,0,0,103.631,283.843,357,229.5,0.86,0.282,0.05,-0.003,15,281,254,2.5,0,0,0,0,0,0,0,0,0,1500

Main.js:462 391.469,243.131,199.5,199.5,-0.899,-0.223,-0.047,-0.017,35,0,1,1,0,0,0,0,264.154,255.492,-2.497,0.131,0,0,0,0,0,0,0,0,104.496,284.107,355.5,226.5,0.865,0.264,0.05,-0.004,14,283.5,254,2.5,0,0,0,0,0,0,0,0,0,1517

Main.js:462 390.57,242.902,201,201,-0.899,-0.229,-0.047,-0.018,34,0,1,1,0,0,0,0,261.658,255.623,-2.497,0.131,0,0,0,0,0,0,0,0,105.364,284.354,354,223.5,0.869,0.246,0.05,-0.005,13,286,254,2.5,0,0,0,0,0,0,0,0,0,1534

Main.js:462 389.672,242.667,202.5,202.5,-0.898,-0.236,-0.046,-0.019,33,0,1,1,0,0,0,0,259.161,255.754,-2.497,0.131,0,0,0,0,0,0,0,0,106.237,284.581,352.5,220.5,0.872,0.228,0.05,-0.007,12,288.5,254,2.5,0,0,0,0,0,0,0,0,0,1550

Main.js:462 388.776,242.423,204,204,-0.896,-0.243,-0.046,-0.02,32,0,1,1,0,0,0,0,256.664,255.884,-2.497,0.131,0,0,0,0,0,0,0,0,107.113,284.79,351,217.5,0.876,0.209,0.049,-0.008,11,291,254,2.5,0,0,0,0,0,0,0,0,0,1567

Main.js:462 387.882,242.172,205.5,205.5,-0.894,-0.252,-0.045,-0.022,31,0,1,1,0,0,0,0,254.168,256.015,-2.497,0.131,0,0,0,0,0,0,0,0,107.991,284.98,349.5,214.5,0.879,0.19,0.049,-0.009,10,293.5,254,2.5,0,0,0,0,0,0,0,0,0,1585

Main.js:462 386.99,241.911,207,207,-0.892,-0.26,-0.045,-0.023,30,0,1,1,0,0,0,0,251.671,256.146,-2.497,0.131,0,0,0,0,0,0,0,0,108.872,285.15,348,211.5,0.881,0.17,0.049,-0.01,9,296,254,2.5,0,0,0,0,0,0,0,0,0,1599

Main.js:462 386.101,241.641,208.5,208.5,-0.889,-0.27,-0.044,-0.024,29,0,1,1,0,0,0,0,249.175,256.277,-2.497,0.131,0,0,0,0,0,0,0,0,109.755,285.301,346.5,208.5,0.883,0.151,0.049,-0.012,8,298.5,254,2.5,0,0,0,0,0,0,0,0,0,1616

Main.js:462 385.215,241.361,210,210,-0.886,-0.28,-0.043,-0.025,28,0,1,1,0,0,0,0,246.678,256.408,-2.497,0.131,0,0,0,0,0,0,0,0,110.64,285.432,345,205.5,0.885,0.131,0.048,-0.013,7,301,254,2.5,0,0,0,0,0,0,0,0,0,1634

Main.js:462 384.333,241.07,211.5,211.5,-0.882,-0.291,-0.043,-0.026,27,0,1,1,0,0,0,0,244.182,256.539,-2.497,0.131,0,0,0,0,0,0,0,0,111.527,285.543,343.5,202.5,0.886,0.111,0.048,-0.014,6,303.5,254,2.5,0,0,0,0,0,0,0,0,0,1650

Main.js:462 383.455,240.768,211.5,211.5,-0.878,-0.301,-0.043,-0.026,26,0,0,1,0,0,0,0,241.685,256.669,-2.497,0.131,0,0,0,0,0,0,0,0,112.414,285.634,342,199.5,0.887,0.091,0.048,-0.015,5,306,254,2.5,0,0,0,0,0,0,0,0,0,1666

Main.js:462 382.58,240.457,211.5,211.5,-0.875,-0.311,-0.043,-0.026,25,0,0,1,0,0,0,0,239.188,256.8,-2.497,0.131,0,0,0,0,0,0,0,0,113.301,285.704,340.5,196.5,0.888,0.07,0.047,-0.017,4,308.5,254,2.5,0,0,0,0,0,0,0,0,0,1683

Main.js:462 381.708,240.137,211.5,211.5,-0.872,-0.32,-0.043,-0.026,24,0,0,1,0,0,0,0,236.692,256.931,-2.497,0.131,0,0,0,0,0,0,0,0,114.189,285.754,339,193.5,0.888,0.05,0.047,-0.018,3,311,254,2.5,0,0,0,0,0,0,0,0,0,1700

Main.js:462 380.839,239.807,211.5,211.5,-0.869,-0.329,-0.043,-0.026,23,0,0,1,0,0,0,0,234.195,257.062,-2.497,0.131,0,0,0,0,0,0,0,0,115.076,285.783,337.5,190.5,0.887,0.029,0.046,-0.019,2,313.5,254,2.5,0,0,0,0,0,0,0,0,0,1716

Main.js:462 379.973,239.47,211.5,211.5,-0.866,-0.338,-0.043,-0.026,22,0,0,1,0,0,0,0,231.699,257.193,-2.497,0.131,0,0,0,0,0,0,0,0,115.962,285.791,336,187.5,0.886,0.008,0.046,-0.02,1,316,254,2.5,0,0,0,0,0,0,0,0,0,1734

Main.js:462 379.111,239.124,211.5,211.5,-0.863,-0.346,-0.043,-0.026,21,0,0,1,0,0,0,0,229.202,257.324,-2.497,0.131,0,0,0,0,0,0,0,0,116.847,285.779,334.5,184.5,0.885,-0.013,0.045,-0.022,0,318.5,254,2.5,0,0,0,0,0,0,0,0,0,1751

Main.js:462 378.25,238.771,211.5,211.5,-0.86,-0.353,-0.043,-0.026,20,0,0,1,0,0,0,0,226.706,257.454,-2.497,0.131,0,0,0,0,0,0,0,0,117.729,285.745,333,181.5,0.883,-0.033,0.045,-0.023,99,321,254,2.5,0,0,0,0,0,0,0,0,0,1767

Main.js:462 377.392,238.411,211.5,211.5,-0.858,-0.36,-0.043,-0.026,19,0,0,1,0,0,0,0,224.209,257.585,-2.497,0.131,0,0,0,0,0,0,0,0,118.61,285.691,331.5,178.5,0.88,-0.054,0.044,-0.024,98,323.5,254,2.5,0,93.355,285.164,-2.499,-0.065,0,0,0,0,1783

Main.js:462 376.537,238.044,211.5,211.5,-0.855,-0.367,-0.043,-0.026,18,0,0,1,0,0,0,0,221.712,257.716,-2.497,0.131,0,0,0,0,0,0,0,0,119.487,285.615,330,175.5,0.877,-0.075,0.043,-0.025,97,326,254,2.5,0,90.856,285.098,-2.499,-0.065,0,0,0,0,1800

Main.js:462 375.684,237.67,211.5,211.5,-0.853,-0.374,-0.043,-0.026,17,0,0,1,0,0,0,0,219.216,257.847,-2.497,0.131,0,0,0,0,0,0,0,0,120.361,285.519,328.5,172.5,0.874,-0.097,0.043,-0.026,96,328.5,254,2.5,0,88.356,285.033,-2.499,-0.065,0,0,0,0,1817

Main.js:462 374.832,237.292,210,210,-0.852,-0.379,-0.043,-0.025,16,1,0,1,0,0,0,0,216.719,257.978,-2.497,0.131,0,0,0,0,0,0,0,0,121.232,285.401,327,169.5,0.87,-0.118,0.042,-0.027,95,331,254,2.5,0,85.857,284.967,-2.499,-0.065,0,0,0,0,1833

Main.js:462 373.982,236.91,208.5,208.5,-0.851,-0.382,-0.044,-0.024,15,1,0,1,0,0,0,0,214.223,258.109,-2.497,0.131,0,0,0,0,0,0,0,0,122.097,285.263,325.5,166.5,0.866,-0.139,0.041,-0.028,94,333.5,254,2.5,0,83.358,284.902,-2.499,-0.065,0,0,0,0,1849

Main.js:462 373.131,236.525,207,207,-0.851,-0.385,-0.045,-0.023,14,1,0,1,0,0,0,0,211.726,258.239,-2.497,0.131,0,0,0,0,0,0,0,0,122.958,285.103,324,163.5,0.861,-0.16,0.04,-0.029,93,336,254,2.5,0,80.859,284.836,-2.499,-0.065,0,0,0,0,1866

Main.js:462 372.28,236.139,205.5,205.5,-0.851,-0.386,-0.045,-0.022,13,1,0,1,0,0,0,0,209.23,258.37,-2.497,0.131,0,0,0,0,0,0,0,0,123.814,284.922,322.5,160.5,0.856,-0.181,0.04,-0.03,92,338.5,254,2.5,0,78.36,284.771,-2.499,-0.065,0,0,0,0,1882

Main.js:462 371.428,235.753,204,204,-0.852,-0.386,-0.046,-0.02,12,1,0,1,0,0,0,0,206.733,258.501,-2.497,0.131,0,0,0,0,0,0,0,0,124.664,284.721,321,157.5,0.85,-0.201,0.039,-0.031,91,341,254,2.5,0,75.861,284.705,-2.499,-0.065,0,0,0,0,1899

Main.js:462 370.575,235.368,202.5,202.5,-0.853,-0.385,-0.046,-0.019,11,1,0,1,0,0,0,0,204.236,258.632,-2.497,0.131,0,0,0,0,0,0,0,0,125.507,284.499,319.5,154.5,0.843,-0.222,0.038,-0.032,90,343.5,254,2.5,0,73.362,284.64,-2.499,-0.065,0,0,0,0,1917

Main.js:462 369.721,234.985,201,201,-0.855,-0.383,-0.047,-0.018,10,1,0,1,0,0,0,0,201.74,258.763,-2.497,0.131,0,0,0,0,0,0,0,0,126.344,284.256,318,151.5,0.837,-0.243,0.037,-0.033,89,346,254,2.5,0,70.862,284.575,-2.499,-0.065,0,0,0,0,1933

Main.js:462 368.864,234.606,199.5,199.5,-0.857,-0.379,-0.047,-0.017,9,1,0,1,0,0,0,0,199.243,258.894,-2.497,0.131,0,0,0,0,0,0,0,0,127.173,283.993,316.5,148.5,0.829,-0.263,0.036,-0.034,88,348.5,254,2.5,0,68.363,284.509,-2.499,-0.065,0,0,0,0,1958

Main.js:462 368.005,234.231,198,198,-0.859,-0.375,-0.048,-0.015,8,1,0,1,0,0,0,0,196.747,259.025,-2.497,0.131,0,0,0,0,0,0,0,0,127.994,283.709,315,145.5,0.821,-0.284,0.035,-0.035,87,351,254,2.5,0,65.864,284.444,-2.499,-0.065,0,0,0,0,1965

Main.js:462 367.143,233.861,196.5,196.5,-0.862,-0.37,-0.048,-0.014,7,1,0,1,0,0,0,0,194.25,259.155,-2.497,0.131,0,0,0,0,0,0,0,0,128.807,283.405,313.5,142.5,0.813,-0.304,0.034,-0.036,86,353.5,254,2.5,0,63.365,284.378,-2.499,-0.065,0,0,0,0,1983

Main.js:462 366.279,233.497,195,195,-0.864,-0.364,-0.048,-0.013,6,1,0,1,0,0,0,0,191.754,259.286,-2.497,0.131,0,0,0,0,0,0,0,0,129.611,283.081,312,139.5,0.804,-0.324,0.033,-0.037,85,356,254,2.5,0,60.866,284.313,-2.499,-0.065,0,0,0,0,2005

Main.js:462 365.411,233.141,193.5,193.5,-0.867,-0.357,-0.049,-0.012,5,1,0,1,0,0,0,0,189.257,259.417,-2.497,0.131,0,0,0,0,0,0,0,0,130.408,282.738,313.5,139.5,0.797,-0.342,0.034,-0.036,84,358.5,254,2.5,0,58.367,284.247,-2.499,-0.065,0,0,0,0,2016

Main.js:462 364.541,232.792,192,192,-0.871,-0.349,-0.049,-0.01,4,1,0,1,0,0,0,0,186.76,259.548,-2.497,0.131,0,0,0,0,0,0,0,0,131.198,282.379,315,139.5,0.79,-0.359,0.035,-0.035,83,361,254,2.5,0,55.868,284.182,-2.499,-0.065,0,0,0,0,2032

Main.js:462 363.667,232.452,190.5,190.5,-0.874,-0.34,-0.049,-0.009,3,1,0,1,0,0,0,0,184.264,259.679,-2.497,0.131,0,0,0,0,0,0,0,0,131.983,282.006,316.5,139.5,0.785,-0.374,0.036,-0.034,82,363.5,254,2.5,0,53.368,284.116,-2.499,-0.065,0,0,0,0,2049

Main.js:462 362.79,232.122,189,189,-0.877,-0.33,-0.049,-0.008,2,1,0,1,0,0,0,0,181.767,259.81,-2.497,0.131,0,0,0,0,0,0,0,0,132.764,281.619,318,139.5,0.781,-0.387,0.037,-0.033,81,366,254,2.5,0,50.869,284.051,-2.499,-0.065,0,0,0,0,2067

Main.js:462 361.91,231.802,187.5,187.5,-0.88,-0.32,-0.05,-0.007,1,1,0,1,0,0,0,0,179.271,259.94,-2.497,0.131,0,0,0,0,0,0,0,0,133.543,281.221,319.5,139.5,0.778,-0.398,0.038,-0.032,80,368.5,254,2.5,0,48.37,283.986,-2.499,-0.065,0,0,0,0,2084

Main.js:462 361.027,231.492,187.5,187.5,-0.883,-0.31,-0.05,-0.007,0,0,0,1,0,0,0,0,176.774,260.071,-2.497,0.131,0,0,0,0,0,0,0,0,134.319,280.812,321,139.5,0.776,-0.408,0.039,-0.031,79,371,254,2.5,0,45.871,283.92,-2.499,-0.065,0,0,0,0,2099

Main.js:462 360.14,231.191,187.5,187.5,-0.886,-0.301,-0.05,-0.007,0,0,0,1,0,0,0,0,174.278,260.202,-2.497,0.131,0,0,0,0,0,0,0,0,135.094,280.396,322.5,139.5,0.775,-0.417,0.04,-0.03,78,373.5,254,2.5,0,43.372,283.855,-2.499,-0.065,0,0,0,0,2116

Main.js:462 359.251,230.899,187.5,187.5,-0.889,-0.292,-0.05,-0.007,0,0,0,1,0,0,0,0,171.781,260.333,-2.497,0.131,0,0,0,0,0,0,0,0,135.869,279.972,324,139.5,0.775,-0.424,0.04,-0.029,77,376,254,2.5,0,40.873,283.789,-2.499,-0.065,0,0,0,0,2133

Main.js:462 358.36,230.616,187.5,187.5,-0.892,-0.284,-0.05,-0.007,0,0,0,1,0,0,0,0,169.284,260.464,-2.497,0.131,0,0,0,0,0,0,0,0,136.644,279.542,325.5,139.5,0.775,-0.43,0.041,-0.028,76,378.5,254,2.5,0,38.374,283.724,-2.499,-0.065,0,0,0,0,2149

Main.js:462 357.465,230.341,186,186,-0.894,-0.274,-0.05,-0.005,0,1,0,1,0,0,0,0,166.788,260.595,-2.497,0.131,0,0,0,0,0,0,0,0,137.421,279.108,327,139.5,0.776,-0.434,0.042,-0.027,75,381,254,2.5,0,35.874,283.658,-2.499,-0.065,0,0,0,0,2167

Main.js:462 356.568,230.077,184.5,184.5,-0.897,-0.264,-0.05,-0.004,0,1,0,1,0,0,0,0,164.291,260.725,-2.497,0.131,0,0,0,0,0,0,0,0,138.199,278.671,328.5,139.5,0.778,-0.437,0.043,-0.026,74,383.5,254,2.5,0,33.375,283.593,-2.499,-0.065,0,0,0,0,2183

Main.js:462 355.669,229.823,183,183,-0.9,-0.254,-0.05,-0.003,0,1,0,1,0,0,0,0,161.795,260.856,-2.497,0.131,0,0,0,0,0,0,0,0,138.979,278.232,330,139.5,0.78,-0.439,0.043,-0.025,73,386,254,2.5,0,30.876,283.527,-2.499,-0.065,0,0,0,0,2199

Main.js:462 354.767,229.581,181.5,181.5,-0.902,-0.242,-0.05,-0.001,0,1,0,1,0,0,0,0,159.298,260.987,-2.497,0.131,0,0,0,0,0,0,0,0,139.762,277.793,331.5,139.5,0.783,-0.44,0.044,-0.024,72,388.5,254,2.5,0,28.377,283.462,-2.499,-0.065,0,0,0,0,2217

Main.js:462 353.862,229.351,180,180,-0.904,-0.23,-0.05,0,0,1,0,1,0,0,0,0,156.802,261.118,-2.497,0.131,0,0,0,0,0,0,0,0,140.548,277.353,333,139.5,0.786,-0.439,0.045,-0.023,71,391,254,2.5,0,25.878,283.397,-2.499,-0.065,0,0,0,0,2234

Main.js:462 352.956,229.133,178.5,178.5,-0.907,-0.217,-0.05,0.001,0,1,0,1,0,0,0,0,156.802,261.118,-2.497,0.131,0,0,0,0,0,0,0,0,141.338,276.916,334.5,139.5,0.79,-0.438,0.045,-0.022,70,391,254,2.5,0,23.379,283.331,-2.499,-0.065,0,0,0,0,2250

