Main.js:143 myTank.x,myTank.y,myTank.rotation,myTank.cannonRotation,myTank.velocityX,myTank.velocityY,myTank.accelerationX,myTank.accelerationY,myTank.shootCooldown,myTank.controls.turnLeft,myTank.controls.turnRight,myTank.controls.goForward,myTank.controls.goBack,myTank.controls.shoot,myTank.controls.cannonLeft,myTank.controls.cannonRight,myBullet1.x,myBullet1.y,myBullet1.velocityX,myBullet1.velocityY,myBullet2.x,myBullet2.y,myBullet2.velocityX,myBullet2.velocityY,myBullet3.x,myBullet3.y,myBullet3.velocityX,myBullet3.velocityY,enemyTank.x,enemyTank.y,enemyTank.rotation,enemyTank.cannonRotation,enemyTank.velocityX,enemyTank.velocityY,enemyTank.accelerationX,enemyTank.accelerationY,enemyTank.shootCooldown,enemyBullet1.x,enemyBullet1.y,enemyBullet1.velocityX,enemyBullet1.velocityY,enemyBullet2.x,enemyBullet2.y,enemyBullet2.velocityX,enemyBullet2.velocityY,enemyBullet3.x,enemyBullet3.y,enemyBullet3.velocityX,enemyBullet3.velocityY,currentGameTime
Main.js:462 450,383,180,180,0,0,0,0,0,0,0,0,0,0,0,0,0,0,0,0,0,0,0,0,0,0,0,0,50,117,0,0,0,0,0,0,0,0,0,0,0,0,0,0,0,0,0,0,0,5

Main.js:462 450,383,180,180,0,0,0,0,0,0,0,0,0,0,0,0,0,0,0,0,0,0,0,0,0,0,0,0,50,117,0,0,0,0,0,0,0,0,0,0,0,0,0,0,0,0,0,0,0,20

Main.js:462 449.953,383,180,180,-0.047,0,-0.05,0,0,0,0,1,0,0,0,0,0,0,0,0,0,0,0,0,0,0,0,0,50,117,0,0,0,0,0,0,0,0,0,0,0,0,0,0,0,0,0,0,0,36

Main.js:462 449.86,383,180,180,-0.093,0,-0.05,0,0,0,0,1,0,0,0,0,0,0,0,0,0,0,0,0,0,0,0,0,50.047,117.001,1.5,0,0.047,0.001,0.05,0.001,99,0,0,0,0,0,0,0,0,0,0,0,0,69

Main.js:462 449.724,383,180,180,-0.135,0,-0.05,0,0,0,0,1,0,0,0,0,0,0,0,0,0,0,0,0,0,0,0,0,50.14,117.005,3,0,0.093,0.004,0.05,0.003,98,73.5,117,2.5,0,0,0,0,0,0,0,0,0,86

Main.js:462 449.548,383,180,180,-0.176,0,-0.05,0,0,0,0,1,0,0,0,0,0,0,0,0,0,0,0,0,0,0,0,0,50.275,117.012,4.5,0,0.135,0.007,0.05,0.004,97,76,117,2.5,0,0,0,0,0,0,0,0,0,102

Main.js:462 449.333,383,180,180,-0.215,0,-0.05,0,0,0,0,1,0,0,0,0,0,0,0,0,0,0,0,0,0,0,0,0,50.451,117.024,6,0,0.176,0.012,0.05,0.005,96,78.5,117,2.5,0,0,0,0,0,0,0,0,0,119

Main.js:462 449.082,383,180,180,-0.252,0,-0.05,0,0,0,0,1,0,0,0,0,0,0,0,0,0,0,0,0,0,0,0,0,50.665,117.041,7.5,0,0.214,0.017,0.05,0.007,95,81,117,2.5,0,0,0,0,0,0,0,0,0,135

Main.js:462 448.795,383,180,180,-0.287,0,-0.05,0,0,0,0,1,0,0,0,0,0,0,0,0,0,0,0,0,0,0,0,0,50.915,117.065,9,0,0.25,0.024,0.049,0.008,94,83.5,117,2.5,0,0,0,0,0,0,0,0,0,152

Main.js:462 448.475,383,180,180,-0.32,0,-0.05,0,0,0,0,1,0,0,0,0,0,0,0,0,0,0,0,0,0,0,0,0,51.2,117.097,10.5,0,0.284,0.031,0.049,0.009,93,86,117,2.5,0,0,0,0,0,0,0,0,0,168

Main.js:462 448.124,383,180,180,-0.351,0,-0.05,0,0,0,0,1,0,0,0,0,0,0,0,0,0,0,0,0,0,0,0,0,51.517,117.137,12,0,0.317,0.04,0.049,0.01,92,88.5,117,2.5,0,0,0,0,0,0,0,0,0,186

Main.js:462 447.743,383,180,180,-0.381,0,-0.05,0,0,0,0,1,0,0,0,0,0,0,0,0,0,0,0,0,0,0,0,0,51.864,117.185,13.5,0,0.347,0.049,0.049,0.012,91,91,117,2.5,0,0,0,0,0,0,0,0,0,202

Main.js:462 447.333,383,180,180,-0.41,0,-0.05,0,0,0,0,1,0,0,0,0,0,0,0,0,0,0,0,0,0,0,0,0,52.239,117.244,15,0,0.376,0.059,0.048,0.013,90,93.5,117,2.5,0,0,0,0,0,0,0,0,0,218

Main.js:462 446.897,383,180,180,-0.437,0,-0.05,0,0,0,0,1,0,0,0,0,0,0,0,0,0,0,0,0,0,0,0,0,52.641,117.313,16.5,0,0.402,0.069,0.048,0.014,89,96,117,2.5,0,0,0,0,0,0,0,0,0,235

Main.js:462 446.434,383,180,180,-0.462,0,-0.05,0,99,0,0,1,0,1,0,0,0,0,0,0,0,0,0,0,0,0,0,0,53.069,117.394,18,0,0.427,0.08,0.048,0.015,88,98.5,117,2.5,0,0,0,0,0,0,0,0,0,251

Main.js:462 445.947,383,180,180,-0.487,0,-0.05,0,98,0,0,1,0,1,0,0,423.397,383,-2.5,0,0,0,0,0,0,0,0,0,53.52,117.486,19.5,0,0.451,0.092,0.047,0.017,87,101,117,2.5,0,0,0,0,0,0,0,0,0,269

Main.js:462 445.438,383,180,180,-0.51,0,-0.05,0,97,0,0,1,0,1,0,0,420.897,383,-2.5,0,0,0,0,0,0,0,0,0,53.992,117.591,21,0,0.473,0.105,0.047,0.018,86,103.5,117,2.5,0,0,0,0,0,0,0,0,0,285

Main.js:462 444.906,383,180,180,-0.532,0,-0.05,0,96,0,0,1,0,1,0,0,418.397,383,-2.5,0,0,0,0,0,0,0,0,0,54.485,117.708,22.5,0,0.493,0.118,0.046,0.019,85,106,117,2.5,0,0,0,0,0,0,0,0,0,301

Main.js:462 444.353,383,180,180,-0.553,0,-0.05,0,95,0,0,1,0,1,0,0,415.897,383,-2.5,0,0,0,0,0,0,0,0,0,54.997,117.84,24,0,0.512,0.131,0.046,0.02,84,108.5,117,2.5,0,0,0,0,0,0,0,0,0,319

Main.js:462 443.78,383,180,180,-0.573,0,-0.05,0,94,0,0,1,0,1,0,0,413.397,383,-2.5,0,0,0,0,0,0,0,0,0,55.526,117.985,25.5,0,0.529,0.145,0.045,0.022,83,111,117,2.5,0,0,0,0,0,0,0,0,0,335

Main.js:462 443.189,383,180,180,-0.592,0,-0.05,0,93,0,0,1,0,0,0,0,410.897,383,-2.5,0,0,0,0,0,0,0,0,0,56.07,118.144,27,0,0.545,0.159,0.045,0.023,82,113.5,117,2.5,0,0,0,0,0,0,0,0,0,352

Main.js:462 442.579,382.999,181.5,181.5,-0.609,-0.001,-0.05,-0.001,92,0,1,1,0,0,0,0,408.397,383,-2.5,0,0,0,0,0,0,0,0,0,56.63,118.318,28.5,0,0.559,0.174,0.044,0.024,81,116,117,2.5,0,0,0,0,0,0,0,0,0,369

Main.js:462 441.953,382.995,183,183,-0.626,-0.004,-0.05,-0.003,91,0,1,1,0,0,0,0,405.897,383,-2.5,0,0,0,0,0,0,0,0,0,57.202,118.507,30,0,0.572,0.189,0.043,0.025,80,118.5,117,2.5,0,0,0,0,0,0,0,0,0,386

Main.js:462 441.311,382.988,184.5,184.5,-0.642,-0.007,-0.05,-0.004,90,0,1,1,0,0,0,0,403.397,383,-2.5,0,0,0,0,0,0,0,0,0,57.787,118.711,31.5,0,0.584,0.204,0.043,0.026,79,121,117,2.5,0,0,0,0,0,0,0,0,0,402

Main.js:462 440.653,382.976,186,186,-0.658,-0.012,-0.05,-0.005,89,0,1,1,0,0,0,0,400.897,383,-2.5,0,0,0,0,0,0,0,0,0,58.382,118.931,33,0,0.595,0.22,0.042,0.027,78,123.5,117,2.5,0,0,0,0,0,0,0,0,0,419

Main.js:462 439.981,382.959,187.5,187.5,-0.672,-0.017,-0.05,-0.007,88,0,1,1,0,0,0,0,398.397,383,-2.5,0,0,0,0,0,0,0,0,0,58.986,119.167,34.5,0,0.604,0.236,0.041,0.028,77,126,117,2.5,0,0,0,0,0,0,0,0,0,436

Main.js:462 439.296,382.935,189,189,-0.685,-0.024,-0.049,-0.008,87,0,1,1,0,0,0,0,395.897,383,-2.5,0,0,0,0,0,0,0,0,0,59.598,119.419,36,0,0.613,0.252,0.04,0.029,76,128.5,117,2.5,0,0,0,0,0,0,0,0,0,452

Main.js:462 438.599,382.903,190.5,190.5,-0.698,-0.031,-0.049,-0.009,86,0,1,1,0,0,0,0,393.397,383,-2.5,0,0,0,0,0,0,0,0,0,60.218,119.688,37.5,0,0.62,0.268,0.04,0.03,75,131,117,2.5,0,0,0,0,0,0,0,0,0,468

Main.js:462 437.89,382.863,192,192,-0.709,-0.04,-0.049,-0.01,85,0,1,1,0,0,0,0,390.897,383,-2.5,0,0,0,0,0,0,0,0,0,60.844,119.973,39,0,0.626,0.285,0.039,0.031,74,133.5,117,2.5,0,0,0,0,0,0,0,0,0,485

Main.js:462 437.17,382.815,193.5,193.5,-0.72,-0.049,-0.049,-0.012,84,0,1,1,0,0,0,0,388.397,383,-2.5,0,0,0,0,0,0,0,0,0,61.474,120.274,40.5,0,0.63,0.301,0.038,0.032,73,136,117,2.5,0,0,0,0,0,0,0,0,0,504

Main.js:462 436.44,382.756,195,195,-0.73,-0.059,-0.048,-0.013,83,0,1,1,0,0,0,0,385.897,383,-2.5,0,0,0,0,0,0,0,0,0,62.109,120.591,40.5,358.5,0.635,0.317,0.038,0.032,72,138.5,117,2.5,0,0,0,0,0,0,0,0,0,520

Main.js:462 435.701,382.687,196.5,196.5,-0.739,-0.069,-0.048,-0.014,82,0,1,1,0,0,0,0,383.397,383,-2.5,0,0,0,0,0,0,0,0,0,62.748,120.924,40.5,357,0.639,0.332,0.038,0.032,71,141,117,2.5,0,0,0,0,0,0,0,0,0,537

Main.js:462 434.954,382.606,198,198,-0.747,-0.08,-0.048,-0.015,81,0,1,1,0,0,0,0,380.897,383,-2.5,0,0,0,0,0,0,0,0,0,63.392,121.27,40.5,355.5,0.644,0.346,0.038,0.032,70,143.5,117,2.5,0,0,0,0,0,0,0,0,0,553

Main.js:462 434.199,382.515,198,198,-0.755,-0.091,-0.048,-0.015,80,0,0,1,0,0,0,0,378.397,383,-2.5,0,0,0,0,0,0,0,0,0,64.039,121.63,40.5,354,0.647,0.36,0.038,0.032,69,146,117,2.5,0,0,0,0,0,0,0,0,0,569

Main.js:462 433.437,382.414,198,198,-0.762,-0.101,-0.048,-0.015,79,0,0,1,0,0,0,0,375.897,383,-2.5,0,0,0,0,0,0,0,0,0,64.691,122.003,40.5,352.5,0.651,0.373,0.038,0.032,68,148.5,117,2.5,0,0,0,0,0,0,0,0,0,586

Main.js:462 432.668,382.303,198,198,-0.769,-0.111,-0.048,-0.015,78,0,0,1,0,0,0,0,373.397,383,-2.5,0,0,0,0,0,0,0,0,0,65.345,122.388,40.5,351,0.655,0.385,0.038,0.032,67,151,117,2.5,0,0,0,0,0,0,0,0,0,602

Main.js:462 431.892,382.183,198,198,-0.776,-0.12,-0.048,-0.015,77,0,0,1,0,0,0,0,370.897,383,-2.5,0,0,0,0,0,0,0,0,0,66.003,122.785,40.5,349.5,0.658,0.397,0.038,0.032,66,153.5,117,2.5,0,0,0,0,0,0,0,0,0,619

Main.js:462 431.109,382.054,198,198,-0.782,-0.129,-0.048,-0.015,76,0,0,1,0,0,0,0,368.397,383,-2.5,0,0,0,0,0,0,0,0,0,66.665,123.192,40.5,348,0.661,0.408,0.038,0.032,65,156,117,2.5,0,0,0,0,0,0,0,0,0,636

Main.js:462 430.321,381.917,198,198,-0.788,-0.137,-0.048,-0.015,75,0,0,1,0,0,0,0,365.897,383,-2.5,0,0,0,0,0,0,0,0,0,67.329,123.61,40.5,346.5,0.664,0.418,0.038,0.032,64,158.5,117,2.5,0,0,0,0,0,0,0,0,0,652

Main.js:462 429.526,381.773,198,198,-0.794,-0.145,-0.048,-0.015,74,0,0,1,0,0,0,0,363.397,383,-2.5,0,0,0,0,0,0,0,0,0,67.997,124.039,40.5,345,0.667,0.428,0.038,0.032,63,161,117,2.5,0,0,0,0,0,0,0,0,0,669

Main.js:462 428.727,381.62,198,198,-0.8,-0.152,-0.048,-0.015,73,0,0,1,0,0,0,0,360.897,383,-2.5,0,0,0,0,0,0,0,0,0,68.667,124.476,40.5,343.5,0.67,0.438,0.038,0.032,62,163.5,117,2.5,0,0,0,0,0,0,0,0,0,686

Main.js:462 427.922,381.461,198,198,-0.805,-0.159,-0.048,-0.015,72,0,0,1,0,0,0,0,358.397,383,-2.5,0,0,0,0,0,0,0,0,0,69.339,124.923,40.5,342,0.673,0.446,0.038,0.032,61,166,117,2.5,0,0,0,0,0,0,0,0,0,704

Main.js:462 427.112,381.295,198,198,-0.81,-0.166,-0.048,-0.015,71,0,0,1,0,0,0,0,355.897,383,-2.5,0,0,0,0,0,0,0,0,0,70.014,125.378,40.5,340.5,0.675,0.455,0.038,0.032,60,168.5,117,2.5,0,0,0,0,0,0,0,0,0,720

Main.js:462 426.297,381.123,198,198,-0.815,-0.172,-0.048,-0.015,70,0,0,1,0,0,0,0,353.397,383,-2.5,0,0,0,0,0,0,0,0,0,70.692,125.841,40.5,339,0.678,0.463,0.038,0.032,59,171,117,2.5,0,0,0,0,0,0,0,0,0,737

Main.js:462 425.479,380.944,198,198,-0.819,-0.178,-0.048,-0.015,69,0,0,1,0,0,0,0,350.897,383,-2.5,0,0,0,0,0,0,0,0,0,71.372,126.312,40.5,337.5,0.68,0.471,0.038,0.032,58,173.5,117,2.5,0,0,0,0,0,0,0,0,0,754

Main.js:462 424.655,380.76,198,198,-0.823,-0.184,-0.048,-0.015,68,0,0,1,0,0,0,0,348.397,383,-2.5,0,0,0,0,0,0,0,0,0,72.054,126.79,40.5,336,0.682,0.478,0.038,0.032,57,176,117,2.5,0,0,0,0,0,0,0,0,0,771

Main.js:462 423.828,380.571,198,198,-0.827,-0.19,-0.048,-0.015,67,0,0,1,0,0,0,0,345.897,383,-2.5,0,0,0,0,0,0,0,0,0,72.738,127.275,40.5,334.5,0.684,0.485,0.038,0.032,56,178.5,117,2.5,0,0,0,0,0,0,0,0,0,786

Main.js:462 422.997,380.376,198,198,-0.831,-0.195,-0.048,-0.015,66,0,0,1,0,0,0,0,343.397,383,-2.5,0,0,0,0,0,0,0,0,0,73.423,127.766,40.5,333,0.686,0.492,0.038,0.032,55,181,117,2.5,0,0,0,0,0,0,0,0,0,802

Main.js:462 422.163,380.176,198,198,-0.835,-0.2,-0.048,-0.015,65,0,0,1,0,0,0,0,340.897,383,-2.5,0,0,0,0,0,0,0,0,0,74.111,128.264,40.5,331.5,0.688,0.498,0.038,0.032,54,183.5,117,2.5,0,0,0,0,0,0,0,0,0,819

Main.js:462 421.324,379.972,198,198,-0.838,-0.204,-0.048,-0.015,64,0,0,1,0,0,0,0,338.397,383,-2.5,0,0,0,0,0,0,0,0,0,74.801,128.768,40.5,330,0.689,0.504,0.038,0.032,53,186,117,2.5,0,0,0,0,0,0,0,0,0,837

Main.js:462 420.483,379.763,198,198,-0.841,-0.209,-0.048,-0.015,63,0,0,1,0,0,0,0,335.897,383,-2.5,0,0,0,0,0,0,0,0,0,75.492,129.278,40.5,328.5,0.691,0.51,0.038,0.032,52,188.5,117,2.5,0,0,0,0,0,0,0,0,0,853

Main.js:462 419.639,379.549,198,198,-0.844,-0.213,-0.048,-0.015,62,0,0,1,0,0,0,0,333.397,383,-2.5,0,0,0,0,0,0,0,0,0,76.184,129.793,40.5,327,0.693,0.515,0.038,0.032,51,191,117,2.5,0,0,0,0,0,0,0,0,0,869

Main.js:462 418.791,379.332,198,198,-0.847,-0.217,-0.048,-0.015,61,0,0,1,0,0,0,0,330.897,383,-2.5,0,0,0,0,0,0,0,0,0,76.878,130.313,40.5,325.5,0.694,0.52,0.038,0.032,50,193.5,117,2.5,0,0,0,0,0,0,0,0,0,885

Main.js:462 417.941,379.111,198,198,-0.85,-0.221,-0.048,-0.015,60,0,0,1,0,0,0,0,328.397,383,-2.5,0,0,0,0,0,0,0,0,0,77.574,130.837,40.5,324,0.696,0.525,0.038,0.032,49,196,117,2.5,0,0,0,0,0,0,0,0,0,903

Main.js:462 417.088,378.887,198,198,-0.853,-0.225,-0.048,-0.015,59,0,0,1,0,0,0,0,325.897,383,-2.5,0,0,0,0,0,0,0,0,0,78.271,131.367,40.5,322.5,0.697,0.529,0.038,0.032,48,198.5,117,2.5,0,0,0,0,0,0,0,0,0,920

Main.js:462 416.233,378.659,198,198,-0.855,-0.228,-0.048,-0.015,58,0,0,1,0,0,0,0,323.397,383,-2.5,0,0,0,0,0,0,0,0,0,78.969,131.901,40.5,321,0.698,0.534,0.038,0.032,47,201,117,2.5,0,0,0,0,0,0,0,0,0,937

Main.js:462 415.375,378.427,198,198,-0.858,-0.231,-0.048,-0.015,57,0,0,1,0,0,0,0,320.897,383,-2.5,0,0,0,0,0,0,0,0,0,79.668,132.439,40.5,319.5,0.699,0.538,0.038,0.032,46,203.5,117,2.5,0,0,0,0,0,0,0,0,0,953

Main.js:462 414.515,378.193,198,198,-0.86,-0.234,-0.048,-0.015,56,0,0,1,0,0,0,0,318.397,383,-2.5,0,0,0,0,0,0,0,0,0,80.369,132.981,40.5,318,0.701,0.542,0.038,0.032,45,206,117,2.5,0,0,0,0,0,0,0,0,0,970

Main.js:462 413.653,377.955,198,198,-0.862,-0.237,-0.048,-0.015,55,0,0,1,0,0,0,0,315.897,383,-2.5,0,0,0,0,0,0,0,0,0,81.07,133.526,40.5,316.5,0.702,0.546,0.038,0.032,44,208.5,117,2.5,0,0,0,0,0,0,0,0,0,986

Main.js:462 412.788,377.715,198,198,-0.864,-0.24,-0.048,-0.015,54,0,0,1,0,0,0,0,313.397,383,-2.5,0,0,0,0,0,0,0,0,0,81.773,134.076,40.5,315,0.703,0.549,0.038,0.032,43,211,117,2.5,0,0,0,0,0,0,0,0,0,1003

Main.js:462 411.922,377.472,198,198,-0.866,-0.243,-0.048,-0.015,53,0,0,1,0,0,0,0,310.897,383,-2.5,0,0,0,0,0,0,0,0,0,82.477,134.627,39,312,0.704,0.552,0.039,0.031,42,213.5,117,2.5,0,0,0,0,0,0,0,0,0,1020

Main.js:462 411.054,377.227,198,198,-0.868,-0.245,-0.048,-0.015,52,0,0,1,0,0,0,0,308.397,383,-2.5,0,0,0,0,0,0,0,0,0,83.184,135.18,37.5,309,0.707,0.553,0.04,0.03,41,216,117,2.5,0,0,0,0,0,0,0,0,0,1037

Main.js:462 410.184,376.978,199.5,199.5,-0.87,-0.249,-0.047,-0.017,51,0,1,1,0,0,0,0,305.897,383,-2.5,0,0,0,0,0,0,0,0,0,83.894,135.734,36,306,0.71,0.553,0.04,0.029,40,218.5,117,2.5,0,0,0,0,0,0,0,0,0,1052

Main.js:462 409.314,376.724,201,201,-0.87,-0.254,-0.047,-0.018,50,0,1,1,0,0,0,0,303.397,383,-2.5,0,0,0,0,0,0,0,0,0,84.608,136.286,34.5,303,0.714,0.553,0.041,0.028,39,221,117,2.5,0,0,0,0,0,0,0,0,0,1069

Main.js:462 408.443,376.465,202.5,202.5,-0.871,-0.259,-0.046,-0.019,49,0,1,1,0,0,0,0,300.897,383,-2.5,0,0,0,0,0,0,0,0,0,85.326,136.837,33,300,0.718,0.551,0.042,0.027,38,223.5,117,2.5,0,0,0,0,0,0,0,0,0,1087

Main.js:462 407.572,376.2,204,204,-0.871,-0.265,-0.046,-0.02,48,0,1,1,0,0,0,0,298.397,383,-2.5,0,0,0,0,0,0,0,0,0,86.048,137.385,31.5,297,0.722,0.548,0.043,0.026,37,226,117,2.5,0,0,0,0,0,0,0,0,0,1103

Main.js:462 406.703,375.927,205.5,205.5,-0.87,-0.273,-0.045,-0.022,47,0,1,1,0,1,0,0,295.897,383,-2.5,0,0,0,0,0,0,0,0,0,86.775,137.929,30,294,0.727,0.544,0.043,0.025,36,228.5,117,2.5,0,0,0,0,0,0,0,0,0,1120

Main.js:462 405.834,375.647,207,207,-0.869,-0.281,-0.045,-0.023,46,0,1,1,0,1,0,0,293.397,383,-2.5,0,0,0,0,0,0,0,0,0,87.508,138.469,28.5,291,0.733,0.54,0.044,0.024,35,231,117,2.5,0,0,0,0,0,0,0,0,0,1163

Main.js:462 404.966,375.358,207,207,-0.868,-0.288,-0.045,-0.023,45,0,0,1,0,1,0,0,290.897,383,-2.5,0,0,0,0,0,0,0,0,0,88.247,139.004,27,288,0.738,0.534,0.045,0.023,34,233.5,117,2.5,0,0,0,0,0,0,0,0,0,1186

Main.js:462 404.099,375.063,207,207,-0.867,-0.295,-0.045,-0.023,44,0,0,1,0,0,0,0,288.397,383,-2.5,0,0,0,0,0,0,0,0,0,88.991,139.532,25.5,285,0.744,0.528,0.045,0.022,33,236,117,2.5,0,0,0,0,0,0,0,0,0,1202

Main.js:462 403.234,374.761,207,207,-0.866,-0.302,-0.045,-0.023,43,0,0,1,0,0,0,0,285.897,383,-2.5,0,0,0,0,0,0,0,0,0,89.742,140.053,24,282,0.751,0.521,0.046,0.02,32,238.5,117,2.5,0,0,0,0,0,0,0,0,0,1220

Main.js:462 402.369,374.453,207,207,-0.865,-0.309,-0.045,-0.023,42,0,0,1,0,0,0,0,283.397,383,-2.5,0,0,0,0,0,0,0,0,0,90.499,140.566,22.5,279,0.757,0.513,0.046,0.019,31,241,117,2.5,0,0,0,0,0,0,0,0,0,1235

Main.js:462 401.506,374.138,207,207,-0.864,-0.315,-0.045,-0.023,41,0,0,1,0,0,0,0,280.897,383,-2.5,0,0,0,0,0,0,0,0,0,91.262,141.071,21,276,0.763,0.505,0.047,0.018,30,243.5,117,2.5,0,0,0,0,0,0,0,0,0,1254

Main.js:462 400.643,373.818,207,207,-0.863,-0.32,-0.045,-0.023,40,0,0,1,0,0,0,0,278.397,383,-2.5,0,0,0,0,0,0,0,0,0,92.032,141.566,19.5,273,0.77,0.495,0.047,0.017,29,246,117,2.5,0,0,0,0,0,0,0,0,0,1269

Main.js:462 399.781,373.492,207,207,-0.862,-0.326,-0.045,-0.023,39,0,0,1,0,1,0,0,275.897,383,-2.5,0,0,0,0,0,0,0,0,0,92.809,142.051,18,270,0.777,0.485,0.048,0.015,28,248.5,117,2.5,0,0,0,0,0,0,0,0,0,1286

Main.js:462 398.919,373.16,207,207,-0.861,-0.331,-0.045,-0.023,38,0,0,1,0,1,0,0,273.397,383,-2.5,0,0,0,0,0,0,0,0,0,93.592,142.525,16.5,267,0.783,0.474,0.048,0.014,27,251,117,2.5,0,0,0,0,0,0,0,0,0,1301

Main.js:462 398.059,372.824,207,207,-0.861,-0.336,-0.045,-0.023,37,0,0,1,0,1,0,0,270.897,383,-2.5,0,0,0,0,0,0,0,0,0,94.382,142.988,15,264,0.79,0.463,0.048,0.013,26,253.5,117,2.5,0,0,0,0,0,0,0,0,0,1319

Main.js:462 397.199,372.483,207,207,-0.86,-0.341,-0.045,-0.023,36,0,0,1,0,1,0,0,268.397,383,-2.5,0,0,0,0,0,0,0,0,0,95.179,143.439,13.5,261,0.797,0.451,0.049,0.012,25,256,117,2.5,0,0,0,0,0,0,0,0,0,1336

Main.js:462 396.34,372.137,207,207,-0.859,-0.346,-0.045,-0.023,35,0,0,1,0,1,0,0,265.897,383,-2.5,0,0,0,0,0,0,0,0,0,95.983,143.877,12,258,0.803,0.438,0.049,0.01,24,258.5,117,2.5,0,0,0,0,0,0,0,0,0,1351

Main.js:462 395.481,371.788,207,207,-0.859,-0.35,-0.045,-0.023,34,0,0,1,0,0,0,0,263.397,383,-2.5,0,0,0,0,0,0,0,0,0,96.793,144.302,10.5,255,0.81,0.425,0.049,0.009,23,261,117,2.5,0,0,0,0,0,0,0,0,0,1369

Main.js:462 394.623,371.434,207,207,-0.858,-0.354,-0.045,-0.023,33,0,0,1,0,0,0,0,260.897,383,-2.5,0,0,0,0,0,0,0,0,0,97.609,144.713,9,252,0.816,0.411,0.049,0.008,22,263.5,117,2.5,0,0,0,0,0,0,0,0,0,1385

Main.js:462 393.766,371.076,207,207,-0.857,-0.358,-0.045,-0.023,32,0,0,1,0,0,0,0,258.397,383,-2.5,0,0,0,0,0,0,0,0,0,98.432,145.11,7.5,249,0.823,0.397,0.05,0.007,21,266,117,2.5,0,0,0,0,0,0,0,0,0,1403

Main.js:462 392.909,370.714,207,207,-0.857,-0.361,-0.045,-0.023,31,0,0,1,0,0,0,0,255.897,383,-2.5,0,0,0,0,0,0,0,0,0,99.26,145.492,6,246,0.829,0.382,0.05,0.005,20,268.5,117,2.5,0,0,0,0,0,0,0,0,0,1419

Main.js:462 392.053,370.349,207,207,-0.856,-0.365,-0.045,-0.023,30,0,0,1,0,0,0,0,253.397,383,-2.5,0,0,0,0,0,0,0,0,0,100.095,145.858,4.5,243,0.835,0.367,0.05,0.004,19,271,117,2.5,0,0,0,0,0,0,0,0,0,1436

Main.js:462 391.197,369.981,207,207,-0.856,-0.368,-0.045,-0.023,29,0,0,1,0,1,0,0,250.897,383,-2.5,0,0,0,0,0,0,0,0,0,100.935,146.209,3,240,0.84,0.351,0.05,0.003,18,273.5,117,2.5,0,0,0,0,0,0,0,0,0,1454

Main.js:462 390.342,369.61,207,207,-0.855,-0.371,-0.045,-0.023,28,0,0,1,0,1,0,0,248.397,383,-2.5,0,0,0,0,0,0,0,0,0,101.781,146.543,1.5,237,0.846,0.334,0.05,0.001,17,276,117,2.5,0,0,0,0,0,0,0,0,0,1469

Main.js:462 389.487,369.235,207,207,-0.855,-0.374,-0.045,-0.023,27,0,0,1,0,1,0,0,245.897,383,-2.5,0,0,0,0,0,0,0,0,0,102.632,146.861,0,234,0.851,0.318,0.05,0,16,278.5,117,2.5,0,0,0,0,0,0,0,0,0,1487

Main.js:462 388.633,368.858,207,207,-0.854,-0.377,-0.045,-0.023,26,0,0,1,0,1,0,0,243.397,383,-2.5,0,0,0,0,0,0,0,0,0,103.488,147.162,358.5,231,0.856,0.301,0.05,-0.001,15,281,117,2.5,0,0,0,0,0,0,0,0,0,1503

Main.js:462 387.779,368.478,207,207,-0.854,-0.38,-0.045,-0.023,25,0,0,1,0,1,0,0,240.897,383,-2.5,0,0,0,0,0,0,0,0,0,104.349,147.445,357,228,0.861,0.283,0.05,-0.003,14,283.5,117,2.5,0,0,0,0,0,0,0,0,0,1519

Main.js:462 386.925,368.096,207,207,-0.854,-0.383,-0.045,-0.023,24,0,0,1,0,1,0,0,238.397,383,-2.5,0,0,0,0,0,0,0,0,0,105.214,147.71,355.5,225,0.865,0.265,0.05,-0.004,13,286,117,2.5,0,0,0,0,0,0,0,0,0,1537

Main.js:462 386.072,367.711,207,207,-0.853,-0.385,-0.045,-0.023,23,0,0,1,0,0,0,0,235.897,383,-2.5,0,0,0,0,0,0,0,0,0,106.083,147.957,354,222,0.869,0.247,0.05,-0.005,12,288.5,117,2.5,0,0,0,0,0,0,0,0,0,1553

Main.js:462 385.219,367.323,207,207,-0.853,-0.387,-0.045,-0.023,22,0,0,1,0,0,0,0,233.397,383,-2.5,0,0,0,0,0,0,0,0,0,106.955,148.185,352.5,219,0.873,0.228,0.05,-0.007,11,291,117,2.5,0,0,0,0,0,0,0,0,0,1569

Main.js:462 384.366,366.934,207,207,-0.853,-0.389,-0.045,-0.023,21,0,0,1,0,0,0,0,230.897,383,-2.5,0,0,0,0,0,0,0,0,0,107.831,148.395,351,216,0.876,0.21,0.049,-0.008,10,293.5,117,2.5,0,0,0,0,0,0,0,0,0,1586

Main.js:462 383.514,366.542,207,207,-0.852,-0.392,-0.045,-0.023,20,0,0,1,0,0,0,0,228.397,383,-2.5,0,0,0,0,0,0,0,0,0,108.71,148.585,349.5,213,0.879,0.19,0.049,-0.009,9,296,117,2.5,0,0,0,0,0,0,0,0,0,1601

Main.js:462 382.662,366.149,207,207,-0.852,-0.394,-0.045,-0.023,19,0,0,1,0,1,0,0,225.897,383,-2.5,0,0,0,0,0,0,0,0,0,109.591,148.756,348,210,0.881,0.171,0.049,-0.01,8,298.5,117,2.5,0,0,0,0,0,0,0,0,0,1620

Main.js:462 381.81,365.753,207,207,-0.852,-0.395,-0.045,-0.023,18,0,0,1,0,1,0,0,223.397,383,-2.5,0,0,0,0,0,0,0,0,0,110.475,148.907,346.5,207,0.883,0.151,0.049,-0.012,7,301,117,2.5,0,0,0,0,0,0,0,0,0,1636

Main.js:462 380.959,365.355,208.5,208.5,-0.851,-0.398,-0.044,-0.024,17,0,1,1,0,1,0,0,220.897,383,-2.5,0,0,0,0,0,0,0,0,0,111.36,149.039,345,204,0.885,0.132,0.048,-0.013,6,303.5,117,2.5,0,0,0,0,0,0,0,0,0,1653

Main.js:462 380.109,364.953,210,210,-0.85,-0.402,-0.043,-0.025,16,0,1,1,0,1,0,0,218.397,383,-2.5,0,0,0,0,0,0,0,0,0,112.246,149.15,343.5,201,0.886,0.111,0.048,-0.014,5,306,117,2.5,0,0,0,0,0,0,0,0,0,1668

Main.js:462 379.262,364.546,211.5,211.5,-0.848,-0.407,-0.043,-0.026,15,0,1,1,0,1,0,0,215.897,383,-2.5,0,0,0,0,0,0,0,0,0,113.134,149.241,342,198,0.887,0.091,0.048,-0.015,4,308.5,117,2.5,0,0,0,0,0,0,0,0,0,1686

Main.js:462 378.417,364.134,213,213,-0.845,-0.412,-0.042,-0.027,14,0,1,1,0,1,0,0,213.397,383,-2.5,0,0,0,0,0,0,0,0,0,114.021,149.312,340.5,195,0.888,0.071,0.047,-0.017,3,311,117,2.5,0,0,0,0,0,0,0,0,0,1706

Main.js:462 377.575,363.715,214.5,214.5,-0.842,-0.419,-0.041,-0.028,13,0,1,1,0,1,0,0,210.897,383,-2.5,0,0,0,0,0,0,0,0,0,114.909,149.362,339,192,0.888,0.05,0.047,-0.018,2,313.5,117,2.5,0,0,0,0,0,0,0,0,0,1719

Main.js:462 376.737,363.289,216,216,-0.838,-0.426,-0.04,-0.029,12,0,1,1,0,0,0,0,208.397,383,-2.5,0,0,0,0,0,0,0,0,0,115.796,149.392,337.5,189,0.887,0.03,0.046,-0.019,1,316,117,2.5,0,0,0,0,0,0,0,0,0,1736

Main.js:462 375.903,362.856,217.5,217.5,-0.834,-0.433,-0.04,-0.03,11,0,1,1,0,0,0,0,205.897,383,-2.5,0,0,0,0,0,0,0,0,0,116.682,149.401,336,186,0.886,0.009,0.046,-0.02,0,318.5,117,2.5,0,0,0,0,0,0,0,0,0,1752

Main.js:462 375.073,362.414,219,219,-0.829,-0.442,-0.039,-0.031,10,0,1,1,0,0,0,0,203.397,383,-2.5,0,0,0,0,0,0,0,0,0,117.567,149.389,334.5,183,0.885,-0.012,0.045,-0.022,99,321,117,2.5,0,0,0,0,0,0,0,0,0,1770

Main.js:462 374.249,361.965,219,219,-0.825,-0.449,-0.039,-0.031,9,0,0,1,0,0,0,0,200.897,383,-2.5,0,0,0,0,0,0,0,0,0,118.45,149.355,333,180,0.883,-0.033,0.045,-0.023,98,323.5,117,2.5,0,93.214,148.171,-2.497,-0.131,0,0,0,0,1787

Main.js:462 373.428,361.508,219,219,-0.82,-0.457,-0.039,-0.031,8,0,0,1,0,1,0,0,198.397,383,-2.5,0,0,0,0,0,0,0,0,0,119.33,149.301,331.5,177,0.88,-0.054,0.044,-0.024,97,326,117,2.5,0,90.718,148.04,-2.497,-0.131,0,0,0,0,1802

Main.js:462 372.612,361.044,219,219,-0.816,-0.464,-0.039,-0.031,7,0,0,1,0,1,0,0,195.897,383,-2.5,0,0,0,0,0,0,0,0,0,120.208,149.226,330,174,0.878,-0.075,0.043,-0.025,96,328.5,117,2.5,0,88.221,147.909,-2.497,-0.131,0,0,0,0,1821

Main.js:462 371.8,360.574,219,219,-0.812,-0.471,-0.039,-0.031,6,0,0,1,0,1,0,0,193.397,383,-2.5,0,0,0,0,0,0,0,0,0,121.082,149.13,328.5,171,0.874,-0.096,0.043,-0.026,95,331,117,2.5,0,85.725,147.778,-2.497,-0.131,0,0,0,0,1853

Main.js:462 370.991,360.097,219,219,-0.809,-0.477,-0.039,-0.031,5,0,0,1,0,1,0,0,190.897,383,-2.5,0,0,0,0,0,0,0,0,0,121.952,149.013,327,168,0.87,-0.117,0.042,-0.027,94,333.5,117,2.5,0,83.228,147.647,-2.497,-0.131,0,0,0,0,1869

Main.js:462 370.186,359.614,219,219,-0.805,-0.483,-0.039,-0.031,4,0,0,1,0,1,0,0,188.397,383,-2.5,0,0,0,0,0,0,0,0,0,122.818,148.874,325.5,165,0.866,-0.138,0.041,-0.028,93,336,117,2.5,0,80.732,147.517,-2.497,-0.131,0,0,0,0,1886

Main.js:462 369.384,359.125,219,219,-0.802,-0.489,-0.039,-0.031,3,0,0,1,0,0,0,0,185.897,383,-2.5,0,0,0,0,0,0,0,0,0,123.679,148.715,324,162,0.861,-0.159,0.04,-0.029,92,338.5,117,2.5,0,78.235,147.386,-2.497,-0.131,0,0,0,0,1902

Main.js:462 368.586,358.631,219,219,-0.799,-0.494,-0.039,-0.031,2,0,0,1,0,0,0,0,183.397,383,-2.5,0,0,0,0,0,0,0,0,0,124.535,148.535,322.5,159,0.856,-0.18,0.04,-0.03,91,341,117,2.5,0,75.738,147.255,-2.497,-0.131,0,0,0,0,1920

Main.js:462 367.79,358.132,219,219,-0.796,-0.499,-0.039,-0.031,1,0,0,1,0,0,0,0,180.897,383,-2.5,0,0,0,0,0,0,0,0,0,125.385,148.334,321,156,0.85,-0.201,0.039,-0.031,90,343.5,117,2.5,0,73.242,147.124,-2.497,-0.131,0,0,0,0,1936

Main.js:462 366.997,357.628,219,219,-0.793,-0.504,-0.039,-0.031,0,0,0,1,0,0,0,0,178.397,383,-2.5,0,0,0,0,0,0,0,0,0,126.228,148.112,319.5,153,0.843,-0.222,0.038,-0.032,89,346,117,2.5,0,70.745,146.993,-2.497,-0.131,0,0,0,0,1953

Main.js:462 366.207,357.119,219,219,-0.79,-0.509,-0.039,-0.031,0,0,0,1,0,0,0,0,175.897,383,-2.5,0,0,0,0,0,0,0,0,0,127.065,147.869,318,150,0.837,-0.243,0.037,-0.033,88,348.5,117,2.5,0,68.249,146.862,-2.497,-0.131,0,0,0,0,1970

Main.js:462 365.42,356.605,219,219,-0.787,-0.513,-0.039,-0.031,99,0,0,1,0,1,0,0,173.397,383,-2.5,0,0,0,0,0,0,0,0,0,127.894,147.606,316.5,147,0.829,-0.263,0.036,-0.034,87,351,117,2.5,0,65.752,146.732,-2.497,-0.131,0,0,0,0,1986

Main.js:462 364.635,356.088,219,219,-0.785,-0.518,-0.039,-0.031,98,0,0,1,0,1,0,0,170.897,383,-2.5,0,347.944,342.33,-1.943,-1.573,0,0,0,0,128.715,147.322,315,144,0.821,-0.284,0.035,-0.035,86,353.5,117,2.5,0,63.256,146.601,-2.497,-0.131,0,0,0,0,2004

Main.js:462 363.852,355.566,219,219,-0.783,-0.522,-0.039,-0.031,97,0,0,1,0,1,0,0,168.397,383,-2.5,0,346.002,340.756,-1.943,-1.573,0,0,0,0,129.53,147.02,316.5,144,0.815,-0.302,0.036,-0.034,85,356,117,2.5,0,60.759,146.47,-2.497,-0.131,0,0,0,0,2019

Main.js:462 363.072,355.041,219,219,-0.78,-0.525,-0.039,-0.031,96,0,0,1,0,1,0,0,165.897,383,-2.5,0,344.059,339.183,-1.943,-1.573,0,0,0,0,130.339,146.701,318,144,0.809,-0.319,0.037,-0.033,84,358.5,117,2.5,0,58.262,146.339,-2.497,-0.131,0,0,0,0,2036

Main.js:462 362.294,354.512,219,219,-0.778,-0.529,-0.039,-0.031,95,0,0,1,0,1,0,0,163.397,383,-2.5,0,342.116,337.61,-1.943,-1.573,0,0,0,0,131.144,146.367,319.5,144,0.805,-0.334,0.038,-0.032,83,361,117,2.5,0,55.766,146.208,-2.497,-0.131,0,0,0,0,2053

Main.js:462 361.517,353.979,219,219,-0.776,-0.532,-0.039,-0.031,94,0,0,1,0,0,0,0,160.897,383,-2.5,0,340.173,336.036,-1.943,-1.573,0,0,0,0,131.946,146.02,321,144,0.802,-0.347,0.039,-0.031,82,363.5,117,2.5,0,53.269,146.077,-2.497,-0.131,0,0,0,0,2069

Main.js:462 360.743,353.443,219,219,-0.774,-0.536,-0.039,-0.031,93,0,0,1,0,0,0,0,158.397,383,-2.5,0,338.23,334.463,-1.943,-1.573,0,0,0,0,132.745,145.662,322.5,144,0.799,-0.359,0.04,-0.03,81,366,117,2.5,0,50.773,145.947,-2.497,-0.131,0,0,0,0,2087

Main.js:462 359.97,352.904,219,219,-0.773,-0.539,-0.039,-0.031,92,0,0,1,0,0,0,0,155.897,383,-2.5,0,336.287,332.89,-1.943,-1.573,0,0,0,0,133.543,145.293,324,144,0.798,-0.368,0.04,-0.029,80,368.5,117,2.5,0,48.276,145.816,-2.497,-0.131,0,0,0,0,2103

Main.js:462 359.199,352.363,219,219,-0.771,-0.542,-0.039,-0.031,91,0,0,1,0,0,0,0,153.397,383,-2.5,0,334.344,331.317,-1.943,-1.573,0,0,0,0,134.34,144.916,325.5,144,0.797,-0.377,0.041,-0.028,79,371,117,2.5,0,45.78,145.685,-2.497,-0.131,0,0,0,0,2119

Main.js:462 358.43,351.818,219,219,-0.769,-0.545,-0.039,-0.031,90,0,0,1,0,1,0,0,150.897,383,-2.5,0,332.402,329.743,-1.943,-1.573,0,0,0,0,135.137,144.532,327,144,0.797,-0.384,0.042,-0.027,78,373.5,117,2.5,0,43.283,145.554,-2.497,-0.131,0,0,0,0,2140

Main.js:462 357.662,351.271,219,219,-0.768,-0.547,-0.039,-0.031,89,0,0,1,0,1,0,0,148.397,383,-2.5,0,330.459,328.17,-1.943,-1.573,0,0,0,0,135.934,144.143,328.5,144,0.798,-0.39,0.043,-0.026,77,376,117,2.5,0,40.786,145.423,-2.497,-0.131,0,0,0,0,2185

Main.js:462 356.896,350.721,219,219,-0.766,-0.55,-0.039,-0.031,88,0,0,1,0,1,0,0,145.897,383,-2.5,0,328.516,326.597,-1.943,-1.573,0,0,0,0,136.733,143.749,330,144,0.799,-0.394,0.043,-0.025,76,378.5,117,2.5,0,38.29,145.292,-2.497,-0.131,0,0,0,0,2203

Main.js:462 356.131,350.169,219,219,-0.765,-0.552,-0.039,-0.031,87,0,0,1,0,1,0,0,143.397,383,-2.5,0,326.573,325.023,-1.943,-1.573,0,0,0,0,137.534,143.352,331.5,144,0.801,-0.397,0.044,-0.024,75,381,117,2.5,0,35.793,145.161,-2.497,-0.131,0,0,0,0,2218

Main.js:462 355.368,349.614,219,219,-0.764,-0.554,-0.039,-0.031,86,0,0,1,0,0,0,0,140.897,383,-2.5,0,324.63,323.45,-1.943,-1.573,0,0,0,0,138.337,142.954,333,144,0.803,-0.399,0.045,-0.023,74,383.5,117,2.5,0,33.297,145.031,-2.497,-0.131,0,0,0,0,2235

Main.js:462 354.606,349.058,219,219,-0.762,-0.557,-0.039,-0.031,85,0,0,1,0,0,0,0,138.397,383,-2.5,0,322.687,321.877,-1.943,-1.573,0,0,0,0,139.142,142.554,334.5,144,0.806,-0.399,0.045,-0.022,73,386,117,2.5,0,30.8,144.9,-2.497,-0.131,0,0,0,0,2253

Main.js:462 353.845,348.499,219,219,-0.761,-0.559,-0.039,-0.031,84,0,0,1,0,0,0,0,135.897,383,-2.5,0,320.744,320.303,-1.943,-1.573,0,0,0,0,139.951,142.156,336,144,0.809,-0.398,0.046,-0.02,72,388.5,117,2.5,0,28.304,144.769,-2.497,-0.131,0,0,0,0,2269

Main.js:462 353.085,347.938,219,219,-0.76,-0.561,-0.039,-0.031,83,0,0,1,0,0,0,0,133.397,383,-2.5,0,318.801,318.73,-1.943,-1.573,0,0,0,0,140.763,141.759,337.5,144,0.812,-0.397,0.046,-0.019,71,391,117,2.5,0,25.807,144.638,-2.497,-0.131,0,0,0,0,2286

Main.js:462 352.326,347.376,219,219,-0.759,-0.563,-0.039,-0.031,82,0,0,1,0,0,0,0,130.897,383,-2.5,0,316.859,317.157,-1.943,-1.573,0,0,0,0,141.579,141.365,339,144,0.816,-0.394,0.047,-0.018,70,393.5,117,2.5,0,23.31,144.507,-2.497,-0.131,0,0,0,0,2302

Main.js:462 351.568,346.811,219,219,-0.758,-0.564,-0.039,-0.031,81,0,0,1,0,1,0,0,128.397,383,-2.5,0,314.916,315.583,-1.943,-1.573,0,0,0,0,142.399,140.975,340.5,144,0.82,-0.39,0.047,-0.017,69,396,117,2.5,0,20.814,144.376,-2.497,-0.131,0,0,0,0,2319

Main.js:462 350.811,346.245,219,219,-0.757,-0.566,-0.039,-0.031,80,0,0,1,0,1,0,0,125.897,383,-2.5,0,312.973,314.01,-1.943,-1.573,0,0,0,0,143.223,140.59,342,144,0.824,-0.385,0.048,-0.015,68,398.5,117,2.5,0,18.317,144.246,-2.497,-0.131,0,0,0,0,2336

Main.js:462 350.055,345.678,219,219,-0.756,-0.568,-0.039,-0.031,79,0,0,1,0,1,0,0,123.397,383,-2.5,0,311.03,312.437,-1.943,-1.573,0,0,0,0,144.052,140.211,343.5,144,0.828,-0.379,0.048,-0.014,67,401,117,2.5,0,15.821,144.115,-2.497,-0.131,0,0,0,0,2353

Main.js:462 349.3,345.109,219,219,-0.755,-0.569,-0.039,-0.031,78,0,0,1,0,1,0,0,120.897,383,-2.5,0,309.087,310.864,-1.943,-1.573,0,0,0,0,144.885,139.838,345,144,0.833,-0.373,0.048,-0.013,66,403.5,117,2.5,0,13.324,143.984,-2.497,-0.131,0,0,0,0,2369

Main.js:462 348.546,344.538,219,219,-0.754,-0.571,-0.039,-0.031,77,0,0,1,0,1,0,0,118.397,383,-2.5,0,307.144,309.29,-1.943,-1.573,0,0,0,0,145.722,139.473,346.5,144,0.837,-0.365,0.049,-0.012,65,406,117,2.5,0,10.828,143.853,-2.497,-0.131,0,0,0,0,2386

Main.js:462 347.793,343.966,219,219,-0.753,-0.572,-0.039,-0.031,76,0,0,1,0,1,0,0,115.897,383,-2.5,0,305.201,307.717,-1.943,-1.573,0,0,0,0,146.564,139.116,348,144,0.842,-0.357,0.049,-0.01,64,408.5,117,2.5,0,8.331,143.722,-2.497,-0.131,0,0,0,0,2403

Main.js:462 347.04,343.393,219,219,-0.753,-0.573,-0.039,-0.031,75,0,0,1,0,0,0,0,113.397,383,-2.5,0,303.259,306.144,-1.943,-1.573,0,0,0,0,147.411,138.768,349.5,144,0.847,-0.348,0.049,-0.009,63,411,117,2.5,0,5.834,143.591,-2.497,-0.131,0,0,0,0,2419

Main.js:462 346.288,342.819,219,219,-0.752,-0.574,-0.039,-0.031,74,0,0,1,0,0,0,0,110.897,383,-2.5,0,301.316,304.57,-1.943,-1.573,0,0,0,0,148.262,138.43,351,144,0.851,-0.338,0.049,-0.008,62,413.5,117,2.5,0,3.338,143.461,-2.497,-0.131,0,0,0,0,2435

Main.js:462 345.537,342.243,219,219,-0.751,-0.576,-0.039,-0.031,73,0,0,1,0,0,0,0,108.397,383,-2.5,0,299.373,302.997,-1.943,-1.573,0,0,0,0,149.118,138.103,352.5,144,0.856,-0.327,0.05,-0.007,61,416,117,2.5,0,0.841,143.33,-2.497,-0.131,0,0,0,0,2453

Main.js:462 344.786,341.666,219,219,-0.751,-0.577,-0.039,-0.031,72,0,0,1,0,0,0,0,105.897,383,-2.5,0,299.373,302.997,-1.943,-1.573,0,0,0,0,149.978,137.788,354,144,0.86,-0.316,0.05,-0.005,60,418.5,117,2.5,0,0,0,0,0,0,0,0,0,2474

Main.js:462 344.036,341.089,219,219,-0.75,-0.578,-0.039,-0.031,71,0,0,1,0,0,0,0,103.397,383,-2.5,0,297.43,301.424,-1.943,-1.573,0,0,0,0,150.843,137.484,355.5,144,0.865,-0.304,0.05,-0.004,59,421,117,2.5,0,0,0,0,0,0,0,0,0,2486

Main.js:462 343.287,340.51,219,219,-0.749,-0.579,-0.039,-0.031,70,0,0,1,0,1,0,0,100.897,383,-2.5,0,295.487,299.85,-1.943,-1.573,0,0,0,0,151.711,137.193,357,144,0.869,-0.291,0.05,-0.003,58,423.5,117,2.5,0,0,0,0,0,0,0,0,0,2504

Main.js:462 342.538,339.93,219,219,-0.749,-0.58,-0.039,-0.031,69,0,0,1,0,1,0,0,98.397,383,-2.5,0,293.544,298.277,-1.943,-1.573,0,0,0,0,152.584,136.914,357,142.5,0.873,-0.279,0.05,-0.003,57,426,117,2.5,0,0,0,0,0,0,0,0,0,2519

Main.js:462 341.79,339.349,219,219,-0.748,-0.581,-0.039,-0.031,68,0,0,1,0,1,0,0,95.897,383,-2.5,0,291.601,296.704,-1.943,-1.573,0,0,0,0,153.461,136.647,357,141,0.877,-0.267,0.05,-0.003,56,428.5,117,2.5,0,0,0,0,0,0,0,0,0,2536

Main.js:462 341.042,338.768,219,219,-0.748,-0.581,-0.039,-0.031,67,0,0,1,0,1,0,0,93.397,383,-2.5,0,289.658,295.131,-1.943,-1.573,0,0,0,0,154.341,136.39,357,139.5,0.88,-0.256,0.05,-0.003,55,431,117,2.5,0,0,0,0,0,0,0,0,0,2552

Main.js:462 340.295,338.186,219,219,-0.747,-0.582,-0.039,-0.031,66,0,0,1,0,1,0,0,90.897,383,-2.5,0,287.716,293.557,-1.943,-1.573,0,0,0,0,155.224,136.144,357,138,0.884,-0.246,0.05,-0.003,54,433.5,117,2.5,0,0,0,0,0,0,0,0,0,2569

Main.js:462 339.548,337.603,219,219,-0.747,-0.583,-0.039,-0.031,65,0,0,1,0,1,0,0,88.397,383,-2.5,0,285.773,291.984,-1.943,-1.573,0,0,0,0,156.111,135.908,357,136.5,0.887,-0.236,0.05,-0.003,53,436,117,2.5,0,0,0,0,0,0,0,0,0,2586

Main.js:462 338.801,337.019,219,219,-0.746,-0.584,-0.039,-0.031,64,0,0,1,0,0,0,0,85.897,383,-2.5,0,283.83,290.411,-1.943,-1.573,0,0,0,0,157.001,135.681,357,135,0.89,-0.227,0.05,-0.003,52,438.5,117,2.5,0,0,0,0,0,0,0,0,0,2603

Main.js:462 338.055,336.434,219,219,-0.746,-0.585,-0.039,-0.031,63,0,0,1,0,0,0,0,83.397,383,-2.5,0,281.887,288.837,-1.943,-1.573,0,0,0,0,157.894,135.463,357,133.5,0.893,-0.218,0.05,-0.003,51,441,117,2.5,0,0,0,0,0,0,0,0,0,2619

Main.js:462 337.31,335.849,219,219,-0.746,-0.585,-0.039,-0.031,62,0,0,1,0,0,0,0,80.897,383,-2.5,0,279.944,287.264,-1.943,-1.573,0,0,0,0,158.79,135.253,357,132,0.896,-0.21,0.05,-0.003,50,443.5,117,2.5,0,0,0,0,0,0,0,0,0,2635

Main.js:462 336.564,335.263,219,219,-0.745,-0.586,-0.039,-0.031,61,0,0,1,0,0,0,0,78.397,383,-2.5,0,278.001,285.691,-1.943,-1.573,0,0,0,0,159.688,135.051,357,130.5,0.898,-0.202,0.05,-0.003,49,446,117,2.5,0,0,0,0,0,0,0,0,0,2653

Main.js:462 335.819,334.677,219,219,-0.745,-0.586,-0.039,-0.031,60,0,0,1,0,0,0,0,75.897,383,-2.5,0,276.058,284.117,-1.943,-1.573,0,0,0,0,160.589,134.857,357,129,0.901,-0.194,0.05,-0.003,48,448.5,117,2.5,0,0,0,0,0,0,0,0,0,2669

Main.js:462 335.075,334.09,219,219,-0.745,-0.587,-0.039,-0.031,59,0,0,1,0,0,0,0,73.397,383,-2.5,0,274.116,282.544,-1.943,-1.573,0,0,0,0,161.492,134.67,357,127.5,0.903,-0.187,0.05,-0.003,47,451,117,2.5,0,0,0,0,0,0,0,0,0,2687

Main.js:462 334.331,333.502,219,219,-0.744,-0.588,-0.039,-0.031,58,0,0,1,0,0,0,0,70.897,383,-2.5,0,272.173,280.971,-1.943,-1.573,0,0,0,0,162.398,134.49,357,126,0.906,-0.18,0.05,-0.003,46,453.5,117,2.5,0,0,0,0,0,0,0,0,0,2703

Main.js:462 333.586,332.915,217.5,217.5,-0.745,-0.587,-0.04,-0.03,57,1,0,1,0,0,0,0,68.397,383,-2.5,0,270.23,279.398,-1.943,-1.573,0,0,0,0,163.305,134.317,357,124.5,0.908,-0.174,0.05,-0.003,45,456,117,2.5,0,0,0,0,0,0,0,0,0,2720

Main.js:462 332.84,332.329,216,216,-0.746,-0.586,-0.04,-0.029,56,1,0,1,0,0,0,0,65.897,383,-2.5,0,268.287,277.824,-1.943,-1.573,0,0,0,0,164.215,134.149,357,123,0.91,-0.167,0.05,-0.003,44,458.5,117,2.5,0,0,0,0,0,0,0,0,0,2736

Main.js:462 332.092,331.746,214.5,214.5,-0.748,-0.583,-0.041,-0.028,55,1,0,1,0,0,0,0,63.397,383,-2.5,0,266.344,276.251,-1.943,-1.573,0,0,0,0,165.127,133.988,357,121.5,0.912,-0.161,0.05,-0.003,43,461,117,2.5,0,0,0,0,0,0,0,0,0,2752

Main.js:462 331.342,331.166,213,213,-0.75,-0.58,-0.042,-0.027,54,1,0,1,0,0,0,0,60.897,383,-2.5,0,264.401,274.678,-1.943,-1.573,0,0,0,0,166.04,133.832,357,120,0.914,-0.156,0.05,-0.003,42,463.5,117,2.5,0,0,0,0,0,0,0,0,0,2768

Main.js:462 330.589,330.59,211.5,211.5,-0.753,-0.576,-0.043,-0.026,53,1,0,1,0,0,0,0,58.397,383,-2.5,0,262.458,273.104,-1.943,-1.573,0,0,0,0,166.955,133.682,357,118.5,0.915,-0.151,0.05,-0.003,41,466,117,2.5,0,0,0,0,0,0,0,0,0,2785

Main.js:462 329.832,330.02,210,210,-0.757,-0.571,-0.043,-0.025,52,1,0,1,0,0,0,0,55.897,383,-2.5,0,260.516,271.531,-1.943,-1.573,0,0,0,0,167.872,133.536,357,117,0.917,-0.146,0.05,-0.003,40,468.5,117,2.5,0,0,0,0,0,0,0,0,0,2803

Main.js:462 329.071,329.455,208.5,208.5,-0.761,-0.565,-0.044,-0.024,51,1,0,1,0,0,0,0,53.397,383,-2.5,0,258.573,269.958,-1.943,-1.573,0,0,0,0,168.791,133.395,357,115.5,0.919,-0.141,0.05,-0.003,39,471,117,2.5,0,0,0,0,0,0,0,0,0,2819

Main.js:462 328.306,328.897,207,207,-0.765,-0.558,-0.045,-0.023,50,1,0,1,0,0,0,0,50.897,383,-2.5,0,256.63,268.384,-1.943,-1.573,0,0,0,0,169.711,133.259,357,114,0.92,-0.136,0.05,-0.003,38,473.5,117,2.5,0,0,0,0,0,0,0,0,0,2836

Main.js:462 327.537,328.346,205.5,205.5,-0.77,-0.551,-0.045,-0.022,49,1,0,1,0,0,0,0,48.397,383,-2.5,0,254.687,266.811,-1.943,-1.573,0,0,0,0,170.632,133.127,357,112.5,0.921,-0.132,0.05,-0.003,37,476,117,2.5,0,0,0,0,0,0,0,0,0,2853

Main.js:462 326.762,327.803,204,204,-0.774,-0.543,-0.046,-0.02,48,1,0,1,0,0,0,0,45.897,383,-2.5,0,252.744,265.238,-1.943,-1.573,0,0,0,0,171.555,133,357,111,0.923,-0.128,0.05,-0.003,36,478.5,117,2.5,0,0,0,0,0,0,0,0,0,2870

Main.js:462 325.983,327.27,202.5,202.5,-0.78,-0.534,-0.046,-0.019,47,1,0,1,0,0,0,0,43.397,383,-2.5,0,250.801,263.665,-1.943,-1.573,0,0,0,0,172.479,132.876,357,109.5,0.924,-0.124,0.05,-0.003,35,481,117,2.5,0,0,0,0,0,0,0,0,0,2887

Main.js:462 325.198,326.746,201,201,-0.785,-0.524,-0.047,-0.018,46,1,0,1,0,0,0,0,40.897,383,-2.5,0,248.858,262.091,-1.943,-1.573,0,0,0,0,173.405,132.756,357,108,0.925,-0.12,0.05,-0.003,34,483.5,117,2.5,0,0,0,0,0,0,0,0,0,2904

Main.js:462 324.408,326.231,201,201,-0.79,-0.515,-0.047,-0.018,45,0,0,1,0,0,0,0,38.397,383,-2.5,0,246.915,260.518,-1.943,-1.573,0,0,0,0,174.331,132.639,357,106.5,0.927,-0.117,0.05,-0.003,33,486,117,2.5,0,0,0,0,0,0,0,0,0,2919

Main.js:462 323.613,325.725,201,201,-0.795,-0.506,-0.047,-0.018,44,0,0,1,0,0,0,0,35.897,383,-2.5,0,244.973,258.945,-1.943,-1.573,0,0,0,0,175.259,132.526,357,105,0.928,-0.113,0.05,-0.003,32,488.5,117,2.5,0,0,0,0,0,0,0,0,0,2936

Main.js:462 322.813,325.227,201,201,-0.8,-0.498,-0.047,-0.018,43,0,0,1,0,0,0,0,33.397,383,-2.5,0,243.03,257.371,-1.943,-1.573,0,0,0,0,176.188,132.416,357,103.5,0.929,-0.11,0.05,-0.003,31,491,117,2.5,0,0,0,0,0,0,0,0,0,2953

Main.js:462 322.009,324.737,201,201,-0.804,-0.49,-0.047,-0.018,42,0,0,1,0,0,0,0,30.897,383,-2.5,0,241.087,255.798,-1.943,-1.573,0,0,0,0,177.117,132.309,357,102,0.93,-0.107,0.05,-0.003,30,493.5,117,2.5,0,0,0,0,0,0,0,0,0,2973

Main.js:462 321.201,324.255,201,201,-0.808,-0.482,-0.047,-0.018,41,0,0,1,0,0,0,0,28.397,383,-2.5,0,239.144,254.225,-1.943,-1.573,0,0,0,0,178.048,132.204,357,100.5,0.931,-0.104,0.05,-0.003,29,496,117,2.5,0,0,0,0,0,0,0,0,0,2986

Main.js:462 320.389,323.78,201,201,-0.812,-0.475,-0.047,-0.018,40,0,0,1,0,0,0,0,25.897,383,-2.5,0,237.201,252.651,-1.943,-1.573,0,0,0,0,178.979,132.103,357,99,0.932,-0.101,0.05,-0.003,28,498.5,117,2.5,0,0,0,0,0,0,0,0,0,3004

Main.js:462 319.574,323.311,201,201,-0.816,-0.469,-0.047,-0.018,39,0,0,1,0,0,0,0,25.897,383,-2.5,0,235.258,251.078,-1.943,-1.573,0,0,0,0,179.912,132.003,355.5,96,0.932,-0.1,0.05,-0.004,27,0,0,0,0,0,0,0,0,0,0,0,0,3018

Main.js:462 318.754,322.849,201,201,-0.819,-0.462,-0.047,-0.018,38,0,0,1,0,0,0,0,23.397,383,-2.5,0,233.315,249.505,-1.943,-1.573,0,0,0,0,180.845,131.903,354,93,0.933,-0.1,0.05,-0.005,26,0,0,0,0,0,0,0,0,0,0,0,0,3036

Main.js:462 317.932,322.393,201,201,-0.823,-0.456,-0.047,-0.018,37,0,0,1,0,0,0,0,20.897,383,-2.5,0,231.373,247.932,-1.943,-1.573,0,0,0,0,181.778,131.801,352.5,90,0.933,-0.101,0.05,-0.007,25,0,0,0,0,0,0,0,0,0,0,0,0,3053

Main.js:462 317.106,321.943,201,201,-0.826,-0.45,-0.047,-0.018,36,0,0,1,0,0,0,0,18.397,383,-2.5,0,229.43,246.358,-1.943,-1.573,0,0,0,0,182.712,131.698,351,87,0.934,-0.104,0.049,-0.008,24,0,0,0,0,0,0,0,0,0,0,0,0,3069

Main.js:462 316.277,321.498,201,201,-0.829,-0.445,-0.047,-0.018,35,0,0,1,0,0,0,0,15.897,383,-2.5,0,227.487,244.785,-1.943,-1.573,0,0,0,0,183.645,131.591,349.5,84,0.934,-0.107,0.049,-0.009,23,0,0,0,0,0,0,0,0,0,0,0,0,3086

Main.js:462 315.445,321.058,201,201,-0.832,-0.44,-0.047,-0.018,34,0,0,1,0,0,0,0,13.397,383,-2.5,0,225.544,243.212,-1.943,-1.573,0,0,0,0,184.579,131.479,348,81,0.933,-0.112,0.049,-0.01,22,0,0,0,0,0,0,0,0,0,0,0,0,3102

Main.js:462 314.611,320.622,202.5,202.5,-0.834,-0.436,-0.046,-0.019,33,0,1,1,0,0,0,0,10.897,383,-2.5,0,223.601,241.638,-1.943,-1.573,0,0,0,0,185.512,131.362,346.5,78,0.933,-0.117,0.049,-0.012,21,0,0,0,0,0,0,0,0,0,0,0,0,3120

Main.js:462 313.775,320.189,204,204,-0.836,-0.433,-0.046,-0.02,32,0,1,1,0,0,0,0,8.397,383,-2.5,0,221.658,240.065,-1.943,-1.573,0,0,0,0,186.444,131.238,345,75,0.932,-0.124,0.048,-0.013,20,0,0,0,0,0,0,0,0,0,0,0,0,3136

Main.js:462 312.938,319.757,205.5,205.5,-0.837,-0.432,-0.045,-0.022,31,0,1,1,0,0,0,0,5.897,383,-2.5,0,219.715,238.492,-1.943,-1.573,0,0,0,0,187.375,131.107,343.5,72,0.931,-0.131,0.048,-0.014,19,0,0,0,0,0,0,0,0,0,0,0,0,3154

Main.js:462 312.101,319.325,207,207,-0.837,-0.432,-0.045,-0.023,30,0,1,1,0,0,0,0,3.397,383,-2.5,0,217.772,236.918,-1.943,-1.573,0,0,0,0,188.305,130.968,342,69,0.93,-0.139,0.048,-0.015,18,0,0,0,0,0,0,0,0,0,0,0,0,3169

Main.js:462 311.264,318.892,208.5,208.5,-0.837,-0.433,-0.044,-0.024,29,0,1,1,0,0,0,0,0.897,383,-2.5,0,215.83,235.345,-1.943,-1.573,0,0,0,0,189.233,130.82,340.5,66,0.928,-0.148,0.047,-0.017,17,0,0,0,0,0,0,0,0,0,0,0,0,3185

Main.js:462 310.427,318.457,210,210,-0.837,-0.435,-0.043,-0.025,28,0,1,1,0,0,0,0,215.83,235.345,-1.943,-1.573,0,0,0,0,0,0,0,0,190.159,130.663,339,63,0.926,-0.158,0.047,-0.018,16,0,0,0,0,0,0,0,0,0,0,0,0,3203

Main.js:462 309.592,318.018,211.5,211.5,-0.835,-0.438,-0.043,-0.026,27,0,1,1,0,0,0,0,213.887,233.772,-1.943,-1.573,0,0,0,0,0,0,0,0,191.082,130.495,337.5,60,0.924,-0.168,0.046,-0.019,15,0,0,0,0,0,0,0,0,0,0,0,0,3218

Main.js:462 308.759,317.576,213,213,-0.833,-0.442,-0.042,-0.027,26,0,1,1,0,0,0,0,211.944,232.199,-1.943,-1.573,0,0,0,0,0,0,0,0,192.003,130.316,336,57,0.921,-0.179,0.046,-0.02,14,0,0,0,0,0,0,0,0,0,0,0,0,3237

Main.js:462 307.928,317.129,214.5,214.5,-0.831,-0.447,-0.041,-0.028,25,0,1,1,0,0,0,0,210.001,230.625,-1.943,-1.573,0,0,0,0,0,0,0,0,192.921,130.126,334.5,54,0.918,-0.19,0.045,-0.022,13,0,0,0,0,0,0,0,0,0,0,0,0,3253

Main.js:462 307.1,316.676,216,216,-0.828,-0.453,-0.04,-0.029,24,0,1,1,0,0,0,0,208.058,229.052,-1.943,-1.573,0,0,0,0,0,0,0,0,193.835,129.923,333,51,0.914,-0.202,0.045,-0.023,12,0,0,0,0,0,0,0,0,0,0,0,0,3285

Main.js:462 306.276,316.218,217.5,217.5,-0.824,-0.459,-0.04,-0.03,23,0,1,1,0,0,0,0,206.115,227.479,-1.943,-1.573,0,0,0,0,0,0,0,0,194.745,129.708,331.5,48,0.91,-0.215,0.044,-0.024,11,0,0,0,0,0,0,0,0,0,0,0,0,3302

Main.js:462 305.457,315.752,219,219,-0.82,-0.466,-0.039,-0.031,22,0,1,1,0,0,0,0,204.172,225.905,-1.943,-1.573,0,0,0,0,0,0,0,0,195.651,129.481,330,45,0.906,-0.228,0.043,-0.025,10,0,0,0,0,0,0,0,0,0,0,0,0,3319

Main.js:462 304.642,315.278,220.5,220.5,-0.815,-0.473,-0.038,-0.032,21,0,1,1,0,0,0,0,202.23,224.332,-1.943,-1.573,0,0,0,0,0,0,0,0,196.552,129.239,328.5,42,0.901,-0.241,0.043,-0.026,9,0,0,0,0,0,0,0,0,0,0,0,0,3336

Main.js:462 303.868,314.829,222,222,-0.774,-0.45,0,0,20,0,1,0,0,0,0,0,200.287,222.759,-1.943,-1.573,0,0,0,0,0,0,0,0,197.447,128.984,327,39,0.896,-0.255,0.042,-0.027,8,0,0,0,0,0,0,0,0,0,0,0,0,3353

Main.js:462 303.133,314.401,223.5,223.5,-0.735,-0.427,0,0,19,0,1,0,0,0,0,0,198.344,221.185,-1.943,-1.573,0,0,0,0,0,0,0,0,198.337,128.715,325.5,36,0.89,-0.269,0.041,-0.028,7,0,0,0,0,0,0,0,0,0,0,0,0,3370

Main.js:462 302.434,313.996,225,225,-0.699,-0.406,0,0,18,0,1,0,0,0,0,0,196.401,219.612,-1.943,-1.573,0,0,0,0,0,0,0,0,199.221,128.431,324,33,0.884,-0.284,0.04,-0.029,6,0,0,0,0,0,0,0,0,0,0,0,0,3387

Main.js:462 301.77,313.61,226.5,226.5,-0.664,-0.386,0,0,17,0,1,0,0,0,0,0,194.458,218.039,-1.943,-1.573,0,0,0,0,0,0,0,0,200.099,128.133,322.5,30,0.877,-0.298,0.04,-0.03,5,0,0,0,0,0,0,0,0,0,0,0,0,3404

Main.js:462 301.14,313.244,228,228,-0.63,-0.366,0,0,16,0,1,0,0,0,0,0,192.515,216.466,-1.943,-1.573,0,0,0,0,0,0,0,0,200.969,127.819,321,27,0.871,-0.313,0.039,-0.031,4,0,0,0,0,0,0,0,0,0,0,0,0,3419

Main.js:462 300.541,312.896,229.5,229.5,-0.599,-0.348,0,0,15,0,1,0,0,0,0,0,190.572,214.892,-1.943,-1.573,0,0,0,0,0,0,0,0,201.833,127.491,319.5,24,0.863,-0.329,0.038,-0.032,3,0,0,0,0,0,0,0,0,0,0,0,0,3437

Main.js:462 299.972,312.565,231,231,-0.569,-0.331,0,0,14,0,1,0,0,0,0,0,188.63,213.319,-1.943,-1.573,0,0,0,0,0,0,0,0,202.688,127.147,318,21,0.855,-0.344,0.037,-0.033,2,0,0,0,0,0,0,0,0,0,0,0,0,3452

Main.js:462 299.431,312.251,232.5,232.5,-0.541,-0.314,0,0,13,0,1,0,0,0,0,0,186.687,211.746,-1.943,-1.573,0,0,0,0,0,0,0,0,203.535,126.787,316.5,18,0.847,-0.359,0.036,-0.034,1,0,0,0,0,0,0,0,0,0,0,0,0,3470

Main.js:462 298.918,311.953,234,234,-0.514,-0.298,0,0,12,0,1,0,0,0,0,0,184.744,210.172,-1.943,-1.573,0,0,0,0,0,0,0,0,204.373,126.412,315,15,0.838,-0.375,0.035,-0.035,0,0,0,0,0,0,0,0,0,0,0,0,0,3486

Main.js:462 298.43,311.669,235.5,235.5,-0.488,-0.283,0,0,11,0,1,0,0,0,0,0,182.801,208.599,-1.943,-1.573,0,0,0,0,0,0,0,0,205.202,126.021,313.5,12,0.829,-0.391,0.034,-0.036,99,0,0,0,0,0,0,0,0,0,0,0,0,3501

Main.js:462 297.966,311.4,237,237,-0.463,-0.269,0,0,10,0,1,0,0,0,0,0,180.858,207.026,-1.943,-1.573,0,0,0,0,0,0,0,0,206.021,125.615,312,9,0.819,-0.407,0.033,-0.037,98,227.359,131.298,2.445,0.52,0,0,0,0,0,0,0,0,3519

Main.js:462 297.526,311.144,238.5,238.5,-0.44,-0.256,0,0,9,0,1,0,0,0,0,0,178.915,205.452,-1.943,-1.573,0,0,0,0,0,0,0,0,206.83,125.192,310.5,6,0.809,-0.422,0.032,-0.038,97,229.805,131.818,2.445,0.52,0,0,0,0,0,0,0,0,3536

Main.js:462 297.108,310.901,240,240,-0.418,-0.243,0,0,8,0,1,0,0,1,0,0,176.972,203.879,-1.943,-1.573,0,0,0,0,0,0,0,0,207.629,124.754,309,3,0.799,-0.438,0.031,-0.039,96,232.25,132.338,2.445,0.52,0,0,0,0,0,0,0,0,3553

Main.js:462 296.711,310.67,241.5,241.5,-0.397,-0.231,0,0,7,0,1,0,0,1,0,0,175.029,202.306,-1.943,-1.573,0,0,0,0,0,0,0,0,208.417,124.3,307.5,0,0.788,-0.454,0.03,-0.04,95,234.696,132.857,2.445,0.52,0,0,0,0,0,0,0,0,3569

Main.js:462 296.333,310.451,243,243,-0.377,-0.219,0,0,6,0,1,0,0,1,0,0,173.087,200.733,-1.943,-1.573,0,0,0,0,0,0,0,0,209.193,123.831,306,-3,0.776,-0.47,0.029,-0.04,94,237.141,133.377,2.445,0.52,0,0,0,0,0,0,0,0,3585

Main.js:462 295.974,310.243,244.5,244.5,-0.359,-0.208,0,0,5,0,1,0,0,1,0,0,171.144,199.159,-1.943,-1.573,0,0,0,0,0,0,0,0,209.957,123.345,304.5,-6,0.764,-0.485,0.028,-0.041,93,239.586,133.897,2.445,0.52,0,0,0,0,0,0,0,0,3604

Main.js:462 295.634,310.045,246,246,-0.341,-0.198,0,0,4,0,1,0,0,1,0,0,169.201,197.586,-1.943,-1.573,0,0,0,0,0,0,0,0,210.709,122.845,303,-9,0.752,-0.501,0.027,-0.042,92,242.032,134.417,2.445,0.52,0,0,0,0,0,0,0,0,3619

Main.js:462 295.31,309.857,247.5,247.5,-0.324,-0.188,0,0,3,0,1,0,0,1,0,0,167.258,196.013,-1.943,-1.573,0,0,0,0,0,0,0,0,211.448,122.328,301.5,-12,0.739,-0.516,0.026,-0.043,91,244.477,134.936,2.445,0.52,0,0,0,0,0,0,0,0,3636

Main.js:462 295.003,309.678,249,249,-0.307,-0.179,0,0,2,0,1,0,0,0,0,0,165.315,194.439,-1.943,-1.573,0,0,0,0,0,0,0,0,212.174,121.797,300,-15,0.726,-0.532,0.025,-0.043,90,246.922,135.456,2.445,0.52,0,0,0,0,0,0,0,0,3653

Main.js:462 294.711,309.508,250.5,250.5,-0.292,-0.17,0,0,1,0,1,0,0,0,0,0,163.372,192.866,-1.943,-1.573,0,0,0,0,0,0,0,0,212.886,121.25,298.5,-18,0.712,-0.547,0.024,-0.044,89,249.368,135.976,2.445,0.52,0,0,0,0,0,0,0,0,3668

Main.js:462 294.433,309.347,252,252,-0.277,-0.161,0,0,0,0,1,0,0,0,0,0,161.429,191.293,-1.943,-1.573,0,0,0,0,0,0,0,0,213.585,120.688,297,-21,0.698,-0.562,0.023,-0.045,88,251.813,136.496,2.445,0.52,0,0,0,0,0,0,0,0,3686

Main.js:462 294.169,309.194,253.5,253.5,-0.264,-0.153,0,0,0,0,1,0,0,0,0,0,159.487,189.719,-1.943,-1.573,0,0,0,0,0,0,0,0,214.268,120.111,295.5,-24,0.684,-0.577,0.022,-0.045,87,254.258,137.016,2.445,0.52,0,0,0,0,0,0,0,0,3703

Main.js:462 293.919,309.048,255,255,-0.25,-0.145,0,0,0,0,1,0,0,0,0,0,157.544,188.146,-1.943,-1.573,0,0,0,0,0,0,0,0,214.937,119.52,294,-27,0.669,-0.591,0.02,-0.046,86,256.704,137.535,2.445,0.52,0,0,0,0,0,0,0,0,3719

Main.js:462 293.681,308.91,255,255,-0.238,-0.138,0,0,99,0,0,0,0,1,0,0,155.601,186.573,-1.943,-1.573,0,0,0,0,0,0,0,0,215.591,118.915,292.5,-30,0.654,-0.605,0.019,-0.046,85,259.149,138.055,2.445,0.52,0,0,0,0,0,0,0,0,3736

Main.js:462 293.455,308.779,255,255,-0.226,-0.131,0,0,98,0,0,0,0,1,0,0,153.658,185,-1.943,-1.573,287.837,286.349,-0.647,-2.415,0,0,0,0,216.229,118.295,291,-33,0.638,-0.62,0.018,-0.047,84,261.595,138.575,2.445,0.52,0,0,0,0,0,0,0,0,3754

Main.js:462 293.24,308.654,255,255,-0.215,-0.125,0,0,97,0,0,0,0,1,0,0,151.715,183.426,-1.943,-1.573,287.19,283.934,-0.647,-2.415,0,0,0,0,216.851,117.662,289.5,-36,0.622,-0.633,0.017,-0.047,83,264.04,139.095,2.445,0.52,0,0,0,0,0,0,0,0,3770

Main.js:462 293.036,308.536,255,255,-0.204,-0.119,0,0,96,0,0,0,0,1,0,0,149.772,181.853,-1.943,-1.573,286.543,281.52,-0.647,-2.415,0,0,0,0,217.456,117.015,288,-39,0.606,-0.647,0.015,-0.048,82,266.485,139.614,2.445,0.52,0,0,0,0,0,0,0,0,3786

Main.js:462 292.843,308.423,255,255,-0.194,-0.113,0,0,95,0,0,0,0,1,0,0,147.829,180.28,-1.943,-1.573,285.896,279.105,-0.647,-2.415,0,0,0,0,218.045,116.355,286.5,-42,0.589,-0.66,0.014,-0.048,81,268.931,140.134,2.445,0.52,0,0,0,0,0,0,0,0,3803

Main.js:462 292.659,308.316,255,255,-0.184,-0.107,0,0,94,0,0,0,0,1,0,0,145.886,178.706,-1.943,-1.573,285.249,276.69,-0.647,-2.415,0,0,0,0,218.617,115.682,285,-45,0.572,-0.673,0.013,-0.048,80,271.376,140.654,2.445,0.52,0,0,0,0,0,0,0,0,3820

Main.js:462 292.484,308.215,255,255,-0.175,-0.102,0,0,93,0,0,0,0,0,0,0,143.944,177.133,-1.943,-1.573,284.602,274.275,-0.647,-2.415,0,0,0,0,219.171,114.997,283.5,-48,0.554,-0.685,0.012,-0.049,79,273.821,141.174,2.445,0.52,0,0,0,0,0,0,0,0,3853

Main.js:462 292.317,308.118,255,255,-0.166,-0.097,0,0,92,0,0,0,0,0,0,0,142.001,175.56,-1.943,-1.573,283.954,271.86,-0.647,-2.415,0,0,0,0,219.707,114.299,282,-51,0.536,-0.698,0.01,-0.049,78,276.267,141.694,2.445,0.52,0,0,0,0,0,0,0,0,3868

Main.js:462 292.16,308.026,255,255,-0.158,-0.092,0,0,91,0,0,0,0,0,0,0,140.058,173.986,-1.943,-1.573,283.307,269.446,-0.647,-2.415,0,0,0,0,220.225,113.589,280.5,-54,0.518,-0.709,0.009,-0.049,77,278.712,142.213,2.445,0.52,0,0,0,0,0,0,0,0,3886

Main.js:462 292.01,307.939,255,255,-0.15,-0.087,0,0,90,0,0,0,0,0,0,0,138.115,172.413,-1.943,-1.573,282.66,267.031,-0.647,-2.415,0,0,0,0,220.725,112.869,279,-57,0.5,-0.721,0.008,-0.049,76,281.158,142.733,2.445,0.52,0,0,0,0,0,0,0,0,3903

Main.js:462 291.867,307.856,255,255,-0.142,-0.083,0,0,89,0,0,0,0,0,0,0,136.172,170.84,-1.943,-1.573,282.013,264.616,-0.647,-2.415,0,0,0,0,221.206,112.137,277.5,-60,0.481,-0.732,0.007,-0.05,75,283.603,143.253,2.445,0.52,0,0,0,0,0,0,0,0,3919

Main.js:462 291.732,307.778,255,255,-0.135,-0.079,0,0,88,0,0,0,0,1,0,0,134.229,169.267,-1.943,-1.573,281.366,262.201,-0.647,-2.415,0,0,0,0,221.668,111.394,276,-63,0.462,-0.743,0.005,-0.05,74,286.048,143.773,2.445,0.52,0,0,0,0,0,0,0,0,3935

Main.js:462 291.591,307.657,255,255,-0.141,-0.121,-0.013,-0.048,87,0,0,1,0,1,0,0,132.286,167.693,-1.943,-1.573,280.719,259.786,-0.647,-2.415,0,0,0,0,222.11,110.641,274.5,-66,0.442,-0.753,0.004,-0.05,73,288.494,144.292,2.445,0.52,0,0,0,0,0,0,0,0,3954

Main.js:462 291.445,307.497,255,255,-0.146,-0.16,-0.013,-0.048,86,0,0,1,0,1,0,0,130.344,166.12,-1.943,-1.573,280.072,257.371,-0.647,-2.415,0,0,0,0,222.533,109.879,273,-69,0.423,-0.763,0.003,-0.05,72,290.939,144.812,2.445,0.52,0,0,0,0,0,0,0,0,3970

Main.js:462 291.294,307.299,255,255,-0.151,-0.198,-0.013,-0.048,85,0,0,1,0,1,0,0,128.401,164.547,-1.943,-1.573,279.425,254.957,-0.647,-2.415,0,0,0,0,222.936,109.107,271.5,-72,0.403,-0.772,0.001,-0.05,71,293.384,145.332,2.445,0.52,0,0,0,0,0,0,0,0,3986

Main.js:462 291.138,307.064,255,255,-0.156,-0.234,-0.013,-0.048,84,0,0,1,0,1,0,0,126.458,162.973,-1.943,-1.573,278.778,252.542,-0.647,-2.415,0,0,0,0,223.318,108.326,270,-75,0.383,-0.781,0,-0.05,70,295.83,145.852,2.445,0.52,0,0,0,0,0,0,0,0,4004

Main.js:462 290.978,306.796,255,255,-0.16,-0.268,-0.013,-0.048,83,0,0,1,0,0,0,0,124.515,161.4,-1.943,-1.573,278.131,250.127,-0.647,-2.415,0,0,0,0,223.683,107.536,271.5,-75,0.365,-0.789,0.001,-0.05,69,298.275,146.372,2.445,0.52,0,0,0,0,0,0,0,0,4020

Main.js:462 290.813,306.495,255,255,-0.165,-0.301,-0.013,-0.048,82,0,0,1,0,0,0,0,122.572,159.827,-1.943,-1.573,277.484,247.712,-0.647,-2.415,0,0,0,0,224.032,106.739,273,-75,0.349,-0.797,0.003,-0.05,68,300.72,146.891,2.445,0.52,0,0,0,0,0,0,0,0,4037

Main.js:462 290.644,306.163,255,255,-0.169,-0.332,-0.013,-0.048,81,0,0,1,0,0,0,0,120.629,158.253,-1.943,-1.573,276.837,245.297,-0.647,-2.415,0,0,0,0,224.368,105.934,274.5,-75,0.335,-0.805,0.004,-0.05,67,303.166,147.411,2.445,0.52,0,0,0,0,0,0,0,0,4053

Main.js:462 290.472,305.802,255,255,-0.173,-0.361,-0.013,-0.048,80,0,0,1,0,0,0,0,118.686,156.68,-1.943,-1.573,276.19,242.883,-0.647,-2.415,0,0,0,0,224.691,105.122,276,-75,0.324,-0.812,0.005,-0.05,66,305.611,147.931,2.445,0.52,0,0,0,0,0,0,0,0,4070

Main.js:462 290.296,305.413,255,255,-0.176,-0.389,-0.013,-0.048,79,0,0,1,0,0,0,0,116.744,155.107,-1.943,-1.573,275.543,240.468,-0.647,-2.415,0,0,0,0,225.005,104.304,277.5,-75,0.314,-0.818,0.007,-0.05,65,308.057,148.451,2.445,0.52,0,0,0,0,0,0,0,0,4086

Main.js:462 290.115,304.998,253.5,253.5,-0.181,-0.415,-0.014,-0.048,78,1,0,1,0,0,0,0,114.801,153.533,-1.943,-1.573,274.896,238.053,-0.647,-2.415,0,0,0,0,225.31,103.48,279,-75,0.305,-0.824,0.008,-0.049,64,310.502,148.97,2.445,0.52,0,0,0,0,0,0,0,0,4103

Main.js:462 289.928,304.559,252,252,-0.187,-0.439,-0.015,-0.048,77,1,0,1,0,0,0,0,112.858,151.96,-1.943,-1.573,274.249,235.638,-0.647,-2.415,0,0,0,0,225.609,102.65,280.5,-75,0.299,-0.83,0.009,-0.049,63,312.947,149.49,2.445,0.52,0,0,0,0,0,0,0,0,4119

Main.js:462 289.735,304.097,250.5,250.5,-0.193,-0.462,-0.017,-0.047,76,1,0,1,0,0,0,0,110.915,150.387,-1.943,-1.573,273.602,233.223,-0.647,-2.415,0,0,0,0,225.903,101.815,282,-75,0.294,-0.835,0.01,-0.049,62,315.393,150.01,2.445,0.52,0,0,0,0,0,0,0,0,4166

Main.js:462 289.535,303.613,249,249,-0.2,-0.483,-0.018,-0.047,75,1,0,1,0,0,0,0,108.972,148.814,-1.943,-1.573,272.955,230.808,-0.647,-2.415,0,0,0,0,226.193,100.976,283.5,-75,0.29,-0.839,0.012,-0.049,61,317.838,150.53,2.445,0.52,0,0,0,0,0,0,0,0,4185

Main.js:462 289.326,303.11,247.5,247.5,-0.209,-0.503,-0.019,-0.046,74,1,0,1,0,0,0,0,107.029,147.24,-1.943,-1.573,272.308,228.394,-0.647,-2.415,0,0,0,0,226.481,100.133,285,-75,0.288,-0.843,0.013,-0.048,60,320.283,151.05,2.445,0.52,0,0,0,0,0,0,0,0,4203

Main.js:462 289.109,302.589,246,246,-0.217,-0.521,-0.02,-0.046,73,1,0,1,0,0,0,0,105.086,145.667,-1.943,-1.573,271.661,225.979,-0.647,-2.415,0,0,0,0,226.768,99.287,286.5,-75,0.287,-0.847,0.014,-0.048,59,322.729,151.569,2.445,0.52,0,0,0,0,0,0,0,0,4219

Main.js:462 288.882,302.051,244.5,244.5,-0.227,-0.538,-0.022,-0.045,72,1,0,1,0,0,0,0,103.143,144.094,-1.943,-1.573,271.014,223.564,-0.647,-2.415,0,0,0,0,227.055,98.437,288,-75,0.287,-0.849,0.015,-0.048,58,325.174,152.089,2.445,0.52,0,0,0,0,0,0,0,0,4236

Main.js:462 288.645,301.497,243,243,-0.237,-0.554,-0.023,-0.045,71,1,0,1,0,0,0,0,101.201,142.52,-1.943,-1.573,270.366,221.149,-0.647,-2.415,0,0,0,0,227.344,97.586,289.5,-75,0.289,-0.852,0.017,-0.047,57,327.62,152.609,2.445,0.52,0,0,0,0,0,0,0,0,4253

Main.js:462 288.396,300.93,241.5,241.5,-0.248,-0.568,-0.024,-0.044,70,1,0,1,0,0,0,0,99.258,140.947,-1.943,-1.573,269.719,218.734,-0.647,-2.415,0,0,0,0,227.635,96.732,291,-75,0.291,-0.853,0.018,-0.047,56,330.065,153.129,2.445,0.52,0,0,0,0,0,0,0,0,4269

Main.js:462 288.137,300.349,240,240,-0.259,-0.58,-0.025,-0.043,69,1,0,1,0,0,0,0,97.315,139.374,-1.943,-1.573,269.072,216.32,-0.647,-2.415,0,0,0,0,227.93,95.877,292.5,-75,0.295,-0.855,0.019,-0.046,55,332.51,153.649,2.445,0.52,0,0,0,0,0,0,0,0,4287

Main.js:462 287.866,299.757,238.5,238.5,-0.271,-0.592,-0.026,-0.043,68,1,0,1,0,0,0,0,95.372,137.8,-1.943,-1.573,268.425,213.905,-0.647,-2.415,0,0,0,0,228.229,95.022,294,-75,0.3,-0.855,0.02,-0.046,54,334.956,154.168,2.445,0.52,0,0,0,0,0,0,0,0,4302

Main.js:462 287.582,299.155,237,237,-0.284,-0.602,-0.027,-0.042,67,1,0,1,0,0,0,0,93.429,136.227,-1.943,-1.573,267.778,211.49,-0.647,-2.415,0,0,0,0,228.534,94.167,295.5,-75,0.305,-0.855,0.022,-0.045,53,337.401,154.688,2.445,0.52,0,0,0,0,0,0,0,0,4319

Main.js:462 287.286,298.544,235.5,235.5,-0.296,-0.611,-0.028,-0.041,66,1,0,1,0,0,0,0,91.486,134.654,-1.943,-1.573,267.131,209.075,-0.647,-2.415,0,0,0,0,228.846,93.312,297,-75,0.311,-0.855,0.023,-0.045,52,339.846,155.208,2.445,0.52,0,0,0,0,0,0,0,0,4335

Main.js:462 286.978,297.924,235.5,235.5,-0.308,-0.62,-0.028,-0.041,65,0,0,1,0,0,0,0,89.543,133.081,-1.943,-1.573,266.484,206.66,-0.647,-2.415,0,0,0,0,229.164,92.458,298.5,-75,0.318,-0.854,0.024,-0.044,51,342.292,155.728,2.445,0.52,0,0,0,0,0,0,0,0,4353

Main.js:462 286.658,297.296,235.5,235.5,-0.32,-0.628,-0.028,-0.041,64,0,0,1,0,0,0,0,87.601,131.507,-1.943,-1.573,265.837,204.246,-0.647,-2.415,0,0,0,0,229.491,91.605,300,-75,0.326,-0.852,0.025,-0.043,50,344.737,156.247,2.445,0.52,0,0,0,0,0,0,0,0,4369

Main.js:462 286.327,296.661,235.5,235.5,-0.331,-0.636,-0.028,-0.041,63,0,0,1,0,0,0,0,85.658,129.934,-1.943,-1.573,265.19,201.831,-0.647,-2.415,0,0,0,0,229.825,90.755,301.5,-75,0.335,-0.85,0.026,-0.043,49,347.183,156.767,2.445,0.52,0,0,0,0,0,0,0,0,4386

Main.js:462 285.986,296.018,235.5,235.5,-0.341,-0.643,-0.028,-0.041,62,0,0,1,0,0,0,0,83.715,128.361,-1.943,-1.573,264.543,199.416,-0.647,-2.415,0,0,0,0,230.169,89.908,303,-75,0.344,-0.848,0.027,-0.042,48,349.628,157.287,2.445,0.52,0,0,0,0,0,0,0,0,4402

Main.js:462 285.635,295.368,235.5,235.5,-0.351,-0.65,-0.028,-0.041,61,0,0,1,0,0,0,0,81.772,126.787,-1.943,-1.573,263.896,197.001,-0.647,-2.415,0,0,0,0,230.523,89.063,304.5,-75,0.354,-0.844,0.028,-0.041,47,352.073,157.807,2.445,0.52,0,0,0,0,0,0,0,0,4419

Main.js:462 285.274,294.711,235.5,235.5,-0.36,-0.657,-0.028,-0.041,60,0,0,1,0,0,0,0,79.829,125.214,-1.943,-1.573,263.249,194.586,-0.647,-2.415,0,0,0,0,230.887,88.223,306,-75,0.364,-0.841,0.029,-0.04,46,354.519,158.327,2.445,0.52,0,0,0,0,0,0,0,0,4436

Main.js:462 284.905,294.048,235.5,235.5,-0.369,-0.663,-0.028,-0.041,59,0,0,1,0,0,0,0,77.886,123.641,-1.943,-1.573,262.602,192.171,-0.647,-2.415,0,0,0,0,231.261,87.386,307.5,-75,0.375,-0.836,0.03,-0.04,45,356.964,158.846,2.445,0.52,0,0,0,0,0,0,0,0,4453

Main.js:462 284.528,293.379,235.5,235.5,-0.378,-0.669,-0.028,-0.041,58,0,0,1,0,0,0,0,75.943,122.067,-1.943,-1.573,261.955,189.757,-0.647,-2.415,0,0,0,0,231.647,86.555,309,-75,0.386,-0.831,0.031,-0.039,44,359.409,159.366,2.445,0.52,0,0,0,0,0,0,0,0,4469

Main.js:462 284.142,292.704,235.5,235.5,-0.386,-0.675,-0.028,-0.041,57,0,0,1,0,0,0,0,74,120.494,-1.943,-1.573,261.308,187.342,-0.647,-2.415,0,0,0,0,232.044,85.729,310.5,-75,0.397,-0.826,0.032,-0.038,43,361.855,159.886,2.445,0.52,0,0,0,0,0,0,0,0,4488

Main.js:462 283.749,292.024,235.5,235.5,-0.393,-0.68,-0.028,-0.041,56,0,0,1,0,0,0,0,72.058,118.921,-1.943,-1.573,260.661,184.927,-0.647,-2.415,0,0,0,0,232.453,84.909,312,-75,0.409,-0.82,0.033,-0.037,42,364.3,160.406,2.445,0.52,0,0,0,0,0,0,0,0,4501

Main.js:462 283.348,291.339,235.5,235.5,-0.401,-0.685,-0.028,-0.041,55,0,0,1,0,0,0,0,70.115,117.348,-1.943,-1.573,260.014,182.512,-0.647,-2.415,0,0,0,0,232.874,84.095,312,-76.5,0.421,-0.814,0.033,-0.037,41,366.745,160.925,2.445,0.52,0,0,0,0,0,0,0,0,4520

Main.js:462 282.941,290.649,235.5,235.5,-0.407,-0.69,-0.028,-0.041,54,0,0,1,0,0,0,0,68.172,115.774,-1.943,-1.573,259.367,180.097,-0.647,-2.415,0,0,0,0,233.305,83.286,312,-78,0.431,-0.809,0.033,-0.037,40,369.191,161.445,2.445,0.52,0,0,0,0,0,0,0,0,4537

Main.js:462 282.528,289.953,237,237,-0.413,-0.695,-0.027,-0.042,53,0,1,1,0,0,0,0,66.229,114.201,-1.943,-1.573,258.72,177.683,-0.647,-2.415,0,0,0,0,233.747,82.483,312,-79.5,0.442,-0.804,0.033,-0.037,39,371.636,161.965,2.445,0.52,0,0,0,0,0,0,0,0,4552

Main.js:462 282.111,289.252,238.5,238.5,-0.417,-0.701,-0.026,-0.043,52,0,1,1,0,0,0,0,64.286,112.628,-1.943,-1.573,258.073,175.268,-0.647,-2.415,0,0,0,0,234.198,81.684,312,-81,0.451,-0.799,0.033,-0.037,38,374.082,162.485,2.445,0.52,0,0,0,0,0,0,0,0,4569

Main.js:462 281.691,288.545,240,240,-0.42,-0.707,-0.025,-0.043,51,0,1,1,0,0,0,0,62.343,111.054,-1.943,-1.573,257.426,172.853,-0.647,-2.415,0,0,0,0,234.658,80.89,312,-82.5,0.46,-0.794,0.033,-0.037,37,376.527,163.005,2.445,0.52,0,0,0,0,0,0,0,0,4586

Main.js:462 281.269,287.831,241.5,241.5,-0.422,-0.714,-0.024,-0.044,50,0,1,1,0,0,0,0,60.4,109.481,-1.943,-1.573,256.778,170.438,-0.647,-2.415,0,0,0,0,235.128,80.1,312,-84,0.469,-0.79,0.033,-0.037,36,378.972,163.524,2.445,0.52,0,0,0,0,0,0,0,0,4602

Main.js:462 280.847,287.111,243,243,-0.422,-0.72,-0.023,-0.045,49,0,1,1,0,0,0,0,58.458,107.908,-1.943,-1.573,256.131,168.023,-0.647,-2.415,0,0,0,0,235.605,79.315,312,-85.5,0.478,-0.786,0.033,-0.037,35,381.418,164.044,2.445,0.52,0,0,0,0,0,0,0,0,4621

Main.js:462 280.425,286.384,244.5,244.5,-0.421,-0.727,-0.022,-0.045,48,0,1,1,0,0,0,0,56.515,106.334,-1.943,-1.573,255.484,165.608,-0.647,-2.415,0,0,0,0,236.091,78.533,312,-87,0.485,-0.782,0.033,-0.037,34,383.863,164.564,2.445,0.52,0,0,0,0,0,0,0,0,4637

Main.js:462 280.006,285.65,246,246,-0.42,-0.734,-0.02,-0.046,47,0,1,1,0,0,0,0,54.572,104.761,-1.943,-1.573,254.837,163.194,-0.647,-2.415,0,0,0,0,236.584,77.755,312,-88.5,0.493,-0.778,0.033,-0.037,33,386.308,165.084,2.445,0.52,0,0,0,0,0,0,0,0,4652

Main.js:462 279.589,284.908,247.5,247.5,-0.417,-0.741,-0.019,-0.046,46,0,1,1,0,0,0,0,52.629,103.188,-1.943,-1.573,254.19,160.779,-0.647,-2.415,0,0,0,0,237.084,76.981,312,-90,0.5,-0.774,0.033,-0.037,32,388.754,165.603,2.445,0.52,0,0,0,0,0,0,0,0,4668

Main.js:462 279.176,284.16,249,249,-0.413,-0.749,-0.018,-0.047,45,0,1,1,0,0,0,0,50.686,101.615,-1.943,-1.573,253.543,158.364,-0.647,-2.415,0,0,0,0,237.59,76.21,312,-91.5,0.507,-0.771,0.033,-0.037,31,391.199,166.123,2.445,0.52,0,0,0,0,0,0,0,0,4687

Main.js:462 278.767,283.404,250.5,250.5,-0.408,-0.756,-0.017,-0.047,44,0,1,1,0,0,0,0,48.743,100.041,-1.943,-1.573,252.896,155.949,-0.647,-2.415,0,0,0,0,238.104,75.443,312,-93,0.513,-0.768,0.033,-0.037,30,393.645,166.643,2.445,0.52,0,0,0,0,0,0,0,0,4702

Main.js:462 278.365,282.641,252,252,-0.403,-0.763,-0.015,-0.048,43,0,1,1,0,0,0,0,46.8,98.468,-1.943,-1.573,252.249,153.534,-0.647,-2.415,0,0,0,0,238.623,74.678,312,-94.5,0.519,-0.764,0.033,-0.037,29,396.09,167.163,2.445,0.52,0,0,0,0,0,0,0,0,4719

Main.js:462 277.969,281.87,253.5,253.5,-0.396,-0.771,-0.014,-0.048,42,0,1,1,0,0,0,0,44.858,96.895,-1.943,-1.573,251.602,151.12,-0.647,-2.415,0,0,0,0,239.148,73.917,312,-96,0.525,-0.762,0.033,-0.037,28,398.535,167.683,2.445,0.52,0,0,0,0,0,0,0,0,4735

Main.js:462 277.58,281.092,255,255,-0.388,-0.778,-0.013,-0.048,41,0,1,1,0,0,0,0,42.915,95.321,-1.943,-1.573,250.955,148.705,-0.647,-2.415,0,0,0,0,239.679,73.158,312,-97.5,0.531,-0.759,0.033,-0.037,27,400.981,168.202,2.445,0.52,0,0,0,0,0,0,0,0,4751

Main.js:462 277.2,280.306,256.5,256.5,-0.38,-0.785,-0.012,-0.049,40,0,1,1,0,0,0,0,40.972,93.748,-1.943,-1.573,250.308,146.29,-0.647,-2.415,0,0,0,0,240.215,72.402,312,-99,0.536,-0.756,0.033,-0.037,26,403.426,168.722,2.445,0.52,0,0,0,0,0,0,0,0,4769

Main.js:462 276.829,279.514,258,258,-0.371,-0.793,-0.01,-0.049,39,0,1,1,0,0,0,0,39.029,92.175,-1.943,-1.573,249.661,143.875,-0.647,-2.415,0,0,0,0,240.756,71.648,312,-100.5,0.541,-0.754,0.033,-0.037,25,405.871,169.242,2.445,0.52,0,0,0,0,0,0,0,0,4786

Main.js:462 276.468,278.714,259.5,259.5,-0.361,-0.8,-0.009,-0.049,38,0,1,1,0,0,0,0,37.086,90.601,-1.943,-1.573,249.014,141.46,-0.647,-2.415,0,0,0,0,241.302,70.897,312,-102,0.546,-0.751,0.033,-0.037,24,408.317,169.762,2.445,0.52,0,0,0,0,0,0,0,0,4803

Main.js:462 276.118,277.908,261,261,-0.35,-0.807,-0.008,-0.049,37,0,1,1,0,0,0,0,35.143,89.028,-1.943,-1.573,248.367,139.046,-0.647,-2.415,0,0,0,0,241.852,70.148,312,-103.5,0.55,-0.749,0.033,-0.037,23,410.762,170.281,2.445,0.52,0,0,0,0,0,0,0,0,4819

Main.js:462 275.779,277.094,262.5,262.5,-0.339,-0.813,-0.007,-0.05,36,0,1,1,0,0,0,0,33.2,87.455,-1.943,-1.573,247.72,136.631,-0.647,-2.415,0,0,0,0,242.407,69.401,312,-105,0.554,-0.747,0.033,-0.037,22,413.207,170.801,2.445,0.52,0,0,0,0,0,0,0,0,4836

Main.js:462 275.457,276.322,264,264,-0.322,-0.773,0,0,35,0,1,0,0,0,0,0,31.257,85.882,-1.943,-1.573,247.073,134.216,-0.647,-2.415,0,0,0,0,242.965,68.656,312,-106.5,0.559,-0.745,0.033,-0.037,21,415.653,171.321,2.445,0.52,0,0,0,0,0,0,0,0,4853

Main.js:462 275.15,275.588,265.5,265.5,-0.306,-0.734,0,0,34,0,1,0,0,0,0,0,29.315,84.308,-1.943,-1.573,246.426,131.801,-0.647,-2.415,0,0,0,0,243.528,67.914,312,-108,0.562,-0.743,0.033,-0.037,20,418.098,171.841,2.445,0.52,0,0,0,0,0,0,0,0,4869

Main.js:462 274.86,274.89,265.5,265.5,-0.291,-0.697,0,0,33,0,0,0,0,0,0,0,27.372,82.735,-1.943,-1.573,245.779,129.386,-0.647,-2.415,0,0,0,0,244.094,67.173,312,-109.5,0.566,-0.741,0.033,-0.037,19,420.544,172.361,2.445,0.52,0,0,0,0,0,0,0,0,4885

Main.js:462 274.583,274.228,265.5,265.5,-0.276,-0.662,0,0,32,0,0,0,0,0,0,0,25.429,81.162,-1.943,-1.573,245.132,126.971,-0.647,-2.415,0,0,0,0,244.663,66.433,312,-111,0.57,-0.739,0.033,-0.037,18,422.989,172.88,2.445,0.52,0,0,0,0,0,0,0,0,4902

Main.js:462 274.321,273.599,265.5,265.5,-0.262,-0.629,0,0,31,0,0,0,0,0,0,0,23.486,79.588,-1.943,-1.573,244.485,124.557,-0.647,-2.415,0,0,0,0,245.236,65.696,312,-112.5,0.573,-0.738,0.033,-0.037,17,425.434,173.4,2.445,0.52,0,0,0,0,0,0,0,0,4920

Main.js:462 274.072,273.001,265.5,265.5,-0.249,-0.598,0,0,30,0,0,0,0,1,0,0,21.543,78.015,-1.943,-1.573,243.838,122.142,-0.647,-2.415,0,0,0,0,245.812,64.96,312,-114,0.576,-0.736,0.033,-0.037,16,427.88,173.92,2.445,0.52,0,0,0,0,0,0,0,0,4936

Main.js:462 273.835,272.433,265.5,265.5,-0.237,-0.568,0,0,29,0,0,0,0,1,0,0,19.6,76.442,-1.943,-1.573,243.19,119.727,-0.647,-2.415,0,0,0,0,246.391,64.225,312,-115.5,0.579,-0.735,0.033,-0.037,15,430.325,174.44,2.445,0.52,0,0,0,0,0,0,0,0,4952

Main.js:462 273.61,271.893,265.5,265.5,-0.225,-0.54,0,0,28,0,0,0,0,1,0,0,17.657,74.868,-1.943,-1.573,242.543,117.312,-0.647,-2.415,0,0,0,0,246.973,63.492,312,-117,0.582,-0.733,0.033,-0.037,14,432.77,174.959,2.445,0.52,0,0,0,0,0,0,0,0,4969

Main.js:462 273.396,271.381,265.5,265.5,-0.214,-0.513,0,0,27,0,0,0,0,1,0,0,15.715,73.295,-1.943,-1.573,241.896,114.897,-0.647,-2.415,0,0,0,0,247.557,62.76,312,-118.5,0.585,-0.732,0.033,-0.037,13,435.216,175.479,2.445,0.52,0,0,0,0,0,0,0,0,4985

Main.js:462 273.193,270.894,265.5,265.5,-0.203,-0.487,0,0,26,0,0,0,0,1,0,0,13.772,71.722,-1.943,-1.573,241.249,112.483,-0.647,-2.415,0,0,0,0,248.144,62.03,312,-120,0.587,-0.73,0.033,-0.037,12,437.661,175.999,2.445,0.52,0,0,0,0,0,0,0,0,5002

Main.js:462 273,270.431,265.5,265.5,-0.193,-0.463,0,0,25,0,0,0,0,0,0,0,11.829,70.149,-1.943,-1.573,240.602,110.068,-0.647,-2.415,0,0,0,0,248.733,61.3,310.5,-123,0.589,-0.73,0.032,-0.038,11,440.107,176.519,2.445,0.52,0,0,0,0,0,0,0,0,5019

Main.js:462 272.817,269.992,265.5,265.5,-0.183,-0.439,0,0,24,0,0,0,0,0,0,0,9.886,68.575,-1.943,-1.573,239.955,107.653,-0.647,-2.415,0,0,0,0,249.322,60.57,309,-126,0.589,-0.73,0.031,-0.039,10,442.552,177.039,2.445,0.52,0,0,0,0,0,0,0,0,5036

Main.js:462 272.643,269.574,265.5,265.5,-0.174,-0.418,0,0,23,0,0,0,0,0,0,0,7.943,67.002,-1.943,-1.573,239.308,105.238,-0.647,-2.415,0,0,0,0,249.911,59.838,307.5,-129,0.588,-0.732,0.03,-0.04,9,444.997,177.558,2.445,0.52,0,0,0,0,0,0,0,0,5052

Main.js:462 272.478,269.177,265.5,265.5,-0.165,-0.397,0,0,22,0,0,0,0,0,0,0,6,65.429,-1.943,-1.573,238.661,102.823,-0.647,-2.415,0,0,0,0,250.498,59.104,306,-132,0.587,-0.733,0.029,-0.04,8,447.443,178.078,2.445,0.52,0,0,0,0,0,0,0,0,5069

Main.js:462 272.32,268.801,265.5,265.5,-0.157,-0.377,0,0,21,0,0,0,0,1,0,0,4.057,63.855,-1.943,-1.573,238.014,100.408,-0.647,-2.415,0,0,0,0,251.082,58.369,304.5,-135,0.585,-0.736,0.028,-0.041,7,449.888,178.598,2.445,0.52,0,0,0,0,0,0,0,0,5137

Main.js:462 272.171,268.443,265.5,265.5,-0.149,-0.358,0,0,20,0,0,0,0,1,0,0,2.114,62.282,-1.943,-1.573,237.367,97.994,-0.647,-2.415,0,0,0,0,251.663,57.63,303,-138,0.581,-0.739,0.027,-0.042,6,452.333,179.118,2.445,0.52,0,0,0,0,0,0,0,0,5169

Main.js:462 272.029,268.103,265.5,265.5,-0.142,-0.34,0,0,19,0,0,0,0,1,0,0,0.172,60.709,-1.943,-1.573,236.72,95.579,-0.647,-2.415,0,0,0,0,252.24,56.887,301.5,-141,0.577,-0.743,0.026,-0.043,5,454.779,179.637,2.445,0.52,0,0,0,0,0,0,0,0,5186

Main.js:462 271.895,267.779,265.5,265.5,-0.135,-0.323,0,0,18,0,0,0,0,0,0,0,236.073,93.164,-0.647,-2.415,0,0,0,0,0,0,0,0,252.812,56.141,300,-144,0.572,-0.747,0.025,-0.043,4,454.779,179.637,2.445,0.52,0,0,0,0,0,0,0,0,5202

Main.js:462 271.767,267.473,265.5,265.5,-0.128,-0.307,0,0,17,0,0,0,0,0,0,0,235.426,90.749,-0.647,-2.415,0,0,0,0,0,0,0,0,253.378,55.39,298.5,-147,0.566,-0.751,0.024,-0.044,3,457.224,180.157,2.445,0.52,0,0,0,0,0,0,0,0,5218

Main.js:462 271.645,267.181,265.5,265.5,-0.122,-0.292,0,0,16,0,0,0,0,0,0,0,234.779,88.334,-0.647,-2.415,0,0,0,0,0,0,0,0,253.937,54.634,297,-150,0.559,-0.756,0.023,-0.045,2,459.669,180.677,2.445,0.52,0,0,0,0,0,0,0,0,5236

Main.js:462 271.53,266.904,265.5,265.5,-0.115,-0.277,0,0,15,0,0,0,0,0,0,0,234.132,85.92,-0.647,-2.415,0,0,0,0,0,0,0,0,254.489,53.873,295.5,-153,0.552,-0.761,0.022,-0.045,1,462.115,181.197,2.445,0.52,0,0,0,0,0,0,0,0,5252

Main.js:462 271.42,266.641,265.5,265.5,-0.11,-0.263,0,0,14,0,0,0,0,0,0,0,233.485,83.505,-0.647,-2.415,0,0,0,0,0,0,0,0,255.032,53.107,294,-156,0.543,-0.766,0.02,-0.046,0,464.56,181.717,2.445,0.52,0,0,0,0,0,0,0,0,5269

Main.js:462 271.316,266.391,265.5,265.5,-0.104,-0.25,0,0,13,0,0,0,0,0,0,0,232.838,81.09,-0.647,-2.415,0,0,0,0,0,0,0,0,255.567,52.335,292.5,-159,0.534,-0.772,0.019,-0.046,99,467.006,182.236,2.445,0.52,0,0,0,0,0,0,0,0,5286

Main.js:462 271.217,266.153,265.5,265.5,-0.099,-0.237,0,0,12,0,0,0,0,0,0,0,232.191,78.675,-0.647,-2.415,0,0,0,0,0,0,0,0,256.091,51.558,291,-162,0.525,-0.777,0.018,-0.047,98,469.451,182.756,2.445,0.52,233.093,44.685,-2.334,-0.896,0,0,0,0,5303

Main.js:462 271.123,265.928,265.5,265.5,-0.094,-0.226,0,0,11,0,0,0,0,0,0,0,231.544,76.26,-0.647,-2.415,0,0,0,0,0,0,0,0,256.606,50.774,289.5,-165,0.514,-0.783,0.017,-0.047,97,471.896,183.276,2.445,0.52,230.759,43.789,-2.334,-0.896,0,0,0,0,5319

Main.js:462 271.033,265.713,265.5,265.5,-0.089,-0.214,0,0,10,0,0,0,0,1,0,0,230.897,73.846,-0.647,-2.415,0,0,0,0,0,0,0,0,257.109,49.985,288,-168,0.503,-0.789,0.015,-0.048,96,474.342,183.796,2.445,0.52,228.425,42.893,-2.334,-0.896,0,0,0,0,5335

Main.js:462 270.948,265.51,265.5,265.5,-0.085,-0.204,0,0,9,0,0,0,0,1,0,0,230.25,71.431,-0.647,-2.415,0,0,0,0,0,0,0,0,257.601,49.189,286.5,-171,0.492,-0.795,0.014,-0.048,95,476.787,184.315,2.445,0.52,226.091,41.997,-2.334,-0.896,0,0,0,0,5353

Main.js:462 270.868,265.316,265.5,265.5,-0.081,-0.193,0,0,8,0,0,0,0,1,0,0,229.602,69.016,-0.647,-2.415,0,0,0,0,0,0,0,0,258.08,48.388,285,-174,0.479,-0.802,0.013,-0.048,94,479.232,184.835,2.445,0.52,223.757,41.102,-2.334,-0.896,0,0,0,0,5369

Main.js:462 270.791,265.133,265.5,265.5,-0.077,-0.184,0,0,7,0,0,0,0,1,0,0,228.955,66.601,-0.647,-2.415,0,0,0,0,0,0,0,0,258.546,47.58,283.5,-177,0.466,-0.808,0.012,-0.049,93,481.678,185.355,2.445,0.52,221.423,40.206,-2.334,-0.896,0,0,0,0,5386

Main.js:462 270.718,264.958,265.5,265.5,-0.073,-0.175,0,0,6,0,0,0,0,1,0,0,228.308,64.186,-0.647,-2.415,0,0,0,0,0,0,0,0,258.999,46.766,282,-180,0.453,-0.814,0.01,-0.049,92,484.123,185.875,2.445,0.52,219.089,39.31,-2.334,-0.896,0,0,0,0,5403

Main.js:462 270.649,264.792,265.5,265.5,-0.069,-0.166,0,0,5,0,0,0,0,1,0,0,227.661,61.771,-0.647,-2.415,0,0,0,0,0,0,0,0,259.438,45.947,280.5,-183,0.439,-0.82,0.009,-0.049,91,486.569,186.395,2.445,0.52,216.755,38.414,-2.334,-0.896,0,0,0,0,5419

Main.js:462 270.583,264.635,265.5,265.5,-0.066,-0.158,0,0,4,0,0,0,0,0,0,0,227.014,59.357,-0.647,-2.415,0,0,0,0,0,0,0,0,259.863,45.121,279,-186,0.425,-0.826,0.008,-0.049,90,489.014,186.914,2.445,0.52,214.421,37.518,-2.334,-0.896,0,0,0,0,5437

Main.js:462 270.525,264.532,265.5,265.5,-0.059,-0.102,0.004,0.05,3,0,0,0,1,0,0,0,226.367,56.942,-0.647,-2.415,0,0,0,0,0,0,0,0,260.272,44.289,277.5,-189,0.409,-0.832,0.007,-0.05,89,491.459,187.434,2.445,0.52,212.088,36.622,-2.334,-0.896,0,0,0,0,5479

Main.js:462 270.473,264.483,265.5,265.5,-0.052,-0.05,0.004,0.05,2,0,0,0,1,0,0,0,225.72,54.527,-0.647,-2.415,0,0,0,0,0,0,0,0,260.666,43.452,276,-192,0.394,-0.837,0.005,-0.05,88,493.905,187.954,2.445,0.52,209.754,35.726,-2.334,-0.896,0,0,0,0,5482

Main.js:462 270.427,264.483,265.5,265.5,-0.046,0,0.004,0.05,1,0,0,0,1,0,0,0,225.073,52.112,-0.647,-2.415,0,0,0,0,0,0,0,0,261.044,42.609,274.5,-195,0.378,-0.843,0.004,-0.05,87,496.35,188.474,2.445,0.52,207.42,34.83,-2.334,-0.896,0,0,0,0,5502

Main.js:462 270.387,264.53,265.5,265.5,-0.04,0.047,0.004,0.05,0,0,0,0,1,1,0,0,224.426,49.697,-0.647,-2.415,0,0,0,0,0,0,0,0,261.406,41.761,273,-198,0.362,-0.848,0.003,-0.05,86,498.795,188.993,2.445,0.52,205.086,33.934,-2.334,-0.896,0,0,0,0,5519

Main.js:462 270.353,264.622,265.5,265.5,-0.034,0.092,0.004,0.05,99,0,0,0,1,1,0,0,224.426,49.697,-0.647,-2.415,0,0,0,0,0,0,0,0,261.751,40.908,271.5,-201,0.345,-0.853,0.001,-0.05,85,202.752,33.038,-2.334,-0.896,0,0,0,0,0,0,0,0,5537

Main.js:462 270.325,264.757,265.5,265.5,-0.029,0.135,0.004,0.05,98,0,0,0,1,1,0,0,223.779,47.283,-0.647,-2.415,0,0,0,0,0,0,0,0,262.078,40.05,270,-204,0.328,-0.858,0,-0.05,84,200.418,32.142,-2.334,-0.896,0,0,0,0,0,0,0,0,5552

Main.js:462 270.302,264.933,265.5,265.5,-0.023,0.176,0.004,0.05,97,0,0,0,1,1,0,0,223.132,44.868,-0.647,-2.415,0,0,0,0,0,0,0,0,262.388,39.188,268.5,-207,0.31,-0.862,-0.001,-0.05,83,198.084,31.246,-2.334,-0.896,0,0,0,0,0,0,0,0,5569

Main.js:462 270.283,265.147,265.5,265.5,-0.018,0.214,0.004,0.05,96,0,0,0,1,1,0,0,222.485,42.453,-0.647,-2.415,0,0,0,0,0,0,0,0,262.68,38.321,267,-210,0.292,-0.867,-0.003,-0.05,82,195.75,30.351,-2.334,-0.896,0,0,0,0,0,0,0,0,5586

Main.js:462 270.269,265.398,265.5,265.5,-0.014,0.251,0.004,0.05,95,0,0,0,1,1,0,0,221.838,40.038,-0.647,-2.415,0,0,0,0,0,0,0,0,262.954,37.45,265.5,-213,0.274,-0.871,-0.004,-0.05,81,193.416,29.455,-2.334,-0.896,0,0,0,0,0,0,0,0,5603

Main.js:462 270.256,265.636,265.5,265.5,-0.013,0.238,0,0,94,0,0,0,0,0,0,0,221.191,37.623,-0.647,-2.415,0,0,0,0,0,0,0,0,263.209,36.576,264,-216,0.255,-0.875,-0.005,-0.05,80,191.082,28.559,-2.334,-0.896,0,0,0,0,0,0,0,0,5620

Main.js:462 270.244,265.863,265.5,265.5,-0.012,0.226,0,0,93,0,0,0,0,0,0,0,220.544,35.209,-0.647,-2.415,0,0,0,0,0,0,0,0,263.445,35.698,262.5,-219,0.236,-0.878,-0.007,-0.05,79,188.748,27.663,-2.334,-0.896,0,0,0,0,0,0,0,0,5636

Main.js:462 270.232,266.078,265.5,265.5,-0.012,0.215,0,0,92,0,0,0,0,0,0,0,219.897,32.794,-0.647,-2.415,0,0,0,0,0,0,0,0,263.661,34.817,261,-222,0.217,-0.881,-0.008,-0.049,78,186.414,26.767,-2.334,-0.896,0,0,0,0,0,0,0,0,5653

Main.js:462 270.22,266.282,265.5,265.5,-0.011,0.204,0,0,91,0,0,0,0,0,0,0,219.25,30.379,-0.647,-2.415,0,0,0,0,0,0,0,0,263.859,33.933,259.5,-225,0.197,-0.884,-0.009,-0.049,77,184.08,25.871,-2.334,-0.896,0,0,0,0,0,0,0,0,5670

Main.js:462 270.21,266.476,265.5,265.5,-0.011,0.194,0,0,90,0,0,0,0,0,0,0,218.603,27.964,-0.647,-2.415,0,0,0,0,0,0,0,0,264.036,33.048,258,-228,0.178,-0.886,-0.01,-0.049,76,181.746,24.975,-2.334,-0.896,0,0,0,0,0,0,0,0,5685

Main.js:462 270.199,266.661,265.5,265.5,-0.01,0.184,0,0,89,0,0,0,0,0,0,0,217.956,25.549,-0.647,-2.415,0,0,0,0,0,0,0,0,264.194,32.16,256.5,-231,0.158,-0.888,-0.012,-0.049,75,179.412,24.079,-2.334,-0.896,0,0,0,0,0,0,0,0,5703

Main.js:462 270.19,266.836,265.5,265.5,-0.01,0.175,0,0,88,0,0,0,0,0,0,0,217.309,23.134,-0.647,-2.415,0,0,0,0,0,0,0,0,264.331,31.271,255,-234,0.137,-0.889,-0.013,-0.048,74,177.078,23.183,-2.334,-0.896,0,0,0,0,0,0,0,0,5721

Main.js:462 270.181,267.003,265.5,265.5,-0.009,0.166,0,0,87,0,0,0,0,0,0,0,216.662,20.72,-0.647,-2.415,0,0,0,0,0,0,0,0,264.448,30.38,253.5,-237,0.117,-0.89,-0.014,-0.048,73,174.744,22.287,-2.334,-0.896,0,0,0,0,0,0,0,0,5760

Main.js:462 270.172,267.161,265.5,265.5,-0.009,0.158,0,0,86,0,0,0,0,0,0,0,216.014,18.305,-0.647,-2.415,0,0,0,0,0,0,0,0,264.545,29.489,252,-240,0.097,-0.891,-0.015,-0.048,72,172.41,21.391,-2.334,-0.896,0,0,0,0,0,0,0,0,5769

Main.js:462 270.164,267.311,265.5,265.5,-0.008,0.15,0,0,85,0,0,0,0,0,0,0,215.367,15.89,-0.647,-2.415,0,0,0,0,0,0,0,0,264.62,28.598,250.5,-243,0.076,-0.891,-0.017,-0.047,71,170.076,20.495,-2.334,-0.896,0,0,0,0,0,0,0,0,5786

Main.js:462 270.156,267.454,265.5,265.5,-0.008,0.143,0,0,84,0,0,0,0,0,0,0,214.72,13.475,-0.647,-2.415,0,0,0,0,0,0,0,0,264.675,27.707,249,-246,0.055,-0.891,-0.018,-0.047,70,167.742,19.599,-2.334,-0.896,0,0,0,0,0,0,0,0,5802

Main.js:462 270.148,267.589,265.5,265.5,-0.007,0.136,0,0,83,0,0,0,0,0,0,0,214.073,11.06,-0.647,-2.415,0,0,0,0,0,0,0,0,264.71,26.817,247.5,-249,0.034,-0.89,-0.019,-0.046,69,165.409,18.704,-2.334,-0.896,0,0,0,0,0,0,0,0,5819

Main.js:462 270.141,267.718,265.5,265.5,-0.007,0.129,0,0,82,0,0,0,0,0,0,0,213.426,8.646,-0.647,-2.415,0,0,0,0,0,0,0,0,264.723,25.928,246,-252,0.013,-0.889,-0.02,-0.046,68,163.075,17.808,-2.334,-0.896,0,0,0,0,0,0,0,0,5836

Main.js:462 270.134,267.84,265.5,265.5,-0.007,0.122,0,0,81,0,0,0,0,0,0,0,212.779,6.231,-0.647,-2.415,0,0,0,0,0,0,0,0,264.715,25.04,244.5,-255,-0.008,-0.888,-0.022,-0.045,67,160.741,16.912,-2.334,-0.896,0,0,0,0,0,0,0,0,5853

Main.js:462 270.128,267.957,265.5,265.5,-0.006,0.116,0,0,80,0,0,0,0,0,0,0,212.132,3.816,-0.647,-2.415,0,0,0,0,0,0,0,0,264.685,24.154,243,-258,-0.029,-0.886,-0.023,-0.045,66,158.407,16.016,-2.334,-0.896,0,0,0,0,0,0,0,0,5871

Main.js:462 270.122,268.067,265.5,265.5,-0.006,0.11,0,0,79,0,0,0,0,0,0,0,211.485,1.401,-0.647,-2.415,0,0,0,0,0,0,0,0,264.635,23.271,241.5,-261,-0.05,-0.883,-0.024,-0.044,65,156.073,15.12,-2.334,-0.896,0,0,0,0,0,0,0,0,5886

Main.js:462 270.116,268.172,265.5,265.5,-0.006,0.105,0,0,78,0,0,0,0,0,0,0,0,0,0,0,0,0,0,0,0,0,0,0,264.563,22.391,240,-264,-0.072,-0.88,-0.025,-0.043,64,156.073,15.12,-2.334,-0.896,0,0,0,0,0,0,0,0,5903

Main.js:462 270.111,268.271,265.5,265.5,-0.005,0.1,0,0,77,0,0,0,0,0,0,0,0,0,0,0,0,0,0,0,0,0,0,0,264.47,21.515,238.5,-267,-0.093,-0.877,-0.026,-0.043,63,153.739,14.224,-2.334,-0.896,0,0,0,0,0,0,0,0,5919

Main.js:462 270.105,268.366,265.5,265.5,-0.005,0.095,0,0,76,0,0,0,0,0,0,0,0,0,0,0,0,0,0,0,0,0,0,0,264.356,20.642,237,-270,-0.114,-0.873,-0.027,-0.042,62,151.405,13.328,-2.334,-0.896,0,0,0,0,0,0,0,0,5936

Main.js:462 270.1,268.456,265.5,265.5,-0.005,0.09,0,0,75,0,0,0,0,0,0,0,0,0,0,0,0,0,0,0,0,0,0,0,264.221,19.774,235.5,-273,-0.135,-0.868,-0.028,-0.041,61,149.071,12.432,-2.334,-0.896,0,0,0,0,0,0,0,0,5953

Main.js:462 270.096,268.542,265.5,265.5,-0.005,0.085,0,0,74,0,0,0,0,0,0,0,0,0,0,0,0,0,0,0,0,0,0,0,264.065,18.911,234,-276,-0.156,-0.863,-0.029,-0.04,60,146.737,11.536,-2.334,-0.896,0,0,0,0,0,0,0,0,5969

Main.js:462 270.091,268.623,265.5,265.5,-0.004,0.081,0,0,73,0,0,0,0,0,0,0,0,0,0,0,0,0,0,0,0,0,0,0,263.887,18.054,232.5,-279,-0.178,-0.858,-0.03,-0.04,59,144.403,10.64,-2.334,-0.896,0,0,0,0,0,0,0,0,5987

Main.js:462 270.087,268.7,265.5,265.5,-0.004,0.077,0,0,72,0,0,0,0,0,0,0,0,0,0,0,0,0,0,0,0,0,0,0,263.688,17.202,231,-282,-0.199,-0.852,-0.031,-0.039,58,142.069,9.744,-2.334,-0.896,0,0,0,0,0,0,0,0,6003

Main.js:462 270.083,268.773,265.5,265.5,-0.004,0.073,0,0,71,0,0,0,0,0,0,0,0,0,0,0,0,0,0,0,0,0,0,0,263.471,16.355,232.5,-282,-0.218,-0.847,-0.03,-0.04,57,139.735,8.848,-2.334,-0.896,0,0,0,0,0,0,0,0,6019

Main.js:462 270.079,268.843,265.5,265.5,-0.004,0.07,0,0,70,0,0,0,0,0,0,0,0,0,0,0,0,0,0,0,0,0,0,0,263.236,15.512,234,-282,-0.235,-0.843,-0.029,-0.04,56,137.401,7.953,-2.334,-0.896,0,0,0,0,0,0,0,0,6037

Main.js:462 270.075,268.909,265.5,265.5,-0.004,0.066,0,0,69,0,0,0,0,0,0,0,0,0,0,0,0,0,0,0,0,0,0,0,263.236,15.512,235.5,-282,-0.25,-0.84,-0.028,-0.041,55,135.067,7.057,-2.334,-0.896,0,0,0,0,0,0,0,0,6053

Main.js:462 270.072,268.972,265.5,265.5,-0.003,0.063,0,0,68,0,0,0,0,0,0,0,0,0,0,0,0,0,0,0,0,0,0,0,263.236,15.512,237,-282,-0.263,-0.838,-0.027,-0.042,54,132.733,6.161,-2.334,-0.896,0,0,0,0,0,0,0,0,6069

Main.js:462 270.069,269.031,265.5,265.5,-0.003,0.06,0,0,67,0,0,0,0,0,0,0,0,0,0,0,0,0,0,0,0,0,0,0,263.236,15.512,238.5,-282,-0.275,-0.836,-0.026,-0.043,53,130.399,5.265,-2.334,-0.896,0,0,0,0,0,0,0,0,6087

Main.js:462 270.066,269.088,265.5,265.5,-0.003,0.057,0,0,66,0,0,0,0,0,0,0,0,0,0,0,0,0,0,0,0,0,0,0,263.236,15.512,240,-282,-0.285,-0.836,-0.025,-0.043,52,128.065,4.369,-2.334,-0.896,0,0,0,0,0,0,0,0,6102

Main.js:462 270.063,269.142,265.5,265.5,-0.003,0.054,0,0,65,0,0,0,0,0,0,0,0,0,0,0,0,0,0,0,0,0,0,0,263.236,15.512,241.5,-282,-0.293,-0.836,-0.024,-0.044,51,125.731,3.473,-2.334,-0.896,0,0,0,0,0,0,0,0,6120

Main.js:462 270.06,269.193,265.5,265.5,-0.003,0.051,0,0,64,0,0,0,0,0,0,0,0,0,0,0,0,0,0,0,0,0,0,0,263.236,15.512,243,-282,-0.3,-0.836,-0.023,-0.045,50,123.397,2.577,-2.334,-0.896,0,0,0,0,0,0,0,0,6136

Main.js:462 270.057,269.242,265.5,265.5,-0.003,0.049,0,0,63,0,0,0,0,0,0,0,0,0,0,0,0,0,0,0,0,0,0,0,263.236,15.512,244.5,-282,-0.306,-0.837,-0.022,-0.045,49,121.063,1.681,-2.334,-0.896,0,0,0,0,0,0,0,0,6153

Main.js:462 270.055,269.288,265.5,265.5,-0.003,0.046,0,0,62,0,0,0,0,0,0,0,0,0,0,0,0,0,0,0,0,0,0,0,263.236,15.512,246,-282,-0.31,-0.839,-0.02,-0.046,48,118.729,0.785,-2.334,-0.896,0,0,0,0,0,0,0,0,6169

Main.js:462 270.052,269.332,265.5,265.5,-0.002,0.044,0,0,61,0,0,0,0,0,0,0,0,0,0,0,0,0,0,0,0,0,0,0,263.236,15.512,247.5,-282,-0.312,-0.841,-0.019,-0.046,47,0,0,0,0,0,0,0,0,0,0,0,0,6186

Main.js:462 270.05,269.373,265.5,265.5,-0.002,0.042,0,0,60,0,0,0,0,0,0,0,0,0,0,0,0,0,0,0,0,0,0,0,263.236,15.512,249,-282,-0.314,-0.843,-0.018,-0.047,46,0,0,0,0,0,0,0,0,0,0,0,0,6203

Main.js:462 270.048,269.413,265.5,265.5,-0.002,0.04,0,0,59,0,0,0,0,0,0,0,0,0,0,0,0,0,0,0,0,0,0,0,263.236,15.512,250.5,-282,-0.314,-0.846,-0.017,-0.047,45,0,0,0,0,0,0,0,0,0,0,0,0,6220

Main.js:462 270.046,269.45,265.5,265.5,-0.002,0.038,0,0,58,0,0,0,0,0,0,0,0,0,0,0,0,0,0,0,0,0,0,0,263.236,15.512,252,-282,-0.313,-0.849,-0.015,-0.048,44,0,0,0,0,0,0,0,0,0,0,0,0,6236

Main.js:462 270.044,269.486,265.5,265.5,-0.002,0.036,0,0,57,0,0,0,0,0,0,0,0,0,0,0,0,0,0,0,0,0,0,0,263.236,15.512,253.5,-282,-0.311,-0.852,-0.014,-0.048,43,0,0,0,0,0,0,0,0,0,0,0,0,6252

Main.js:462 270.042,269.52,265.5,265.5,-0.002,0.034,0,0,56,0,0,0,0,0,0,0,0,0,0,0,0,0,0,0,0,0,0,0,263.236,15.512,255,-282,-0.307,-0.855,-0.013,-0.048,42,0,0,0,0,0,0,0,0,0,0,0,0,6269

Main.js:462 270.04,269.552,265.5,265.5,-0.002,0.032,0,0,55,0,0,0,0,0,0,0,0,0,0,0,0,0,0,0,0,0,0,0,263.236,15.512,256.5,-282,-0.303,-0.858,-0.012,-0.049,41,0,0,0,0,0,0,0,0,0,0,0,0,6288

Main.js:462 270.038,269.583,265.5,265.5,-0.002,0.031,0,0,54,0,0,0,0,0,0,0,0,0,0,0,0,0,0,0,0,0,0,0,263.236,15.512,258,-282,-0.298,-0.862,-0.01,-0.049,40,0,0,0,0,0,0,0,0,0,0,0,0,6303

Main.js:462 270.037,269.612,265.5,265.5,-0.002,0.029,0,0,53,0,0,0,0,0,0,0,0,0,0,0,0,0,0,0,0,0,0,0,263.236,15.512,259.5,-282,-0.292,-0.866,-0.009,-0.049,39,0,0,0,0,0,0,0,0,0,0,0,0,6320

Main.js:462 270.035,269.64,265.5,265.5,-0.002,0.028,0,0,52,0,0,0,0,0,0,0,0,0,0,0,0,0,0,0,0,0,0,0,263.236,15.512,261,-282,-0.285,-0.869,-0.008,-0.049,38,0,0,0,0,0,0,0,0,0,0,0,0,6336

Main.js:462 270.034,269.666,265.5,265.5,-0.001,0.026,0,0,51,0,0,0,0,0,0,0,0,0,0,0,0,0,0,0,0,0,0,0,263.236,15.512,262.5,-282,-0.276,-0.873,-0.007,-0.05,37,0,0,0,0,0,0,0,0,0,0,0,0,6353

Main.js:462 270.032,269.691,265.5,265.5,-0.001,0.025,0,0,50,0,0,0,0,0,0,0,0,0,0,0,0,0,0,0,0,0,0,0,263.236,15.512,264,-282,-0.268,-0.876,-0.005,-0.05,36,0,0,0,0,0,0,0,0,0,0,0,0,6369

Main.js:462 270.031,269.715,265.5,265.5,-0.001,0.024,0,0,49,0,0,0,0,0,0,0,0,0,0,0,0,0,0,0,0,0,0,0,263.236,15.512,265.5,-282,-0.258,-0.88,-0.004,-0.05,35,0,0,0,0,0,0,0,0,0,0,0,0,6387

Main.js:462 270.03,269.737,265.5,265.5,-0.001,0.023,0,0,48,0,0,0,0,0,0,0,0,0,0,0,0,0,0,0,0,0,0,0,263.236,15.512,267,-282,-0.248,-0.883,-0.003,-0.05,34,0,0,0,0,0,0,0,0,0,0,0,0,6402

Main.js:462 270.029,269.759,265.5,265.5,-0.001,0.021,0,0,47,0,0,0,0,0,0,0,0,0,0,0,0,0,0,0,0,0,0,0,263.236,15.512,268.5,-282,-0.236,-0.887,-0.001,-0.05,33,0,0,0,0,0,0,0,0,0,0,0,0,6421

Main.js:462 270.027,269.779,265.5,265.5,-0.001,0.02,0,0,46,0,0,0,0,0,0,0,0,0,0,0,0,0,0,0,0,0,0,0,263.236,15.512,270,-282,-0.225,-0.89,0,-0.05,32,0,0,0,0,0,0,0,0,0,0,0,0,6437

Main.js:462 270.026,269.798,265.5,265.5,-0.001,0.019,0,0,45,0,0,0,0,0,0,0,0,0,0,0,0,0,0,0,0,0,0,0,263.236,15.512,271.5,-282,-0.212,-0.893,0.001,-0.05,31,0,0,0,0,0,0,0,0,0,0,0,0,6452

Main.js:462 270.025,269.816,265.5,265.5,-0.001,0.018,0,0,44,0,0,0,0,0,0,0,0,0,0,0,0,0,0,0,0,0,0,0,263.236,15.512,273,-282,-0.199,-0.896,0.003,-0.05,30,0,0,0,0,0,0,0,0,0,0,0,0,6469

Main.js:462 270.024,269.834,265.5,265.5,-0.001,0.017,0,0,43,0,0,0,0,0,0,0,0,0,0,0,0,0,0,0,0,0,0,0,263.236,15.512,274.5,-282,-0.185,-0.898,0.004,-0.05,29,0,0,0,0,0,0,0,0,0,0,0,0,6486

Main.js:462 270.024,269.85,265.5,265.5,-0.001,0.017,0,0,42,0,0,0,0,0,0,0,0,0,0,0,0,0,0,0,0,0,0,0,263.236,15.512,276,-282,-0.171,-0.901,0.005,-0.05,28,0,0,0,0,0,0,0,0,0,0,0,0,6502

Main.js:462 270.023,269.866,265.5,265.5,-0.001,0.016,0,0,41,0,0,0,0,0,0,0,0,0,0,0,0,0,0,0,0,0,0,0,263.236,15.512,276,-283.5,-0.158,-0.903,0.005,-0.05,27,0,0,0,0,0,0,0,0,0,0,0,0,6518

Main.js:462 270.022,269.881,265.5,265.5,-0.001,0.015,0,0,40,0,0,0,0,0,0,0,0,0,0,0,0,0,0,0,0,0,0,0,263.236,15.512,276,-285,-0.145,-0.905,0.005,-0.05,26,0,0,0,0,0,0,0,0,0,0,0,0,6536

Main.js:462 270.021,269.895,265.5,265.5,-0.001,0.014,0,0,39,0,0,0,0,0,0,0,0,0,0,0,0,0,0,0,0,0,0,0,263.236,15.512,276,-286.5,-0.133,-0.907,0.005,-0.05,25,0,0,0,0,0,0,0,0,0,0,0,0,6554

Main.js:462 270.02,269.909,265.5,265.5,-0.001,0.013,0,0,38,0,0,0,0,0,0,0,0,0,0,0,0,0,0,0,0,0,0,0,263.236,15.512,276,-288,-0.121,-0.909,0.005,-0.05,24,0,0,0,0,0,0,0,0,0,0,0,0,6569

Main.js:462 270.02,269.922,265.5,265.5,-0.001,0.013,0,0,37,0,0,0,0,0,0,0,0,0,0,0,0,0,0,0,0,0,0,0,263.236,15.512,276,-289.5,-0.11,-0.911,0.005,-0.05,23,0,0,0,0,0,0,0,0,0,0,0,0,6586

Main.js:462 270.019,269.934,265.5,265.5,-0.001,0.012,0,0,36,0,0,0,0,0,0,0,0,0,0,0,0,0,0,0,0,0,0,0,263.236,15.512,276,-291,-0.099,-0.912,0.005,-0.05,22,0,0,0,0,0,0,0,0,0,0,0,0,6602

Main.js:462 270.018,269.945,265.5,265.5,-0.001,0.012,0,0,35,0,0,0,0,0,0,0,0,0,0,0,0,0,0,0,0,0,0,0,263.236,15.512,276,-292.5,-0.09,-0.914,0.005,-0.05,21,0,0,0,0,0,0,0,0,0,0,0,0,6619

Main.js:462 270.018,269.956,265.5,265.5,-0.001,0.011,0,0,34,0,0,0,0,0,0,0,0,0,0,0,0,0,0,0,0,0,0,0,263.236,15.512,276,-294,-0.08,-0.915,0.005,-0.05,20,0,0,0,0,0,0,0,0,0,0,0,0,6637

Main.js:462 270.017,269.967,265.5,265.5,-0.001,0.01,0,0,33,0,0,0,0,0,0,0,0,0,0,0,0,0,0,0,0,0,0,0,263.236,15.512,276,-295.5,-0.071,-0.917,0.005,-0.05,19,0,0,0,0,0,0,0,0,0,0,0,0,6652

Main.js:462 270.017,269.977,265.5,265.5,-0.001,0.01,0,0,32,0,0,0,0,0,0,0,0,0,0,0,0,0,0,0,0,0,0,0,263.236,15.512,276,-297,-0.063,-0.918,0.005,-0.05,18,0,0,0,0,0,0,0,0,0,0,0,0,6669

Main.js:462 270.016,269.986,265.5,265.5,-0.001,0.009,0,0,31,0,0,0,0,0,0,0,0,0,0,0,0,0,0,0,0,0,0,0,263.236,15.512,276,-298.5,-0.055,-0.92,0.005,-0.05,17,0,0,0,0,0,0,0,0,0,0,0,0,6685

Main.js:462 270.016,269.995,265.5,265.5,0,0.009,0,0,30,0,0,0,0,0,0,0,0,0,0,0,0,0,0,0,0,0,0,0,263.236,15.512,276,-300,-0.047,-0.921,0.005,-0.05,16,0,0,0,0,0,0,0,0,0,0,0,0,6702

Main.js:462 270.015,270.004,265.5,265.5,0,0.008,0,0,29,0,0,0,0,0,0,0,0,0,0,0,0,0,0,0,0,0,0,0,263.236,15.512,276,-301.5,-0.04,-0.922,0.005,-0.05,15,0,0,0,0,0,0,0,0,0,0,0,0,6721

Main.js:462 270.015,270.012,265.5,265.5,0,0.008,0,0,28,0,0,0,0,0,0,0,0,0,0,0,0,0,0,0,0,0,0,0,263.236,15.512,276,-303,-0.033,-0.923,0.005,-0.05,14,0,0,0,0,0,0,0,0,0,0,0,0,6786

Main.js:462 270.014,270.019,265.5,265.5,0,0.008,0,0,27,0,0,0,0,0,0,0,0,0,0,0,0,0,0,0,0,0,0,0,263.236,15.512,276,-304.5,-0.026,-0.924,0.005,-0.05,13,0,0,0,0,0,0,0,0,0,0,0,0,6802

Main.js:462 270.014,270.027,265.5,265.5,0,0.007,0,0,26,0,0,0,0,0,0,0,0,0,0,0,0,0,0,0,0,0,0,0,263.236,15.512,276,-306,-0.02,-0.925,0.005,-0.05,12,0,0,0,0,0,0,0,0,0,0,0,0,6820

Main.js:462 270.013,270.033,265.5,265.5,0,0.007,0,0,25,0,0,0,0,0,0,0,0,0,0,0,0,0,0,0,0,0,0,0,263.236,15.512,276,-307.5,-0.014,-0.926,0.005,-0.05,11,0,0,0,0,0,0,0,0,0,0,0,0,6836

Main.js:462 270.013,270.04,265.5,265.5,0,0.007,0,0,24,0,0,0,0,0,0,0,0,0,0,0,0,0,0,0,0,0,0,0,263.236,15.512,276,-309,-0.008,-0.927,0.005,-0.05,10,0,0,0,0,0,0,0,0,0,0,0,0,6852

Main.js:462 270.013,270.046,265.5,265.5,0,0.006,0,0,23,0,0,0,0,0,0,0,0,0,0,0,0,0,0,0,0,0,0,0,263.236,15.512,276,-310.5,-0.003,-0.928,0.005,-0.05,9,0,0,0,0,0,0,0,0,0,0,0,0,6870

Main.js:462 270.012,270.052,265.5,265.5,0,0.006,0,0,22,0,0,0,0,0,0,0,0,0,0,0,0,0,0,0,0,0,0,0,263.236,15.512,276,-312,0.002,-0.929,0.005,-0.05,8,0,0,0,0,0,0,0,0,0,0,0,0,6885

Main.js:462 270.012,270.058,265.5,265.5,0,0.006,0,0,21,0,0,0,0,0,0,0,0,0,0,0,0,0,0,0,0,0,0,0,263.236,15.512,276,-313.5,0.007,-0.93,0.005,-0.05,7,0,0,0,0,0,0,0,0,0,0,0,0,6903

Main.js:462 270.012,270.063,265.5,265.5,0,0.005,0,0,20,0,0,0,0,1,0,0,0,0,0,0,0,0,0,0,0,0,0,0,263.236,15.512,276,-315,0.012,-0.93,0.005,-0.05,6,0,0,0,0,0,0,0,0,0,0,0,0,6920

Main.js:462 270.011,270.068,265.5,265.5,0,0.005,0,0,19,0,0,0,0,1,0,0,0,0,0,0,0,0,0,0,0,0,0,0,263.236,15.512,276,-316.5,0.016,-0.931,0.005,-0.05,5,0,0,0,0,0,0,0,0,0,0,0,0,6937

Main.js:462 270.011,270.073,265.5,265.5,0,0.005,0,0,18,0,0,0,0,1,0,0,0,0,0,0,0,0,0,0,0,0,0,0,263.236,15.512,276,-318,0.02,-0.932,0.005,-0.05,4,0,0,0,0,0,0,0,0,0,0,0,0,6952

Main.js:462 270.011,270.078,265.5,265.5,0,0.005,0,0,17,0,0,0,0,1,0,0,0,0,0,0,0,0,0,0,0,0,0,0,263.236,15.512,276,-319.5,0.024,-0.933,0.005,-0.05,3,0,0,0,0,0,0,0,0,0,0,0,0,6970

Main.js:462 270.011,270.082,265.5,265.5,0,0.004,0,0,16,0,0,0,0,0,0,0,0,0,0,0,0,0,0,0,0,0,0,0,263.236,15.512,276,-321,0.028,-0.933,0.005,-0.05,2,0,0,0,0,0,0,0,0,0,0,0,0,6987

Main.js:462 270.011,270.086,265.5,265.5,0,0.004,0,0,15,0,0,0,0,0,0,0,0,0,0,0,0,0,0,0,0,0,0,0,263.236,15.512,276,-322.5,0.032,-0.934,0.005,-0.05,1,0,0,0,0,0,0,0,0,0,0,0,0,7003

Main.js:462 270.01,270.09,265.5,265.5,0,0.004,0,0,14,0,0,0,0,0,0,0,0,0,0,0,0,0,0,0,0,0,0,0,263.236,15.512,274.5,-325.5,0.034,-0.934,0.004,-0.05,0,0,0,0,0,0,0,0,0,0,0,0,0,7020

Main.js:462 270.01,270.094,265.5,265.5,0,0.004,0,0,13,0,0,0,0,0,0,0,0,0,0,0,0,0,0,0,0,0,0,0,263.236,15.512,273,-328.5,0.035,-0.935,0.003,-0.05,99,0,0,0,0,0,0,0,0,0,0,0,0,7036

Main.js:462 270.01,270.097,265.5,265.5,0,0.004,0,0,12,0,0,0,0,0,0,0,0,0,0,0,0,0,0,0,0,0,0,0,263.236,15.512,271.5,-331.5,0.034,-0.936,0.001,-0.05,98,283.273,27.791,2.132,1.306,0,0,0,0,0,0,0,0,7052

Main.js:462 270.01,270.101,265.5,265.5,0,0.003,0,0,11,0,0,0,0,0,0,0,0,0,0,0,0,0,0,0,0,0,0,0,263.236,15.512,270,-334.5,0.032,-0.937,0,-0.05,97,283.273,27.791,2.132,1.306,0,0,0,0,0,0,0,0,7070

