Main.js:143 myTank.x,myTank.y,myTank.rotation,myTank.cannonRotation,myTank.velocityX,myTank.velocityY,myTank.accelerationX,myTank.accelerationY,myTank.shootCooldown,myTank.controls.turnLeft,myTank.controls.turnRight,myTank.controls.goForward,myTank.controls.goBack,myTank.controls.shoot,myTank.controls.cannonLeft,myTank.controls.cannonRight,myBullet1.x,myBullet1.y,myBullet1.velocityX,myBullet1.velocityY,myBullet2.x,myBullet2.y,myBullet2.velocityX,myBullet2.velocityY,myBullet3.x,myBullet3.y,myBullet3.velocityX,myBullet3.velocityY,enemyTank.x,enemyTank.y,enemyTank.rotation,enemyTank.cannonRotation,enemyTank.velocityX,enemyTank.velocityY,enemyTank.accelerationX,enemyTank.accelerationY,enemyTank.shootCooldown,enemyBullet1.x,enemyBullet1.y,enemyBullet1.velocityX,enemyBullet1.velocityY,enemyBullet2.x,enemyBullet2.y,enemyBullet2.velocityX,enemyBullet2.velocityY,enemyBullet3.x,enemyBullet3.y,enemyBullet3.velocityX,enemyBullet3.velocityY,currentGameTime
Main.js:462 450,216,180,180,0,0,0,0,0,0,0,0,0,0,0,0,0,0,0,0,0,0,0,0,0,0,0,0,50,284,0,0,0,0,0,0,0,0,0,0,0,0,0,0,0,0,0,0,0,5

Main.js:462 450,216,180,180,0,0,0,0,0,0,0,0,0,0,0,0,0,0,0,0,0,0,0,0,0,0,0,0,50,284,0,0,0,0,0,0,0,0,0,0,0,0,0,0,0,0,0,0,0,21

Main.js:462 450,216,180,180,0,0,0,0,0,0,0,0,0,0,0,0,0,0,0,0,0,0,0,0,0,0,0,0,50,284,0,0,0,0,0,0,0,0,0,0,0,0,0,0,0,0,0,0,0,34

Main.js:462 450,216,180,180,0,0,0,0,0,0,0,0,0,0,0,0,0,0,0,0,0,0,0,0,0,0,0,0,50.047,284.001,1.5,0,0.047,0.001,0.05,0.001,99,0,0,0,0,0,0,0,0,0,0,0,0,51

Main.js:462 450,216,180,180,0,0,0,0,0,0,0,0,0,0,0,0,0,0,0,0,0,0,0,0,0,0,0,0,50.14,284.005,3,0,0.093,0.004,0.05,0.003,98,73.5,284,2.5,0,0,0,0,0,0,0,0,0,68

Main.js:462 450,216,180,180,0,0,0,0,0,0,0,0,0,0,0,0,0,0,0,0,0,0,0,0,0,0,0,0,50.275,284.012,4.5,0,0.135,0.007,0.05,0.004,97,76,284,2.5,0,0,0,0,0,0,0,0,0,85

Main.js:462 449.953,216,180,180,-0.047,0,-0.05,0,0,0,0,1,0,0,0,0,0,0,0,0,0,0,0,0,0,0,0,0,50.451,284.024,6,0,0.176,0.012,0.05,0.005,96,78.5,284,2.5,0,0,0,0,0,0,0,0,0,102

Main.js:462 449.86,216,180,180,-0.093,0,-0.05,0,0,0,0,1,0,0,0,0,0,0,0,0,0,0,0,0,0,0,0,0,50.665,284.041,7.5,0,0.214,0.017,0.05,0.007,95,81,284,2.5,0,0,0,0,0,0,0,0,0,118

Main.js:462 449.724,216,180,180,-0.135,0,-0.05,0,0,0,0,1,0,0,0,0,0,0,0,0,0,0,0,0,0,0,0,0,50.915,284.065,9,0,0.25,0.024,0.049,0.008,94,83.5,284,2.5,0,0,0,0,0,0,0,0,0,136

Main.js:462 449.548,216,180,180,-0.176,0,-0.05,0,0,0,0,1,0,0,0,0,0,0,0,0,0,0,0,0,0,0,0,0,51.2,284.097,10.5,0,0.284,0.031,0.049,0.009,93,86,284,2.5,0,0,0,0,0,0,0,0,0,152

Main.js:462 449.333,216,180,180,-0.215,0,-0.05,0,0,0,0,1,0,0,0,0,0,0,0,0,0,0,0,0,0,0,0,0,51.517,284.137,12,0,0.317,0.04,0.049,0.01,92,88.5,284,2.5,0,0,0,0,0,0,0,0,0,168

Main.js:462 449.082,216,180,180,-0.252,0,-0.05,0,0,0,0,1,0,0,0,0,0,0,0,0,0,0,0,0,0,0,0,0,51.864,284.185,13.5,0,0.347,0.049,0.049,0.012,91,91,284,2.5,0,0,0,0,0,0,0,0,0,185

Main.js:462 448.795,216,180,180,-0.287,0,-0.05,0,0,0,0,1,0,0,0,0,0,0,0,0,0,0,0,0,0,0,0,0,52.239,284.244,15,0,0.376,0.059,0.048,0.013,90,93.5,284,2.5,0,0,0,0,0,0,0,0,0,201

Main.js:462 448.475,216,180,180,-0.32,0,-0.05,0,0,0,0,1,0,0,0,0,0,0,0,0,0,0,0,0,0,0,0,0,52.641,284.313,16.5,0,0.402,0.069,0.048,0.014,89,96,284,2.5,0,0,0,0,0,0,0,0,0,218

Main.js:462 448.124,216,180,180,-0.351,0,-0.05,0,0,0,0,1,0,0,0,0,0,0,0,0,0,0,0,0,0,0,0,0,53.069,284.394,18,0,0.427,0.08,0.048,0.015,88,98.5,284,2.5,0,0,0,0,0,0,0,0,0,235

Main.js:462 447.743,216,180,180,-0.381,0,-0.05,0,0,0,0,1,0,0,0,0,0,0,0,0,0,0,0,0,0,0,0,0,53.52,284.486,19.5,0,0.451,0.092,0.047,0.017,87,101,284,2.5,0,0,0,0,0,0,0,0,0,252

Main.js:462 447.333,216,180,180,-0.41,0,-0.05,0,0,0,0,1,0,0,0,0,0,0,0,0,0,0,0,0,0,0,0,0,53.992,284.591,21,0,0.473,0.105,0.047,0.018,86,103.5,284,2.5,0,0,0,0,0,0,0,0,0,269

Main.js:462 446.897,216,180,180,-0.437,0,-0.05,0,0,0,0,1,0,0,0,0,0,0,0,0,0,0,0,0,0,0,0,0,54.485,284.708,22.5,0,0.493,0.118,0.046,0.019,85,106,284,2.5,0,0,0,0,0,0,0,0,0,287

Main.js:462 446.434,216,180,180,-0.462,0,-0.05,0,0,0,0,1,0,0,0,0,0,0,0,0,0,0,0,0,0,0,0,0,54.997,284.84,24,0,0.512,0.131,0.046,0.02,84,108.5,284,2.5,0,0,0,0,0,0,0,0,0,302

Main.js:462 445.947,216,180,180,-0.487,0,-0.05,0,0,0,0,1,0,0,0,0,0,0,0,0,0,0,0,0,0,0,0,0,55.526,284.985,25.5,0,0.529,0.145,0.045,0.022,83,111,284,2.5,0,0,0,0,0,0,0,0,0,318

Main.js:462 445.438,216.001,178.5,178.5,-0.51,0.001,-0.05,0.001,0,1,0,1,0,0,0,0,0,0,0,0,0,0,0,0,0,0,0,0,56.07,285.144,27,0,0.545,0.159,0.045,0.023,82,113.5,284,2.5,0,0,0,0,0,0,0,0,0,336

Main.js:462 444.906,216.005,177,177,-0.532,0.004,-0.05,0.003,0,1,0,1,0,0,0,0,0,0,0,0,0,0,0,0,0,0,0,0,56.63,285.318,28.5,0,0.559,0.174,0.044,0.024,81,116,284,2.5,0,0,0,0,0,0,0,0,0,351

Main.js:462 444.353,216.012,175.5,175.5,-0.553,0.007,-0.05,0.004,0,1,0,1,0,0,0,0,0,0,0,0,0,0,0,0,0,0,0,0,57.202,285.507,30,0,0.572,0.189,0.043,0.025,80,118.5,284,2.5,0,0,0,0,0,0,0,0,0,369

Main.js:462 443.781,216.024,174,174,-0.572,0.012,-0.05,0.005,0,1,0,1,0,0,0,0,0,0,0,0,0,0,0,0,0,0,0,0,57.787,285.711,31.5,0,0.584,0.204,0.043,0.026,79,121,284,2.5,0,0,0,0,0,0,0,0,0,385

Main.js:462 443.19,216.041,172.5,172.5,-0.591,0.017,-0.05,0.007,0,1,0,1,0,0,0,0,0,0,0,0,0,0,0,0,0,0,0,0,58.382,285.931,33,0,0.595,0.22,0.042,0.027,78,123.5,284,2.5,0,0,0,0,0,0,0,0,0,403

Main.js:462 442.582,216.065,171,171,-0.608,0.024,-0.049,0.008,0,1,0,1,0,0,0,0,0,0,0,0,0,0,0,0,0,0,0,0,58.986,286.167,34.5,0,0.604,0.236,0.041,0.028,77,126,284,2.5,0,0,0,0,0,0,0,0,0,418

Main.js:462 441.958,216.097,169.5,169.5,-0.624,0.031,-0.049,0.009,0,1,0,1,0,0,0,0,0,0,0,0,0,0,0,0,0,0,0,0,59.598,286.419,36,0,0.613,0.252,0.04,0.029,76,128.5,284,2.5,0,0,0,0,0,0,0,0,0,436

Main.js:462 441.318,216.137,168,168,-0.64,0.04,-0.049,0.01,0,1,0,1,0,0,0,0,0,0,0,0,0,0,0,0,0,0,0,0,60.218,286.688,37.5,0,0.62,0.268,0.04,0.03,75,131,284,2.5,0,0,0,0,0,0,0,0,0,451

Main.js:462 440.665,216.185,166.5,166.5,-0.654,0.049,-0.049,0.012,0,1,0,1,0,0,0,0,0,0,0,0,0,0,0,0,0,0,0,0,60.844,286.973,39,0,0.626,0.285,0.039,0.031,74,133.5,284,2.5,0,0,0,0,0,0,0,0,0,469

Main.js:462 439.998,216.244,165,165,-0.667,0.059,-0.048,0.013,0,1,0,1,0,0,0,0,0,0,0,0,0,0,0,0,0,0,0,0,61.474,287.274,40.5,0,0.63,0.301,0.038,0.032,73,136,284,2.5,0,0,0,0,0,0,0,0,0,485

Main.js:462 439.318,216.313,163.5,163.5,-0.679,0.069,-0.048,0.014,0,1,0,1,0,0,0,0,0,0,0,0,0,0,0,0,0,0,0,0,62.108,287.592,42,0,0.634,0.318,0.037,0.033,72,138.5,284,2.5,0,0,0,0,0,0,0,0,0,501

Main.js:462 438.628,216.393,163.5,163.5,-0.691,0.079,-0.048,0.014,0,0,0,1,0,0,0,0,0,0,0,0,0,0,0,0,0,0,0,0,62.746,287.926,42,358.5,0.638,0.334,0.037,0.033,71,141,284,2.5,0,0,0,0,0,0,0,0,0,519

Main.js:462 437.926,216.481,163.5,163.5,-0.702,0.089,-0.048,0.014,0,0,0,1,0,0,0,0,0,0,0,0,0,0,0,0,0,0,0,0,63.387,288.276,42,357,0.641,0.349,0.037,0.033,70,143.5,284,2.5,0,0,0,0,0,0,0,0,0,535

Main.js:462 437.214,216.579,163.5,163.5,-0.712,0.098,-0.048,0.014,0,0,0,1,0,0,0,0,0,0,0,0,0,0,0,0,0,0,0,0,64.032,288.639,42,355.5,0.644,0.363,0.037,0.033,69,146,284,2.5,0,0,0,0,0,0,0,0,0,550

Main.js:462 436.492,216.686,163.5,163.5,-0.722,0.106,-0.048,0.014,0,0,0,1,0,0,0,0,0,0,0,0,0,0,0,0,0,0,0,0,64.679,289.016,42,354,0.647,0.377,0.037,0.033,68,148.5,284,2.5,0,0,0,0,0,0,0,0,0,568

Main.js:462 435.76,216.8,163.5,163.5,-0.732,0.115,-0.048,0.014,0,0,0,1,0,0,0,0,0,0,0,0,0,0,0,0,0,0,0,0,65.329,289.406,42,352.5,0.65,0.39,0.037,0.033,67,151,284,2.5,0,0,0,0,0,0,0,0,0,584

Main.js:462 435.019,216.923,163.5,163.5,-0.741,0.122,-0.048,0.014,0,0,0,1,0,0,0,0,0,0,0,0,0,0,0,0,0,0,0,0,65.983,289.808,42,351,0.653,0.402,0.037,0.033,66,153.5,284,2.5,0,0,0,0,0,0,0,0,0,601

Main.js:462 434.27,217.052,163.5,163.5,-0.749,0.13,-0.048,0.014,0,0,0,1,0,0,0,0,0,0,0,0,0,0,0,0,0,0,0,0,66.639,290.222,42,349.5,0.656,0.414,0.037,0.033,65,156,284,2.5,0,0,0,0,0,0,0,0,0,618

Main.js:462 433.513,217.189,163.5,163.5,-0.757,0.137,-0.048,0.014,0,0,0,1,0,0,0,0,0,0,0,0,0,0,0,0,0,0,0,0,67.297,290.647,42,348,0.658,0.425,0.037,0.033,64,158.5,284,2.5,0,0,0,0,0,0,0,0,0,635

Main.js:462 432.748,217.333,163.5,163.5,-0.765,0.143,-0.048,0.014,0,0,0,1,0,0,0,0,0,0,0,0,0,0,0,0,0,0,0,0,67.958,291.083,42,346.5,0.661,0.436,0.037,0.033,63,161,284,2.5,0,0,0,0,0,0,0,0,0,651

Main.js:462 431.976,217.482,163.5,163.5,-0.772,0.15,-0.048,0.014,0,0,0,1,0,0,0,0,0,0,0,0,0,0,0,0,0,0,0,0,68.621,291.529,42,345,0.663,0.446,0.037,0.033,62,163.5,284,2.5,0,0,0,0,0,0,0,0,0,668

Main.js:462 431.197,217.638,163.5,163.5,-0.779,0.156,-0.048,0.014,99,0,0,1,0,1,0,0,0,0,0,0,0,0,0,0,0,0,0,0,69.286,291.984,42,343.5,0.665,0.455,0.037,0.033,61,166,284,2.5,0,0,0,0,0,0,0,0,0,684

Main.js:462 430.411,217.8,163.5,163.5,-0.786,0.161,-0.048,0.014,98,0,0,1,0,1,0,0,409.444,224.157,-2.397,0.71,0,0,0,0,0,0,0,0,69.953,292.448,42,342,0.667,0.464,0.037,0.033,60,168.5,284,2.5,0,0,0,0,0,0,0,0,0,701

Main.js:462 429.619,217.966,163.5,163.5,-0.792,0.167,-0.048,0.014,97,0,0,1,0,1,0,0,407.047,224.867,-2.397,0.71,0,0,0,0,0,0,0,0,70.622,292.92,42,340.5,0.669,0.473,0.037,0.033,59,171,284,2.5,0,0,0,0,0,0,0,0,0,719

Main.js:462 428.822,218.138,163.5,163.5,-0.798,0.172,-0.048,0.014,96,0,0,1,0,1,0,0,404.65,225.577,-2.397,0.71,0,0,0,0,0,0,0,0,71.293,293.401,42,339,0.671,0.481,0.037,0.033,58,173.5,284,2.5,0,0,0,0,0,0,0,0,0,736

Main.js:462 428.018,218.315,163.5,163.5,-0.804,0.177,-0.048,0.014,95,0,0,1,0,1,0,0,402.253,226.287,-2.397,0.71,0,0,0,0,0,0,0,0,71.966,293.89,42,337.5,0.673,0.489,0.037,0.033,57,176,284,2.5,0,0,0,0,0,0,0,0,0,751

Main.js:462 427.209,218.497,163.5,163.5,-0.809,0.182,-0.048,0.014,94,0,0,1,0,1,0,0,399.856,226.997,-2.397,0.71,0,0,0,0,0,0,0,0,72.64,294.386,42,336,0.674,0.496,0.037,0.033,56,178.5,284,2.5,0,0,0,0,0,0,0,0,0,769

Main.js:462 426.395,218.683,163.5,163.5,-0.814,0.186,-0.048,0.014,93,0,0,1,0,0,0,0,397.459,227.707,-2.397,0.71,0,0,0,0,0,0,0,0,73.316,294.889,42,334.5,0.676,0.503,0.037,0.033,55,181,284,2.5,0,0,0,0,0,0,0,0,0,784

Main.js:462 425.576,218.873,163.5,163.5,-0.819,0.19,-0.048,0.014,92,0,0,1,0,0,0,0,395.062,228.417,-2.397,0.71,0,0,0,0,0,0,0,0,73.994,295.398,42,333,0.677,0.51,0.037,0.033,54,183.5,284,2.5,0,0,0,0,0,0,0,0,0,801

Main.js:462 424.753,219.067,163.5,163.5,-0.823,0.194,-0.048,0.014,91,0,0,1,0,0,0,0,392.665,229.127,-2.397,0.71,0,0,0,0,0,0,0,0,74.672,295.914,42,331.5,0.679,0.516,0.037,0.033,53,186,284,2.5,0,0,0,0,0,0,0,0,0,817

Main.js:462 423.925,219.265,163.5,163.5,-0.828,0.198,-0.048,0.014,90,0,0,1,0,0,0,0,390.267,229.837,-2.397,0.71,0,0,0,0,0,0,0,0,75.353,296.436,42,330,0.68,0.522,0.037,0.033,52,188.5,284,2.5,0,0,0,0,0,0,0,0,0,834

Main.js:462 423.093,219.467,163.5,163.5,-0.832,0.202,-0.048,0.014,89,0,0,1,0,0,0,0,387.87,230.547,-2.397,0.71,0,0,0,0,0,0,0,0,76.034,296.964,42,328.5,0.682,0.528,0.037,0.033,51,191,284,2.5,0,0,0,0,0,0,0,0,0,852

Main.js:462 422.257,219.671,163.5,163.5,-0.836,0.205,-0.048,0.014,88,0,0,1,0,0,0,0,385.473,231.257,-2.397,0.71,0,0,0,0,0,0,0,0,76.717,297.497,42,327,0.683,0.533,0.037,0.033,50,193.5,284,2.5,0,0,0,0,0,0,0,0,0,868

Main.js:462 421.417,219.88,163.5,163.5,-0.84,0.208,-0.048,0.014,87,0,0,1,0,0,0,0,383.076,231.967,-2.397,0.71,0,0,0,0,0,0,0,0,77.401,298.035,42,325.5,0.684,0.538,0.037,0.033,49,196,284,2.5,0,0,0,0,0,0,0,0,0,885

Main.js:462 420.574,220.091,163.5,163.5,-0.843,0.211,-0.048,0.014,86,0,0,1,0,0,0,0,380.679,232.677,-2.397,0.71,0,0,0,0,0,0,0,0,78.086,298.578,42,324,0.685,0.543,0.037,0.033,48,198.5,284,2.5,0,0,0,0,0,0,0,0,0,903

Main.js:462 419.728,220.305,163.5,163.5,-0.847,0.214,-0.048,0.014,85,0,0,1,0,0,0,0,378.282,233.387,-2.397,0.71,0,0,0,0,0,0,0,0,78.772,299.125,42,322.5,0.686,0.548,0.037,0.033,47,201,284,2.5,0,0,0,0,0,0,0,0,0,919

Main.js:462 418.878,220.522,163.5,163.5,-0.85,0.217,-0.048,0.014,84,0,0,1,0,0,0,0,375.885,234.097,-2.397,0.71,0,0,0,0,0,0,0,0,79.459,299.677,42,321,0.687,0.552,0.037,0.033,46,203.5,284,2.5,0,0,0,0,0,0,0,0,0,935

Main.js:462 418.025,220.742,163.5,163.5,-0.853,0.22,-0.048,0.014,83,0,0,1,0,0,0,0,373.488,234.807,-2.397,0.71,0,0,0,0,0,0,0,0,80.147,300.233,42,319.5,0.688,0.556,0.037,0.033,45,206,284,2.5,0,0,0,0,0,0,0,0,0,952

Main.js:462 417.169,220.964,163.5,163.5,-0.856,0.222,-0.048,0.014,82,0,0,1,0,0,0,0,371.091,235.517,-2.397,0.71,0,0,0,0,0,0,0,0,80.836,300.794,42,318,0.689,0.56,0.037,0.033,44,208.5,284,2.5,0,0,0,0,0,0,0,0,0,968

Main.js:462 416.311,221.188,163.5,163.5,-0.859,0.225,-0.048,0.014,81,0,0,1,0,0,0,0,368.694,236.227,-2.397,0.71,0,0,0,0,0,0,0,0,81.526,301.358,42,316.5,0.69,0.564,0.037,0.033,43,211,284,2.5,0,0,0,0,0,0,0,0,0,985

Main.js:462 415.449,221.415,163.5,163.5,-0.861,0.227,-0.048,0.014,80,0,0,1,0,0,0,0,366.297,236.937,-2.397,0.71,0,0,0,0,0,0,0,0,82.216,301.925,42,315,0.691,0.568,0.037,0.033,42,213.5,284,2.5,0,0,0,0,0,0,0,0,0,1002

Main.js:462 414.586,221.644,163.5,163.5,-0.864,0.229,-0.048,0.014,79,0,0,1,0,0,0,0,363.9,237.647,-2.397,0.71,0,0,0,0,0,0,0,0,82.908,302.495,40.5,312,0.692,0.57,0.038,0.032,41,216,284,2.5,0,0,0,0,0,0,0,0,0,1018

Main.js:462 413.72,221.875,163.5,163.5,-0.866,0.231,-0.048,0.014,78,0,0,1,0,0,0,0,361.503,238.358,-2.397,0.71,0,0,0,0,0,0,0,0,83.603,303.066,39,309,0.694,0.571,0.039,0.031,40,218.5,284,2.5,0,0,0,0,0,0,0,0,0,1035

Main.js:462 412.852,222.108,163.5,163.5,-0.868,0.233,-0.048,0.014,77,0,0,1,0,0,0,0,359.106,239.068,-2.397,0.71,0,0,0,0,0,0,0,0,84.3,303.638,37.5,306,0.697,0.572,0.04,0.03,39,221,284,2.5,0,0,0,0,0,0,0,0,0,1051

Main.js:462 411.981,222.343,163.5,163.5,-0.87,0.235,-0.048,0.014,76,0,0,1,0,0,0,0,356.709,239.778,-2.397,0.71,0,0,0,0,0,0,0,0,85.001,304.209,36,303,0.701,0.571,0.04,0.029,38,223.5,284,2.5,0,0,0,0,0,0,0,0,0,1068

Main.js:462 411.108,222.578,165,165,-0.873,0.235,-0.048,0.013,75,0,1,1,0,0,0,0,354.312,240.488,-2.397,0.71,0,0,0,0,0,0,0,0,85.706,304.779,34.5,300,0.705,0.569,0.041,0.028,37,226,284,2.5,0,0,0,0,0,0,0,0,0,1085

Main.js:462 410.233,222.812,166.5,166.5,-0.875,0.235,-0.049,0.012,74,0,1,1,0,0,0,0,351.915,241.198,-2.397,0.71,0,0,0,0,0,0,0,0,86.416,305.346,33,297,0.71,0.567,0.042,0.027,36,228.5,284,2.5,0,0,0,0,0,0,0,0,0,1102

Main.js:462 409.355,223.045,168,168,-0.878,0.233,-0.049,0.01,73,0,1,1,0,0,0,0,349.518,241.908,-2.397,0.71,0,0,0,0,0,0,0,0,87.131,305.909,31.5,294,0.715,0.563,0.043,0.026,35,231,284,2.5,0,0,0,0,0,0,0,0,0,1118

Main.js:462 408.474,223.275,169.5,169.5,-0.881,0.23,-0.049,0.009,72,0,1,1,0,0,0,0,347.121,242.618,-2.397,0.71,0,0,0,0,0,0,0,0,87.851,306.468,30,291,0.72,0.559,0.043,0.025,34,233.5,284,2.5,0,0,0,0,0,0,0,0,0,1135

Main.js:462 407.591,223.501,171,171,-0.884,0.226,-0.049,0.008,71,0,1,1,0,0,0,0,344.724,243.328,-2.397,0.71,0,0,0,0,0,0,0,0,88.577,307.021,28.5,288,0.726,0.554,0.044,0.024,33,236,284,2.5,0,0,0,0,0,0,0,0,0,1151

Main.js:462 406.704,223.721,172.5,172.5,-0.887,0.221,-0.05,0.007,70,0,1,1,0,0,0,0,342.326,244.038,-2.397,0.71,0,0,0,0,0,0,0,0,89.309,307.569,27,285,0.732,0.547,0.045,0.023,32,238.5,284,2.5,0,0,0,0,0,0,0,0,0,1168

Main.js:462 405.815,223.936,174,174,-0.889,0.215,-0.05,0.005,69,0,1,1,0,0,0,0,339.929,244.748,-2.397,0.71,0,0,0,0,0,0,0,0,90.047,308.109,25.5,282,0.738,0.541,0.045,0.022,31,241,284,2.5,0,0,0,0,0,0,0,0,0,1184

Main.js:462 404.922,224.144,175.5,175.5,-0.892,0.208,-0.05,0.004,68,0,1,1,0,0,0,0,337.532,245.458,-2.397,0.71,0,0,0,0,0,0,0,0,90.791,308.642,24,279,0.745,0.533,0.046,0.02,30,243.5,284,2.5,0,0,0,0,0,0,0,0,0,1202

Main.js:462 404.027,224.343,177,177,-0.895,0.2,-0.05,0.003,67,0,1,1,0,0,0,0,335.135,246.168,-2.397,0.71,0,0,0,0,0,0,0,0,91.543,309.167,22.5,276,0.751,0.524,0.046,0.019,29,246,284,2.5,0,0,0,0,0,0,0,0,0,1219

Main.js:462 403.129,224.534,178.5,178.5,-0.898,0.191,-0.05,0.001,66,0,1,1,0,0,0,0,332.738,246.878,-2.397,0.71,0,0,0,0,0,0,0,0,92.301,309.682,21,273,0.758,0.515,0.047,0.018,28,248.5,284,2.5,0,0,0,0,0,0,0,0,0,1235

Main.js:462 402.229,224.716,180,180,-0.901,0.181,-0.05,0,65,0,1,1,0,0,0,0,330.341,247.588,-2.397,0.71,0,0,0,0,0,0,0,0,93.066,310.187,19.5,270,0.765,0.505,0.047,0.017,27,251,284,2.5,0,0,0,0,0,0,0,0,0,1252

Main.js:462 401.326,224.887,181.5,181.5,-0.903,0.171,-0.05,-0.001,64,0,1,1,0,0,0,0,327.944,248.298,-2.397,0.71,0,0,0,0,0,0,0,0,93.837,310.682,18,267,0.772,0.495,0.048,0.015,26,253.5,284,2.5,0,0,0,0,0,0,0,0,0,1293

Main.js:462 400.42,225.048,181.5,181.5,-0.905,0.161,-0.05,-0.001,63,0,0,1,0,0,0,0,325.547,249.008,-2.397,0.71,0,0,0,0,0,0,0,0,94.616,311.165,16.5,264,0.779,0.483,0.048,0.014,25,256,284,2.5,0,0,0,0,0,0,0,0,0,1318

Main.js:462 399.513,225.2,181.5,181.5,-0.908,0.152,-0.05,-0.001,62,0,0,1,0,0,0,0,323.15,249.718,-2.397,0.71,0,0,0,0,0,0,0,0,95.402,311.637,15,261,0.786,0.472,0.048,0.013,24,258.5,284,2.5,0,0,0,0,0,0,0,0,0,1335

Main.js:462 398.603,225.343,181.5,181.5,-0.91,0.143,-0.05,-0.001,61,0,0,1,0,0,0,0,320.753,250.428,-2.397,0.71,0,0,0,0,0,0,0,0,96.195,312.096,13.5,258,0.793,0.459,0.049,0.012,23,261,284,2.5,0,0,0,0,0,0,0,0,0,1352

Main.js:462 397.692,225.478,181.5,181.5,-0.912,0.135,-0.05,-0.001,60,0,0,1,0,0,0,0,318.356,251.138,-2.397,0.71,0,0,0,0,0,0,0,0,96.994,312.542,12,255,0.799,0.446,0.049,0.01,22,263.5,284,2.5,0,0,0,0,0,0,0,0,0,1368

Main.js:462 396.778,225.605,181.5,181.5,-0.914,0.127,-0.05,-0.001,59,0,0,1,0,0,0,0,315.959,251.848,-2.397,0.71,0,0,0,0,0,0,0,0,97.8,312.974,10.5,252,0.806,0.432,0.049,0.009,21,266,284,2.5,0,0,0,0,0,0,0,0,0,1385

Main.js:462 395.863,225.724,181.5,181.5,-0.915,0.119,-0.05,-0.001,58,0,0,1,0,0,0,0,313.562,252.558,-2.397,0.71,0,0,0,0,0,0,0,0,98.613,313.392,9,249,0.813,0.418,0.049,0.008,20,268.5,284,2.5,0,0,0,0,0,0,0,0,0,1402

Main.js:462 394.946,225.836,181.5,181.5,-0.917,0.112,-0.05,-0.001,57,0,0,1,0,0,0,0,311.165,253.268,-2.397,0.71,0,0,0,0,0,0,0,0,99.432,313.796,7.5,246,0.819,0.403,0.05,0.007,19,271,284,2.5,0,0,0,0,0,0,0,0,0,1419

Main.js:462 394.027,225.941,181.5,181.5,-0.919,0.105,-0.05,-0.001,56,0,0,1,0,0,0,0,308.768,253.978,-2.397,0.71,0,0,0,0,0,0,0,0,100.258,314.184,6,243,0.826,0.388,0.05,0.005,18,273.5,284,2.5,0,0,0,0,0,0,0,0,0,1435

Main.js:462 393.107,226.04,181.5,181.5,-0.92,0.099,-0.05,-0.001,55,0,0,1,0,0,0,0,306.371,254.688,-2.397,0.71,0,0,0,0,0,0,0,0,101.09,314.557,4.5,240,0.832,0.373,0.05,0.004,17,276,284,2.5,0,0,0,0,0,0,0,0,0,1453

Main.js:462 392.185,226.132,181.5,181.5,-0.922,0.092,-0.05,-0.001,54,0,0,1,0,0,0,0,303.974,255.398,-2.397,0.71,0,0,0,0,0,0,0,0,101.927,314.913,3,237,0.837,0.356,0.05,0.003,16,278.5,284,2.5,0,0,0,0,0,0,0,0,0,1469

Main.js:462 391.262,226.219,181.5,181.5,-0.923,0.087,-0.05,-0.001,53,0,0,1,0,0,0,0,301.577,256.108,-2.397,0.71,0,0,0,0,0,0,0,0,102.77,315.253,1.5,234,0.843,0.34,0.05,0.001,15,281,284,2.5,0,0,0,0,0,0,0,0,0,1484

Main.js:462 390.338,226.3,181.5,181.5,-0.924,0.081,-0.05,-0.001,52,0,0,1,0,0,0,0,299.18,256.819,-2.397,0.71,0,0,0,0,0,0,0,0,103.619,315.576,0,231,0.848,0.323,0.05,0,14,283.5,284,2.5,0,0,0,0,0,0,0,0,0,1503

Main.js:462 389.412,226.375,181.5,181.5,-0.926,0.076,-0.05,-0.001,51,0,0,1,0,0,0,0,296.783,257.529,-2.397,0.71,0,0,0,0,0,0,0,0,104.472,315.881,358.5,228,0.853,0.305,0.05,-0.001,13,286,284,2.5,0,0,0,0,0,0,0,0,0,1519

Main.js:462 388.485,226.446,181.5,181.5,-0.927,0.071,-0.05,-0.001,50,0,0,1,0,0,0,0,294.385,258.239,-2.397,0.71,0,0,0,0,0,0,0,0,105.33,316.169,357,225,0.858,0.288,0.05,-0.003,12,288.5,284,2.5,0,0,0,0,0,0,0,0,0,1535

Main.js:462 387.557,226.512,181.5,181.5,-0.928,0.066,-0.05,-0.001,49,0,0,1,0,0,0,0,291.988,258.949,-2.397,0.71,0,0,0,0,0,0,0,0,106.193,316.439,355.5,222,0.863,0.27,0.05,-0.004,11,291,284,2.5,0,0,0,0,0,0,0,0,0,1552

Main.js:462 386.628,226.573,181.5,181.5,-0.929,0.061,-0.05,-0.001,48,0,0,1,0,0,0,0,289.591,259.659,-2.397,0.71,0,0,0,0,0,0,0,0,107.06,316.69,354,219,0.867,0.251,0.05,-0.005,10,293.5,284,2.5,0,0,0,0,0,0,0,0,0,1568

Main.js:462 385.698,226.63,181.5,181.5,-0.93,0.057,-0.05,-0.001,47,0,0,1,0,0,0,0,287.194,260.369,-2.397,0.71,0,0,0,0,0,0,0,0,107.93,316.922,352.5,216,0.871,0.232,0.05,-0.007,9,296,284,2.5,0,0,0,0,0,0,0,0,0,1585

Main.js:462 384.767,226.683,181.5,181.5,-0.931,0.053,-0.05,-0.001,46,0,0,1,0,0,0,0,284.797,261.079,-2.397,0.71,0,0,0,0,0,0,0,0,108.804,317.136,351,213,0.874,0.213,0.049,-0.008,8,298.5,284,2.5,0,0,0,0,0,0,0,0,0,1603

Main.js:462 383.834,226.732,181.5,181.5,-0.932,0.049,-0.05,-0.001,45,0,0,1,0,0,0,0,282.4,261.789,-2.397,0.71,0,0,0,0,0,0,0,0,109.681,317.33,349.5,210,0.877,0.194,0.049,-0.009,7,301,284,2.5,0,0,0,0,0,0,0,0,0,1618

Main.js:462 382.902,226.778,181.5,181.5,-0.933,0.045,-0.05,-0.001,44,0,0,1,0,0,0,0,280.003,262.499,-2.397,0.71,0,0,0,0,0,0,0,0,110.561,317.504,348,207,0.88,0.174,0.049,-0.01,6,303.5,284,2.5,0,0,0,0,0,0,0,0,0,1635

Main.js:462 381.968,226.82,181.5,181.5,-0.934,0.042,-0.05,-0.001,43,0,0,1,0,0,0,0,277.606,263.209,-2.397,0.71,0,0,0,0,0,0,0,0,111.443,317.659,346.5,204,0.882,0.155,0.049,-0.012,5,306,284,2.5,0,0,0,0,0,0,0,0,0,1653

Main.js:462 381.033,226.858,181.5,181.5,-0.935,0.039,-0.05,-0.001,42,0,0,1,0,0,0,0,275.209,263.919,-2.397,0.71,0,0,0,0,0,0,0,0,112.326,317.793,345,201,0.884,0.135,0.048,-0.013,4,308.5,284,2.5,0,0,0,0,0,0,0,0,0,1668

Main.js:462 380.098,226.894,181.5,181.5,-0.935,0.035,-0.05,-0.001,41,0,0,1,0,0,0,0,272.812,264.629,-2.397,0.71,0,0,0,0,0,0,0,0,113.211,317.908,343.5,198,0.885,0.114,0.048,-0.014,3,311,284,2.5,0,0,0,0,0,0,0,0,0,1685

Main.js:462 379.162,226.926,181.5,181.5,-0.936,0.032,-0.05,-0.001,40,0,0,1,0,0,0,0,270.415,265.339,-2.397,0.71,0,0,0,0,0,0,0,0,114.097,318.002,342,195,0.886,0.094,0.048,-0.015,2,313.5,284,2.5,0,0,0,0,0,0,0,0,0,1702

Main.js:462 378.225,226.955,181.5,181.5,-0.937,0.029,-0.05,-0.001,39,0,0,1,0,0,0,0,268.018,266.049,-2.397,0.71,0,0,0,0,0,0,0,0,114.983,318.075,340.5,192,0.886,0.073,0.047,-0.017,1,316,284,2.5,0,0,0,0,0,0,0,0,0,1718

Main.js:462 377.288,226.982,181.5,181.5,-0.937,0.027,-0.05,-0.001,38,0,0,1,0,0,0,0,265.621,266.759,-2.397,0.71,0,0,0,0,0,0,0,0,115.87,318.128,339,189,0.886,0.053,0.047,-0.018,0,318.5,284,2.5,0,0,0,0,0,0,0,0,0,1734

Main.js:462 376.35,227.006,181.5,181.5,-0.938,0.024,-0.05,-0.001,37,0,0,1,0,0,0,0,263.224,267.469,-2.397,0.71,0,0,0,0,0,0,0,0,116.756,318.16,337.5,186,0.886,0.032,0.046,-0.019,99,321,284,2.5,0,0,0,0,0,0,0,0,0,1752

Main.js:462 375.411,227.028,181.5,181.5,-0.939,0.022,-0.05,-0.001,36,0,0,1,0,0,0,0,260.827,268.179,-2.397,0.71,0,0,0,0,0,0,0,0,117.641,318.171,336,183,0.885,0.011,0.046,-0.02,98,323.5,284,2.5,0,92.498,315.672,-2.486,-0.261,0,0,0,0,1769

Main.js:462 374.472,227.047,181.5,181.5,-0.939,0.019,-0.05,-0.001,35,0,0,1,0,0,0,0,258.43,268.889,-2.397,0.71,0,0,0,0,0,0,0,0,118.524,318.161,334.5,180,0.884,-0.01,0.045,-0.022,97,326,284,2.5,0,90.012,315.41,-2.486,-0.261,0,0,0,0,1786

Main.js:462 373.532,227.065,181.5,181.5,-0.94,0.017,-0.05,-0.001,34,0,0,1,0,0,0,0,256.033,269.599,-2.397,0.71,0,0,0,0,0,0,0,0,119.406,318.13,333,177,0.882,-0.031,0.045,-0.023,96,328.5,284,2.5,0,87.526,315.149,-2.486,-0.261,0,0,0,0,1802

Main.js:462 372.592,227.08,181.5,181.5,-0.94,0.015,-0.05,-0.001,33,0,0,1,0,0,0,0,253.636,270.309,-2.397,0.71,0,0,0,0,0,0,0,0,120.286,318.078,331.5,174,0.879,-0.052,0.044,-0.024,95,331,284,2.5,0,85.039,314.888,-2.486,-0.261,0,0,0,0,1819

Main.js:462 371.652,227.093,181.5,181.5,-0.941,0.013,-0.05,-0.001,32,0,0,1,0,0,0,0,251.239,271.019,-2.397,0.71,0,0,0,0,0,0,0,0,121.162,318.004,330,171,0.877,-0.073,0.043,-0.025,94,333.5,284,2.5,0,82.553,314.626,-2.486,-0.261,0,0,0,0,1834

Main.js:462 370.711,227.104,181.5,181.5,-0.941,0.011,-0.05,-0.001,31,0,0,1,0,0,0,0,248.842,271.729,-2.397,0.71,0,0,0,0,0,0,0,0,122.035,317.91,328.5,168,0.873,-0.094,0.043,-0.026,93,336,284,2.5,0,80.067,314.365,-2.486,-0.261,0,0,0,0,1852

Main.js:462 369.769,227.113,181.5,181.5,-0.942,0.009,-0.05,-0.001,30,0,0,1,0,0,0,0,246.445,272.439,-2.397,0.71,0,0,0,0,0,0,0,0,122.905,317.794,327,165,0.869,-0.116,0.042,-0.027,92,338.5,284,2.5,0,77.581,314.104,-2.486,-0.261,0,0,0,0,1870

Main.js:462 368.827,227.121,181.5,181.5,-0.942,0.008,-0.05,-0.001,29,0,0,1,0,0,0,0,244.047,273.149,-2.397,0.71,0,0,0,0,0,0,0,0,123.77,317.658,325.5,162,0.865,-0.137,0.041,-0.028,91,341,284,2.5,0,75.094,313.842,-2.486,-0.261,0,0,0,0,1885

Main.js:462 367.885,227.127,181.5,181.5,-0.942,0.006,-0.05,-0.001,28,0,0,1,0,0,0,0,241.65,273.859,-2.397,0.71,0,0,0,0,0,0,0,0,124.63,317.5,324,159,0.86,-0.158,0.04,-0.029,90,343.5,284,2.5,0,72.608,313.581,-2.486,-0.261,0,0,0,0,1903

Main.js:462 366.942,227.132,181.5,181.5,-0.943,0.005,-0.05,-0.001,27,0,0,1,0,0,0,0,239.253,274.569,-2.397,0.71,0,0,0,0,0,0,0,0,125.485,317.321,322.5,156,0.855,-0.179,0.04,-0.03,89,346,284,2.5,0,70.122,313.32,-2.486,-0.261,0,0,0,0,1918

Main.js:462 365.999,227.135,181.5,181.5,-0.943,0.003,-0.05,-0.001,26,0,0,1,0,0,0,0,236.856,275.28,-2.397,0.71,0,0,0,0,0,0,0,0,126.334,317.121,321,153,0.849,-0.2,0.039,-0.031,88,348.5,284,2.5,0,67.635,313.058,-2.486,-0.261,0,0,0,0,1936

Main.js:462 365.056,227.136,181.5,181.5,-0.943,0.002,-0.05,-0.001,25,0,0,1,0,0,0,0,234.459,275.99,-2.397,0.71,0,0,0,0,0,0,0,0,127.177,316.9,319.5,150,0.843,-0.221,0.038,-0.032,87,351,284,2.5,0,65.149,312.797,-2.486,-0.261,0,0,0,0,1952

Main.js:462 364.112,227.137,181.5,181.5,-0.944,0,-0.05,-0.001,24,0,0,1,0,0,0,0,232.062,276.7,-2.397,0.71,0,0,0,0,0,0,0,0,128.013,316.659,318,147,0.836,-0.241,0.037,-0.033,86,353.5,284,2.5,0,62.663,312.536,-2.486,-0.261,0,0,0,0,1968

Main.js:462 363.168,227.136,181.5,181.5,-0.944,-0.001,-0.05,-0.001,23,0,0,1,0,0,0,0,229.665,277.41,-2.397,0.71,0,0,0,0,0,0,0,0,128.842,316.397,316.5,144,0.829,-0.262,0.036,-0.034,85,356,284,2.5,0,60.176,312.274,-2.486,-0.261,0,0,0,0,1984

Main.js:462 362.224,227.134,181.5,181.5,-0.944,-0.002,-0.05,-0.001,22,0,0,1,0,0,0,0,227.268,278.12,-2.397,0.71,0,0,0,0,0,0,0,0,129.663,316.115,315,141,0.821,-0.283,0.035,-0.035,84,358.5,284,2.5,0,57.69,312.013,-2.486,-0.261,0,0,0,0,2003

Main.js:462 361.279,227.13,181.5,181.5,-0.945,-0.003,-0.05,-0.001,21,0,0,1,0,0,0,0,224.871,278.83,-2.397,0.71,0,0,0,0,0,0,0,0,130.477,315.813,316.5,141,0.814,-0.301,0.036,-0.034,83,361,284,2.5,0,55.204,311.752,-2.486,-0.261,0,0,0,0,2018

Main.js:462 360.335,227.127,180,180,-0.945,-0.003,-0.05,0,20,1,0,1,0,0,0,0,222.474,279.54,-2.397,0.71,0,0,0,0,0,0,0,0,131.286,315.496,318,141,0.809,-0.318,0.037,-0.033,82,363.5,284,2.5,0,52.718,311.49,-2.486,-0.261,0,0,0,0,2035

Main.js:462 359.437,227.124,178.5,178.5,-0.898,-0.003,0,0,19,1,0,0,0,0,0,0,220.077,280.25,-2.397,0.71,0,0,0,0,0,0,0,0,132.09,315.163,319.5,141,0.804,-0.333,0.038,-0.032,81,366,284,2.5,0,50.231,311.229,-2.486,-0.261,0,0,0,0,2052

Main.js:462 358.584,227.121,177,177,-0.853,-0.003,0,0,18,1,0,0,0,0,0,0,217.68,280.96,-2.397,0.71,0,0,0,0,0,0,0,0,132.891,314.817,321,141,0.801,-0.346,0.039,-0.031,80,368.5,284,2.5,0,47.745,310.968,-2.486,-0.261,0,0,0,0,2068

Main.js:462 357.774,227.119,175.5,175.5,-0.81,-0.003,0,0,17,1,0,0,0,0,0,0,215.283,281.67,-2.397,0.71,0,0,0,0,0,0,0,0,133.69,314.459,322.5,141,0.799,-0.358,0.04,-0.03,79,371,284,2.5,0,45.259,310.706,-2.486,-0.261,0,0,0,0,2085

Main.js:462 357.005,227.116,174,174,-0.77,-0.003,0,0,16,1,0,0,0,0,0,0,212.886,282.38,-2.397,0.71,0,0,0,0,0,0,0,0,134.487,314.092,324,141,0.797,-0.368,0.04,-0.029,78,373.5,284,2.5,0,42.772,310.445,-2.486,-0.261,0,0,0,0,2101

Main.js:462 356.274,227.114,172.5,172.5,-0.731,-0.002,0,0,15,1,0,0,0,0,0,0,210.489,283.09,-2.397,0.71,0,0,0,0,0,0,0,0,135.284,313.715,325.5,141,0.797,-0.376,0.041,-0.028,77,376,284,2.5,0,40.286,310.184,-2.486,-0.261,0,0,0,0,2118

Main.js:462 355.579,227.111,171,171,-0.695,-0.002,0,0,14,1,0,0,0,0,0,0,208.092,283.8,-2.397,0.71,0,0,0,0,0,0,0,0,136.08,313.332,327,141,0.797,-0.383,0.042,-0.027,76,378.5,284,2.5,0,37.8,309.922,-2.486,-0.261,0,0,0,0,2135

Main.js:462 354.919,227.109,169.5,169.5,-0.66,-0.002,0,0,13,1,0,0,0,0,0,0,205.695,284.51,-2.397,0.71,0,0,0,0,0,0,0,0,136.878,312.943,328.5,141,0.797,-0.389,0.043,-0.026,75,381,284,2.5,0,35.313,309.661,-2.486,-0.261,0,0,0,0,2151

Main.js:462 354.293,227.107,168,168,-0.627,-0.002,0,0,12,1,0,0,0,0,0,0,203.298,285.22,-2.397,0.71,0,0,0,0,0,0,0,0,137.676,312.55,330,141,0.799,-0.393,0.043,-0.025,74,383.5,284,2.5,0,32.827,309.4,-2.486,-0.261,0,0,0,0,2169

Main.js:462 353.697,227.105,166.5,166.5,-0.595,-0.002,0,0,11,1,0,0,0,0,0,0,200.901,285.93,-2.397,0.71,0,0,0,0,0,0,0,0,138.476,312.154,331.5,141,0.8,-0.396,0.044,-0.024,73,386,284,2.5,0,30.341,309.138,-2.486,-0.261,0,0,0,0,2185

Main.js:462 353.131,227.103,165,165,-0.566,-0.002,0,0,10,1,0,0,0,0,0,0,198.504,286.64,-2.397,0.71,0,0,0,0,0,0,0,0,139.279,311.756,333,141,0.803,-0.398,0.045,-0.023,72,388.5,284,2.5,0,27.854,308.877,-2.486,-0.261,0,0,0,0,2202

Main.js:462 352.594,227.102,163.5,163.5,-0.537,-0.002,0,0,9,1,0,0,0,0,0,0,196.106,287.35,-2.397,0.71,0,0,0,0,0,0,0,0,140.084,311.357,334.5,141,0.805,-0.399,0.045,-0.022,71,391,284,2.5,0,25.368,308.616,-2.486,-0.261,0,0,0,0,2219

Main.js:462 352.083,227.1,163.5,163.5,-0.511,-0.002,0,0,8,0,0,0,0,0,0,0,193.709,288.06,-2.397,0.71,0,0,0,0,0,0,0,0,140.893,310.959,336,141,0.808,-0.398,0.046,-0.02,70,393.5,284,2.5,0,22.882,308.355,-2.486,-0.261,0,0,0,0,2237

Main.js:462 351.598,227.098,163.5,163.5,-0.485,-0.002,0,0,7,0,0,0,0,0,0,0,191.312,288.77,-2.397,0.71,0,0,0,0,0,0,0,0,141.705,310.563,337.5,141,0.812,-0.396,0.046,-0.019,69,396,284,2.5,0,20.396,308.093,-2.486,-0.261,0,0,0,0,2252

Main.js:462 351.138,227.097,163.5,163.5,-0.461,-0.002,0,0,6,0,0,0,0,0,0,0,188.915,289.48,-2.397,0.71,0,0,0,0,0,0,0,0,142.52,310.17,339,141,0.816,-0.393,0.047,-0.018,68,398.5,284,2.5,0,17.909,307.832,-2.486,-0.261,0,0,0,0,2268

Main.js:462 350.7,227.095,163.5,163.5,-0.438,-0.001,0,0,5,0,0,0,0,1,0,0,186.518,290.19,-2.397,0.71,0,0,0,0,0,0,0,0,143.34,309.78,340.5,141,0.82,-0.39,0.047,-0.017,67,401,284,2.5,0,15.423,307.571,-2.486,-0.261,0,0,0,0,2335

Main.js:462 350.284,227.094,163.5,163.5,-0.416,-0.001,0,0,4,0,0,0,0,1,0,0,184.121,290.9,-2.397,0.71,0,0,0,0,0,0,0,0,144.164,309.395,342,141,0.824,-0.385,0.048,-0.015,66,403.5,284,2.5,0,12.937,307.309,-2.486,-0.261,0,0,0,0,2352

Main.js:462 349.889,227.093,163.5,163.5,-0.395,-0.001,0,0,3,0,0,0,0,1,0,0,181.724,291.61,-2.397,0.71,0,0,0,0,0,0,0,0,144.992,309.016,343.5,141,0.828,-0.379,0.048,-0.014,65,406,284,2.5,0,10.45,307.048,-2.486,-0.261,0,0,0,0,2367

Main.js:462 349.514,227.091,163.5,163.5,-0.375,-0.001,0,0,2,0,0,0,0,1,0,0,179.327,292.32,-2.397,0.71,0,0,0,0,0,0,0,0,145.825,308.644,345,141,0.833,-0.372,0.048,-0.013,64,408.5,284,2.5,0,7.964,306.787,-2.486,-0.261,0,0,0,0,2384

Main.js:462 349.157,227.09,163.5,163.5,-0.357,-0.001,0,0,1,0,0,0,0,0,0,0,176.93,293.03,-2.397,0.71,0,0,0,0,0,0,0,0,146.662,308.279,346.5,141,0.837,-0.365,0.049,-0.012,63,411,284,2.5,0,5.478,306.525,-2.486,-0.261,0,0,0,0,2402

Main.js:462 348.819,227.089,163.5,163.5,-0.339,-0.001,0,0,0,0,0,0,0,0,0,0,174.533,293.741,-2.397,0.71,0,0,0,0,0,0,0,0,147.504,307.922,348,141,0.842,-0.356,0.049,-0.01,62,413.5,284,2.5,0,2.991,306.264,-2.486,-0.261,0,0,0,0,2418

Main.js:462 348.497,227.088,163.5,163.5,-0.322,-0.001,0,0,0,0,0,0,0,0,0,0,172.136,294.451,-2.397,0.71,0,0,0,0,0,0,0,0,148.351,307.575,349.5,141,0.846,-0.347,0.049,-0.009,61,416,284,2.5,0,0.505,306.003,-2.486,-0.261,0,0,0,0,2436

Main.js:462 348.191,227.087,163.5,163.5,-0.306,-0.001,0,0,0,0,0,0,0,0,0,0,169.739,295.161,-2.397,0.71,0,0,0,0,0,0,0,0,149.202,307.238,351,141,0.851,-0.337,0.049,-0.008,60,418.5,284,2.5,0,0,0,0,0,0,0,0,0,2451

Main.js:462 347.901,227.086,163.5,163.5,-0.29,-0.001,0,0,0,0,0,0,0,0,0,0,167.342,295.871,-2.397,0.71,0,0,0,0,0,0,0,0,150.057,306.911,352.5,141,0.856,-0.327,0.05,-0.007,59,421,284,2.5,0,0,0,0,0,0,0,0,0,2468

Main.js:462 347.625,227.085,163.5,163.5,-0.276,-0.001,0,0,99,0,0,0,0,1,0,0,164.945,296.581,-2.397,0.71,0,0,0,0,0,0,0,0,150.917,306.596,354,141,0.86,-0.315,0.05,-0.005,58,423.5,284,2.5,0,0,0,0,0,0,0,0,0,2485

Main.js:462 347.363,227.084,163.5,163.5,-0.262,-0.001,0,0,98,0,0,0,0,1,0,0,164.945,296.581,-2.397,0.71,325.368,233.761,-2.397,0.71,0,0,0,0,151.782,306.292,355.5,141,0.864,-0.303,0.05,-0.004,57,423.5,284,2.5,0,0,0,0,0,0,0,0,0,2503

