Main.js:143 myTank.x,myTank.y,myTank.rotation,myTank.cannonRotation,myTank.velocityX,myTank.velocityY,myTank.accelerationX,myTank.accelerationY,myTank.shootCooldown,myTank.controls.turnLeft,myTank.controls.turnRight,myTank.controls.goForward,myTank.controls.goBack,myTank.controls.shoot,myTank.controls.cannonLeft,myTank.controls.cannonRight,myBullet1.x,myBullet1.y,myBullet1.velocityX,myBullet1.velocityY,myBullet2.x,myBullet2.y,myBullet2.velocityX,myBullet2.velocityY,myBullet3.x,myBullet3.y,myBullet3.velocityX,myBullet3.velocityY,enemyTank.x,enemyTank.y,enemyTank.rotation,enemyTank.cannonRotation,enemyTank.velocityX,enemyTank.velocityY,enemyTank.accelerationX,enemyTank.accelerationY,enemyTank.shootCooldown,enemyBullet1.x,enemyBullet1.y,enemyBullet1.velocityX,enemyBullet1.velocityY,enemyBullet2.x,enemyBullet2.y,enemyBullet2.velocityX,enemyBullet2.velocityY,enemyBullet3.x,enemyBullet3.y,enemyBullet3.velocityX,enemyBullet3.velocityY,currentGameTime
Main.js:462 50,157,0,0,0,0,0,0,0,0,0,0,0,0,0,0,0,0,0,0,0,0,0,0,0,0,0,0,450,343,180,180,0,0,0,0,0,0,0,0,0,0,0,0,0,0,0,0,0,6

Main.js:462 50,157,0,0,0,0,0,0,0,0,0,0,0,0,0,0,0,0,0,0,0,0,0,0,0,0,0,0,450,343,180,180,0,0,0,0,0,0,0,0,0,0,0,0,0,0,0,0,0,23

Main.js:462 50,157,0,0,0,0,0,0,0,0,0,0,0,0,0,0,0,0,0,0,0,0,0,0,0,0,0,0,450,343,180,180,0,0,0,0,0,0,0,0,0,0,0,0,0,0,0,0,0,39

Main.js:462 50,157,0,0,0,0,0,0,0,0,0,0,0,0,0,0,0,0,0,0,0,0,0,0,0,0,0,0,449.953,342.999,181.5,180,-0.047,-0.001,-0.05,-0.001,99,0,0,0,0,0,0,0,0,0,0,0,0,55

Main.js:462 50,157,0,0,0,0,0,0,0,0,0,0,0,0,0,0,0,0,0,0,0,0,0,0,0,0,0,0,449.86,342.995,183,180,-0.093,-0.004,-0.05,-0.003,98,426.5,343,-2.5,0,0,0,0,0,0,0,0,0,71

Main.js:462 50.048,157,0,0,0.048,0,0.05,0,0,0,0,1,0,0,0,0,0,0,0,0,0,0,0,0,0,0,0,0,449.725,342.988,184.5,180,-0.135,-0.007,-0.05,-0.004,97,424,343,-2.5,0,0,0,0,0,0,0,0,0,88

Main.js:462 50.14,157,0,0,0.093,0,0.05,0,0,0,0,1,0,0,0,0,0,0,0,0,0,0,0,0,0,0,0,0,449.549,342.976,186,180,-0.176,-0.012,-0.05,-0.005,96,421.5,343,-2.5,0,0,0,0,0,0,0,0,0,104

Main.js:462 50.276,157,0,0,0.135,0,0.05,0,0,0,0,1,0,0,0,0,0,0,0,0,0,0,0,0,0,0,0,0,449.335,342.959,187.5,180,-0.214,-0.017,-0.05,-0.007,95,419,343,-2.5,0,0,0,0,0,0,0,0,0,121

Main.js:462 50.452,157,0,0,0.176,0,0.05,0,0,0,0,1,0,0,0,0,0,0,0,0,0,0,0,0,0,0,0,0,449.085,342.935,189,180,-0.25,-0.024,-0.049,-0.008,94,416.5,343,-2.5,0,0,0,0,0,0,0,0,0,138

Main.js:462 50.667,157,0,0,0.215,0,0.05,0,0,0,0,1,0,0,0,0,0,0,0,0,0,0,0,0,0,0,0,0,448.8,342.903,190.5,180,-0.284,-0.031,-0.049,-0.009,93,414,343,-2.5,0,0,0,0,0,0,0,0,0,154

Main.js:462 50.918,157,0,0,0.252,0,0.05,0,0,0,0,1,0,0,0,0,0,0,0,0,0,0,0,0,0,0,0,0,448.483,342.863,192,180,-0.317,-0.04,-0.049,-0.01,92,411.5,343,-2.5,0,0,0,0,0,0,0,0,0,171

Main.js:462 51.205,157,0,0,0.287,0,0.05,0,0,0,0,1,0,0,0,0,0,0,0,0,0,0,0,0,0,0,0,0,448.136,342.815,193.5,180,-0.347,-0.049,-0.049,-0.012,91,409,343,-2.5,0,0,0,0,0,0,0,0,0,189

Main.js:462 51.525,157,0,0,0.32,0,0.05,0,0,0,0,1,0,0,0,0,0,0,0,0,0,0,0,0,0,0,0,0,447.761,342.756,195,180,-0.376,-0.059,-0.048,-0.013,90,406.5,343,-2.5,0,0,0,0,0,0,0,0,0,206

Main.js:462 51.876,157,0,0,0.351,0,0.05,0,0,0,0,1,0,0,0,0,0,0,0,0,0,0,0,0,0,0,0,0,447.359,342.687,196.5,180,-0.402,-0.069,-0.048,-0.014,89,404,343,-2.5,0,0,0,0,0,0,0,0,0,221

Main.js:462 52.257,157.001,1.5,1.5,0.381,0.001,0.05,0.001,0,0,1,1,0,0,0,0,0,0,0,0,0,0,0,0,0,0,0,0,446.931,342.606,198,180,-0.427,-0.08,-0.048,-0.015,88,401.5,343,-2.5,0,0,0,0,0,0,0,0,0,238

Main.js:462 52.667,157.005,3,3,0.41,0.004,0.05,0.003,0,0,1,1,0,0,0,0,0,0,0,0,0,0,0,0,0,0,0,0,446.48,342.514,199.5,180,-0.451,-0.092,-0.047,-0.017,87,399,343,-2.5,0,0,0,0,0,0,0,0,0,255

Main.js:462 53.103,157.012,4.5,4.5,0.436,0.007,0.05,0.004,0,0,1,1,0,0,0,0,0,0,0,0,0,0,0,0,0,0,0,0,446.008,342.409,201,180,-0.473,-0.105,-0.047,-0.018,86,396.5,343,-2.5,0,0,0,0,0,0,0,0,0,272

Main.js:462 53.565,157.024,6,6,0.462,0.012,0.05,0.005,0,0,1,1,0,0,0,0,0,0,0,0,0,0,0,0,0,0,0,0,445.515,342.292,202.5,180,-0.493,-0.118,-0.046,-0.019,85,394,343,-2.5,0,0,0,0,0,0,0,0,0,288

Main.js:462 54.051,157.041,7.5,7.5,0.486,0.017,0.05,0.007,0,0,1,1,0,0,0,0,0,0,0,0,0,0,0,0,0,0,0,0,445.003,342.16,204,180,-0.512,-0.131,-0.046,-0.02,84,391.5,343,-2.5,0,0,0,0,0,0,0,0,0,306

Main.js:462 54.559,157.065,9,9,0.508,0.024,0.049,0.008,0,0,1,1,0,0,0,0,0,0,0,0,0,0,0,0,0,0,0,0,444.474,342.015,205.5,180,-0.529,-0.145,-0.045,-0.022,83,389,343,-2.5,0,0,0,0,0,0,0,0,0,321

Main.js:462 55.089,157.097,10.5,10.5,0.53,0.031,0.049,0.009,0,0,1,1,0,0,0,0,0,0,0,0,0,0,0,0,0,0,0,0,443.93,341.856,207,180,-0.545,-0.159,-0.045,-0.023,82,386.5,343,-2.5,0,0,0,0,0,0,0,0,0,338

Main.js:462 55.639,157.137,12,12,0.55,0.04,0.049,0.01,0,0,1,1,0,0,0,0,0,0,0,0,0,0,0,0,0,0,0,0,443.37,341.682,208.5,180,-0.559,-0.174,-0.044,-0.024,81,384,343,-2.5,0,0,0,0,0,0,0,0,0,356

Main.js:462 56.208,157.184,12,12,0.569,0.048,0.049,0.01,0,0,0,1,0,0,0,0,0,0,0,0,0,0,0,0,0,0,0,0,442.798,341.493,210,180,-0.572,-0.189,-0.043,-0.025,80,381.5,343,-2.5,0,0,0,0,0,0,0,0,0,372

Main.js:462 56.794,157.239,12,12,0.587,0.055,0.049,0.01,0,0,0,1,0,0,0,0,0,0,0,0,0,0,0,0,0,0,0,0,442.213,341.289,211.5,180,-0.584,-0.204,-0.043,-0.026,79,379,343,-2.5,0,0,0,0,0,0,0,0,0,388

Main.js:462 57.398,157.302,12,12,0.604,0.062,0.049,0.01,0,0,0,1,0,0,0,0,0,0,0,0,0,0,0,0,0,0,0,0,441.618,341.069,213,180,-0.595,-0.22,-0.042,-0.027,78,376.5,343,-2.5,0,0,0,0,0,0,0,0,0,404

Main.js:462 58.018,157.371,12,12,0.62,0.069,0.049,0.01,0,0,0,1,0,0,0,0,0,0,0,0,0,0,0,0,0,0,0,0,441.014,340.833,214.5,180,-0.604,-0.236,-0.041,-0.028,77,374,343,-2.5,0,0,0,0,0,0,0,0,0,421

Main.js:462 58.654,157.446,12,12,0.636,0.075,0.049,0.01,0,0,0,1,0,0,0,0,0,0,0,0,0,0,0,0,0,0,0,0,440.402,340.581,216,180,-0.613,-0.252,-0.04,-0.029,76,371.5,343,-2.5,0,0,0,0,0,0,0,0,0,438

Main.js:462 59.304,157.528,12,12,0.65,0.082,0.049,0.01,0,0,0,1,0,0,0,0,0,0,0,0,0,0,0,0,0,0,0,0,439.782,340.312,217.5,180,-0.62,-0.268,-0.04,-0.03,75,369,343,-2.5,0,0,0,0,0,0,0,0,0,455

Main.js:462 59.968,157.615,12,12,0.664,0.087,0.049,0.01,0,0,0,1,0,0,0,0,0,0,0,0,0,0,0,0,0,0,0,0,439.156,340.027,219,180,-0.626,-0.285,-0.039,-0.031,74,366.5,343,-2.5,0,0,0,0,0,0,0,0,0,472

Main.js:462 60.646,157.709,13.5,13.5,0.677,0.094,0.049,0.012,0,0,1,1,0,0,0,0,0,0,0,0,0,0,0,0,0,0,0,0,438.526,339.726,220.5,180,-0.63,-0.301,-0.038,-0.032,73,364,343,-2.5,0,0,0,0,0,0,0,0,0,489

Main.js:462 61.335,157.811,15,15,0.689,0.102,0.048,0.013,0,0,1,1,0,0,0,0,0,0,0,0,0,0,0,0,0,0,0,0,437.892,339.408,222,180,-0.634,-0.318,-0.037,-0.033,72,361.5,343,-2.5,0,0,0,0,0,0,0,0,0,504

Main.js:462 62.035,157.921,16.5,16.5,0.7,0.11,0.048,0.014,0,0,1,1,0,0,0,0,0,0,0,0,0,0,0,0,0,0,0,0,437.254,339.074,222,178.5,-0.638,-0.334,-0.037,-0.033,71,359,343,-2.5,0,0,0,0,0,0,0,0,0,523

Main.js:462 62.746,158.04,18,18,0.71,0.119,0.048,0.015,0,0,1,1,0,0,0,0,0,0,0,0,0,0,0,0,0,0,0,0,436.613,338.724,222,177,-0.641,-0.349,-0.037,-0.033,70,356.5,343,-2.5,0,0,0,0,0,0,0,0,0,538

Main.js:462 63.465,158.169,19.5,19.5,0.72,0.129,0.047,0.017,0,0,1,1,0,0,0,0,0,0,0,0,0,0,0,0,0,0,0,0,435.968,338.361,222,175.5,-0.644,-0.363,-0.037,-0.033,69,354,343,-2.5,0,0,0,0,0,0,0,0,0,554

Main.js:462 64.193,158.309,21,21,0.728,0.14,0.047,0.018,0,0,1,1,0,0,0,0,0,0,0,0,0,0,0,0,0,0,0,0,435.321,337.984,222,174,-0.647,-0.377,-0.037,-0.033,68,351.5,343,-2.5,0,0,0,0,0,0,0,0,0,571

Main.js:462 64.929,158.46,22.5,22.5,0.736,0.151,0.046,0.019,0,0,1,1,0,0,0,0,0,0,0,0,0,0,0,0,0,0,0,0,434.671,337.594,222,172.5,-0.65,-0.39,-0.037,-0.033,67,349,343,-2.5,0,0,0,0,0,0,0,0,0,588

Main.js:462 65.671,158.622,24,24,0.742,0.163,0.046,0.02,0,0,1,1,0,0,0,0,0,0,0,0,0,0,0,0,0,0,0,0,434.017,337.192,222,171,-0.653,-0.402,-0.037,-0.033,66,346.5,343,-2.5,0,0,0,0,0,0,0,0,0,605

Main.js:462 66.419,158.797,25.5,25.5,0.748,0.175,0.045,0.022,0,0,1,1,0,0,0,0,0,0,0,0,0,0,0,0,0,0,0,0,433.361,336.778,222,169.5,-0.656,-0.414,-0.037,-0.033,65,344,343,-2.5,0,0,0,0,0,0,0,0,0,621

Main.js:462 67.172,158.985,27,27,0.753,0.188,0.045,0.023,0,0,1,1,0,0,0,0,0,0,0,0,0,0,0,0,0,0,0,0,432.703,336.353,222,168,-0.658,-0.425,-0.037,-0.033,64,341.5,343,-2.5,0,0,0,0,0,0,0,0,0,638

Main.js:462 67.929,159.186,28.5,28.5,0.757,0.201,0.044,0.024,0,0,1,1,0,0,0,0,0,0,0,0,0,0,0,0,0,0,0,0,432.042,335.917,222,166.5,-0.661,-0.436,-0.037,-0.033,63,339,343,-2.5,0,0,0,0,0,0,0,0,0,655

Main.js:462 68.689,159.401,30,30,0.76,0.215,0.043,0.025,0,0,1,1,0,0,0,0,0,0,0,0,0,0,0,0,0,0,0,0,431.379,335.471,222,165,-0.663,-0.446,-0.037,-0.033,62,336.5,343,-2.5,0,0,0,0,0,0,0,0,0,670

Main.js:462 69.452,159.63,31.5,31.5,0.763,0.229,0.043,0.026,0,0,1,1,0,0,0,0,0,0,0,0,0,0,0,0,0,0,0,0,430.714,335.016,222,163.5,-0.665,-0.455,-0.037,-0.033,61,334,343,-2.5,0,0,0,0,0,0,0,0,0,687

Main.js:462 70.216,159.873,33,33,0.764,0.243,0.042,0.027,0,0,1,1,0,0,0,0,0,0,0,0,0,0,0,0,0,0,0,0,430.047,334.552,222,162,-0.667,-0.464,-0.037,-0.033,60,331.5,343,-2.5,0,0,0,0,0,0,0,0,0,706

Main.js:462 70.982,160.131,34.5,34.5,0.765,0.258,0.041,0.028,0,0,1,1,0,0,0,0,0,0,0,0,0,0,0,0,0,0,0,0,429.378,334.08,222,160.5,-0.669,-0.473,-0.037,-0.033,59,329,343,-2.5,0,0,0,0,0,0,0,0,0,720

Main.js:462 71.748,160.403,34.5,34.5,0.766,0.272,0.041,0.028,0,0,0,1,0,0,0,0,0,0,0,0,0,0,0,0,0,0,0,0,428.707,333.599,222,159,-0.671,-0.481,-0.037,-0.033,58,326.5,343,-2.5,0,0,0,0,0,0,0,0,0,738

Main.js:462 72.515,160.688,34.5,34.5,0.767,0.285,0.041,0.028,0,0,0,1,0,0,0,0,0,0,0,0,0,0,0,0,0,0,0,0,428.034,333.11,222,157.5,-0.673,-0.489,-0.037,-0.033,57,324,343,-2.5,0,0,0,0,0,0,0,0,0,754

Main.js:462 73.283,160.986,34.5,34.5,0.768,0.298,0.041,0.028,0,0,0,1,0,0,0,0,0,0,0,0,0,0,0,0,0,0,0,0,427.36,332.614,222,156,-0.674,-0.496,-0.037,-0.033,56,321.5,343,-2.5,0,0,0,0,0,0,0,0,0,771

Main.js:462 74.051,161.296,34.5,34.5,0.769,0.31,0.041,0.028,0,0,0,1,0,0,0,0,0,0,0,0,0,0,0,0,0,0,0,0,426.684,332.111,222,154.5,-0.676,-0.503,-0.037,-0.033,55,319,343,-2.5,0,0,0,0,0,0,0,0,0,788

Main.js:462 74.821,161.618,34.5,34.5,0.769,0.321,0.041,0.028,99,0,0,1,0,1,0,0,0,0,0,0,0,0,0,0,0,0,0,0,426.006,331.602,222,153,-0.677,-0.51,-0.037,-0.033,54,316.5,343,-2.5,0,0,0,0,0,0,0,0,0,804

Main.js:462 75.591,161.95,34.5,34.5,0.77,0.332,0.041,0.028,98,0,0,1,0,1,0,0,93.418,174.607,2.06,1.416,0,0,0,0,0,0,0,0,425.328,331.086,222,151.5,-0.679,-0.516,-0.037,-0.033,53,314,343,-2.5,0,0,0,0,0,0,0,0,0,821

Main.js:462 76.361,162.292,34.5,34.5,0.771,0.343,0.041,0.028,97,0,0,1,0,1,0,0,95.479,176.023,2.06,1.416,0,0,0,0,0,0,0,0,424.647,330.564,222,150,-0.68,-0.522,-0.037,-0.033,52,311.5,343,-2.5,0,0,0,0,0,0,0,0,0,838

Main.js:462 77.133,162.645,34.5,34.5,0.771,0.352,0.041,0.028,96,0,0,1,0,1,0,0,97.539,177.439,2.06,1.416,0,0,0,0,0,0,0,0,423.966,330.036,222,148.5,-0.682,-0.528,-0.037,-0.033,51,309,343,-2.5,0,0,0,0,0,0,0,0,0,854

Main.js:462 77.904,163.006,34.5,34.5,0.772,0.362,0.041,0.028,95,0,0,1,0,1,0,0,99.599,178.855,2.06,1.416,0,0,0,0,0,0,0,0,423.283,329.503,222,147,-0.683,-0.533,-0.037,-0.033,50,306.5,343,-2.5,0,0,0,0,0,0,0,0,0,870

Main.js:462 78.677,163.377,34.5,34.5,0.772,0.37,0.041,0.028,94,0,0,1,0,1,0,0,101.66,180.271,2.06,1.416,0,0,0,0,0,0,0,0,422.599,328.965,222,145.5,-0.684,-0.538,-0.037,-0.033,49,304,343,-2.5,0,0,0,0,0,0,0,0,0,887

Main.js:462 79.45,163.755,34.5,34.5,0.773,0.379,0.041,0.028,93,0,0,1,0,0,0,0,103.72,181.687,2.06,1.416,0,0,0,0,0,0,0,0,421.914,328.422,222,144,-0.685,-0.543,-0.037,-0.033,48,301.5,343,-2.5,0,0,0,0,0,0,0,0,0,904

Main.js:462 80.223,164.142,34.5,34.5,0.773,0.387,0.041,0.028,92,0,0,1,0,0,0,0,105.78,183.103,2.06,1.416,0,0,0,0,0,0,0,0,421.228,327.875,222,142.5,-0.686,-0.548,-0.037,-0.033,47,299,343,-2.5,0,0,0,0,0,0,0,0,0,920

Main.js:462 80.997,164.536,34.5,34.5,0.774,0.394,0.041,0.028,91,0,0,1,0,0,0,0,107.84,184.519,2.06,1.416,0,0,0,0,0,0,0,0,420.541,327.323,222,141,-0.687,-0.552,-0.037,-0.033,46,296.5,343,-2.5,0,0,0,0,0,0,0,0,0,937

Main.js:462 81.771,164.938,34.5,34.5,0.774,0.402,0.041,0.028,90,0,0,1,0,0,0,0,109.901,185.935,2.06,1.416,0,0,0,0,0,0,0,0,419.853,326.767,222,139.5,-0.688,-0.556,-0.037,-0.033,45,294,343,-2.5,0,0,0,0,0,0,0,0,0,955

Main.js:462 82.546,165.346,34.5,34.5,0.775,0.408,0.041,0.028,89,0,0,1,0,0,0,0,111.961,187.351,2.06,1.416,0,0,0,0,0,0,0,0,419.164,326.206,222,138,-0.689,-0.56,-0.037,-0.033,44,291.5,343,-2.5,0,0,0,0,0,0,0,0,0,970

Main.js:462 83.321,165.761,34.5,34.5,0.775,0.415,0.041,0.028,88,0,0,1,0,0,0,0,114.021,188.767,2.06,1.416,0,0,0,0,0,0,0,0,418.474,325.642,222,136.5,-0.69,-0.564,-0.037,-0.033,43,289,343,-2.5,0,0,0,0,0,0,0,0,0,987

Main.js:462 84.097,166.182,34.5,34.5,0.776,0.421,0.041,0.028,87,0,0,1,0,0,0,0,116.082,190.183,2.06,1.416,0,0,0,0,0,0,0,0,417.784,325.075,222,135,-0.691,-0.568,-0.037,-0.033,42,286.5,343,-2.5,0,0,0,0,0,0,0,0,0,1005

Main.js:462 84.873,166.609,34.5,34.5,0.776,0.427,0.041,0.028,86,0,0,1,0,0,0,0,118.142,191.599,2.06,1.416,0,0,0,0,0,0,0,0,417.092,324.505,220.5,132,-0.692,-0.57,-0.038,-0.032,41,284,343,-2.5,0,0,0,0,0,0,0,0,0,1021

Main.js:462 85.649,167.041,34.5,34.5,0.776,0.432,0.041,0.028,85,0,0,1,0,0,0,0,120.202,193.015,2.06,1.416,0,0,0,0,0,0,0,0,416.397,323.934,219,129,-0.694,-0.571,-0.039,-0.031,40,281.5,343,-2.5,0,0,0,0,0,0,0,0,0,1038

Main.js:462 86.426,167.479,34.5,34.5,0.777,0.438,0.041,0.028,84,0,0,1,0,0,0,0,122.263,194.431,2.06,1.416,0,0,0,0,0,0,0,0,415.7,323.362,217.5,126,-0.697,-0.572,-0.04,-0.03,39,279,343,-2.5,0,0,0,0,0,0,0,0,0,1056

Main.js:462 87.203,167.922,34.5,34.5,0.777,0.443,0.041,0.028,83,0,0,1,0,0,0,0,124.323,195.847,2.06,1.416,0,0,0,0,0,0,0,0,414.999,322.791,216,123,-0.701,-0.571,-0.04,-0.029,38,276.5,343,-2.5,0,0,0,0,0,0,0,0,0,1071

Main.js:462 87.98,168.369,34.5,34.5,0.777,0.447,0.041,0.028,82,0,0,1,0,0,0,0,126.383,197.263,2.06,1.416,0,0,0,0,0,0,0,0,414.294,322.221,214.5,120,-0.705,-0.569,-0.041,-0.028,37,274,343,-2.5,0,0,0,0,0,0,0,0,0,1089

Main.js:462 88.758,168.821,34.5,34.5,0.778,0.452,0.041,0.028,81,0,0,1,0,0,0,0,128.444,198.679,2.06,1.416,0,0,0,0,0,0,0,0,413.584,321.654,213,117,-0.71,-0.567,-0.042,-0.027,36,271.5,343,-2.5,0,0,0,0,0,0,0,0,0,1104

Main.js:462 89.535,169.277,34.5,34.5,0.778,0.456,0.041,0.028,80,0,0,1,0,0,0,0,130.504,200.095,2.06,1.416,0,0,0,0,0,0,0,0,412.869,321.091,211.5,114,-0.715,-0.563,-0.043,-0.026,35,269,343,-2.5,0,0,0,0,0,0,0,0,0,1121

Main.js:462 90.313,169.738,34.5,34.5,0.778,0.46,0.041,0.028,79,0,0,1,0,0,0,0,132.564,201.511,2.06,1.416,0,0,0,0,0,0,0,0,412.149,320.532,210,111,-0.72,-0.559,-0.043,-0.025,34,266.5,343,-2.5,0,0,0,0,0,0,0,0,0,1138

Main.js:462 91.092,170.202,34.5,34.5,0.778,0.464,0.041,0.028,78,0,0,1,0,0,0,0,134.625,202.927,2.06,1.416,0,0,0,0,0,0,0,0,411.423,319.979,208.5,108,-0.726,-0.554,-0.044,-0.024,33,264,343,-2.5,0,0,0,0,0,0,0,0,0,1155

Main.js:462 91.87,170.67,34.5,34.5,0.779,0.468,0.041,0.028,77,0,0,1,0,0,0,0,136.685,204.343,2.06,1.416,0,0,0,0,0,0,0,0,410.691,319.431,207,105,-0.732,-0.547,-0.045,-0.023,32,261.5,343,-2.5,0,0,0,0,0,0,0,0,0,1171

Main.js:462 92.649,171.142,34.5,34.5,0.779,0.471,0.041,0.028,76,0,0,1,0,0,0,0,138.745,205.759,2.06,1.416,0,0,0,0,0,0,0,0,409.953,318.891,205.5,102,-0.738,-0.541,-0.045,-0.022,31,259,343,-2.5,0,0,0,0,0,0,0,0,0,1188

Main.js:462 93.428,171.616,34.5,34.5,0.779,0.475,0.041,0.028,75,0,0,1,0,0,0,0,140.806,207.175,2.06,1.416,0,0,0,0,0,0,0,0,409.209,318.358,204,99,-0.745,-0.533,-0.046,-0.02,30,256.5,343,-2.5,0,0,0,0,0,0,0,0,0,1205

Main.js:462 94.207,172.094,34.5,34.5,0.779,0.478,0.041,0.028,74,0,0,1,0,0,0,0,142.866,208.591,2.06,1.416,0,0,0,0,0,0,0,0,408.457,317.833,202.5,96,-0.751,-0.524,-0.046,-0.019,29,254,343,-2.5,0,0,0,0,0,0,0,0,0,1221

Main.js:462 94.987,172.574,33,33,0.78,0.48,0.042,0.027,73,1,0,1,0,0,0,0,144.926,210.007,2.06,1.416,0,0,0,0,0,0,0,0,407.699,317.318,201,93,-0.758,-0.515,-0.047,-0.018,28,251.5,343,-2.5,0,0,0,0,0,0,0,0,0,1238

Main.js:462 95.769,173.055,31.5,31.5,0.782,0.481,0.043,0.026,72,1,0,1,0,0,0,0,146.986,211.423,2.06,1.416,0,0,0,0,0,0,0,0,406.934,316.813,199.5,90,-0.765,-0.505,-0.047,-0.017,27,249,343,-2.5,0,0,0,0,0,0,0,0,0,1255

Main.js:462 96.552,173.536,30,30,0.784,0.48,0.043,0.025,71,1,0,1,0,0,0,0,149.047,212.839,2.06,1.416,0,0,0,0,0,0,0,0,406.163,316.318,198,87,-0.772,-0.495,-0.048,-0.015,26,246.5,343,-2.5,0,0,0,0,0,0,0,0,0,1272

Main.js:462 97.338,174.015,28.5,28.5,0.786,0.479,0.044,0.024,70,1,0,1,0,0,0,0,151.107,214.255,2.06,1.416,0,0,0,0,0,0,0,0,405.384,315.835,196.5,84,-0.779,-0.483,-0.048,-0.014,25,244,343,-2.5,0,0,0,0,0,0,0,0,0,1288

Main.js:462 98.128,174.491,27,27,0.789,0.477,0.045,0.023,69,1,0,1,0,0,0,0,153.167,215.671,2.06,1.416,0,0,0,0,0,0,0,0,404.598,315.363,195,81,-0.786,-0.472,-0.048,-0.013,24,241.5,343,-2.5,0,0,0,0,0,0,0,0,0,1306

Main.js:462 98.92,174.965,25.5,25.5,0.793,0.473,0.045,0.022,68,1,0,1,0,0,0,0,155.228,217.087,2.06,1.416,0,0,0,0,0,0,0,0,403.805,314.904,193.5,78,-0.793,-0.459,-0.049,-0.012,23,239,343,-2.5,0,0,0,0,0,0,0,0,0,1322

Main.js:462 99.716,175.434,24,24,0.796,0.469,0.046,0.02,67,1,0,1,0,0,0,0,157.288,218.503,2.06,1.416,0,0,0,0,0,0,0,0,403.006,314.458,192,75,-0.799,-0.446,-0.049,-0.01,22,236.5,343,-2.5,0,0,0,0,0,0,0,0,0,1338

Main.js:462 100.516,175.899,24,24,0.8,0.465,0.046,0.02,66,0,0,1,0,0,0,0,159.348,219.919,2.06,1.416,0,0,0,0,0,0,0,0,402.2,314.026,190.5,72,-0.806,-0.432,-0.049,-0.009,21,234,343,-2.5,0,0,0,0,0,0,0,0,0,1356

Main.js:462 101.32,176.36,24,24,0.803,0.461,0.046,0.02,65,0,0,1,0,0,0,0,161.409,221.335,2.06,1.416,0,0,0,0,0,0,0,0,401.387,313.608,189,69,-0.813,-0.418,-0.049,-0.008,20,231.5,343,-2.5,0,0,0,0,0,0,0,0,0,1371

Main.js:462 102.126,176.817,24,24,0.807,0.457,0.046,0.02,64,0,0,1,0,0,0,0,163.469,222.751,2.06,1.416,0,0,0,0,0,0,0,0,400.568,313.204,187.5,66,-0.819,-0.403,-0.05,-0.007,19,229,343,-2.5,0,0,0,0,0,0,0,0,0,1388

Main.js:462 102.936,177.27,24,24,0.81,0.454,0.046,0.02,63,0,0,1,0,0,0,0,165.529,224.167,2.06,1.416,0,0,0,0,0,0,0,0,399.742,312.816,186,63,-0.826,-0.388,-0.05,-0.005,18,226.5,343,-2.5,0,0,0,0,0,0,0,0,0,1404

Main.js:462 103.748,177.721,24,24,0.813,0.45,0.046,0.02,62,0,0,1,0,0,0,0,167.59,225.583,2.06,1.416,0,0,0,0,0,0,0,0,398.91,312.443,184.5,60,-0.832,-0.373,-0.05,-0.004,17,224,343,-2.5,0,0,0,0,0,0,0,0,0,1422

Main.js:462 104.564,178.168,24,24,0.815,0.447,0.046,0.02,61,0,0,1,0,0,0,0,169.65,226.999,2.06,1.416,0,0,0,0,0,0,0,0,398.073,312.087,183,57,-0.837,-0.356,-0.05,-0.003,16,221.5,343,-2.5,0,0,0,0,0,0,0,0,0,1481

Main.js:462 105.382,178.612,24,24,0.818,0.444,0.046,0.02,60,0,0,1,0,0,0,0,171.71,228.415,2.06,1.416,0,0,0,0,0,0,0,0,397.23,311.747,181.5,54,-0.843,-0.34,-0.05,-0.001,15,219,343,-2.5,0,0,0,0,0,0,0,0,0,1504

Main.js:462 106.202,179.053,24,24,0.82,0.441,0.046,0.02,59,0,0,1,0,0,0,0,173.771,229.831,2.06,1.416,0,0,0,0,0,0,0,0,396.381,311.424,180,51,-0.848,-0.323,-0.05,0,14,216.5,343,-2.5,0,0,0,0,0,0,0,0,0,1520

Main.js:462 107.025,179.492,24,24,0.823,0.438,0.046,0.02,58,0,0,1,0,0,0,0,175.831,231.247,2.06,1.416,0,0,0,0,0,0,0,0,395.528,311.119,178.5,48,-0.853,-0.305,-0.05,0.001,13,214,343,-2.5,0,0,0,0,0,0,0,0,0,1538

Main.js:462 107.85,179.927,24,24,0.825,0.436,0.046,0.02,57,0,0,1,0,0,0,0,177.891,232.663,2.06,1.416,0,0,0,0,0,0,0,0,394.67,310.831,177,45,-0.858,-0.288,-0.05,0.003,12,211.5,343,-2.5,0,0,0,0,0,0,0,0,0,1554

Main.js:462 108.677,180.361,24,24,0.827,0.433,0.046,0.02,56,0,0,1,0,0,0,0,179.952,234.079,2.06,1.416,0,0,0,0,0,0,0,0,393.807,310.561,175.5,42,-0.863,-0.27,-0.05,0.004,11,209,343,-2.5,0,0,0,0,0,0,0,0,0,1571

Main.js:462 109.506,180.792,24,24,0.829,0.431,0.046,0.02,55,0,0,1,0,0,0,0,182.012,235.495,2.06,1.416,0,0,0,0,0,0,0,0,392.94,310.31,174,39,-0.867,-0.251,-0.05,0.005,10,206.5,343,-2.5,0,0,0,0,0,0,0,0,0,1589

Main.js:462 110.337,181.221,24,24,0.831,0.429,0.046,0.02,54,0,0,1,0,0,0,0,184.072,236.911,2.06,1.416,0,0,0,0,0,0,0,0,392.07,310.078,172.5,36,-0.871,-0.232,-0.05,0.007,9,204,343,-2.5,0,0,0,0,0,0,0,0,0,1604

Main.js:462 111.17,181.647,24,24,0.833,0.427,0.046,0.02,53,0,0,1,0,0,0,0,186.132,238.328,2.06,1.416,0,0,0,0,0,0,0,0,391.196,309.864,171,33,-0.874,-0.213,-0.049,0.008,8,201.5,343,-2.5,0,0,0,0,0,0,0,0,0,1621

Main.js:462 112.005,182.072,24,24,0.835,0.425,0.046,0.02,52,0,0,1,0,0,0,0,188.193,239.744,2.06,1.416,0,0,0,0,0,0,0,0,390.319,309.67,169.5,30,-0.877,-0.194,-0.049,0.009,7,199,343,-2.5,0,0,0,0,0,0,0,0,0,1639

Main.js:462 112.842,182.495,24,24,0.836,0.423,0.046,0.02,51,0,0,1,0,0,0,0,190.253,241.16,2.06,1.416,0,0,0,0,0,0,0,0,389.439,309.496,168,27,-0.88,-0.174,-0.049,0.01,6,196.5,343,-2.5,0,0,0,0,0,0,0,0,0,1656

Main.js:462 113.68,182.916,24,24,0.838,0.421,0.046,0.02,50,0,0,1,0,0,0,0,192.313,242.576,2.06,1.416,0,0,0,0,0,0,0,0,388.557,309.341,166.5,24,-0.882,-0.155,-0.049,0.012,5,194,343,-2.5,0,0,0,0,0,0,0,0,0,1671

Main.js:462 114.519,183.335,24,24,0.839,0.419,0.046,0.02,49,0,0,1,0,0,0,0,194.374,243.992,2.06,1.416,0,0,0,0,0,0,0,0,387.674,309.207,165,21,-0.884,-0.135,-0.048,0.013,4,191.5,343,-2.5,0,0,0,0,0,0,0,0,0,1688

Main.js:462 115.36,183.752,24,24,0.841,0.418,0.046,0.02,48,0,0,1,0,0,0,0,196.434,245.408,2.06,1.416,0,0,0,0,0,0,0,0,386.789,309.092,163.5,18,-0.885,-0.114,-0.048,0.014,3,189,343,-2.5,0,0,0,0,0,0,0,0,0,1705

Main.js:462 116.202,184.168,24,24,0.842,0.416,0.046,0.02,47,0,0,1,0,0,0,0,198.494,246.824,2.06,1.416,0,0,0,0,0,0,0,0,385.903,308.998,162,15,-0.886,-0.094,-0.048,0.015,2,186.5,343,-2.5,0,0,0,0,0,0,0,0,0,1722

Main.js:462 117.046,184.583,24,24,0.844,0.415,0.046,0.02,46,0,0,1,0,0,0,0,200.555,248.24,2.06,1.416,0,0,0,0,0,0,0,0,385.017,308.925,160.5,12,-0.886,-0.073,-0.047,0.017,1,184,343,-2.5,0,0,0,0,0,0,0,0,0,1738

Main.js:462 117.89,184.996,24,24,0.845,0.413,0.046,0.02,45,0,0,1,0,0,0,0,202.615,249.656,2.06,1.416,0,0,0,0,0,0,0,0,384.13,308.872,159,9,-0.886,-0.053,-0.047,0.018,0,181.5,343,-2.5,0,0,0,0,0,0,0,0,0,1754

Main.js:462 118.736,185.408,24,24,0.846,0.412,0.046,0.02,44,0,0,1,0,0,0,0,204.675,251.072,2.06,1.416,0,0,0,0,0,0,0,0,383.244,308.84,157.5,6,-0.886,-0.032,-0.046,0.019,99,179,343,-2.5,0,0,0,0,0,0,0,0,0,1770

Main.js:462 119.583,185.818,24,24,0.847,0.411,0.046,0.02,43,0,0,1,0,0,0,0,206.736,252.488,2.06,1.416,0,0,0,0,0,0,0,0,382.359,308.829,156,3,-0.885,-0.011,-0.046,0.02,98,176.5,343,-2.5,0,407.502,311.328,2.486,0.261,0,0,0,0,1788

Main.js:462 120.431,186.228,24,24,0.848,0.409,0.046,0.02,42,0,0,1,0,0,0,0,208.796,253.904,2.06,1.416,0,0,0,0,0,0,0,0,381.476,308.839,154.5,0,-0.884,0.01,-0.045,0.022,97,174,343,-2.5,0,409.988,311.59,2.486,0.261,0,0,0,0,1805

Main.js:462 121.28,186.636,24,24,0.849,0.408,0.046,0.02,41,0,0,1,0,0,0,0,210.856,255.32,2.06,1.416,0,0,0,0,0,0,0,0,380.594,308.87,153,357,-0.882,0.031,-0.045,0.023,96,171.5,343,-2.5,0,412.474,311.851,2.486,0.261,0,0,0,0,1821

Main.js:462 122.13,187.043,24,24,0.85,0.407,0.046,0.02,40,0,0,1,0,0,0,0,212.917,256.736,2.06,1.416,0,0,0,0,0,0,0,0,379.714,308.922,151.5,354,-0.879,0.052,-0.044,0.024,95,169,343,-2.5,0,414.961,312.112,2.486,0.261,0,0,0,0,1838

Main.js:462 122.981,187.449,24,24,0.851,0.406,0.046,0.02,39,0,0,1,0,0,0,0,214.977,258.152,2.06,1.416,0,0,0,0,0,0,0,0,378.838,308.996,150,351,-0.877,0.073,-0.043,0.025,94,166.5,343,-2.5,0,417.447,312.374,2.486,0.261,0,0,0,0,1856

Main.js:462 123.833,187.854,24,24,0.852,0.405,0.046,0.02,38,0,0,1,0,0,0,0,217.037,259.568,2.06,1.416,0,0,0,0,0,0,0,0,377.965,309.09,148.5,348,-0.873,0.094,-0.043,0.026,93,164,343,-2.5,0,419.933,312.635,2.486,0.261,0,0,0,0,1871

Main.js:462 124.685,188.258,24,24,0.853,0.404,0.046,0.02,37,0,0,1,0,0,0,0,219.098,260.984,2.06,1.416,0,0,0,0,0,0,0,0,377.095,309.206,147,345,-0.869,0.116,-0.042,0.027,92,161.5,343,-2.5,0,422.419,312.896,2.486,0.261,0,0,0,0,1888

Main.js:462 125.539,188.661,24,24,0.853,0.403,0.046,0.02,36,0,0,1,0,0,0,0,221.158,262.4,2.06,1.416,0,0,0,0,0,0,0,0,376.23,309.342,145.5,342,-0.865,0.137,-0.041,0.028,91,159,343,-2.5,0,424.906,313.158,2.486,0.261,0,0,0,0,1904

Main.js:462 126.393,189.064,24,24,0.854,0.402,0.046,0.02,35,0,0,1,0,0,0,0,223.218,263.816,2.06,1.416,0,0,0,0,0,0,0,0,375.37,309.5,144,339,-0.86,0.158,-0.04,0.029,90,156.5,343,-2.5,0,427.392,313.419,2.486,0.261,0,0,0,0,1921

Main.js:462 127.247,189.465,24,24,0.855,0.402,0.046,0.02,34,0,0,1,0,0,0,0,225.278,265.232,2.06,1.416,0,0,0,0,0,0,0,0,374.515,309.679,142.5,336,-0.855,0.179,-0.04,0.03,89,154,343,-2.5,0,429.878,313.68,2.486,0.261,0,0,0,0,1938

Main.js:462 128.103,189.866,24,24,0.855,0.401,0.046,0.02,33,0,0,1,0,0,0,0,227.339,266.648,2.06,1.416,0,0,0,0,0,0,0,0,373.666,309.879,141,333,-0.849,0.2,-0.039,0.031,88,151.5,343,-2.5,0,432.365,313.942,2.486,0.261,0,0,0,0,1955

Main.js:462 128.959,190.266,24,24,0.856,0.4,0.046,0.02,32,0,0,1,0,0,0,0,229.399,268.064,2.06,1.416,0,0,0,0,0,0,0,0,372.823,310.1,139.5,330,-0.843,0.221,-0.038,0.032,87,149,343,-2.5,0,434.851,314.203,2.486,0.261,0,0,0,0,1970

Main.js:462 129.815,190.666,24,24,0.857,0.399,0.046,0.02,31,0,0,1,0,0,0,0,231.459,269.48,2.06,1.416,0,0,0,0,0,0,0,0,371.987,310.341,138,327,-0.836,0.241,-0.037,0.033,86,146.5,343,-2.5,0,437.337,314.464,2.486,0.261,0,0,0,0,1988

Main.js:462 130.672,191.065,24,24,0.857,0.399,0.046,0.02,30,0,0,1,0,0,0,0,233.52,270.896,2.06,1.416,0,0,0,0,0,0,0,0,371.158,310.603,136.5,324,-0.829,0.262,-0.036,0.034,85,144,343,-2.5,0,439.824,314.726,2.486,0.261,0,0,0,0,2005

Main.js:462 131.53,191.463,24,24,0.858,0.398,0.046,0.02,29,0,0,1,0,0,0,0,235.58,272.312,2.06,1.416,0,0,0,0,0,0,0,0,370.336,310.884,138,324,-0.822,0.281,-0.037,0.033,84,141.5,343,-2.5,0,442.31,314.987,2.486,0.261,0,0,0,0,2021

Main.js:462 132.388,191.86,24,24,0.858,0.398,0.046,0.02,28,0,0,1,0,0,0,0,237.64,273.728,2.06,1.416,0,0,0,0,0,0,0,0,369.518,311.181,139.5,324,-0.817,0.298,-0.038,0.032,83,139,343,-2.5,0,444.796,315.248,2.486,0.261,0,0,0,0,2037

Main.js:462 133.247,192.257,24,24,0.859,0.397,0.046,0.02,27,0,0,1,0,0,0,0,239.701,275.144,2.06,1.416,0,0,0,0,0,0,0,0,368.705,311.494,141,324,-0.814,0.313,-0.039,0.031,82,136.5,343,-2.5,0,447.282,315.51,2.486,0.261,0,0,0,0,2055

Main.js:462 134.106,192.654,24,24,0.859,0.396,0.046,0.02,26,0,0,1,0,0,0,0,241.761,276.56,2.06,1.416,0,0,0,0,0,0,0,0,367.894,311.82,142.5,324,-0.811,0.326,-0.04,0.03,81,134,343,-2.5,0,449.769,315.771,2.486,0.261,0,0,0,0,2071

Main.js:462 134.966,193.05,24,24,0.86,0.396,0.046,0.02,25,0,0,1,0,0,0,0,243.821,277.976,2.06,1.416,0,0,0,0,0,0,0,0,367.086,312.157,144,324,-0.808,0.337,-0.04,0.029,80,131.5,343,-2.5,0,452.255,316.032,2.486,0.261,0,0,0,0,2090

Main.js:462 135.826,193.445,24,24,0.86,0.396,0.046,0.02,24,0,0,1,0,0,0,0,245.882,279.392,2.06,1.416,0,0,0,0,0,0,0,0,366.279,312.505,145.5,324,-0.807,0.347,-0.041,0.028,79,129,343,-2.5,0,454.741,316.294,2.486,0.261,0,0,0,0,2105

Main.js:462 136.686,193.84,24,24,0.86,0.395,0.046,0.02,23,0,0,1,0,0,0,0,247.942,280.808,2.06,1.416,0,0,0,0,0,0,0,0,365.472,312.86,147,324,-0.807,0.356,-0.042,0.027,78,126.5,343,-2.5,0,457.228,316.555,2.486,0.261,0,0,0,0,2123

Main.js:462 137.547,194.235,24,24,0.861,0.395,0.046,0.02,22,0,0,1,0,0,0,0,250.002,282.224,2.06,1.416,0,0,0,0,0,0,0,0,364.665,313.223,148.5,324,-0.807,0.363,-0.043,0.026,77,124,343,-2.5,0,459.714,316.816,2.486,0.261,0,0,0,0,2139

Main.js:462 138.408,194.629,24,24,0.861,0.394,0.046,0.02,21,0,0,1,0,0,0,0,252.063,283.64,2.06,1.416,0,0,0,0,0,0,0,0,363.858,313.592,150,324,-0.808,0.369,-0.043,0.025,76,121.5,343,-2.5,0,462.2,317.078,2.486,0.261,0,0,0,0,2155

Main.js:462 139.269,195.023,24,24,0.861,0.394,0.046,0.02,20,0,0,1,0,0,0,0,254.123,285.056,2.06,1.416,0,0,0,0,0,0,0,0,363.049,313.965,151.5,324,-0.809,0.373,-0.044,0.024,75,119,343,-2.5,0,464.687,317.339,2.486,0.261,0,0,0,0,2171

Main.js:462 140.131,195.416,24,24,0.862,0.393,0.046,0.02,19,0,0,1,0,0,0,0,256.183,286.472,2.06,1.416,0,0,0,0,0,0,0,0,362.238,314.341,153,324,-0.811,0.376,-0.045,0.023,74,116.5,343,-2.5,0,467.173,317.6,2.486,0.261,0,0,0,0,2188

Main.js:462 140.993,195.81,24,24,0.862,0.393,0.046,0.02,18,0,0,1,0,0,0,0,258.244,287.888,2.06,1.416,0,0,0,0,0,0,0,0,361.425,314.718,154.5,324,-0.813,0.377,-0.045,0.022,73,114,343,-2.5,0,469.659,317.862,2.486,0.261,0,0,0,0,2205

Main.js:462 141.856,196.202,24,24,0.862,0.393,0.046,0.02,17,0,0,1,0,0,0,0,260.304,289.304,2.06,1.416,0,0,0,0,0,0,0,0,360.609,315.096,156,324,-0.816,0.378,-0.046,0.02,72,111.5,343,-2.5,0,472.146,318.123,2.486,0.261,0,0,0,0,2221

Main.js:462 142.718,196.595,24,24,0.863,0.392,0.046,0.02,16,0,0,1,0,1,0,0,262.364,290.72,2.06,1.416,0,0,0,0,0,0,0,0,359.79,315.473,157.5,324,-0.819,0.377,-0.046,0.019,71,109,343,-2.5,0,474.632,318.384,2.486,0.261,0,0,0,0,2238

Main.js:462 143.581,196.987,24,24,0.863,0.392,0.046,0.02,15,0,0,1,0,1,0,0,264.424,292.136,2.06,1.416,0,0,0,0,0,0,0,0,358.967,315.848,159,324,-0.822,0.375,-0.047,0.018,70,106.5,343,-2.5,0,477.118,318.645,2.486,0.261,0,0,0,0,2256

Main.js:462 144.444,197.379,24,24,0.863,0.392,0.046,0.02,14,0,0,1,0,1,0,0,266.485,293.552,2.06,1.416,0,0,0,0,0,0,0,0,358.141,316.221,160.5,324,-0.826,0.372,-0.047,0.017,69,104,343,-2.5,0,479.604,318.907,2.486,0.261,0,0,0,0,2272

Main.js:462 145.308,197.77,24,24,0.863,0.392,0.046,0.02,13,0,0,1,0,1,0,0,268.545,294.968,2.06,1.416,0,0,0,0,0,0,0,0,357.311,316.589,162,324,-0.83,0.368,-0.048,0.015,68,101.5,343,-2.5,0,482.091,319.168,2.486,0.261,0,0,0,0,2289

Main.js:462 146.171,198.162,24,24,0.864,0.391,0.046,0.02,12,0,0,1,0,1,0,0,270.605,296.384,2.06,1.416,0,0,0,0,0,0,0,0,356.477,316.953,163.5,324,-0.834,0.364,-0.048,0.014,67,99,343,-2.5,0,484.577,319.429,2.486,0.261,0,0,0,0,2305

Main.js:462 147.035,198.553,24,24,0.864,0.391,0.046,0.02,11,0,0,1,0,0,0,0,272.666,297.8,2.06,1.416,0,0,0,0,0,0,0,0,355.639,317.311,165,324,-0.838,0.358,-0.048,0.013,66,96.5,343,-2.5,0,487.063,319.691,2.486,0.261,0,0,0,0,2322

Main.js:462 147.899,198.943,24,24,0.864,0.391,0.046,0.02,10,0,0,1,0,0,0,0,274.726,299.216,2.06,1.416,0,0,0,0,0,0,0,0,354.797,317.661,166.5,324,-0.842,0.351,-0.049,0.012,65,94,343,-2.5,0,489.55,319.952,2.486,0.261,0,0,0,0,2340

Main.js:462 148.763,199.334,24,24,0.864,0.391,0.046,0.02,9,0,0,1,0,0,0,0,276.786,300.632,2.06,1.416,0,0,0,0,0,0,0,0,353.95,318.005,168,324,-0.847,0.343,-0.049,0.01,64,91.5,343,-2.5,0,492.036,320.213,2.486,0.261,0,0,0,0,2359

Main.js:462 149.628,199.725,24,24,0.864,0.39,0.046,0.02,8,0,0,1,0,0,0,0,278.847,302.048,2.06,1.416,0,0,0,0,0,0,0,0,353.099,318.339,169.5,324,-0.851,0.335,-0.049,0.009,63,89,343,-2.5,0,494.522,320.475,2.486,0.261,0,0,0,0,2372

Main.js:462 150.492,200.115,24,24,0.865,0.39,0.046,0.02,7,0,0,1,0,0,0,0,280.907,303.464,2.06,1.416,0,0,0,0,0,0,0,0,352.243,318.665,171,324,-0.855,0.325,-0.049,0.008,62,86.5,343,-2.5,0,497.009,320.736,2.486,0.261,0,0,0,0,2388

Main.js:462 151.357,200.505,24,24,0.865,0.39,0.046,0.02,6,0,0,1,0,0,0,0,282.967,304.88,2.06,1.416,0,0,0,0,0,0,0,0,351.384,318.98,172.5,324,-0.86,0.315,-0.05,0.007,61,84,343,-2.5,0,499.495,320.997,2.486,0.261,0,0,0,0,2405

Main.js:462 152.222,200.895,24,24,0.865,0.39,0.046,0.02,5,0,0,1,0,0,0,0,285.028,306.296,2.06,1.416,0,0,0,0,0,0,0,0,350.52,319.284,174,324,-0.864,0.305,-0.05,0.005,60,81.5,343,-2.5,0,0,0,0,0,0,0,0,0,2422

Main.js:462 153.087,201.284,24,24,0.865,0.39,0.046,0.02,4,0,0,1,0,0,0,0,287.088,307.712,2.06,1.416,0,0,0,0,0,0,0,0,349.651,319.578,175.5,324,-0.868,0.293,-0.05,0.004,59,79,343,-2.5,0,0,0,0,0,0,0,0,0,2439

Main.js:462 153.952,201.674,24,24,0.865,0.389,0.046,0.02,3,0,0,1,0,0,0,0,289.148,309.128,2.06,1.416,0,0,0,0,0,0,0,0,348.779,319.858,177,324,-0.872,0.281,-0.05,0.003,58,76.5,343,-2.5,0,0,0,0,0,0,0,0,0,2487

Main.js:462 154.817,202.063,24,24,0.865,0.389,0.046,0.02,2,0,0,1,0,0,0,0,291.209,310.544,2.06,1.416,0,0,0,0,0,0,0,0,347.903,320.126,178.5,324,-0.876,0.268,-0.05,0.001,57,74,343,-2.5,0,0,0,0,0,0,0,0,0,2509

Main.js:462 155.683,202.452,24,24,0.865,0.389,0.046,0.02,1,0,0,1,0,0,0,0,293.269,311.96,2.06,1.416,0,0,0,0,0,0,0,0,347.023,320.382,178.5,322.5,-0.88,0.256,-0.05,0.001,56,71.5,343,-2.5,0,0,0,0,0,0,0,0,0,2522

Main.js:462 156.548,202.841,24,24,0.866,0.389,0.046,0.02,0,0,0,1,0,0,0,0,295.329,313.376,2.06,1.416,0,0,0,0,0,0,0,0,346.14,320.627,178.5,321,-0.883,0.244,-0.05,0.001,55,69,343,-2.5,0,0,0,0,0,0,0,0,0,2538

Main.js:462 157.414,203.23,24,24,0.866,0.389,0.046,0.02,0,0,0,1,0,0,0,0,297.39,314.792,2.06,1.416,0,0,0,0,0,0,0,0,345.253,320.86,178.5,319.5,-0.887,0.233,-0.05,0.001,54,66.5,343,-2.5,0,0,0,0,0,0,0,0,0,2553

Main.js:462 158.28,203.619,24,24,0.866,0.389,0.046,0.02,0,0,0,1,0,0,0,0,299.45,316.208,2.06,1.416,0,0,0,0,0,0,0,0,344.364,321.083,178.5,318,-0.89,0.223,-0.05,0.001,53,64,343,-2.5,0,0,0,0,0,0,0,0,0,2571

Main.js:462 159.146,204.008,24,24,0.866,0.389,0.046,0.02,0,0,0,1,0,0,0,0,301.51,317.624,2.06,1.416,0,0,0,0,0,0,0,0,343.471,321.296,178.5,316.5,-0.893,0.213,-0.05,0.001,52,61.5,343,-2.5,0,0,0,0,0,0,0,0,0,2593

Main.js:462 160.012,204.396,24,24,0.866,0.389,0.046,0.02,0,0,0,1,0,0,0,0,303.57,319.04,2.06,1.416,0,0,0,0,0,0,0,0,342.575,321.5,178.5,315,-0.896,0.204,-0.05,0.001,51,59,343,-2.5,0,0,0,0,0,0,0,0,0,2604

Main.js:462 160.878,204.785,24,24,0.866,0.388,0.046,0.02,0,0,0,1,0,0,0,0,305.631,320.456,2.06,1.416,0,0,0,0,0,0,0,0,341.677,321.694,178.5,313.5,-0.898,0.195,-0.05,0.001,50,56.5,343,-2.5,0,0,0,0,0,0,0,0,0,2621

Main.js:462 161.744,205.173,24,24,0.866,0.388,0.046,0.02,0,0,0,1,0,0,0,0,307.691,321.872,2.06,1.416,0,0,0,0,0,0,0,0,340.776,321.881,178.5,312,-0.901,0.186,-0.05,0.001,49,54,343,-2.5,0,0,0,0,0,0,0,0,0,2639

Main.js:462 162.61,205.561,24,24,0.866,0.388,0.046,0.02,0,0,0,1,0,0,0,0,309.751,323.288,2.06,1.416,0,0,0,0,0,0,0,0,339.873,322.059,178.5,310.5,-0.903,0.178,-0.05,0.001,48,51.5,343,-2.5,0,0,0,0,0,0,0,0,0,2654

Main.js:462 163.477,205.95,24,24,0.866,0.388,0.046,0.02,0,0,0,1,0,0,0,0,311.812,324.704,2.06,1.416,0,0,0,0,0,0,0,0,338.967,322.229,178.5,309,-0.906,0.17,-0.05,0.001,47,49,343,-2.5,0,0,0,0,0,0,0,0,0,2671

Main.js:462 164.343,206.338,24,24,0.866,0.388,0.046,0.02,0,0,0,1,0,0,0,0,313.872,326.12,2.06,1.416,0,0,0,0,0,0,0,0,338.059,322.392,178.5,307.5,-0.908,0.163,-0.05,0.001,46,46.5,343,-2.5,0,0,0,0,0,0,0,0,0,2687

Main.js:462 165.21,206.726,24,24,0.866,0.388,0.046,0.02,0,0,0,1,0,0,0,0,315.932,327.536,2.06,1.416,0,0,0,0,0,0,0,0,337.149,322.549,178.5,306,-0.91,0.156,-0.05,0.001,45,44,343,-2.5,0,0,0,0,0,0,0,0,0,2704

Main.js:462 166.076,207.113,24,24,0.867,0.388,0.046,0.02,0,0,0,1,0,0,0,0,317.993,328.953,2.06,1.416,0,0,0,0,0,0,0,0,336.237,322.698,178.5,304.5,-0.912,0.15,-0.05,0.001,44,41.5,343,-2.5,0,0,0,0,0,0,0,0,0,2722

Main.js:462 166.943,207.501,24,24,0.867,0.388,0.046,0.02,0,0,0,1,0,0,0,0,320.053,330.369,2.06,1.416,0,0,0,0,0,0,0,0,335.324,322.842,178.5,303,-0.914,0.143,-0.05,0.001,43,39,343,-2.5,0,0,0,0,0,0,0,0,0,2738

Main.js:462 167.809,207.889,24,24,0.867,0.388,0.046,0.02,0,0,0,1,0,0,0,0,320.053,330.369,2.06,1.416,0,0,0,0,0,0,0,0,334.408,322.979,178.5,301.5,-0.916,0.138,-0.05,0.001,42,39,343,-2.5,0,0,0,0,0,0,0,0,0,2755

