Main.js:143 myTank.x,myTank.y,myTank.rotation,myTank.cannonRotation,myTank.velocityX,myTank.velocityY,myTank.accelerationX,myTank.accelerationY,myTank.shootCooldown,myTank.controls.turnLeft,myTank.controls.turnRight,myTank.controls.goForward,myTank.controls.goBack,myTank.controls.shoot,myTank.controls.cannonLeft,myTank.controls.cannonRight,myBullet1.x,myBullet1.y,myBullet1.velocityX,myBullet1.velocityY,myBullet2.x,myBullet2.y,myBullet2.velocityX,myBullet2.velocityY,myBullet3.x,myBullet3.y,myBullet3.velocityX,myBullet3.velocityY,enemyTank.x,enemyTank.y,enemyTank.rotation,enemyTank.cannonRotation,enemyTank.velocityX,enemyTank.velocityY,enemyTank.accelerationX,enemyTank.accelerationY,enemyTank.shootCooldown,enemyBullet1.x,enemyBullet1.y,enemyBullet1.velocityX,enemyBullet1.velocityY,enemyBullet2.x,enemyBullet2.y,enemyBullet2.velocityX,enemyBullet2.velocityY,enemyBullet3.x,enemyBullet3.y,enemyBullet3.velocityX,enemyBullet3.velocityY,currentGameTime
Main.js:462 50,204,0,0,0,0,0,0,0,0,0,0,0,0,0,0,0,0,0,0,0,0,0,0,0,0,0,0,450,296,180,180,0,0,0,0,0,0,0,0,0,0,0,0,0,0,0,0,0,6

Main.js:462 50,204,0,0,0,0,0,0,0,0,0,0,0,0,0,0,0,0,0,0,0,0,0,0,0,0,0,0,450,296,180,180,0,0,0,0,0,0,0,0,0,0,0,0,0,0,0,0,0,30

Main.js:462 50,204,0,0,0,0,0,0,0,0,0,0,0,0,0,0,0,0,0,0,0,0,0,0,0,0,0,0,449.953,295.999,181.5,180,-0.047,-0.001,-0.05,-0.001,99,0,0,0,0,0,0,0,0,0,0,0,0,46

Main.js:462 50,204,0,0,0,0,0,0,0,0,0,0,0,0,0,0,0,0,0,0,0,0,0,0,0,0,0,0,449.86,295.995,183,180,-0.093,-0.004,-0.05,-0.003,98,426.5,296,-2.5,0,0,0,0,0,0,0,0,0,62

Main.js:462 50,204,0,0,0,0,0,0,0,0,0,0,0,0,0,0,0,0,0,0,0,0,0,0,0,0,0,0,449.725,295.988,184.5,180,-0.135,-0.007,-0.05,-0.004,97,424,296,-2.5,0,0,0,0,0,0,0,0,0,80

Main.js:462 50,204,0,0,0,0,0,0,0,0,0,0,0,0,0,0,0,0,0,0,0,0,0,0,0,0,0,0,449.549,295.976,186,180,-0.176,-0.012,-0.05,-0.005,96,421.5,296,-2.5,0,0,0,0,0,0,0,0,0,95

Main.js:462 50,204,0,0,0,0,0,0,0,0,0,0,0,0,0,0,0,0,0,0,0,0,0,0,0,0,0,0,449.335,295.959,187.5,180,-0.214,-0.017,-0.05,-0.007,95,419,296,-2.5,0,0,0,0,0,0,0,0,0,111

Main.js:462 50,204,0,0,0,0,0,0,0,0,0,0,0,0,0,0,0,0,0,0,0,0,0,0,0,0,0,0,449.085,295.935,189,180,-0.25,-0.024,-0.049,-0.008,94,416.5,296,-2.5,0,0,0,0,0,0,0,0,0,129

Main.js:462 50,204,0,0,0,0,0,0,0,0,0,0,0,0,0,0,0,0,0,0,0,0,0,0,0,0,0,0,448.8,295.903,190.5,180,-0.284,-0.031,-0.049,-0.009,93,414,296,-2.5,0,0,0,0,0,0,0,0,0,146

Main.js:462 50,204,0,0,0,0,0,0,0,0,0,0,0,0,0,0,0,0,0,0,0,0,0,0,0,0,0,0,448.483,295.863,192,180,-0.317,-0.04,-0.049,-0.01,92,411.5,296,-2.5,0,0,0,0,0,0,0,0,0,162

Main.js:462 50.048,204,0,0,0.048,0,0.05,0,0,0,0,1,0,0,0,0,0,0,0,0,0,0,0,0,0,0,0,0,448.136,295.815,193.5,180,-0.347,-0.049,-0.049,-0.012,91,409,296,-2.5,0,0,0,0,0,0,0,0,0,179

Main.js:462 50.14,204,0,0,0.093,0,0.05,0,0,0,0,1,0,0,0,0,0,0,0,0,0,0,0,0,0,0,0,0,447.761,295.756,195,180,-0.376,-0.059,-0.048,-0.013,90,406.5,296,-2.5,0,0,0,0,0,0,0,0,0,196

Main.js:462 50.276,204,0,0,0.135,0,0.05,0,0,0,0,1,0,0,0,0,0,0,0,0,0,0,0,0,0,0,0,0,447.359,295.687,196.5,180,-0.402,-0.069,-0.048,-0.014,89,404,296,-2.5,0,0,0,0,0,0,0,0,0,212

Main.js:462 50.452,204,0,0,0.176,0,0.05,0,0,0,0,1,0,0,0,0,0,0,0,0,0,0,0,0,0,0,0,0,446.931,295.606,198,180,-0.427,-0.08,-0.048,-0.015,88,401.5,296,-2.5,0,0,0,0,0,0,0,0,0,230

Main.js:462 50.667,204,0,0,0.215,0,0.05,0,0,0,0,1,0,0,0,0,0,0,0,0,0,0,0,0,0,0,0,0,446.48,295.514,199.5,180,-0.451,-0.092,-0.047,-0.017,87,399,296,-2.5,0,0,0,0,0,0,0,0,0,245

Main.js:462 50.918,204,0,0,0.252,0,0.05,0,0,0,0,1,0,0,0,0,0,0,0,0,0,0,0,0,0,0,0,0,446.008,295.409,201,180,-0.473,-0.105,-0.047,-0.018,86,396.5,296,-2.5,0,0,0,0,0,0,0,0,0,263

Main.js:462 51.205,204,0,0,0.287,0,0.05,0,0,0,0,1,0,0,0,0,0,0,0,0,0,0,0,0,0,0,0,0,445.515,295.292,202.5,180,-0.493,-0.118,-0.046,-0.019,85,394,296,-2.5,0,0,0,0,0,0,0,0,0,280

Main.js:462 51.525,204,0,0,0.32,0,0.05,0,0,0,0,1,0,0,0,0,0,0,0,0,0,0,0,0,0,0,0,0,445.003,295.16,204,180,-0.512,-0.131,-0.046,-0.02,84,391.5,296,-2.5,0,0,0,0,0,0,0,0,0,296

Main.js:462 51.876,204,0,0,0.351,0,0.05,0,0,0,0,1,0,0,0,0,0,0,0,0,0,0,0,0,0,0,0,0,444.474,295.015,205.5,180,-0.529,-0.145,-0.045,-0.022,83,389,296,-2.5,0,0,0,0,0,0,0,0,0,313

Main.js:462 52.257,204.001,1.5,1.5,0.381,0.001,0.05,0.001,0,0,1,1,0,0,0,0,0,0,0,0,0,0,0,0,0,0,0,0,443.93,294.856,207,180,-0.545,-0.159,-0.045,-0.023,82,386.5,296,-2.5,0,0,0,0,0,0,0,0,0,330

Main.js:462 52.667,204.005,3,3,0.41,0.004,0.05,0.003,0,0,1,1,0,0,0,0,0,0,0,0,0,0,0,0,0,0,0,0,443.37,294.682,208.5,180,-0.559,-0.174,-0.044,-0.024,81,384,296,-2.5,0,0,0,0,0,0,0,0,0,347

Main.js:462 53.103,204.012,4.5,4.5,0.436,0.007,0.05,0.004,0,0,1,1,0,0,0,0,0,0,0,0,0,0,0,0,0,0,0,0,442.798,294.493,210,180,-0.572,-0.189,-0.043,-0.025,80,381.5,296,-2.5,0,0,0,0,0,0,0,0,0,362

Main.js:462 53.565,204.024,6,6,0.462,0.012,0.05,0.005,0,0,1,1,0,0,0,0,0,0,0,0,0,0,0,0,0,0,0,0,442.213,294.289,211.5,180,-0.584,-0.204,-0.043,-0.026,79,379,296,-2.5,0,0,0,0,0,0,0,0,0,380

Main.js:462 54.051,204.041,7.5,7.5,0.486,0.017,0.05,0.007,0,0,1,1,0,0,0,0,0,0,0,0,0,0,0,0,0,0,0,0,441.618,294.069,213,180,-0.595,-0.22,-0.042,-0.027,78,376.5,296,-2.5,0,0,0,0,0,0,0,0,0,395

Main.js:462 54.559,204.065,9,9,0.508,0.024,0.049,0.008,0,0,1,1,0,0,0,0,0,0,0,0,0,0,0,0,0,0,0,0,441.014,293.833,214.5,180,-0.604,-0.236,-0.041,-0.028,77,374,296,-2.5,0,0,0,0,0,0,0,0,0,413

Main.js:462 55.089,204.097,10.5,10.5,0.53,0.031,0.049,0.009,0,0,1,1,0,0,0,0,0,0,0,0,0,0,0,0,0,0,0,0,440.402,293.581,216,180,-0.613,-0.252,-0.04,-0.029,76,371.5,296,-2.5,0,0,0,0,0,0,0,0,0,431

Main.js:462 55.639,204.137,12,12,0.55,0.04,0.049,0.01,0,0,1,1,0,0,0,0,0,0,0,0,0,0,0,0,0,0,0,0,439.782,293.312,217.5,180,-0.62,-0.268,-0.04,-0.03,75,369,296,-2.5,0,0,0,0,0,0,0,0,0,447

Main.js:462 56.208,204.184,12,12,0.569,0.048,0.049,0.01,0,0,0,1,0,0,0,0,0,0,0,0,0,0,0,0,0,0,0,0,439.156,293.027,219,180,-0.626,-0.285,-0.039,-0.031,74,366.5,296,-2.5,0,0,0,0,0,0,0,0,0,463

Main.js:462 56.794,204.239,12,12,0.587,0.055,0.049,0.01,0,0,0,1,0,0,0,0,0,0,0,0,0,0,0,0,0,0,0,0,438.526,292.726,220.5,180,-0.63,-0.301,-0.038,-0.032,73,364,296,-2.5,0,0,0,0,0,0,0,0,0,481

Main.js:462 57.398,204.302,12,12,0.604,0.062,0.049,0.01,0,0,0,1,0,0,0,0,0,0,0,0,0,0,0,0,0,0,0,0,437.892,292.408,222,180,-0.634,-0.318,-0.037,-0.033,72,361.5,296,-2.5,0,0,0,0,0,0,0,0,0,497

Main.js:462 58.018,204.371,12,12,0.62,0.069,0.049,0.01,99,0,0,1,0,1,0,0,0,0,0,0,0,0,0,0,0,0,0,0,437.255,292.073,223.5,180,-0.637,-0.335,-0.036,-0.034,71,359,296,-2.5,0,0,0,0,0,0,0,0,0,513

Main.js:462 58.654,204.446,12,12,0.636,0.075,0.049,0.01,98,0,0,1,0,1,0,0,80.385,209.187,2.445,0.52,0,0,0,0,0,0,0,0,436.615,291.722,223.5,178.5,-0.64,-0.351,-0.036,-0.034,70,356.5,296,-2.5,0,0,0,0,0,0,0,0,0,530

Main.js:462 59.304,204.528,12,12,0.65,0.082,0.049,0.01,97,0,0,1,0,1,0,0,82.83,209.707,2.445,0.52,0,0,0,0,0,0,0,0,435.973,291.356,223.5,177,-0.642,-0.366,-0.036,-0.034,69,354,296,-2.5,0,0,0,0,0,0,0,0,0,545

Main.js:462 59.968,204.615,12,12,0.664,0.087,0.049,0.01,96,0,0,1,0,1,0,0,85.275,210.227,2.445,0.52,0,0,0,0,0,0,0,0,435.329,290.975,223.5,175.5,-0.644,-0.38,-0.036,-0.034,68,351.5,296,-2.5,0,0,0,0,0,0,0,0,0,563

Main.js:462 60.646,204.708,12,12,0.677,0.093,0.049,0.01,95,0,0,1,0,1,0,0,87.721,210.747,2.445,0.52,0,0,0,0,0,0,0,0,434.682,290.581,223.5,174,-0.647,-0.394,-0.036,-0.034,67,349,296,-2.5,0,0,0,0,0,0,0,0,0,579

Main.js:462 61.336,204.806,12,12,0.69,0.098,0.049,0.01,94,0,0,1,0,0,0,0,90.166,211.267,2.445,0.52,0,0,0,0,0,0,0,0,434.034,290.174,223.5,172.5,-0.649,-0.407,-0.036,-0.034,66,346.5,296,-2.5,0,0,0,0,0,0,0,0,0,596

Main.js:462 62.038,204.909,12,12,0.702,0.103,0.049,0.01,93,0,0,1,0,0,0,0,92.611,211.786,2.445,0.52,0,0,0,0,0,0,0,0,433.383,289.754,223.5,171,-0.651,-0.419,-0.036,-0.034,65,344,296,-2.5,0,0,0,0,0,0,0,0,0,613

Main.js:462 62.751,205.017,12,12,0.713,0.108,0.049,0.01,92,0,0,1,0,0,0,0,95.057,212.306,2.445,0.52,0,0,0,0,0,0,0,0,432.73,289.323,223.5,169.5,-0.653,-0.431,-0.036,-0.034,64,341.5,296,-2.5,0,0,0,0,0,0,0,0,0,630

Main.js:462 63.475,205.129,12,12,0.724,0.112,0.049,0.01,91,0,0,1,0,0,0,0,97.502,212.826,2.445,0.52,0,0,0,0,0,0,0,0,432.076,288.881,223.5,168,-0.654,-0.442,-0.036,-0.034,63,339,296,-2.5,0,0,0,0,0,0,0,0,0,646

Main.js:462 64.21,205.245,12,12,0.734,0.117,0.049,0.01,90,0,0,1,0,0,0,0,99.948,213.346,2.445,0.52,0,0,0,0,0,0,0,0,431.42,288.428,223.5,166.5,-0.656,-0.453,-0.036,-0.034,62,336.5,296,-2.5,0,0,0,0,0,0,0,0,0,663

Main.js:462 64.954,205.366,12,12,0.744,0.121,0.049,0.01,89,0,0,1,0,0,0,0,102.393,213.865,2.445,0.52,0,0,0,0,0,0,0,0,430.762,287.965,223.5,165,-0.658,-0.463,-0.036,-0.034,61,334,296,-2.5,0,0,0,0,0,0,0,0,0,679

Main.js:462 65.707,205.49,12,12,0.753,0.124,0.049,0.01,88,0,0,1,0,0,0,0,104.838,214.385,2.445,0.52,0,0,0,0,0,0,0,0,430.102,287.493,223.5,163.5,-0.659,-0.473,-0.036,-0.034,60,331.5,296,-2.5,0,0,0,0,0,0,0,0,0,696

Main.js:462 66.47,205.618,12,12,0.762,0.128,0.049,0.01,87,0,0,1,0,0,0,0,107.284,214.905,2.445,0.52,0,0,0,0,0,0,0,0,429.441,287.011,223.5,162,-0.661,-0.482,-0.036,-0.034,59,329,296,-2.5,0,0,0,0,0,0,0,0,0,714

Main.js:462 67.24,205.75,12,12,0.771,0.132,0.049,0.01,86,0,0,1,0,0,0,0,109.729,215.425,2.445,0.52,0,0,0,0,0,0,0,0,428.779,286.521,223.5,160.5,-0.662,-0.49,-0.036,-0.034,58,326.5,296,-2.5,0,0,0,0,0,0,0,0,0,730

Main.js:462 68.019,205.885,12,12,0.778,0.135,0.049,0.01,85,0,0,1,0,0,0,0,112.174,215.945,2.445,0.52,0,0,0,0,0,0,0,0,428.115,286.022,223.5,159,-0.664,-0.498,-0.036,-0.034,57,324,296,-2.5,0,0,0,0,0,0,0,0,0,747

Main.js:462 68.805,206.023,12,12,0.786,0.138,0.049,0.01,84,0,0,1,0,0,0,0,114.62,216.464,2.445,0.52,0,0,0,0,0,0,0,0,427.45,285.516,223.5,157.5,-0.665,-0.506,-0.036,-0.034,56,321.5,296,-2.5,0,0,0,0,0,0,0,0,0,763

Main.js:462 69.598,206.164,12,12,0.793,0.141,0.049,0.01,83,0,0,1,0,0,0,0,117.065,216.984,2.445,0.52,0,0,0,0,0,0,0,0,426.784,285.003,223.5,156,-0.666,-0.514,-0.036,-0.034,55,319,296,-2.5,0,0,0,0,0,0,0,0,0,779

Main.js:462 70.398,206.308,12,12,0.8,0.144,0.049,0.01,82,0,0,1,0,0,0,0,119.511,217.504,2.445,0.52,0,0,0,0,0,0,0,0,426.117,284.482,223.5,154.5,-0.667,-0.521,-0.036,-0.034,54,316.5,296,-2.5,0,0,0,0,0,0,0,0,0,795

Main.js:462 71.204,206.454,12,12,0.806,0.146,0.049,0.01,81,0,0,1,0,0,0,0,121.956,218.024,2.445,0.52,0,0,0,0,0,0,0,0,425.449,283.955,223.5,153,-0.668,-0.527,-0.036,-0.034,53,314,296,-2.5,0,0,0,0,0,0,0,0,0,811

Main.js:462 72.017,206.603,12,12,0.813,0.149,0.049,0.01,80,0,0,1,0,0,0,0,124.401,218.543,2.445,0.52,0,0,0,0,0,0,0,0,424.779,283.421,223.5,151.5,-0.669,-0.534,-0.036,-0.034,52,311.5,296,-2.5,0,0,0,0,0,0,0,0,0,830

Main.js:462 72.835,206.755,12,12,0.818,0.151,0.049,0.01,79,0,0,1,0,0,0,0,126.847,219.063,2.445,0.52,0,0,0,0,0,0,0,0,424.109,282.882,223.5,150,-0.67,-0.54,-0.036,-0.034,51,309,296,-2.5,0,0,0,0,0,0,0,0,0,847

Main.js:462 73.659,206.908,12,12,0.824,0.154,0.049,0.01,78,0,0,1,0,0,0,0,129.292,219.583,2.445,0.52,0,0,0,0,0,0,0,0,423.437,282.336,223.5,148.5,-0.671,-0.545,-0.036,-0.034,50,306.5,296,-2.5,0,0,0,0,0,0,0,0,0,861

Main.js:462 74.489,207.064,12,12,0.829,0.156,0.049,0.01,77,0,0,1,0,0,0,0,131.737,220.103,2.445,0.52,0,0,0,0,0,0,0,0,422.765,281.786,223.5,147,-0.672,-0.551,-0.036,-0.034,49,304,296,-2.5,0,0,0,0,0,0,0,0,0,879

Main.js:462 75.323,207.222,12,12,0.834,0.158,0.049,0.01,76,0,0,1,0,0,0,0,134.183,220.623,2.445,0.52,0,0,0,0,0,0,0,0,422.092,281.23,223.5,145.5,-0.673,-0.556,-0.036,-0.034,48,301.5,296,-2.5,0,0,0,0,0,0,0,0,0,897

Main.js:462 76.162,207.381,10.5,10.5,0.839,0.159,0.049,0.009,75,1,0,1,0,0,0,0,136.628,221.142,2.445,0.52,0,0,0,0,0,0,0,0,421.418,280.669,223.5,144,-0.674,-0.561,-0.036,-0.034,47,299,296,-2.5,0,0,0,0,0,0,0,0,0,912

Main.js:462 77.006,207.539,9,9,0.844,0.158,0.049,0.008,74,1,0,1,0,0,0,0,139.073,221.662,2.445,0.52,0,0,0,0,0,0,0,0,420.744,280.103,223.5,142.5,-0.675,-0.565,-0.036,-0.034,46,296.5,296,-2.5,0,0,0,0,0,0,0,0,0,930

Main.js:462 77.855,207.696,7.5,7.5,0.849,0.157,0.05,0.007,73,1,0,1,0,0,0,0,141.519,222.182,2.445,0.52,0,0,0,0,0,0,0,0,420.068,279.534,223.5,141,-0.675,-0.57,-0.036,-0.034,45,294,296,-2.5,0,0,0,0,0,0,0,0,0,947

Main.js:462 78.709,207.85,6,6,0.854,0.154,0.05,0.005,72,1,0,1,0,0,0,0,143.964,222.702,2.445,0.52,0,0,0,0,0,0,0,0,419.392,278.96,223.5,139.5,-0.676,-0.574,-0.036,-0.034,44,291.5,296,-2.5,0,0,0,0,0,0,0,0,0,962

Main.js:462 79.568,207.999,4.5,4.5,0.859,0.15,0.05,0.004,71,1,0,1,0,0,0,0,146.41,223.222,2.445,0.52,0,0,0,0,0,0,0,0,418.716,278.381,223.5,138,-0.677,-0.578,-0.036,-0.034,43,289,296,-2.5,0,0,0,0,0,0,0,0,0,979

Main.js:462 80.431,208.144,3,3,0.863,0.145,0.05,0.003,70,1,0,1,0,0,0,0,148.855,223.741,2.445,0.52,0,0,0,0,0,0,0,0,418.038,277.8,223.5,136.5,-0.677,-0.582,-0.036,-0.034,42,286.5,296,-2.5,0,0,0,0,0,0,0,0,0,997

Main.js:462 81.298,208.283,1.5,1.5,0.867,0.139,0.05,0.001,69,1,0,1,0,0,0,0,151.3,224.261,2.445,0.52,0,0,0,0,0,0,0,0,417.36,277.214,223.5,135,-0.678,-0.585,-0.036,-0.034,41,284,296,-2.5,0,0,0,0,0,0,0,0,0,1013

Main.js:462 82.17,208.415,0,0,0.871,0.132,0.05,0,68,1,0,1,0,0,0,0,153.746,224.781,2.445,0.52,0,0,0,0,0,0,0,0,416.681,276.626,222,132,-0.679,-0.588,-0.037,-0.033,40,281.5,296,-2.5,0,0,0,0,0,0,0,0,0,1030

Main.js:462 83.045,208.539,358.5,358.5,0.875,0.124,0.05,-0.001,67,1,0,1,0,0,0,0,156.191,225.301,2.445,0.52,0,0,0,0,0,0,0,0,416,276.037,220.5,129,-0.681,-0.589,-0.038,-0.032,39,279,296,-2.5,0,0,0,0,0,0,0,0,0,1046

Main.js:462 83.924,208.655,358.5,358.5,0.879,0.117,0.05,-0.001,66,0,0,1,0,0,0,0,158.636,225.82,2.445,0.52,0,0,0,0,0,0,0,0,415.315,275.447,219,126,-0.684,-0.59,-0.039,-0.031,38,276.5,296,-2.5,0,0,0,0,0,0,0,0,0,1063

Main.js:462 84.807,208.764,358.5,358.5,0.883,0.109,0.05,-0.001,65,0,0,1,0,0,0,0,161.082,226.34,2.445,0.52,0,0,0,0,0,0,0,0,414.628,274.858,217.5,123,-0.688,-0.589,-0.04,-0.03,37,274,296,-2.5,0,0,0,0,0,0,0,0,0,1079

Main.js:462 85.693,208.867,358.5,358.5,0.886,0.103,0.05,-0.001,64,0,0,1,0,0,0,0,163.527,226.86,2.445,0.52,0,0,0,0,0,0,0,0,413.936,274.27,216,120,-0.692,-0.588,-0.04,-0.029,36,271.5,296,-2.5,0,0,0,0,0,0,0,0,0,1096

Main.js:462 86.582,208.964,358.5,358.5,0.889,0.096,0.05,-0.001,63,0,0,1,0,0,0,0,165.973,227.38,2.445,0.52,0,0,0,0,0,0,0,0,413.239,273.685,214.5,117,-0.696,-0.585,-0.041,-0.028,35,269,296,-2.5,0,0,0,0,0,0,0,0,0,1112

Main.js:462 87.474,209.054,358.5,358.5,0.892,0.09,0.05,-0.001,62,0,0,1,0,0,0,0,168.418,227.9,2.445,0.52,0,0,0,0,0,0,0,0,412.538,273.103,213,114,-0.701,-0.582,-0.042,-0.027,34,266.5,296,-2.5,0,0,0,0,0,0,0,0,0,1130

Main.js:462 88.369,209.138,358.5,358.5,0.895,0.085,0.05,-0.001,61,0,0,1,0,0,0,0,170.863,228.419,2.445,0.52,0,0,0,0,0,0,0,0,411.831,272.525,211.5,111,-0.707,-0.578,-0.043,-0.026,33,264,296,-2.5,0,0,0,0,0,0,0,0,0,1146

Main.js:462 89.267,209.218,358.5,358.5,0.898,0.079,0.05,-0.001,60,0,0,1,0,0,0,0,173.309,228.939,2.445,0.52,0,0,0,0,0,0,0,0,411.119,271.953,210,108,-0.713,-0.572,-0.043,-0.025,32,261.5,296,-2.5,0,0,0,0,0,0,0,0,0,1164

Main.js:462 90.167,209.291,358.5,358.5,0.9,0.074,0.05,-0.001,59,0,0,1,0,0,0,0,175.754,229.459,2.445,0.52,0,0,0,0,0,0,0,0,410.4,271.386,208.5,105,-0.719,-0.566,-0.044,-0.024,31,259,296,-2.5,0,0,0,0,0,0,0,0,0,1179

Main.js:462 91.07,209.36,358.5,358.5,0.903,0.069,0.05,-0.001,58,0,0,1,0,0,0,0,178.199,229.979,2.445,0.52,0,0,0,0,0,0,0,0,409.675,270.826,207,102,-0.725,-0.56,-0.045,-0.023,30,256.5,296,-2.5,0,0,0,0,0,0,0,0,0,1197

Main.js:462 91.975,209.425,358.5,358.5,0.905,0.064,0.05,-0.001,57,0,0,1,0,0,0,0,180.645,230.498,2.445,0.52,0,0,0,0,0,0,0,0,408.943,270.274,205.5,99,-0.732,-0.552,-0.045,-0.022,29,254,296,-2.5,0,0,0,0,0,0,0,0,0,1213

Main.js:462 92.883,209.484,358.5,358.5,0.907,0.06,0.05,-0.001,56,0,0,1,0,0,0,0,183.09,231.018,2.445,0.52,0,0,0,0,0,0,0,0,408.204,269.73,204,96,-0.739,-0.544,-0.046,-0.02,28,251.5,296,-2.5,0,0,0,0,0,0,0,0,0,1229

Main.js:462 93.792,209.54,358.5,358.5,0.91,0.056,0.05,-0.001,55,0,0,1,0,0,0,0,185.535,231.538,2.445,0.52,0,0,0,0,0,0,0,0,407.459,269.195,202.5,93,-0.745,-0.535,-0.046,-0.019,27,249,296,-2.5,0,0,0,0,0,0,0,0,0,1248

Main.js:462 94.704,209.591,358.5,358.5,0.912,0.052,0.05,-0.001,54,0,0,1,0,0,0,0,187.981,232.058,2.445,0.52,0,0,0,0,0,0,0,0,406.706,268.67,201,90,-0.753,-0.525,-0.047,-0.018,26,246.5,296,-2.5,0,0,0,0,0,0,0,0,0,1263

Main.js:462 95.617,209.639,358.5,358.5,0.913,0.048,0.05,-0.001,53,0,0,1,0,0,0,0,190.426,232.578,2.445,0.52,0,0,0,0,0,0,0,0,405.947,268.155,199.5,87,-0.76,-0.515,-0.047,-0.017,25,244,296,-2.5,0,0,0,0,0,0,0,0,0,1278

Main.js:462 96.533,209.683,358.5,358.5,0.915,0.044,0.05,-0.001,52,0,0,1,0,0,0,0,192.872,233.097,2.445,0.52,0,0,0,0,0,0,0,0,405.18,267.652,198,84,-0.767,-0.504,-0.048,-0.015,24,241.5,296,-2.5,0,0,0,0,0,0,0,0,0,1296

Main.js:462 97.45,209.724,358.5,358.5,0.917,0.041,0.05,-0.001,51,0,0,1,0,0,0,0,195.317,233.617,2.445,0.52,0,0,0,0,0,0,0,0,404.406,267.16,196.5,81,-0.774,-0.492,-0.048,-0.014,23,239,296,-2.5,0,0,0,0,0,0,0,0,0,1312

Main.js:462 98.368,209.761,358.5,358.5,0.919,0.037,0.05,-0.001,50,0,0,1,0,0,0,0,197.762,234.137,2.445,0.52,0,0,0,0,0,0,0,0,403.624,266.68,195,78,-0.781,-0.48,-0.048,-0.013,22,236.5,296,-2.5,0,0,0,0,0,0,0,0,0,1329

Main.js:462 99.288,209.795,358.5,358.5,0.92,0.034,0.05,-0.001,49,0,0,1,0,0,0,0,200.208,234.657,2.445,0.52,0,0,0,0,0,0,0,0,402.836,266.213,193.5,75,-0.788,-0.467,-0.049,-0.012,21,234,296,-2.5,0,0,0,0,0,0,0,0,0,1347

Main.js:462 100.21,209.827,358.5,358.5,0.922,0.031,0.05,-0.001,48,0,0,1,0,0,0,0,202.653,235.176,2.445,0.52,0,0,0,0,0,0,0,0,402.041,265.76,192,72,-0.795,-0.453,-0.049,-0.01,20,231.5,296,-2.5,0,0,0,0,0,0,0,0,0,1362

Main.js:462 101.133,209.855,358.5,358.5,0.923,0.028,0.05,-0.001,47,0,0,1,0,0,0,0,205.098,235.696,2.445,0.52,0,0,0,0,0,0,0,0,401.238,265.321,190.5,69,-0.802,-0.439,-0.049,-0.009,19,229,296,-2.5,0,0,0,0,0,0,0,0,0,1380

Main.js:462 102.057,209.881,358.5,358.5,0.924,0.026,0.05,-0.001,46,0,0,1,0,0,0,0,207.544,236.216,2.445,0.52,0,0,0,0,0,0,0,0,400.429,264.896,189,66,-0.809,-0.425,-0.049,-0.008,18,226.5,296,-2.5,0,0,0,0,0,0,0,0,0,1395

Main.js:462 102.983,209.904,358.5,358.5,0.926,0.023,0.05,-0.001,45,0,0,1,0,0,0,0,209.989,236.736,2.445,0.52,0,0,0,0,0,0,0,0,399.613,264.486,187.5,63,-0.816,-0.41,-0.05,-0.007,17,224,296,-2.5,0,0,0,0,0,0,0,0,0,1413

Main.js:462 103.91,209.925,358.5,358.5,0.927,0.021,0.05,-0.001,44,0,0,1,0,0,0,0,212.435,237.256,2.445,0.52,0,0,0,0,0,0,0,0,398.791,264.092,186,60,-0.822,-0.394,-0.05,-0.005,16,221.5,296,-2.5,0,0,0,0,0,0,0,0,0,1429

Main.js:462 104.838,209.944,358.5,358.5,0.928,0.019,0.05,-0.001,43,0,0,1,0,0,0,0,214.88,237.775,2.445,0.52,0,0,0,0,0,0,0,0,397.962,263.714,184.5,57,-0.828,-0.378,-0.05,-0.004,15,219,296,-2.5,0,0,0,0,0,0,0,0,0,1445

Main.js:462 105.767,209.96,358.5,358.5,0.929,0.016,0.05,-0.001,42,0,0,1,0,0,0,0,217.325,238.295,2.445,0.52,0,0,0,0,0,0,0,0,397.128,263.352,183,54,-0.835,-0.362,-0.05,-0.003,14,216.5,296,-2.5,0,0,0,0,0,0,0,0,0,1462

Main.js:462 106.697,209.975,358.5,358.5,0.93,0.014,0.05,-0.001,41,0,0,1,0,0,0,0,219.771,238.815,2.445,0.52,0,0,0,0,0,0,0,0,396.288,263.007,181.5,51,-0.84,-0.345,-0.05,-0.001,13,214,296,-2.5,0,0,0,0,0,0,0,0,0,1479

Main.js:462 107.628,209.987,358.5,358.5,0.931,0.012,0.05,-0.001,40,0,0,1,0,0,0,0,222.216,239.335,2.445,0.52,0,0,0,0,0,0,0,0,395.442,262.679,180,48,-0.846,-0.328,-0.05,0,12,211.5,296,-2.5,0,0,0,0,0,0,0,0,0,1496

Main.js:462 108.56,209.998,358.5,358.5,0.932,0.011,0.05,-0.001,39,0,0,1,0,0,0,0,224.661,239.854,2.445,0.52,0,0,0,0,0,0,0,0,394.591,262.369,178.5,45,-0.851,-0.31,-0.05,0.001,11,209,296,-2.5,0,0,0,0,0,0,0,0,0,1512

Main.js:462 109.493,210.006,358.5,358.5,0.933,0.009,0.05,-0.001,38,0,0,1,0,0,0,0,227.107,240.374,2.445,0.52,0,0,0,0,0,0,0,0,393.735,262.077,177,42,-0.856,-0.292,-0.05,0.003,10,206.5,296,-2.5,0,0,0,0,0,0,0,0,0,1529

Main.js:462 110.427,210.013,358.5,358.5,0.934,0.007,0.05,-0.001,37,0,0,1,0,0,0,0,229.552,240.894,2.445,0.52,0,0,0,0,0,0,0,0,392.875,261.803,175.5,39,-0.86,-0.274,-0.05,0.004,9,204,296,-2.5,0,0,0,0,0,0,0,0,0,1589

Main.js:462 111.361,210.019,358.5,358.5,0.935,0.005,0.05,-0.001,36,0,0,1,0,0,0,0,231.997,241.414,2.445,0.52,0,0,0,0,0,0,0,0,392.01,261.548,174,36,-0.865,-0.255,-0.05,0.005,8,201.5,296,-2.5,0,0,0,0,0,0,0,0,0,1611

Main.js:462 112.297,210.023,358.5,358.5,0.935,0.004,0.05,-0.001,35,0,0,1,0,0,0,0,234.443,241.934,2.445,0.52,0,0,0,0,0,0,0,0,391.142,261.312,172.5,33,-0.868,-0.236,-0.05,0.007,7,199,296,-2.5,0,0,0,0,0,0,0,0,0,1630

Main.js:462 113.233,210.025,358.5,358.5,0.936,0.003,0.05,-0.001,34,0,0,1,0,0,0,0,236.888,242.453,2.445,0.52,0,0,0,0,0,0,0,0,390.27,261.095,171,30,-0.872,-0.217,-0.049,0.008,6,196.5,296,-2.5,0,0,0,0,0,0,0,0,0,1645

Main.js:462 114.169,210.027,358.5,358.5,0.937,0.001,0.05,-0.001,33,0,0,1,0,0,0,0,239.334,242.973,2.445,0.52,0,0,0,0,0,0,0,0,389.395,260.897,169.5,27,-0.875,-0.197,-0.049,0.009,5,194,296,-2.5,0,0,0,0,0,0,0,0,0,1661

Main.js:462 115.107,210.026,358.5,358.5,0.937,0,0.05,-0.001,32,0,0,1,0,0,0,0,241.779,243.493,2.445,0.52,0,0,0,0,0,0,0,0,388.517,260.72,168,24,-0.878,-0.178,-0.049,0.01,4,191.5,296,-2.5,0,0,0,0,0,0,0,0,0,1678

Main.js:462 116.045,210.025,358.5,358.5,0.938,-0.001,0.05,-0.001,31,0,0,1,0,0,0,0,244.224,244.013,2.445,0.52,0,0,0,0,0,0,0,0,387.637,260.562,166.5,21,-0.88,-0.158,-0.049,0.012,3,189,296,-2.5,0,0,0,0,0,0,0,0,0,1696

Main.js:462 116.983,210.022,358.5,358.5,0.939,-0.003,0.05,-0.001,30,0,0,1,0,0,0,0,246.67,244.532,2.445,0.52,0,0,0,0,0,0,0,0,386.755,260.424,165,18,-0.882,-0.138,-0.048,0.013,2,186.5,296,-2.5,0,0,0,0,0,0,0,0,0,1714

Main.js:462 117.922,210.019,358.5,358.5,0.939,-0.004,0.05,-0.001,29,0,0,1,0,0,0,0,249.115,245.052,2.445,0.52,0,0,0,0,0,0,0,0,385.871,260.307,163.5,15,-0.883,-0.117,-0.048,0.014,1,184,296,-2.5,0,0,0,0,0,0,0,0,0,1729

Main.js:462 118.862,210.014,358.5,358.5,0.94,-0.005,0.05,-0.001,28,0,0,1,0,0,0,0,251.56,245.572,2.445,0.52,0,0,0,0,0,0,0,0,384.987,260.211,162,12,-0.884,-0.097,-0.048,0.015,0,181.5,296,-2.5,0,0,0,0,0,0,0,0,0,1746

Main.js:462 119.802,210.008,358.5,358.5,0.94,-0.006,0.05,-0.001,27,0,0,1,0,0,0,0,254.006,246.092,2.445,0.52,0,0,0,0,0,0,0,0,384.102,260.135,160.5,9,-0.885,-0.076,-0.047,0.017,99,179,296,-2.5,0,0,0,0,0,0,0,0,0,1763

Main.js:462 120.743,210.002,358.5,358.5,0.941,-0.007,0.05,-0.001,26,0,0,1,0,0,0,0,256.451,246.612,2.445,0.52,0,0,0,0,0,0,0,0,383.217,260.08,159,6,-0.885,-0.055,-0.047,0.018,98,176.5,296,-2.5,0,408.198,263.887,2.469,0.391,0,0,0,0,1780

Main.js:462 121.684,209.994,358.5,358.5,0.941,-0.008,0.05,-0.001,25,0,0,1,0,0,0,0,258.897,247.131,2.445,0.52,0,0,0,0,0,0,0,0,382.332,260.045,157.5,3,-0.885,-0.034,-0.046,0.019,97,174,296,-2.5,0,410.667,264.278,2.469,0.391,0,0,0,0,1796

Main.js:462 122.625,209.985,358.5,358.5,0.941,-0.008,0.05,-0.001,24,0,0,1,0,0,0,0,261.342,247.651,2.445,0.52,0,0,0,0,0,0,0,0,381.448,260.032,156,0,-0.884,-0.013,-0.046,0.02,96,171.5,296,-2.5,0,413.136,264.669,2.469,0.391,0,0,0,0,1812

Main.js:462 123.567,209.976,358.5,358.5,0.942,-0.009,0.05,-0.001,23,0,0,1,0,0,0,0,263.787,248.171,2.445,0.52,0,0,0,0,0,0,0,0,380.566,260.04,154.5,357,-0.883,0.008,-0.045,0.022,95,169,296,-2.5,0,415.605,265.06,2.469,0.391,0,0,0,0,1829

Main.js:462 124.509,209.966,358.5,358.5,0.942,-0.01,0.05,-0.001,22,0,0,1,0,0,0,0,266.233,248.691,2.445,0.52,0,0,0,0,0,0,0,0,379.685,260.069,153,354,-0.881,0.029,-0.045,0.023,94,166.5,296,-2.5,0,418.074,265.451,2.469,0.391,0,0,0,0,1846

Main.js:462 125.452,209.955,358.5,358.5,0.943,-0.011,0.05,-0.001,21,0,0,1,0,0,0,0,268.678,249.21,2.445,0.52,0,0,0,0,0,0,0,0,378.807,260.12,151.5,351,-0.878,0.05,-0.044,0.024,93,164,296,-2.5,0,420.544,265.842,2.469,0.391,0,0,0,0,1862

Main.js:462 126.395,209.944,358.5,358.5,0.943,-0.012,0.05,-0.001,20,0,0,1,0,0,0,0,271.123,249.73,2.445,0.52,0,0,0,0,0,0,0,0,377.931,260.191,150,348,-0.876,0.072,-0.043,0.025,92,161.5,296,-2.5,0,423.013,266.233,2.469,0.391,0,0,0,0,1879

Main.js:462 127.338,209.932,358.5,358.5,0.943,-0.012,0.05,-0.001,19,0,0,1,0,0,0,0,273.569,250.25,2.445,0.52,0,0,0,0,0,0,0,0,377.059,260.284,148.5,345,-0.872,0.093,-0.043,0.026,91,159,296,-2.5,0,425.482,266.625,2.469,0.391,0,0,0,0,1896

Main.js:462 128.282,209.919,358.5,358.5,0.944,-0.013,0.05,-0.001,18,0,0,1,0,0,0,0,276.014,250.77,2.445,0.52,0,0,0,0,0,0,0,0,376.19,260.398,147,342,-0.869,0.114,-0.042,0.027,90,156.5,296,-2.5,0,427.951,267.016,2.469,0.391,0,0,0,0,1912

Main.js:462 129.226,209.905,358.5,358.5,0.944,-0.013,0.05,-0.001,17,0,0,1,0,0,0,0,278.46,251.29,2.445,0.52,0,0,0,0,0,0,0,0,375.326,260.533,145.5,339,-0.864,0.135,-0.041,0.028,89,154,296,-2.5,0,430.421,267.407,2.469,0.391,0,0,0,0,1929

Main.js:462 130.17,209.891,358.5,358.5,0.944,-0.014,0.05,-0.001,16,0,0,1,0,0,0,0,280.905,251.809,2.445,0.52,0,0,0,0,0,0,0,0,374.466,260.69,144,336,-0.86,0.156,-0.04,0.029,88,151.5,296,-2.5,0,432.89,267.798,2.469,0.391,0,0,0,0,1947

Main.js:462 131.115,209.877,358.5,358.5,0.945,-0.015,0.05,-0.001,15,0,0,1,0,0,0,0,283.35,252.329,2.445,0.52,0,0,0,0,0,0,0,0,373.612,260.867,142.5,333,-0.854,0.177,-0.04,0.03,87,149,296,-2.5,0,435.359,268.189,2.469,0.391,0,0,0,0,1963

Main.js:462 132.059,209.862,358.5,358.5,0.945,-0.015,0.05,-0.001,14,0,0,1,0,0,0,0,285.796,252.849,2.445,0.52,0,0,0,0,0,0,0,0,372.764,261.066,141,330,-0.848,0.199,-0.039,0.031,86,146.5,296,-2.5,0,437.828,268.58,2.469,0.391,0,0,0,0,1979

Main.js:462 133.004,209.846,358.5,358.5,0.945,-0.016,0.05,-0.001,13,0,0,1,0,0,0,0,288.241,253.369,2.445,0.52,0,0,0,0,0,0,0,0,371.921,261.285,139.5,327,-0.842,0.219,-0.038,0.032,85,144,296,-2.5,0,440.297,268.971,2.469,0.391,0,0,0,0,1996

Main.js:462 133.95,209.83,358.5,358.5,0.945,-0.016,0.05,-0.001,12,0,0,1,0,0,0,0,290.686,253.888,2.445,0.52,0,0,0,0,0,0,0,0,371.086,261.525,138,324,-0.835,0.24,-0.037,0.033,84,141.5,296,-2.5,0,442.767,269.362,2.469,0.391,0,0,0,0,2013

Main.js:462 134.895,209.814,358.5,358.5,0.945,-0.016,0.05,-0.001,11,0,0,1,0,0,0,0,293.132,254.408,2.445,0.52,0,0,0,0,0,0,0,0,370.256,261.785,139.5,324,-0.83,0.259,-0.038,0.032,83,139,296,-2.5,0,445.236,269.753,2.469,0.391,0,0,0,0,2030

Main.js:462 135.841,209.797,358.5,358.5,0.946,-0.017,0.05,-0.001,10,0,0,1,0,0,0,0,295.577,254.928,2.445,0.52,0,0,0,0,0,0,0,0,369.431,262.061,141,324,-0.825,0.276,-0.039,0.031,82,136.5,296,-2.5,0,447.705,270.144,2.469,0.391,0,0,0,0,2046

Main.js:462 136.787,209.78,358.5,358.5,0.946,-0.017,0.05,-0.001,9,0,0,1,0,0,0,0,298.022,255.448,2.445,0.52,0,0,0,0,0,0,0,0,368.61,262.352,142.5,324,-0.822,0.291,-0.04,0.03,81,134,296,-2.5,0,450.174,270.535,2.469,0.391,0,0,0,0,2063

Main.js:462 137.733,209.762,358.5,358.5,0.946,-0.018,0.05,-0.001,8,0,0,1,0,0,0,0,300.468,255.968,2.445,0.52,0,0,0,0,0,0,0,0,367.791,262.656,144,324,-0.819,0.304,-0.04,0.029,80,131.5,296,-2.5,0,452.644,270.926,2.469,0.391,0,0,0,0,2079

Main.js:462 138.679,209.744,358.5,358.5,0.946,-0.018,0.05,-0.001,7,0,0,1,0,0,0,0,302.913,256.487,2.445,0.52,0,0,0,0,0,0,0,0,366.974,262.972,145.5,324,-0.817,0.316,-0.041,0.028,79,129,296,-2.5,0,455.113,271.318,2.469,0.391,0,0,0,0,2097

Main.js:462 139.626,209.726,358.5,358.5,0.946,-0.018,0.05,-0.001,6,0,0,1,0,0,0,0,305.359,257.007,2.445,0.52,0,0,0,0,0,0,0,0,366.158,263.299,147,324,-0.816,0.326,-0.042,0.027,78,126.5,296,-2.5,0,457.582,271.709,2.469,0.391,0,0,0,0,2114

Main.js:462 140.572,209.707,358.5,358.5,0.947,-0.019,0.05,-0.001,5,0,0,1,0,0,0,0,307.804,257.527,2.445,0.52,0,0,0,0,0,0,0,0,365.342,263.633,148.5,324,-0.816,0.335,-0.043,0.026,77,124,296,-2.5,0,460.051,272.1,2.469,0.391,0,0,0,0,2131

Main.js:462 141.519,209.688,358.5,358.5,0.947,-0.019,0.05,-0.001,4,0,0,1,0,0,0,0,310.249,258.047,2.445,0.52,0,0,0,0,0,0,0,0,364.526,263.975,150,324,-0.816,0.342,-0.043,0.025,76,121.5,296,-2.5,0,462.52,272.491,2.469,0.391,0,0,0,0,2145

Main.js:462 142.466,209.669,358.5,358.5,0.947,-0.019,0.05,-0.001,3,0,0,1,0,0,0,0,312.695,258.566,2.445,0.52,0,0,0,0,0,0,0,0,363.709,264.322,151.5,324,-0.817,0.347,-0.044,0.024,75,119,296,-2.5,0,464.99,272.882,2.469,0.391,0,0,0,0,2163

Main.js:462 143.413,209.649,358.5,358.5,0.947,-0.02,0.05,-0.001,2,0,0,1,0,0,0,0,315.14,259.086,2.445,0.52,0,0,0,0,0,0,0,0,362.89,264.674,153,324,-0.819,0.352,-0.045,0.023,74,116.5,296,-2.5,0,467.459,273.273,2.469,0.391,0,0,0,0,2179

Main.js:462 144.36,209.629,358.5,358.5,0.947,-0.02,0.05,-0.001,1,0,0,1,0,0,0,0,317.585,259.606,2.445,0.52,0,0,0,0,0,0,0,0,362.07,265.028,154.5,324,-0.82,0.354,-0.045,0.022,73,114,296,-2.5,0,469.928,273.664,2.469,0.391,0,0,0,0,2195

Main.js:462 145.307,209.609,358.5,358.5,0.947,-0.02,0.05,-0.001,0,0,0,1,0,0,0,0,320.031,260.126,2.445,0.52,0,0,0,0,0,0,0,0,361.247,265.384,156,324,-0.823,0.356,-0.046,0.02,72,111.5,296,-2.5,0,472.397,274.055,2.469,0.391,0,0,0,0,2212

Main.js:462 146.255,209.589,358.5,358.5,0.947,-0.02,0.05,-0.001,0,0,0,1,0,0,0,0,322.476,260.646,2.445,0.52,0,0,0,0,0,0,0,0,360.421,265.741,157.5,324,-0.826,0.356,-0.046,0.019,71,109,296,-2.5,0,474.867,274.446,2.469,0.391,0,0,0,0,2229

Main.js:462 147.202,209.568,358.5,358.5,0.948,-0.021,0.05,-0.001,0,0,0,1,0,0,0,0,324.922,261.165,2.445,0.52,0,0,0,0,0,0,0,0,359.593,266.096,159,324,-0.829,0.356,-0.047,0.018,70,106.5,296,-2.5,0,477.336,274.837,2.469,0.391,0,0,0,0,2246

Main.js:462 148.15,209.548,358.5,358.5,0.948,-0.021,0.05,-0.001,0,0,0,1,0,0,0,0,327.367,261.685,2.445,0.52,0,0,0,0,0,0,0,0,358.761,266.45,160.5,324,-0.832,0.354,-0.047,0.017,69,104,296,-2.5,0,479.805,275.228,2.469,0.391,0,0,0,0,2263

Main.js:462 149.097,209.527,358.5,358.5,0.948,-0.021,0.05,-0.001,0,0,0,1,0,0,0,0,329.812,262.205,2.445,0.52,0,0,0,0,0,0,0,0,357.925,266.801,162,324,-0.836,0.351,-0.048,0.015,68,101.5,296,-2.5,0,482.274,275.619,2.469,0.391,0,0,0,0,2280

Main.js:462 150.045,209.505,358.5,358.5,0.948,-0.021,0.05,-0.001,0,0,0,1,0,0,0,0,332.258,262.725,2.445,0.52,0,0,0,0,0,0,0,0,357.086,267.147,163.5,324,-0.839,0.347,-0.048,0.014,67,99,296,-2.5,0,484.743,276.011,2.469,0.391,0,0,0,0,2297

Main.js:462 150.993,209.484,358.5,358.5,0.948,-0.021,0.05,-0.001,0,0,0,1,0,0,0,0,334.703,263.245,2.445,0.52,0,0,0,0,0,0,0,0,356.243,267.489,165,324,-0.843,0.342,-0.048,0.013,66,96.5,296,-2.5,0,487.213,276.402,2.469,0.391,0,0,0,0,2312

Main.js:462 151.941,209.463,358.5,358.5,0.948,-0.022,0.05,-0.001,0,0,0,1,0,0,0,0,337.148,263.764,2.445,0.52,0,0,0,0,0,0,0,0,355.395,267.824,166.5,324,-0.847,0.336,-0.049,0.012,65,94,296,-2.5,0,489.682,276.793,2.469,0.391,0,0,0,0,2329

Main.js:462 152.889,209.441,358.5,358.5,0.948,-0.022,0.05,-0.001,0,0,0,1,0,0,0,0,339.594,264.284,2.445,0.52,0,0,0,0,0,0,0,0,354.544,268.153,168,324,-0.851,0.329,-0.049,0.01,64,91.5,296,-2.5,0,492.151,277.184,2.469,0.391,0,0,0,0,2345

Main.js:462 153.837,209.419,358.5,358.5,0.948,-0.022,0.05,-0.001,0,0,0,1,0,0,0,0,339.594,264.284,2.445,0.52,0,0,0,0,0,0,0,0,353.688,268.474,169.5,324,-0.856,0.321,-0.049,0.009,63,91.5,296,-2.5,0,494.62,277.575,2.469,0.391,0,0,0,0,2361

