Main.js:143 myTank.x,myTank.y,myTank.rotation,myTank.cannonRotation,myTank.velocityX,myTank.velocityY,myTank.accelerationX,myTank.accelerationY,myTank.shootCooldown,myTank.controls.turnLeft,myTank.controls.turnRight,myTank.controls.goForward,myTank.controls.goBack,myTank.controls.shoot,myTank.controls.cannonLeft,myTank.controls.cannonRight,myBullet1.x,myBullet1.y,myBullet1.velocityX,myBullet1.velocityY,myBullet2.x,myBullet2.y,myBullet2.velocityX,myBullet2.velocityY,myBullet3.x,myBullet3.y,myBullet3.velocityX,myBullet3.velocityY,enemyTank.x,enemyTank.y,enemyTank.rotation,enemyTank.cannonRotation,enemyTank.velocityX,enemyTank.velocityY,enemyTank.accelerationX,enemyTank.accelerationY,enemyTank.shootCooldown,enemyBullet1.x,enemyBullet1.y,enemyBullet1.velocityX,enemyBullet1.velocityY,enemyBullet2.x,enemyBullet2.y,enemyBullet2.velocityX,enemyBullet2.velocityY,enemyBullet3.x,enemyBullet3.y,enemyBullet3.velocityX,enemyBullet3.velocityY,currentGameTime
Main.js:462 50,245,0,0,0,0,0,0,0,0,0,0,0,0,0,0,0,0,0,0,0,0,0,0,0,0,0,0,450,255,180,180,0,0,0,0,0,0,0,0,0,0,0,0,0,0,0,0,0,10

Main.js:462 50,245,0,0,0,0,0,0,0,0,0,0,0,0,0,0,0,0,0,0,0,0,0,0,0,0,0,0,450,255,180,180,0,0,0,0,0,0,0,0,0,0,0,0,0,0,0,0,0,26

Main.js:462 50,245,0,0,0,0,0,0,0,0,0,0,0,0,0,0,0,0,0,0,0,0,0,0,0,0,0,0,449.953,254.999,181.5,180,-0.047,-0.001,-0.05,-0.001,99,0,0,0,0,0,0,0,0,0,0,0,0,44

Main.js:462 50,245,0,0,0,0,0,0,0,0,0,0,0,0,0,0,0,0,0,0,0,0,0,0,0,0,0,0,449.86,254.995,183,180,-0.093,-0.004,-0.05,-0.003,98,426.5,255,-2.5,0,0,0,0,0,0,0,0,0,60

Main.js:462 50,245,0,0,0,0,0,0,0,0,0,0,0,0,0,0,0,0,0,0,0,0,0,0,0,0,0,0,449.725,254.988,184.5,180,-0.135,-0.007,-0.05,-0.004,97,424,255,-2.5,0,0,0,0,0,0,0,0,0,75

Main.js:462 50,245,0,0,0,0,0,0,0,0,0,0,0,0,0,0,0,0,0,0,0,0,0,0,0,0,0,0,449.549,254.976,186,180,-0.176,-0.012,-0.05,-0.005,96,421.5,255,-2.5,0,0,0,0,0,0,0,0,0,94

Main.js:462 50,245,0,0,0,0,0,0,0,0,0,0,0,0,0,0,0,0,0,0,0,0,0,0,0,0,0,0,449.335,254.959,187.5,180,-0.214,-0.017,-0.05,-0.007,95,419,255,-2.5,0,0,0,0,0,0,0,0,0,111

Main.js:462 50,245,0,0,0,0,0,0,0,0,0,0,0,0,0,0,0,0,0,0,0,0,0,0,0,0,0,0,449.085,254.935,189,180,-0.25,-0.024,-0.049,-0.008,94,416.5,255,-2.5,0,0,0,0,0,0,0,0,0,127

Main.js:462 50,245,0,0,0,0,0,0,0,0,0,0,0,0,0,0,0,0,0,0,0,0,0,0,0,0,0,0,448.8,254.903,190.5,180,-0.284,-0.031,-0.049,-0.009,93,414,255,-2.5,0,0,0,0,0,0,0,0,0,143

Main.js:462 50,245,0,0,0,0,0,0,0,0,0,0,0,0,0,0,0,0,0,0,0,0,0,0,0,0,0,0,448.483,254.863,192,180,-0.317,-0.04,-0.049,-0.01,92,411.5,255,-2.5,0,0,0,0,0,0,0,0,0,160

Main.js:462 50,245,0,0,0,0,0,0,0,0,0,0,0,0,0,0,0,0,0,0,0,0,0,0,0,0,0,0,448.136,254.815,193.5,180,-0.347,-0.049,-0.049,-0.012,91,409,255,-2.5,0,0,0,0,0,0,0,0,0,177

Main.js:462 50,245,0,0,0,0,0,0,0,0,0,0,0,0,0,0,0,0,0,0,0,0,0,0,0,0,0,0,447.761,254.756,195,180,-0.376,-0.059,-0.048,-0.013,90,406.5,255,-2.5,0,0,0,0,0,0,0,0,0,193

Main.js:462 50,245,0,0,0,0,0,0,0,0,0,0,0,0,0,0,0,0,0,0,0,0,0,0,0,0,0,0,447.359,254.687,196.5,180,-0.402,-0.069,-0.048,-0.014,89,404,255,-2.5,0,0,0,0,0,0,0,0,0,209

Main.js:462 50.048,245,0,0,0.048,0,0.05,0,0,0,0,1,0,0,0,0,0,0,0,0,0,0,0,0,0,0,0,0,446.931,254.606,198,180,-0.427,-0.08,-0.048,-0.015,88,401.5,255,-2.5,0,0,0,0,0,0,0,0,0,228

Main.js:462 50.14,245,0,0,0.093,0,0.05,0,0,0,0,1,0,0,0,0,0,0,0,0,0,0,0,0,0,0,0,0,446.48,254.514,199.5,180,-0.451,-0.092,-0.047,-0.017,87,399,255,-2.5,0,0,0,0,0,0,0,0,0,244

Main.js:462 50.276,245,0,0,0.135,0,0.05,0,0,0,0,1,0,0,0,0,0,0,0,0,0,0,0,0,0,0,0,0,446.008,254.409,201,180,-0.473,-0.105,-0.047,-0.018,86,396.5,255,-2.5,0,0,0,0,0,0,0,0,0,261

Main.js:462 50.452,245,0,0,0.176,0,0.05,0,0,0,0,1,0,0,0,0,0,0,0,0,0,0,0,0,0,0,0,0,445.515,254.292,202.5,180,-0.493,-0.118,-0.046,-0.019,85,394,255,-2.5,0,0,0,0,0,0,0,0,0,277

Main.js:462 50.667,245,0,0,0.215,0,0.05,0,0,0,0,1,0,0,0,0,0,0,0,0,0,0,0,0,0,0,0,0,445.003,254.16,204,180,-0.512,-0.131,-0.046,-0.02,84,391.5,255,-2.5,0,0,0,0,0,0,0,0,0,294

Main.js:462 50.918,245,0,0,0.252,0,0.05,0,0,0,0,1,0,0,0,0,0,0,0,0,0,0,0,0,0,0,0,0,444.474,254.015,205.5,180,-0.529,-0.145,-0.045,-0.022,83,389,255,-2.5,0,0,0,0,0,0,0,0,0,310

Main.js:462 51.205,245,0,0,0.287,0,0.05,0,0,0,0,1,0,0,0,0,0,0,0,0,0,0,0,0,0,0,0,0,443.93,253.856,207,180,-0.545,-0.159,-0.045,-0.023,82,386.5,255,-2.5,0,0,0,0,0,0,0,0,0,326

Main.js:462 51.525,245,0,0,0.32,0,0.05,0,0,0,0,1,0,0,0,0,0,0,0,0,0,0,0,0,0,0,0,0,443.37,253.682,208.5,180,-0.559,-0.174,-0.044,-0.024,81,384,255,-2.5,0,0,0,0,0,0,0,0,0,343

Main.js:462 51.876,245,0,0,0.351,0,0.05,0,0,0,0,1,0,0,0,0,0,0,0,0,0,0,0,0,0,0,0,0,442.798,253.493,210,180,-0.572,-0.189,-0.043,-0.025,80,381.5,255,-2.5,0,0,0,0,0,0,0,0,0,359

Main.js:462 52.257,245,0,0,0.381,0,0.05,0,0,0,0,1,0,0,0,0,0,0,0,0,0,0,0,0,0,0,0,0,442.213,253.289,211.5,180,-0.584,-0.204,-0.043,-0.026,79,379,255,-2.5,0,0,0,0,0,0,0,0,0,376

Main.js:462 52.667,245,0,0,0.41,0,0.05,0,0,0,0,1,0,0,0,0,0,0,0,0,0,0,0,0,0,0,0,0,441.618,253.069,213,180,-0.595,-0.22,-0.042,-0.027,78,376.5,255,-2.5,0,0,0,0,0,0,0,0,0,394

Main.js:462 53.103,245,0,0,0.437,0,0.05,0,0,0,0,1,0,0,0,0,0,0,0,0,0,0,0,0,0,0,0,0,441.014,252.833,214.5,180,-0.604,-0.236,-0.041,-0.028,77,374,255,-2.5,0,0,0,0,0,0,0,0,0,410

Main.js:462 53.566,245,0,0,0.462,0,0.05,0,0,0,0,1,0,0,0,0,0,0,0,0,0,0,0,0,0,0,0,0,440.402,252.581,216,180,-0.613,-0.252,-0.04,-0.029,76,371.5,255,-2.5,0,0,0,0,0,0,0,0,0,427

Main.js:462 54.053,245,0,0,0.487,0,0.05,0,0,0,0,1,0,0,0,0,0,0,0,0,0,0,0,0,0,0,0,0,439.782,252.312,217.5,180,-0.62,-0.268,-0.04,-0.03,75,369,255,-2.5,0,0,0,0,0,0,0,0,0,443

Main.js:462 54.562,245,0,0,0.51,0,0.05,0,0,0,0,1,0,0,0,0,0,0,0,0,0,0,0,0,0,0,0,0,439.156,252.027,219,180,-0.626,-0.285,-0.039,-0.031,74,366.5,255,-2.5,0,0,0,0,0,0,0,0,0,460

Main.js:462 55.094,245,0,0,0.532,0,0.05,0,0,0,0,1,0,0,0,0,0,0,0,0,0,0,0,0,0,0,0,0,438.526,251.726,220.5,180,-0.63,-0.301,-0.038,-0.032,73,364,255,-2.5,0,0,0,0,0,0,0,0,0,476

Main.js:462 55.647,245,0,0,0.553,0,0.05,0,0,0,0,1,0,0,0,0,0,0,0,0,0,0,0,0,0,0,0,0,437.892,251.408,222,180,-0.634,-0.318,-0.037,-0.033,72,361.5,255,-2.5,0,0,0,0,0,0,0,0,0,493

Main.js:462 56.22,245,0,0,0.573,0,0.05,0,0,0,0,1,0,0,0,0,0,0,0,0,0,0,0,0,0,0,0,0,437.255,251.073,223.5,180,-0.637,-0.335,-0.036,-0.034,71,359,255,-2.5,0,0,0,0,0,0,0,0,0,510

Main.js:462 56.811,245,0,0,0.592,0,0.05,0,0,0,0,1,0,0,0,0,0,0,0,0,0,0,0,0,0,0,0,0,436.615,250.722,223.5,178.5,-0.64,-0.351,-0.036,-0.034,70,356.5,255,-2.5,0,0,0,0,0,0,0,0,0,526

Main.js:462 57.421,245,0,0,0.609,0,0.05,0,0,0,0,1,0,0,0,0,0,0,0,0,0,0,0,0,0,0,0,0,435.973,250.356,223.5,177,-0.642,-0.366,-0.036,-0.034,69,354,255,-2.5,0,0,0,0,0,0,0,0,0,544

Main.js:462 58.047,245,0,0,0.626,0,0.05,0,0,0,0,1,0,0,0,0,0,0,0,0,0,0,0,0,0,0,0,0,435.329,249.975,223.5,175.5,-0.644,-0.38,-0.036,-0.034,68,351.5,255,-2.5,0,0,0,0,0,0,0,0,0,561

Main.js:462 58.69,245,0,0,0.643,0,0.05,0,0,0,0,1,0,0,0,0,0,0,0,0,0,0,0,0,0,0,0,0,434.682,249.581,223.5,174,-0.647,-0.394,-0.036,-0.034,67,349,255,-2.5,0,0,0,0,0,0,0,0,0,577

Main.js:462 59.348,245,0,0,0.658,0,0.05,0,0,0,0,1,0,0,0,0,0,0,0,0,0,0,0,0,0,0,0,0,434.034,249.174,223.5,172.5,-0.649,-0.407,-0.036,-0.034,66,346.5,255,-2.5,0,0,0,0,0,0,0,0,0,593

Main.js:462 60.02,245,0,0,0.673,0,0.05,0,0,0,0,1,0,0,0,0,0,0,0,0,0,0,0,0,0,0,0,0,433.383,248.754,223.5,171,-0.651,-0.419,-0.036,-0.034,65,344,255,-2.5,0,0,0,0,0,0,0,0,0,611

Main.js:462 60.707,245,0,0,0.686,0,0.05,0,0,0,0,1,0,0,0,0,0,0,0,0,0,0,0,0,0,0,0,0,432.73,248.323,223.5,169.5,-0.653,-0.431,-0.036,-0.034,64,341.5,255,-2.5,0,0,0,0,0,0,0,0,0,625

Main.js:462 61.407,245,0,0,0.7,0,0.05,0,0,0,0,1,0,0,0,0,0,0,0,0,0,0,0,0,0,0,0,0,432.076,247.881,223.5,168,-0.654,-0.442,-0.036,-0.034,63,339,255,-2.5,0,0,0,0,0,0,0,0,0,643

Main.js:462 62.119,245,0,0,0.712,0,0.05,0,0,0,0,1,0,0,0,0,0,0,0,0,0,0,0,0,0,0,0,0,431.42,247.428,223.5,166.5,-0.656,-0.453,-0.036,-0.034,62,336.5,255,-2.5,0,0,0,0,0,0,0,0,0,660

Main.js:462 62.843,245,0,0,0.724,0,0.05,0,0,0,0,1,0,0,0,0,0,0,0,0,0,0,0,0,0,0,0,0,430.762,246.965,223.5,165,-0.658,-0.463,-0.036,-0.034,61,334,255,-2.5,0,0,0,0,0,0,0,0,0,676

Main.js:462 63.578,245,0,0,0.735,0,0.05,0,0,0,0,1,0,0,0,0,0,0,0,0,0,0,0,0,0,0,0,0,430.102,246.493,223.5,163.5,-0.659,-0.473,-0.036,-0.034,60,331.5,255,-2.5,0,0,0,0,0,0,0,0,0,692

Main.js:462 64.324,245,0,0,0.746,0,0.05,0,0,0,0,1,0,0,0,0,0,0,0,0,0,0,0,0,0,0,0,0,429.441,246.011,223.5,162,-0.661,-0.482,-0.036,-0.034,59,329,255,-2.5,0,0,0,0,0,0,0,0,0,710

Main.js:462 65.081,245,0,0,0.756,0,0.05,0,0,0,0,1,0,0,0,0,0,0,0,0,0,0,0,0,0,0,0,0,428.779,245.521,223.5,160.5,-0.662,-0.49,-0.036,-0.034,58,326.5,255,-2.5,0,0,0,0,0,0,0,0,0,754

Main.js:462 65.846,244.999,358.5,358.5,0.766,-0.001,0.05,-0.001,0,1,0,1,0,0,0,0,0,0,0,0,0,0,0,0,0,0,0,0,428.115,245.022,223.5,159,-0.664,-0.498,-0.036,-0.034,57,324,255,-2.5,0,0,0,0,0,0,0,0,0,777

Main.js:462 66.622,244.995,357,357,0.775,-0.004,0.05,-0.003,0,1,0,1,0,0,0,0,0,0,0,0,0,0,0,0,0,0,0,0,427.45,244.516,223.5,157.5,-0.665,-0.506,-0.036,-0.034,56,321.5,255,-2.5,0,0,0,0,0,0,0,0,0,792

Main.js:462 67.405,244.989,357,357,0.784,-0.006,0.05,-0.003,0,0,0,1,0,0,0,0,0,0,0,0,0,0,0,0,0,0,0,0,426.784,244.003,223.5,156,-0.666,-0.514,-0.036,-0.034,55,319,255,-2.5,0,0,0,0,0,0,0,0,0,809

Main.js:462 68.197,244.981,357,357,0.792,-0.008,0.05,-0.003,0,0,0,1,0,0,0,0,0,0,0,0,0,0,0,0,0,0,0,0,426.117,243.482,223.5,154.5,-0.667,-0.521,-0.036,-0.034,54,316.5,255,-2.5,0,0,0,0,0,0,0,0,0,826

Main.js:462 68.997,244.971,357,357,0.8,-0.01,0.05,-0.003,0,0,0,1,0,0,0,0,0,0,0,0,0,0,0,0,0,0,0,0,425.449,242.955,223.5,153,-0.668,-0.527,-0.036,-0.034,53,314,255,-2.5,0,0,0,0,0,0,0,0,0,844

Main.js:462 69.805,244.959,357,357,0.807,-0.012,0.05,-0.003,0,0,0,1,0,0,0,0,0,0,0,0,0,0,0,0,0,0,0,0,424.779,242.421,223.5,151.5,-0.669,-0.534,-0.036,-0.034,52,311.5,255,-2.5,0,0,0,0,0,0,0,0,0,859

Main.js:462 70.619,244.944,357,357,0.814,-0.014,0.05,-0.003,0,0,0,1,0,0,0,0,0,0,0,0,0,0,0,0,0,0,0,0,424.109,241.882,223.5,150,-0.67,-0.54,-0.036,-0.034,51,309,255,-2.5,0,0,0,0,0,0,0,0,0,876

Main.js:462 71.44,244.929,357,357,0.821,-0.016,0.05,-0.003,99,0,0,1,0,1,0,0,0,0,0,0,0,0,0,0,0,0,0,0,423.437,241.336,223.5,148.5,-0.671,-0.545,-0.036,-0.034,50,306.5,255,-2.5,0,0,0,0,0,0,0,0,0,894

Main.js:462 72.267,244.911,357,357,0.827,-0.018,0.05,-0.003,98,0,0,1,0,1,0,0,94.087,243.715,2.497,-0.131,0,0,0,0,0,0,0,0,422.765,240.786,223.5,147,-0.672,-0.551,-0.036,-0.034,49,304,255,-2.5,0,0,0,0,0,0,0,0,0,911

Main.js:462 73.101,244.892,357,357,0.834,-0.019,0.05,-0.003,97,0,0,1,0,1,0,0,96.583,243.584,2.497,-0.131,0,0,0,0,0,0,0,0,422.092,240.23,223.5,145.5,-0.673,-0.556,-0.036,-0.034,48,301.5,255,-2.5,0,0,0,0,0,0,0,0,0,926

Main.js:462 73.94,244.871,357,357,0.839,-0.021,0.05,-0.003,96,0,0,1,0,1,0,0,99.08,243.453,2.497,-0.131,0,0,0,0,0,0,0,0,421.418,239.669,223.5,144,-0.674,-0.561,-0.036,-0.034,47,299,255,-2.5,0,0,0,0,0,0,0,0,0,944

Main.js:462 74.785,244.849,357,357,0.845,-0.022,0.05,-0.003,95,0,0,1,0,0,0,0,101.576,243.322,2.497,-0.131,0,0,0,0,0,0,0,0,420.744,239.103,223.5,142.5,-0.675,-0.565,-0.036,-0.034,46,296.5,255,-2.5,0,0,0,0,0,0,0,0,0,975

Main.js:462 75.635,244.825,357,357,0.85,-0.024,0.05,-0.003,94,0,0,1,0,0,0,0,104.073,243.191,2.497,-0.131,0,0,0,0,0,0,0,0,420.068,238.534,223.5,141,-0.675,-0.57,-0.036,-0.034,45,294,255,-2.5,0,0,0,0,0,0,0,0,0,992

Main.js:462 76.49,244.801,357,357,0.855,-0.025,0.05,-0.003,93,0,0,1,0,0,0,0,106.57,243.06,2.497,-0.131,0,0,0,0,0,0,0,0,419.392,237.96,223.5,139.5,-0.676,-0.574,-0.036,-0.034,44,291.5,255,-2.5,0,0,0,0,0,0,0,0,0,1009

Main.js:462 77.349,244.775,357,357,0.86,-0.026,0.05,-0.003,92,0,0,1,0,0,0,0,109.066,242.929,2.497,-0.131,0,0,0,0,0,0,0,0,418.715,237.382,222,136.5,-0.678,-0.577,-0.037,-0.033,43,289,255,-2.5,0,0,0,0,0,0,0,0,0,1025

Main.js:462 78.213,244.747,357,357,0.864,-0.027,0.05,-0.003,91,0,0,1,0,0,0,0,111.563,242.799,2.497,-0.131,0,0,0,0,0,0,0,0,418.035,236.803,220.5,133.5,-0.68,-0.579,-0.038,-0.032,42,286.5,255,-2.5,0,0,0,0,0,0,0,0,0,1043

Main.js:462 79.082,244.719,357,357,0.868,-0.028,0.05,-0.003,90,0,0,1,0,0,0,0,114.059,242.668,2.497,-0.131,0,0,0,0,0,0,0,0,417.352,236.223,219,130.5,-0.683,-0.58,-0.039,-0.031,41,284,255,-2.5,0,0,0,0,0,0,0,0,0,1059

Main.js:462 79.954,244.689,357,357,0.872,-0.029,0.05,-0.003,89,0,0,1,0,0,0,0,116.556,242.537,2.497,-0.131,0,0,0,0,0,0,0,0,416.666,235.643,217.5,127.5,-0.686,-0.58,-0.04,-0.03,40,281.5,255,-2.5,0,0,0,0,0,0,0,0,0,1077

Main.js:462 80.83,244.659,357,357,0.876,-0.03,0.05,-0.003,88,0,0,1,0,0,0,0,119.052,242.406,2.497,-0.131,0,0,0,0,0,0,0,0,415.976,235.064,216,124.5,-0.69,-0.579,-0.04,-0.029,39,279,255,-2.5,0,0,0,0,0,0,0,0,0,1092

Main.js:462 81.71,244.628,357,357,0.88,-0.031,0.05,-0.003,87,0,0,1,0,0,0,0,121.549,242.275,2.497,-0.131,0,0,0,0,0,0,0,0,415.281,234.487,214.5,121.5,-0.695,-0.577,-0.041,-0.028,38,276.5,255,-2.5,0,0,0,0,0,0,0,0,0,1111

Main.js:462 82.593,244.595,357,357,0.883,-0.032,0.05,-0.003,86,0,0,1,0,0,0,0,124.046,242.144,2.497,-0.131,0,0,0,0,0,0,0,0,414.581,233.913,213,118.5,-0.7,-0.574,-0.042,-0.027,37,274,255,-2.5,0,0,0,0,0,0,0,0,0,1127

Main.js:462 83.48,244.562,357,357,0.886,-0.033,0.05,-0.003,85,0,0,1,0,0,0,0,126.542,242.014,2.497,-0.131,0,0,0,0,0,0,0,0,413.875,233.343,211.5,115.5,-0.706,-0.57,-0.043,-0.026,36,271.5,255,-2.5,0,0,0,0,0,0,0,0,0,1145

Main.js:462 84.369,244.528,357,357,0.89,-0.034,0.05,-0.003,84,0,0,1,0,0,0,0,129.039,241.883,2.497,-0.131,0,0,0,0,0,0,0,0,413.164,232.778,210,112.5,-0.711,-0.565,-0.043,-0.025,35,269,255,-2.5,0,0,0,0,0,0,0,0,0,1159

Main.js:462 85.262,244.492,355.5,355.5,0.892,-0.036,0.05,-0.004,83,1,0,1,0,0,0,0,131.535,241.752,2.497,-0.131,0,0,0,0,0,0,0,0,412.446,232.218,208.5,109.5,-0.718,-0.56,-0.044,-0.024,34,266.5,255,-2.5,0,0,0,0,0,0,0,0,0,1178

Main.js:462 86.157,244.453,354,354,0.895,-0.039,0.05,-0.005,82,1,0,1,0,0,0,0,134.032,241.621,2.497,-0.131,0,0,0,0,0,0,0,0,411.722,231.665,207,106.5,-0.724,-0.553,-0.045,-0.023,33,264,255,-2.5,0,0,0,0,0,0,0,0,0,1194

Main.js:462 87.054,244.409,352.5,352.5,0.897,-0.043,0.05,-0.007,81,1,0,1,0,0,0,0,136.528,241.49,2.497,-0.131,0,0,0,0,0,0,0,0,410.991,231.119,205.5,103.5,-0.731,-0.546,-0.045,-0.022,32,261.5,255,-2.5,0,0,0,0,0,0,0,0,0,1210

Main.js:462 87.953,244.361,351,351,0.899,-0.049,0.049,-0.008,80,1,0,1,0,0,0,0,139.025,241.359,2.497,-0.131,0,0,0,0,0,0,0,0,410.254,230.581,204,100.5,-0.738,-0.538,-0.046,-0.02,31,259,255,-2.5,0,0,0,0,0,0,0,0,0,1228

Main.js:462 88.855,244.306,349.5,349.5,0.901,-0.055,0.049,-0.009,79,1,0,1,0,0,0,0,141.522,241.229,2.497,-0.131,0,0,0,0,0,0,0,0,409.509,230.052,202.5,97.5,-0.745,-0.529,-0.046,-0.019,30,256.5,255,-2.5,0,0,0,0,0,0,0,0,0,1244

Main.js:462 89.757,244.244,348,348,0.903,-0.062,0.049,-0.01,78,1,0,1,0,0,0,0,144.018,241.098,2.497,-0.131,0,0,0,0,0,0,0,0,408.757,229.532,201,94.5,-0.752,-0.52,-0.047,-0.018,29,254,255,-2.5,0,0,0,0,0,0,0,0,0,1259

Main.js:462 90.661,244.173,346.5,346.5,0.904,-0.07,0.049,-0.012,77,1,0,1,0,0,0,0,146.515,240.967,2.497,-0.131,0,0,0,0,0,0,0,0,407.998,229.022,199.5,91.5,-0.759,-0.51,-0.047,-0.017,28,251.5,255,-2.5,0,0,0,0,0,0,0,0,0,1277

Main.js:462 91.565,244.095,345,345,0.904,-0.079,0.048,-0.013,76,1,0,1,0,0,0,0,149.011,240.836,2.497,-0.131,0,0,0,0,0,0,0,0,407.232,228.523,198,88.5,-0.766,-0.499,-0.048,-0.015,27,249,255,-2.5,0,0,0,0,0,0,0,0,0,1294

Main.js:462 92.47,244.006,343.5,343.5,0.905,-0.088,0.048,-0.014,75,1,0,1,0,0,0,0,151.508,240.705,2.497,-0.131,0,0,0,0,0,0,0,0,406.459,228.036,196.5,85.5,-0.773,-0.487,-0.048,-0.014,26,246.5,255,-2.5,0,0,0,0,0,0,0,0,0,1309

Main.js:462 93.375,243.908,342,342,0.905,-0.099,0.048,-0.015,74,1,0,1,0,0,0,0,154.004,240.574,2.497,-0.131,0,0,0,0,0,0,0,0,405.678,227.56,195,82.5,-0.781,-0.475,-0.048,-0.013,25,244,255,-2.5,0,0,0,0,0,0,0,0,0,1325

Main.js:462 94.279,243.798,340.5,340.5,0.904,-0.11,0.047,-0.017,73,1,0,1,0,0,0,0,156.501,240.444,2.497,-0.131,0,0,0,0,0,0,0,0,404.891,227.097,193.5,79.5,-0.788,-0.463,-0.049,-0.012,24,241.5,255,-2.5,0,0,0,0,0,0,0,0,0,1343

Main.js:462 95.182,243.678,340.5,340.5,0.904,-0.12,0.047,-0.017,72,0,0,1,0,0,0,0,158.998,240.313,2.497,-0.131,0,0,0,0,0,0,0,0,404.096,226.648,192,76.5,-0.795,-0.449,-0.049,-0.01,23,239,255,-2.5,0,0,0,0,0,0,0,0,0,1362

Main.js:462 96.086,243.548,340.5,340.5,0.903,-0.13,0.047,-0.017,71,0,0,1,0,0,0,0,161.494,240.182,2.497,-0.131,0,0,0,0,0,0,0,0,403.294,226.212,190.5,73.5,-0.802,-0.436,-0.049,-0.009,22,236.5,255,-2.5,0,0,0,0,0,0,0,0,0,1376

Main.js:462 96.989,243.409,340.5,340.5,0.903,-0.139,0.047,-0.017,70,0,0,1,0,0,0,0,163.991,240.051,2.497,-0.131,0,0,0,0,0,0,0,0,402.485,225.791,189,70.5,-0.809,-0.421,-0.049,-0.008,21,234,255,-2.5,0,0,0,0,0,0,0,0,0,1393

Main.js:462 97.891,243.261,340.5,340.5,0.903,-0.148,0.047,-0.017,69,0,0,1,0,0,0,0,166.487,239.92,2.497,-0.131,0,0,0,0,0,0,0,0,401.67,225.385,187.5,67.5,-0.815,-0.406,-0.05,-0.007,20,231.5,255,-2.5,0,0,0,0,0,0,0,0,0,1410

Main.js:462 98.793,243.104,340.5,340.5,0.902,-0.157,0.047,-0.017,68,0,0,1,0,0,0,0,168.984,239.789,2.497,-0.131,0,0,0,0,0,0,0,0,400.848,224.994,186,64.5,-0.822,-0.391,-0.05,-0.005,19,229,255,-2.5,0,0,0,0,0,0,0,0,0,1426

Main.js:462 99.695,242.94,340.5,340.5,0.902,-0.165,0.047,-0.017,67,0,0,1,0,0,0,0,171.48,239.659,2.497,-0.131,0,0,0,0,0,0,0,0,400.02,224.618,184.5,61.5,-0.828,-0.375,-0.05,-0.004,18,226.5,255,-2.5,0,0,0,0,0,0,0,0,0,1443

Main.js:462 100.597,242.768,340.5,340.5,0.902,-0.172,0.047,-0.017,66,0,0,1,0,0,0,0,173.977,239.528,2.497,-0.131,0,0,0,0,0,0,0,0,399.186,224.259,183,58.5,-0.834,-0.359,-0.05,-0.003,17,224,255,-2.5,0,0,0,0,0,0,0,0,0,1460

Main.js:462 101.498,242.588,340.5,340.5,0.901,-0.179,0.047,-0.017,65,0,0,1,0,0,0,0,176.474,239.397,2.497,-0.131,0,0,0,0,0,0,0,0,398.347,223.917,181.5,55.5,-0.84,-0.342,-0.05,-0.001,16,221.5,255,-2.5,0,0,0,0,0,0,0,0,0,1477

Main.js:462 102.399,242.402,340.5,340.5,0.901,-0.186,0.047,-0.017,64,0,0,1,0,0,0,0,178.97,239.266,2.497,-0.131,0,0,0,0,0,0,0,0,397.501,223.592,180,52.5,-0.845,-0.325,-0.05,0,15,219,255,-2.5,0,0,0,0,0,0,0,0,0,1493

Main.js:462 103.3,242.209,340.5,340.5,0.901,-0.193,0.047,-0.017,63,0,0,1,0,0,0,0,181.467,239.135,2.497,-0.131,0,0,0,0,0,0,0,0,396.651,223.284,178.5,49.5,-0.851,-0.308,-0.05,0.001,14,216.5,255,-2.5,0,0,0,0,0,0,0,0,0,1511

Main.js:462 104.2,242.01,340.5,340.5,0.9,-0.199,0.047,-0.017,62,0,0,1,0,0,0,0,183.963,239.004,2.497,-0.131,0,0,0,0,0,0,0,0,395.795,222.994,177,46.5,-0.855,-0.29,-0.05,0.003,13,214,255,-2.5,0,0,0,0,0,0,0,0,0,1526

Main.js:462 105.1,241.805,340.5,340.5,0.9,-0.205,0.047,-0.017,61,0,0,1,0,0,0,0,186.46,238.873,2.497,-0.131,0,0,0,0,0,0,0,0,394.935,222.723,175.5,43.5,-0.86,-0.272,-0.05,0.004,12,211.5,255,-2.5,0,0,0,0,0,0,0,0,0,1544

Main.js:462 106,241.595,340.5,340.5,0.9,-0.211,0.047,-0.017,60,0,0,1,0,0,0,0,188.956,238.743,2.497,-0.131,0,0,0,0,0,0,0,0,394.071,222.47,174,40.5,-0.864,-0.253,-0.05,0.005,11,209,255,-2.5,0,0,0,0,0,0,0,0,0,1560

Main.js:462 106.9,241.379,340.5,340.5,0.9,-0.216,0.047,-0.017,59,0,0,1,0,0,0,0,191.453,238.612,2.497,-0.131,0,0,0,0,0,0,0,0,393.203,222.236,172.5,37.5,-0.868,-0.234,-0.05,0.007,10,206.5,255,-2.5,0,0,0,0,0,0,0,0,0,1576

Main.js:462 107.8,241.158,340.5,340.5,0.9,-0.221,0.047,-0.017,58,0,0,1,0,0,0,0,193.95,238.481,2.497,-0.131,0,0,0,0,0,0,0,0,392.331,222.021,171,34.5,-0.872,-0.215,-0.049,0.008,9,204,255,-2.5,0,0,0,0,0,0,0,0,0,1595

Main.js:462 108.699,240.932,340.5,340.5,0.899,-0.226,0.047,-0.017,57,0,0,1,0,0,0,0,196.446,238.35,2.497,-0.131,0,0,0,0,0,0,0,0,391.456,221.825,169.5,31.5,-0.875,-0.196,-0.049,0.009,8,201.5,255,-2.5,0,0,0,0,0,0,0,0,0,1611

Main.js:462 109.598,240.702,340.5,340.5,0.899,-0.23,0.047,-0.017,56,0,0,1,0,0,0,0,198.943,238.219,2.497,-0.131,0,0,0,0,0,0,0,0,390.579,221.649,168,28.5,-0.878,-0.176,-0.049,0.01,7,199,255,-2.5,0,0,0,0,0,0,0,0,0,1626

Main.js:462 110.497,240.467,340.5,340.5,0.899,-0.235,0.047,-0.017,55,0,0,1,0,0,0,0,201.439,238.088,2.497,-0.131,0,0,0,0,0,0,0,0,389.699,221.493,166.5,25.5,-0.88,-0.156,-0.049,0.012,6,196.5,255,-2.5,0,0,0,0,0,0,0,0,0,1643

Main.js:462 111.396,240.228,340.5,340.5,0.899,-0.239,0.047,-0.017,54,0,0,1,0,0,0,0,203.936,237.958,2.497,-0.131,0,0,0,0,0,0,0,0,388.817,221.357,165,22.5,-0.882,-0.136,-0.048,0.013,5,194,255,-2.5,0,0,0,0,0,0,0,0,0,1659

Main.js:462 112.294,239.985,340.5,340.5,0.899,-0.243,0.047,-0.017,53,0,0,1,0,0,0,0,206.433,237.827,2.497,-0.131,0,0,0,0,0,0,0,0,387.934,221.241,163.5,19.5,-0.883,-0.116,-0.048,0.014,4,191.5,255,-2.5,0,0,0,0,0,0,0,0,0,1677

Main.js:462 113.193,239.739,340.5,340.5,0.898,-0.246,0.047,-0.017,52,0,0,1,0,0,0,0,208.929,237.696,2.497,-0.131,0,0,0,0,0,0,0,0,387.05,221.146,162,16.5,-0.884,-0.095,-0.048,0.015,3,189,255,-2.5,0,0,0,0,0,0,0,0,0,1694

Main.js:462 114.091,239.489,340.5,340.5,0.898,-0.25,0.047,-0.017,51,0,0,1,0,0,0,0,211.426,237.565,2.497,-0.131,0,0,0,0,0,0,0,0,386.165,221.071,160.5,13.5,-0.885,-0.075,-0.047,0.017,2,186.5,255,-2.5,0,0,0,0,0,0,0,0,0,1711

Main.js:462 114.989,239.236,340.5,340.5,0.898,-0.253,0.047,-0.017,50,0,0,1,0,0,0,0,213.922,237.434,2.497,-0.131,0,0,0,0,0,0,0,0,385.28,221.018,159,10.5,-0.885,-0.054,-0.047,0.018,1,184,255,-2.5,0,0,0,0,0,0,0,0,0,1738

Main.js:462 115.887,238.979,340.5,340.5,0.898,-0.257,0.047,-0.017,49,0,0,1,0,0,0,0,216.419,237.303,2.497,-0.131,0,0,0,0,0,0,0,0,384.396,220.985,157.5,7.5,-0.884,-0.033,-0.046,0.019,0,181.5,255,-2.5,0,0,0,0,0,0,0,0,0,1743

Main.js:462 116.785,238.72,340.5,340.5,0.898,-0.26,0.047,-0.017,48,0,0,1,0,0,0,0,218.915,237.173,2.497,-0.131,0,0,0,0,0,0,0,0,383.512,220.973,156,4.5,-0.884,-0.012,-0.046,0.02,99,179,255,-2.5,0,0,0,0,0,0,0,0,0,1760

Main.js:462 117.683,238.457,340.5,340.5,0.898,-0.262,0.047,-0.017,47,0,0,1,0,0,0,0,221.412,237.042,2.497,-0.131,0,0,0,0,0,0,0,0,382.63,220.982,154.5,1.5,-0.882,0.009,-0.045,0.022,98,176.5,255,-2.5,0,407.823,222.828,2.492,0.196,0,0,0,0,1775

Main.js:462 118.581,238.192,340.5,340.5,0.898,-0.265,0.047,-0.017,46,0,0,1,0,0,0,0,223.909,236.911,2.497,-0.131,0,0,0,0,0,0,0,0,381.749,221.012,153,358.5,-0.881,0.03,-0.045,0.023,97,174,255,-2.5,0,410.316,223.025,2.492,0.196,0,0,0,0,1792

Main.js:462 119.478,237.924,340.5,340.5,0.898,-0.268,0.047,-0.017,45,0,0,1,0,0,0,0,226.405,236.78,2.497,-0.131,0,0,0,0,0,0,0,0,380.871,221.063,151.5,355.5,-0.878,0.051,-0.044,0.024,96,171.5,255,-2.5,0,412.808,223.221,2.492,0.196,0,0,0,0,1809

Main.js:462 120.376,237.654,340.5,340.5,0.897,-0.27,0.047,-0.017,44,0,0,1,0,0,0,0,228.902,236.649,2.497,-0.131,0,0,0,0,0,0,0,0,379.995,221.136,150,352.5,-0.876,0.072,-0.043,0.025,95,169,255,-2.5,0,415.3,223.417,2.492,0.196,0,0,0,0,1827

Main.js:462 121.273,237.381,340.5,340.5,0.897,-0.273,0.047,-0.017,43,0,0,1,0,0,0,0,231.398,236.518,2.497,-0.131,0,0,0,0,0,0,0,0,379.123,221.229,148.5,349.5,-0.872,0.094,-0.043,0.026,94,166.5,255,-2.5,0,417.793,223.613,2.492,0.196,0,0,0,0,1892

Main.js:462 122.17,237.107,340.5,340.5,0.897,-0.275,0.047,-0.017,42,0,0,1,0,0,0,0,233.895,236.388,2.497,-0.131,0,0,0,0,0,0,0,0,378.255,221.344,147,346.5,-0.868,0.115,-0.042,0.027,93,164,255,-2.5,0,420.285,223.809,2.492,0.196,0,0,0,0,1926

Main.js:462 123.067,236.83,340.5,340.5,0.897,-0.277,0.047,-0.017,41,0,0,1,0,0,0,0,236.391,236.257,2.497,-0.131,0,0,0,0,0,0,0,0,377.391,221.48,145.5,343.5,-0.864,0.136,-0.041,0.028,92,161.5,255,-2.5,0,422.777,224.005,2.492,0.196,0,0,0,0,1943

Main.js:462 123.965,236.551,340.5,340.5,0.897,-0.279,0.047,-0.017,40,0,0,1,0,0,0,0,238.888,236.126,2.497,-0.131,0,0,0,0,0,0,0,0,376.531,221.637,144,340.5,-0.859,0.157,-0.04,0.029,91,159,255,-2.5,0,425.269,224.201,2.492,0.196,0,0,0,0,1959

Main.js:462 124.862,236.271,342,342,0.897,-0.28,0.048,-0.015,39,0,1,1,0,0,0,0,241.385,235.995,2.497,-0.131,0,0,0,0,0,0,0,0,375.677,221.815,142.5,337.5,-0.854,0.178,-0.04,0.03,90,156.5,255,-2.5,0,427.762,224.398,2.492,0.196,0,0,0,0,1976

Main.js:462 125.76,235.992,343.5,343.5,0.898,-0.279,0.048,-0.014,38,0,1,1,0,0,0,0,243.881,235.864,2.497,-0.131,0,0,0,0,0,0,0,0,374.829,222.015,141,334.5,-0.848,0.199,-0.039,0.031,89,154,255,-2.5,0,430.254,224.594,2.492,0.196,0,0,0,0,1993

Main.js:462 126.659,235.714,345,345,0.899,-0.277,0.048,-0.013,37,0,1,1,0,0,0,0,246.378,235.733,2.497,-0.131,0,0,0,0,0,0,0,0,373.987,222.235,139.5,331.5,-0.842,0.22,-0.038,0.032,88,151.5,255,-2.5,0,432.746,224.79,2.492,0.196,0,0,0,0,2010

Main.js:462 127.559,235.44,346.5,346.5,0.9,-0.275,0.049,-0.012,36,0,1,1,0,0,0,0,248.874,235.602,2.497,-0.131,0,0,0,0,0,0,0,0,373.15,222.474,141,331.5,-0.837,0.239,-0.039,0.031,87,149,255,-2.5,0,435.239,224.986,2.492,0.196,0,0,0,0,2027

Main.js:462 128.461,235.169,348,348,0.902,-0.271,0.049,-0.01,35,0,1,1,0,0,0,0,251.371,235.472,2.497,-0.131,0,0,0,0,0,0,0,0,372.317,222.73,142.5,331.5,-0.833,0.256,-0.04,0.03,86,146.5,255,-2.5,0,437.731,225.182,2.492,0.196,0,0,0,0,2043

Main.js:462 129.365,234.903,349.5,349.5,0.903,-0.266,0.049,-0.009,34,0,1,1,0,0,0,0,253.867,235.341,2.497,-0.131,0,0,0,0,0,0,0,0,371.488,223.001,144,331.5,-0.829,0.271,-0.04,0.029,85,144,255,-2.5,0,440.223,225.378,2.492,0.196,0,0,0,0,2060

Main.js:462 130.27,234.643,351,351,0.905,-0.26,0.049,-0.008,33,0,1,1,0,0,0,0,256.364,235.21,2.497,-0.131,0,0,0,0,0,0,0,0,370.661,223.285,145.5,331.5,-0.827,0.284,-0.041,0.028,84,141.5,255,-2.5,0,442.715,225.574,2.492,0.196,0,0,0,0,2076

Main.js:462 131.177,234.39,352.5,352.5,0.907,-0.253,0.05,-0.007,32,0,1,1,0,0,0,0,258.861,235.079,2.497,-0.131,0,0,0,0,0,0,0,0,369.835,223.581,147,331.5,-0.826,0.296,-0.042,0.027,83,139,255,-2.5,0,445.208,225.771,2.492,0.196,0,0,0,0,2093

Main.js:462 132.085,234.144,354,354,0.909,-0.246,0.05,-0.005,31,0,1,1,0,0,0,0,261.357,234.948,2.497,-0.131,0,0,0,0,0,0,0,0,369.01,223.887,148.5,331.5,-0.825,0.306,-0.043,0.026,82,136.5,255,-2.5,0,447.7,225.967,2.492,0.196,0,0,0,0,2109

Main.js:462 132.996,233.907,355.5,355.5,0.911,-0.237,0.05,-0.004,30,0,1,1,0,0,0,0,263.854,234.817,2.497,-0.131,0,0,0,0,0,0,0,0,368.185,224.202,150,331.5,-0.825,0.315,-0.043,0.025,81,134,255,-2.5,0,450.192,226.163,2.492,0.196,0,0,0,0,2127

Main.js:462 133.909,233.679,357,357,0.913,-0.228,0.05,-0.003,29,0,1,1,0,0,0,0,266.35,234.687,2.497,-0.131,0,0,0,0,0,0,0,0,367.36,224.523,151.5,331.5,-0.825,0.321,-0.044,0.024,80,131.5,255,-2.5,0,452.685,226.359,2.492,0.196,0,0,0,0,2144

Main.js:462 134.823,233.462,358.5,358.5,0.915,-0.218,0.05,-0.001,28,0,1,1,0,0,0,0,268.847,234.556,2.497,-0.131,0,0,0,0,0,0,0,0,366.534,224.85,153,331.5,-0.826,0.327,-0.045,0.023,79,129,255,-2.5,0,455.177,226.555,2.492,0.196,0,0,0,0,2159

Main.js:462 135.74,233.255,0,0,0.916,-0.207,0.05,0,27,0,1,1,0,0,0,0,271.343,234.425,2.497,-0.131,0,0,0,0,0,0,0,0,365.706,225.181,154.5,331.5,-0.828,0.331,-0.045,0.022,78,126.5,255,-2.5,0,457.669,226.751,2.492,0.196,0,0,0,0,2177

Main.js:462 136.658,233.06,1.5,1.5,0.918,-0.195,0.05,0.001,26,0,1,1,0,0,0,0,273.84,234.294,2.497,-0.131,0,0,0,0,0,0,0,0,364.876,225.515,156,331.5,-0.83,0.334,-0.046,0.02,77,124,255,-2.5,0,460.162,226.948,2.492,0.196,0,0,0,0,2192

Main.js:462 137.577,232.877,3,3,0.919,-0.183,0.05,0.003,25,0,1,1,0,0,0,0,276.337,234.163,2.497,-0.131,0,0,0,0,0,0,0,0,364.044,225.85,157.5,331.5,-0.832,0.335,-0.046,0.019,76,121.5,255,-2.5,0,462.654,227.144,2.492,0.196,0,0,0,0,2209

Main.js:462 138.498,232.707,4.5,4.5,0.921,-0.17,0.05,0.004,24,0,1,1,0,0,0,0,278.833,234.032,2.497,-0.131,0,0,0,0,0,0,0,0,363.209,226.186,159,331.5,-0.835,0.336,-0.047,0.018,75,119,255,-2.5,0,465.146,227.34,2.492,0.196,0,0,0,0,2227

Main.js:462 139.42,232.549,4.5,4.5,0.922,-0.158,0.05,0.004,23,0,0,1,0,0,0,0,281.33,233.902,2.497,-0.131,0,0,0,0,0,0,0,0,362.371,226.521,160.5,331.5,-0.838,0.335,-0.047,0.017,74,116.5,255,-2.5,0,467.638,227.536,2.492,0.196,0,0,0,0,2243

Main.js:462 140.344,232.403,4.5,4.5,0.923,-0.146,0.05,0.004,22,0,0,1,0,0,0,0,283.826,233.771,2.497,-0.131,0,0,0,0,0,0,0,0,361.53,226.853,162,331.5,-0.841,0.333,-0.048,0.015,73,114,255,-2.5,0,470.131,227.732,2.492,0.196,0,0,0,0,2260

Main.js:462 141.268,232.268,4.5,4.5,0.925,-0.135,0.05,0.004,21,0,0,1,0,0,0,0,286.323,233.64,2.497,-0.131,0,0,0,0,0,0,0,0,360.685,227.183,163.5,331.5,-0.845,0.329,-0.048,0.014,72,111.5,255,-2.5,0,472.623,227.928,2.492,0.196,0,0,0,0,2277

Main.js:462 142.194,232.144,4.5,4.5,0.926,-0.125,0.05,0.004,20,0,0,1,0,0,0,0,288.819,233.509,2.497,-0.131,0,0,0,0,0,0,0,0,359.836,227.508,165,331.5,-0.848,0.325,-0.048,0.013,71,109,255,-2.5,0,475.115,228.124,2.492,0.196,0,0,0,0,2292

Main.js:462 143.121,232.029,4.5,4.5,0.927,-0.115,0.05,0.004,19,0,0,1,0,0,0,0,291.316,233.378,2.497,-0.131,0,0,0,0,0,0,0,0,358.984,227.828,166.5,331.5,-0.852,0.32,-0.049,0.012,70,106.5,255,-2.5,0,477.608,228.321,2.492,0.196,0,0,0,0,2309

Main.js:462 144.049,231.924,4.5,4.5,0.928,-0.105,0.05,0.004,18,0,0,1,0,0,0,0,293.813,233.247,2.497,-0.131,0,0,0,0,0,0,0,0,358.128,228.142,168,331.5,-0.856,0.314,-0.049,0.01,69,104,255,-2.5,0,480.1,228.517,2.492,0.196,0,0,0,0,2326

Main.js:462 144.977,231.827,4.5,4.5,0.929,-0.096,0.05,0.004,17,0,0,1,0,0,0,0,296.309,233.117,2.497,-0.131,0,0,0,0,0,0,0,0,357.268,228.449,169.5,331.5,-0.86,0.307,-0.049,0.009,68,101.5,255,-2.5,0,482.592,228.713,2.492,0.196,0,0,0,0,2345

Main.js:462 145.907,231.74,4.5,4.5,0.93,-0.088,0.05,0.004,16,0,0,1,0,0,0,0,298.806,232.986,2.497,-0.131,0,0,0,0,0,0,0,0,356.404,228.748,171,331.5,-0.864,0.299,-0.049,0.008,67,99,255,-2.5,0,485.084,228.909,2.492,0.196,0,0,0,0,2360

Main.js:462 146.838,231.66,4.5,4.5,0.931,-0.08,0.05,0.004,15,0,0,1,0,0,0,0,301.302,232.855,2.497,-0.131,0,0,0,0,0,0,0,0,355.537,229.038,172.5,331.5,-0.868,0.29,-0.05,0.007,66,96.5,255,-2.5,0,487.577,229.105,2.492,0.196,0,0,0,0,2378

Main.js:462 147.769,231.588,4.5,4.5,0.931,-0.072,0.05,0.004,14,0,0,1,0,0,0,0,303.799,232.724,2.497,-0.131,0,0,0,0,0,0,0,0,354.665,229.319,174,331.5,-0.872,0.281,-0.05,0.005,65,94,255,-2.5,0,490.069,229.301,2.492,0.196,0,0,0,0,2394

Main.js:462 148.701,231.524,4.5,4.5,0.932,-0.065,0.05,0.004,13,0,0,1,0,0,0,0,306.295,232.593,2.497,-0.131,0,0,0,0,0,0,0,0,353.79,229.589,175.5,331.5,-0.875,0.27,-0.05,0.004,64,91.5,255,-2.5,0,492.561,229.497,2.492,0.196,0,0,0,0,2410

Main.js:462 149.634,231.466,4.5,4.5,0.933,-0.058,0.05,0.004,12,0,0,1,0,0,0,0,308.792,232.462,2.497,-0.131,0,0,0,0,0,0,0,0,352.911,229.849,177,331.5,-0.879,0.259,-0.05,0.003,63,89,255,-2.5,0,495.054,229.694,2.492,0.196,0,0,0,0,2426

Main.js:462 150.568,231.415,4.5,4.5,0.934,-0.051,0.05,0.004,11,0,0,1,0,0,0,0,311.289,232.331,2.497,-0.131,0,0,0,0,0,0,0,0,352.028,230.096,178.5,331.5,-0.883,0.248,-0.05,0.001,62,86.5,255,-2.5,0,497.546,229.89,2.492,0.196,0,0,0,0,2444

Main.js:462 151.502,231.371,4.5,4.5,0.934,-0.045,0.05,0.004,10,0,0,1,0,0,0,0,313.785,232.201,2.497,-0.131,0,0,0,0,0,0,0,0,351.142,230.331,180,331.5,-0.886,0.235,-0.05,0,61,84,255,-2.5,0,0,0,0,0,0,0,0,0,2458

Main.js:462 152.437,231.332,4.5,4.5,0.935,-0.039,0.05,0.004,9,0,0,1,0,0,0,0,316.282,232.07,2.497,-0.131,0,0,0,0,0,0,0,0,350.253,230.554,181.5,331.5,-0.889,0.222,-0.05,-0.001,60,81.5,255,-2.5,0,0,0,0,0,0,0,0,0,2475

Main.js:462 153.372,231.299,4.5,4.5,0.936,-0.033,0.05,0.004,8,0,0,1,0,0,0,0,318.778,231.939,2.497,-0.131,0,0,0,0,0,0,0,0,349.361,230.762,183,331.5,-0.892,0.209,-0.05,-0.003,59,79,255,-2.5,0,0,0,0,0,0,0,0,0,2493

Main.js:462 154.308,231.271,4.5,4.5,0.936,-0.028,0.05,0.004,7,0,0,1,0,0,0,0,321.275,231.808,2.497,-0.131,0,0,0,0,0,0,0,0,348.466,230.957,184.5,331.5,-0.895,0.194,-0.05,-0.004,58,76.5,255,-2.5,0,0,0,0,0,0,0,0,0,2511

Main.js:462 155.245,231.248,4.5,4.5,0.937,-0.023,0.05,0.004,6,0,0,1,0,0,0,0,323.771,231.677,2.497,-0.131,0,0,0,0,0,0,0,0,347.569,231.138,184.5,330,-0.897,0.181,-0.05,-0.004,57,74,255,-2.5,0,0,0,0,0,0,0,0,0,2526

Main.js:462 156.182,231.232,6,6,0.937,-0.016,0.05,0.005,5,0,1,1,0,0,0,0,326.268,231.546,2.497,-0.131,0,0,0,0,0,0,0,0,346.669,231.306,184.5,328.5,-0.9,0.168,-0.05,-0.004,56,71.5,255,-2.5,0,0,0,0,0,0,0,0,0,2544

Main.js:462 157.12,231.222,7.5,7.5,0.937,-0.009,0.05,0.007,4,0,1,1,0,0,0,0,328.765,231.416,2.497,-0.131,0,0,0,0,0,0,0,0,345.766,231.462,184.5,327,-0.902,0.156,-0.05,-0.004,55,69,255,-2.5,0,0,0,0,0,0,0,0,0,2560

Main.js:462 158.057,231.221,9,9,0.937,-0.002,0.049,0.008,3,0,1,1,0,0,0,0,331.261,231.285,2.497,-0.131,0,0,0,0,0,0,0,0,344.862,231.607,184.5,325.5,-0.905,0.145,-0.05,-0.004,54,66.5,255,-2.5,0,0,0,0,0,0,0,0,0,2576

Main.js:462 158.994,231.228,10.5,10.5,0.937,0.007,0.049,0.009,2,0,1,1,0,0,0,0,331.261,231.285,2.497,-0.131,0,0,0,0,0,0,0,0,343.955,231.741,184.5,324,-0.907,0.134,-0.05,-0.004,53,66.5,255,-2.5,0,0,0,0,0,0,0,0,0,2593

