Main.js:143 myTank.x,myTank.y,myTank.rotation,myTank.cannonRotation,myTank.velocityX,myTank.velocityY,myTank.accelerationX,myTank.accelerationY,myTank.shootCooldown,myTank.controls.turnLeft,myTank.controls.turnRight,myTank.controls.goForward,myTank.controls.goBack,myTank.controls.shoot,myTank.controls.cannonLeft,myTank.controls.cannonRight,myBullet1.x,myBullet1.y,myBullet1.velocityX,myBullet1.velocityY,myBullet2.x,myBullet2.y,myBullet2.velocityX,myBullet2.velocityY,myBullet3.x,myBullet3.y,myBullet3.velocityX,myBullet3.velocityY,enemyTank.x,enemyTank.y,enemyTank.rotation,enemyTank.cannonRotation,enemyTank.velocityX,enemyTank.velocityY,enemyTank.accelerationX,enemyTank.accelerationY,enemyTank.shootCooldown,enemyBullet1.x,enemyBullet1.y,enemyBullet1.velocityX,enemyBullet1.velocityY,enemyBullet2.x,enemyBullet2.y,enemyBullet2.velocityX,enemyBullet2.velocityY,enemyBullet3.x,enemyBullet3.y,enemyBullet3.velocityX,enemyBullet3.velocityY,currentGameTime
Main.js:462 50,98,0,0,0,0,0,0,0,0,0,0,0,0,0,0,0,0,0,0,0,0,0,0,0,0,0,0,450,402,180,180,0,0,0,0,0,0,0,0,0,0,0,0,0,0,0,0,0,10

Main.js:462 50,98,0,0,0,0,0,0,0,0,0,0,0,0,0,0,0,0,0,0,0,0,0,0,0,0,0,0,450,402,180,180,0,0,0,0,0,0,0,0,0,0,0,0,0,0,0,0,0,26

Main.js:462 50,98,0,0,0,0,0,0,0,0,0,0,0,0,0,0,0,0,0,0,0,0,0,0,0,0,0,0,449.953,401.999,181.5,180,-0.047,-0.001,-0.05,-0.001,99,0,0,0,0,0,0,0,0,0,0,0,0,43

Main.js:462 50,98,0,0,0,0,0,0,0,0,0,0,0,0,0,0,0,0,0,0,0,0,0,0,0,0,0,0,449.86,401.995,183,180,-0.093,-0.004,-0.05,-0.003,98,426.5,402,-2.5,0,0,0,0,0,0,0,0,0,58

Main.js:462 50,98,0,0,0,0,0,0,0,0,0,0,0,0,0,0,0,0,0,0,0,0,0,0,0,0,0,0,449.725,401.988,184.5,180,-0.135,-0.007,-0.05,-0.004,97,424,402,-2.5,0,0,0,0,0,0,0,0,0,75

Main.js:462 50,98,0,0,0,0,0,0,0,0,0,0,0,0,0,0,0,0,0,0,0,0,0,0,0,0,0,0,449.549,401.976,186,180,-0.176,-0.012,-0.05,-0.005,96,421.5,402,-2.5,0,0,0,0,0,0,0,0,0,92

Main.js:462 50,98,0,0,0,0,0,0,0,0,0,0,0,0,0,0,0,0,0,0,0,0,0,0,0,0,0,0,449.335,401.959,187.5,180,-0.214,-0.017,-0.05,-0.007,95,419,402,-2.5,0,0,0,0,0,0,0,0,0,109

Main.js:462 50,98,0,0,0,0,0,0,0,0,0,0,0,0,0,0,0,0,0,0,0,0,0,0,0,0,0,0,449.085,401.935,189,180,-0.25,-0.024,-0.049,-0.008,94,416.5,402,-2.5,0,0,0,0,0,0,0,0,0,126

Main.js:462 50,98,0,0,0,0,0,0,0,0,0,0,0,0,0,0,0,0,0,0,0,0,0,0,0,0,0,0,448.8,401.903,190.5,180,-0.284,-0.031,-0.049,-0.009,93,414,402,-2.5,0,0,0,0,0,0,0,0,0,142

Main.js:462 50.048,98,0,0,0.048,0,0.05,0,0,0,0,1,0,0,0,0,0,0,0,0,0,0,0,0,0,0,0,0,448.483,401.863,192,180,-0.317,-0.04,-0.049,-0.01,92,411.5,402,-2.5,0,0,0,0,0,0,0,0,0,160

Main.js:462 50.14,98,0,0,0.093,0,0.05,0,0,0,0,1,0,0,0,0,0,0,0,0,0,0,0,0,0,0,0,0,448.136,401.815,193.5,180,-0.347,-0.049,-0.049,-0.012,91,409,402,-2.5,0,0,0,0,0,0,0,0,0,177

Main.js:462 50.276,98,0,0,0.135,0,0.05,0,0,0,0,1,0,0,0,0,0,0,0,0,0,0,0,0,0,0,0,0,447.761,401.756,195,180,-0.376,-0.059,-0.048,-0.013,90,406.5,402,-2.5,0,0,0,0,0,0,0,0,0,192

Main.js:462 50.452,98,0,0,0.176,0,0.05,0,0,0,0,1,0,0,0,0,0,0,0,0,0,0,0,0,0,0,0,0,447.359,401.687,196.5,180,-0.402,-0.069,-0.048,-0.014,89,404,402,-2.5,0,0,0,0,0,0,0,0,0,209

Main.js:462 50.667,98,0,0,0.215,0,0.05,0,0,0,0,1,0,0,0,0,0,0,0,0,0,0,0,0,0,0,0,0,446.931,401.606,198,180,-0.427,-0.08,-0.048,-0.015,88,401.5,402,-2.5,0,0,0,0,0,0,0,0,0,226

Main.js:462 50.918,98,0,0,0.252,0,0.05,0,0,0,0,1,0,0,0,0,0,0,0,0,0,0,0,0,0,0,0,0,446.48,401.514,199.5,180,-0.451,-0.092,-0.047,-0.017,87,399,402,-2.5,0,0,0,0,0,0,0,0,0,243

Main.js:462 51.205,98,0,0,0.287,0,0.05,0,0,0,0,1,0,0,0,0,0,0,0,0,0,0,0,0,0,0,0,0,446.008,401.409,201,180,-0.473,-0.105,-0.047,-0.018,86,396.5,402,-2.5,0,0,0,0,0,0,0,0,0,259

Main.js:462 51.525,98,0,0,0.32,0,0.05,0,0,0,0,1,0,0,0,0,0,0,0,0,0,0,0,0,0,0,0,0,445.515,401.292,202.5,180,-0.493,-0.118,-0.046,-0.019,85,394,402,-2.5,0,0,0,0,0,0,0,0,0,276

Main.js:462 51.876,98,0,0,0.351,0,0.05,0,0,0,0,1,0,0,0,0,0,0,0,0,0,0,0,0,0,0,0,0,445.003,401.16,204,180,-0.512,-0.131,-0.046,-0.02,84,391.5,402,-2.5,0,0,0,0,0,0,0,0,0,292

Main.js:462 52.257,98,0,0,0.381,0,0.05,0,0,0,0,1,0,0,0,0,0,0,0,0,0,0,0,0,0,0,0,0,444.474,401.015,205.5,180,-0.529,-0.145,-0.045,-0.022,83,389,402,-2.5,0,0,0,0,0,0,0,0,0,309

Main.js:462 52.667,98,0,0,0.41,0,0.05,0,0,0,0,1,0,0,0,0,0,0,0,0,0,0,0,0,0,0,0,0,443.93,400.856,207,180,-0.545,-0.159,-0.045,-0.023,82,386.5,402,-2.5,0,0,0,0,0,0,0,0,0,327

Main.js:462 53.103,98.001,1.5,1.5,0.437,0.001,0.05,0.001,0,0,1,1,0,0,0,0,0,0,0,0,0,0,0,0,0,0,0,0,443.37,400.682,208.5,180,-0.559,-0.174,-0.044,-0.024,81,384,402,-2.5,0,0,0,0,0,0,0,0,0,342

Main.js:462 53.566,98.005,3,3,0.462,0.004,0.05,0.003,0,0,1,1,0,0,0,0,0,0,0,0,0,0,0,0,0,0,0,0,442.798,400.493,210,180,-0.572,-0.189,-0.043,-0.025,80,381.5,402,-2.5,0,0,0,0,0,0,0,0,0,359

Main.js:462 54.052,98.012,4.5,4.5,0.486,0.007,0.05,0.004,0,0,1,1,0,0,0,0,0,0,0,0,0,0,0,0,0,0,0,0,442.213,400.289,211.5,180,-0.584,-0.204,-0.043,-0.026,79,379,402,-2.5,0,0,0,0,0,0,0,0,0,376

Main.js:462 54.562,98.024,6,6,0.509,0.012,0.05,0.005,0,0,1,1,0,0,0,0,0,0,0,0,0,0,0,0,0,0,0,0,441.618,400.069,213,180,-0.595,-0.22,-0.042,-0.027,78,376.5,402,-2.5,0,0,0,0,0,0,0,0,0,392

Main.js:462 55.093,98.041,7.5,7.5,0.531,0.017,0.05,0.007,0,0,1,1,0,0,0,0,0,0,0,0,0,0,0,0,0,0,0,0,441.014,399.833,214.5,180,-0.604,-0.236,-0.041,-0.028,77,374,402,-2.5,0,0,0,0,0,0,0,0,0,409

Main.js:462 55.644,98.065,9,9,0.551,0.024,0.049,0.008,0,0,1,1,0,0,0,0,0,0,0,0,0,0,0,0,0,0,0,0,440.402,399.581,216,180,-0.613,-0.252,-0.04,-0.029,76,371.5,402,-2.5,0,0,0,0,0,0,0,0,0,471

Main.js:462 56.215,98.097,10.5,10.5,0.571,0.031,0.049,0.009,0,0,1,1,0,0,0,0,0,0,0,0,0,0,0,0,0,0,0,0,439.782,399.312,217.5,180,-0.62,-0.268,-0.04,-0.03,75,369,402,-2.5,0,0,0,0,0,0,0,0,0,492

Main.js:462 56.803,98.137,12,12,0.588,0.04,0.049,0.01,0,0,1,1,0,0,0,0,0,0,0,0,0,0,0,0,0,0,0,0,439.156,399.027,219,180,-0.626,-0.285,-0.039,-0.031,74,366.5,402,-2.5,0,0,0,0,0,0,0,0,0,508

Main.js:462 57.408,98.185,13.5,13.5,0.605,0.049,0.049,0.012,0,0,1,1,0,0,0,0,0,0,0,0,0,0,0,0,0,0,0,0,438.525,398.727,219,178.5,-0.631,-0.301,-0.039,-0.031,73,364,402,-2.5,0,0,0,0,0,0,0,0,0,526

Main.js:462 58.029,98.244,15,15,0.621,0.059,0.048,0.013,0,0,1,1,0,0,0,0,0,0,0,0,0,0,0,0,0,0,0,0,437.889,398.411,219,177,-0.637,-0.315,-0.039,-0.031,72,361.5,402,-2.5,0,0,0,0,0,0,0,0,0,542

Main.js:462 58.664,98.313,16.5,16.5,0.635,0.069,0.048,0.014,0,0,1,1,0,0,0,0,0,0,0,0,0,0,0,0,0,0,0,0,437.247,398.082,219,175.5,-0.642,-0.33,-0.039,-0.031,71,359,402,-2.5,0,0,0,0,0,0,0,0,0,559

Main.js:462 59.313,98.394,18,18,0.649,0.08,0.048,0.015,0,0,1,1,0,0,0,0,0,0,0,0,0,0,0,0,0,0,0,0,436.601,397.739,219,174,-0.646,-0.343,-0.039,-0.031,70,356.5,402,-2.5,0,0,0,0,0,0,0,0,0,576

Main.js:462 59.974,98.486,19.5,19.5,0.661,0.092,0.047,0.017,0,0,1,1,0,0,0,0,0,0,0,0,0,0,0,0,0,0,0,0,435.949,397.383,219,172.5,-0.651,-0.356,-0.039,-0.031,69,354,402,-2.5,0,0,0,0,0,0,0,0,0,594

Main.js:462 60.647,98.591,21,21,0.672,0.105,0.047,0.018,0,0,1,1,0,0,0,0,0,0,0,0,0,0,0,0,0,0,0,0,435.294,397.016,219,171,-0.655,-0.368,-0.039,-0.031,68,351.5,402,-2.5,0,0,0,0,0,0,0,0,0,609

Main.js:462 61.329,98.708,22.5,22.5,0.683,0.118,0.046,0.019,0,0,1,1,0,0,0,0,0,0,0,0,0,0,0,0,0,0,0,0,434.634,396.636,219,169.5,-0.66,-0.379,-0.039,-0.031,67,349,402,-2.5,0,0,0,0,0,0,0,0,0,626

Main.js:462 62.021,98.84,24,24,0.692,0.131,0.046,0.02,0,0,1,1,0,0,0,0,0,0,0,0,0,0,0,0,0,0,0,0,433.971,396.246,219,168,-0.663,-0.39,-0.039,-0.031,66,346.5,402,-2.5,0,0,0,0,0,0,0,0,0,643

Main.js:462 62.721,98.985,25.5,25.5,0.7,0.145,0.045,0.022,0,0,1,1,0,0,0,0,0,0,0,0,0,0,0,0,0,0,0,0,433.304,395.845,219,166.5,-0.667,-0.401,-0.039,-0.031,65,344,402,-2.5,0,0,0,0,0,0,0,0,0,659

Main.js:462 63.429,99.144,27,27,0.707,0.159,0.045,0.023,0,0,1,1,0,0,0,0,0,0,0,0,0,0,0,0,0,0,0,0,432.633,395.435,219,165,-0.671,-0.41,-0.039,-0.031,64,341.5,402,-2.5,0,0,0,0,0,0,0,0,0,676

Main.js:462 64.143,99.317,27,27,0.714,0.173,0.045,0.023,0,0,0,1,0,0,0,0,0,0,0,0,0,0,0,0,0,0,0,0,431.959,395.015,219,163.5,-0.674,-0.42,-0.039,-0.031,63,339,402,-2.5,0,0,0,0,0,0,0,0,0,691

Main.js:462 64.864,99.503,27,27,0.721,0.186,0.045,0.023,0,0,0,1,0,0,0,0,0,0,0,0,0,0,0,0,0,0,0,0,431.281,394.586,219,162,-0.677,-0.429,-0.039,-0.031,62,336.5,402,-2.5,0,0,0,0,0,0,0,0,0,709

Main.js:462 65.592,99.701,27,27,0.727,0.198,0.045,0.023,0,0,0,1,0,0,0,0,0,0,0,0,0,0,0,0,0,0,0,0,430.601,394.149,219,160.5,-0.68,-0.437,-0.039,-0.031,61,334,402,-2.5,0,0,0,0,0,0,0,0,0,725

Main.js:462 66.325,99.91,27,27,0.733,0.21,0.045,0.023,0,0,0,1,0,0,0,0,0,0,0,0,0,0,0,0,0,0,0,0,429.918,393.704,219,159,-0.683,-0.445,-0.039,-0.031,60,331.5,402,-2.5,0,0,0,0,0,0,0,0,0,742

Main.js:462 67.064,100.131,27,27,0.739,0.221,0.045,0.023,0,0,0,1,0,0,0,0,0,0,0,0,0,0,0,0,0,0,0,0,429.232,393.251,219,157.5,-0.686,-0.453,-0.039,-0.031,59,329,402,-2.5,0,0,0,0,0,0,0,0,0,760

Main.js:462 67.808,100.363,27,27,0.744,0.231,0.045,0.023,0,0,0,1,0,0,0,0,0,0,0,0,0,0,0,0,0,0,0,0,428.543,392.791,219,156,-0.689,-0.46,-0.039,-0.031,58,326.5,402,-2.5,0,0,0,0,0,0,0,0,0,776

Main.js:462 68.558,100.604,27,27,0.749,0.241,0.045,0.023,0,0,0,1,0,0,0,0,0,0,0,0,0,0,0,0,0,0,0,0,427.852,392.324,219,154.5,-0.691,-0.467,-0.039,-0.031,57,324,402,-2.5,0,0,0,0,0,0,0,0,0,793

Main.js:462 69.312,100.855,27,27,0.754,0.251,0.045,0.023,0,0,0,1,0,0,0,0,0,0,0,0,0,0,0,0,0,0,0,0,427.158,391.851,219,153,-0.694,-0.474,-0.039,-0.031,56,321.5,402,-2.5,0,0,0,0,0,0,0,0,0,810

Main.js:462 70.071,101.115,27,27,0.759,0.26,0.045,0.023,0,0,0,1,0,0,0,0,0,0,0,0,0,0,0,0,0,0,0,0,426.463,391.371,219,151.5,-0.696,-0.48,-0.039,-0.031,55,319,402,-2.5,0,0,0,0,0,0,0,0,0,827

Main.js:462 70.834,101.383,27,27,0.763,0.268,0.045,0.023,0,0,0,1,0,0,0,0,0,0,0,0,0,0,0,0,0,0,0,0,425.765,390.885,219,150,-0.698,-0.486,-0.039,-0.031,54,316.5,402,-2.5,0,0,0,0,0,0,0,0,0,842

Main.js:462 71.601,101.66,27,27,0.767,0.277,0.045,0.023,0,0,0,1,0,0,0,0,0,0,0,0,0,0,0,0,0,0,0,0,425.065,390.394,219,148.5,-0.7,-0.491,-0.039,-0.031,53,314,402,-2.5,0,0,0,0,0,0,0,0,0,859

Main.js:462 72.373,101.944,27,27,0.771,0.284,0.045,0.023,0,0,0,1,0,0,0,0,0,0,0,0,0,0,0,0,0,0,0,0,424.363,389.897,219,147,-0.702,-0.497,-0.039,-0.031,52,311.5,402,-2.5,0,0,0,0,0,0,0,0,0,876

Main.js:462 73.148,102.236,27,27,0.775,0.292,0.045,0.023,0,0,0,1,0,0,0,0,0,0,0,0,0,0,0,0,0,0,0,0,423.659,389.396,219,145.5,-0.704,-0.502,-0.039,-0.031,51,309,402,-2.5,0,0,0,0,0,0,0,0,0,892

Main.js:462 73.926,102.535,28.5,28.5,0.778,0.3,0.044,0.024,0,0,1,1,0,0,0,0,0,0,0,0,0,0,0,0,0,0,0,0,422.954,388.889,219,144,-0.705,-0.506,-0.039,-0.031,50,306.5,402,-2.5,0,0,0,0,0,0,0,0,0,908

Main.js:462 74.706,102.844,30,30,0.78,0.309,0.043,0.025,0,0,1,1,0,0,0,0,0,0,0,0,0,0,0,0,0,0,0,0,422.247,388.378,219,142.5,-0.707,-0.511,-0.039,-0.031,49,304,402,-2.5,0,0,0,0,0,0,0,0,0,926

Main.js:462 75.488,103.162,31.5,31.5,0.782,0.318,0.043,0.026,0,0,1,1,0,0,0,0,0,0,0,0,0,0,0,0,0,0,0,0,421.538,387.863,219,141,-0.709,-0.515,-0.039,-0.031,48,301.5,402,-2.5,0,0,0,0,0,0,0,0,0,943

Main.js:462 76.271,103.49,33,33,0.783,0.328,0.042,0.027,0,0,1,1,0,0,0,0,0,0,0,0,0,0,0,0,0,0,0,0,420.828,387.343,219,139.5,-0.71,-0.52,-0.039,-0.031,47,299,402,-2.5,0,0,0,0,0,0,0,0,0,960

Main.js:462 77.053,103.828,34.5,34.5,0.783,0.338,0.041,0.028,0,0,1,1,0,0,0,0,0,0,0,0,0,0,0,0,0,0,0,0,420.117,386.82,219,138,-0.711,-0.523,-0.039,-0.031,46,296.5,402,-2.5,0,0,0,0,0,0,0,0,0,976

Main.js:462 77.835,104.177,36,36,0.782,0.349,0.04,0.029,0,0,1,1,0,0,0,0,0,0,0,0,0,0,0,0,0,0,0,0,419.404,386.293,219,136.5,-0.713,-0.527,-0.039,-0.031,45,294,402,-2.5,0,0,0,0,0,0,0,0,0,994

Main.js:462 78.616,104.538,37.5,37.5,0.78,0.361,0.04,0.03,0,0,1,1,0,0,0,0,0,0,0,0,0,0,0,0,0,0,0,0,418.69,385.762,219,135,-0.714,-0.531,-0.039,-0.031,44,291.5,402,-2.5,0,0,0,0,0,0,0,0,0,1009

Main.js:462 79.394,104.911,39,39,0.778,0.373,0.039,0.031,0,0,1,1,0,0,0,0,0,0,0,0,0,0,0,0,0,0,0,0,417.974,385.229,217.5,132,-0.716,-0.533,-0.04,-0.03,43,289,402,-2.5,0,0,0,0,0,0,0,0,0,1026

Main.js:462 80.17,105.296,40.5,40.5,0.776,0.385,0.038,0.032,0,0,1,1,0,0,0,0,0,0,0,0,0,0,0,0,0,0,0,0,417.255,384.695,216,129,-0.719,-0.534,-0.04,-0.029,42,286.5,402,-2.5,0,0,0,0,0,0,0,0,0,1043

Main.js:462 80.942,105.693,42,42,0.772,0.397,0.037,0.033,0,0,1,1,0,0,0,0,0,0,0,0,0,0,0,0,0,0,0,0,416.533,384.16,214.5,126,-0.722,-0.535,-0.041,-0.028,41,284,402,-2.5,0,0,0,0,0,0,0,0,0,1060

Main.js:462 81.71,106.104,43.5,43.5,0.768,0.41,0.036,0.034,0,0,1,1,0,0,0,0,0,0,0,0,0,0,0,0,0,0,0,0,415.808,383.626,213,123,-0.726,-0.534,-0.042,-0.027,40,281.5,402,-2.5,0,0,0,0,0,0,0,0,0,1077

Main.js:462 82.473,106.527,45,45,0.763,0.423,0.035,0.035,0,0,1,1,0,0,0,0,0,0,0,0,0,0,0,0,0,0,0,0,415.078,383.095,211.5,120,-0.73,-0.532,-0.043,-0.026,39,279,402,-2.5,0,0,0,0,0,0,0,0,0,1092

Main.js:462 83.231,106.963,45,45,0.759,0.436,0.035,0.035,99,0,0,1,0,1,0,0,0,0,0,0,0,0,0,0,0,0,0,0,414.343,382.566,210,117,-0.735,-0.529,-0.043,-0.025,38,276.5,402,-2.5,0,0,0,0,0,0,0,0,0,1109

Main.js:462 83.986,107.41,45,45,0.754,0.448,0.035,0.035,98,0,0,1,0,1,0,0,99.09,123.144,1.768,1.768,0,0,0,0,0,0,0,0,413.604,382.04,208.5,114,-0.74,-0.525,-0.044,-0.024,37,274,402,-2.5,0,0,0,0,0,0,0,0,0,1125

Main.js:462 84.736,107.869,45,45,0.75,0.459,0.035,0.035,97,0,0,1,0,1,0,0,100.858,124.912,1.768,1.768,0,0,0,0,0,0,0,0,412.859,381.52,207,111,-0.745,-0.52,-0.045,-0.023,36,271.5,402,-2.5,0,0,0,0,0,0,0,0,0,1142

Main.js:462 85.482,108.338,45,45,0.746,0.469,0.035,0.035,96,0,0,1,0,1,0,0,102.625,126.679,1.768,1.768,0,0,0,0,0,0,0,0,412.108,381.005,205.5,108,-0.751,-0.515,-0.045,-0.022,35,269,402,-2.5,0,0,0,0,0,0,0,0,0,1160

Main.js:462 86.224,108.818,45,45,0.742,0.48,0.035,0.035,95,0,0,1,0,1,0,0,104.393,128.447,1.768,1.768,0,0,0,0,0,0,0,0,411.352,380.497,204,105,-0.756,-0.508,-0.046,-0.02,34,266.5,402,-2.5,0,0,0,0,0,0,0,0,0,1176

Main.js:462 86.963,109.307,45,45,0.739,0.489,0.035,0.035,94,0,0,1,0,1,0,0,106.161,130.215,1.768,1.768,0,0,0,0,0,0,0,0,410.589,379.995,202.5,102,-0.762,-0.501,-0.046,-0.019,33,264,402,-2.5,0,0,0,0,0,0,0,0,0,1194

Main.js:462 87.699,109.805,45,45,0.736,0.498,0.035,0.035,93,0,0,1,0,1,0,0,107.929,131.983,1.768,1.768,0,0,0,0,0,0,0,0,409.821,379.502,201,99,-0.769,-0.493,-0.047,-0.018,32,261.5,402,-2.5,0,0,0,0,0,0,0,0,0,1209

Main.js:462 88.431,110.312,45,45,0.732,0.507,0.035,0.035,92,0,0,1,0,0,0,0,109.696,133.751,1.768,1.768,0,0,0,0,0,0,0,0,409.046,379.018,199.5,96,-0.775,-0.484,-0.047,-0.017,31,259,402,-2.5,0,0,0,0,0,0,0,0,0,1226

Main.js:462 89.161,110.828,45,45,0.729,0.515,0.035,0.035,91,0,0,1,0,0,0,0,111.464,135.518,1.768,1.768,0,0,0,0,0,0,0,0,408.264,378.543,198,93,-0.781,-0.475,-0.048,-0.015,30,256.5,402,-2.5,0,0,0,0,0,0,0,0,0,1244

Main.js:462 89.887,111.351,45,45,0.726,0.523,0.035,0.035,90,0,0,1,0,0,0,0,113.232,137.286,1.768,1.768,0,0,0,0,0,0,0,0,407.476,378.078,196.5,90,-0.788,-0.465,-0.048,-0.014,29,254,402,-2.5,0,0,0,0,0,0,0,0,0,1259

Main.js:462 90.611,111.881,45,45,0.724,0.53,0.035,0.035,89,0,0,1,0,0,0,0,115,139.054,1.768,1.768,0,0,0,0,0,0,0,0,406.682,377.625,195,87,-0.794,-0.454,-0.048,-0.013,28,251.5,402,-2.5,0,0,0,0,0,0,0,0,0,1276

Main.js:462 91.332,112.419,45,45,0.721,0.538,0.035,0.035,88,0,0,1,0,0,0,0,116.768,140.822,1.768,1.768,0,0,0,0,0,0,0,0,405.881,377.183,193.5,84,-0.801,-0.442,-0.049,-0.012,27,249,402,-2.5,0,0,0,0,0,0,0,0,0,1292

Main.js:462 92.051,112.963,45,45,0.719,0.544,0.035,0.035,87,0,0,1,0,0,0,0,118.535,142.589,1.768,1.768,0,0,0,0,0,0,0,0,405.074,376.753,192,81,-0.807,-0.43,-0.049,-0.01,26,246.5,402,-2.5,0,0,0,0,0,0,0,0,0,1309

Main.js:462 92.767,113.513,45,45,0.716,0.551,0.035,0.035,86,0,0,1,0,0,0,0,120.303,144.357,1.768,1.768,0,0,0,0,0,0,0,0,404.26,376.336,190.5,78,-0.814,-0.417,-0.049,-0.009,25,244,402,-2.5,0,0,0,0,0,0,0,0,0,1326

Main.js:462 93.481,114.07,45,45,0.714,0.557,0.035,0.035,85,0,0,1,0,0,0,0,122.071,146.125,1.768,1.768,0,0,0,0,0,0,0,0,403.44,375.932,189,75,-0.82,-0.404,-0.049,-0.008,24,241.5,402,-2.5,0,0,0,0,0,0,0,0,0,1342

Main.js:462 94.193,114.632,45,45,0.712,0.562,0.035,0.035,84,0,0,1,0,0,0,0,123.839,147.893,1.768,1.768,0,0,0,0,0,0,0,0,402.615,375.543,187.5,72,-0.826,-0.39,-0.05,-0.007,23,239,402,-2.5,0,0,0,0,0,0,0,0,0,1359

Main.js:462 94.903,115.2,45,45,0.71,0.568,0.035,0.035,83,0,0,1,0,0,0,0,125.606,149.66,1.768,1.768,0,0,0,0,0,0,0,0,401.783,375.168,186,69,-0.832,-0.375,-0.05,-0.005,22,236.5,402,-2.5,0,0,0,0,0,0,0,0,0,1376

Main.js:462 95.611,115.773,45,45,0.708,0.573,0.035,0.035,82,0,0,1,0,0,0,0,127.374,151.428,1.768,1.768,0,0,0,0,0,0,0,0,400.945,374.807,184.5,66,-0.838,-0.36,-0.05,-0.004,21,234,402,-2.5,0,0,0,0,0,0,0,0,0,1392

Main.js:462 96.317,116.351,45,45,0.706,0.578,0.035,0.035,81,0,0,1,0,0,0,0,129.142,153.196,1.768,1.768,0,0,0,0,0,0,0,0,400.102,374.463,183,63,-0.843,-0.345,-0.05,-0.003,20,231.5,402,-2.5,0,0,0,0,0,0,0,0,0,1411

Main.js:462 97.022,116.934,45,45,0.705,0.583,0.035,0.035,80,0,0,1,0,0,0,0,130.91,154.964,1.768,1.768,0,0,0,0,0,0,0,0,399.253,374.134,181.5,60,-0.849,-0.329,-0.05,-0.001,19,229,402,-2.5,0,0,0,0,0,0,0,0,0,1427

Main.js:462 97.725,117.521,45,45,0.703,0.587,0.035,0.035,79,0,0,1,0,0,0,0,132.677,156.732,1.768,1.768,0,0,0,0,0,0,0,0,398.4,373.822,180,57,-0.854,-0.312,-0.05,0,18,226.5,402,-2.5,0,0,0,0,0,0,0,0,0,1443

Main.js:462 98.426,118.113,45,45,0.701,0.591,0.035,0.035,78,0,0,1,0,0,0,0,134.445,158.499,1.768,1.768,0,0,0,0,0,0,0,0,397.541,373.527,178.5,54,-0.858,-0.295,-0.05,0.001,17,224,402,-2.5,0,0,0,0,0,0,0,0,0,1459

Main.js:462 99.126,118.708,45,45,0.7,0.595,0.035,0.035,77,0,0,1,0,0,0,0,136.213,160.267,1.768,1.768,0,0,0,0,0,0,0,0,396.678,373.249,177,51,-0.863,-0.278,-0.05,0.003,16,221.5,402,-2.5,0,0,0,0,0,0,0,0,0,1475

Main.js:462 99.824,119.307,45,45,0.698,0.599,0.035,0.035,76,0,0,1,0,0,0,0,137.981,162.035,1.768,1.768,0,0,0,0,0,0,0,0,395.811,372.989,175.5,48,-0.867,-0.26,-0.05,0.004,15,219,402,-2.5,0,0,0,0,0,0,0,0,0,1493

Main.js:462 100.521,119.91,45,45,0.697,0.603,0.035,0.035,75,0,0,1,0,0,0,0,139.749,163.803,1.768,1.768,0,0,0,0,0,0,0,0,394.94,372.746,174,45,-0.871,-0.242,-0.05,0.005,14,216.5,402,-2.5,0,0,0,0,0,0,0,0,0,1510

Main.js:462 101.217,120.516,45,45,0.696,0.606,0.035,0.035,74,0,0,1,0,0,0,0,141.516,165.57,1.768,1.768,0,0,0,0,0,0,0,0,394.066,372.522,172.5,42,-0.875,-0.224,-0.05,0.007,13,214,402,-2.5,0,0,0,0,0,0,0,0,0,1526

Main.js:462 101.912,121.126,45,45,0.695,0.61,0.035,0.035,73,0,0,1,0,0,0,0,143.284,167.338,1.768,1.768,0,0,0,0,0,0,0,0,393.188,372.317,171,39,-0.878,-0.205,-0.049,0.008,12,211.5,402,-2.5,0,0,0,0,0,0,0,0,0,1543

Main.js:462 102.605,121.739,45,45,0.693,0.613,0.035,0.035,72,0,0,1,0,0,0,0,145.052,169.106,1.768,1.768,0,0,0,0,0,0,0,0,392.307,372.13,169.5,36,-0.881,-0.187,-0.049,0.009,11,209,402,-2.5,0,0,0,0,0,0,0,0,0,1560

Main.js:462 103.298,122.354,45,45,0.692,0.616,0.035,0.035,71,0,0,1,0,0,0,0,146.82,170.874,1.768,1.768,0,0,0,0,0,0,0,0,391.424,371.963,168,33,-0.883,-0.167,-0.049,0.01,10,206.5,402,-2.5,0,0,0,0,0,0,0,0,0,1577

Main.js:462 103.989,122.973,45,45,0.691,0.618,0.035,0.035,70,0,0,1,0,0,0,0,148.587,172.641,1.768,1.768,0,0,0,0,0,0,0,0,390.539,371.815,166.5,30,-0.885,-0.148,-0.049,0.012,9,204,402,-2.5,0,0,0,0,0,0,0,0,0,1592

Main.js:462 104.679,123.594,45,45,0.69,0.621,0.035,0.035,69,0,0,1,0,0,0,0,150.355,174.409,1.768,1.768,0,0,0,0,0,0,0,0,389.653,371.687,165,27,-0.887,-0.128,-0.048,0.013,8,201.5,402,-2.5,0,0,0,0,0,0,0,0,0,1611

Main.js:462 105.369,124.217,45,45,0.689,0.624,0.035,0.035,68,0,0,1,0,0,0,0,152.123,176.177,1.768,1.768,0,0,0,0,0,0,0,0,388.765,371.578,163.5,24,-0.888,-0.108,-0.048,0.014,7,199,402,-2.5,0,0,0,0,0,0,0,0,0,1626

Main.js:462 106.057,124.843,45,45,0.689,0.626,0.035,0.035,67,0,0,1,0,0,0,0,153.891,177.945,1.768,1.768,0,0,0,0,0,0,0,0,387.876,371.49,162,21,-0.889,-0.088,-0.048,0.015,6,196.5,402,-2.5,0,0,0,0,0,0,0,0,0,1642

Main.js:462 106.745,125.472,45,45,0.688,0.628,0.035,0.035,66,0,0,1,0,0,0,0,155.658,179.712,1.768,1.768,0,0,0,0,0,0,0,0,386.987,371.422,160.5,18,-0.889,-0.068,-0.047,0.017,5,194,402,-2.5,0,0,0,0,0,0,0,0,0,1658

Main.js:462 107.432,126.102,45,45,0.687,0.63,0.035,0.035,65,0,0,1,0,0,0,0,157.426,181.48,1.768,1.768,0,0,0,0,0,0,0,0,386.098,371.375,159,15,-0.889,-0.048,-0.047,0.018,4,191.5,402,-2.5,0,0,0,0,0,0,0,0,0,1676

Main.js:462 108.118,126.735,45,45,0.686,0.633,0.035,0.035,64,0,0,1,0,0,0,0,159.194,183.248,1.768,1.768,0,0,0,0,0,0,0,0,385.21,371.348,157.5,12,-0.888,-0.027,-0.046,0.019,3,189,402,-2.5,0,0,0,0,0,0,0,0,0,1709

Main.js:462 108.804,127.369,45,45,0.685,0.635,0.035,0.035,63,0,0,1,0,0,0,0,160.962,185.016,1.768,1.768,0,0,0,0,0,0,0,0,384.323,371.341,156,9,-0.887,-0.006,-0.046,0.02,2,186.5,402,-2.5,0,0,0,0,0,0,0,0,0,1726

Main.js:462 109.488,128.006,45,45,0.685,0.636,0.035,0.035,62,0,0,1,0,0,0,0,162.729,186.784,1.768,1.768,0,0,0,0,0,0,0,0,383.437,371.356,154.5,6,-0.886,0.014,-0.045,0.022,1,184,402,-2.5,0,0,0,0,0,0,0,0,0,1743

Main.js:462 110.173,128.644,45,45,0.684,0.638,0.035,0.035,61,0,0,1,0,0,0,0,164.497,188.551,1.768,1.768,0,0,0,0,0,0,0,0,382.553,371.391,153,3,-0.884,0.035,-0.045,0.023,0,181.5,402,-2.5,0,0,0,0,0,0,0,0,0,1759

Main.js:462 110.856,129.284,45,45,0.683,0.64,0.035,0.035,60,0,0,1,0,0,0,0,166.265,190.319,1.768,1.768,0,0,0,0,0,0,0,0,381.672,371.447,151.5,0,-0.881,0.056,-0.044,0.024,99,179,402,-2.5,0,0,0,0,0,0,0,0,0,1776

Main.js:462 111.539,129.925,45,45,0.683,0.641,0.035,0.035,59,0,0,1,0,0,0,0,168.033,192.087,1.768,1.768,0,0,0,0,0,0,0,0,380.793,371.525,150,357,-0.878,0.077,-0.043,0.025,98,176.5,402,-2.5,0,406.053,371.391,2.5,0,0,0,0,0,1809

Main.js:462 112.221,130.568,45,45,0.682,0.643,0.035,0.035,58,0,0,1,0,0,0,0,169.801,193.855,1.768,1.768,0,0,0,0,0,0,0,0,379.918,371.623,148.5,354,-0.875,0.098,-0.043,0.026,97,174,402,-2.5,0,408.553,371.391,2.5,0,0,0,0,0,1826

Main.js:462 112.903,131.212,45,45,0.682,0.644,0.035,0.035,57,0,0,1,0,0,0,0,171.568,195.622,1.768,1.768,0,0,0,0,0,0,0,0,379.047,371.742,147,351,-0.871,0.119,-0.042,0.027,96,171.5,402,-2.5,0,411.053,371.391,2.5,0,0,0,0,0,1843

Main.js:462 113.584,131.858,45,45,0.681,0.646,0.035,0.035,56,0,0,1,0,0,0,0,173.336,197.39,1.768,1.768,0,0,0,0,0,0,0,0,378.18,371.882,145.5,348,-0.867,0.14,-0.041,0.028,95,169,402,-2.5,0,413.553,371.391,2.5,0,0,0,0,0,1859

Main.js:462 114.265,132.505,45,45,0.681,0.647,0.035,0.035,55,0,0,1,0,0,0,0,175.104,199.158,1.768,1.768,0,0,0,0,0,0,0,0,377.318,372.043,144,345,-0.862,0.161,-0.04,0.029,94,166.5,402,-2.5,0,416.053,371.391,2.5,0,0,0,0,0,1876

Main.js:462 114.945,133.154,46.5,46.5,0.679,0.649,0.034,0.036,54,0,1,1,0,0,0,0,176.872,200.926,1.768,1.768,0,0,0,0,0,0,0,0,376.462,372.225,142.5,342,-0.856,0.182,-0.04,0.03,93,164,402,-2.5,0,418.553,371.391,2.5,0,0,0,0,0,1892

Main.js:462 115.622,133.806,48,48,0.677,0.652,0.033,0.037,53,0,1,1,0,0,0,0,178.639,202.693,1.768,1.768,0,0,0,0,0,0,0,0,375.611,372.427,141,339,-0.85,0.203,-0.039,0.031,92,161.5,402,-2.5,0,421.053,371.391,2.5,0,0,0,0,0,1910

Main.js:462 116.296,134.462,49.5,49.5,0.674,0.656,0.032,0.038,52,0,1,1,0,0,0,0,180.407,204.461,1.768,1.768,0,0,0,0,0,0,0,0,374.767,372.651,139.5,336,-0.844,0.223,-0.038,0.032,91,159,402,-2.5,0,423.553,371.391,2.5,0,0,0,0,0,1926

Main.js:462 116.967,135.122,51,51,0.67,0.66,0.031,0.039,51,0,1,1,0,0,0,0,182.175,206.229,1.768,1.768,0,0,0,0,0,0,0,0,373.93,372.895,138,333,-0.837,0.244,-0.037,0.033,90,156.5,402,-2.5,0,426.053,371.391,2.5,0,0,0,0,0,1943

Main.js:462 117.633,135.786,52.5,52.5,0.666,0.664,0.03,0.04,50,0,1,1,0,0,0,0,183.943,207.997,1.768,1.768,0,0,0,0,0,0,0,0,373.1,373.159,136.5,330,-0.83,0.264,-0.036,0.034,89,154,402,-2.5,0,428.553,371.391,2.5,0,0,0,0,0,1959

Main.js:462 118.293,136.455,54,54,0.66,0.67,0.029,0.04,49,0,1,1,0,0,0,0,185.71,209.765,1.768,1.768,0,0,0,0,0,0,0,0,372.279,373.444,135,327,-0.822,0.285,-0.035,0.035,88,151.5,402,-2.5,0,431.053,371.391,2.5,0,0,0,0,0,1977

Main.js:462 118.947,137.131,55.5,55.5,0.654,0.675,0.028,0.041,48,0,1,1,0,0,0,0,187.478,211.532,1.768,1.768,0,0,0,0,0,0,0,0,371.465,373.749,133.5,324,-0.813,0.305,-0.034,0.036,87,149,402,-2.5,0,433.553,371.391,2.5,0,0,0,0,0,1993

Main.js:462 119.596,137.811,55.5,55.5,0.649,0.681,0.028,0.041,47,0,0,1,0,0,0,0,189.246,213.3,1.768,1.768,0,0,0,0,0,0,0,0,370.66,374.074,132,321,-0.805,0.325,-0.033,0.037,86,146.5,402,-2.5,0,436.053,371.391,2.5,0,0,0,0,0,2010

Main.js:462 120.239,138.497,55.5,55.5,0.643,0.686,0.028,0.041,46,0,0,1,0,0,0,0,191.014,215.068,1.768,1.768,0,0,0,0,0,0,0,0,369.863,374.417,133.5,321,-0.797,0.343,-0.034,0.036,85,144,402,-2.5,0,438.553,371.391,2.5,0,0,0,0,0,2027

Main.js:462 120.877,139.188,55.5,55.5,0.638,0.691,0.028,0.041,45,0,0,1,0,0,0,0,192.782,216.836,1.768,1.768,0,0,0,0,0,0,0,0,369.073,374.777,135,321,-0.791,0.36,-0.035,0.035,84,141.5,402,-2.5,0,441.053,371.391,2.5,0,0,0,0,0,2043

Main.js:462 121.51,139.883,55.5,55.5,0.633,0.695,0.028,0.041,44,0,0,1,0,0,0,0,194.549,218.603,1.768,1.768,0,0,0,0,0,0,0,0,368.287,375.151,136.5,321,-0.786,0.374,-0.036,0.034,83,139,402,-2.5,0,443.553,371.391,2.5,0,0,0,0,0,2061

Main.js:462 122.138,140.582,55.5,55.5,0.628,0.7,0.028,0.041,43,0,0,1,0,0,0,0,196.317,220.371,1.768,1.768,0,0,0,0,0,0,0,0,367.505,375.539,138,321,-0.782,0.387,-0.037,0.033,82,136.5,402,-2.5,0,446.053,371.391,2.5,0,0,0,0,0,2076

Main.js:462 122.761,141.286,55.5,55.5,0.624,0.704,0.028,0.041,42,0,0,1,0,0,0,0,198.085,222.139,1.768,1.768,0,0,0,0,0,0,0,0,366.726,375.938,139.5,321,-0.779,0.399,-0.038,0.032,81,134,402,-2.5,0,448.553,371.391,2.5,0,0,0,0,0,2093

Main.js:462 123.381,141.994,55.5,55.5,0.619,0.708,0.028,0.041,41,0,0,1,0,0,0,0,199.853,223.907,1.768,1.768,0,0,0,0,0,0,0,0,365.95,376.347,141,321,-0.777,0.409,-0.039,0.031,80,131.5,402,-2.5,0,451.053,371.391,2.5,0,0,0,0,0,2110

Main.js:462 123.996,142.705,55.5,55.5,0.615,0.711,0.028,0.041,40,0,0,1,0,0,0,0,201.62,225.674,1.768,1.768,0,0,0,0,0,0,0,0,365.174,376.764,142.5,321,-0.776,0.417,-0.04,0.03,79,129,402,-2.5,0,453.553,371.391,2.5,0,0,0,0,0,2125

Main.js:462 124.607,143.42,55.5,55.5,0.611,0.715,0.028,0.041,39,0,0,1,0,0,0,0,203.388,227.442,1.768,1.768,0,0,0,0,0,0,0,0,364.399,377.188,144,321,-0.775,0.424,-0.04,0.029,78,126.5,402,-2.5,0,456.053,371.391,2.5,0,0,0,0,0,2143

Main.js:462 125.216,144.138,54,54,0.609,0.718,0.029,0.04,38,1,0,1,0,0,0,0,205.156,229.21,1.768,1.768,0,0,0,0,0,0,0,0,363.623,377.619,145.5,321,-0.776,0.43,-0.041,0.028,77,124,402,-2.5,0,458.553,371.391,2.5,0,0,0,0,0,2160

Main.js:462 125.823,144.858,52.5,52.5,0.607,0.72,0.03,0.04,37,1,0,1,0,0,0,0,206.924,230.978,1.768,1.768,0,0,0,0,0,0,0,0,362.847,378.053,147,321,-0.777,0.434,-0.042,0.027,76,121.5,402,-2.5,0,461.053,371.391,2.5,0,0,0,0,0,2176

Main.js:462 126.43,145.578,51,51,0.607,0.72,0.031,0.039,36,1,0,1,0,0,0,0,208.691,232.745,1.768,1.768,0,0,0,0,0,0,0,0,362.068,378.491,148.5,321,-0.778,0.438,-0.043,0.026,75,119,402,-2.5,0,463.553,371.391,2.5,0,0,0,0,0,2193

Main.js:462 127.037,146.299,49.5,49.5,0.607,0.721,0.032,0.038,35,1,0,1,0,0,0,0,210.459,234.513,1.768,1.768,0,0,0,0,0,0,0,0,361.288,378.93,150,321,-0.781,0.439,-0.043,0.025,74,116.5,402,-2.5,0,466.053,371.391,2.5,0,0,0,0,0,2209

Main.js:462 127.646,147.019,48,48,0.609,0.72,0.033,0.037,34,1,0,1,0,0,0,0,212.227,236.281,1.768,1.768,0,0,0,0,0,0,0,0,360.504,379.37,151.5,321,-0.783,0.44,-0.044,0.024,73,114,402,-2.5,0,468.553,371.391,2.5,0,0,0,0,0,2226

Main.js:462 128.257,147.737,46.5,46.5,0.611,0.718,0.034,0.036,33,1,0,1,0,0,0,0,213.995,238.049,1.768,1.768,0,0,0,0,0,0,0,0,359.718,379.81,153,321,-0.786,0.44,-0.045,0.023,72,111.5,402,-2.5,0,471.053,371.391,2.5,0,0,0,0,0,2242

Main.js:462 128.871,148.453,45,45,0.614,0.716,0.035,0.035,32,1,0,1,0,0,0,0,215.762,239.817,1.768,1.768,0,0,0,0,0,0,0,0,358.928,380.248,154.5,321,-0.79,0.438,-0.045,0.022,71,109,402,-2.5,0,473.553,371.391,2.5,0,0,0,0,0,2259

Main.js:462 129.487,149.167,45,45,0.617,0.714,0.035,0.035,31,0,0,1,0,0,0,0,217.53,241.584,1.768,1.768,0,0,0,0,0,0,0,0,358.134,380.684,156,321,-0.794,0.436,-0.046,0.02,70,106.5,402,-2.5,0,476.053,371.391,2.5,0,0,0,0,0,2276

Main.js:462 130.107,149.878,45,45,0.62,0.712,0.035,0.035,30,0,0,1,0,0,0,0,219.298,243.352,1.768,1.768,0,0,0,0,0,0,0,0,357.336,381.115,157.5,321,-0.798,0.432,-0.046,0.019,69,104,402,-2.5,0,478.553,371.391,2.5,0,0,0,0,0,2293

Main.js:462 130.729,150.588,45,45,0.622,0.71,0.035,0.035,29,0,0,1,0,0,0,0,221.066,245.12,1.768,1.768,0,0,0,0,0,0,0,0,356.534,381.543,159,321,-0.803,0.427,-0.047,0.018,68,101.5,402,-2.5,0,481.053,371.391,2.5,0,0,0,0,0,2309

Main.js:462 131.354,151.296,45,45,0.625,0.708,0.035,0.035,28,0,0,1,0,0,0,0,222.834,246.888,1.768,1.768,0,0,0,0,0,0,0,0,355.726,381.965,160.5,321,-0.807,0.422,-0.047,0.017,67,99,402,-2.5,0,483.553,371.391,2.5,0,0,0,0,0,2326

Main.js:462 131.981,152.002,45,45,0.627,0.706,0.035,0.035,27,0,0,1,0,0,0,0,224.601,248.655,1.768,1.768,0,0,0,0,0,0,0,0,354.914,382.38,162,321,-0.812,0.415,-0.048,0.015,66,96.5,402,-2.5,0,486.053,371.391,2.5,0,0,0,0,0,2342

Main.js:462 132.61,152.706,45,45,0.629,0.704,0.035,0.035,26,0,0,1,0,0,0,0,226.369,250.423,1.768,1.768,0,0,0,0,0,0,0,0,354.097,382.788,163.5,321,-0.817,0.408,-0.048,0.014,65,94,402,-2.5,0,488.553,371.391,2.5,0,0,0,0,0,2361

Main.js:462 133.242,153.408,45,45,0.631,0.703,0.035,0.035,25,0,0,1,0,0,0,0,228.137,252.191,1.768,1.768,0,0,0,0,0,0,0,0,353.276,383.188,165,321,-0.822,0.4,-0.048,0.013,64,91.5,402,-2.5,0,491.053,371.391,2.5,0,0,0,0,0,2377

Main.js:462 133.875,154.11,45,45,0.633,0.701,0.035,0.035,24,0,0,1,0,0,0,0,229.905,253.959,1.768,1.768,0,0,0,0,0,0,0,0,352.448,383.58,166.5,321,-0.827,0.391,-0.049,0.012,63,89,402,-2.5,0,493.553,371.391,2.5,0,0,0,0,0,2392

Main.js:462 134.51,154.809,45,45,0.635,0.7,0.035,0.035,23,0,0,1,0,0,0,0,231.672,255.726,1.768,1.768,0,0,0,0,0,0,0,0,351.616,383.961,168,321,-0.832,0.381,-0.049,0.01,62,86.5,402,-2.5,0,496.053,371.391,2.5,0,0,0,0,0,2409

Main.js:462 135.148,155.507,45,45,0.637,0.698,0.035,0.035,22,0,0,1,0,0,0,0,233.44,257.494,1.768,1.768,0,0,0,0,0,0,0,0,350.779,384.332,169.5,321,-0.837,0.371,-0.049,0.009,61,84,402,-2.5,0,498.553,371.391,2.5,0,0,0,0,0,2452

Main.js:462 135.787,156.204,45,45,0.639,0.697,0.035,0.035,21,0,0,1,0,0,0,0,235.208,259.262,1.768,1.768,0,0,0,0,0,0,0,0,349.937,384.692,171,321,-0.842,0.36,-0.049,0.008,60,81.5,402,-2.5,0,0,0,0,0,0,0,0,0,2475

Main.js:462 136.427,156.9,45,45,0.641,0.696,0.035,0.035,20,0,0,1,0,0,0,0,236.976,261.03,1.768,1.768,0,0,0,0,0,0,0,0,349.089,385.04,172.5,321,-0.847,0.348,-0.05,0.007,59,79,402,-2.5,0,0,0,0,0,0,0,0,0,2492

Main.js:462 137.069,157.594,45,45,0.642,0.694,0.035,0.035,19,0,0,1,0,0,0,0,238.743,262.798,1.768,1.768,0,0,0,0,0,0,0,0,348.237,385.376,174,321,-0.852,0.336,-0.05,0.005,58,76.5,402,-2.5,0,0,0,0,0,0,0,0,0,2508

Main.js:462 137.713,158.288,45,45,0.644,0.693,0.035,0.035,18,0,0,1,0,0,0,0,240.511,264.565,1.768,1.768,0,0,0,0,0,0,0,0,347.381,385.7,174,319.5,-0.857,0.324,-0.05,0.005,57,74,402,-2.5,0,0,0,0,0,0,0,0,0,2525

Main.js:462 138.358,158.98,45,45,0.645,0.692,0.035,0.035,17,0,0,1,0,0,0,0,242.279,266.333,1.768,1.768,0,0,0,0,0,0,0,0,346.519,386.012,174,318,-0.861,0.313,-0.05,0.005,56,71.5,402,-2.5,0,0,0,0,0,0,0,0,0,2542

Main.js:462 139.004,159.671,45,45,0.646,0.691,0.035,0.035,16,0,0,1,0,0,0,0,244.047,268.101,1.768,1.768,0,0,0,0,0,0,0,0,345.654,386.314,174,316.5,-0.865,0.302,-0.05,0.005,55,69,402,-2.5,0,0,0,0,0,0,0,0,0,2558

Main.js:462 139.652,160.361,45,45,0.648,0.69,0.035,0.035,15,0,0,1,0,0,0,0,245.815,269.869,1.768,1.768,0,0,0,0,0,0,0,0,344.785,386.606,174,315,-0.869,0.292,-0.05,0.005,54,66.5,402,-2.5,0,0,0,0,0,0,0,0,0,2576

Main.js:462 140.3,161.051,45,45,0.649,0.689,0.035,0.035,14,0,0,1,0,0,0,0,247.582,271.636,1.768,1.768,0,0,0,0,0,0,0,0,343.912,386.888,174,313.5,-0.873,0.282,-0.05,0.005,53,64,402,-2.5,0,0,0,0,0,0,0,0,0,2593

Main.js:462 140.95,161.739,45,45,0.65,0.688,0.035,0.035,13,0,0,1,0,0,0,0,249.35,273.404,1.768,1.768,0,0,0,0,0,0,0,0,343.035,387.161,174,312,-0.877,0.273,-0.05,0.005,52,61.5,402,-2.5,0,0,0,0,0,0,0,0,0,2609

Main.js:462 141.601,162.427,45,45,0.651,0.688,0.035,0.035,12,0,0,1,0,0,0,0,251.118,275.172,1.768,1.768,0,0,0,0,0,0,0,0,342.155,387.426,174,310.5,-0.88,0.264,-0.05,0.005,51,59,402,-2.5,0,0,0,0,0,0,0,0,0,2626

Main.js:462 142.253,163.114,45,45,0.652,0.687,0.035,0.035,11,0,0,1,0,0,0,0,252.886,276.94,1.768,1.768,0,0,0,0,0,0,0,0,341.271,387.682,174,309,-0.883,0.256,-0.05,0.005,50,56.5,402,-2.5,0,0,0,0,0,0,0,0,0,2643

Main.js:462 142.907,163.8,45,45,0.653,0.686,0.035,0.035,10,0,0,1,0,0,0,0,254.653,278.707,1.768,1.768,0,0,0,0,0,0,0,0,340.385,387.93,174,307.5,-0.886,0.248,-0.05,0.005,49,54,402,-2.5,0,0,0,0,0,0,0,0,0,2658

Main.js:462 143.561,164.485,45,45,0.654,0.685,0.035,0.035,9,0,0,1,0,0,0,0,256.421,280.475,1.768,1.768,0,0,0,0,0,0,0,0,339.496,388.171,174,306,-0.889,0.241,-0.05,0.005,48,51.5,402,-2.5,0,0,0,0,0,0,0,0,0,2675

Main.js:462 144.215,165.17,45,45,0.655,0.685,0.035,0.035,8,0,0,1,0,0,0,0,258.189,282.243,1.768,1.768,0,0,0,0,0,0,0,0,338.604,388.405,174,304.5,-0.892,0.234,-0.05,0.005,47,49,402,-2.5,0,0,0,0,0,0,0,0,0,2691

Main.js:462 144.871,165.854,45,45,0.656,0.684,0.035,0.035,7,0,0,1,0,0,0,0,259.957,284.011,1.768,1.768,0,0,0,0,0,0,0,0,337.709,388.632,174,303,-0.895,0.227,-0.05,0.005,46,46.5,402,-2.5,0,0,0,0,0,0,0,0,0,2709

Main.js:462 145.528,166.537,45,45,0.657,0.683,0.035,0.035,6,0,0,1,0,0,0,0,261.724,285.778,1.768,1.768,0,0,0,0,0,0,0,0,336.812,388.853,174,301.5,-0.897,0.221,-0.05,0.005,45,44,402,-2.5,0,0,0,0,0,0,0,0,0,2725

Main.js:462 146.185,167.22,45,45,0.657,0.683,0.035,0.035,5,0,0,1,0,0,0,0,263.492,287.546,1.768,1.768,0,0,0,0,0,0,0,0,335.912,389.067,174,300,-0.9,0.215,-0.05,0.005,44,41.5,402,-2.5,0,0,0,0,0,0,0,0,0,2743

Main.js:462 146.843,167.902,45,45,0.658,0.682,0.035,0.035,4,0,0,1,0,0,0,0,265.26,289.314,1.768,1.768,0,0,0,0,0,0,0,0,335.01,389.276,174,298.5,-0.902,0.209,-0.05,0.005,43,39,402,-2.5,0,0,0,0,0,0,0,0,0,2758

Main.js:462 147.502,168.584,45,45,0.659,0.682,0.035,0.035,3,0,0,1,0,0,0,0,267.028,291.082,1.768,1.768,0,0,0,0,0,0,0,0,334.106,389.479,174,297,-0.904,0.203,-0.05,0.005,42,36.5,402,-2.5,0,0,0,0,0,0,0,0,0,2775

Main.js:462 148.161,169.265,45,45,0.659,0.681,0.035,0.035,2,0,0,1,0,0,0,0,268.796,292.85,1.768,1.768,0,0,0,0,0,0,0,0,333.2,389.677,174,295.5,-0.906,0.198,-0.05,0.005,41,34,402,-2.5,0,0,0,0,0,0,0,0,0,2792

Main.js:462 148.821,169.946,45,45,0.66,0.681,0.035,0.035,1,0,0,1,0,0,0,0,270.563,294.617,1.768,1.768,0,0,0,0,0,0,0,0,332.292,389.871,174,294,-0.908,0.193,-0.05,0.005,40,31.5,402,-2.5,0,0,0,0,0,0,0,0,0,2810

Main.js:462 149.482,170.626,45,45,0.661,0.68,0.035,0.035,0,0,0,1,0,0,0,0,272.331,296.385,1.768,1.768,0,0,0,0,0,0,0,0,331.382,390.059,174,292.5,-0.91,0.189,-0.05,0.005,39,29,402,-2.5,0,0,0,0,0,0,0,0,0,2827

Main.js:462 150.143,171.306,45,45,0.661,0.68,0.035,0.035,0,0,0,1,0,0,0,0,274.099,298.153,1.768,1.768,0,0,0,0,0,0,0,0,330.471,390.243,174,291,-0.912,0.184,-0.05,0.005,38,26.5,402,-2.5,0,0,0,0,0,0,0,0,0,2843

Main.js:462 150.804,171.986,45,45,0.662,0.679,0.035,0.035,0,0,0,1,0,0,0,0,275.867,299.921,1.768,1.768,0,0,0,0,0,0,0,0,329.557,390.423,174,289.5,-0.913,0.18,-0.05,0.005,37,24,402,-2.5,0,0,0,0,0,0,0,0,0,2858

Main.js:462 151.466,172.665,45,45,0.662,0.679,0.035,0.035,0,0,0,1,0,0,0,0,277.634,301.688,1.768,1.768,0,0,0,0,0,0,0,0,328.642,390.599,174,288,-0.915,0.176,-0.05,0.005,36,21.5,402,-2.5,0,0,0,0,0,0,0,0,0,2877

Main.js:462 152.129,173.343,45,45,0.663,0.679,0.035,0.035,0,0,0,1,0,0,0,0,279.402,303.456,1.768,1.768,0,0,0,0,0,0,0,0,327.726,390.771,174,286.5,-0.916,0.172,-0.05,0.005,35,19,402,-2.5,0,0,0,0,0,0,0,0,0,2892

Main.js:462 152.792,174.022,45,45,0.663,0.678,0.035,0.035,0,0,0,1,0,0,0,0,281.17,305.224,1.768,1.768,0,0,0,0,0,0,0,0,326.808,390.939,174,285,-0.918,0.168,-0.05,0.005,34,16.5,402,-2.5,0,0,0,0,0,0,0,0,0,2909

Main.js:462 153.456,174.7,45,45,0.664,0.678,0.035,0.035,0,0,0,1,0,0,0,0,282.938,306.992,1.768,1.768,0,0,0,0,0,0,0,0,325.889,391.104,174,283.5,-0.919,0.165,-0.05,0.005,33,14,402,-2.5,0,0,0,0,0,0,0,0,0,2926

Main.js:462 154.12,175.378,45,45,0.664,0.678,0.035,0.035,0,0,0,1,0,0,0,0,284.705,308.759,1.768,1.768,0,0,0,0,0,0,0,0,324.969,391.266,174,282,-0.92,0.162,-0.05,0.005,32,11.5,402,-2.5,0,0,0,0,0,0,0,0,0,2942

Main.js:462 154.784,176.055,45,45,0.664,0.677,0.035,0.035,0,0,0,1,0,0,0,0,286.473,310.527,1.768,1.768,0,0,0,0,0,0,0,0,324.047,391.424,174,280.5,-0.922,0.158,-0.05,0.005,31,9,402,-2.5,0,0,0,0,0,0,0,0,0,2959

Main.js:462 155.449,176.732,45,45,0.665,0.677,0.035,0.035,0,0,0,1,0,0,0,0,288.241,312.295,1.768,1.768,0,0,0,0,0,0,0,0,323.125,391.58,174,279,-0.923,0.156,-0.05,0.005,30,6.5,402,-2.5,0,0,0,0,0,0,0,0,0,2975

Main.js:462 156.114,177.409,45,45,0.665,0.677,0.035,0.035,0,0,0,1,0,0,0,0,290.009,314.063,1.768,1.768,0,0,0,0,0,0,0,0,322.201,391.732,174,277.5,-0.924,0.153,-0.05,0.005,29,4,402,-2.5,0,0,0,0,0,0,0,0,0,2992

Main.js:462 156.779,178.086,45,45,0.665,0.677,0.035,0.035,0,0,0,1,0,0,0,0,291.776,315.831,1.768,1.768,0,0,0,0,0,0,0,0,321.276,391.882,174,276,-0.925,0.15,-0.05,0.005,28,1.5,402,-2.5,0,0,0,0,0,0,0,0,0,3008

Main.js:462 157.445,178.762,45,45,0.666,0.676,0.035,0.035,0,0,0,1,0,0,0,0,291.776,315.831,1.768,1.768,0,0,0,0,0,0,0,0,320.35,392.031,172.5,273,-0.926,0.149,-0.05,0.007,27,0,0,0,0,0,0,0,0,0,0,0,0,3026

Main.js:462 158.111,179.438,45,45,0.666,0.676,0.035,0.035,0,0,0,1,0,0,0,0,293.544,317.598,1.768,1.768,0,0,0,0,0,0,0,0,319.424,392.18,171,270,-0.926,0.149,-0.049,0.008,26,0,0,0,0,0,0,0,0,0,0,0,0,3042

Main.js:462 158.777,180.114,45,45,0.666,0.676,0.035,0.035,0,0,0,1,0,0,0,0,295.312,319.366,1.768,1.768,0,0,0,0,0,0,0,0,318.497,392.33,169.5,267,-0.927,0.15,-0.049,0.009,25,0,0,0,0,0,0,0,0,0,0,0,0,3059

Main.js:462 159.444,180.79,45,45,0.667,0.676,0.035,0.035,0,0,0,1,0,0,0,0,297.08,321.134,1.768,1.768,0,0,0,0,0,0,0,0,317.57,392.482,168,264,-0.927,0.152,-0.049,0.01,24,0,0,0,0,0,0,0,0,0,0,0,0,3076

Main.js:462 160.11,181.465,45,45,0.667,0.676,0.035,0.035,0,0,0,1,0,0,0,0,298.848,322.902,1.768,1.768,0,0,0,0,0,0,0,0,316.643,392.638,166.5,261,-0.927,0.156,-0.049,0.012,23,0,0,0,0,0,0,0,0,0,0,0,0,3093

Main.js:462 160.778,182.141,45,45,0.667,0.675,0.035,0.035,0,0,0,1,0,0,0,0,300.615,324.669,1.768,1.768,0,0,0,0,0,0,0,0,315.717,392.798,165,258,-0.926,0.16,-0.048,0.013,22,0,0,0,0,0,0,0,0,0,0,0,0,3109

Main.js:462 161.445,182.816,45,45,0.667,0.675,0.035,0.035,0,0,0,1,0,0,0,0,302.383,326.437,1.768,1.768,0,0,0,0,0,0,0,0,314.791,392.964,163.5,255,-0.926,0.166,-0.048,0.014,21,0,0,0,0,0,0,0,0,0,0,0,0,3127

Main.js:462 162.112,183.491,45,45,0.668,0.675,0.035,0.035,0,0,0,1,0,0,0,0,304.151,328.205,1.768,1.768,0,0,0,0,0,0,0,0,313.867,393.136,162,252,-0.924,0.172,-0.048,0.015,20,0,0,0,0,0,0,0,0,0,0,0,0,3144

Main.js:462 162.78,184.166,45,45,0.668,0.675,0.035,0.035,0,0,0,1,0,0,0,0,305.919,329.973,1.768,1.768,0,0,0,0,0,0,0,0,312.944,393.316,160.5,249,-0.923,0.179,-0.047,0.017,19,0,0,0,0,0,0,0,0,0,0,0,0,3159

Main.js:462 163.448,184.84,45,45,0.668,0.675,0.035,0.035,0,0,0,1,0,0,0,0,307.686,331.74,1.768,1.768,0,0,0,0,0,0,0,0,312.023,393.503,159,246,-0.921,0.187,-0.047,0.018,18,0,0,0,0,0,0,0,0,0,0,0,0,3176

Main.js:462 164.116,185.515,45,45,0.668,0.675,0.035,0.035,0,0,0,1,0,0,0,0,309.454,333.508,1.768,1.768,0,0,0,0,0,0,0,0,311.104,393.699,157.5,243,-0.919,0.196,-0.046,0.019,17,0,0,0,0,0,0,0,0,0,0,0,0,3192

Main.js:462 164.785,186.189,45,45,0.668,0.674,0.035,0.035,0,0,0,1,0,0,0,0,311.222,335.276,1.768,1.768,0,0,0,0,0,0,0,0,310.187,393.905,156,240,-0.916,0.206,-0.046,0.02,16,0,0,0,0,0,0,0,0,0,0,0,0,3209

Main.js:462 165.453,186.863,45,45,0.668,0.674,0.035,0.035,0,0,0,1,0,0,0,0,312.99,337.044,1.768,1.768,0,0,0,0,0,0,0,0,309.274,394.121,154.5,237,-0.913,0.216,-0.045,0.022,15,0,0,0,0,0,0,0,0,0,0,0,0,3226

Main.js:462 166.122,187.538,45,45,0.669,0.674,0.035,0.035,0,0,0,1,0,0,0,0,314.757,338.811,1.768,1.768,0,0,0,0,0,0,0,0,308.364,394.348,153,234,-0.91,0.227,-0.045,0.023,14,0,0,0,0,0,0,0,0,0,0,0,0,3244

Main.js:462 166.79,188.212,45,45,0.669,0.674,0.035,0.035,0,0,0,1,0,0,0,0,316.525,340.579,1.768,1.768,0,0,0,0,0,0,0,0,307.457,394.586,151.5,231,-0.906,0.238,-0.044,0.024,13,0,0,0,0,0,0,0,0,0,0,0,0,3259

Main.js:462 167.459,188.885,45,45,0.669,0.674,0.035,0.035,0,0,0,1,0,0,0,0,318.293,342.347,1.768,1.768,0,0,0,0,0,0,0,0,306.555,394.836,150,228,-0.902,0.25,-0.043,0.025,12,0,0,0,0,0,0,0,0,0,0,0,0,3275

Main.js:462 168.128,189.559,45,45,0.669,0.674,0.035,0.035,0,0,0,1,0,0,0,0,320.061,344.115,1.768,1.768,0,0,0,0,0,0,0,0,305.658,395.098,148.5,225,-0.898,0.262,-0.043,0.026,11,0,0,0,0,0,0,0,0,0,0,0,0,3293

Main.js:462 168.798,190.233,45,45,0.669,0.674,0.035,0.035,0,0,0,1,0,0,0,0,321.829,345.883,1.768,1.768,0,0,0,0,0,0,0,0,304.765,395.373,147,222,-0.893,0.275,-0.042,0.027,10,0,0,0,0,0,0,0,0,0,0,0,0,3309

Main.js:462 169.467,190.907,45,45,0.669,0.674,0.035,0.035,0,0,0,1,0,0,0,0,323.596,347.65,1.768,1.768,0,0,0,0,0,0,0,0,303.878,395.661,145.5,219,-0.887,0.288,-0.041,0.028,9,0,0,0,0,0,0,0,0,0,0,0,0,3326

Main.js:462 170.137,191.58,45,45,0.669,0.673,0.035,0.035,0,0,0,1,0,0,0,0,325.364,349.418,1.768,1.768,0,0,0,0,0,0,0,0,302.997,395.963,144,216,-0.881,0.302,-0.04,0.029,8,0,0,0,0,0,0,0,0,0,0,0,0,3343

Main.js:462 170.806,192.253,45,45,0.67,0.673,0.035,0.035,0,0,0,1,0,0,0,0,327.132,351.186,1.768,1.768,0,0,0,0,0,0,0,0,302.122,396.278,142.5,213,-0.875,0.315,-0.04,0.03,7,0,0,0,0,0,0,0,0,0,0,0,0,3359

Main.js:462 171.476,192.927,45,45,0.67,0.673,0.035,0.035,0,0,0,1,0,0,0,0,328.9,352.954,1.768,1.768,0,0,0,0,0,0,0,0,301.254,396.608,141,210,-0.868,0.33,-0.039,0.031,6,0,0,0,0,0,0,0,0,0,0,0,0,3375

Main.js:462 172.146,193.6,45,45,0.67,0.673,0.035,0.035,0,0,0,1,0,0,0,0,330.667,354.721,1.768,1.768,0,0,0,0,0,0,0,0,300.394,396.952,139.5,207,-0.861,0.344,-0.038,0.032,5,0,0,0,0,0,0,0,0,0,0,0,0,3392

Main.js:462 172.815,194.273,45,45,0.67,0.673,0.035,0.035,0,0,0,1,0,0,0,0,332.435,356.489,1.768,1.768,0,0,0,0,0,0,0,0,299.541,397.31,138,204,-0.853,0.359,-0.037,0.033,4,0,0,0,0,0,0,0,0,0,0,0,0,3409

Main.js:462 173.485,194.946,45,45,0.67,0.673,0.035,0.035,0,0,0,1,0,0,0,0,334.203,358.257,1.768,1.768,0,0,0,0,0,0,0,0,298.696,397.683,136.5,201,-0.845,0.373,-0.036,0.034,3,0,0,0,0,0,0,0,0,0,0,0,0,3452

Main.js:462 174.156,195.619,45,45,0.67,0.673,0.035,0.035,0,0,0,1,0,0,0,0,335.971,360.025,1.768,1.768,0,0,0,0,0,0,0,0,297.86,398.072,135,198,-0.836,0.388,-0.035,0.035,2,0,0,0,0,0,0,0,0,0,0,0,0,3474

Main.js:462 174.826,196.292,45,45,0.67,0.673,0.035,0.035,0,0,0,1,0,0,0,0,337.738,361.792,1.768,1.768,0,0,0,0,0,0,0,0,297.033,398.475,133.5,195,-0.827,0.403,-0.034,0.036,1,0,0,0,0,0,0,0,0,0,0,0,0,3492

Main.js:462 175.496,196.965,45,45,0.67,0.673,0.035,0.035,0,0,0,1,0,0,0,0,339.506,363.56,1.768,1.768,0,0,0,0,0,0,0,0,296.215,398.893,132,192,-0.817,0.418,-0.033,0.037,0,0,0,0,0,0,0,0,0,0,0,0,0,3509

Main.js:462 176.166,197.638,45,45,0.67,0.673,0.035,0.035,0,0,0,1,0,0,0,0,341.274,365.328,1.768,1.768,0,0,0,0,0,0,0,0,295.408,399.327,130.5,189,-0.807,0.434,-0.032,0.038,99,0,0,0,0,0,0,0,0,0,0,0,0,3526

Main.js:462 176.837,198.311,45,45,0.67,0.673,0.035,0.035,0,0,0,1,0,0,0,0,343.042,367.096,1.768,1.768,0,0,0,0,0,0,0,0,294.611,399.776,129,186,-0.797,0.449,-0.031,0.039,98,273.005,395.217,-2.469,-0.391,0,0,0,0,0,0,0,0,3543

Main.js:462 177.507,198.984,45,45,0.67,0.673,0.035,0.035,0,0,0,1,0,0,0,0,344.809,368.864,1.768,1.768,0,0,0,0,0,0,0,0,293.825,400.24,127.5,183,-0.786,0.464,-0.03,0.04,97,270.536,394.826,-2.469,-0.391,0,0,0,0,0,0,0,0,3559

Main.js:462 178.178,199.656,45,45,0.671,0.673,0.035,0.035,0,0,0,1,0,0,0,0,346.577,370.631,1.768,1.768,0,0,0,0,0,0,0,0,293.051,400.719,126,180,-0.775,0.479,-0.029,0.04,96,268.066,394.435,-2.469,-0.391,0,0,0,0,0,0,0,0,3576

Main.js:462 178.848,200.329,45,45,0.671,0.673,0.035,0.035,0,0,0,1,0,0,0,0,348.345,372.399,1.768,1.768,0,0,0,0,0,0,0,0,292.288,401.214,124.5,177,-0.763,0.494,-0.028,0.041,95,265.597,394.044,-2.469,-0.391,0,0,0,0,0,0,0,0,3592

Main.js:462 179.519,201.002,45,45,0.671,0.673,0.035,0.035,0,0,0,1,0,0,0,0,350.113,374.167,1.768,1.768,0,0,0,0,0,0,0,0,291.537,401.723,123,174,-0.751,0.51,-0.027,0.042,94,263.128,393.653,-2.469,-0.391,0,0,0,0,0,0,0,0,3608

Main.js:462 180.19,201.674,45,45,0.671,0.673,0.035,0.035,0,0,0,1,0,0,0,0,351.881,375.935,1.768,1.768,0,0,0,0,0,0,0,0,290.799,402.248,121.5,171,-0.738,0.525,-0.026,0.043,93,260.659,393.262,-2.469,-0.391,0,0,0,0,0,0,0,0,3626

Main.js:462 180.86,202.347,45,45,0.671,0.673,0.035,0.035,0,0,0,1,0,0,0,0,353.648,377.702,1.768,1.768,0,0,0,0,0,0,0,0,290.075,402.787,120,168,-0.725,0.54,-0.025,0.043,92,258.189,392.871,-2.469,-0.391,0,0,0,0,0,0,0,0,3642

Main.js:462 181.531,203.019,45,45,0.671,0.672,0.035,0.035,0,0,0,1,0,0,0,0,355.416,379.47,1.768,1.768,0,0,0,0,0,0,0,0,289.364,403.342,118.5,165,-0.711,0.554,-0.024,0.044,91,255.72,392.48,-2.469,-0.391,0,0,0,0,0,0,0,0,3659

Main.js:462 182.202,203.692,45,45,0.671,0.672,0.035,0.035,0,0,0,1,0,0,0,0,357.184,381.238,1.768,1.768,0,0,0,0,0,0,0,0,288.667,403.911,117,162,-0.697,0.569,-0.023,0.045,90,253.251,392.088,-2.469,-0.391,0,0,0,0,0,0,0,0,3676

Main.js:462 182.873,204.364,45,45,0.671,0.672,0.035,0.035,0,0,0,1,0,0,0,0,358.952,383.006,1.768,1.768,0,0,0,0,0,0,0,0,287.984,404.494,115.5,159,-0.683,0.583,-0.022,0.045,89,250.782,391.697,-2.469,-0.391,0,0,0,0,0,0,0,0,3692

Main.js:462 183.543,205.037,46.5,46.5,0.67,0.673,0.034,0.036,0,0,1,1,0,0,0,0,360.719,384.773,1.768,1.768,0,0,0,0,0,0,0,0,287.316,405.092,114,156,-0.668,0.598,-0.02,0.046,88,248.313,391.306,-2.469,-0.391,0,0,0,0,0,0,0,0,3709

Main.js:462 184.211,205.712,48,48,0.668,0.675,0.033,0.037,0,0,1,1,0,0,0,0,362.487,386.541,1.768,1.768,0,0,0,0,0,0,0,0,286.663,405.703,112.5,153,-0.653,0.612,-0.019,0.046,87,245.843,390.915,-2.469,-0.391,0,0,0,0,0,0,0,0,3726

Main.js:462 184.877,206.389,49.5,49.5,0.666,0.677,0.032,0.038,0,0,1,1,0,0,0,0,364.255,388.309,1.768,1.768,0,0,0,0,0,0,0,0,286.026,406.328,111,150,-0.637,0.625,-0.018,0.047,86,243.374,390.524,-2.469,-0.391,0,0,0,0,0,0,0,0,3742

Main.js:462 185.539,207.07,51,51,0.662,0.68,0.031,0.039,0,0,1,1,0,0,0,0,366.023,390.077,1.768,1.768,0,0,0,0,0,0,0,0,285.405,406.967,109.5,147,-0.621,0.639,-0.017,0.047,85,240.905,390.133,-2.469,-0.391,0,0,0,0,0,0,0,0,3759

Main.js:462 186.197,207.754,52.5,52.5,0.658,0.684,0.03,0.04,0,0,1,1,0,0,0,0,367.79,391.845,1.768,1.768,0,0,0,0,0,0,0,0,284.801,407.619,108,144,-0.605,0.652,-0.015,0.048,84,238.436,389.742,-2.469,-0.391,0,0,0,0,0,0,0,0,3776

Main.js:462 186.851,208.442,54,54,0.653,0.688,0.029,0.04,0,0,1,1,0,0,0,0,369.558,393.612,1.768,1.768,0,0,0,0,0,0,0,0,284.213,408.284,106.5,141,-0.588,0.665,-0.014,0.048,83,235.966,389.351,-2.469,-0.391,0,0,0,0,0,0,0,0,3794

Main.js:462 187.471,209.096,55.5,55.5,0.621,0.654,0,0,0,0,1,0,0,0,0,0,371.326,395.38,1.768,1.768,0,0,0,0,0,0,0,0,283.642,408.962,105,138,-0.571,0.678,-0.013,0.048,82,233.497,388.96,-2.469,-0.391,0,0,0,0,0,0,0,0,3810

Main.js:462 188.061,209.717,57,57,0.589,0.621,0,0,0,0,1,0,0,0,0,0,373.094,397.148,1.768,1.768,0,0,0,0,0,0,0,0,283.088,409.652,103.5,135,-0.553,0.69,-0.012,0.049,81,231.028,388.569,-2.469,-0.391,0,0,0,0,0,0,0,0,3826

Main.js:462 188.621,210.307,58.5,58.5,0.56,0.59,0,0,0,0,1,0,0,0,0,0,374.862,398.916,1.768,1.768,0,0,0,0,0,0,0,0,282.553,410.354,102,132,-0.536,0.702,-0.01,0.049,80,228.559,388.178,-2.469,-0.391,0,0,0,0,0,0,0,0,3842

Main.js:462 189.153,210.867,60,60,0.532,0.561,0,0,0,0,1,0,0,0,0,0,376.629,400.683,1.768,1.768,0,0,0,0,0,0,0,0,282.035,411.067,100.5,129,-0.517,0.714,-0.009,0.049,79,226.09,387.787,-2.469,-0.391,0,0,0,0,0,0,0,0,3858

Main.js:462 189.658,211.4,61.5,61.5,0.505,0.533,0,0,0,0,1,0,0,0,0,0,378.397,402.451,1.768,1.768,0,0,0,0,0,0,0,0,281.536,411.792,99,126,-0.499,0.725,-0.008,0.049,78,223.62,387.395,-2.469,-0.391,0,0,0,0,0,0,0,0,3876

Main.js:462 190.138,211.906,63,63,0.48,0.506,0,0,0,0,1,0,0,0,0,0,380.165,404.219,1.768,1.768,0,0,0,0,0,0,0,0,281.056,412.528,97.5,123,-0.48,0.736,-0.007,0.05,77,221.151,387.004,-2.469,-0.391,0,0,0,0,0,0,0,0,3894

Main.js:462 190.594,212.386,64.5,64.5,0.456,0.481,0,0,0,0,1,0,0,0,0,0,381.933,405.987,1.768,1.768,0,0,0,0,0,0,0,0,280.595,413.274,96,120,-0.461,0.746,-0.005,0.05,76,218.682,386.613,-2.469,-0.391,0,0,0,0,0,0,0,0,3909

Main.js:462 191.028,212.843,66,66,0.433,0.457,0,0,0,0,1,0,0,0,0,0,383.7,407.754,1.768,1.768,0,0,0,0,0,0,0,0,280.153,414.03,94.5,117,-0.442,0.756,-0.004,0.05,75,216.213,386.222,-2.469,-0.391,0,0,0,0,0,0,0,0,3930

Main.js:462 191.439,213.277,67.5,67.5,0.412,0.434,0,0,0,0,1,0,0,0,0,0,385.468,409.522,1.768,1.768,0,0,0,0,0,0,0,0,279.731,414.796,93,114,-0.422,0.766,-0.003,0.05,74,213.743,385.831,-2.469,-0.391,0,0,0,0,0,0,0,0,3943

Main.js:462 191.83,213.689,69,69,0.391,0.412,0,0,0,0,1,0,0,0,0,0,387.236,411.29,1.768,1.768,0,0,0,0,0,0,0,0,279.328,415.571,91.5,111,-0.402,0.775,-0.001,0.05,73,211.274,385.44,-2.469,-0.391,0,0,0,0,0,0,0,0,3959

Main.js:462 192.202,214.08,70.5,70.5,0.372,0.391,0,0,0,0,1,0,0,0,0,0,389.004,413.058,1.768,1.768,0,0,0,0,0,0,0,0,278.946,416.354,90,108,-0.382,0.784,0,0.05,72,208.805,385.049,-2.469,-0.391,0,0,0,0,0,0,0,0,3976

Main.js:462 192.555,214.452,70.5,70.5,0.353,0.372,0,0,0,0,0,0,0,0,0,0,390.771,414.825,1.768,1.768,0,0,0,0,0,0,0,0,278.584,417.146,88.5,105,-0.362,0.792,0.001,0.05,71,206.336,384.658,-2.469,-0.391,0,0,0,0,0,0,0,0,3993

Main.js:462 192.89,214.805,70.5,70.5,0.335,0.353,0,0,0,0,0,0,0,0,0,0,392.539,416.593,1.768,1.768,0,0,0,0,0,0,0,0,278.243,417.946,87,102,-0.341,0.8,0.003,0.05,70,203.867,384.267,-2.469,-0.391,0,0,0,0,0,0,0,0,4009

Main.js:462 193.209,215.141,70.5,70.5,0.319,0.336,0,0,0,0,0,0,0,0,0,0,394.307,418.361,1.768,1.768,0,0,0,0,0,0,0,0,277.92,418.754,88.5,102,-0.323,0.807,0.001,0.05,69,201.397,383.876,-2.469,-0.391,0,0,0,0,0,0,0,0,4026

Main.js:462 193.511,215.46,70.5,70.5,0.303,0.319,0,0,0,0,0,0,0,0,0,0,396.075,420.129,1.768,1.768,0,0,0,0,0,0,0,0,277.613,419.568,90,102,-0.307,0.814,0,0.05,68,198.928,383.485,-2.469,-0.391,0,0,0,0,0,0,0,0,4042

Main.js:462 193.799,215.763,70.5,70.5,0.287,0.303,0,0,99,0,0,0,0,1,0,0,397.842,421.897,1.768,1.768,0,0,0,0,0,0,0,0,277.32,420.389,91.5,102,-0.293,0.821,-0.001,0.05,67,196.459,383.093,-2.469,-0.391,0,0,0,0,0,0,0,0,4059

Main.js:462 194.072,216.05,70.5,70.5,0.273,0.288,0,0,98,0,0,0,0,1,0,0,399.61,423.664,1.768,1.768,201.356,237.612,0.835,2.357,0,0,0,0,277.039,421.217,93,102,-0.281,0.828,-0.003,0.05,66,193.99,382.702,-2.469,-0.391,0,0,0,0,0,0,0,0,4075

Main.js:462 194.331,216.324,70.5,70.5,0.259,0.273,0,0,97,0,0,0,0,1,0,0,401.378,425.432,1.768,1.768,202.19,239.969,0.835,2.357,0,0,0,0,276.769,422.051,94.5,102,-0.27,0.834,-0.004,0.05,65,191.52,382.311,-2.469,-0.391,0,0,0,0,0,0,0,0,4092

Main.js:462 194.578,216.584,70.5,70.5,0.246,0.26,0,0,96,0,0,0,0,1,0,0,403.146,427.2,1.768,1.768,203.025,242.325,0.835,2.357,0,0,0,0,276.507,422.89,96,102,-0.262,0.839,-0.005,0.05,64,189.051,381.92,-2.469,-0.391,0,0,0,0,0,0,0,0,4109

Main.js:462 194.812,216.83,70.5,70.5,0.234,0.247,0,0,95,0,0,0,0,1,0,0,404.914,428.968,1.768,1.768,203.859,244.682,0.835,2.357,0,0,0,0,276.252,423.734,97.5,102,-0.255,0.844,-0.007,0.05,63,186.582,381.529,-2.469,-0.391,0,0,0,0,0,0,0,0,4127

Main.js:462 195.034,217.065,70.5,70.5,0.222,0.234,0,0,94,0,0,0,0,1,0,0,406.681,430.735,1.768,1.768,204.694,247.038,0.835,2.357,0,0,0,0,276.003,424.583,99,102,-0.25,0.849,-0.008,0.049,62,184.113,381.138,-2.469,-0.391,0,0,0,0,0,0,0,0,4143

Main.js:462 195.246,217.287,70.5,70.5,0.211,0.223,0,0,93,0,0,0,0,0,0,0,408.449,432.503,1.768,1.768,205.528,249.395,0.835,2.357,0,0,0,0,275.757,425.436,100.5,102,-0.246,0.853,-0.009,0.049,61,181.644,380.747,-2.469,-0.391,0,0,0,0,0,0,0,0,4159

Main.js:462 195.447,217.499,70.5,70.5,0.201,0.212,0,0,92,0,0,0,0,0,0,0,410.217,434.271,1.768,1.768,206.363,251.752,0.835,2.357,0,0,0,0,275.514,426.293,102,102,-0.243,0.857,-0.01,0.049,60,179.174,380.356,-2.469,-0.391,0,0,0,0,0,0,0,0,4175

Main.js:462 195.637,217.7,70.5,70.5,0.191,0.201,0,0,91,0,0,0,0,0,0,0,411.985,436.039,1.768,1.768,207.197,254.108,0.835,2.357,0,0,0,0,275.271,427.153,103.5,102,-0.242,0.86,-0.012,0.049,59,176.705,379.965,-2.469,-0.391,0,0,0,0,0,0,0,0,4193

Main.js:462 195.818,217.891,70.5,70.5,0.181,0.191,0,0,90,0,0,0,0,0,0,0,413.752,437.806,1.768,1.768,208.032,256.465,0.835,2.357,0,0,0,0,275.029,428.017,105,102,-0.242,0.863,-0.013,0.048,58,174.236,379.574,-2.469,-0.391,0,0,0,0,0,0,0,0,4210

Main.js:462 195.991,218.072,70.5,70.5,0.172,0.181,0,0,89,0,0,0,0,0,0,0,415.52,439.574,1.768,1.768,208.866,258.821,0.835,2.357,0,0,0,0,274.785,428.882,106.5,102,-0.244,0.866,-0.014,0.048,57,171.767,379.183,-2.469,-0.391,0,0,0,0,0,0,0,0,4225

Main.js:462 196.154,218.244,70.5,70.5,0.164,0.172,0,0,88,0,0,0,0,0,0,0,417.288,441.342,1.768,1.768,209.701,261.178,0.835,2.357,0,0,0,0,274.539,429.75,108,102,-0.246,0.868,-0.015,0.048,56,169.297,378.792,-2.469,-0.391,0,0,0,0,0,0,0,0,4259

Main.js:462 196.309,218.408,70.5,70.5,0.155,0.164,0,0,87,0,0,0,0,0,0,0,419.056,443.11,1.768,1.768,210.535,263.535,0.835,2.357,0,0,0,0,274.289,430.619,109.5,102,-0.25,0.869,-0.017,0.047,55,166.828,378.4,-2.469,-0.391,0,0,0,0,0,0,0,0,4276

Main.js:462 196.457,218.563,70.5,70.5,0.148,0.155,0,0,86,0,0,0,0,0,0,0,420.823,444.878,1.768,1.768,211.37,265.891,0.835,2.357,0,0,0,0,274.035,431.489,111,102,-0.254,0.87,-0.018,0.047,54,164.359,378.009,-2.469,-0.391,0,0,0,0,0,0,0,0,4292

Main.js:462 196.597,218.711,70.5,70.5,0.14,0.148,0,0,85,0,0,0,0,0,0,0,422.591,446.645,1.768,1.768,212.205,268.248,0.835,2.357,0,0,0,0,273.775,432.359,112.5,102,-0.26,0.87,-0.019,0.046,53,161.89,377.618,-2.469,-0.391,0,0,0,0,0,0,0,0,4308

Main.js:462 196.73,218.852,70.5,70.5,0.133,0.14,0,0,84,0,0,0,0,0,0,0,424.359,448.413,1.768,1.768,213.039,270.604,0.835,2.357,0,0,0,0,273.509,433.229,114,102,-0.266,0.87,-0.02,0.046,52,159.421,377.227,-2.469,-0.391,0,0,0,0,0,0,0,0,4326

Main.js:462 196.857,218.985,70.5,70.5,0.127,0.133,0,0,83,0,0,0,0,0,0,0,426.127,450.181,1.768,1.768,213.874,272.961,0.835,2.357,0,0,0,0,273.235,434.098,115.5,102,-0.273,0.869,-0.022,0.045,51,156.951,376.836,-2.469,-0.391,0,0,0,0,0,0,0,0,4342

Main.js:462 196.977,219.111,70.5,70.5,0.12,0.127,0,0,82,0,0,0,0,0,0,0,427.895,451.949,1.768,1.768,214.708,275.318,0.835,2.357,0,0,0,0,272.954,434.967,117,102,-0.281,0.868,-0.023,0.045,50,154.482,376.445,-2.469,-0.391,0,0,0,0,0,0,0,0,4359

Main.js:462 197.091,219.232,70.5,70.5,0.114,0.12,0,0,81,0,0,0,0,0,0,0,429.662,453.716,1.768,1.768,215.543,277.674,0.835,2.357,0,0,0,0,272.664,435.833,118.5,102,-0.29,0.867,-0.024,0.044,49,152.013,376.054,-2.469,-0.391,0,0,0,0,0,0,0,0,4376

Main.js:462 197.2,219.346,70.5,70.5,0.108,0.114,0,0,80,0,0,0,0,0,0,0,431.43,455.484,1.768,1.768,216.377,280.031,0.835,2.357,0,0,0,0,272.365,436.698,120,102,-0.299,0.864,-0.025,0.043,48,149.544,375.663,-2.469,-0.391,0,0,0,0,0,0,0,0,4391

Main.js:462 197.303,219.455,70.5,70.5,0.103,0.109,0,0,79,0,0,0,0,0,0,0,433.198,457.252,1.768,1.768,217.212,282.387,0.835,2.357,0,0,0,0,272.056,437.559,121.5,102,-0.309,0.862,-0.026,0.043,47,147.075,375.272,-2.469,-0.391,0,0,0,0,0,0,0,0,4409

Main.js:462 197.401,219.558,70.5,70.5,0.098,0.103,0,0,78,0,0,0,0,0,0,0,434.966,459.02,1.768,1.768,218.046,284.744,0.835,2.357,0,0,0,0,271.737,438.418,123,102,-0.319,0.858,-0.027,0.042,46,144.605,374.881,-2.469,-0.391,0,0,0,0,0,0,0,0,4427

Main.js:462 197.494,219.656,70.5,70.5,0.093,0.098,0,0,77,0,0,0,0,0,0,0,436.733,460.787,1.768,1.768,218.881,287.101,0.835,2.357,0,0,0,0,271.407,439.273,124.5,102,-0.33,0.855,-0.028,0.041,45,142.136,374.49,-2.469,-0.391,0,0,0,0,0,0,0,0,4447

Main.js:462 197.582,219.749,70.5,70.5,0.088,0.093,0,0,76,0,0,0,0,0,0,0,438.501,462.555,1.768,1.768,219.715,289.457,0.835,2.357,0,0,0,0,271.065,440.123,126,102,-0.342,0.85,-0.029,0.04,44,139.667,374.099,-2.469,-0.391,0,0,0,0,0,0,0,0,4459

Main.js:462 197.666,219.837,70.5,70.5,0.084,0.088,0,0,75,0,0,0,0,0,0,0,440.269,464.323,1.768,1.768,220.55,291.814,0.835,2.357,0,0,0,0,270.711,440.968,127.5,102,-0.354,0.846,-0.03,0.04,43,137.198,373.707,-2.469,-0.391,0,0,0,0,0,0,0,0,4475

Main.js:462 197.746,219.921,70.5,70.5,0.08,0.084,0,0,74,0,0,0,0,0,0,0,442.037,466.091,1.768,1.768,221.384,294.17,0.835,2.357,0,0,0,0,270.346,441.809,129,102,-0.366,0.84,-0.031,0.039,42,134.728,373.316,-2.469,-0.391,0,0,0,0,0,0,0,0,4492

Main.js:462 197.822,220.001,70.5,70.5,0.076,0.08,0,0,73,0,0,0,0,0,0,0,443.804,467.858,1.768,1.768,222.219,296.527,0.835,2.357,0,0,0,0,269.967,442.643,130.5,102,-0.378,0.834,-0.032,0.038,41,132.259,372.925,-2.469,-0.391,0,0,0,0,0,0,0,0,4509

Main.js:462 197.893,220.077,70.5,70.5,0.072,0.076,0,0,72,0,0,0,0,0,0,0,445.572,469.626,1.768,1.768,223.053,298.884,0.835,2.357,0,0,0,0,269.577,443.472,130.5,100.5,-0.39,0.829,-0.032,0.038,40,129.79,372.534,-2.469,-0.391,0,0,0,0,0,0,0,0,4526

Main.js:462 197.962,220.149,70.5,70.5,0.068,0.072,0,0,71,0,0,0,0,0,0,0,447.34,471.394,1.768,1.768,223.888,301.24,0.835,2.357,0,0,0,0,269.176,444.295,130.5,99,-0.402,0.823,-0.032,0.038,39,127.321,372.143,-2.469,-0.391,0,0,0,0,0,0,0,0,4544

Main.js:462 198.027,220.218,70.5,70.5,0.065,0.068,0,0,70,0,0,0,0,0,0,0,449.108,473.162,1.768,1.768,224.722,303.597,0.835,2.357,0,0,0,0,268.763,445.113,130.5,97.5,-0.412,0.818,-0.032,0.038,38,124.852,371.752,-2.469,-0.391,0,0,0,0,0,0,0,0,4559

Main.js:462 198.089,220.283,70.5,70.5,0.062,0.065,0,0,69,0,0,0,0,0,0,0,450.875,474.93,1.768,1.768,225.557,305.953,0.835,2.357,0,0,0,0,268.341,445.927,130.5,96,-0.423,0.814,-0.032,0.038,37,122.382,371.361,-2.469,-0.391,0,0,0,0,0,0,0,0,4576

Main.js:462 198.163,220.389,70.5,70.5,0.074,0.107,0.017,0.047,68,0,0,1,0,0,0,0,452.643,476.697,1.768,1.768,226.391,308.31,0.835,2.357,0,0,0,0,267.908,446.736,130.5,94.5,-0.432,0.809,-0.032,0.038,36,119.913,370.97,-2.469,-0.391,0,0,0,0,0,0,0,0,4593

Main.js:462 198.25,220.535,70.5,70.5,0.087,0.146,0.017,0.047,67,0,0,1,0,0,0,0,454.411,478.465,1.768,1.768,227.226,310.667,0.835,2.357,0,0,0,0,267.467,447.54,130.5,93,-0.442,0.805,-0.032,0.038,35,117.444,370.579,-2.469,-0.391,0,0,0,0,0,0,0,0,4609

Main.js:462 198.348,220.719,70.5,70.5,0.098,0.183,0.017,0.047,66,0,0,1,0,0,0,0,456.179,480.233,1.768,1.768,228.06,313.023,0.835,2.357,0,0,0,0,267.017,448.341,130.5,91.5,-0.45,0.801,-0.032,0.038,34,114.975,370.188,-2.469,-0.391,0,0,0,0,0,0,0,0,4626

Main.js:462 198.457,220.938,70.5,70.5,0.109,0.219,0.017,0.047,65,0,0,1,0,0,0,0,457.947,482.001,1.768,1.768,228.895,315.38,0.835,2.357,0,0,0,0,266.558,449.138,130.5,90,-0.459,0.797,-0.032,0.038,33,112.505,369.797,-2.469,-0.391,0,0,0,0,0,0,0,0,4645

Main.js:462 198.576,221.19,70.5,70.5,0.119,0.253,0.017,0.047,64,0,0,1,0,0,0,0,459.714,483.768,1.768,1.768,229.729,317.736,0.835,2.357,0,0,0,0,266.091,449.931,130.5,88.5,-0.467,0.793,-0.032,0.038,32,110.036,369.405,-2.469,-0.391,0,0,0,0,0,0,0,0,4689

Main.js:462 198.706,221.476,70.5,70.5,0.129,0.285,0.017,0.047,63,0,0,1,0,0,0,0,461.482,485.536,1.768,1.768,230.564,320.093,0.835,2.357,0,0,0,0,265.617,450.72,130.5,87,-0.474,0.789,-0.032,0.038,31,107.567,369.014,-2.469,-0.391,0,0,0,0,0,0,0,0,4708

Main.js:462 198.844,221.791,70.5,70.5,0.139,0.316,0.017,0.047,62,0,0,1,0,0,0,0,463.25,487.304,1.768,1.768,231.398,322.45,0.835,2.357,0,0,0,0,265.136,451.506,130.5,85.5,-0.481,0.786,-0.032,0.038,30,105.098,368.623,-2.469,-0.391,0,0,0,0,0,0,0,0,4726

Main.js:462 198.992,222.136,70.5,70.5,0.148,0.345,0.017,0.047,61,0,0,1,0,0,0,0,465.018,489.072,1.768,1.768,232.233,324.806,0.835,2.357,0,0,0,0,264.648,452.289,130.5,84,-0.488,0.783,-0.032,0.038,29,102.629,368.232,-2.469,-0.391,0,0,0,0,0,0,0,0,4742

Main.js:462 199.149,222.507,69,69,0.157,0.372,0.018,0.047,60,1,0,1,0,0,0,0,466.785,490.839,1.768,1.768,233.067,327.163,0.835,2.357,0,0,0,0,264.154,453.069,130.5,82.5,-0.494,0.78,-0.032,0.038,28,100.159,367.841,-2.469,-0.391,0,0,0,0,0,0,0,0,4760

Main.js:462 199.317,222.904,67.5,67.5,0.168,0.397,0.019,0.046,59,1,0,1,0,0,0,0,468.553,492.607,1.768,1.768,233.902,329.519,0.835,2.357,0,0,0,0,263.653,453.846,130.5,81,-0.501,0.777,-0.032,0.038,27,97.69,367.45,-2.469,-0.391,0,0,0,0,0,0,0,0,4776

Main.js:462 199.496,223.325,66,66,0.179,0.421,0.02,0.046,58,1,0,1,0,0,0,0,470.321,494.375,1.768,1.768,234.736,331.876,0.835,2.357,0,0,0,0,263.147,454.62,130.5,79.5,-0.506,0.774,-0.032,0.038,26,95.221,367.059,-2.469,-0.391,0,0,0,0,0,0,0,0,4792

Main.js:462 199.686,223.767,64.5,64.5,0.19,0.442,0.022,0.045,57,1,0,1,0,0,0,0,472.089,496.143,1.768,1.768,235.571,334.233,0.835,2.357,0,0,0,0,262.635,455.392,130.5,78,-0.512,0.772,-0.032,0.038,25,92.752,366.668,-2.469,-0.391,0,0,0,0,0,0,0,0,4809

Main.js:462 199.888,224.23,63,63,0.202,0.463,0.023,0.045,56,1,0,1,0,0,0,0,473.856,497.911,1.768,1.768,236.405,336.589,0.835,2.357,0,0,0,0,262.118,456.161,130.5,76.5,-0.517,0.769,-0.032,0.038,24,90.282,366.277,-2.469,-0.391,0,0,0,0,0,0,0,0,4827

Main.js:462 200.102,224.711,61.5,61.5,0.215,0.481,0.024,0.044,55,1,0,1,0,0,0,0,475.624,499.678,1.768,1.768,237.24,338.946,0.835,2.357,0,0,0,0,261.595,456.928,130.5,75,-0.522,0.767,-0.032,0.038,23,87.813,365.886,-2.469,-0.391,0,0,0,0,0,0,0,0,4842

Main.js:462 200.33,225.209,60,60,0.228,0.498,0.025,0.043,54,1,0,1,0,0,0,0,238.075,341.302,0.835,2.357,0,0,0,0,0,0,0,0,261.068,457.692,130.5,73.5,-0.527,0.765,-0.032,0.038,22,87.813,365.886,-2.469,-0.391,0,0,0,0,0,0,0,0,4859

Main.js:462 200.571,225.723,58.5,58.5,0.241,0.514,0.026,0.043,53,1,0,1,0,0,0,0,238.909,343.659,0.835,2.357,0,0,0,0,0,0,0,0,260.537,458.455,130.5,72,-0.531,0.763,-0.032,0.038,21,85.344,365.495,-2.469,-0.391,0,0,0,0,0,0,0,0,4877

Main.js:462 200.826,226.251,57,57,0.255,0.528,0.027,0.042,52,1,0,1,0,0,0,0,239.744,346.016,0.835,2.357,0,0,0,0,0,0,0,0,260.001,459.215,130.5,70.5,-0.536,0.76,-0.032,0.038,20,82.875,365.104,-2.469,-0.391,0,0,0,0,0,0,0,0,4894

Main.js:462 201.095,226.792,55.5,55.5,0.269,0.541,0.028,0.041,51,1,0,1,0,0,0,0,240.578,348.372,0.835,2.357,0,0,0,0,0,0,0,0,259.462,459.974,130.5,69,-0.54,0.759,-0.032,0.038,19,80.406,364.712,-2.469,-0.391,0,0,0,0,0,0,0,0,4909

Main.js:462 201.379,227.344,54,54,0.284,0.552,0.029,0.04,50,1,0,1,0,0,0,0,241.413,350.729,0.835,2.357,0,0,0,0,0,0,0,0,258.918,460.731,130.5,67.5,-0.544,0.757,-0.032,0.038,18,77.936,364.321,-2.469,-0.391,0,0,0,0,0,0,0,0,4926

Main.js:462 201.677,227.906,52.5,52.5,0.298,0.562,0.03,0.04,49,1,0,1,0,0,0,0,242.247,353.085,0.835,2.357,0,0,0,0,0,0,0,0,258.371,461.486,130.5,66,-0.547,0.755,-0.032,0.038,17,75.467,363.93,-2.469,-0.391,0,0,0,0,0,0,0,0,4943

Main.js:462 201.991,228.477,51,51,0.313,0.571,0.031,0.039,48,1,0,1,0,0,0,0,243.082,355.442,0.835,2.357,0,0,0,0,0,0,0,0,257.82,462.239,130.5,64.5,-0.551,0.753,-0.032,0.038,16,72.998,363.539,-2.469,-0.391,0,0,0,0,0,0,0,0,4960

Main.js:462 202.319,229.056,49.5,49.5,0.328,0.579,0.032,0.038,47,1,0,1,0,0,0,0,243.916,357.799,0.835,2.357,0,0,0,0,0,0,0,0,257.266,462.991,130.5,63,-0.554,0.752,-0.032,0.038,15,70.529,363.148,-2.469,-0.391,0,0,0,0,0,0,0,0,4977

Main.js:462 202.663,229.64,48,48,0.344,0.585,0.033,0.037,46,1,0,1,0,0,0,0,244.751,360.155,0.835,2.357,0,0,0,0,0,0,0,0,256.709,463.741,130.5,61.5,-0.557,0.75,-0.032,0.038,14,68.059,362.757,-2.469,-0.391,0,0,0,0,0,0,0,0,4994

Main.js:462 203.021,230.231,48,48,0.358,0.591,0.033,0.037,45,0,0,1,0,0,0,0,245.585,362.512,0.835,2.357,0,0,0,0,0,0,0,0,256.148,464.49,130.5,60,-0.56,0.749,-0.032,0.038,13,65.59,362.366,-2.469,-0.391,0,0,0,0,0,0,0,0,5010

Main.js:462 203.394,230.828,48,48,0.372,0.597,0.033,0.037,44,0,0,1,0,0,0,0,246.42,364.869,0.835,2.357,0,0,0,0,0,0,0,0,255.586,465.239,129,57,-0.562,0.748,-0.031,0.039,12,63.121,361.975,-2.469,-0.391,0,0,0,0,0,0,0,0,5027

Main.js:462 203.779,231.43,48,48,0.385,0.602,0.033,0.037,43,0,0,1,0,0,0,0,247.254,367.225,0.835,2.357,0,0,0,0,0,0,0,0,255.023,465.987,127.5,54,-0.563,0.749,-0.03,0.04,11,60.652,361.584,-2.469,-0.391,0,0,0,0,0,0,0,0,5044

Main.js:462 204.177,232.038,48,48,0.398,0.607,0.033,0.037,42,0,0,1,0,0,0,0,248.089,369.582,0.835,2.357,0,0,0,0,0,0,0,0,254.461,466.737,126,51,-0.563,0.75,-0.029,0.04,10,58.183,361.193,-2.469,-0.391,0,0,0,0,0,0,0,0,5061

Main.js:462 204.587,232.65,48,48,0.41,0.612,0.033,0.037,41,0,0,1,0,0,0,0,248.923,371.938,0.835,2.357,0,0,0,0,0,0,0,0,253.899,467.489,124.5,48,-0.561,0.751,-0.028,0.041,9,55.713,360.802,-2.469,-0.391,0,0,0,0,0,0,0,0,5075

Main.js:462 205.008,233.267,48,48,0.421,0.617,0.033,0.037,40,0,0,1,0,0,0,0,249.758,374.295,0.835,2.357,0,0,0,0,0,0,0,0,253.34,468.242,123,45,-0.559,0.754,-0.027,0.042,8,53.244,360.41,-2.469,-0.391,0,0,0,0,0,0,0,0,5092

Main.js:462 205.44,233.889,48,48,0.432,0.621,0.033,0.037,39,0,0,1,0,0,0,0,250.592,376.652,0.835,2.357,0,0,0,0,0,0,0,0,252.784,468.999,121.5,42,-0.556,0.756,-0.026,0.043,7,50.775,360.019,-2.469,-0.391,0,0,0,0,0,0,0,0,5109

Main.js:462 205.882,234.514,48,48,0.442,0.626,0.033,0.037,38,0,0,1,0,0,0,0,251.427,379.008,0.835,2.357,0,0,0,0,0,0,0,0,252.232,469.758,120,39,-0.552,0.76,-0.025,0.043,6,48.306,359.628,-2.469,-0.391,0,0,0,0,0,0,0,0,5126

Main.js:462 206.334,235.144,48,48,0.452,0.63,0.033,0.037,37,0,0,1,0,0,0,0,252.261,381.365,0.835,2.357,0,0,0,0,0,0,0,0,251.685,470.522,118.5,36,-0.547,0.764,-0.024,0.044,5,45.836,359.237,-2.469,-0.391,0,0,0,0,0,0,0,0,5142

Main.js:462 206.795,235.778,48,48,0.461,0.634,0.033,0.037,36,0,0,1,0,0,0,0,253.096,383.721,0.835,2.357,0,0,0,0,0,0,0,0,251.143,471.29,117,33,-0.541,0.768,-0.023,0.045,4,43.367,358.846,-2.469,-0.391,0,0,0,0,0,0,0,0,5158

Main.js:462 207.264,236.415,48,48,0.47,0.637,0.033,0.037,35,0,0,1,0,0,0,0,253.93,386.078,0.835,2.357,0,0,0,0,0,0,0,0,250.609,472.062,115.5,30,-0.535,0.772,-0.022,0.045,3,40.898,358.455,-2.469,-0.391,0,0,0,0,0,0,0,0,5177

Main.js:462 207.742,237.055,48,48,0.478,0.641,0.033,0.037,34,0,0,1,0,0,0,0,254.765,388.435,0.835,2.357,0,0,0,0,0,0,0,0,250.081,472.839,114,27,-0.527,0.777,-0.02,0.046,2,38.429,358.064,-2.469,-0.391,0,0,0,0,0,0,0,0,5194

Main.js:462 208.228,237.699,48,48,0.486,0.644,0.033,0.037,33,0,0,1,0,0,0,0,255.599,390.791,0.835,2.357,0,0,0,0,0,0,0,0,249.562,473.621,112.5,24,-0.519,0.782,-0.019,0.046,1,35.96,357.673,-2.469,-0.391,0,0,0,0,0,0,0,0,5208

Main.js:462 208.722,238.346,48,48,0.493,0.647,0.033,0.037,32,0,0,1,0,0,0,0,256.434,393.148,0.835,2.357,0,0,0,0,0,0,0,0,249.052,474.408,111,21,-0.51,0.787,-0.018,0.047,0,33.49,357.282,-2.469,-0.391,0,0,0,0,0,0,0,0,5226

Main.js:462 209.222,238.996,48,48,0.5,0.65,0.033,0.037,31,0,0,1,0,0,0,0,257.268,395.504,0.835,2.357,0,0,0,0,0,0,0,0,248.552,475.201,109.5,18,-0.501,0.793,-0.017,0.047,99,31.021,356.891,-2.469,-0.391,0,0,0,0,0,0,0,0,5242

Main.js:462 209.729,239.649,48,48,0.507,0.653,0.033,0.037,30,0,0,1,0,0,0,0,258.103,397.861,0.835,2.357,0,0,0,0,0,0,0,0,248.061,475.999,108,15,-0.49,0.798,-0.015,0.048,98,28.552,356.5,-2.469,-0.391,271.402,481.67,2.378,0.773,0,0,0,0,5259

Main.js:462 210.243,240.304,48,48,0.514,0.655,0.033,0.037,29,0,0,1,0,0,0,0,258.937,400.218,0.835,2.357,0,0,0,0,0,0,0,0,247.582,476.803,106.5,12,-0.479,0.804,-0.014,0.048,97,26.083,356.109,-2.469,-0.391,273.78,482.442,2.378,0.773,0,0,0,0,5276

Main.js:462 210.763,240.962,48,48,0.52,0.658,0.033,0.037,28,0,0,1,0,0,0,0,259.772,402.574,0.835,2.357,0,0,0,0,0,0,0,0,247.115,477.612,105,9,-0.467,0.81,-0.013,0.048,96,23.613,355.717,-2.469,-0.391,276.157,483.215,2.378,0.773,0,0,0,0,5292

Main.js:462 211.288,241.622,48,48,0.526,0.66,0.033,0.037,27,0,0,1,0,0,0,0,260.606,404.931,0.835,2.357,0,0,0,0,0,0,0,0,246.66,478.427,103.5,6,-0.455,0.815,-0.012,0.049,95,21.144,355.326,-2.469,-0.391,278.535,483.988,2.378,0.773,0,0,0,0,5318

Main.js:462 211.819,242.285,48,48,0.531,0.663,0.033,0.037,26,0,0,1,0,0,0,0,261.441,407.287,0.835,2.357,0,0,0,0,0,0,0,0,246.217,479.248,102,3,-0.442,0.821,-0.01,0.049,94,18.675,354.935,-2.469,-0.391,280.913,484.76,2.378,0.773,0,0,0,0,5325

Main.js:462 212.356,242.95,48,48,0.536,0.665,0.033,0.037,25,0,0,1,0,0,0,0,262.276,409.644,0.835,2.357,0,0,0,0,0,0,0,0,245.788,480.075,100.5,0,-0.429,0.827,-0.009,0.049,93,16.206,354.544,-2.469,-0.391,283.29,485.533,2.378,0.773,0,0,0,0,5342

Main.js:462 212.897,243.616,48,48,0.541,0.667,0.033,0.037,24,0,0,1,0,0,0,0,263.11,412.001,0.835,2.357,0,0,0,0,0,0,0,0,245.374,480.907,99,-3,-0.415,0.832,-0.008,0.049,92,13.737,354.153,-2.469,-0.391,285.668,486.305,2.378,0.773,0,0,0,0,5359

Main.js:462 213.443,244.285,48,48,0.546,0.669,0.033,0.037,23,0,0,1,0,0,0,0,263.945,414.357,0.835,2.357,0,0,0,0,0,0,0,0,244.973,481.745,97.5,-6,-0.4,0.838,-0.007,0.05,91,11.267,353.762,-2.469,-0.391,288.045,487.078,2.378,0.773,0,0,0,0,5376

Main.js:462 213.993,244.956,48,48,0.55,0.671,0.033,0.037,22,0,0,1,0,0,0,0,264.779,416.714,0.835,2.357,0,0,0,0,0,0,0,0,244.588,482.588,96,-9,-0.385,0.843,-0.005,0.05,90,8.798,353.371,-2.469,-0.391,290.423,487.85,2.378,0.773,0,0,0,0,5393

Main.js:462 214.548,245.628,48,48,0.555,0.672,0.033,0.037,21,0,0,1,0,0,0,0,265.614,419.07,0.835,2.357,0,0,0,0,0,0,0,0,244.218,483.436,94.5,-12,-0.37,0.848,-0.004,0.05,89,6.329,352.98,-2.469,-0.391,292.801,488.623,2.378,0.773,0,0,0,0,5409

Main.js:462 215.107,246.302,48,48,0.559,0.674,0.033,0.037,20,0,0,1,0,0,0,0,266.448,421.427,0.835,2.357,0,0,0,0,0,0,0,0,243.865,484.289,93,-15,-0.354,0.853,-0.003,0.05,88,3.86,352.589,-2.469,-0.391,295.178,489.395,2.378,0.773,0,0,0,0,5464

Main.js:462 215.638,246.943,49.5,49.5,0.531,0.64,0,0,19,0,1,0,0,0,0,0,267.283,423.784,0.835,2.357,0,0,0,0,0,0,0,0,243.865,484.289,91.5,-18,-0.337,0.858,-0.001,0.05,87,1.39,352.198,-2.469,-0.391,297.556,490.168,2.378,0.773,0,0,0,0,5492

Main.js:462 216.142,247.551,51,51,0.504,0.608,0,0,18,0,1,0,0,0,0,0,267.283,423.784,0.835,2.357,0,0,0,0,0,0,0,0,243.865,484.289,90,-21,-0.32,0.863,0,0.05,86,299.934,490.94,2.378,0.773,0,0,0,0,0,0,0,0,5509

Main.js:462 216.621,248.129,52.5,52.5,0.479,0.578,0,0,17,0,1,0,0,0,0,0,268.117,426.14,0.835,2.357,0,0,0,0,0,0,0,0,243.865,484.289,88.5,-24,-0.303,0.867,0.001,0.05,85,302.311,491.713,2.378,0.773,0,0,0,0,0,0,0,0,5526

Main.js:462 217.076,248.678,54,54,0.455,0.549,0,0,16,0,1,0,0,0,0,0,268.952,428.497,0.835,2.357,0,0,0,0,0,0,0,0,243.865,484.289,87,-27,-0.286,0.871,0.003,0.05,84,304.689,492.486,2.378,0.773,0,0,0,0,0,0,0,0,5542

Main.js:462 217.508,249.2,55.5,55.5,0.432,0.522,0,0,15,0,1,0,0,0,0,0,269.786,430.853,0.835,2.357,0,0,0,0,0,0,0,0,243.865,484.289,85.5,-30,-0.268,0.875,0.004,0.05,83,307.067,493.258,2.378,0.773,0,0,0,0,0,0,0,0,5558

Main.js:462 217.919,249.695,57,57,0.411,0.496,0,0,14,0,1,0,0,0,0,0,270.621,433.21,0.835,2.357,0,0,0,0,0,0,0,0,243.865,484.289,84,-33,-0.249,0.878,0.005,0.05,82,309.444,494.031,2.378,0.773,0,0,0,0,0,0,0,0,5576

Main.js:462 218.309,250.166,58.5,58.5,0.39,0.471,0,0,13,0,1,0,0,0,0,0,271.455,435.567,0.835,2.357,0,0,0,0,0,0,0,0,243.865,484.289,82.5,-36,-0.231,0.882,0.007,0.05,81,311.822,494.803,2.378,0.773,0,0,0,0,0,0,0,0,5593

Main.js:462 218.68,250.613,60,60,0.371,0.447,0,0,12,0,1,0,0,0,0,0,272.29,437.923,0.835,2.357,0,0,0,0,0,0,0,0,243.865,484.289,81,-39,-0.212,0.884,0.008,0.049,80,314.199,495.576,2.378,0.773,0,0,0,0,0,0,0,0,5609

Main.js:462 219.032,251.038,61.5,61.5,0.352,0.425,0,0,11,0,1,0,0,0,0,0,273.124,440.28,0.835,2.357,0,0,0,0,0,0,0,0,243.865,484.289,79.5,-42,-0.192,0.887,0.009,0.049,79,316.577,496.348,2.378,0.773,0,0,0,0,0,0,0,0,5625

Main.js:462 219.367,251.442,63,63,0.335,0.404,0,0,10,0,1,0,0,0,0,0,273.959,442.636,0.835,2.357,0,0,0,0,0,0,0,0,243.865,484.289,78,-45,-0.173,0.889,0.01,0.049,78,318.955,497.121,2.378,0.773,0,0,0,0,0,0,0,0,5644

Main.js:462 219.685,251.825,64.5,64.5,0.318,0.383,0,0,9,0,1,0,0,0,0,0,274.793,444.993,0.835,2.357,0,0,0,0,0,0,0,0,243.865,484.289,76.5,-48,-0.153,0.891,0.012,0.049,77,321.332,497.893,2.378,0.773,0,0,0,0,0,0,0,0,5662

Main.js:462 219.987,252.189,66,66,0.302,0.364,0,0,8,0,1,0,0,0,0,0,275.628,447.35,0.835,2.357,0,0,0,0,0,0,0,0,243.865,484.289,75,-51,-0.133,0.892,0.013,0.048,76,323.71,498.666,2.378,0.773,0,0,0,0,0,0,0,0,5675

Main.js:462 220.273,252.535,67.5,67.5,0.287,0.346,0,0,7,0,1,0,0,0,0,0,276.462,449.706,0.835,2.357,0,0,0,0,0,0,0,0,243.865,484.289,73.5,-54,-0.113,0.893,0.014,0.048,75,326.088,499.438,2.378,0.773,0,0,0,0,0,0,0,0,5692

Main.js:462 220.546,252.864,69,69,0.272,0.329,0,0,6,0,1,0,0,0,0,0,277.297,452.063,0.835,2.357,0,0,0,0,0,0,0,0,243.865,484.289,72,-57,-0.093,0.894,0.015,0.048,74,0,0,0,0,0,0,0,0,0,0,0,0,5708

Main.js:462 220.805,253.176,70.5,70.5,0.259,0.312,0,0,5,0,1,0,0,0,0,0,278.131,454.419,0.835,2.357,0,0,0,0,0,0,0,0,243.865,484.289,70.5,-60,-0.072,0.894,0.017,0.047,73,0,0,0,0,0,0,0,0,0,0,0,0,5727

Main.js:462 221.051,253.473,72,72,0.246,0.297,0,0,4,0,1,0,0,0,0,0,278.966,456.776,0.835,2.357,0,0,0,0,0,0,0,0,243.865,484.289,69,-63,-0.052,0.893,0.018,0.047,72,0,0,0,0,0,0,0,0,0,0,0,0,5742

Main.js:462 221.284,253.755,73.5,73.5,0.234,0.282,0,0,3,0,1,0,0,0,0,0,279.8,459.133,0.835,2.357,0,0,0,0,0,0,0,0,243.865,484.289,67.5,-66,-0.031,0.893,0.019,0.046,71,0,0,0,0,0,0,0,0,0,0,0,0,5759

Main.js:462 221.506,254.023,75,75,0.222,0.268,0,0,2,0,1,0,0,0,0,0,280.635,461.489,0.835,2.357,0,0,0,0,0,0,0,0,243.865,484.289,66,-69,-0.01,0.891,0.02,0.046,70,0,0,0,0,0,0,0,0,0,0,0,0,5776

Main.js:462 221.717,254.277,76.5,76.5,0.211,0.254,0,0,1,0,1,0,0,0,0,0,281.469,463.846,0.835,2.357,0,0,0,0,0,0,0,0,243.865,484.289,64.5,-72,0.011,0.89,0.022,0.045,69,0,0,0,0,0,0,0,0,0,0,0,0,5793

Main.js:462 221.917,254.519,78,78,0.2,0.242,0,0,0,0,1,0,0,0,0,0,282.304,466.202,0.835,2.357,0,0,0,0,0,0,0,0,243.865,484.289,63,-75,0.032,0.887,0.023,0.045,68,0,0,0,0,0,0,0,0,0,0,0,0,5809

Main.js:462 222.108,254.748,79.5,79.5,0.19,0.23,0,0,0,0,1,0,0,0,0,0,283.138,468.559,0.835,2.357,0,0,0,0,0,0,0,0,243.865,484.289,61.5,-78,0.053,0.885,0.024,0.044,67,0,0,0,0,0,0,0,0,0,0,0,0,5826

Main.js:462 222.289,254.966,81,81,0.181,0.218,0,0,0,0,1,0,0,0,0,0,283.973,470.916,0.835,2.357,0,0,0,0,0,0,0,0,243.865,484.289,60,-81,0.074,0.882,0.025,0.043,66,0,0,0,0,0,0,0,0,0,0,0,0,5842

Main.js:462 222.46,255.174,81,81,0.172,0.207,0,0,0,0,0,0,0,0,0,0,284.807,473.272,0.835,2.357,0,0,0,0,0,0,0,0,243.865,484.289,58.5,-84,0.095,0.878,0.026,0.043,65,0,0,0,0,0,0,0,0,0,0,0,0,5858

Main.js:462 222.623,255.37,81,81,0.163,0.197,0,0,0,0,0,0,0,0,0,0,285.642,475.629,0.835,2.357,0,0,0,0,0,0,0,0,243.865,484.289,57,-87,0.116,0.874,0.027,0.042,64,0,0,0,0,0,0,0,0,0,0,0,0,5877

Main.js:462 222.778,255.557,81,81,0.155,0.187,0,0,0,0,0,0,0,0,0,0,286.477,477.985,0.835,2.357,0,0,0,0,0,0,0,0,243.865,484.289,55.5,-90,0.137,0.87,0.028,0.041,63,0,0,0,0,0,0,0,0,0,0,0,0,5893

Main.js:462 222.926,255.735,81,81,0.147,0.178,0,0,0,0,0,0,0,0,0,0,287.311,480.342,0.835,2.357,0,0,0,0,0,0,0,0,243.865,484.289,54,-93,0.159,0.864,0.029,0.04,62,0,0,0,0,0,0,0,0,0,0,0,0,5909

Main.js:462 223.066,255.904,81,81,0.14,0.169,0,0,0,0,0,0,0,0,0,0,288.146,482.699,0.835,2.357,0,0,0,0,0,0,0,0,243.865,484.289,52.5,-96,0.18,0.859,0.03,0.04,61,0,0,0,0,0,0,0,0,0,0,0,0,5926

Main.js:462 223.198,256.064,81,81,0.133,0.16,0,0,0,0,0,0,0,0,0,0,288.98,485.055,0.835,2.357,0,0,0,0,0,0,0,0,243.865,484.289,51,-99,0.2,0.853,0.031,0.039,60,0,0,0,0,0,0,0,0,0,0,0,0,5942

Main.js:462 223.325,256.216,81,81,0.126,0.152,0,0,0,0,0,0,0,0,0,0,289.815,487.412,0.835,2.357,0,0,0,0,0,0,0,0,243.865,484.289,49.5,-102,0.221,0.846,0.032,0.038,59,0,0,0,0,0,0,0,0,0,0,0,0,5959

Main.js:462 223.445,256.361,81,81,0.12,0.145,0,0,99,0,0,0,0,1,0,0,290.649,489.769,0.835,2.357,0,0,0,0,0,0,0,0,243.865,484.289,48,-105,0.242,0.839,0.033,0.037,58,0,0,0,0,0,0,0,0,0,0,0,0,5975

Main.js:462 223.559,256.499,81,81,0.114,0.137,0,0,98,0,0,0,0,1,0,0,291.484,492.125,0.835,2.357,227.001,279.427,0.391,2.469,0,0,0,0,243.865,484.289,46.5,-108,0.263,0.832,0.034,0.036,57,0,0,0,0,0,0,0,0,0,0,0,0,5993

Main.js:462 223.667,256.629,81,81,0.108,0.131,0,0,97,0,0,0,0,1,0,0,292.318,494.482,0.835,2.357,227.392,281.896,0.391,2.469,0,0,0,0,243.865,484.289,45,-111,0.283,0.824,0.035,0.035,56,0,0,0,0,0,0,0,0,0,0,0,0,6009

Main.js:462 223.77,256.753,81,81,0.103,0.124,0,0,96,0,0,0,0,1,0,0,293.153,496.838,0.835,2.357,227.783,284.366,0.391,2.469,0,0,0,0,243.865,484.289,46.5,-111,0.302,0.817,0.034,0.036,55,0,0,0,0,0,0,0,0,0,0,0,0,6026

Main.js:462 223.867,256.871,81,81,0.098,0.118,0,0,95,0,0,0,0,1,0,0,293.987,499.195,0.835,2.357,228.174,286.835,0.391,2.469,0,0,0,0,243.865,484.289,48,-111,0.318,0.812,0.033,0.037,54,0,0,0,0,0,0,0,0,0,0,0,0,6042

Main.js:462 223.96,256.983,81,81,0.093,0.112,0,0,94,0,0,0,0,1,0,0,228.174,286.835,0.391,2.469,0,0,0,0,0,0,0,0,243.865,484.289,49.5,-111,0.333,0.807,0.032,0.038,53,0,0,0,0,0,0,0,0,0,0,0,0,6059

Main.js:462 224.048,257.089,81,81,0.088,0.106,0,0,93,0,0,0,0,0,0,0,228.565,289.304,0.391,2.469,0,0,0,0,0,0,0,0,243.865,484.289,51,-111,0.346,0.804,0.031,0.039,52,0,0,0,0,0,0,0,0,0,0,0,0,6076

Main.js:462 224.132,257.19,81,81,0.084,0.101,0,0,92,0,0,0,0,0,0,0,228.956,291.773,0.391,2.469,0,0,0,0,0,0,0,0,243.865,484.289,52.5,-111,0.358,0.801,0.03,0.04,51,0,0,0,0,0,0,0,0,0,0,0,0,6092

Main.js:462 224.212,257.286,81,81,0.08,0.096,0,0,91,0,0,0,0,0,0,0,229.347,294.242,0.391,2.469,0,0,0,0,0,0,0,0,243.865,484.289,54,-111,0.368,0.8,0.029,0.04,50,0,0,0,0,0,0,0,0,0,0,0,0,6109

Main.js:462 224.287,257.378,81,81,0.076,0.091,0,0,90,0,0,0,0,0,0,0,229.739,296.712,0.391,2.469,0,0,0,0,0,0,0,0,243.865,484.289,55.5,-111,0.377,0.799,0.028,0.041,49,0,0,0,0,0,0,0,0,0,0,0,0,6126

Main.js:462 224.359,257.464,81,81,0.072,0.087,0,0,89,0,0,0,0,0,0,0,230.13,299.181,0.391,2.469,0,0,0,0,0,0,0,0,243.865,484.289,57,-111,0.384,0.799,0.027,0.042,48,0,0,0,0,0,0,0,0,0,0,0,0,6143

Main.js:462 224.427,257.546,81,81,0.068,0.082,0,0,88,0,0,0,0,0,0,0,230.521,301.65,0.391,2.469,0,0,0,0,0,0,0,0,243.865,484.289,58.5,-111,0.389,0.799,0.026,0.043,47,0,0,0,0,0,0,0,0,0,0,0,0,6158

Main.js:462 224.492,257.625,81,81,0.065,0.078,0,0,87,0,0,0,0,0,0,0,230.912,304.119,0.391,2.469,0,0,0,0,0,0,0,0,243.865,484.289,60,-111,0.394,0.8,0.025,0.043,46,0,0,0,0,0,0,0,0,0,0,0,0,6176

Main.js:462 224.554,257.699,81,81,0.062,0.074,0,0,86,0,0,0,0,0,0,0,231.303,306.588,0.391,2.469,0,0,0,0,0,0,0,0,243.865,484.289,61.5,-111,0.397,0.802,0.024,0.044,45,0,0,0,0,0,0,0,0,0,0,0,0,6193

Main.js:462 224.612,257.769,81,81,0.058,0.071,0,0,85,0,0,0,0,0,0,0,231.694,309.058,0.391,2.469,0,0,0,0,0,0,0,0,243.865,484.289,63,-111,0.398,0.804,0.023,0.045,44,0,0,0,0,0,0,0,0,0,0,0,0,6209

Main.js:462 224.668,257.837,81,81,0.056,0.067,0,0,84,0,0,0,0,0,0,0,232.085,311.527,0.391,2.469,0,0,0,0,0,0,0,0,243.865,484.289,64.5,-111,0.399,0.807,0.022,0.045,43,0,0,0,0,0,0,0,0,0,0,0,0,6227

Main.js:462 224.72,257.9,81,81,0.053,0.064,0,0,83,0,0,0,0,0,0,0,232.476,313.996,0.391,2.469,0,0,0,0,0,0,0,0,243.865,484.289,66,-111,0.398,0.81,0.02,0.046,42,0,0,0,0,0,0,0,0,0,0,0,0,6242

Main.js:462 224.771,257.961,81,81,0.05,0.06,0,0,82,0,0,0,0,0,0,0,232.867,316.465,0.391,2.469,0,0,0,0,0,0,0,0,243.865,484.289,67.5,-111,0.396,0.813,0.019,0.046,41,0,0,0,0,0,0,0,0,0,0,0,0,6260

Main.js:462 224.818,258.018,81,81,0.048,0.057,0,0,81,0,0,0,0,0,0,0,233.258,318.935,0.391,2.469,0,0,0,0,0,0,0,0,243.865,484.289,69,-111,0.394,0.817,0.018,0.047,40,0,0,0,0,0,0,0,0,0,0,0,0,6276

Main.js:462 224.864,258.073,81,81,0.045,0.055,0,0,80,0,0,0,0,0,0,0,233.649,321.404,0.391,2.469,0,0,0,0,0,0,0,0,243.865,484.289,70.5,-111,0.39,0.821,0.017,0.047,39,0,0,0,0,0,0,0,0,0,0,0,0,6292

Main.js:462 224.907,258.125,81,81,0.043,0.052,0,0,79,0,0,0,0,0,0,0,234.04,323.873,0.391,2.469,0,0,0,0,0,0,0,0,243.865,484.289,72,-111,0.385,0.825,0.015,0.048,38,0,0,0,0,0,0,0,0,0,0,0,0,6310

Main.js:462 224.947,258.174,81,81,0.041,0.049,0,0,78,0,0,0,0,0,0,0,234.432,326.342,0.391,2.469,0,0,0,0,0,0,0,0,243.865,484.289,73.5,-111,0.379,0.829,0.014,0.048,37,0,0,0,0,0,0,0,0,0,0,0,0,6326

Main.js:462 224.986,258.221,81,81,0.039,0.047,0,0,77,0,0,0,0,0,0,0,234.823,328.811,0.391,2.469,0,0,0,0,0,0,0,0,243.865,484.289,75,-111,0.373,0.834,0.013,0.048,36,0,0,0,0,0,0,0,0,0,0,0,0,6342

Main.js:462 225.023,258.265,81,81,0.037,0.044,0,0,76,0,0,0,0,0,0,0,235.214,331.281,0.391,2.469,0,0,0,0,0,0,0,0,243.865,484.289,76.5,-111,0.365,0.838,0.012,0.049,35,0,0,0,0,0,0,0,0,0,0,0,0,6359

Main.js:462 225.058,258.307,81,81,0.035,0.042,0,0,75,0,0,0,0,0,0,0,235.605,333.75,0.391,2.469,0,0,0,0,0,0,0,0,243.865,484.289,78,-111,0.357,0.843,0.01,0.049,34,0,0,0,0,0,0,0,0,0,0,0,0,6376

Main.js:462 225.091,258.348,81,81,0.033,0.04,0,0,74,0,0,0,0,0,0,0,235.996,336.219,0.391,2.469,0,0,0,0,0,0,0,0,243.865,484.289,79.5,-111,0.347,0.847,0.009,0.049,33,0,0,0,0,0,0,0,0,0,0,0,0,6393

Main.js:462 225.123,258.386,81,81,0.032,0.038,0,0,73,0,0,0,0,0,0,0,236.387,338.688,0.391,2.469,0,0,0,0,0,0,0,0,243.865,484.289,81,-111,0.338,0.852,0.008,0.049,32,0,0,0,0,0,0,0,0,0,0,0,0,6409

Main.js:462 225.153,258.422,81,81,0.03,0.036,0,0,72,0,0,0,0,0,0,0,236.778,341.158,0.391,2.469,0,0,0,0,0,0,0,0,243.865,484.289,82.5,-111,0.327,0.856,0.007,0.05,31,0,0,0,0,0,0,0,0,0,0,0,0,6461

Main.js:462 225.181,258.456,81,81,0.029,0.034,0,0,71,0,0,0,0,0,0,0,237.169,343.627,0.391,2.469,0,0,0,0,0,0,0,0,243.865,484.289,84,-111,0.315,0.861,0.005,0.05,30,0,0,0,0,0,0,0,0,0,0,0,0,6491

Main.js:462 225.209,258.489,81,81,0.027,0.033,0,0,70,0,0,0,0,0,0,0,237.56,346.096,0.391,2.469,0,0,0,0,0,0,0,0,243.865,484.289,85.5,-111,0.303,0.865,0.004,0.05,29,0,0,0,0,0,0,0,0,0,0,0,0,6508

Main.js:462 225.234,258.52,81,81,0.026,0.031,0,0,69,0,0,0,0,0,0,0,237.951,348.565,0.391,2.469,0,0,0,0,0,0,0,0,243.865,484.289,85.5,-112.5,0.292,0.869,0.004,0.05,28,0,0,0,0,0,0,0,0,0,0,0,0,6526

Main.js:462 225.259,258.55,81,81,0.024,0.03,0,0,68,0,0,0,0,0,0,0,238.342,351.034,0.391,2.469,0,0,0,0,0,0,0,0,243.865,484.289,85.5,-114,0.281,0.873,0.004,0.05,27,0,0,0,0,0,0,0,0,0,0,0,0,6542

Main.js:462 225.282,258.578,81,81,0.023,0.028,0,0,67,0,0,0,0,0,0,0,238.734,353.504,0.391,2.469,0,0,0,0,0,0,0,0,243.865,484.289,85.5,-115.5,0.271,0.877,0.004,0.05,26,0,0,0,0,0,0,0,0,0,0,0,0,6559

Main.js:462 225.304,258.604,81,81,0.022,0.027,0,0,66,0,0,0,0,0,0,0,239.125,355.973,0.391,2.469,0,0,0,0,0,0,0,0,243.865,484.289,85.5,-117,0.261,0.88,0.004,0.05,25,0,0,0,0,0,0,0,0,0,0,0,0,6576

Main.js:462 225.325,258.63,81,81,0.021,0.025,0,0,65,0,0,0,0,0,0,0,239.516,358.442,0.391,2.469,0,0,0,0,0,0,0,0,243.865,484.289,85.5,-118.5,0.252,0.884,0.004,0.05,24,0,0,0,0,0,0,0,0,0,0,0,0,6593

Main.js:462 225.345,258.654,81,81,0.02,0.024,0,0,64,0,0,0,0,0,0,0,239.907,360.911,0.391,2.469,0,0,0,0,0,0,0,0,243.865,484.289,85.5,-120,0.243,0.887,0.004,0.05,23,0,0,0,0,0,0,0,0,0,0,0,0,6610

Main.js:462 225.364,258.676,81,81,0.019,0.023,0,0,63,0,0,0,0,0,0,0,240.298,363.381,0.391,2.469,0,0,0,0,0,0,0,0,243.865,484.289,85.5,-121.5,0.234,0.89,0.004,0.05,22,0,0,0,0,0,0,0,0,0,0,0,0,6625

Main.js:462 225.382,258.698,81,81,0.018,0.022,0,0,62,0,0,0,0,0,0,0,240.689,365.85,0.391,2.469,0,0,0,0,0,0,0,0,243.865,484.289,85.5,-123,0.226,0.893,0.004,0.05,21,0,0,0,0,0,0,0,0,0,0,0,0,6642

Main.js:462 225.399,258.719,81,81,0.017,0.021,0,0,61,0,0,0,0,0,0,0,241.08,368.319,0.391,2.469,0,0,0,0,0,0,0,0,243.865,484.289,85.5,-124.5,0.219,0.895,0.004,0.05,20,0,0,0,0,0,0,0,0,0,0,0,0,6658

Main.js:462 225.415,258.738,81,81,0.016,0.02,0,0,60,0,0,0,0,0,0,0,241.471,370.788,0.391,2.469,0,0,0,0,0,0,0,0,243.865,484.289,85.5,-126,0.212,0.898,0.004,0.05,19,0,0,0,0,0,0,0,0,0,0,0,0,6675

Main.js:462 225.431,258.757,81,81,0.015,0.019,0,0,59,0,0,0,0,0,0,0,241.862,373.257,0.391,2.469,0,0,0,0,0,0,0,0,243.865,484.289,85.5,-127.5,0.205,0.9,0.004,0.05,18,0,0,0,0,0,0,0,0,0,0,0,0,6694

Main.js:462 225.445,258.774,81,81,0.015,0.018,0,0,58,0,0,0,0,0,0,0,242.253,375.727,0.391,2.469,0,0,0,0,0,0,0,0,243.865,484.289,85.5,-129,0.198,0.903,0.004,0.05,17,0,0,0,0,0,0,0,0,0,0,0,0,6709

Main.js:462 225.459,258.791,81,81,0.014,0.017,0,0,57,0,0,0,0,0,0,0,242.644,378.196,0.391,2.469,0,0,0,0,0,0,0,0,243.865,484.289,85.5,-130.5,0.192,0.905,0.004,0.05,16,0,0,0,0,0,0,0,0,0,0,0,0,6726

Main.js:462 225.472,258.807,81,81,0.013,0.016,0,0,56,0,0,0,0,0,0,0,243.035,380.665,0.391,2.469,0,0,0,0,0,0,0,0,243.865,484.289,85.5,-132,0.186,0.907,0.004,0.05,15,0,0,0,0,0,0,0,0,0,0,0,0,6762

Main.js:462 225.485,258.822,81,81,0.013,0.015,0,0,55,0,0,0,0,0,0,0,243.427,383.134,0.391,2.469,0,0,0,0,0,0,0,0,243.865,484.289,85.5,-133.5,0.181,0.909,0.004,0.05,14,0,0,0,0,0,0,0,0,0,0,0,0,6775

Main.js:462 225.497,258.837,81,81,0.012,0.014,0,0,54,0,0,0,0,0,0,0,243.818,385.604,0.391,2.469,0,0,0,0,0,0,0,0,243.865,484.289,85.5,-135,0.175,0.911,0.004,0.05,13,0,0,0,0,0,0,0,0,0,0,0,0,6792

Main.js:462 225.508,258.85,81,81,0.011,0.014,0,0,53,0,0,0,0,0,0,0,244.209,388.073,0.391,2.469,0,0,0,0,0,0,0,0,243.865,484.289,85.5,-136.5,0.17,0.913,0.004,0.05,12,0,0,0,0,0,0,0,0,0,0,0,0,6809

Main.js:462 225.519,258.863,81,81,0.011,0.013,0,0,52,0,0,0,0,0,0,0,244.6,390.542,0.391,2.469,0,0,0,0,0,0,0,0,243.865,484.289,85.5,-138,0.165,0.915,0.004,0.05,11,0,0,0,0,0,0,0,0,0,0,0,0,6826

Main.js:462 225.529,258.876,81,81,0.01,0.012,0,0,51,0,0,0,0,0,0,0,244.991,393.011,0.391,2.469,0,0,0,0,0,0,0,0,243.865,484.289,85.5,-139.5,0.161,0.916,0.004,0.05,10,0,0,0,0,0,0,0,0,0,0,0,0,6842

Main.js:462 225.539,258.887,81,81,0.01,0.012,0,0,50,0,0,0,0,0,0,0,245.382,395.48,0.391,2.469,0,0,0,0,0,0,0,0,243.865,484.289,85.5,-141,0.157,0.918,0.004,0.05,9,0,0,0,0,0,0,0,0,0,0,0,0,6859

Main.js:462 225.548,258.899,81,81,0.009,0.011,0,0,49,0,0,0,0,0,0,0,245.773,397.95,0.391,2.469,0,0,0,0,0,0,0,0,243.865,484.289,85.5,-142.5,0.152,0.919,0.004,0.05,8,0,0,0,0,0,0,0,0,0,0,0,0,6876

Main.js:462 225.557,258.909,81,81,0.009,0.011,0,0,48,0,0,0,0,0,0,0,246.164,400.419,0.391,2.469,0,0,0,0,0,0,0,0,243.865,484.289,85.5,-144,0.149,0.921,0.004,0.05,7,0,0,0,0,0,0,0,0,0,0,0,0,6893

Main.js:462 225.565,258.919,81,81,0.008,0.01,0,0,47,0,0,0,0,0,0,0,246.555,402.888,0.391,2.469,0,0,0,0,0,0,0,0,243.865,484.289,85.5,-145.5,0.145,0.922,0.004,0.05,6,0,0,0,0,0,0,0,0,0,0,0,0,6909

Main.js:462 225.573,258.929,81,81,0.008,0.01,0,0,46,0,0,0,0,0,0,0,246.946,405.357,0.391,2.469,0,0,0,0,0,0,0,0,243.865,484.289,85.5,-147,0.141,0.923,0.004,0.05,5,0,0,0,0,0,0,0,0,0,0,0,0,6926

Main.js:462 225.581,258.938,81,81,0.008,0.009,0,0,45,0,0,0,0,0,0,0,247.337,407.827,0.391,2.469,0,0,0,0,0,0,0,0,243.865,484.289,85.5,-148.5,0.138,0.924,0.004,0.05,4,0,0,0,0,0,0,0,0,0,0,0,0,6943

Main.js:462 225.588,258.946,81,81,0.007,0.009,0,0,44,0,0,0,0,0,0,0,247.729,410.296,0.391,2.469,0,0,0,0,0,0,0,0,243.865,484.289,85.5,-150,0.135,0.925,0.004,0.05,3,0,0,0,0,0,0,0,0,0,0,0,0,6959

Main.js:462 225.595,258.955,81,81,0.007,0.008,0,0,43,0,0,0,0,0,0,0,248.12,412.765,0.391,2.469,0,0,0,0,0,0,0,0,243.865,484.289,85.5,-151.5,0.132,0.927,0.004,0.05,2,0,0,0,0,0,0,0,0,0,0,0,0,6976

Main.js:462 225.601,258.962,81,81,0.006,0.008,0,0,42,0,0,0,0,0,0,0,248.511,415.234,0.391,2.469,0,0,0,0,0,0,0,0,243.865,484.289,85.5,-153,0.129,0.928,0.004,0.05,1,0,0,0,0,0,0,0,0,0,0,0,0,6993

Main.js:462 225.607,258.97,81,81,0.006,0.007,0,0,41,0,0,0,0,0,0,0,248.902,417.703,0.391,2.469,0,0,0,0,0,0,0,0,243.865,484.289,85.5,-154.5,0.126,0.929,0.004,0.05,0,0,0,0,0,0,0,0,0,0,0,0,0,7009

Main.js:462 225.613,258.977,81,81,0.006,0.007,0,0,40,0,0,0,0,0,0,0,249.293,420.173,0.391,2.469,0,0,0,0,0,0,0,0,243.865,484.289,84,-157.5,0.125,0.929,0.005,0.05,99,0,0,0,0,0,0,0,0,0,0,0,0,7025

Main.js:462 225.618,258.983,81,81,0.006,0.007,0,0,39,0,0,0,0,0,0,0,249.684,422.642,0.391,2.469,0,0,0,0,0,0,0,0,243.865,484.289,82.5,-160.5,0.125,0.93,0.007,0.05,98,222.153,475.296,-2.31,-0.957,0,0,0,0,0,0,0,0,7044

Main.js:462 225.624,258.99,81,81,0.005,0.006,0,0,38,0,0,0,0,0,0,0,250.075,425.111,0.391,2.469,0,0,0,0,0,0,0,0,243.865,484.289,81,-163.5,0.126,0.93,0.008,0.049,97,219.844,474.339,-2.31,-0.957,0,0,0,0,0,0,0,0,7059

Main.js:462 225.629,258.996,81,81,0.005,0.006,0,0,37,0,0,0,0,0,0,0,250.466,427.58,0.391,2.469,0,0,0,0,0,0,0,0,243.865,484.289,79.5,-166.5,0.128,0.931,0.009,0.049,96,217.534,473.383,-2.31,-0.957,0,0,0,0,0,0,0,0,7075

Main.js:462 225.633,259.002,81,81,0.005,0.006,0,0,36,0,0,0,0,0,0,0,250.857,430.05,0.391,2.469,0,0,0,0,0,0,0,0,243.865,484.289,78,-169.5,0.132,0.931,0.01,0.049,95,215.224,472.426,-2.31,-0.957,0,0,0,0,0,0,0,0,7092

Main.js:462 225.638,259.007,81,81,0.005,0.005,0,0,35,0,0,0,0,0,0,0,251.248,432.519,0.391,2.469,0,0,0,0,0,0,0,0,243.865,484.289,76.5,-172.5,0.136,0.93,0.012,0.049,94,212.915,471.469,-2.31,-0.957,0,0,0,0,0,0,0,0,7108

Main.js:462 225.642,259.012,81,81,0.004,0.005,0,0,34,0,0,0,0,0,0,0,251.639,434.988,0.391,2.469,0,0,0,0,0,0,0,0,243.865,484.289,75,-175.5,0.142,0.93,0.013,0.048,93,210.605,470.513,-2.31,-0.957,0,0,0,0,0,0,0,0,7127

Main.js:462 225.646,259.017,81,81,0.004,0.005,0,0,33,0,0,0,0,0,0,0,252.03,437.457,0.391,2.469,0,0,0,0,0,0,0,0,243.865,484.289,73.5,-178.5,0.148,0.929,0.014,0.048,92,208.295,469.556,-2.31,-0.957,0,0,0,0,0,0,0,0,7143

Main.js:462 225.65,259.022,81,81,0.004,0.005,0,0,32,0,0,0,0,0,0,0,252.422,439.926,0.391,2.469,0,0,0,0,0,0,0,0,243.865,484.289,72,-181.5,0.155,0.927,0.015,0.048,91,205.986,468.599,-2.31,-0.957,0,0,0,0,0,0,0,0,7159

Main.js:462 225.654,259.026,81,81,0.004,0.004,0,0,31,0,0,0,0,0,0,0,252.813,442.396,0.391,2.469,0,0,0,0,0,0,0,0,243.865,484.289,70.5,-184.5,0.164,0.926,0.017,0.047,90,203.676,467.643,-2.31,-0.957,0,0,0,0,0,0,0,0,7177

Main.js:462 225.657,259.03,81,81,0.003,0.004,0,0,30,0,0,0,0,0,0,0,253.204,444.865,0.391,2.469,0,0,0,0,0,0,0,0,243.865,484.289,69,-187.5,0.172,0.924,0.018,0.047,89,201.366,466.686,-2.31,-0.957,0,0,0,0,0,0,0,0,7193

Main.js:462 225.661,259.034,81,81,0.003,0.004,0,0,29,0,0,0,0,0,0,0,253.595,447.334,0.391,2.469,0,0,0,0,0,0,0,0,243.865,484.289,67.5,-190.5,0.182,0.922,0.019,0.046,88,199.056,465.729,-2.31,-0.957,0,0,0,0,0,0,0,0,7209

Main.js:462 225.664,259.038,81,81,0.003,0.004,0,0,28,0,0,0,0,0,0,0,253.986,449.803,0.391,2.469,0,0,0,0,0,0,0,0,243.865,484.289,66,-193.5,0.192,0.919,0.02,0.046,87,196.747,464.772,-2.31,-0.957,0,0,0,0,0,0,0,0,7227

Main.js:462 225.667,259.042,81,81,0.003,0.004,0,0,27,0,0,0,0,0,0,0,254.377,452.273,0.391,2.469,0,0,0,0,0,0,0,0,243.865,484.289,64.5,-196.5,0.203,0.916,0.022,0.045,86,194.437,463.816,-2.31,-0.957,0,0,0,0,0,0,0,0,7243

Main.js:462 225.67,259.045,81,81,0.003,0.003,0,0,26,0,0,0,0,0,0,0,254.768,454.742,0.391,2.469,0,0,0,0,0,0,0,0,243.865,484.289,63,-199.5,0.214,0.912,0.023,0.045,85,192.127,462.859,-2.31,-0.957,0,0,0,0,0,0,0,0,7260

Main.js:462 225.672,259.048,81,81,0.003,0.003,0,0,25,0,0,0,0,0,0,0,255.159,457.211,0.391,2.469,0,0,0,0,0,0,0,0,243.865,484.289,61.5,-202.5,0.226,0.908,0.024,0.044,84,189.818,461.902,-2.31,-0.957,0,0,0,0,0,0,0,0,7275

Main.js:462 225.675,259.051,81,81,0.003,0.003,0,0,24,0,0,0,0,0,0,0,255.55,459.68,0.391,2.469,0,0,0,0,0,0,0,0,243.865,484.289,60,-205.5,0.239,0.904,0.025,0.043,83,187.508,460.946,-2.31,-0.957,0,0,0,0,0,0,0,0,7293

Main.js:462 225.677,259.054,81,81,0.002,0.003,0,0,23,0,0,0,0,0,0,0,255.941,462.149,0.391,2.469,0,0,0,0,0,0,0,0,243.865,484.289,58.5,-208.5,0.252,0.899,0.026,0.043,82,185.198,459.989,-2.31,-0.957,0,0,0,0,0,0,0,0,7309

Main.js:462 225.68,259.057,81,81,0.002,0.003,0,0,22,0,0,0,0,0,0,0,256.332,464.619,0.391,2.469,0,0,0,0,0,0,0,0,243.865,484.289,57,-211.5,0.265,0.894,0.027,0.042,81,182.889,459.032,-2.31,-0.957,0,0,0,0,0,0,0,0,7326

Main.js:462 225.682,259.06,81,81,0.002,0.003,0,0,21,0,0,0,0,0,0,0,256.723,467.088,0.391,2.469,0,0,0,0,0,0,0,0,243.865,484.289,55.5,-214.5,0.279,0.889,0.028,0.041,80,180.579,458.075,-2.31,-0.957,0,0,0,0,0,0,0,0,7343

Main.js:462 225.684,259.062,81,81,0.002,0.003,0,0,20,0,0,0,0,0,0,0,257.115,469.557,0.391,2.469,0,0,0,0,0,0,0,0,243.865,484.289,54,-217.5,0.293,0.883,0.029,0.04,79,178.269,457.119,-2.31,-0.957,0,0,0,0,0,0,0,0,7358

Main.js:462 225.686,259.065,81,81,0.002,0.002,0,0,19,0,0,0,0,0,0,0,257.115,469.557,0.391,2.469,0,0,0,0,0,0,0,0,243.865,484.289,52.5,-220.5,0.307,0.876,0.03,0.04,78,178.269,457.119,-2.31,-0.957,0,0,0,0,0,0,0,0,7376

