Main.js:143 myTank.x,myTank.y,myTank.rotation,myTank.cannonRotation,myTank.velocityX,myTank.velocityY,myTank.accelerationX,myTank.accelerationY,myTank.shootCooldown,myTank.controls.turnLeft,myTank.controls.turnRight,myTank.controls.goForward,myTank.controls.goBack,myTank.controls.shoot,myTank.controls.cannonLeft,myTank.controls.cannonRight,myBullet1.x,myBullet1.y,myBullet1.velocityX,myBullet1.velocityY,myBullet2.x,myBullet2.y,myBullet2.velocityX,myBullet2.velocityY,myBullet3.x,myBullet3.y,myBullet3.velocityX,myBullet3.velocityY,enemyTank.x,enemyTank.y,enemyTank.rotation,enemyTank.cannonRotation,enemyTank.velocityX,enemyTank.velocityY,enemyTank.accelerationX,enemyTank.accelerationY,enemyTank.shootCooldown,enemyBullet1.x,enemyBullet1.y,enemyBullet1.velocityX,enemyBullet1.velocityY,enemyBullet2.x,enemyBullet2.y,enemyBullet2.velocityX,enemyBullet2.velocityY,enemyBullet3.x,enemyBullet3.y,enemyBullet3.velocityX,enemyBullet3.velocityY,currentGameTime
Main.js:462 450,139,180,180,0,0,0,0,0,0,0,0,0,0,0,0,0,0,0,0,0,0,0,0,0,0,0,0,50,361,0,0,0,0,0,0,0,0,0,0,0,0,0,0,0,0,0,0,0,6

Main.js:462 450,139,180,180,0,0,0,0,0,0,0,0,0,0,0,0,0,0,0,0,0,0,0,0,0,0,0,0,50,361,0,0,0,0,0,0,0,0,0,0,0,0,0,0,0,0,0,0,0,22

Main.js:462 450,139,180,180,0,0,0,0,0,0,0,0,0,0,0,0,0,0,0,0,0,0,0,0,0,0,0,0,50,361,0,0,0,0,0,0,0,0,0,0,0,0,0,0,0,0,0,0,0,36

Main.js:462 450,139,180,180,0,0,0,0,0,0,0,0,0,0,0,0,0,0,0,0,0,0,0,0,0,0,0,0,50.047,361.001,1.5,0,0.047,0.001,0.05,0.001,99,0,0,0,0,0,0,0,0,0,0,0,0,52

Main.js:462 450,139,180,180,0,0,0,0,0,0,0,0,0,0,0,0,0,0,0,0,0,0,0,0,0,0,0,0,50.14,361.005,3,0,0.093,0.004,0.05,0.003,98,73.5,361,2.5,0,0,0,0,0,0,0,0,0,68

Main.js:462 450,139,180,180,0,0,0,0,0,0,0,0,0,0,0,0,0,0,0,0,0,0,0,0,0,0,0,0,50.275,361.012,4.5,0,0.135,0.007,0.05,0.004,97,76,361,2.5,0,0,0,0,0,0,0,0,0,85

Main.js:462 450,139,180,180,0,0,0,0,0,0,0,0,0,0,0,0,0,0,0,0,0,0,0,0,0,0,0,0,50.451,361.024,6,0,0.176,0.012,0.05,0.005,96,78.5,361,2.5,0,0,0,0,0,0,0,0,0,104

Main.js:462 449.953,139,180,180,-0.047,0,-0.05,0,0,0,0,1,0,0,0,0,0,0,0,0,0,0,0,0,0,0,0,0,50.665,361.041,7.5,0,0.214,0.017,0.05,0.007,95,81,361,2.5,0,0,0,0,0,0,0,0,0,120

Main.js:462 449.86,139,180,180,-0.093,0,-0.05,0,0,0,0,1,0,0,0,0,0,0,0,0,0,0,0,0,0,0,0,0,50.915,361.065,9,0,0.25,0.024,0.049,0.008,94,83.5,361,2.5,0,0,0,0,0,0,0,0,0,136

Main.js:462 449.724,139,180,180,-0.135,0,-0.05,0,0,0,0,1,0,0,0,0,0,0,0,0,0,0,0,0,0,0,0,0,51.2,361.097,10.5,0,0.284,0.031,0.049,0.009,93,86,361,2.5,0,0,0,0,0,0,0,0,0,153

Main.js:462 449.548,139,180,180,-0.176,0,-0.05,0,0,0,0,1,0,0,0,0,0,0,0,0,0,0,0,0,0,0,0,0,51.517,361.137,12,0,0.317,0.04,0.049,0.01,92,88.5,361,2.5,0,0,0,0,0,0,0,0,0,169

Main.js:462 449.333,139,180,180,-0.215,0,-0.05,0,0,0,0,1,0,0,0,0,0,0,0,0,0,0,0,0,0,0,0,0,51.864,361.185,13.5,0,0.347,0.049,0.049,0.012,91,91,361,2.5,0,0,0,0,0,0,0,0,0,186

Main.js:462 449.082,139,180,180,-0.252,0,-0.05,0,0,0,0,1,0,0,0,0,0,0,0,0,0,0,0,0,0,0,0,0,52.239,361.244,15,0,0.376,0.059,0.048,0.013,90,93.5,361,2.5,0,0,0,0,0,0,0,0,0,202

Main.js:462 448.795,139,180,180,-0.287,0,-0.05,0,0,0,0,1,0,0,0,0,0,0,0,0,0,0,0,0,0,0,0,0,52.641,361.313,16.5,0,0.402,0.069,0.048,0.014,89,96,361,2.5,0,0,0,0,0,0,0,0,0,219

Main.js:462 448.475,139,180,180,-0.32,0,-0.05,0,0,0,0,1,0,0,0,0,0,0,0,0,0,0,0,0,0,0,0,0,53.069,361.394,18,0,0.427,0.08,0.048,0.015,88,98.5,361,2.5,0,0,0,0,0,0,0,0,0,236

Main.js:462 448.124,139,180,180,-0.351,0,-0.05,0,0,0,0,1,0,0,0,0,0,0,0,0,0,0,0,0,0,0,0,0,53.52,361.486,19.5,0,0.451,0.092,0.047,0.017,87,101,361,2.5,0,0,0,0,0,0,0,0,0,252

Main.js:462 447.743,139,180,180,-0.381,0,-0.05,0,0,0,0,1,0,0,0,0,0,0,0,0,0,0,0,0,0,0,0,0,53.992,361.591,21,0,0.473,0.105,0.047,0.018,86,103.5,361,2.5,0,0,0,0,0,0,0,0,0,269

Main.js:462 447.333,139,180,180,-0.41,0,-0.05,0,0,0,0,1,0,0,0,0,0,0,0,0,0,0,0,0,0,0,0,0,54.485,361.708,22.5,0,0.493,0.118,0.046,0.019,85,106,361,2.5,0,0,0,0,0,0,0,0,0,285

Main.js:462 446.897,139,180,180,-0.437,0,-0.05,0,0,0,0,1,0,0,0,0,0,0,0,0,0,0,0,0,0,0,0,0,54.997,361.84,24,0,0.512,0.131,0.046,0.02,84,108.5,361,2.5,0,0,0,0,0,0,0,0,0,303

Main.js:462 446.434,139.001,178.5,178.5,-0.462,0.001,-0.05,0.001,0,1,0,1,0,0,0,0,0,0,0,0,0,0,0,0,0,0,0,0,55.526,361.985,25.5,0,0.529,0.145,0.045,0.022,83,111,361,2.5,0,0,0,0,0,0,0,0,0,352

Main.js:462 445.948,139.005,177,177,-0.487,0.004,-0.05,0.003,0,1,0,1,0,0,0,0,0,0,0,0,0,0,0,0,0,0,0,0,56.07,362.144,27,0,0.545,0.159,0.045,0.023,82,113.5,361,2.5,0,0,0,0,0,0,0,0,0,368

Main.js:462 445.438,139.012,175.5,175.5,-0.51,0.007,-0.05,0.004,0,1,0,1,0,0,0,0,0,0,0,0,0,0,0,0,0,0,0,0,56.63,362.318,28.5,0,0.559,0.174,0.044,0.024,81,116,361,2.5,0,0,0,0,0,0,0,0,0,385

Main.js:462 444.907,139.024,174,174,-0.531,0.012,-0.05,0.005,0,1,0,1,0,0,0,0,0,0,0,0,0,0,0,0,0,0,0,0,57.202,362.507,30,0,0.572,0.189,0.043,0.025,80,118.5,361,2.5,0,0,0,0,0,0,0,0,0,402

Main.js:462 444.355,139.041,172.5,172.5,-0.552,0.017,-0.05,0.007,0,1,0,1,0,0,0,0,0,0,0,0,0,0,0,0,0,0,0,0,57.787,362.711,31.5,0,0.584,0.204,0.043,0.026,79,121,361,2.5,0,0,0,0,0,0,0,0,0,419

Main.js:462 443.783,139.065,171,171,-0.571,0.024,-0.049,0.008,0,1,0,1,0,0,0,0,0,0,0,0,0,0,0,0,0,0,0,0,58.382,362.931,33,0,0.595,0.22,0.042,0.027,78,123.5,361,2.5,0,0,0,0,0,0,0,0,0,435

Main.js:462 443.194,139.097,169.5,169.5,-0.589,0.031,-0.049,0.009,0,1,0,1,0,0,0,0,0,0,0,0,0,0,0,0,0,0,0,0,58.986,363.167,34.5,0,0.604,0.236,0.041,0.028,77,126,361,2.5,0,0,0,0,0,0,0,0,0,453

Main.js:462 442.588,139.137,168,168,-0.606,0.04,-0.049,0.01,0,1,0,1,0,0,0,0,0,0,0,0,0,0,0,0,0,0,0,0,59.598,363.419,36,0,0.613,0.252,0.04,0.029,76,128.5,361,2.5,0,0,0,0,0,0,0,0,0,469

Main.js:462 441.965,139.185,166.5,166.5,-0.622,0.049,-0.049,0.012,0,1,0,1,0,0,0,0,0,0,0,0,0,0,0,0,0,0,0,0,60.218,363.688,37.5,0,0.62,0.268,0.04,0.03,75,131,361,2.5,0,0,0,0,0,0,0,0,0,486

Main.js:462 441.328,139.244,165,165,-0.637,0.059,-0.048,0.013,0,1,0,1,0,0,0,0,0,0,0,0,0,0,0,0,0,0,0,0,60.844,363.973,39,0,0.626,0.285,0.039,0.031,74,133.5,361,2.5,0,0,0,0,0,0,0,0,0,503

Main.js:462 440.678,139.313,163.5,163.5,-0.651,0.069,-0.048,0.014,0,1,0,1,0,0,0,0,0,0,0,0,0,0,0,0,0,0,0,0,61.475,364.273,39,358.5,0.631,0.301,0.039,0.031,73,136,361,2.5,0,0,0,0,0,0,0,0,0,518

Main.js:462 440.014,139.394,162,162,-0.663,0.08,-0.048,0.015,0,1,0,1,0,0,0,0,0,0,0,0,0,0,0,0,0,0,0,0,62.111,364.589,39,357,0.637,0.315,0.039,0.031,72,138.5,361,2.5,0,0,0,0,0,0,0,0,0,536

Main.js:462 439.339,139.486,160.5,160.5,-0.675,0.092,-0.047,0.017,0,1,0,1,0,0,0,0,0,0,0,0,0,0,0,0,0,0,0,0,62.753,364.918,39,355.5,0.642,0.33,0.039,0.031,71,141,361,2.5,0,0,0,0,0,0,0,0,0,553

Main.js:462 438.654,139.591,159,159,-0.686,0.105,-0.047,0.018,0,1,0,1,0,0,0,0,0,0,0,0,0,0,0,0,0,0,0,0,63.399,365.261,39,354,0.646,0.343,0.039,0.031,70,143.5,361,2.5,0,0,0,0,0,0,0,0,0,569

Main.js:462 437.959,139.708,157.5,157.5,-0.695,0.118,-0.046,0.019,0,1,0,1,0,0,0,0,0,0,0,0,0,0,0,0,0,0,0,0,64.051,365.617,39,352.5,0.651,0.356,0.039,0.031,69,146,361,2.5,0,0,0,0,0,0,0,0,0,586

Main.js:462 437.254,139.838,157.5,157.5,-0.704,0.13,-0.046,0.019,0,0,0,1,0,0,0,0,0,0,0,0,0,0,0,0,0,0,0,0,64.706,365.984,39,351,0.655,0.368,0.039,0.031,68,148.5,361,2.5,0,0,0,0,0,0,0,0,0,603

Main.js:462 436.541,139.98,157.5,157.5,-0.713,0.142,-0.046,0.019,0,0,0,1,0,0,0,0,0,0,0,0,0,0,0,0,0,0,0,0,65.366,366.364,39,349.5,0.66,0.379,0.039,0.031,67,151,361,2.5,0,0,0,0,0,0,0,0,0,618

Main.js:462 435.82,140.133,157.5,157.5,-0.721,0.153,-0.046,0.019,0,0,0,1,0,0,0,0,0,0,0,0,0,0,0,0,0,0,0,0,66.029,366.754,39,348,0.663,0.39,0.039,0.031,66,153.5,361,2.5,0,0,0,0,0,0,0,0,0,636

Main.js:462 435.091,140.296,157.5,157.5,-0.729,0.163,-0.046,0.019,0,0,0,1,0,0,0,0,0,0,0,0,0,0,0,0,0,0,0,0,66.696,367.155,39,346.5,0.667,0.401,0.039,0.031,65,156,361,2.5,0,0,0,0,0,0,0,0,0,652

Main.js:462 434.355,140.469,157.5,157.5,-0.736,0.173,-0.046,0.019,0,0,0,1,0,0,0,0,0,0,0,0,0,0,0,0,0,0,0,0,67.367,367.565,39,345,0.671,0.41,0.039,0.031,64,158.5,361,2.5,0,0,0,0,0,0,0,0,0,668

Main.js:462 433.611,140.652,157.5,157.5,-0.744,0.183,-0.046,0.019,0,0,0,1,0,0,0,0,0,0,0,0,0,0,0,0,0,0,0,0,68.041,367.985,39,343.5,0.674,0.42,0.039,0.031,63,161,361,2.5,0,0,0,0,0,0,0,0,0,686

Main.js:462 432.861,140.844,157.5,157.5,-0.75,0.192,-0.046,0.019,0,0,0,1,0,0,0,0,0,0,0,0,0,0,0,0,0,0,0,0,68.719,368.414,39,342,0.677,0.429,0.039,0.031,62,163.5,361,2.5,0,0,0,0,0,0,0,0,0,704

Main.js:462 432.104,141.044,157.5,157.5,-0.757,0.2,-0.046,0.019,0,0,0,1,0,0,0,0,0,0,0,0,0,0,0,0,0,0,0,0,69.399,368.851,39,340.5,0.68,0.437,0.039,0.031,61,166,361,2.5,0,0,0,0,0,0,0,0,0,719

Main.js:462 431.342,141.253,157.5,157.5,-0.763,0.209,-0.046,0.019,0,0,0,1,0,0,0,0,0,0,0,0,0,0,0,0,0,0,0,0,70.082,369.296,39,339,0.683,0.445,0.039,0.031,60,168.5,361,2.5,0,0,0,0,0,0,0,0,0,736

Main.js:462 430.573,141.469,157.5,157.5,-0.768,0.216,-0.046,0.019,0,0,0,1,0,0,0,0,0,0,0,0,0,0,0,0,0,0,0,0,70.768,369.749,39,337.5,0.686,0.453,0.039,0.031,59,171,361,2.5,0,0,0,0,0,0,0,0,0,754

Main.js:462 429.8,141.694,156,156,-0.773,0.225,-0.046,0.02,0,1,0,1,0,0,0,0,0,0,0,0,0,0,0,0,0,0,0,0,71.457,370.209,39,336,0.689,0.46,0.039,0.031,58,173.5,361,2.5,0,0,0,0,0,0,0,0,0,769

Main.js:462 429.022,141.928,154.5,154.5,-0.778,0.234,-0.045,0.022,0,1,0,1,0,0,0,0,0,0,0,0,0,0,0,0,0,0,0,0,72.148,370.676,39,334.5,0.691,0.467,0.039,0.031,57,176,361,2.5,0,0,0,0,0,0,0,0,0,786

Main.js:462 428.241,142.172,153,153,-0.781,0.244,-0.045,0.023,0,1,0,1,0,0,0,0,0,0,0,0,0,0,0,0,0,0,0,0,72.842,371.149,39,333,0.694,0.474,0.039,0.031,56,178.5,361,2.5,0,0,0,0,0,0,0,0,0,803

Main.js:462 427.458,142.426,151.5,151.5,-0.784,0.254,-0.044,0.024,0,1,0,1,0,0,0,0,0,0,0,0,0,0,0,0,0,0,0,0,73.537,371.629,39,331.5,0.696,0.48,0.039,0.031,55,181,361,2.5,0,0,0,0,0,0,0,0,0,818

Main.js:462 426.672,142.692,150,150,-0.786,0.265,-0.043,0.025,0,1,0,1,0,0,0,0,0,0,0,0,0,0,0,0,0,0,0,0,74.235,372.115,39,330,0.698,0.486,0.039,0.031,54,183.5,361,2.5,0,0,0,0,0,0,0,0,0,836

Main.js:462 425.885,142.969,148.5,148.5,-0.787,0.277,-0.043,0.026,0,1,0,1,0,0,0,0,0,0,0,0,0,0,0,0,0,0,0,0,74.935,372.606,39,328.5,0.7,0.491,0.039,0.031,53,186,361,2.5,0,0,0,0,0,0,0,0,0,852

Main.js:462 425.098,143.258,147,147,-0.787,0.289,-0.042,0.027,0,1,0,1,0,0,0,0,0,0,0,0,0,0,0,0,0,0,0,0,75.637,373.103,39,327,0.702,0.497,0.039,0.031,52,188.5,361,2.5,0,0,0,0,0,0,0,0,0,869

Main.js:462 424.31,143.559,145.5,145.5,-0.787,0.301,-0.041,0.028,0,1,0,1,0,0,0,0,0,0,0,0,0,0,0,0,0,0,0,0,76.341,373.604,39,325.5,0.704,0.502,0.039,0.031,51,191,361,2.5,0,0,0,0,0,0,0,0,0,885

Main.js:462 423.524,143.873,144,144,-0.786,0.314,-0.04,0.029,0,1,0,1,0,0,0,0,0,0,0,0,0,0,0,0,0,0,0,0,77.046,374.111,39,324,0.705,0.506,0.039,0.031,50,193.5,361,2.5,0,0,0,0,0,0,0,0,0,902

Main.js:462 422.74,144.201,142.5,142.5,-0.785,0.327,-0.04,0.03,0,1,0,1,0,0,0,0,0,0,0,0,0,0,0,0,0,0,0,0,77.753,374.622,39,322.5,0.707,0.511,0.039,0.031,49,196,361,2.5,0,0,0,0,0,0,0,0,0,920

Main.js:462 421.957,144.541,142.5,142.5,-0.783,0.34,-0.04,0.03,0,0,0,1,0,0,0,0,0,0,0,0,0,0,0,0,0,0,0,0,78.462,375.137,39,321,0.709,0.515,0.039,0.031,48,198.5,361,2.5,0,0,0,0,0,0,0,0,0,936

Main.js:462 421.175,144.893,142.5,142.5,-0.782,0.352,-0.04,0.03,0,0,0,1,0,0,0,0,0,0,0,0,0,0,0,0,0,0,0,0,79.172,375.657,39,319.5,0.71,0.52,0.039,0.031,47,201,361,2.5,0,0,0,0,0,0,0,0,0,951

Main.js:462 420.395,145.256,142.5,142.5,-0.78,0.363,-0.04,0.03,0,0,0,1,0,0,0,0,0,0,0,0,0,0,0,0,0,0,0,0,79.883,376.18,39,318,0.711,0.523,0.039,0.031,46,203.5,361,2.5,0,0,0,0,0,0,0,0,0,968

Main.js:462 419.616,145.63,142.5,142.5,-0.779,0.374,-0.04,0.03,0,0,0,1,0,0,0,0,0,0,0,0,0,0,0,0,0,0,0,0,80.596,376.707,39,316.5,0.713,0.527,0.039,0.031,45,206,361,2.5,0,0,0,0,0,0,0,0,0,985

Main.js:462 418.838,146.014,142.5,142.5,-0.778,0.384,-0.04,0.03,0,0,0,1,0,0,0,0,0,0,0,0,0,0,0,0,0,0,0,0,81.31,377.238,39,315,0.714,0.531,0.039,0.031,44,208.5,361,2.5,0,0,0,0,0,0,0,0,0,1003

Main.js:462 418.062,146.408,142.5,142.5,-0.776,0.394,-0.04,0.03,0,0,0,1,0,0,0,0,0,0,0,0,0,0,0,0,0,0,0,0,82.026,377.771,37.5,312,0.716,0.533,0.04,0.03,43,211,361,2.5,0,0,0,0,0,0,0,0,0,1019

Main.js:462 417.287,146.811,142.5,142.5,-0.775,0.403,-0.04,0.03,0,0,0,1,0,0,0,0,0,0,0,0,0,0,0,0,0,0,0,0,82.745,378.305,36,309,0.719,0.534,0.04,0.029,42,213.5,361,2.5,0,0,0,0,0,0,0,0,0,1035

Main.js:462 416.512,147.223,142.5,142.5,-0.774,0.412,-0.04,0.03,0,0,0,1,0,0,0,0,0,0,0,0,0,0,0,0,0,0,0,0,83.467,378.84,34.5,306,0.722,0.535,0.041,0.028,41,216,361,2.5,0,0,0,0,0,0,0,0,0,1053

Main.js:462 415.739,147.643,142.5,142.5,-0.773,0.42,-0.04,0.03,0,0,0,1,0,0,0,0,0,0,0,0,0,0,0,0,0,0,0,0,84.192,379.374,33,303,0.726,0.534,0.042,0.027,40,218.5,361,2.5,0,0,0,0,0,0,0,0,0,1068

Main.js:462 414.967,148.072,142.5,142.5,-0.772,0.428,-0.04,0.03,0,0,0,1,0,0,0,0,0,0,0,0,0,0,0,0,0,0,0,0,84.922,379.905,31.5,300,0.73,0.532,0.043,0.026,39,221,361,2.5,0,0,0,0,0,0,0,0,0,1087

Main.js:462 414.196,148.507,142.5,142.5,-0.771,0.436,-0.04,0.03,0,0,0,1,0,0,0,0,0,0,0,0,0,0,0,0,0,0,0,0,85.657,380.434,30,297,0.735,0.529,0.043,0.025,38,223.5,361,2.5,0,0,0,0,0,0,0,0,0,1104

Main.js:462 413.425,148.95,142.5,142.5,-0.77,0.443,-0.04,0.03,0,0,0,1,0,0,0,0,0,0,0,0,0,0,0,0,0,0,0,0,86.396,380.96,28.5,294,0.74,0.525,0.044,0.024,37,226,361,2.5,0,0,0,0,0,0,0,0,0,1119

Main.js:462 412.656,149.4,142.5,142.5,-0.77,0.45,-0.04,0.03,0,0,0,1,0,0,0,0,0,0,0,0,0,0,0,0,0,0,0,0,87.141,381.48,27,291,0.745,0.52,0.045,0.023,36,228.5,361,2.5,0,0,0,0,0,0,0,0,0,1136

Main.js:462 411.887,149.856,142.5,142.5,-0.769,0.456,-0.04,0.03,0,0,0,1,0,0,0,0,0,0,0,0,0,0,0,0,0,0,0,0,87.892,381.995,25.5,288,0.751,0.515,0.045,0.022,35,231,361,2.5,0,0,0,0,0,0,0,0,0,1154

Main.js:462 411.119,150.318,142.5,142.5,-0.768,0.462,-0.04,0.03,0,0,0,1,0,0,0,0,0,0,0,0,0,0,0,0,0,0,0,0,88.648,382.503,24,285,0.756,0.508,0.046,0.02,34,233.5,361,2.5,0,0,0,0,0,0,0,0,0,1168

Main.js:462 410.352,150.786,142.5,142.5,-0.767,0.468,-0.04,0.03,0,0,0,1,0,0,0,0,0,0,0,0,0,0,0,0,0,0,0,0,89.411,383.005,22.5,282,0.762,0.501,0.046,0.019,33,236,361,2.5,0,0,0,0,0,0,0,0,0,1186

Main.js:462 409.585,151.259,142.5,142.5,-0.767,0.473,-0.04,0.03,0,0,0,1,0,0,0,0,0,0,0,0,0,0,0,0,0,0,0,0,90.179,383.498,21,279,0.769,0.493,0.047,0.018,32,238.5,361,2.5,0,0,0,0,0,0,0,0,0,1203

Main.js:462 408.819,151.738,142.5,142.5,-0.766,0.479,-0.04,0.03,0,0,0,1,0,0,0,0,0,0,0,0,0,0,0,0,0,0,0,0,90.954,383.982,19.5,276,0.775,0.484,0.047,0.017,31,241,361,2.5,0,0,0,0,0,0,0,0,0,1218

Main.js:462 408.054,152.221,142.5,142.5,-0.765,0.484,-0.04,0.03,0,0,0,1,0,0,0,0,0,0,0,0,0,0,0,0,0,0,0,0,91.736,384.457,18,273,0.781,0.475,0.048,0.015,30,243.5,361,2.5,0,0,0,0,0,0,0,0,0,1236

Main.js:462 407.289,152.71,142.5,142.5,-0.765,0.488,-0.04,0.03,0,0,0,1,0,0,0,0,0,0,0,0,0,0,0,0,0,0,0,0,92.524,384.922,16.5,270,0.788,0.465,0.048,0.014,29,246,361,2.5,0,0,0,0,0,0,0,0,0,1253

Main.js:462 406.525,153.203,142.5,142.5,-0.764,0.493,-0.04,0.03,0,0,0,1,0,0,0,0,0,0,0,0,0,0,0,0,0,0,0,0,93.318,385.375,15,267,0.794,0.454,0.048,0.013,28,248.5,361,2.5,0,0,0,0,0,0,0,0,0,1269

Main.js:462 405.761,153.7,142.5,142.5,-0.764,0.497,-0.04,0.03,0,0,0,1,0,0,0,0,0,0,0,0,0,0,0,0,0,0,0,0,94.119,385.817,13.5,264,0.801,0.442,0.049,0.012,27,251,361,2.5,0,0,0,0,0,0,0,0,0,1286

Main.js:462 404.998,154.201,142.5,142.5,-0.763,0.501,-0.04,0.03,0,0,0,1,0,0,0,0,0,0,0,0,0,0,0,0,0,0,0,0,94.926,386.247,12,261,0.807,0.43,0.049,0.01,26,253.5,361,2.5,0,0,0,0,0,0,0,0,0,1302

Main.js:462 404.235,154.706,142.5,142.5,-0.763,0.505,-0.04,0.03,0,0,0,1,0,0,0,0,0,0,0,0,0,0,0,0,0,0,0,0,95.74,386.664,10.5,258,0.814,0.417,0.049,0.009,25,256,361,2.5,0,0,0,0,0,0,0,0,0,1318

Main.js:462 403.473,155.215,142.5,142.5,-0.762,0.509,-0.04,0.03,0,0,0,1,0,0,0,0,0,0,0,0,0,0,0,0,0,0,0,0,96.56,387.068,9,255,0.82,0.404,0.049,0.008,24,258.5,361,2.5,0,0,0,0,0,0,0,0,0,1337

Main.js:462 402.711,155.727,142.5,142.5,-0.762,0.512,-0.04,0.03,0,0,0,1,0,0,0,0,0,0,0,0,0,0,0,0,0,0,0,0,97.385,387.457,7.5,252,0.826,0.39,0.05,0.007,23,261,361,2.5,0,0,0,0,0,0,0,0,0,1353

Main.js:462 401.95,156.243,142.5,142.5,-0.761,0.516,-0.04,0.03,0,0,0,1,0,0,0,0,0,0,0,0,0,0,0,0,0,0,0,0,98.217,387.832,6,249,0.832,0.375,0.05,0.005,22,263.5,361,2.5,0,0,0,0,0,0,0,0,0,1369

Main.js:462 401.189,156.761,142.5,142.5,-0.761,0.519,-0.04,0.03,0,0,0,1,0,0,0,0,0,0,0,0,0,0,0,0,0,0,0,0,99.055,388.193,4.5,246,0.838,0.36,0.05,0.004,21,266,361,2.5,0,0,0,0,0,0,0,0,0,1386

Main.js:462 400.428,157.283,142.5,142.5,-0.761,0.522,-0.04,0.03,0,0,0,1,0,0,0,0,0,0,0,0,0,0,0,0,0,0,0,0,99.898,388.537,3,243,0.843,0.345,0.05,0.003,20,268.5,361,2.5,0,0,0,0,0,0,0,0,0,1401

Main.js:462 399.668,157.807,142.5,142.5,-0.76,0.524,-0.04,0.03,0,0,0,1,0,0,0,0,0,0,0,0,0,0,0,0,0,0,0,0,100.747,388.866,1.5,240,0.849,0.329,0.05,0.001,19,271,361,2.5,0,0,0,0,0,0,0,0,0,1418

Main.js:462 398.908,158.335,142.5,142.5,-0.76,0.527,-0.04,0.03,0,0,0,1,0,0,0,0,0,0,0,0,0,0,0,0,0,0,0,0,101.6,389.178,0,237,0.854,0.312,0.05,0,18,273.5,361,2.5,0,0,0,0,0,0,0,0,0,1436

Main.js:462 398.148,158.864,142.5,142.5,-0.76,0.53,-0.04,0.03,99,0,0,1,0,1,0,0,0,0,0,0,0,0,0,0,0,0,0,0,102.459,389.473,358.5,234,0.858,0.295,0.05,-0.001,17,276,361,2.5,0,0,0,0,0,0,0,0,0,1453

Main.js:462 397.389,159.396,142.5,142.5,-0.759,0.532,-0.04,0.03,98,0,0,1,0,1,0,0,380.264,172.64,-1.983,1.522,0,0,0,0,0,0,0,0,103.322,389.751,357,231,0.863,0.278,0.05,-0.003,16,278.5,361,2.5,0,0,0,0,0,0,0,0,0,1469

Main.js:462 396.63,159.931,142.5,142.5,-0.759,0.534,-0.04,0.03,97,0,0,1,0,1,0,0,378.281,174.162,-1.983,1.522,0,0,0,0,0,0,0,0,104.189,390.011,355.5,228,0.867,0.26,0.05,-0.004,15,281,361,2.5,0,0,0,0,0,0,0,0,0,1485

Main.js:462 395.871,160.468,142.5,142.5,-0.759,0.537,-0.04,0.03,96,0,0,1,0,1,0,0,376.297,175.684,-1.983,1.522,0,0,0,0,0,0,0,0,105.06,390.254,354,225,0.871,0.242,0.05,-0.005,14,283.5,361,2.5,0,0,0,0,0,0,0,0,0,1502

Main.js:462 395.112,161.006,142.5,142.5,-0.759,0.539,-0.04,0.03,95,0,0,1,0,1,0,0,374.314,177.206,-1.983,1.522,0,0,0,0,0,0,0,0,105.934,390.478,352.5,222,0.875,0.224,0.05,-0.007,13,286,361,2.5,0,0,0,0,0,0,0,0,0,1519

Main.js:462 394.354,161.547,142.5,142.5,-0.758,0.541,-0.04,0.03,94,0,0,1,0,1,0,0,372.33,178.728,-1.983,1.522,0,0,0,0,0,0,0,0,106.812,390.683,351,219,0.878,0.205,0.049,-0.008,12,288.5,361,2.5,0,0,0,0,0,0,0,0,0,1536

Main.js:462 393.596,162.09,142.5,142.5,-0.758,0.543,-0.04,0.03,93,0,0,1,0,1,0,0,370.347,180.25,-1.983,1.522,0,0,0,0,0,0,0,0,107.693,390.87,349.5,216,0.881,0.187,0.049,-0.009,11,291,361,2.5,0,0,0,0,0,0,0,0,0,1553

Main.js:462 392.838,162.634,142.5,142.5,-0.758,0.544,-0.04,0.03,92,0,0,1,0,1,0,0,368.364,181.772,-1.983,1.522,0,0,0,0,0,0,0,0,108.576,391.037,348,213,0.883,0.167,0.049,-0.01,10,293.5,361,2.5,0,0,0,0,0,0,0,0,0,1569

Main.js:462 392.08,163.18,142.5,142.5,-0.758,0.546,-0.04,0.03,91,0,0,1,0,0,0,0,366.38,183.294,-1.983,1.522,0,0,0,0,0,0,0,0,109.461,391.185,346.5,210,0.885,0.148,0.049,-0.012,9,296,361,2.5,0,0,0,0,0,0,0,0,0,1586

Main.js:462 391.323,163.728,142.5,142.5,-0.757,0.548,-0.04,0.03,90,0,0,1,0,0,0,0,364.397,184.816,-1.983,1.522,0,0,0,0,0,0,0,0,110.347,391.313,345,207,0.887,0.128,0.048,-0.013,8,298.5,361,2.5,0,0,0,0,0,0,0,0,0,1602

Main.js:462 390.566,164.277,142.5,142.5,-0.757,0.549,-0.04,0.03,89,0,0,1,0,0,0,0,362.414,186.338,-1.983,1.522,0,0,0,0,0,0,0,0,111.235,391.422,343.5,204,0.888,0.108,0.048,-0.014,7,301,361,2.5,0,0,0,0,0,0,0,0,0,1619

Main.js:462 389.808,164.828,142.5,142.5,-0.757,0.551,-0.04,0.03,88,0,0,1,0,0,0,0,360.43,187.86,-1.983,1.522,0,0,0,0,0,0,0,0,112.124,391.51,342,201,0.889,0.088,0.048,-0.015,6,303.5,361,2.5,0,0,0,0,0,0,0,0,0,1636

Main.js:462 389.052,165.38,142.5,142.5,-0.757,0.552,-0.04,0.03,87,0,0,1,0,0,0,0,358.447,189.381,-1.983,1.522,0,0,0,0,0,0,0,0,113.013,391.578,340.5,198,0.889,0.068,0.047,-0.017,5,306,361,2.5,0,0,0,0,0,0,0,0,0,1652

Main.js:462 388.295,165.933,142.5,142.5,-0.757,0.553,-0.04,0.03,86,0,0,1,0,0,0,0,356.463,190.903,-1.983,1.522,0,0,0,0,0,0,0,0,113.902,391.625,339,195,0.889,0.048,0.047,-0.018,4,308.5,361,2.5,0,0,0,0,0,0,0,0,0,1669

Main.js:462 387.538,166.488,142.5,142.5,-0.757,0.555,-0.04,0.03,85,0,0,1,0,0,0,0,354.48,192.425,-1.983,1.522,0,0,0,0,0,0,0,0,114.79,391.652,337.5,192,0.888,0.027,0.046,-0.019,3,311,361,2.5,0,0,0,0,0,0,0,0,0,1685

Main.js:462 386.782,167.044,142.5,142.5,-0.756,0.556,-0.04,0.03,84,0,0,1,0,0,0,0,352.497,193.947,-1.983,1.522,0,0,0,0,0,0,0,0,115.677,391.659,336,189,0.887,0.006,0.046,-0.02,2,313.5,361,2.5,0,0,0,0,0,0,0,0,0,1702

Main.js:462 386.025,167.601,142.5,142.5,-0.756,0.557,-0.04,0.03,83,0,0,1,0,0,0,0,350.513,195.469,-1.983,1.522,0,0,0,0,0,0,0,0,116.563,391.644,334.5,186,0.886,-0.014,0.045,-0.022,1,316,361,2.5,0,0,0,0,0,0,0,0,0,1721

Main.js:462 385.269,168.159,142.5,142.5,-0.756,0.558,-0.04,0.03,82,0,0,1,0,0,0,0,348.53,196.991,-1.983,1.522,0,0,0,0,0,0,0,0,117.447,391.609,333,183,0.884,-0.035,0.045,-0.023,0,318.5,361,2.5,0,0,0,0,0,0,0,0,0,1737

Main.js:462 384.513,168.718,142.5,142.5,-0.756,0.559,-0.04,0.03,81,0,0,1,0,0,0,0,346.546,198.513,-1.983,1.522,0,0,0,0,0,0,0,0,118.328,391.553,331.5,180,0.881,-0.056,0.044,-0.024,99,321,361,2.5,0,0,0,0,0,0,0,0,0,1752

Main.js:462 383.757,169.278,142.5,142.5,-0.756,0.56,-0.04,0.03,80,0,0,1,0,0,0,0,344.563,200.035,-1.983,1.522,0,0,0,0,0,0,0,0,119.207,391.475,330,177,0.878,-0.077,0.043,-0.025,98,323.5,361,2.5,0,93.947,391.609,-2.5,0,0,0,0,0,1769

Main.js:462 383.001,169.839,142.5,142.5,-0.756,0.561,-0.04,0.03,79,0,0,1,0,0,0,0,342.58,201.557,-1.983,1.522,0,0,0,0,0,0,0,0,120.082,391.377,328.5,174,0.875,-0.098,0.043,-0.026,97,326,361,2.5,0,91.447,391.609,-2.5,0,0,0,0,0,1786

Main.js:462 382.246,170.4,142.5,142.5,-0.756,0.562,-0.04,0.03,78,0,0,1,0,0,0,0,340.596,203.079,-1.983,1.522,0,0,0,0,0,0,0,0,120.953,391.258,327,171,0.871,-0.119,0.042,-0.027,96,328.5,361,2.5,0,88.947,391.609,-2.5,0,0,0,0,0,1801

Main.js:462 381.49,170.963,142.5,142.5,-0.756,0.563,-0.04,0.03,77,0,0,1,0,0,0,0,338.613,204.6,-1.983,1.522,0,0,0,0,0,0,0,0,121.82,391.118,325.5,168,0.867,-0.14,0.041,-0.028,95,331,361,2.5,0,86.447,391.609,-2.5,0,0,0,0,0,1820

Main.js:462 380.735,171.526,142.5,142.5,-0.756,0.563,-0.04,0.03,76,0,0,1,0,0,0,0,336.63,206.122,-1.983,1.522,0,0,0,0,0,0,0,0,122.682,390.957,324,165,0.862,-0.161,0.04,-0.029,94,333.5,361,2.5,0,83.947,391.609,-2.5,0,0,0,0,0,1836

Main.js:462 379.979,172.09,142.5,142.5,-0.755,0.564,-0.04,0.03,75,0,0,1,0,0,0,0,334.646,207.644,-1.983,1.522,0,0,0,0,0,0,0,0,123.538,390.775,322.5,162,0.856,-0.182,0.04,-0.03,93,336,361,2.5,0,81.447,391.609,-2.5,0,0,0,0,0,1852

Main.js:462 379.224,172.655,142.5,142.5,-0.755,0.565,-0.04,0.03,74,0,0,1,0,0,0,0,332.663,209.166,-1.983,1.522,0,0,0,0,0,0,0,0,124.389,390.573,321,159,0.85,-0.203,0.039,-0.031,92,338.5,361,2.5,0,78.947,391.609,-2.5,0,0,0,0,0,1869

Main.js:462 378.468,173.221,142.5,142.5,-0.755,0.566,-0.04,0.03,73,0,0,1,0,0,0,0,330.679,210.688,-1.983,1.522,0,0,0,0,0,0,0,0,125.233,390.349,319.5,156,0.844,-0.223,0.038,-0.032,91,341,361,2.5,0,76.447,391.609,-2.5,0,0,0,0,0,1887

Main.js:462 377.713,173.787,142.5,142.5,-0.755,0.566,-0.04,0.03,72,0,0,1,0,0,0,0,328.696,212.21,-1.983,1.522,0,0,0,0,0,0,0,0,126.07,390.105,318,153,0.837,-0.244,0.037,-0.033,90,343.5,361,2.5,0,73.947,391.609,-2.5,0,0,0,0,0,1903

Main.js:462 376.958,174.354,142.5,142.5,-0.755,0.567,-0.04,0.03,71,0,0,1,0,0,0,0,326.713,213.732,-1.983,1.522,0,0,0,0,0,0,0,0,126.9,389.841,316.5,150,0.83,-0.264,0.036,-0.034,89,346,361,2.5,0,71.447,391.609,-2.5,0,0,0,0,0,1920

Main.js:462 376.202,174.92,144,144,-0.756,0.566,-0.04,0.029,70,0,1,1,0,0,0,0,324.729,215.254,-1.983,1.522,0,0,0,0,0,0,0,0,127.721,389.556,315,147,0.822,-0.285,0.035,-0.035,88,348.5,361,2.5,0,68.947,391.609,-2.5,0,0,0,0,0,1935

Main.js:462 375.445,175.485,145.5,145.5,-0.757,0.565,-0.041,0.028,69,0,1,1,0,0,0,0,322.746,216.776,-1.983,1.522,0,0,0,0,0,0,0,0,128.535,389.251,313.5,144,0.813,-0.305,0.034,-0.036,87,351,361,2.5,0,66.447,391.609,-2.5,0,0,0,0,0,1952

Main.js:462 374.686,176.048,147,147,-0.759,0.563,-0.042,0.027,68,0,1,1,0,0,0,0,320.762,218.298,-1.983,1.522,0,0,0,0,0,0,0,0,129.34,388.926,312,141,0.805,-0.325,0.033,-0.037,86,353.5,361,2.5,0,63.947,391.609,-2.5,0,0,0,0,0,1970

Main.js:462 373.924,176.607,148.5,148.5,-0.762,0.559,-0.043,0.026,67,0,1,1,0,0,0,0,318.779,219.82,-1.983,1.522,0,0,0,0,0,0,0,0,130.135,388.581,310.5,138,0.795,-0.345,0.032,-0.038,85,356,361,2.5,0,61.447,391.609,-2.5,0,0,0,0,0,1986

Main.js:462 373.16,177.162,150,150,-0.765,0.555,-0.043,0.025,66,0,1,1,0,0,0,0,316.796,221.341,-1.983,1.522,0,0,0,0,0,0,0,0,130.92,388.217,309,135,0.785,-0.365,0.031,-0.039,84,358.5,361,2.5,0,58.947,391.609,-2.5,0,0,0,0,0,2003

Main.js:462 372.392,177.712,151.5,151.5,-0.768,0.55,-0.044,0.024,65,0,1,1,0,0,0,0,314.812,222.863,-1.983,1.522,0,0,0,0,0,0,0,0,131.697,387.834,310.5,135,0.777,-0.383,0.032,-0.038,83,361,361,2.5,0,56.447,391.609,-2.5,0,0,0,0,0,2019

Main.js:462 371.619,178.256,153,153,-0.772,0.544,-0.045,0.023,64,0,1,1,0,0,0,0,312.829,224.385,-1.983,1.522,0,0,0,0,0,0,0,0,132.467,387.435,312,135,0.77,-0.399,0.033,-0.037,82,363.5,361,2.5,0,53.947,391.609,-2.5,0,0,0,0,0,2036

Main.js:462 370.843,178.793,154.5,154.5,-0.776,0.537,-0.045,0.022,63,0,1,1,0,0,0,0,310.846,225.907,-1.983,1.522,0,0,0,0,0,0,0,0,133.231,387.022,313.5,135,0.764,-0.413,0.034,-0.036,81,366,361,2.5,0,51.447,391.609,-2.5,0,0,0,0,0,2052

Main.js:462 370.062,179.323,156,156,-0.781,0.53,-0.046,0.02,62,0,1,1,0,0,0,0,308.862,227.429,-1.983,1.522,0,0,0,0,0,0,0,0,133.99,386.596,315,135,0.759,-0.426,0.035,-0.035,80,368.5,361,2.5,0,48.947,391.609,-2.5,0,0,0,0,0,2070

Main.js:462 369.276,179.844,157.5,157.5,-0.786,0.521,-0.046,0.019,61,0,1,1,0,0,0,0,306.879,228.951,-1.983,1.522,0,0,0,0,0,0,0,0,134.746,386.159,316.5,135,0.756,-0.438,0.036,-0.034,79,371,361,2.5,0,46.447,391.609,-2.5,0,0,0,0,0,2085

Main.js:462 368.485,180.357,159,159,-0.791,0.512,-0.047,0.018,60,0,1,1,0,0,0,0,304.895,230.473,-1.983,1.522,0,0,0,0,0,0,0,0,135.5,385.711,318,135,0.753,-0.447,0.037,-0.033,78,373.5,361,2.5,0,43.947,391.609,-2.5,0,0,0,0,0,2102

Main.js:462 367.69,180.86,159,159,-0.796,0.504,-0.047,0.018,59,0,0,1,0,0,0,0,302.912,231.995,-1.983,1.522,0,0,0,0,0,0,0,0,136.252,385.255,319.5,135,0.752,-0.456,0.038,-0.032,77,376,361,2.5,0,41.447,391.609,-2.5,0,0,0,0,0,2119

Main.js:462 366.889,181.356,159,159,-0.8,0.496,-0.047,0.018,58,0,0,1,0,0,0,0,300.929,233.517,-1.983,1.522,0,0,0,0,0,0,0,0,137.003,384.792,321,135,0.751,-0.463,0.039,-0.031,76,378.5,361,2.5,0,38.947,391.609,-2.5,0,0,0,0,0,2134

Main.js:462 366.085,181.844,159,159,-0.805,0.488,-0.047,0.018,57,0,0,1,0,0,0,0,298.945,235.039,-1.983,1.522,0,0,0,0,0,0,0,0,137.754,384.323,322.5,135,0.751,-0.469,0.04,-0.03,75,381,361,2.5,0,36.447,391.609,-2.5,0,0,0,0,0,2152

Main.js:462 365.276,182.324,159,159,-0.809,0.48,-0.047,0.018,56,0,0,1,0,0,0,0,296.962,236.56,-1.983,1.522,0,0,0,0,0,0,0,0,138.506,383.85,324,135,0.752,-0.473,0.04,-0.029,74,383.5,361,2.5,0,33.947,391.609,-2.5,0,0,0,0,0,2169

Main.js:462 364.464,182.798,159,159,-0.813,0.473,-0.047,0.018,55,0,0,1,0,0,0,0,294.978,238.082,-1.983,1.522,0,0,0,0,0,0,0,0,139.26,383.374,325.5,135,0.754,-0.476,0.041,-0.028,73,386,361,2.5,0,31.447,391.609,-2.5,0,0,0,0,0,2186

Main.js:462 363.647,183.265,159,159,-0.816,0.467,-0.047,0.018,54,0,0,1,0,0,0,0,292.995,239.604,-1.983,1.522,0,0,0,0,0,0,0,0,140.016,382.895,327,135,0.756,-0.479,0.042,-0.027,72,388.5,361,2.5,0,28.947,391.609,-2.5,0,0,0,0,0,2203

Main.js:462 362.827,183.725,159,159,-0.82,0.461,-0.047,0.018,53,0,0,1,0,0,0,0,291.012,241.126,-1.983,1.522,0,0,0,0,0,0,0,0,140.775,382.416,328.5,135,0.759,-0.479,0.043,-0.026,71,391,361,2.5,0,26.447,391.609,-2.5,0,0,0,0,0,2219

Main.js:462 362.004,184.18,159,159,-0.823,0.455,-0.047,0.018,52,0,0,1,0,0,0,0,289.028,242.648,-1.983,1.522,0,0,0,0,0,0,0,0,141.536,381.937,330,135,0.762,-0.479,0.043,-0.025,70,393.5,361,2.5,0,23.947,391.609,-2.5,0,0,0,0,0,2236

Main.js:462 361.178,184.628,159,159,-0.826,0.449,-0.047,0.018,51,0,0,1,0,0,0,0,287.045,244.17,-1.983,1.522,0,0,0,0,0,0,0,0,142.302,381.459,331.5,135,0.765,-0.478,0.044,-0.024,69,396,361,2.5,0,21.447,391.609,-2.5,0,0,0,0,0,2252

Main.js:462 360.349,185.072,159,159,-0.829,0.443,-0.047,0.018,50,0,0,1,0,0,0,0,285.062,245.692,-1.983,1.522,0,0,0,0,0,0,0,0,143.071,380.983,333,135,0.769,-0.476,0.045,-0.023,68,398.5,361,2.5,0,18.947,391.609,-2.5,0,0,0,0,0,2268

Main.js:462 359.516,185.51,159,159,-0.832,0.438,-0.047,0.018,49,0,0,1,0,0,0,0,283.078,247.214,-1.983,1.522,0,0,0,0,0,0,0,0,143.845,380.511,334.5,135,0.774,-0.472,0.045,-0.022,67,401,361,2.5,0,16.447,391.609,-2.5,0,0,0,0,0,2286

Main.js:462 358.681,185.943,159,159,-0.835,0.433,-0.047,0.018,48,0,0,1,0,0,0,0,281.095,248.736,-1.983,1.522,0,0,0,0,0,0,0,0,144.624,380.043,336,135,0.779,-0.468,0.046,-0.02,66,403.5,361,2.5,0,13.947,391.609,-2.5,0,0,0,0,0,2320

Main.js:462 357.844,186.372,159,159,-0.838,0.429,-0.047,0.018,47,0,0,1,0,0,0,0,279.111,250.258,-1.983,1.522,0,0,0,0,0,0,0,0,145.407,379.58,337.5,135,0.784,-0.463,0.046,-0.019,65,406,361,2.5,0,11.447,391.609,-2.5,0,0,0,0,0,2351

Main.js:462 357.004,186.796,159,159,-0.84,0.424,-0.047,0.018,46,0,0,1,0,0,0,0,277.128,251.779,-1.983,1.522,0,0,0,0,0,0,0,0,146.196,379.123,339,135,0.789,-0.457,0.047,-0.018,64,408.5,361,2.5,0,8.947,391.609,-2.5,0,0,0,0,0,2368

Main.js:462 356.161,187.216,159,159,-0.842,0.42,-0.047,0.018,45,0,0,1,0,0,0,0,275.145,253.301,-1.983,1.522,0,0,0,0,0,0,0,0,146.99,378.674,340.5,135,0.794,-0.45,0.047,-0.017,63,411,361,2.5,0,6.447,391.609,-2.5,0,0,0,0,0,2385

Main.js:462 355.317,187.633,159,159,-0.845,0.416,-0.047,0.018,44,0,0,1,0,0,0,0,273.161,254.823,-1.983,1.522,0,0,0,0,0,0,0,0,147.79,378.232,342,135,0.8,-0.442,0.048,-0.015,62,413.5,361,2.5,0,3.947,391.609,-2.5,0,0,0,0,0,2402

Main.js:462 354.47,188.045,159,159,-0.847,0.412,-0.047,0.018,43,0,0,1,0,0,0,0,271.178,256.345,-1.983,1.522,0,0,0,0,0,0,0,0,148.595,377.799,343.5,135,0.805,-0.433,0.048,-0.014,61,416,361,2.5,0,1.447,391.609,-2.5,0,0,0,0,0,2418

Main.js:462 353.621,188.454,159,159,-0.849,0.409,-0.047,0.018,42,0,0,1,0,0,0,0,269.195,257.867,-1.983,1.522,0,0,0,0,0,0,0,0,149.405,377.375,345,135,0.811,-0.424,0.048,-0.013,60,418.5,361,2.5,0,0,0,0,0,0,0,0,0,2436

Main.js:462 352.77,188.859,159,159,-0.851,0.405,-0.047,0.018,41,0,0,1,0,0,0,0,267.211,259.389,-1.983,1.522,0,0,0,0,0,0,0,0,150.222,376.961,346.5,135,0.816,-0.414,0.049,-0.012,59,421,361,2.5,0,0,0,0,0,0,0,0,0,2453

Main.js:462 351.918,189.261,159,159,-0.852,0.402,-0.047,0.018,40,0,0,1,0,0,0,0,265.228,260.911,-1.983,1.522,0,0,0,0,0,0,0,0,151.044,376.558,348,135,0.822,-0.403,0.049,-0.01,58,423.5,361,2.5,0,0,0,0,0,0,0,0,0,2469

Main.js:462 351.063,189.659,160.5,160.5,-0.855,0.398,-0.047,0.017,39,0,1,1,0,0,0,0,263.244,262.433,-1.983,1.522,0,0,0,0,0,0,0,0,151.871,376.167,349.5,135,0.828,-0.391,0.049,-0.009,57,426,361,2.5,0,0,0,0,0,0,0,0,0,2486

Main.js:462 350.206,190.051,162,162,-0.857,0.393,-0.048,0.015,38,0,1,1,0,0,0,0,261.261,263.955,-1.983,1.522,0,0,0,0,0,0,0,0,152.705,375.787,351,135,0.833,-0.379,0.049,-0.008,56,428.5,361,2.5,0,0,0,0,0,0,0,0,0,2502

Main.js:462 349.346,190.438,163.5,163.5,-0.86,0.386,-0.048,0.014,37,0,1,1,0,0,0,0,259.278,265.477,-1.983,1.522,0,0,0,0,0,0,0,0,153.543,375.42,351,133.5,0.838,-0.368,0.049,-0.008,55,431,361,2.5,0,0,0,0,0,0,0,0,0,2519

Main.js:462 348.484,190.817,165,165,-0.863,0.379,-0.048,0.013,36,0,1,1,0,0,0,0,257.294,266.999,-1.983,1.522,0,0,0,0,0,0,0,0,154.386,375.063,351,132,0.843,-0.357,0.049,-0.008,54,433.5,361,2.5,0,0,0,0,0,0,0,0,0,2537

Main.js:462 347.618,191.189,166.5,166.5,-0.866,0.372,-0.049,0.012,35,0,1,1,0,0,0,0,255.311,268.52,-1.983,1.522,0,0,0,0,0,0,0,0,155.235,374.716,351,130.5,0.848,-0.346,0.049,-0.008,53,436,361,2.5,0,0,0,0,0,0,0,0,0,2552

Main.js:462 346.749,191.552,168,168,-0.869,0.363,-0.049,0.01,34,0,1,1,0,0,0,0,253.327,270.042,-1.983,1.522,0,0,0,0,0,0,0,0,156.087,374.38,351,129,0.853,-0.337,0.049,-0.008,52,438.5,361,2.5,0,0,0,0,0,0,0,0,0,2568

Main.js:462 345.877,191.905,169.5,169.5,-0.872,0.353,-0.049,0.009,33,0,1,1,0,0,0,0,251.344,271.564,-1.983,1.522,0,0,0,0,0,0,0,0,156.944,374.053,351,127.5,0.857,-0.327,0.049,-0.008,51,441,361,2.5,0,0,0,0,0,0,0,0,0,2587

Main.js:462 345.002,192.25,169.5,169.5,-0.875,0.344,-0.049,0.009,32,0,0,1,0,0,0,0,249.361,273.086,-1.983,1.522,0,0,0,0,0,0,0,0,157.805,373.734,351,126,0.861,-0.318,0.049,-0.008,50,443.5,361,2.5,0,0,0,0,0,0,0,0,0,2604

Main.js:462 344.124,192.585,169.5,169.5,-0.878,0.336,-0.049,0.009,31,0,0,1,0,0,0,0,247.377,274.608,-1.983,1.522,0,0,0,0,0,0,0,0,158.67,373.425,351,124.5,0.865,-0.31,0.049,-0.008,49,446,361,2.5,0,0,0,0,0,0,0,0,0,2619

Main.js:462 343.243,192.913,169.5,169.5,-0.881,0.328,-0.049,0.009,30,0,0,1,0,0,0,0,245.394,276.13,-1.983,1.522,0,0,0,0,0,0,0,0,159.539,373.123,351,123,0.869,-0.302,0.049,-0.008,48,448.5,361,2.5,0,0,0,0,0,0,0,0,0,2636

Main.js:462 342.359,193.233,169.5,169.5,-0.884,0.32,-0.049,0.009,29,0,0,1,0,0,0,0,243.411,277.652,-1.983,1.522,0,0,0,0,0,0,0,0,160.411,372.829,351,121.5,0.872,-0.294,0.049,-0.008,47,451,361,2.5,0,0,0,0,0,0,0,0,0,2651

Main.js:462 341.473,193.546,169.5,169.5,-0.886,0.313,-0.049,0.009,28,0,0,1,0,0,0,0,241.427,279.174,-1.983,1.522,0,0,0,0,0,0,0,0,161.286,372.542,351,120,0.875,-0.287,0.049,-0.008,46,453.5,361,2.5,0,0,0,0,0,0,0,0,0,2668

Main.js:462 340.584,193.851,169.5,169.5,-0.889,0.306,-0.049,0.009,27,0,0,1,0,0,0,0,239.444,280.696,-1.983,1.522,0,0,0,0,0,0,0,0,162.164,372.262,351,118.5,0.878,-0.28,0.049,-0.008,45,456,361,2.5,0,0,0,0,0,0,0,0,0,2687

Main.js:462 339.693,194.15,169.5,169.5,-0.891,0.299,-0.049,0.009,26,0,0,1,0,0,0,0,237.46,282.218,-1.983,1.522,0,0,0,0,0,0,0,0,163.046,371.989,351,117,0.881,-0.273,0.049,-0.008,44,458.5,361,2.5,0,0,0,0,0,0,0,0,0,2703

Main.js:462 338.8,194.443,169.5,169.5,-0.893,0.293,-0.049,0.009,25,0,0,1,0,0,0,0,235.477,283.739,-1.983,1.522,0,0,0,0,0,0,0,0,163.93,371.722,351,115.5,0.884,-0.267,0.049,-0.008,43,461,361,2.5,0,0,0,0,0,0,0,0,0,2718

Main.js:462 337.905,194.73,169.5,169.5,-0.895,0.287,-0.049,0.009,24,0,0,1,0,0,0,0,233.494,285.261,-1.983,1.522,0,0,0,0,0,0,0,0,164.817,371.461,351,114,0.887,-0.261,0.049,-0.008,42,463.5,361,2.5,0,0,0,0,0,0,0,0,0,2736

Main.js:462 337.008,195.011,169.5,169.5,-0.897,0.281,-0.049,0.009,23,0,0,1,0,0,0,0,231.51,286.783,-1.983,1.522,0,0,0,0,0,0,0,0,165.707,371.206,351,112.5,0.89,-0.255,0.049,-0.008,41,466,361,2.5,0,0,0,0,0,0,0,0,0,2752

Main.js:462 336.11,195.286,169.5,169.5,-0.899,0.276,-0.049,0.009,22,0,0,1,0,0,0,0,229.527,288.305,-1.983,1.522,0,0,0,0,0,0,0,0,166.599,370.955,351,111,0.892,-0.25,0.049,-0.008,40,468.5,361,2.5,0,0,0,0,0,0,0,0,0,2768

Main.js:462 335.209,195.557,169.5,169.5,-0.901,0.271,-0.049,0.009,21,0,0,1,0,0,0,0,227.543,289.827,-1.983,1.522,0,0,0,0,0,0,0,0,167.493,370.71,351,109.5,0.894,-0.245,0.049,-0.008,39,471,361,2.5,0,0,0,0,0,0,0,0,0,2786

Main.js:462 334.307,195.822,169.5,169.5,-0.902,0.266,-0.049,0.009,20,0,0,1,0,0,0,0,225.56,291.349,-1.983,1.522,0,0,0,0,0,0,0,0,168.39,370.47,351,108,0.897,-0.24,0.049,-0.008,38,473.5,361,2.5,0,0,0,0,0,0,0,0,0,2802

Main.js:462 333.403,196.084,169.5,169.5,-0.904,0.261,-0.049,0.009,19,0,0,1,0,0,0,0,223.577,292.871,-1.983,1.522,0,0,0,0,0,0,0,0,169.288,370.234,351,106.5,0.899,-0.236,0.049,-0.008,37,476,361,2.5,0,0,0,0,0,0,0,0,0,2818

Main.js:462 332.497,196.34,169.5,169.5,-0.905,0.257,-0.049,0.009,18,0,0,1,0,0,0,0,221.593,294.393,-1.983,1.522,0,0,0,0,0,0,0,0,170.189,370.003,351,105,0.901,-0.231,0.049,-0.008,36,478.5,361,2.5,0,0,0,0,0,0,0,0,0,2837

Main.js:462 331.591,196.593,169.5,169.5,-0.907,0.252,-0.049,0.009,17,0,0,1,0,0,0,0,219.61,295.915,-1.983,1.522,0,0,0,0,0,0,0,0,171.092,369.776,351,103.5,0.902,-0.227,0.049,-0.008,35,481,361,2.5,0,0,0,0,0,0,0,0,0,2852

Main.js:462 330.682,196.841,169.5,169.5,-0.908,0.248,-0.049,0.009,16,0,0,1,0,0,0,0,217.627,297.437,-1.983,1.522,0,0,0,0,0,0,0,0,171.996,369.553,351,102,0.904,-0.223,0.049,-0.008,34,483.5,361,2.5,0,0,0,0,0,0,0,0,0,2870

Main.js:462 329.773,197.086,169.5,169.5,-0.909,0.245,-0.049,0.009,15,0,0,1,0,0,0,0,215.643,298.958,-1.983,1.522,0,0,0,0,0,0,0,0,172.902,369.333,351,100.5,0.906,-0.22,0.049,-0.008,33,486,361,2.5,0,0,0,0,0,0,0,0,0,2886

Main.js:462 328.862,197.327,169.5,169.5,-0.911,0.241,-0.049,0.009,14,0,0,1,0,0,0,0,213.66,300.48,-1.983,1.522,0,0,0,0,0,0,0,0,173.809,369.117,351,99,0.908,-0.216,0.049,-0.008,32,488.5,361,2.5,0,0,0,0,0,0,0,0,0,2901

Main.js:462 327.95,197.565,169.5,169.5,-0.912,0.238,-0.049,0.009,13,0,0,1,0,0,0,0,211.676,302.002,-1.983,1.522,0,0,0,0,0,0,0,0,174.719,368.905,351,97.5,0.909,-0.213,0.049,-0.008,31,491,361,2.5,0,0,0,0,0,0,0,0,0,2920

Main.js:462 327.037,197.799,169.5,169.5,-0.913,0.235,-0.049,0.009,12,0,0,1,0,0,0,0,209.693,303.524,-1.983,1.522,0,0,0,0,0,0,0,0,175.629,368.695,351,96,0.911,-0.209,0.049,-0.008,30,493.5,361,2.5,0,0,0,0,0,0,0,0,0,2937

Main.js:462 326.123,198.031,169.5,169.5,-0.914,0.231,-0.049,0.009,11,0,0,1,0,0,0,0,207.71,305.046,-1.983,1.522,0,0,0,0,0,0,0,0,176.541,368.489,351,94.5,0.912,-0.206,0.049,-0.008,29,496,361,2.5,0,0,0,0,0,0,0,0,0,2951

Main.js:462 325.208,198.259,169.5,169.5,-0.915,0.229,-0.049,0.009,10,0,0,1,0,0,0,0,205.726,306.568,-1.983,1.522,0,0,0,0,0,0,0,0,177.454,368.285,351,93,0.913,-0.203,0.049,-0.008,28,498.5,361,2.5,0,0,0,0,0,0,0,0,0,2970

Main.js:462 324.292,198.485,169.5,169.5,-0.916,0.226,-0.049,0.009,9,0,0,1,0,0,0,0,205.726,306.568,-1.983,1.522,0,0,0,0,0,0,0,0,178.369,368.085,351,91.5,0.915,-0.201,0.049,-0.008,27,0,0,0,0,0,0,0,0,0,0,0,0,2986

Main.js:462 323.375,198.708,169.5,169.5,-0.917,0.223,-0.049,0.009,8,0,0,1,0,0,0,0,203.743,308.09,-1.983,1.522,0,0,0,0,0,0,0,0,179.285,367.886,351,90,0.916,-0.198,0.049,-0.008,26,0,0,0,0,0,0,0,0,0,0,0,0,3002

Main.js:462 322.457,198.929,169.5,169.5,-0.918,0.221,-0.049,0.009,7,0,0,1,0,0,0,0,201.759,309.612,-1.983,1.522,0,0,0,0,0,0,0,0,180.201,367.69,349.5,87,0.917,-0.197,0.049,-0.009,25,0,0,0,0,0,0,0,0,0,0,0,0,3019

Main.js:462 321.539,199.147,169.5,169.5,-0.919,0.218,-0.049,0.009,6,0,0,1,0,0,0,0,199.776,311.134,-1.983,1.522,0,0,0,0,0,0,0,0,181.119,367.493,348,84,0.917,-0.197,0.049,-0.01,24,0,0,0,0,0,0,0,0,0,0,0,0,3037

Main.js:462 320.62,199.363,169.5,169.5,-0.919,0.216,-0.049,0.009,5,0,0,1,0,0,0,0,197.793,312.656,-1.983,1.522,0,0,0,0,0,0,0,0,182.036,367.294,346.5,81,0.918,-0.198,0.049,-0.012,23,0,0,0,0,0,0,0,0,0,0,0,0,3053

Main.js:462 319.699,199.577,169.5,169.5,-0.92,0.214,-0.049,0.009,4,0,0,1,0,0,0,0,195.809,314.178,-1.983,1.522,0,0,0,0,0,0,0,0,182.954,367.094,345,78,0.918,-0.201,0.048,-0.013,22,0,0,0,0,0,0,0,0,0,0,0,0,3068

Main.js:462 318.779,199.789,169.5,169.5,-0.921,0.212,-0.049,0.009,3,0,0,1,0,0,0,0,193.826,315.699,-1.983,1.522,0,0,0,0,0,0,0,0,183.871,366.89,343.5,75,0.917,-0.204,0.048,-0.014,21,0,0,0,0,0,0,0,0,0,0,0,0,3085

Main.js:462 317.857,199.998,169.5,169.5,-0.921,0.21,-0.049,0.009,2,0,0,1,0,0,0,0,191.843,317.221,-1.983,1.522,0,0,0,0,0,0,0,0,184.788,366.681,342,72,0.917,-0.208,0.048,-0.015,20,0,0,0,0,0,0,0,0,0,0,0,0,3103

Main.js:462 316.935,200.206,169.5,169.5,-0.922,0.208,-0.049,0.009,1,0,0,1,0,0,0,0,189.859,318.743,-1.983,1.522,0,0,0,0,0,0,0,0,185.703,366.468,340.5,69,0.916,-0.214,0.047,-0.017,19,0,0,0,0,0,0,0,0,0,0,0,0,3120

Main.js:462 316.012,200.413,169.5,169.5,-0.923,0.206,-0.049,0.009,0,0,0,1,0,0,0,0,187.876,320.265,-1.983,1.522,0,0,0,0,0,0,0,0,186.617,366.247,339,66,0.914,-0.22,0.047,-0.018,18,0,0,0,0,0,0,0,0,0,0,0,0,3137

Main.js:462 315.089,200.617,169.5,169.5,-0.923,0.205,-0.049,0.009,0,0,0,1,0,0,0,0,185.892,321.787,-1.983,1.522,0,0,0,0,0,0,0,0,187.53,366.02,337.5,63,0.912,-0.227,0.046,-0.019,17,0,0,0,0,0,0,0,0,0,0,0,0,3153

Main.js:462 314.165,200.82,169.5,169.5,-0.924,0.203,-0.049,0.009,0,0,0,1,0,0,0,0,183.909,323.309,-1.983,1.522,0,0,0,0,0,0,0,0,188.44,365.784,336,60,0.91,-0.235,0.046,-0.02,16,0,0,0,0,0,0,0,0,0,0,0,0,3170

Main.js:462 313.241,201.022,169.5,169.5,-0.924,0.202,-0.049,0.009,0,0,0,1,0,0,0,0,181.926,324.831,-1.983,1.522,0,0,0,0,0,0,0,0,189.347,365.54,334.5,57,0.907,-0.244,0.045,-0.022,15,0,0,0,0,0,0,0,0,0,0,0,0,3186

Main.js:462 312.316,201.222,169.5,169.5,-0.925,0.2,-0.049,0.009,0,0,0,1,0,0,0,0,179.942,326.353,-1.983,1.522,0,0,0,0,0,0,0,0,190.251,365.287,333,54,0.904,-0.253,0.045,-0.023,14,0,0,0,0,0,0,0,0,0,0,0,0,3203

Main.js:462 311.391,201.421,169.5,169.5,-0.925,0.199,-0.049,0.009,0,0,0,1,0,0,0,0,177.959,327.875,-1.983,1.522,0,0,0,0,0,0,0,0,191.152,365.024,331.5,51,0.901,-0.263,0.044,-0.024,13,0,0,0,0,0,0,0,0,0,0,0,0,3221

Main.js:462 310.465,201.62,168,168,-0.925,0.199,-0.049,0.01,0,1,0,1,0,0,0,0,175.975,329.397,-1.983,1.522,0,0,0,0,0,0,0,0,192.049,364.75,330,48,0.897,-0.274,0.043,-0.025,12,0,0,0,0,0,0,0,0,0,0,0,0,3236

Main.js:462 309.586,201.808,166.5,166.5,-0.879,0.189,0,0,0,1,0,0,0,0,0,0,173.992,330.918,-1.983,1.522,0,0,0,0,0,0,0,0,192.942,364.465,328.5,45,0.893,-0.285,0.043,-0.026,11,0,0,0,0,0,0,0,0,0,0,0,0,3253

Main.js:462 308.751,201.988,165,165,-0.835,0.179,0,0,0,1,0,0,0,0,0,0,172.009,332.44,-1.983,1.522,0,0,0,0,0,0,0,0,193.83,364.168,327,42,0.888,-0.297,0.042,-0.027,10,0,0,0,0,0,0,0,0,0,0,0,0,3269

Main.js:462 307.958,202.158,163.5,163.5,-0.793,0.17,0,0,0,1,0,0,0,0,0,0,170.025,333.962,-1.983,1.522,0,0,0,0,0,0,0,0,194.712,363.859,325.5,39,0.883,-0.309,0.041,-0.028,9,0,0,0,0,0,0,0,0,0,0,0,0,3287

Main.js:462 307.204,202.32,162,162,-0.754,0.162,0,0,0,1,0,0,0,0,0,0,168.042,335.484,-1.983,1.522,0,0,0,0,0,0,0,0,195.589,363.538,324,36,0.877,-0.321,0.04,-0.029,8,0,0,0,0,0,0,0,0,0,0,0,0,3304

Main.js:462 306.488,202.474,160.5,160.5,-0.716,0.154,0,0,0,1,0,0,0,0,0,0,166.059,337.006,-1.983,1.522,0,0,0,0,0,0,0,0,196.46,363.204,322.5,33,0.871,-0.334,0.04,-0.03,7,0,0,0,0,0,0,0,0,0,0,0,0,3352

Main.js:462 305.807,202.62,159,159,-0.68,0.146,0,0,0,1,0,0,0,0,0,0,164.075,338.528,-1.983,1.522,0,0,0,0,0,0,0,0,197.324,362.856,321,30,0.864,-0.347,0.039,-0.031,6,0,0,0,0,0,0,0,0,0,0,0,0,3369

Main.js:462 305.161,202.759,157.5,157.5,-0.646,0.139,0,0,0,1,0,0,0,0,0,0,162.092,340.05,-1.983,1.522,0,0,0,0,0,0,0,0,198.181,362.496,319.5,27,0.857,-0.361,0.038,-0.032,5,0,0,0,0,0,0,0,0,0,0,0,0,3385

Main.js:462 304.547,202.891,156,156,-0.614,0.132,0,0,0,1,0,0,0,0,0,0,160.108,341.572,-1.983,1.522,0,0,0,0,0,0,0,0,199.031,362.121,318,24,0.849,-0.375,0.037,-0.033,4,0,0,0,0,0,0,0,0,0,0,0,0,3402

Main.js:462 303.964,203.016,154.5,154.5,-0.583,0.125,0,0,0,1,0,0,0,0,0,0,158.125,343.094,-1.983,1.522,0,0,0,0,0,0,0,0,199.872,361.733,316.5,21,0.841,-0.388,0.036,-0.034,3,0,0,0,0,0,0,0,0,0,0,0,0,3418

Main.js:462 303.41,203.135,153,153,-0.554,0.119,0,0,0,1,0,0,0,0,0,0,156.142,344.616,-1.983,1.522,0,0,0,0,0,0,0,0,200.705,361.33,315,18,0.833,-0.403,0.035,-0.035,2,0,0,0,0,0,0,0,0,0,0,0,0,3435

Main.js:462 302.883,203.248,151.5,151.5,-0.526,0.113,0,0,0,1,0,0,0,0,0,0,154.158,346.138,-1.983,1.522,0,0,0,0,0,0,0,0,201.529,360.913,313.5,15,0.824,-0.417,0.034,-0.036,1,0,0,0,0,0,0,0,0,0,0,0,0,3453

Main.js:462 302.383,203.355,150,150,-0.5,0.107,0,0,0,1,0,0,0,0,0,0,152.175,347.659,-1.983,1.522,0,0,0,0,0,0,0,0,202.344,360.482,312,12,0.815,-0.431,0.033,-0.037,0,0,0,0,0,0,0,0,0,0,0,0,0,3469

Main.js:462 301.908,203.457,148.5,148.5,-0.475,0.102,0,0,0,1,0,0,0,0,0,0,150.191,349.181,-1.983,1.522,0,0,0,0,0,0,0,0,203.148,360.036,310.5,9,0.805,-0.446,0.032,-0.038,99,0,0,0,0,0,0,0,0,0,0,0,0,3496

Main.js:462 301.457,203.554,147,147,-0.451,0.097,0,0,0,1,0,0,0,0,0,0,148.208,350.703,-1.983,1.522,0,0,0,0,0,0,0,0,203.943,359.575,309,6,0.794,-0.461,0.031,-0.039,98,225.554,364.158,2.469,0.391,0,0,0,0,0,0,0,0,3519

Main.js:462 301.028,203.646,145.5,145.5,-0.429,0.092,0,0,0,1,0,0,0,0,0,0,146.225,352.225,-1.983,1.522,0,0,0,0,0,0,0,0,204.726,359.1,307.5,3,0.784,-0.475,0.03,-0.04,97,228.024,364.549,2.469,0.391,0,0,0,0,0,0,0,0,3534

Main.js:462 300.621,203.734,144,144,-0.407,0.087,0,0,0,1,0,0,0,0,0,0,144.241,353.747,-1.983,1.522,0,0,0,0,0,0,0,0,205.499,358.61,306,0,0.772,-0.49,0.029,-0.04,96,230.493,364.94,2.469,0.391,0,0,0,0,0,0,0,0,3552

Main.js:462 300.234,203.817,142.5,142.5,-0.387,0.083,0,0,0,1,0,0,0,0,0,0,142.258,355.269,-1.983,1.522,0,0,0,0,0,0,0,0,206.259,358.105,304.5,-3,0.761,-0.505,0.028,-0.041,95,232.962,365.331,2.469,0.391,0,0,0,0,0,0,0,0,3568

Main.js:462 299.866,203.896,141,141,-0.368,0.079,0,0,0,1,0,0,0,0,0,0,140.275,356.791,-1.983,1.522,0,0,0,0,0,0,0,0,207.008,357.586,303,-6,0.748,-0.519,0.027,-0.042,94,235.431,365.722,2.469,0.391,0,0,0,0,0,0,0,0,3586

Main.js:462 299.517,203.971,139.5,139.5,-0.349,0.075,0,0,0,1,0,0,0,0,0,0,138.291,358.313,-1.983,1.522,0,0,0,0,0,0,0,0,207.744,357.052,301.5,-9,0.736,-0.534,0.026,-0.043,93,237.901,366.113,2.469,0.391,0,0,0,0,0,0,0,0,3603

Main.js:462 299.185,204.042,138,138,-0.332,0.071,0,0,0,1,0,0,0,0,0,0,136.308,359.835,-1.983,1.522,0,0,0,0,0,0,0,0,208.466,356.504,300,-12,0.723,-0.548,0.025,-0.043,92,240.37,366.504,2.469,0.391,0,0,0,0,0,0,0,0,3619

Main.js:462 298.87,204.11,138,138,-0.315,0.068,0,0,0,0,0,0,0,0,0,0,134.324,361.357,-1.983,1.522,0,0,0,0,0,0,0,0,209.176,355.942,298.5,-15,0.709,-0.563,0.024,-0.044,91,242.839,366.895,2.469,0.391,0,0,0,0,0,0,0,0,3635

Main.js:462 298.571,204.174,138,138,-0.299,0.064,0,0,99,0,0,0,0,1,0,0,132.341,362.878,-1.983,1.522,0,0,0,0,0,0,0,0,209.871,355.365,297,-18,0.695,-0.577,0.023,-0.045,90,245.308,367.286,2.469,0.391,0,0,0,0,0,0,0,0,3653

Main.js:462 298.286,204.235,138,138,-0.284,0.061,0,0,98,0,0,0,0,1,0,0,130.358,364.4,-1.983,1.522,281.406,219.834,-1.858,1.673,0,0,0,0,210.552,354.774,295.5,-21,0.681,-0.591,0.022,-0.045,89,247.777,367.678,2.469,0.391,0,0,0,0,0,0,0,0,3669

Main.js:462 298.016,204.293,138,138,-0.27,0.058,0,0,97,0,0,0,0,1,0,0,128.374,365.922,-1.983,1.522,279.548,221.507,-1.858,1.673,0,0,0,0,211.219,354.17,294,-24,0.666,-0.605,0.02,-0.046,88,250.247,368.069,2.469,0.391,0,0,0,0,0,0,0,0,3686

Main.js:462 297.759,204.348,138,138,-0.257,0.055,0,0,96,0,0,0,0,1,0,0,126.391,367.444,-1.983,1.522,277.69,223.18,-1.858,1.673,0,0,0,0,211.87,353.551,292.5,-27,0.651,-0.618,0.019,-0.046,87,252.716,368.46,2.469,0.391,0,0,0,0,0,0,0,0,3703

Main.js:462 297.515,204.401,138,138,-0.244,0.052,0,0,95,0,0,0,0,1,0,0,124.408,368.966,-1.983,1.522,275.832,224.853,-1.858,1.673,0,0,0,0,212.506,352.92,291,-30,0.636,-0.632,0.018,-0.047,86,255.185,368.851,2.469,0.391,0,0,0,0,0,0,0,0,3719

Main.js:462 297.284,204.45,138,138,-0.232,0.05,0,0,94,0,0,0,0,1,0,0,122.424,370.488,-1.983,1.522,273.975,226.525,-1.858,1.673,0,0,0,0,213.125,352.275,289.5,-33,0.62,-0.645,0.017,-0.047,85,257.654,369.242,2.469,0.391,0,0,0,0,0,0,0,0,3736

Main.js:462 297.063,204.498,138,138,-0.22,0.047,0,0,93,0,0,0,0,1,0,0,120.441,372.01,-1.983,1.522,272.117,228.198,-1.858,1.673,0,0,0,0,213.729,351.617,288,-36,0.603,-0.658,0.015,-0.048,84,260.124,369.633,2.469,0.391,0,0,0,0,0,0,0,0,3753

Main.js:462 296.854,204.542,138,138,-0.209,0.045,0,0,92,0,0,0,0,0,0,0,118.457,373.532,-1.983,1.522,270.259,229.871,-1.858,1.673,0,0,0,0,214.316,350.947,286.5,-39,0.587,-0.67,0.014,-0.048,83,262.593,370.024,2.469,0.391,0,0,0,0,0,0,0,0,3769

Main.js:462 296.656,204.585,138,138,-0.199,0.043,0,0,91,0,0,0,0,0,0,0,116.474,375.054,-1.983,1.522,268.401,231.544,-1.858,1.673,0,0,0,0,214.885,350.264,285,-42,0.57,-0.683,0.013,-0.048,82,265.062,370.415,2.469,0.391,0,0,0,0,0,0,0,0,3786

Main.js:462 296.467,204.626,138,138,-0.189,0.041,0,0,90,0,0,0,0,0,0,0,114.491,376.576,-1.983,1.522,266.543,233.217,-1.858,1.673,0,0,0,0,215.438,349.569,283.5,-45,0.552,-0.695,0.012,-0.049,81,267.531,370.806,2.469,0.391,0,0,0,0,0,0,0,0,3802

Main.js:462 296.288,204.664,138,138,-0.179,0.038,0,0,89,0,0,0,0,0,0,0,112.507,378.097,-1.983,1.522,264.685,234.89,-1.858,1.673,0,0,0,0,215.972,348.862,282,-48,0.535,-0.707,0.01,-0.049,80,270,371.197,2.469,0.391,0,0,0,0,0,0,0,0,3818

Main.js:462 296.117,204.701,138,138,-0.17,0.037,0,0,88,0,0,0,0,1,0,0,110.524,379.619,-1.983,1.522,262.827,236.562,-1.858,1.673,0,0,0,0,216.489,348.144,280.5,-51,0.517,-0.718,0.009,-0.049,79,272.47,371.588,2.469,0.391,0,0,0,0,0,0,0,0,3835

Main.js:462 295.956,204.735,138,138,-0.162,0.035,0,0,87,0,0,0,0,1,0,0,108.54,381.141,-1.983,1.522,260.97,238.235,-1.858,1.673,0,0,0,0,216.987,347.415,279,-54,0.498,-0.729,0.008,-0.049,78,274.939,371.979,2.469,0.391,0,0,0,0,0,0,0,0,3852

Main.js:462 295.802,204.768,138,138,-0.154,0.033,0,0,86,0,0,0,0,1,0,0,106.557,382.663,-1.983,1.522,259.112,239.908,-1.858,1.673,0,0,0,0,217.466,346.676,277.5,-57,0.479,-0.74,0.007,-0.05,77,277.408,372.371,2.469,0.391,0,0,0,0,0,0,0,0,3870

Main.js:462 295.656,204.8,138,138,-0.146,0.031,0,0,85,0,0,0,0,1,0,0,104.574,384.185,-1.983,1.522,257.254,241.581,-1.858,1.673,0,0,0,0,217.927,345.926,276,-60,0.46,-0.75,0.005,-0.05,76,279.877,372.762,2.469,0.391,0,0,0,0,0,0,0,0,3885

Main.js:462 295.517,204.83,138,138,-0.139,0.03,0,0,84,0,0,0,0,1,0,0,102.59,385.707,-1.983,1.522,255.396,243.254,-1.858,1.673,0,0,0,0,218.368,345.166,274.5,-63,0.441,-0.76,0.004,-0.05,75,282.347,373.153,2.469,0.391,0,0,0,0,0,0,0,0,3902

Main.js:462 295.385,204.858,138,138,-0.132,0.028,0,0,83,0,0,0,0,1,0,0,100.607,387.229,-1.983,1.522,253.538,244.927,-1.858,1.673,0,0,0,0,218.789,344.397,273,-66,0.422,-0.769,0.003,-0.05,74,284.816,373.544,2.469,0.391,0,0,0,0,0,0,0,0,3919

Main.js:462 295.26,204.885,138,138,-0.125,0.027,0,0,82,0,0,0,0,0,0,0,98.624,388.751,-1.983,1.522,251.68,246.599,-1.858,1.673,0,0,0,0,219.191,343.619,271.5,-69,0.402,-0.778,0.001,-0.05,73,287.285,373.935,2.469,0.391,0,0,0,0,0,0,0,0,3936

Main.js:462 295.141,204.91,138,138,-0.119,0.026,0,0,81,0,0,0,0,0,0,0,96.64,390.273,-1.983,1.522,249.822,248.272,-1.858,1.673,0,0,0,0,219.573,342.832,270,-72,0.382,-0.787,0,-0.05,72,289.754,374.326,2.469,0.391,0,0,0,0,0,0,0,0,3952

Main.js:462 295.028,204.935,138,138,-0.113,0.024,0,0,80,0,0,0,0,0,0,0,94.657,391.795,-1.983,1.522,247.965,249.945,-1.858,1.673,0,0,0,0,219.934,342.037,268.5,-75,0.361,-0.795,-0.001,-0.05,71,292.223,374.717,2.469,0.391,0,0,0,0,0,0,0,0,3970

Main.js:462 294.921,204.958,138,138,-0.107,0.023,0,0,79,0,0,0,0,0,0,0,92.673,393.317,-1.983,1.522,246.107,251.618,-1.858,1.673,0,0,0,0,220.275,341.234,267,-78,0.341,-0.803,-0.003,-0.05,70,294.693,375.108,2.469,0.391,0,0,0,0,0,0,0,0,3986

Main.js:462 294.819,204.979,138,138,-0.102,0.022,0,0,78,0,0,0,0,0,0,0,90.69,394.838,-1.983,1.522,244.249,253.291,-1.858,1.673,0,0,0,0,220.595,340.424,265.5,-81,0.32,-0.81,-0.004,-0.05,69,297.162,375.499,2.469,0.391,0,0,0,0,0,0,0,0,4002

Main.js:462 294.722,205,138,138,-0.097,0.021,0,0,77,0,0,0,0,0,0,0,88.707,396.36,-1.983,1.522,242.391,254.964,-1.858,1.673,0,0,0,0,220.896,339.608,267,-81,0.301,-0.817,-0.003,-0.05,68,299.631,375.89,2.469,0.391,0,0,0,0,0,0,0,0,4018

Main.js:462 294.63,205.02,138,138,-0.092,0.02,0,0,76,0,0,0,0,0,0,0,86.723,397.882,-1.983,1.522,240.533,256.636,-1.858,1.673,0,0,0,0,221.181,338.784,268.5,-81,0.285,-0.823,-0.001,-0.05,67,302.1,376.281,2.469,0.391,0,0,0,0,0,0,0,0,4036

Main.js:462 294.543,205.039,138,138,-0.087,0.019,0,0,75,0,0,0,0,0,0,0,84.74,399.404,-1.983,1.522,238.675,258.309,-1.858,1.673,0,0,0,0,221.452,337.954,270,-81,0.271,-0.83,0,-0.05,66,304.57,376.672,2.469,0.391,0,0,0,0,0,0,0,0,4052

Main.js:462 294.46,205.057,138,138,-0.083,0.018,0,0,74,0,0,0,0,0,0,0,82.756,400.926,-1.983,1.522,236.817,259.982,-1.858,1.673,0,0,0,0,221.711,337.119,271.5,-81,0.259,-0.836,0.001,-0.05,65,307.039,377.064,2.469,0.391,0,0,0,0,0,0,0,0,4070

Main.js:462 294.381,205.074,138,138,-0.079,0.017,0,0,73,0,0,0,0,0,0,0,80.773,402.448,-1.983,1.522,234.959,261.655,-1.858,1.673,0,0,0,0,221.959,336.277,273,-81,0.248,-0.841,0.003,-0.05,64,309.508,377.455,2.469,0.391,0,0,0,0,0,0,0,0,4085

Main.js:462 294.306,205.09,138,138,-0.075,0.016,0,0,72,0,0,0,0,0,0,0,78.79,403.97,-1.983,1.522,233.102,263.328,-1.858,1.673,0,0,0,0,222.199,335.431,274.5,-81,0.239,-0.847,0.004,-0.05,63,311.977,377.846,2.469,0.391,0,0,0,0,0,0,0,0,4102

Main.js:462 294.235,205.105,138,138,-0.071,0.015,0,0,71,0,0,0,0,0,0,0,76.806,405.492,-1.983,1.522,231.244,265.001,-1.858,1.673,0,0,0,0,222.431,334.579,276,-81,0.232,-0.852,0.005,-0.05,62,314.446,378.237,2.469,0.391,0,0,0,0,0,0,0,0,4119

Main.js:462 294.167,205.12,138,138,-0.068,0.015,0,0,70,0,0,0,0,0,0,0,74.823,407.014,-1.983,1.522,229.386,266.673,-1.858,1.673,0,0,0,0,222.658,333.723,277.5,-81,0.227,-0.856,0.007,-0.05,61,316.916,378.628,2.469,0.391,0,0,0,0,0,0,0,0,4136

Main.js:462 294.103,205.133,138,138,-0.064,0.014,0,0,69,0,0,0,0,0,0,0,72.84,408.536,-1.983,1.522,227.528,268.346,-1.858,1.673,0,0,0,0,222.881,332.863,279,-81,0.223,-0.86,0.008,-0.049,60,319.385,379.019,2.469,0.391,0,0,0,0,0,0,0,0,4153

Main.js:462 294.042,205.146,138,138,-0.061,0.013,0,0,68,0,0,0,0,0,0,0,70.856,410.057,-1.983,1.522,225.67,270.019,-1.858,1.673,0,0,0,0,223.102,331.999,280.5,-81,0.221,-0.864,0.009,-0.049,59,321.854,379.41,2.469,0.391,0,0,0,0,0,0,0,0,4169

Main.js:462 293.984,205.159,138,138,-0.058,0.012,0,0,67,0,0,0,0,0,0,0,68.873,411.579,-1.983,1.522,223.812,271.692,-1.858,1.673,0,0,0,0,223.321,331.132,282,-81,0.219,-0.867,0.01,-0.049,58,324.323,379.801,2.469,0.391,0,0,0,0,0,0,0,0,4185

Main.js:462 293.928,205.171,138,138,-0.055,0.012,0,0,66,0,0,0,0,0,0,0,66.889,413.101,-1.983,1.522,221.954,273.365,-1.858,1.673,0,0,0,0,223.541,330.262,283.5,-81,0.22,-0.87,0.012,-0.049,57,326.792,380.192,2.469,0.391,0,0,0,0,0,0,0,0,4202

Main.js:462 293.876,205.182,138,138,-0.052,0.011,0,0,65,0,0,0,0,0,0,0,64.906,414.623,-1.983,1.522,220.097,275.037,-1.858,1.673,0,0,0,0,223.762,329.389,285,-81,0.221,-0.872,0.013,-0.048,56,329.262,380.583,2.469,0.391,0,0,0,0,0,0,0,0,4218

Main.js:462 293.826,205.193,138,138,-0.05,0.011,0,0,64,0,0,0,0,0,0,0,62.923,416.145,-1.983,1.522,218.239,276.71,-1.858,1.673,0,0,0,0,223.985,328.515,286.5,-81,0.223,-0.874,0.014,-0.048,55,331.731,380.974,2.469,0.391,0,0,0,0,0,0,0,0,4235

Main.js:462 293.779,205.203,138,138,-0.047,0.01,0,0,63,0,0,0,0,0,0,0,60.939,417.667,-1.983,1.522,216.381,278.383,-1.858,1.673,0,0,0,0,224.212,327.639,288,-81,0.227,-0.876,0.015,-0.048,54,334.2,381.366,2.469,0.391,0,0,0,0,0,0,0,0,4254

Main.js:462 293.734,205.212,138,138,-0.045,0.01,0,0,62,0,0,0,0,0,0,0,58.956,419.189,-1.983,1.522,214.523,280.056,-1.858,1.673,0,0,0,0,224.443,326.762,289.5,-81,0.231,-0.877,0.017,-0.047,53,336.669,381.757,2.469,0.391,0,0,0,0,0,0,0,0,4269

Main.js:462 293.692,205.222,138,138,-0.043,0.009,0,0,61,0,0,0,0,0,0,0,56.972,420.711,-1.983,1.522,212.665,281.729,-1.858,1.673,0,0,0,0,224.68,325.885,291,-81,0.237,-0.877,0.018,-0.047,52,339.139,382.148,2.469,0.391,0,0,0,0,0,0,0,0,4285

Main.js:462 293.651,205.23,138,138,-0.041,0.009,0,0,60,0,0,0,0,0,0,0,54.989,422.233,-1.983,1.522,210.807,283.402,-1.858,1.673,0,0,0,0,224.923,325.008,292.5,-81,0.243,-0.877,0.019,-0.046,51,341.608,382.539,2.469,0.391,0,0,0,0,0,0,0,0,4303

Main.js:462 293.613,205.239,138,138,-0.038,0.008,0,0,59,0,0,0,0,0,0,0,53.006,423.755,-1.983,1.522,208.949,285.074,-1.858,1.673,0,0,0,0,225.174,324.131,294,-81,0.25,-0.877,0.02,-0.046,50,344.077,382.93,2.469,0.391,0,0,0,0,0,0,0,0,4319

Main.js:462 293.576,205.246,138,138,-0.037,0.008,0,0,58,0,0,0,0,0,0,0,51.022,425.276,-1.983,1.522,207.092,286.747,-1.858,1.673,0,0,0,0,225.432,323.255,295.5,-81,0.258,-0.876,0.022,-0.045,49,346.546,383.321,2.469,0.391,0,0,0,0,0,0,0,0,4336

Main.js:462 293.541,205.254,138,138,-0.035,0.007,0,0,57,0,0,0,0,0,0,0,49.039,426.798,-1.983,1.522,205.234,288.42,-1.858,1.673,0,0,0,0,225.699,322.381,297,-81,0.267,-0.874,0.023,-0.045,48,349.015,383.712,2.469,0.391,0,0,0,0,0,0,0,0,4353

Main.js:462 293.508,205.261,138,138,-0.033,0.007,0,0,56,0,0,0,0,0,0,0,47.056,428.32,-1.983,1.522,203.376,290.093,-1.858,1.673,0,0,0,0,225.975,321.508,298.5,-81,0.276,-0.872,0.024,-0.044,47,351.485,384.103,2.469,0.391,0,0,0,0,0,0,0,0,4370

Main.js:462 293.477,205.268,138,138,-0.031,0.007,0,0,55,0,0,0,0,0,0,0,45.072,429.842,-1.983,1.522,201.518,291.766,-1.858,1.673,0,0,0,0,226.261,320.638,300,-81,0.286,-0.87,0.025,-0.043,46,353.954,384.494,2.469,0.391,0,0,0,0,0,0,0,0,4386

Main.js:462 293.447,205.274,138,138,-0.03,0.006,0,0,54,0,0,0,0,0,0,0,43.089,431.364,-1.983,1.522,199.66,293.439,-1.858,1.673,0,0,0,0,226.558,319.771,301.5,-81,0.297,-0.867,0.026,-0.043,45,356.423,384.885,2.469,0.391,0,0,0,0,0,0,0,0,4403

Main.js:462 293.419,205.28,138,138,-0.028,0.006,0,0,53,0,0,0,0,0,0,0,41.105,432.886,-1.983,1.522,197.802,295.111,-1.858,1.673,0,0,0,0,226.866,318.908,303,-81,0.308,-0.863,0.027,-0.042,44,358.892,385.276,2.469,0.391,0,0,0,0,0,0,0,0,4419

Main.js:462 293.392,205.286,138,138,-0.027,0.006,0,0,52,0,0,0,0,0,0,0,39.122,434.408,-1.983,1.522,195.944,296.784,-1.858,1.673,0,0,0,0,227.185,318.049,304.5,-81,0.319,-0.859,0.028,-0.041,43,361.362,385.667,2.469,0.391,0,0,0,0,0,0,0,0,4436

Main.js:462 293.367,205.291,138,138,-0.026,0.005,0,0,51,0,0,0,0,0,0,0,37.139,435.93,-1.983,1.522,194.087,298.457,-1.858,1.673,0,0,0,0,227.516,317.194,306,-81,0.331,-0.855,0.029,-0.04,42,363.831,386.059,2.469,0.391,0,0,0,0,0,0,0,0,4480

Main.js:462 293.342,205.297,138,138,-0.024,0.005,0,0,50,0,0,0,0,0,0,0,35.155,437.452,-1.983,1.522,192.229,300.13,-1.858,1.673,0,0,0,0,227.86,316.344,307.5,-81,0.344,-0.85,0.03,-0.04,41,366.3,386.45,2.469,0.391,0,0,0,0,0,0,0,0,4501

Main.js:462 293.319,205.302,136.5,136.5,-0.023,0.005,0,0,49,1,0,0,0,0,0,0,33.172,438.974,-1.983,1.522,190.371,301.803,-1.858,1.673,0,0,0,0,228.215,315.499,307.5,-82.5,0.355,-0.845,0.03,-0.04,40,368.769,386.841,2.469,0.391,0,0,0,0,0,0,0,0,4518

Main.js:462 293.297,205.306,135,135,-0.022,0.005,0,0,48,1,0,0,0,0,0,0,31.188,440.496,-1.983,1.522,188.513,303.476,-1.858,1.673,0,0,0,0,228.581,314.659,307.5,-84,0.366,-0.84,0.03,-0.04,39,371.238,387.232,2.469,0.391,0,0,0,0,0,0,0,0,4536

Main.js:462 293.277,205.311,133.5,133.5,-0.021,0.004,0,0,47,1,0,0,0,0,0,0,29.205,442.017,-1.983,1.522,186.655,305.148,-1.858,1.673,0,0,0,0,228.958,313.823,307.5,-85.5,0.377,-0.836,0.03,-0.04,38,373.708,387.623,2.469,0.391,0,0,0,0,0,0,0,0,4552

Main.js:462 293.257,205.315,132,132,-0.02,0.004,0,0,46,1,0,0,0,0,0,0,27.222,443.539,-1.983,1.522,184.797,306.821,-1.858,1.673,0,0,0,0,229.346,312.991,307.5,-87,0.387,-0.832,0.03,-0.04,37,376.177,388.014,2.469,0.391,0,0,0,0,0,0,0,0,4569

Main.js:462 293.238,205.319,130.5,130.5,-0.019,0.004,0,0,45,1,0,0,0,0,0,0,25.238,445.061,-1.983,1.522,182.939,308.494,-1.858,1.673,0,0,0,0,229.742,312.162,307.5,-88.5,0.397,-0.828,0.03,-0.04,36,378.646,388.405,2.469,0.391,0,0,0,0,0,0,0,0,4586

Main.js:462 293.22,205.323,129,129,-0.018,0.004,0,0,44,1,0,0,0,0,0,0,23.255,446.583,-1.983,1.522,181.081,310.167,-1.858,1.673,0,0,0,0,230.148,311.338,307.5,-90,0.406,-0.824,0.03,-0.04,35,381.115,388.796,2.469,0.391,0,0,0,0,0,0,0,0,4603

Main.js:462 293.203,205.326,127.5,127.5,-0.017,0.004,0,0,43,1,0,0,0,0,0,0,21.272,448.105,-1.983,1.522,179.224,311.84,-1.858,1.673,0,0,0,0,230.562,310.517,307.5,-91.5,0.414,-0.821,0.03,-0.04,34,383.585,389.187,2.469,0.391,0,0,0,0,0,0,0,0,4619

Main.js:462 293.187,205.33,126,126,-0.016,0.003,0,0,42,1,0,0,0,0,0,0,19.288,449.627,-1.983,1.522,177.366,313.512,-1.858,1.673,0,0,0,0,230.985,309.7,307.5,-93,0.423,-0.817,0.03,-0.04,33,386.054,389.578,2.469,0.391,0,0,0,0,0,0,0,0,4637

Main.js:462 293.172,205.333,124.5,124.5,-0.015,0.003,0,0,41,1,0,0,0,0,0,0,17.305,451.149,-1.983,1.522,175.508,315.185,-1.858,1.673,0,0,0,0,231.415,308.886,307.5,-94.5,0.43,-0.814,0.03,-0.04,32,388.523,389.969,2.469,0.391,0,0,0,0,0,0,0,0,4652

Main.js:462 293.157,205.336,123,123,-0.015,0.003,0,0,40,1,0,0,0,0,0,0,15.321,452.671,-1.983,1.522,173.65,316.858,-1.858,1.673,0,0,0,0,231.853,308.074,307.5,-96,0.438,-0.811,0.03,-0.04,31,390.992,390.361,2.469,0.391,0,0,0,0,0,0,0,0,4670

Main.js:462 293.144,205.339,121.5,121.5,-0.014,0.003,0,0,39,1,0,0,0,0,0,0,13.338,454.193,-1.983,1.522,171.792,318.531,-1.858,1.673,0,0,0,0,232.298,307.266,307.5,-97.5,0.445,-0.808,0.03,-0.04,30,393.461,390.752,2.469,0.391,0,0,0,0,0,0,0,0,4685

Main.js:462 293.131,205.342,120,120,-0.013,0.003,0,0,38,1,0,0,0,0,0,0,11.355,455.715,-1.983,1.522,169.934,320.204,-1.858,1.673,0,0,0,0,232.749,306.46,307.5,-99,0.451,-0.806,0.03,-0.04,29,395.931,391.143,2.469,0.391,0,0,0,0,0,0,0,0,4702

Main.js:462 293.118,205.345,120,120,-0.012,0.003,0,0,37,0,0,0,0,0,0,0,9.371,457.236,-1.983,1.522,168.076,321.877,-1.858,1.673,0,0,0,0,233.207,305.657,307.5,-100.5,0.458,-0.803,0.03,-0.04,28,398.4,391.534,2.469,0.391,0,0,0,0,0,0,0,0,4719

Main.js:462 293.106,205.347,120,120,-0.012,0.003,0,0,36,0,0,0,0,1,0,0,7.388,458.758,-1.983,1.522,166.219,323.549,-1.858,1.673,0,0,0,0,233.671,304.857,307.5,-102,0.464,-0.801,0.03,-0.04,27,400.869,391.925,2.469,0.391,0,0,0,0,0,0,0,0,4736

Main.js:462 293.095,205.35,120,120,-0.011,0.002,0,0,35,0,0,0,0,1,0,0,5.405,460.28,-1.983,1.522,164.361,325.222,-1.858,1.673,0,0,0,0,234.14,304.059,307.5,-103.5,0.47,-0.798,0.03,-0.04,26,403.338,392.316,2.469,0.391,0,0,0,0,0,0,0,0,4753

Main.js:462 293.084,205.352,120,120,-0.011,0.002,0,0,34,0,0,0,0,1,0,0,3.421,461.802,-1.983,1.522,162.503,326.895,-1.858,1.673,0,0,0,0,234.615,303.263,307.5,-105,0.475,-0.796,0.03,-0.04,25,405.808,392.707,2.469,0.391,0,0,0,0,0,0,0,0,4769

Main.js:462 293.074,205.354,120,120,-0.01,0.002,0,0,33,0,0,0,0,1,0,0,1.438,463.324,-1.983,1.522,160.645,328.568,-1.858,1.673,0,0,0,0,235.096,302.469,307.5,-106.5,0.48,-0.794,0.03,-0.04,24,408.277,393.098,2.469,0.391,0,0,0,0,0,0,0,0,4787

Main.js:462 293.065,205.356,120,120,-0.01,0.002,0,0,32,0,0,0,0,1,0,0,158.787,330.241,-1.858,1.673,0,0,0,0,0,0,0,0,235.581,301.677,307.5,-108,0.485,-0.792,0.03,-0.04,23,408.277,393.098,2.469,0.391,0,0,0,0,0,0,0,0,4803

Main.js:462 293.055,205.358,120,120,-0.009,0.002,0,0,31,0,0,0,0,1,0,0,156.929,331.914,-1.858,1.673,0,0,0,0,0,0,0,0,236.07,300.887,307.5,-109.5,0.49,-0.79,0.03,-0.04,22,410.746,393.489,2.469,0.391,0,0,0,0,0,0,0,0,4819

Main.js:462 293.047,205.36,120,120,-0.009,0.002,0,0,30,0,0,0,0,1,0,0,155.071,333.586,-1.858,1.673,0,0,0,0,0,0,0,0,236.565,300.099,307.5,-111,0.494,-0.788,0.03,-0.04,21,413.215,393.88,2.469,0.391,0,0,0,0,0,0,0,0,4835

Main.js:462 293.038,205.362,120,120,-0.008,0.002,0,0,29,0,0,0,0,0,0,0,153.214,335.259,-1.858,1.673,0,0,0,0,0,0,0,0,237.063,299.312,307.5,-112.5,0.498,-0.786,0.03,-0.04,20,415.684,394.271,2.469,0.391,0,0,0,0,0,0,0,0,4853

Main.js:462 293.031,205.364,120,120,-0.008,0.002,0,0,28,0,0,0,0,0,0,0,151.356,336.932,-1.858,1.673,0,0,0,0,0,0,0,0,237.565,298.528,307.5,-114,0.502,-0.785,0.03,-0.04,19,418.154,394.662,2.469,0.391,0,0,0,0,0,0,0,0,4869

Main.js:462 293.023,205.365,118.5,118.5,-0.007,0.002,0,0,27,1,0,0,0,0,0,0,149.498,338.605,-1.858,1.673,0,0,0,0,0,0,0,0,238.071,297.744,307.5,-115.5,0.506,-0.783,0.03,-0.04,18,420.623,395.054,2.469,0.391,0,0,0,0,0,0,0,0,4886

Main.js:462 293.016,205.367,117,117,-0.007,0.002,0,0,26,1,0,0,0,0,0,0,147.64,340.278,-1.858,1.673,0,0,0,0,0,0,0,0,238.581,296.963,307.5,-117,0.51,-0.782,0.03,-0.04,17,423.092,395.445,2.469,0.391,0,0,0,0,0,0,0,0,4902

Main.js:462 293.009,205.368,115.5,115.5,-0.007,0.001,0,0,25,1,0,0,0,0,0,0,145.782,341.951,-1.858,1.673,0,0,0,0,0,0,0,0,239.094,296.182,307.5,-118.5,0.513,-0.78,0.03,-0.04,16,425.561,395.836,2.469,0.391,0,0,0,0,0,0,0,0,4919

Main.js:462 293.003,205.369,114,114,-0.006,0.001,0,0,24,1,0,0,0,0,0,0,143.924,343.623,-1.858,1.673,0,0,0,0,0,0,0,0,239.611,295.403,307.5,-120,0.516,-0.779,0.03,-0.04,15,428.031,396.227,2.469,0.391,0,0,0,0,0,0,0,0,4935

Main.js:462 292.997,205.371,114,114,-0.006,0.001,0,0,23,0,0,0,0,1,0,0,142.066,345.296,-1.858,1.673,0,0,0,0,0,0,0,0,240.13,294.626,307.5,-121.5,0.52,-0.778,0.03,-0.04,14,430.5,396.618,2.469,0.391,0,0,0,0,0,0,0,0,4952

Main.js:462 292.991,205.372,114,114,-0.006,0.001,0,0,22,0,0,0,0,1,0,0,140.209,346.969,-1.858,1.673,0,0,0,0,0,0,0,0,240.653,293.849,307.5,-123,0.522,-0.777,0.03,-0.04,13,432.969,397.009,2.469,0.391,0,0,0,0,0,0,0,0,4969

Main.js:462 292.986,205.373,114,114,-0.005,0.001,0,0,21,0,0,0,0,1,0,0,138.351,348.642,-1.858,1.673,0,0,0,0,0,0,0,0,241.178,293.074,307.5,-124.5,0.525,-0.775,0.03,-0.04,12,435.438,397.4,2.469,0.391,0,0,0,0,0,0,0,0,4985

Main.js:462 292.98,205.374,114,114,-0.005,0.001,0,0,20,0,0,0,0,1,0,0,136.493,350.315,-1.858,1.673,0,0,0,0,0,0,0,0,241.706,292.299,307.5,-126,0.528,-0.774,0.03,-0.04,11,437.907,397.791,2.469,0.391,0,0,0,0,0,0,0,0,5001

Main.js:462 292.975,205.375,114,114,-0.005,0.001,0,0,19,0,0,0,0,1,0,0,134.635,351.987,-1.858,1.673,0,0,0,0,0,0,0,0,242.236,291.525,306,-129,0.529,-0.774,0.029,-0.04,10,440.377,398.182,2.469,0.391,0,0,0,0,0,0,0,0,5019

Main.js:462 292.971,205.376,114,114,-0.005,0.001,0,0,18,0,0,0,0,0,0,0,132.777,353.66,-1.858,1.673,0,0,0,0,0,0,0,0,242.765,290.751,304.5,-132,0.53,-0.774,0.028,-0.041,9,442.846,398.573,2.469,0.391,0,0,0,0,0,0,0,0,5035

Main.js:462 292.966,205.377,114,114,-0.004,0.001,0,0,17,0,0,0,0,0,0,0,130.919,355.333,-1.858,1.673,0,0,0,0,0,0,0,0,243.295,289.975,303,-135,0.529,-0.776,0.027,-0.042,8,445.315,398.964,2.469,0.391,0,0,0,0,0,0,0,0,5052

Main.js:462 292.962,205.378,114,114,-0.004,0.001,0,0,16,0,0,0,0,0,0,0,129.061,357.006,-1.858,1.673,0,0,0,0,0,0,0,0,243.822,289.198,301.5,-138,0.528,-0.777,0.026,-0.043,7,447.784,399.355,2.469,0.391,0,0,0,0,0,0,0,0,5070

Main.js:462 292.958,205.379,114,114,-0.004,0.001,0,0,15,0,0,0,0,0,0,0,127.203,358.679,-1.858,1.673,0,0,0,0,0,0,0,0,244.347,288.418,300,-141,0.525,-0.78,0.025,-0.043,6,450.254,399.747,2.469,0.391,0,0,0,0,0,0,0,0,5085

Main.js:462 292.954,205.38,114,114,-0.004,0.001,0,0,14,0,0,0,0,0,0,0,125.346,360.352,-1.858,1.673,0,0,0,0,0,0,0,0,244.869,287.636,298.5,-144,0.521,-0.782,0.024,-0.044,5,452.723,400.138,2.469,0.391,0,0,0,0,0,0,0,0,5102

Main.js:462 292.951,205.381,114,114,-0.004,0.001,0,0,13,0,0,0,0,0,0,0,123.488,362.024,-1.858,1.673,0,0,0,0,0,0,0,0,245.386,286.85,297,-147,0.517,-0.786,0.023,-0.045,4,455.192,400.529,2.469,0.391,0,0,0,0,0,0,0,0,5118

Main.js:462 292.947,205.381,114,114,-0.003,0.001,0,0,12,0,0,0,0,1,0,0,121.63,363.697,-1.858,1.673,0,0,0,0,0,0,0,0,245.897,286.061,295.5,-150,0.512,-0.789,0.022,-0.045,3,457.661,400.92,2.469,0.391,0,0,0,0,0,0,0,0,5135

Main.js:462 292.944,205.382,114,114,-0.003,0.001,0,0,11,0,0,0,0,1,0,0,119.772,365.37,-1.858,1.673,0,0,0,0,0,0,0,0,246.402,285.268,294,-153,0.505,-0.793,0.02,-0.046,2,460.13,401.311,2.469,0.391,0,0,0,0,0,0,0,0,5152

Main.js:462 292.941,205.383,114,114,-0.003,0.001,0,0,10,0,0,0,0,1,0,0,117.914,367.043,-1.858,1.673,0,0,0,0,0,0,0,0,246.901,284.471,292.5,-156,0.498,-0.797,0.019,-0.046,1,462.6,401.702,2.469,0.391,0,0,0,0,0,0,0,0,5169

Main.js:462 292.938,205.383,114,114,-0.003,0.001,0,0,9,0,0,0,0,1,0,0,116.056,368.716,-1.858,1.673,0,0,0,0,0,0,0,0,247.391,283.669,291,-159,0.49,-0.802,0.018,-0.047,0,465.069,402.093,2.469,0.391,0,0,0,0,0,0,0,0,5187

Main.js:462 292.935,205.384,114,114,-0.003,0.001,0,0,8,0,0,0,0,1,0,0,114.198,370.389,-1.858,1.673,0,0,0,0,0,0,0,0,247.872,282.863,289.5,-162,0.482,-0.806,0.017,-0.047,99,467.538,402.484,2.469,0.391,0,0,0,0,0,0,0,0,5202

Main.js:462 292.932,205.385,114,114,-0.003,0.001,0,0,7,0,0,0,0,1,0,0,112.341,372.061,-1.858,1.673,0,0,0,0,0,0,0,0,248.345,282.051,288,-165,0.472,-0.811,0.015,-0.048,98,470.007,402.875,2.469,0.391,225.041,276.407,-2.378,-0.773,0,0,0,0,5218

Main.js:462 292.93,205.385,114,114,-0.003,0.001,0,0,6,0,0,0,0,0,0,0,110.483,373.734,-1.858,1.673,0,0,0,0,0,0,0,0,248.807,281.235,286.5,-168,0.462,-0.816,0.014,-0.048,97,472.477,403.266,2.469,0.391,222.663,275.635,-2.378,-0.773,0,0,0,0,5236

Main.js:462 292.927,205.386,114,114,-0.002,0.001,0,0,5,0,0,0,0,0,0,0,108.625,375.407,-1.858,1.673,0,0,0,0,0,0,0,0,249.258,280.414,285,-171,0.451,-0.821,0.013,-0.048,96,474.946,403.657,2.469,0.391,220.286,274.862,-2.378,-0.773,0,0,0,0,5253

Main.js:462 292.925,205.386,114,114,-0.002,0,0,0,4,0,0,0,0,0,0,0,106.767,377.08,-1.858,1.673,0,0,0,0,0,0,0,0,249.698,279.587,283.5,-174,0.44,-0.826,0.012,-0.049,95,477.415,404.049,2.469,0.391,217.908,274.09,-2.378,-0.773,0,0,0,0,5268

Main.js:462 292.923,205.387,114,114,-0.002,0,0,0,3,0,0,0,0,0,0,0,104.909,378.753,-1.858,1.673,0,0,0,0,0,0,0,0,250.126,278.756,282,-177,0.428,-0.832,0.01,-0.049,94,479.884,404.44,2.469,0.391,215.53,273.317,-2.378,-0.773,0,0,0,0,5285

Main.js:462 292.921,205.387,114,114,-0.002,0,0,0,2,0,0,0,0,0,0,0,103.051,380.426,-1.858,1.673,0,0,0,0,0,0,0,0,250.541,277.919,280.5,-180,0.415,-0.837,0.009,-0.049,93,482.353,404.831,2.469,0.391,213.153,272.545,-2.378,-0.773,0,0,0,0,5325

Main.js:462 292.919,205.388,114,114,-0.002,0,0,0,1,0,0,0,0,1,0,0,101.193,382.098,-1.858,1.673,0,0,0,0,0,0,0,0,250.942,277.077,279,-183,0.402,-0.842,0.008,-0.049,92,484.823,405.222,2.469,0.391,210.775,271.772,-2.378,-0.773,0,0,0,0,5351

Main.js:462 292.917,205.388,114,114,-0.002,0,0,0,0,0,0,0,0,1,0,0,99.336,383.771,-1.858,1.673,0,0,0,0,0,0,0,0,251.33,276.23,277.5,-186,0.388,-0.847,0.007,-0.05,91,487.292,405.613,2.469,0.391,208.398,270.999,-2.378,-0.773,0,0,0,0,5369

Main.js:462 292.915,205.388,114,114,-0.002,0,0,0,0,0,0,0,0,0,0,0,97.478,385.444,-1.858,1.673,0,0,0,0,0,0,0,0,251.703,275.378,276,-189,0.373,-0.852,0.005,-0.05,90,489.761,406.004,2.469,0.391,206.02,270.227,-2.378,-0.773,0,0,0,0,5385

Main.js:462 292.914,205.389,114,114,-0.002,0,0,0,0,0,0,0,0,0,0,0,95.62,387.117,-1.858,1.673,0,0,0,0,0,0,0,0,252.062,274.522,274.5,-192,0.358,-0.856,0.004,-0.05,89,492.23,406.395,2.469,0.391,203.642,269.454,-2.378,-0.773,0,0,0,0,5401

Main.js:462 292.912,205.389,114,114,-0.002,0,0,0,0,0,0,0,0,0,0,0,93.762,388.79,-1.858,1.673,0,0,0,0,0,0,0,0,252.405,273.661,273,-195,0.343,-0.861,0.003,-0.05,88,494.7,406.786,2.469,0.391,201.265,268.682,-2.378,-0.773,0,0,0,0,5418

Main.js:462 292.91,205.389,114,114,-0.002,0,0,0,0,0,0,0,0,0,0,0,91.904,390.462,-1.858,1.673,0,0,0,0,0,0,0,0,252.732,272.795,271.5,-198,0.327,-0.866,0.001,-0.05,87,497.169,407.177,2.469,0.391,198.887,267.909,-2.378,-0.773,0,0,0,0,5436

Main.js:462 292.909,205.39,114,114,-0.001,0,0,0,0,0,0,0,0,0,0,0,90.046,392.135,-1.858,1.673,0,0,0,0,0,0,0,0,253.042,271.926,270,-201,0.311,-0.87,0,-0.05,86,499.638,407.568,2.469,0.391,196.509,267.137,-2.378,-0.773,0,0,0,0,5452

Main.js:462 292.908,205.39,114,114,-0.001,0,0,0,0,0,0,0,0,0,0,0,90.046,392.135,-1.858,1.673,0,0,0,0,0,0,0,0,253.336,271.052,268.5,-204,0.294,-0.874,-0.001,-0.05,85,194.132,266.364,-2.378,-0.773,0,0,0,0,0,0,0,0,5469

Main.js:462 292.906,205.39,114,114,-0.001,0,0,0,99,0,0,0,0,1,0,0,88.188,393.808,-1.858,1.673,0,0,0,0,0,0,0,0,253.613,270.174,267,-207,0.277,-0.878,-0.003,-0.05,84,191.754,265.592,-2.378,-0.773,0,0,0,0,0,0,0,0,5486

Main.js:462 292.905,205.39,114,114,-0.001,0,0,0,98,0,0,0,0,1,0,0,86.331,395.481,-1.858,1.673,283.349,226.858,-1.017,2.284,0,0,0,0,253.872,269.293,265.5,-210,0.259,-0.881,-0.004,-0.05,83,189.376,264.819,-2.378,-0.773,0,0,0,0,0,0,0,0,5503

Main.js:462 292.904,205.391,114,114,-0.001,0,0,0,97,0,0,0,0,1,0,0,84.473,397.154,-1.858,1.673,282.332,229.142,-1.017,2.284,0,0,0,0,254.114,268.409,264,-213,0.241,-0.884,-0.005,-0.05,82,186.999,264.047,-2.378,-0.773,0,0,0,0,0,0,0,0,5519

Main.js:462 292.903,205.391,114,114,-0.001,0,0,0,96,0,0,0,0,1,0,0,82.615,398.827,-1.858,1.673,281.316,231.426,-1.017,2.284,0,0,0,0,254.337,267.522,262.5,-216,0.223,-0.887,-0.007,-0.05,81,184.621,263.274,-2.378,-0.773,0,0,0,0,0,0,0,0,5535

Main.js:462 292.902,205.391,114,114,-0.001,0,0,0,95,0,0,0,0,1,0,0,80.757,400.499,-1.858,1.673,280.299,233.71,-1.017,2.284,0,0,0,0,254.541,266.632,261,-219,0.204,-0.89,-0.008,-0.049,80,182.243,262.502,-2.378,-0.773,0,0,0,0,0,0,0,0,5554

Main.js:462 292.901,205.391,114,114,-0.001,0,0,0,94,0,0,0,0,1,0,0,78.899,402.172,-1.858,1.673,279.282,235.994,-1.017,2.284,0,0,0,0,254.727,265.741,259.5,-222,0.186,-0.892,-0.009,-0.049,79,179.866,261.729,-2.378,-0.773,0,0,0,0,0,0,0,0,5568

Main.js:462 292.9,205.392,114,114,-0.001,0,0,0,93,0,0,0,0,0,0,0,77.041,403.845,-1.858,1.673,278.265,238.278,-1.017,2.284,0,0,0,0,254.893,264.847,258,-225,0.166,-0.894,-0.01,-0.049,78,177.488,260.956,-2.378,-0.773,0,0,0,0,0,0,0,0,5587

Main.js:462 292.899,205.392,114,114,-0.001,0,0,0,92,0,0,0,0,0,0,0,75.183,405.518,-1.858,1.673,277.248,240.561,-1.017,2.284,0,0,0,0,255.04,263.952,256.5,-228,0.147,-0.895,-0.012,-0.049,77,175.111,260.184,-2.378,-0.773,0,0,0,0,0,0,0,0,5603

Main.js:462 292.898,205.392,114,114,-0.001,0,0,0,91,0,0,0,0,0,0,0,73.325,407.191,-1.858,1.673,276.231,242.845,-1.017,2.284,0,0,0,0,255.167,263.055,255,-231,0.127,-0.896,-0.013,-0.048,76,172.733,259.411,-2.378,-0.773,0,0,0,0,0,0,0,0,5620

Main.js:462 292.897,205.392,114,114,-0.001,0,0,0,90,0,0,0,0,0,0,0,71.468,408.864,-1.858,1.673,275.215,245.129,-1.017,2.284,0,0,0,0,255.275,262.158,253.5,-234,0.107,-0.897,-0.014,-0.048,75,170.355,258.639,-2.378,-0.773,0,0,0,0,0,0,0,0,5635

Main.js:462 292.896,205.392,114,114,-0.001,0,0,0,89,0,0,0,0,0,0,0,69.61,410.536,-1.858,1.673,274.198,247.413,-1.017,2.284,0,0,0,0,255.362,261.261,252,-237,0.087,-0.897,-0.015,-0.048,74,167.978,257.866,-2.378,-0.773,0,0,0,0,0,0,0,0,5651

Main.js:462 292.896,205.392,114,114,-0.001,0,0,0,88,0,0,0,0,1,0,0,67.752,412.209,-1.858,1.673,273.181,249.697,-1.017,2.284,0,0,0,0,255.429,260.364,250.5,-240,0.067,-0.897,-0.017,-0.047,73,165.6,257.094,-2.378,-0.773,0,0,0,0,0,0,0,0,5669

Main.js:462 292.895,205.393,114,114,-0.001,0,0,0,87,0,0,0,0,1,0,0,65.894,413.882,-1.858,1.673,272.164,251.981,-1.017,2.284,0,0,0,0,255.476,259.467,249,-243,0.047,-0.897,-0.018,-0.047,72,163.222,256.321,-2.378,-0.773,0,0,0,0,0,0,0,0,5685

Main.js:462 292.894,205.393,114,114,-0.001,0,0,0,86,0,0,0,0,1,0,0,64.036,415.555,-1.858,1.673,271.147,254.265,-1.017,2.284,0,0,0,0,255.502,258.571,247.5,-246,0.026,-0.896,-0.019,-0.046,71,160.845,255.549,-2.378,-0.773,0,0,0,0,0,0,0,0,5701

Main.js:462 292.894,205.393,114,114,-0.001,0,0,0,85,0,0,0,0,1,0,0,64.036,415.555,-1.858,1.673,271.147,254.265,-1.017,2.284,0,0,0,0,255.508,257.677,246,-249,0.006,-0.894,-0.02,-0.046,70,158.467,254.776,-2.378,-0.773,0,0,0,0,0,0,0,0,5718

