Main.js:143 myTank.x,myTank.y,myTank.rotation,myTank.cannonRotation,myTank.velocityX,myTank.velocityY,myTank.accelerationX,myTank.accelerationY,myTank.shootCooldown,myTank.controls.turnLeft,myTank.controls.turnRight,myTank.controls.goForward,myTank.controls.goBack,myTank.controls.shoot,myTank.controls.cannonLeft,myTank.controls.cannonRight,myBullet1.x,myBullet1.y,myBullet1.velocityX,myBullet1.velocityY,myBullet2.x,myBullet2.y,myBullet2.velocityX,myBullet2.velocityY,myBullet3.x,myBullet3.y,myBullet3.velocityX,myBullet3.velocityY,enemyTank.x,enemyTank.y,enemyTank.rotation,enemyTank.cannonRotation,enemyTank.velocityX,enemyTank.velocityY,enemyTank.accelerationX,enemyTank.accelerationY,enemyTank.shootCooldown,enemyBullet1.x,enemyBullet1.y,enemyBullet1.velocityX,enemyBullet1.velocityY,enemyBullet2.x,enemyBullet2.y,enemyBullet2.velocityX,enemyBullet2.velocityY,enemyBullet3.x,enemyBullet3.y,enemyBullet3.velocityX,enemyBullet3.velocityY,currentGameTime
Main.js:462 450,58,180,180,0,0,0,0,0,0,0,0,0,0,0,0,0,0,0,0,0,0,0,0,0,0,0,0,50,442,0,0,0,0,0,0,0,0,0,0,0,0,0,0,0,0,0,0,0,6

Main.js:462 450,58,180,180,0,0,0,0,0,0,0,0,0,0,0,0,0,0,0,0,0,0,0,0,0,0,0,0,50,442,0,0,0,0,0,0,0,0,0,0,0,0,0,0,0,0,0,0,0,35

Main.js:462 450,58,180,180,0,0,0,0,0,0,0,0,0,0,0,0,0,0,0,0,0,0,0,0,0,0,0,0,50.047,442.001,1.5,0,0.047,0.001,0.05,0.001,99,0,0,0,0,0,0,0,0,0,0,0,0,51

Main.js:462 450,58,180,180,0,0,0,0,0,0,0,0,0,0,0,0,0,0,0,0,0,0,0,0,0,0,0,0,50.14,442.005,3,0,0.093,0.004,0.05,0.003,98,73.5,442,2.5,0,0,0,0,0,0,0,0,0,67

Main.js:462 450,58,180,180,0,0,0,0,0,0,0,0,0,0,0,0,0,0,0,0,0,0,0,0,0,0,0,0,50.275,442.012,4.5,0,0.135,0.007,0.05,0.004,97,76,442,2.5,0,0,0,0,0,0,0,0,0,84

Main.js:462 450,58,180,180,0,0,0,0,0,0,0,0,0,0,0,0,0,0,0,0,0,0,0,0,0,0,0,0,50.451,442.024,6,0,0.176,0.012,0.05,0.005,96,78.5,442,2.5,0,0,0,0,0,0,0,0,0,101

Main.js:462 450,58,180,180,0,0,0,0,0,0,0,0,0,0,0,0,0,0,0,0,0,0,0,0,0,0,0,0,50.665,442.041,7.5,0,0.214,0.017,0.05,0.007,95,81,442,2.5,0,0,0,0,0,0,0,0,0,117

Main.js:462 450,58,180,180,0,0,0,0,0,0,0,0,0,0,0,0,0,0,0,0,0,0,0,0,0,0,0,0,50.915,442.065,9,0,0.25,0.024,0.049,0.008,94,83.5,442,2.5,0,0,0,0,0,0,0,0,0,135

Main.js:462 450,58,180,180,0,0,0,0,0,0,0,0,0,0,0,0,0,0,0,0,0,0,0,0,0,0,0,0,51.2,442.097,10.5,0,0.284,0.031,0.049,0.009,93,86,442,2.5,0,0,0,0,0,0,0,0,0,152

Main.js:462 450,58,180,180,0,0,0,0,0,0,0,0,0,0,0,0,0,0,0,0,0,0,0,0,0,0,0,0,51.517,442.137,12,0,0.317,0.04,0.049,0.01,92,88.5,442,2.5,0,0,0,0,0,0,0,0,0,167

Main.js:462 450,58,180,180,0,0,0,0,0,0,0,0,0,0,0,0,0,0,0,0,0,0,0,0,0,0,0,0,51.864,442.185,13.5,0,0.347,0.049,0.049,0.012,91,91,442,2.5,0,0,0,0,0,0,0,0,0,186

Main.js:462 450,58,180,180,0,0,0,0,0,0,0,0,0,0,0,0,0,0,0,0,0,0,0,0,0,0,0,0,52.239,442.244,15,0,0.376,0.059,0.048,0.013,90,93.5,442,2.5,0,0,0,0,0,0,0,0,0,202

Main.js:462 449.953,58,180,180,-0.047,0,-0.05,0,0,0,0,1,0,0,0,0,0,0,0,0,0,0,0,0,0,0,0,0,52.641,442.313,16.5,0,0.402,0.069,0.048,0.014,89,96,442,2.5,0,0,0,0,0,0,0,0,0,218

Main.js:462 449.86,58,180,180,-0.093,0,-0.05,0,0,0,0,1,0,0,0,0,0,0,0,0,0,0,0,0,0,0,0,0,53.069,442.394,18,0,0.427,0.08,0.048,0.015,88,98.5,442,2.5,0,0,0,0,0,0,0,0,0,235

Main.js:462 449.724,58,180,180,-0.135,0,-0.05,0,0,0,0,1,0,0,0,0,0,0,0,0,0,0,0,0,0,0,0,0,53.52,442.486,19.5,0,0.451,0.092,0.047,0.017,87,101,442,2.5,0,0,0,0,0,0,0,0,0,252

Main.js:462 449.548,58,180,180,-0.176,0,-0.05,0,0,0,0,1,0,0,0,0,0,0,0,0,0,0,0,0,0,0,0,0,53.992,442.591,21,0,0.473,0.105,0.047,0.018,86,103.5,442,2.5,0,0,0,0,0,0,0,0,0,269

Main.js:462 449.333,58,180,180,-0.215,0,-0.05,0,0,0,0,1,0,0,0,0,0,0,0,0,0,0,0,0,0,0,0,0,54.485,442.708,22.5,0,0.493,0.118,0.046,0.019,85,106,442,2.5,0,0,0,0,0,0,0,0,0,284

Main.js:462 449.082,58,180,180,-0.252,0,-0.05,0,0,0,0,1,0,0,0,0,0,0,0,0,0,0,0,0,0,0,0,0,54.997,442.84,24,0,0.512,0.131,0.046,0.02,84,108.5,442,2.5,0,0,0,0,0,0,0,0,0,301

Main.js:462 448.795,58,180,180,-0.287,0,-0.05,0,0,0,0,1,0,0,0,0,0,0,0,0,0,0,0,0,0,0,0,0,55.526,442.985,25.5,0,0.529,0.145,0.045,0.022,83,111,442,2.5,0,0,0,0,0,0,0,0,0,317

Main.js:462 448.475,58,180,180,-0.32,0,-0.05,0,0,0,0,1,0,0,0,0,0,0,0,0,0,0,0,0,0,0,0,0,56.07,443.144,27,0,0.545,0.159,0.045,0.023,82,113.5,442,2.5,0,0,0,0,0,0,0,0,0,334

Main.js:462 448.124,58,180,180,-0.351,0,-0.05,0,0,0,0,1,0,0,0,0,0,0,0,0,0,0,0,0,0,0,0,0,56.63,443.318,28.5,0,0.559,0.174,0.044,0.024,81,116,442,2.5,0,0,0,0,0,0,0,0,0,352

Main.js:462 447.743,58,180,180,-0.381,0,-0.05,0,0,0,0,1,0,0,0,0,0,0,0,0,0,0,0,0,0,0,0,0,57.202,443.507,30,0,0.572,0.189,0.043,0.025,80,118.5,442,2.5,0,0,0,0,0,0,0,0,0,369

Main.js:462 447.333,58,180,180,-0.41,0,-0.05,0,0,0,0,1,0,0,0,0,0,0,0,0,0,0,0,0,0,0,0,0,57.787,443.711,31.5,0,0.584,0.204,0.043,0.026,79,121,442,2.5,0,0,0,0,0,0,0,0,0,385

Main.js:462 446.897,58,180,180,-0.437,0,-0.05,0,0,0,0,1,0,0,0,0,0,0,0,0,0,0,0,0,0,0,0,0,58.382,443.931,33,0,0.595,0.22,0.042,0.027,78,123.5,442,2.5,0,0,0,0,0,0,0,0,0,402

Main.js:462 446.434,58.001,178.5,178.5,-0.462,0.001,-0.05,0.001,0,1,0,1,0,0,0,0,0,0,0,0,0,0,0,0,0,0,0,0,58.986,444.167,34.5,0,0.604,0.236,0.041,0.028,77,126,442,2.5,0,0,0,0,0,0,0,0,0,419

Main.js:462 445.948,58.005,177,177,-0.487,0.004,-0.05,0.003,0,1,0,1,0,0,0,0,0,0,0,0,0,0,0,0,0,0,0,0,59.598,444.419,36,0,0.613,0.252,0.04,0.029,76,128.5,442,2.5,0,0,0,0,0,0,0,0,0,434

Main.js:462 445.438,58.012,175.5,175.5,-0.51,0.007,-0.05,0.004,0,1,0,1,0,0,0,0,0,0,0,0,0,0,0,0,0,0,0,0,60.218,444.688,37.5,0,0.62,0.268,0.04,0.03,75,131,442,2.5,0,0,0,0,0,0,0,0,0,451

Main.js:462 444.907,58.024,174,174,-0.531,0.012,-0.05,0.005,0,1,0,1,0,0,0,0,0,0,0,0,0,0,0,0,0,0,0,0,60.844,444.973,39,0,0.626,0.285,0.039,0.031,74,133.5,442,2.5,0,0,0,0,0,0,0,0,0,467

Main.js:462 444.355,58.041,172.5,172.5,-0.552,0.017,-0.05,0.007,0,1,0,1,0,0,0,0,0,0,0,0,0,0,0,0,0,0,0,0,61.474,445.274,40.5,0,0.63,0.301,0.038,0.032,73,136,442,2.5,0,0,0,0,0,0,0,0,0,485

Main.js:462 443.783,58.065,171,171,-0.571,0.024,-0.049,0.008,0,1,0,1,0,0,0,0,0,0,0,0,0,0,0,0,0,0,0,0,62.108,445.592,42,0,0.634,0.318,0.037,0.033,72,138.5,442,2.5,0,0,0,0,0,0,0,0,0,501

Main.js:462 443.194,58.097,169.5,169.5,-0.589,0.031,-0.049,0.009,0,1,0,1,0,0,0,0,0,0,0,0,0,0,0,0,0,0,0,0,62.746,445.926,42,358.5,0.638,0.334,0.037,0.033,71,141,442,2.5,0,0,0,0,0,0,0,0,0,519

Main.js:462 442.588,58.137,168,168,-0.606,0.04,-0.049,0.01,0,1,0,1,0,0,0,0,0,0,0,0,0,0,0,0,0,0,0,0,63.387,446.276,42,357,0.641,0.349,0.037,0.033,70,143.5,442,2.5,0,0,0,0,0,0,0,0,0,535

Main.js:462 441.965,58.185,166.5,166.5,-0.622,0.049,-0.049,0.012,0,1,0,1,0,0,0,0,0,0,0,0,0,0,0,0,0,0,0,0,64.032,446.639,42,355.5,0.644,0.363,0.037,0.033,69,146,442,2.5,0,0,0,0,0,0,0,0,0,552

Main.js:462 441.328,58.244,165,165,-0.637,0.059,-0.048,0.013,0,1,0,1,0,0,0,0,0,0,0,0,0,0,0,0,0,0,0,0,64.679,447.016,42,354,0.647,0.377,0.037,0.033,68,148.5,442,2.5,0,0,0,0,0,0,0,0,0,568

Main.js:462 440.678,58.313,163.5,163.5,-0.651,0.069,-0.048,0.014,0,1,0,1,0,0,0,0,0,0,0,0,0,0,0,0,0,0,0,0,65.329,447.406,42,352.5,0.65,0.39,0.037,0.033,67,151,442,2.5,0,0,0,0,0,0,0,0,0,584

Main.js:462 440.014,58.394,162,162,-0.663,0.08,-0.048,0.015,0,1,0,1,0,0,0,0,0,0,0,0,0,0,0,0,0,0,0,0,65.983,447.808,42,351,0.653,0.402,0.037,0.033,66,153.5,442,2.5,0,0,0,0,0,0,0,0,0,601

Main.js:462 439.339,58.486,160.5,160.5,-0.675,0.092,-0.047,0.017,0,1,0,1,0,0,0,0,0,0,0,0,0,0,0,0,0,0,0,0,66.639,448.222,42,349.5,0.656,0.414,0.037,0.033,65,156,442,2.5,0,0,0,0,0,0,0,0,0,618

Main.js:462 438.654,58.591,159,159,-0.686,0.105,-0.047,0.018,0,1,0,1,0,0,0,0,0,0,0,0,0,0,0,0,0,0,0,0,67.297,448.647,42,348,0.658,0.425,0.037,0.033,64,158.5,442,2.5,0,0,0,0,0,0,0,0,0,635

Main.js:462 437.959,58.708,157.5,157.5,-0.695,0.118,-0.046,0.019,0,1,0,1,0,0,0,0,0,0,0,0,0,0,0,0,0,0,0,0,67.958,449.083,42,346.5,0.661,0.436,0.037,0.033,63,161,442,2.5,0,0,0,0,0,0,0,0,0,651

Main.js:462 437.255,58.84,156,156,-0.704,0.131,-0.046,0.02,0,1,0,1,0,0,0,0,0,0,0,0,0,0,0,0,0,0,0,0,68.621,449.529,42,345,0.663,0.446,0.037,0.033,62,163.5,442,2.5,0,0,0,0,0,0,0,0,0,669

Main.js:462 436.543,58.985,154.5,154.5,-0.711,0.145,-0.045,0.022,0,1,0,1,0,0,0,0,0,0,0,0,0,0,0,0,0,0,0,0,69.286,449.984,42,343.5,0.665,0.455,0.037,0.033,61,166,442,2.5,0,0,0,0,0,0,0,0,0,684

Main.js:462 435.825,59.144,153,153,-0.718,0.159,-0.045,0.023,0,1,0,1,0,0,0,0,0,0,0,0,0,0,0,0,0,0,0,0,69.953,450.448,42,342,0.667,0.464,0.037,0.033,60,168.5,442,2.5,0,0,0,0,0,0,0,0,0,701

Main.js:462 435.101,59.318,151.5,151.5,-0.724,0.174,-0.044,0.024,0,1,0,1,0,0,0,0,0,0,0,0,0,0,0,0,0,0,0,0,70.622,450.92,42,340.5,0.669,0.473,0.037,0.033,59,171,442,2.5,0,0,0,0,0,0,0,0,0,718

Main.js:462 434.372,59.507,150,150,-0.729,0.189,-0.043,0.025,0,1,0,1,0,0,0,0,0,0,0,0,0,0,0,0,0,0,0,0,71.293,451.401,42,339,0.671,0.481,0.037,0.033,58,173.5,442,2.5,0,0,0,0,0,0,0,0,0,735

Main.js:462 433.639,59.711,148.5,148.5,-0.733,0.204,-0.043,0.026,0,1,0,1,0,0,0,0,0,0,0,0,0,0,0,0,0,0,0,0,71.966,451.89,42,337.5,0.673,0.489,0.037,0.033,57,176,442,2.5,0,0,0,0,0,0,0,0,0,751

Main.js:462 432.903,59.931,147,147,-0.736,0.22,-0.042,0.027,0,1,0,1,0,0,0,0,0,0,0,0,0,0,0,0,0,0,0,0,72.64,452.386,42,336,0.674,0.496,0.037,0.033,56,178.5,442,2.5,0,0,0,0,0,0,0,0,0,768

Main.js:462 432.164,60.167,145.5,145.5,-0.739,0.236,-0.041,0.028,0,1,0,1,0,0,0,0,0,0,0,0,0,0,0,0,0,0,0,0,73.316,452.889,42,334.5,0.676,0.503,0.037,0.033,55,181,442,2.5,0,0,0,0,0,0,0,0,0,784

Main.js:462 431.424,60.419,144,144,-0.74,0.252,-0.04,0.029,0,1,0,1,0,0,0,0,0,0,0,0,0,0,0,0,0,0,0,0,73.994,453.398,42,333,0.677,0.51,0.037,0.033,54,183.5,442,2.5,0,0,0,0,0,0,0,0,0,802

Main.js:462 430.683,60.688,142.5,142.5,-0.741,0.268,-0.04,0.03,0,1,0,1,0,0,0,0,0,0,0,0,0,0,0,0,0,0,0,0,74.672,453.914,42,331.5,0.679,0.516,0.037,0.033,53,186,442,2.5,0,0,0,0,0,0,0,0,0,818

Main.js:462 429.943,60.973,141,141,-0.741,0.285,-0.039,0.031,0,1,0,1,0,0,0,0,0,0,0,0,0,0,0,0,0,0,0,0,75.353,454.436,42,330,0.68,0.522,0.037,0.033,52,188.5,442,2.5,0,0,0,0,0,0,0,0,0,837

Main.js:462 429.203,61.274,139.5,139.5,-0.74,0.301,-0.038,0.032,0,1,0,1,0,0,0,0,0,0,0,0,0,0,0,0,0,0,0,0,76.034,454.964,42,328.5,0.682,0.528,0.037,0.033,51,191,442,2.5,0,0,0,0,0,0,0,0,0,874

Main.js:462 428.464,61.591,139.5,139.5,-0.739,0.317,-0.038,0.032,0,0,0,1,0,0,0,0,0,0,0,0,0,0,0,0,0,0,0,0,76.717,455.497,42,327,0.683,0.533,0.037,0.033,50,193.5,442,2.5,0,0,0,0,0,0,0,0,0,901

Main.js:462 427.726,61.924,139.5,139.5,-0.738,0.332,-0.038,0.032,0,0,0,1,0,0,0,0,0,0,0,0,0,0,0,0,0,0,0,0,77.401,456.035,42,325.5,0.684,0.538,0.037,0.033,49,196,442,2.5,0,0,0,0,0,0,0,0,0,917

Main.js:462 426.989,62.27,139.5,139.5,-0.737,0.346,-0.038,0.032,0,0,0,1,0,0,0,0,0,0,0,0,0,0,0,0,0,0,0,0,78.086,456.578,42,324,0.685,0.543,0.037,0.033,48,198.5,442,2.5,0,0,0,0,0,0,0,0,0,934

Main.js:462 426.252,62.63,139.5,139.5,-0.736,0.36,-0.038,0.032,0,0,0,1,0,0,0,0,0,0,0,0,0,0,0,0,0,0,0,0,78.772,457.125,42,322.5,0.686,0.548,0.037,0.033,47,201,442,2.5,0,0,0,0,0,0,0,0,0,951

Main.js:462 425.517,63.003,139.5,139.5,-0.736,0.373,-0.038,0.032,0,0,0,1,0,0,0,0,0,0,0,0,0,0,0,0,0,0,0,0,79.459,457.677,42,321,0.687,0.552,0.037,0.033,46,203.5,442,2.5,0,0,0,0,0,0,0,0,0,969

Main.js:462 424.781,63.388,139.5,139.5,-0.735,0.385,-0.038,0.032,0,0,0,1,0,0,0,0,0,0,0,0,0,0,0,0,0,0,0,0,80.147,458.233,42,319.5,0.688,0.556,0.037,0.033,45,206,442,2.5,0,0,0,0,0,0,0,0,0,984

Main.js:462 424.047,63.785,139.5,139.5,-0.734,0.397,-0.038,0.032,0,0,0,1,0,0,0,0,0,0,0,0,0,0,0,0,0,0,0,0,80.836,458.794,42,318,0.689,0.56,0.037,0.033,44,208.5,442,2.5,0,0,0,0,0,0,0,0,0,1001

Main.js:462 423.313,64.192,139.5,139.5,-0.734,0.408,-0.038,0.032,0,0,0,1,0,0,0,0,0,0,0,0,0,0,0,0,0,0,0,0,81.527,459.357,40.5,315,0.691,0.563,0.038,0.032,43,211,442,2.5,0,0,0,0,0,0,0,0,0,1018

Main.js:462 422.58,64.61,139.5,139.5,-0.733,0.418,-0.038,0.032,0,0,0,1,0,0,0,0,0,0,0,0,0,0,0,0,0,0,0,0,82.219,459.921,39,312,0.693,0.565,0.039,0.031,42,213.5,442,2.5,0,0,0,0,0,0,0,0,0,1035

Main.js:462 421.847,65.039,139.5,139.5,-0.733,0.428,-0.038,0.032,0,0,0,1,0,0,0,0,0,0,0,0,0,0,0,0,0,0,0,0,82.916,460.487,37.5,309,0.696,0.565,0.04,0.03,41,216,442,2.5,0,0,0,0,0,0,0,0,0,1051

Main.js:462 421.115,65.476,139.5,139.5,-0.732,0.438,-0.038,0.032,0,0,0,1,0,0,0,0,0,0,0,0,0,0,0,0,0,0,0,0,83.615,461.052,36,306,0.7,0.565,0.04,0.029,40,218.5,442,2.5,0,0,0,0,0,0,0,0,0,1068

Main.js:462 420.383,65.923,139.5,139.5,-0.732,0.446,-0.038,0.032,0,0,0,1,0,0,0,0,0,0,0,0,0,0,0,0,0,0,0,0,84.319,461.616,34.5,303,0.704,0.564,0.041,0.028,39,221,442,2.5,0,0,0,0,0,0,0,0,0,1086

Main.js:462 419.652,66.378,139.5,139.5,-0.731,0.455,-0.038,0.032,0,0,0,1,0,0,0,0,0,0,0,0,0,0,0,0,0,0,0,0,85.027,462.177,33,300,0.708,0.561,0.042,0.027,38,223.5,442,2.5,0,0,0,0,0,0,0,0,0,1102

Main.js:462 418.921,66.841,139.5,139.5,-0.731,0.463,-0.038,0.032,0,0,0,1,0,0,0,0,0,0,0,0,0,0,0,0,0,0,0,0,85.741,462.735,31.5,297,0.714,0.558,0.043,0.026,37,226,442,2.5,0,0,0,0,0,0,0,0,0,1118

Main.js:462 418.191,67.312,138,138,-0.73,0.472,-0.037,0.033,0,1,0,1,0,0,0,0,0,0,0,0,0,0,0,0,0,0,0,0,86.46,463.289,30,294,0.719,0.554,0.043,0.025,36,228.5,442,2.5,0,0,0,0,0,0,0,0,0,1134

Main.js:462 417.464,67.793,136.5,136.5,-0.728,0.481,-0.036,0.034,0,1,0,1,0,0,0,0,0,0,0,0,0,0,0,0,0,0,0,0,87.185,463.838,28.5,291,0.725,0.549,0.044,0.024,35,231,442,2.5,0,0,0,0,0,0,0,0,0,1151

Main.js:462 416.739,68.284,135,135,-0.725,0.49,-0.035,0.035,0,1,0,1,0,0,0,0,0,0,0,0,0,0,0,0,0,0,0,0,87.916,464.381,27,288,0.731,0.543,0.045,0.023,34,233.5,442,2.5,0,0,0,0,0,0,0,0,0,1168

Main.js:462 416.018,68.784,133.5,133.5,-0.721,0.5,-0.034,0.036,0,1,0,1,0,0,0,0,0,0,0,0,0,0,0,0,0,0,0,0,88.653,464.918,25.5,285,0.737,0.536,0.045,0.022,33,236,442,2.5,0,0,0,0,0,0,0,0,0,1185

Main.js:462 415.301,69.295,132,132,-0.717,0.511,-0.033,0.037,0,1,0,1,0,0,0,0,0,0,0,0,0,0,0,0,0,0,0,0,89.396,465.446,24,282,0.744,0.529,0.046,0.02,32,238.5,442,2.5,0,0,0,0,0,0,0,0,0,1200

Main.js:462 414.589,69.816,130.5,130.5,-0.712,0.521,-0.032,0.038,0,1,0,1,0,0,0,0,0,0,0,0,0,0,0,0,0,0,0,0,90.147,465.967,22.5,279,0.75,0.521,0.046,0.019,31,241,442,2.5,0,0,0,0,0,0,0,0,0,1218

Main.js:462 413.883,70.348,129,129,-0.706,0.532,-0.031,0.039,0,1,0,1,0,0,0,0,0,0,0,0,0,0,0,0,0,0,0,0,90.904,466.479,21,276,0.757,0.512,0.047,0.018,30,243.5,442,2.5,0,0,0,0,0,0,0,0,0,1234

Main.js:462 413.183,70.891,127.5,127.5,-0.7,0.543,-0.03,0.04,99,1,0,1,0,1,0,0,0,0,0,0,0,0,0,0,0,0,0,0,91.668,466.981,19.5,273,0.764,0.502,0.047,0.017,29,246,442,2.5,0,0,0,0,0,0,0,0,0,1252

Main.js:462 412.489,71.445,127.5,127.5,-0.694,0.554,-0.03,0.04,98,0,0,1,0,1,0,0,399.577,88.992,-1.522,1.983,0,0,0,0,0,0,0,0,92.439,467.472,18,270,0.771,0.491,0.048,0.015,28,248.5,442,2.5,0,0,0,0,0,0,0,0,0,1268

Main.js:462 411.801,72.008,127.5,127.5,-0.688,0.564,-0.03,0.04,97,0,0,1,0,1,0,0,398.055,90.975,-1.522,1.983,0,0,0,0,0,0,0,0,93.217,467.952,16.5,267,0.778,0.48,0.048,0.014,27,251,442,2.5,0,0,0,0,0,0,0,0,0,1284

Main.js:462 411.118,72.582,127.5,127.5,-0.683,0.573,-0.03,0.04,96,0,0,1,0,1,0,0,396.533,92.958,-1.522,1.983,0,0,0,0,0,0,0,0,94.003,468.421,15,264,0.785,0.469,0.048,0.013,26,253.5,442,2.5,0,0,0,0,0,0,0,0,0,1301

Main.js:462 410.441,73.164,127.5,127.5,-0.677,0.582,-0.03,0.04,95,0,0,1,0,1,0,0,395.011,94.942,-1.522,1.983,0,0,0,0,0,0,0,0,94.795,468.877,13.5,261,0.792,0.456,0.049,0.012,25,256,442,2.5,0,0,0,0,0,0,0,0,0,1318

Main.js:462 409.769,73.755,127.5,127.5,-0.672,0.591,-0.03,0.04,94,0,0,1,0,1,0,0,393.489,96.925,-1.522,1.983,0,0,0,0,0,0,0,0,95.593,469.321,12,258,0.799,0.443,0.049,0.01,24,258.5,442,2.5,0,0,0,0,0,0,0,0,0,1335

Main.js:462 409.101,74.353,127.5,127.5,-0.668,0.599,-0.03,0.04,93,0,0,1,0,1,0,0,391.967,98.909,-1.522,1.983,0,0,0,0,0,0,0,0,96.399,469.751,10.5,255,0.806,0.43,0.049,0.009,23,261,442,2.5,0,0,0,0,0,0,0,0,0,1352

Main.js:462 408.438,74.96,127.5,127.5,-0.663,0.607,-0.03,0.04,92,0,0,1,0,0,0,0,390.445,100.892,-1.522,1.983,0,0,0,0,0,0,0,0,97.211,470.166,9,252,0.812,0.416,0.049,0.008,22,263.5,442,2.5,0,0,0,0,0,0,0,0,0,1368

Main.js:462 407.779,75.574,127.5,127.5,-0.659,0.614,-0.03,0.04,91,0,0,1,0,0,0,0,388.923,102.875,-1.522,1.983,0,0,0,0,0,0,0,0,98.03,470.568,7.5,249,0.819,0.401,0.05,0.007,21,266,442,2.5,0,0,0,0,0,0,0,0,0,1386

Main.js:462 407.124,76.195,127.5,127.5,-0.655,0.621,-0.03,0.04,90,0,0,1,0,0,0,0,387.401,104.859,-1.522,1.983,0,0,0,0,0,0,0,0,98.855,470.954,6,246,0.825,0.386,0.05,0.005,20,268.5,442,2.5,0,0,0,0,0,0,0,0,0,1403

Main.js:462 406.473,76.823,127.5,127.5,-0.651,0.628,-0.03,0.04,89,0,0,1,0,0,0,0,385.88,106.842,-1.522,1.983,0,0,0,0,0,0,0,0,99.686,471.324,4.5,243,0.831,0.371,0.05,0.004,19,271,442,2.5,0,0,0,0,0,0,0,0,0,1418

Main.js:462 405.825,77.457,127.5,127.5,-0.647,0.634,-0.03,0.04,88,0,0,1,0,0,0,0,384.358,108.826,-1.522,1.983,0,0,0,0,0,0,0,0,100.523,471.679,3,240,0.837,0.354,0.05,0.003,18,273.5,442,2.5,0,0,0,0,0,0,0,0,0,1434

Main.js:462 405.181,78.097,127.5,127.5,-0.644,0.64,-0.03,0.04,87,0,0,1,0,0,0,0,382.836,110.809,-1.522,1.983,0,0,0,0,0,0,0,0,101.366,472.017,1.5,237,0.843,0.338,0.05,0.001,17,276,442,2.5,0,0,0,0,0,0,0,0,0,1452

Main.js:462 404.541,78.742,127.5,127.5,-0.641,0.646,-0.03,0.04,86,0,0,1,0,0,0,0,381.314,112.792,-1.522,1.983,0,0,0,0,0,0,0,0,102.214,472.338,0,234,0.848,0.321,0.05,0,16,278.5,442,2.5,0,0,0,0,0,0,0,0,0,1468

Main.js:462 403.903,79.393,127.5,127.5,-0.638,0.651,-0.03,0.04,85,0,0,1,0,0,0,0,379.792,114.776,-1.522,1.983,0,0,0,0,0,0,0,0,103.067,472.642,358.5,231,0.853,0.304,0.05,-0.001,15,281,442,2.5,0,0,0,0,0,0,0,0,0,1485

Main.js:462 403.269,80.049,127.5,127.5,-0.635,0.656,-0.03,0.04,84,0,0,1,0,1,0,0,378.27,116.759,-1.522,1.983,0,0,0,0,0,0,0,0,103.925,472.928,357,228,0.858,0.286,0.05,-0.003,14,283.5,442,2.5,0,0,0,0,0,0,0,0,0,1503

Main.js:462 402.637,80.71,127.5,127.5,-0.632,0.661,-0.03,0.04,83,0,0,1,0,1,0,0,376.748,118.742,-1.522,1.983,0,0,0,0,0,0,0,0,104.788,473.196,355.5,225,0.862,0.268,0.05,-0.004,13,286,442,2.5,0,0,0,0,0,0,0,0,0,1519

Main.js:462 402.008,81.376,127.5,127.5,-0.629,0.666,-0.03,0.04,82,0,0,1,0,1,0,0,375.226,120.726,-1.522,1.983,0,0,0,0,0,0,0,0,105.654,473.446,354,222,0.866,0.25,0.05,-0.005,12,288.5,442,2.5,0,0,0,0,0,0,0,0,0,1536

Main.js:462 401.381,82.046,127.5,127.5,-0.627,0.67,-0.03,0.04,81,0,0,1,0,1,0,0,373.704,122.709,-1.522,1.983,0,0,0,0,0,0,0,0,106.524,473.677,352.5,219,0.87,0.231,0.05,-0.007,11,291,442,2.5,0,0,0,0,0,0,0,0,0,1552

Main.js:462 400.757,82.72,127.5,127.5,-0.624,0.674,-0.03,0.04,80,0,0,1,0,1,0,0,372.182,124.693,-1.522,1.983,0,0,0,0,0,0,0,0,107.398,473.889,351,216,0.874,0.212,0.049,-0.008,10,293.5,442,2.5,0,0,0,0,0,0,0,0,0,1569

Main.js:462 400.135,83.398,127.5,127.5,-0.622,0.678,-0.03,0.04,79,0,0,1,0,0,0,0,370.66,126.676,-1.522,1.983,0,0,0,0,0,0,0,0,108.275,474.082,349.5,213,0.877,0.193,0.049,-0.009,9,296,442,2.5,0,0,0,0,0,0,0,0,0,1585

Main.js:462 399.515,84.08,127.5,127.5,-0.62,0.682,-0.03,0.04,78,0,0,1,0,0,0,0,369.139,128.659,-1.522,1.983,0,0,0,0,0,0,0,0,109.154,474.255,348,210,0.879,0.173,0.049,-0.01,8,298.5,442,2.5,0,0,0,0,0,0,0,0,0,1601

Main.js:462 398.898,84.766,127.5,127.5,-0.618,0.686,-0.03,0.04,77,0,0,1,0,0,0,0,367.617,130.643,-1.522,1.983,0,0,0,0,0,0,0,0,110.035,474.408,346.5,207,0.882,0.154,0.049,-0.012,7,301,442,2.5,0,0,0,0,0,0,0,0,0,1618

Main.js:462 398.282,85.455,127.5,127.5,-0.616,0.689,-0.03,0.04,76,0,0,1,0,0,0,0,366.095,132.626,-1.522,1.983,0,0,0,0,0,0,0,0,110.919,474.542,345,204,0.883,0.134,0.048,-0.013,6,303.5,442,2.5,0,0,0,0,0,0,0,0,0,1635

Main.js:462 397.668,86.147,127.5,127.5,-0.614,0.692,-0.03,0.04,75,0,0,1,0,0,0,0,364.573,134.61,-1.522,1.983,0,0,0,0,0,0,0,0,111.803,474.655,343.5,201,0.885,0.113,0.048,-0.014,5,306,442,2.5,0,0,0,0,0,0,0,0,0,1653

Main.js:462 397.056,86.842,127.5,127.5,-0.612,0.695,-0.03,0.04,74,0,0,1,0,0,0,0,363.051,136.593,-1.522,1.983,0,0,0,0,0,0,0,0,112.689,474.748,342,198,0.886,0.093,0.048,-0.015,4,308.5,442,2.5,0,0,0,0,0,0,0,0,0,1668

Main.js:462 396.446,87.541,127.5,127.5,-0.61,0.698,-0.03,0.04,73,0,0,1,0,0,0,0,361.529,138.576,-1.522,1.983,0,0,0,0,0,0,0,0,113.575,474.821,340.5,195,0.886,0.073,0.047,-0.017,3,311,442,2.5,0,0,0,0,0,0,0,0,0,1684

Main.js:462 395.837,88.242,127.5,127.5,-0.609,0.701,-0.03,0.04,72,0,0,1,0,1,0,0,360.007,140.56,-1.522,1.983,0,0,0,0,0,0,0,0,114.461,474.873,339,192,0.886,0.052,0.047,-0.018,2,313.5,442,2.5,0,0,0,0,0,0,0,0,0,1701

Main.js:462 395.23,88.945,127.5,127.5,-0.607,0.704,-0.03,0.04,71,0,0,1,0,1,0,0,358.485,142.543,-1.522,1.983,0,0,0,0,0,0,0,0,115.347,474.904,337.5,189,0.886,0.031,0.046,-0.019,1,316,442,2.5,0,0,0,0,0,0,0,0,0,1717

Main.js:462 394.624,89.651,127.5,127.5,-0.606,0.706,-0.03,0.04,70,0,0,1,0,1,0,0,356.963,144.526,-1.522,1.983,0,0,0,0,0,0,0,0,116.232,474.914,336,186,0.885,0.01,0.046,-0.02,0,318.5,442,2.5,0,0,0,0,0,0,0,0,0,1734

Main.js:462 394.019,90.36,127.5,127.5,-0.604,0.708,-0.03,0.04,69,0,0,1,0,1,0,0,355.441,146.51,-1.522,1.983,0,0,0,0,0,0,0,0,117.115,474.903,334.5,183,0.883,-0.011,0.045,-0.022,99,321,442,2.5,0,0,0,0,0,0,0,0,0,1752

Main.js:462 393.416,91.071,127.5,127.5,-0.603,0.711,-0.03,0.04,68,0,0,1,0,1,0,0,353.92,148.493,-1.522,1.983,0,0,0,0,0,0,0,0,117.997,474.872,333,180,0.882,-0.032,0.045,-0.023,98,323.5,442,2.5,0,92.764,473.684,-2.497,-0.131,0,0,0,0,1770

Main.js:462 392.815,91.784,127.5,127.5,-0.602,0.713,-0.03,0.04,67,0,0,1,0,0,0,0,352.398,150.477,-1.522,1.983,0,0,0,0,0,0,0,0,118.876,474.819,331.5,177,0.879,-0.053,0.044,-0.024,97,326,442,2.5,0,90.268,473.553,-2.497,-0.131,0,0,0,0,1785

Main.js:462 392.214,92.498,127.5,127.5,-0.601,0.715,-0.03,0.04,66,0,0,1,0,0,0,0,350.876,152.46,-1.522,1.983,0,0,0,0,0,0,0,0,119.753,474.745,330,174,0.876,-0.074,0.043,-0.025,96,328.5,442,2.5,0,87.771,473.423,-2.497,-0.131,0,0,0,0,1801

Main.js:462 391.614,93.215,127.5,127.5,-0.6,0.717,-0.03,0.04,65,0,0,1,0,0,0,0,349.354,154.443,-1.522,1.983,0,0,0,0,0,0,0,0,120.626,474.65,328.5,171,0.873,-0.095,0.043,-0.026,95,331,442,2.5,0,85.274,473.292,-2.497,-0.131,0,0,0,0,1819

Main.js:462 391.016,93.934,127.5,127.5,-0.599,0.719,-0.03,0.04,64,0,0,1,0,0,0,0,347.832,156.427,-1.522,1.983,0,0,0,0,0,0,0,0,121.495,474.534,327,168,0.869,-0.116,0.042,-0.027,94,333.5,442,2.5,0,82.778,473.161,-2.497,-0.131,0,0,0,0,1834

Main.js:462 390.418,94.655,127.5,127.5,-0.597,0.72,-0.03,0.04,63,0,0,1,0,0,0,0,346.31,158.41,-1.522,1.983,0,0,0,0,0,0,0,0,122.36,474.396,325.5,165,0.865,-0.137,0.041,-0.028,93,336,442,2.5,0,80.281,473.03,-2.497,-0.131,0,0,0,0,1852

Main.js:462 389.822,95.377,127.5,127.5,-0.597,0.722,-0.03,0.04,62,0,0,1,0,1,0,0,344.788,160.394,-1.522,1.983,0,0,0,0,0,0,0,0,123.221,474.238,324,162,0.86,-0.158,0.04,-0.029,92,338.5,442,2.5,0,77.785,472.899,-2.497,-0.131,0,0,0,0,1901

Main.js:462 389.226,96.1,127.5,127.5,-0.596,0.724,-0.03,0.04,61,0,0,1,0,1,0,0,343.266,162.377,-1.522,1.983,0,0,0,0,0,0,0,0,124.075,474.059,322.5,159,0.855,-0.179,0.04,-0.03,91,341,442,2.5,0,75.288,472.768,-2.497,-0.131,0,0,0,0,1924

Main.js:462 388.631,96.826,127.5,127.5,-0.595,0.725,-0.03,0.04,60,0,0,1,0,1,0,0,341.744,164.36,-1.522,1.983,0,0,0,0,0,0,0,0,124.924,473.859,321,156,0.849,-0.2,0.039,-0.031,90,343.5,442,2.5,0,72.792,472.638,-2.497,-0.131,0,0,0,0,1934

Main.js:462 388.037,97.552,127.5,127.5,-0.594,0.727,-0.03,0.04,59,0,0,1,0,1,0,0,340.222,166.344,-1.522,1.983,0,0,0,0,0,0,0,0,125.767,473.637,319.5,153,0.843,-0.221,0.038,-0.032,89,346,442,2.5,0,70.295,472.507,-2.497,-0.131,0,0,0,0,1952

Main.js:462 387.444,98.28,127.5,127.5,-0.593,0.728,-0.03,0.04,58,0,0,1,0,1,0,0,338.701,168.327,-1.522,1.983,0,0,0,0,0,0,0,0,126.603,473.396,318,150,0.836,-0.242,0.037,-0.033,88,348.5,442,2.5,0,67.798,472.376,-2.497,-0.131,0,0,0,0,1967

Main.js:462 386.852,99.009,127.5,127.5,-0.592,0.729,-0.03,0.04,57,0,0,1,0,0,0,0,337.179,170.31,-1.522,1.983,0,0,0,0,0,0,0,0,127.432,473.133,316.5,147,0.829,-0.262,0.036,-0.034,87,351,442,2.5,0,65.302,472.245,-2.497,-0.131,0,0,0,0,1984

Main.js:462 386.26,99.74,127.5,127.5,-0.592,0.73,-0.03,0.04,56,0,0,1,0,0,0,0,335.657,172.294,-1.522,1.983,0,0,0,0,0,0,0,0,128.252,472.85,315,144,0.821,-0.283,0.035,-0.035,86,353.5,442,2.5,0,62.805,472.114,-2.497,-0.131,0,0,0,0,2002

Main.js:462 385.669,100.472,127.5,127.5,-0.591,0.732,-0.03,0.04,55,0,0,1,0,0,0,0,334.135,174.277,-1.522,1.983,0,0,0,0,0,0,0,0,129.066,472.549,316.5,144,0.814,-0.301,0.036,-0.034,85,356,442,2.5,0,60.309,471.983,-2.497,-0.131,0,0,0,0,2018

Main.js:462 385.079,101.204,127.5,127.5,-0.59,0.733,-0.03,0.04,54,0,0,1,0,0,0,0,332.613,176.261,-1.522,1.983,0,0,0,0,0,0,0,0,129.875,472.231,318,144,0.809,-0.318,0.037,-0.033,84,358.5,442,2.5,0,57.812,471.853,-2.497,-0.131,0,0,0,0,2034

Main.js:462 384.489,101.938,127.5,127.5,-0.59,0.734,-0.03,0.04,53,0,0,1,0,0,0,0,331.091,178.244,-1.522,1.983,0,0,0,0,0,0,0,0,130.679,471.898,319.5,144,0.804,-0.333,0.038,-0.032,83,361,442,2.5,0,55.316,471.722,-2.497,-0.131,0,0,0,0,2051

Main.js:462 383.9,102.673,127.5,127.5,-0.589,0.735,-0.03,0.04,52,0,0,1,0,0,0,0,329.569,180.227,-1.522,1.983,0,0,0,0,0,0,0,0,131.48,471.551,321,144,0.801,-0.346,0.039,-0.031,82,363.5,442,2.5,0,52.819,471.591,-2.497,-0.131,0,0,0,0,2068

Main.js:462 383.311,103.409,127.5,127.5,-0.589,0.736,-0.03,0.04,51,0,0,1,0,0,0,0,328.047,182.211,-1.522,1.983,0,0,0,0,0,0,0,0,132.279,471.193,322.5,144,0.799,-0.358,0.04,-0.03,81,366,442,2.5,0,50.322,471.46,-2.497,-0.131,0,0,0,0,2085

Main.js:462 382.723,104.145,127.5,127.5,-0.588,0.737,-0.03,0.04,50,0,0,1,0,1,0,0,326.525,184.194,-1.522,1.983,0,0,0,0,0,0,0,0,133.076,470.825,324,144,0.797,-0.368,0.04,-0.029,80,368.5,442,2.5,0,47.826,471.329,-2.497,-0.131,0,0,0,0,2102

Main.js:462 382.135,104.883,127.5,127.5,-0.588,0.737,-0.03,0.04,49,0,0,1,0,1,0,0,325.003,186.177,-1.522,1.983,0,0,0,0,0,0,0,0,133.873,470.449,325.5,144,0.796,-0.376,0.041,-0.028,79,371,442,2.5,0,45.329,471.198,-2.497,-0.131,0,0,0,0,2117

Main.js:462 381.548,105.621,127.5,127.5,-0.587,0.738,-0.03,0.04,48,0,0,1,0,1,0,0,323.481,188.161,-1.522,1.983,0,0,0,0,0,0,0,0,134.669,470.065,327,144,0.797,-0.384,0.042,-0.027,78,373.5,442,2.5,0,42.833,471.067,-2.497,-0.131,0,0,0,0,2134

Main.js:462 380.961,106.36,127.5,127.5,-0.587,0.739,-0.03,0.04,47,0,0,1,0,1,0,0,321.96,190.144,-1.522,1.983,0,0,0,0,0,0,0,0,135.467,469.676,328.5,144,0.797,-0.389,0.043,-0.026,77,376,442,2.5,0,40.336,470.937,-2.497,-0.131,0,0,0,0,2152

Main.js:462 380.375,107.1,127.5,127.5,-0.586,0.74,-0.03,0.04,46,0,0,1,0,1,0,0,320.438,192.128,-1.522,1.983,0,0,0,0,0,0,0,0,136.265,469.283,330,144,0.798,-0.393,0.043,-0.025,76,378.5,442,2.5,0,37.84,470.806,-2.497,-0.131,0,0,0,0,2167

Main.js:462 379.789,107.84,127.5,127.5,-0.586,0.74,-0.03,0.04,45,0,0,1,0,0,0,0,318.916,194.111,-1.522,1.983,0,0,0,0,0,0,0,0,137.065,468.886,331.5,144,0.8,-0.396,0.044,-0.024,75,381,442,2.5,0,35.343,470.675,-2.497,-0.131,0,0,0,0,2184

Main.js:462 379.203,108.582,127.5,127.5,-0.586,0.741,-0.03,0.04,44,0,0,1,0,0,0,0,317.394,196.094,-1.522,1.983,0,0,0,0,0,0,0,0,137.868,468.488,333,144,0.803,-0.398,0.045,-0.023,74,383.5,442,2.5,0,32.846,470.544,-2.497,-0.131,0,0,0,0,2202

Main.js:462 378.618,109.323,127.5,127.5,-0.585,0.742,-0.03,0.04,43,0,0,1,0,0,0,0,315.872,198.078,-1.522,1.983,0,0,0,0,0,0,0,0,138.673,468.089,334.5,144,0.805,-0.399,0.045,-0.022,73,386,442,2.5,0,30.35,470.413,-2.497,-0.131,0,0,0,0,2218

Main.js:462 378.033,110.066,127.5,127.5,-0.585,0.742,-0.03,0.04,42,0,0,1,0,0,0,0,314.35,200.061,-1.522,1.983,0,0,0,0,0,0,0,0,139.482,467.691,336,144,0.808,-0.398,0.046,-0.02,72,388.5,442,2.5,0,27.853,470.282,-2.497,-0.131,0,0,0,0,2237

Main.js:462 377.449,110.809,127.5,127.5,-0.585,0.743,-0.03,0.04,41,0,0,1,0,0,0,0,312.828,202.045,-1.522,1.983,0,0,0,0,0,0,0,0,140.294,467.295,337.5,144,0.812,-0.396,0.046,-0.019,71,391,442,2.5,0,25.357,470.152,-2.497,-0.131,0,0,0,0,2252

Main.js:462 376.864,111.552,127.5,127.5,-0.584,0.743,-0.03,0.04,40,0,0,1,0,0,0,0,311.306,204.028,-1.522,1.983,0,0,0,0,0,0,0,0,141.109,466.901,339,144,0.816,-0.394,0.047,-0.018,70,393.5,442,2.5,0,22.86,470.021,-2.497,-0.131,0,0,0,0,2273

Main.js:462 376.282,112.297,126,126,-0.583,0.745,-0.029,0.04,39,1,0,1,0,1,0,0,309.784,206.011,-1.522,1.983,0,0,0,0,0,0,0,0,141.929,466.512,340.5,144,0.82,-0.39,0.047,-0.017,69,396,442,2.5,0,20.364,469.89,-2.497,-0.131,0,0,0,0,2285

Main.js:462 375.701,113.043,124.5,124.5,-0.581,0.747,-0.028,0.041,38,1,0,1,0,1,0,0,308.262,207.995,-1.522,1.983,0,0,0,0,0,0,0,0,142.753,466.127,342,144,0.824,-0.385,0.048,-0.015,68,398.5,442,2.5,0,17.867,469.759,-2.497,-0.131,0,0,0,0,2303

Main.js:462 375.123,113.793,123,123,-0.578,0.749,-0.027,0.042,37,1,0,1,0,1,0,0,306.741,209.978,-1.522,1.983,0,0,0,0,0,0,0,0,143.581,465.748,343.5,144,0.828,-0.379,0.048,-0.014,67,401,442,2.5,0,15.37,469.628,-2.497,-0.131,0,0,0,0,2317

Main.js:462 374.55,114.545,121.5,121.5,-0.573,0.752,-0.026,0.043,36,1,0,1,0,1,0,0,305.219,211.961,-1.522,1.983,0,0,0,0,0,0,0,0,144.414,465.375,345,144,0.833,-0.373,0.048,-0.013,66,403.5,442,2.5,0,12.874,469.497,-2.497,-0.131,0,0,0,0,2335

Main.js:462 373.98,115.3,121.5,121.5,-0.57,0.755,-0.026,0.043,35,0,0,1,0,1,0,0,303.697,213.945,-1.522,1.983,0,0,0,0,0,0,0,0,145.251,465.01,346.5,144,0.837,-0.365,0.049,-0.012,65,406,442,2.5,0,10.377,469.367,-2.497,-0.131,0,0,0,0,2351

Main.js:462 373.414,116.058,121.5,121.5,-0.566,0.758,-0.026,0.043,34,0,0,1,0,0,0,0,302.175,215.928,-1.522,1.983,0,0,0,0,0,0,0,0,146.093,464.653,348,144,0.842,-0.357,0.049,-0.01,64,408.5,442,2.5,0,7.881,469.236,-2.497,-0.131,0,0,0,0,2368

Main.js:462 372.852,116.818,121.5,121.5,-0.562,0.76,-0.026,0.043,33,0,0,1,0,0,0,0,300.653,217.912,-1.522,1.983,0,0,0,0,0,0,0,0,146.939,464.306,349.5,144,0.846,-0.347,0.049,-0.009,63,411,442,2.5,0,5.384,469.105,-2.497,-0.131,0,0,0,0,2385

Main.js:462 372.293,117.581,121.5,121.5,-0.559,0.763,-0.026,0.043,32,0,0,1,0,0,0,0,299.131,219.895,-1.522,1.983,0,0,0,0,0,0,0,0,147.79,463.968,351,144,0.851,-0.337,0.049,-0.008,62,413.5,442,2.5,0,2.888,468.974,-2.497,-0.131,0,0,0,0,2402

Main.js:462 371.737,118.346,121.5,121.5,-0.556,0.765,-0.026,0.043,31,0,0,1,0,0,0,0,297.609,221.878,-1.522,1.983,0,0,0,0,0,0,0,0,148.646,463.642,352.5,144,0.856,-0.327,0.05,-0.007,61,416,442,2.5,0,0.391,468.843,-2.497,-0.131,0,0,0,0,2424

Main.js:462 371.184,119.114,121.5,121.5,-0.553,0.768,-0.026,0.043,30,0,0,1,0,0,0,0,296.087,223.862,-1.522,1.983,0,0,0,0,0,0,0,0,149.506,463.326,354,144,0.86,-0.315,0.05,-0.005,60,418.5,442,2.5,0,0,0,0,0,0,0,0,0,2452

Main.js:462 370.633,119.883,121.5,121.5,-0.55,0.77,-0.026,0.043,29,0,0,1,0,1,0,0,294.565,225.845,-1.522,1.983,0,0,0,0,0,0,0,0,150.37,463.023,355.5,144,0.864,-0.303,0.05,-0.004,59,421,442,2.5,0,0,0,0,0,0,0,0,0,2470

Main.js:462 370.086,120.655,121.5,121.5,-0.548,0.772,-0.026,0.043,28,0,0,1,0,1,0,0,293.043,227.829,-1.522,1.983,0,0,0,0,0,0,0,0,151.239,462.732,357,144,0.869,-0.291,0.05,-0.003,58,423.5,442,2.5,0,0,0,0,0,0,0,0,0,2485

Main.js:462 369.541,121.429,121.5,121.5,-0.545,0.774,-0.026,0.043,27,0,0,1,0,1,0,0,291.522,229.812,-1.522,1.983,0,0,0,0,0,0,0,0,152.111,462.455,358.5,144,0.873,-0.277,0.05,-0.001,57,426,442,2.5,0,0,0,0,0,0,0,0,0,2501

Main.js:462 368.998,122.204,121.5,121.5,-0.543,0.775,-0.026,0.043,26,0,0,1,0,1,0,0,290,231.795,-1.522,1.983,0,0,0,0,0,0,0,0,152.988,462.19,358.5,142.5,0.877,-0.265,0.05,-0.001,56,428.5,442,2.5,0,0,0,0,0,0,0,0,0,2517

Main.js:462 368.458,122.981,121.5,121.5,-0.54,0.777,-0.026,0.043,25,0,0,1,0,1,0,0,288.478,233.779,-1.522,1.983,0,0,0,0,0,0,0,0,153.868,461.937,358.5,141,0.88,-0.253,0.05,-0.001,55,431,442,2.5,0,0,0,0,0,0,0,0,0,2535

Main.js:462 367.92,123.76,121.5,121.5,-0.538,0.779,-0.026,0.043,24,0,0,1,0,0,0,0,286.956,235.762,-1.522,1.983,0,0,0,0,0,0,0,0,154.752,461.696,358.5,139.5,0.884,-0.241,0.05,-0.001,54,433.5,442,2.5,0,0,0,0,0,0,0,0,0,2550

Main.js:462 367.384,124.54,121.5,121.5,-0.536,0.78,-0.026,0.043,23,0,0,1,0,0,0,0,285.434,237.745,-1.522,1.983,0,0,0,0,0,0,0,0,155.639,461.465,358.5,138,0.887,-0.231,0.05,-0.001,53,436,442,2.5,0,0,0,0,0,0,0,0,0,2567

Main.js:462 366.85,125.322,121.5,121.5,-0.534,0.782,-0.026,0.043,22,0,0,1,0,0,0,0,283.912,239.729,-1.522,1.983,0,0,0,0,0,0,0,0,156.529,461.245,358.5,136.5,0.89,-0.22,0.05,-0.001,52,438.5,442,2.5,0,0,0,0,0,0,0,0,0,2584

Main.js:462 366.318,126.105,121.5,121.5,-0.532,0.783,-0.026,0.043,21,0,0,1,0,0,0,0,282.39,241.712,-1.522,1.983,0,0,0,0,0,0,0,0,157.422,461.034,358.5,135,0.893,-0.211,0.05,-0.001,51,441,442,2.5,0,0,0,0,0,0,0,0,0,2600

Main.js:462 365.788,126.89,121.5,121.5,-0.53,0.785,-0.026,0.043,20,0,0,1,0,0,0,0,280.868,243.696,-1.522,1.983,0,0,0,0,0,0,0,0,158.318,460.833,358.5,133.5,0.896,-0.201,0.05,-0.001,50,443.5,442,2.5,0,0,0,0,0,0,0,0,0,2617

Main.js:462 365.259,127.676,121.5,121.5,-0.529,0.786,-0.026,0.043,19,0,0,1,0,1,0,0,279.346,245.679,-1.522,1.983,0,0,0,0,0,0,0,0,159.216,460.641,358.5,132,0.899,-0.192,0.05,-0.001,49,446,442,2.5,0,0,0,0,0,0,0,0,0,2635

Main.js:462 364.732,128.463,121.5,121.5,-0.527,0.787,-0.026,0.043,18,0,0,1,0,1,0,0,277.824,247.662,-1.522,1.983,0,0,0,0,0,0,0,0,160.117,460.457,358.5,130.5,0.901,-0.184,0.05,-0.001,48,448.5,442,2.5,0,0,0,0,0,0,0,0,0,2650

Main.js:462 364.207,129.251,121.5,121.5,-0.525,0.788,-0.026,0.043,17,0,0,1,0,1,0,0,276.302,249.646,-1.522,1.983,0,0,0,0,0,0,0,0,161.021,460.28,358.5,129,0.904,-0.176,0.05,-0.001,47,451,442,2.5,0,0,0,0,0,0,0,0,0,2668

Main.js:462 363.683,130.04,121.5,121.5,-0.524,0.789,-0.026,0.043,16,0,0,1,0,1,0,0,274.781,251.629,-1.522,1.983,0,0,0,0,0,0,0,0,161.927,460.112,358.5,127.5,0.906,-0.169,0.05,-0.001,46,453.5,442,2.5,0,0,0,0,0,0,0,0,0,2685

Main.js:462 363.16,130.831,121.5,121.5,-0.523,0.79,-0.026,0.043,15,0,0,1,0,1,0,0,273.259,253.613,-1.522,1.983,0,0,0,0,0,0,0,0,162.835,459.951,358.5,126,0.908,-0.161,0.05,-0.001,45,456,442,2.5,0,0,0,0,0,0,0,0,0,2700

Main.js:462 362.64,131.622,120,120,-0.52,0.792,-0.025,0.043,14,1,0,1,0,0,0,0,271.737,255.596,-1.522,1.983,0,0,0,0,0,0,0,0,163.745,459.796,358.5,124.5,0.91,-0.155,0.05,-0.001,44,458.5,442,2.5,0,0,0,0,0,0,0,0,0,2718

Main.js:462 362.123,132.417,118.5,118.5,-0.517,0.794,-0.024,0.044,13,1,0,1,0,0,0,0,270.215,257.579,-1.522,1.983,0,0,0,0,0,0,0,0,164.657,459.648,358.5,123,0.912,-0.148,0.05,-0.001,43,461,442,2.5,0,0,0,0,0,0,0,0,0,2735

Main.js:462 361.61,133.213,117,117,-0.513,0.797,-0.023,0.045,12,1,0,1,0,0,0,0,268.693,259.563,-1.522,1.983,0,0,0,0,0,0,0,0,165.571,459.506,358.5,121.5,0.914,-0.142,0.05,-0.001,42,463.5,442,2.5,0,0,0,0,0,0,0,0,0,2751

Main.js:462 361.103,134.013,115.5,115.5,-0.507,0.8,-0.022,0.045,11,1,0,1,0,0,0,0,267.171,261.546,-1.522,1.983,0,0,0,0,0,0,0,0,166.487,459.37,358.5,120,0.916,-0.136,0.05,-0.001,41,466,442,2.5,0,0,0,0,0,0,0,0,0,2767

Main.js:462 360.602,134.816,114,114,-0.501,0.803,-0.02,0.046,10,1,0,1,0,0,0,0,265.649,263.529,-1.522,1.983,0,0,0,0,0,0,0,0,167.404,459.24,358.5,118.5,0.917,-0.13,0.05,-0.001,40,468.5,442,2.5,0,0,0,0,0,0,0,0,0,2784

Main.js:462 360.106,135.623,114,114,-0.496,0.806,-0.02,0.046,9,0,0,1,0,0,0,0,264.127,265.513,-1.522,1.983,0,0,0,0,0,0,0,0,168.323,459.115,358.5,117,0.919,-0.125,0.05,-0.001,39,471,442,2.5,0,0,0,0,0,0,0,0,0,2801

Main.js:462 359.616,136.432,114,114,-0.49,0.809,-0.02,0.046,8,0,0,1,0,1,0,0,262.605,267.496,-1.522,1.983,0,0,0,0,0,0,0,0,169.244,458.994,358.5,115.5,0.921,-0.12,0.05,-0.001,38,473.5,442,2.5,0,0,0,0,0,0,0,0,0,2818

Main.js:462 359.131,137.244,114,114,-0.485,0.812,-0.02,0.046,7,0,0,1,0,1,0,0,261.083,269.48,-1.522,1.983,0,0,0,0,0,0,0,0,170.166,458.879,358.5,114,0.922,-0.115,0.05,-0.001,37,476,442,2.5,0,0,0,0,0,0,0,0,0,2835

Main.js:462 358.651,138.06,114,114,-0.48,0.815,-0.02,0.046,6,0,0,1,0,1,0,0,259.562,271.463,-1.522,1.983,0,0,0,0,0,0,0,0,171.09,458.768,358.5,112.5,0.923,-0.111,0.05,-0.001,36,478.5,442,2.5,0,0,0,0,0,0,0,0,0,2851

Main.js:462 358.175,138.877,114,114,-0.475,0.818,-0.02,0.046,5,0,0,1,0,1,0,0,258.04,273.446,-1.522,1.983,0,0,0,0,0,0,0,0,172.014,458.661,358.5,111,0.925,-0.107,0.05,-0.001,35,481,442,2.5,0,0,0,0,0,0,0,0,0,2867

Main.js:462 357.704,139.698,114,114,-0.471,0.82,-0.02,0.046,4,0,0,1,0,0,0,0,256.518,275.43,-1.522,1.983,0,0,0,0,0,0,0,0,172.94,458.559,358.5,109.5,0.926,-0.102,0.05,-0.001,34,483.5,442,2.5,0,0,0,0,0,0,0,0,0,2885

Main.js:462 357.238,140.52,114,114,-0.467,0.823,-0.02,0.046,3,0,0,1,0,0,0,0,254.996,277.413,-1.522,1.983,0,0,0,0,0,0,0,0,173.868,458.46,358.5,108,0.927,-0.099,0.05,-0.001,33,486,442,2.5,0,0,0,0,0,0,0,0,0,2901

Main.js:462 356.775,141.345,114,114,-0.463,0.825,-0.02,0.046,2,0,0,1,0,0,0,0,253.474,279.397,-1.522,1.983,0,0,0,0,0,0,0,0,174.796,458.365,358.5,106.5,0.928,-0.095,0.05,-0.001,32,488.5,442,2.5,0,0,0,0,0,0,0,0,0,2917

Main.js:462 356.316,142.172,114,114,-0.459,0.827,-0.02,0.046,1,0,0,1,0,0,0,0,251.952,281.38,-1.522,1.983,0,0,0,0,0,0,0,0,175.725,458.274,358.5,105,0.929,-0.091,0.05,-0.001,31,491,442,2.5,0,0,0,0,0,0,0,0,0,2934

Main.js:462 355.861,143.001,114,114,-0.455,0.829,-0.02,0.046,0,0,0,1,0,0,0,0,250.43,283.363,-1.522,1.983,0,0,0,0,0,0,0,0,176.656,458.186,358.5,103.5,0.93,-0.088,0.05,-0.001,30,493.5,442,2.5,0,0,0,0,0,0,0,0,0,2951

Main.js:462 355.409,143.832,114,114,-0.452,0.831,-0.02,0.046,0,0,0,1,0,0,0,0,248.908,285.347,-1.522,1.983,0,0,0,0,0,0,0,0,177.587,458.101,358.5,102,0.931,-0.085,0.05,-0.001,29,496,442,2.5,0,0,0,0,0,0,0,0,0,2967

Main.js:462 354.961,144.665,114,114,-0.449,0.833,-0.02,0.046,99,0,0,1,0,1,0,0,247.386,287.33,-1.522,1.983,0,0,0,0,0,0,0,0,178.519,458.019,358.5,100.5,0.932,-0.082,0.05,-0.001,28,498.5,442,2.5,0,0,0,0,0,0,0,0,0,2984

Main.js:462 354.515,145.5,114,114,-0.445,0.835,-0.02,0.046,98,0,0,1,0,1,0,0,247.386,287.33,-1.522,1.983,345.851,165.301,-1.017,2.284,0,0,0,0,179.452,457.94,358.5,99,0.933,-0.079,0.05,-0.001,27,0,0,0,0,0,0,0,0,0,0,0,0,3000

Main.js:462 354.073,146.336,114,114,-0.442,0.836,-0.02,0.046,97,0,0,1,0,1,0,0,245.864,289.313,-1.522,1.983,344.834,167.585,-1.017,2.284,0,0,0,0,180.386,457.864,358.5,97.5,0.934,-0.076,0.05,-0.001,26,0,0,0,0,0,0,0,0,0,0,0,0,3017

Main.js:462 353.633,147.174,114,114,-0.44,0.838,-0.02,0.046,96,0,0,1,0,1,0,0,244.342,291.297,-1.522,1.983,343.817,169.868,-1.017,2.284,0,0,0,0,181.321,457.789,357,94.5,0.935,-0.075,0.05,-0.003,25,0,0,0,0,0,0,0,0,0,0,0,0,3035

Main.js:462 353.196,148.014,114,114,-0.437,0.839,-0.02,0.046,95,0,0,1,0,1,0,0,242.821,293.28,-1.522,1.983,342.8,172.152,-1.017,2.284,0,0,0,0,182.256,457.714,355.5,91.5,0.935,-0.075,0.05,-0.004,24,0,0,0,0,0,0,0,0,0,0,0,0,3050

Main.js:462 352.762,148.854,114,114,-0.434,0.841,-0.02,0.046,94,0,0,1,0,0,0,0,241.299,295.264,-1.522,1.983,341.783,174.436,-1.017,2.284,0,0,0,0,183.192,457.637,354,88.5,0.936,-0.076,0.05,-0.005,23,0,0,0,0,0,0,0,0,0,0,0,0,3068

Main.js:462 352.329,149.697,114,114,-0.432,0.842,-0.02,0.046,93,0,0,1,0,0,0,0,239.777,297.247,-1.522,1.983,340.767,176.72,-1.017,2.284,0,0,0,0,184.128,457.559,352.5,85.5,0.936,-0.079,0.05,-0.007,22,0,0,0,0,0,0,0,0,0,0,0,0,3090

Main.js:462 351.9,150.54,114,114,-0.43,0.843,-0.02,0.046,92,0,0,1,0,0,0,0,238.255,299.23,-1.522,1.983,339.75,179.004,-1.017,2.284,0,0,0,0,185.065,457.477,351,82.5,0.936,-0.082,0.049,-0.008,21,0,0,0,0,0,0,0,0,0,0,0,0,3100

Main.js:462 351.472,151.385,114,114,-0.428,0.845,-0.02,0.046,91,0,0,1,0,0,0,0,236.733,301.214,-1.522,1.983,338.733,181.288,-1.017,2.284,0,0,0,0,186.001,457.39,349.5,79.5,0.936,-0.087,0.049,-0.009,20,0,0,0,0,0,0,0,0,0,0,0,0,3118

Main.js:462 351.046,152.23,114,114,-0.426,0.846,-0.02,0.046,90,0,0,1,0,1,0,0,235.211,303.197,-1.522,1.983,337.716,183.572,-1.017,2.284,0,0,0,0,186.936,457.298,348,76.5,0.936,-0.092,0.049,-0.01,19,0,0,0,0,0,0,0,0,0,0,0,0,3134

Main.js:462 350.623,153.077,114,114,-0.424,0.847,-0.02,0.046,89,0,0,1,0,1,0,0,233.689,305.18,-1.522,1.983,336.699,185.856,-1.017,2.284,0,0,0,0,187.872,457.199,346.5,73.5,0.935,-0.099,0.049,-0.012,18,0,0,0,0,0,0,0,0,0,0,0,0,3151

Main.js:462 350.201,153.925,114,114,-0.422,0.848,-0.02,0.046,88,0,0,1,0,1,0,0,232.167,307.164,-1.522,1.983,335.682,188.139,-1.017,2.284,0,0,0,0,188.806,457.093,345,70.5,0.934,-0.106,0.048,-0.013,17,0,0,0,0,0,0,0,0,0,0,0,0,3168

Main.js:462 349.781,154.774,114,114,-0.42,0.849,-0.02,0.046,87,0,0,1,0,1,0,0,230.645,309.147,-1.522,1.983,334.666,190.423,-1.017,2.284,0,0,0,0,189.739,456.979,343.5,67.5,0.933,-0.114,0.048,-0.014,16,0,0,0,0,0,0,0,0,0,0,0,0,3185

Main.js:462 349.363,155.624,114,114,-0.418,0.85,-0.02,0.046,86,0,0,1,0,1,0,0,229.123,311.131,-1.522,1.983,333.649,192.707,-1.017,2.284,0,0,0,0,190.671,456.856,342,64.5,0.932,-0.123,0.048,-0.015,15,0,0,0,0,0,0,0,0,0,0,0,0,3201

Main.js:462 348.946,156.475,114,114,-0.417,0.851,-0.02,0.046,85,0,0,1,0,0,0,0,227.602,313.114,-1.522,1.983,332.632,194.991,-1.017,2.284,0,0,0,0,191.6,456.723,340.5,61.5,0.93,-0.133,0.047,-0.017,14,0,0,0,0,0,0,0,0,0,0,0,0,3218

Main.js:462 348.531,157.327,114,114,-0.415,0.852,-0.02,0.046,84,0,0,1,0,0,0,0,226.08,315.097,-1.522,1.983,331.615,197.275,-1.017,2.284,0,0,0,0,192.528,456.579,339,58.5,0.928,-0.143,0.047,-0.018,13,0,0,0,0,0,0,0,0,0,0,0,0,3234

Main.js:462 348.117,158.179,114,114,-0.414,0.852,-0.02,0.046,83,0,0,1,0,0,0,0,224.558,317.081,-1.522,1.983,330.598,199.559,-1.017,2.284,0,0,0,0,193.453,456.425,337.5,55.5,0.925,-0.154,0.046,-0.019,12,0,0,0,0,0,0,0,0,0,0,0,0,3252

Main.js:462 347.705,159.032,114,114,-0.412,0.853,-0.02,0.046,82,0,0,1,0,0,0,0,223.036,319.064,-1.522,1.983,329.581,201.843,-1.017,2.284,0,0,0,0,194.376,456.259,336,52.5,0.922,-0.166,0.046,-0.02,11,0,0,0,0,0,0,0,0,0,0,0,0,3270

Main.js:462 347.294,159.886,114,114,-0.411,0.854,-0.02,0.046,81,0,0,1,0,0,0,0,221.514,321.048,-1.522,1.983,328.564,204.126,-1.017,2.284,0,0,0,0,195.295,456.081,334.5,49.5,0.919,-0.178,0.045,-0.022,10,0,0,0,0,0,0,0,0,0,0,0,0,3284

Main.js:462 346.884,160.741,114,114,-0.41,0.855,-0.02,0.046,80,0,0,1,0,0,0,0,219.992,323.031,-1.522,1.983,327.548,206.41,-1.017,2.284,0,0,0,0,196.21,455.891,333,46.5,0.915,-0.191,0.045,-0.023,9,0,0,0,0,0,0,0,0,0,0,0,0,3301

Main.js:462 346.475,161.596,114,114,-0.409,0.855,-0.02,0.046,79,0,0,1,0,0,0,0,218.47,325.014,-1.522,1.983,326.531,208.694,-1.017,2.284,0,0,0,0,197.122,455.687,331.5,43.5,0.911,-0.204,0.044,-0.024,8,0,0,0,0,0,0,0,0,0,0,0,0,3317

Main.js:462 346.068,162.452,114,114,-0.408,0.856,-0.02,0.046,78,0,0,1,0,0,0,0,216.948,326.998,-1.522,1.983,325.514,210.978,-1.017,2.284,0,0,0,0,198.029,455.469,330,40.5,0.907,-0.217,0.043,-0.025,7,0,0,0,0,0,0,0,0,0,0,0,0,3334

Main.js:462 345.661,163.309,114,114,-0.407,0.857,-0.02,0.046,77,0,0,1,0,0,0,0,215.426,328.981,-1.522,1.983,324.497,213.262,-1.017,2.284,0,0,0,0,198.931,455.238,328.5,37.5,0.902,-0.231,0.043,-0.026,6,0,0,0,0,0,0,0,0,0,0,0,0,3350

Main.js:462 345.256,164.166,114,114,-0.405,0.857,-0.02,0.046,76,0,0,1,0,0,0,0,213.904,330.964,-1.522,1.983,323.48,215.546,-1.017,2.284,0,0,0,0,199.827,454.992,327,34.5,0.897,-0.246,0.042,-0.027,5,0,0,0,0,0,0,0,0,0,0,0,0,3368

Main.js:462 344.851,165.024,114,114,-0.405,0.858,-0.02,0.046,75,0,0,1,0,0,0,0,212.383,332.948,-1.522,1.983,322.463,217.83,-1.017,2.284,0,0,0,0,200.719,454.732,325.5,31.5,0.891,-0.26,0.041,-0.028,4,0,0,0,0,0,0,0,0,0,0,0,0,3384

Main.js:462 344.448,165.882,114,114,-0.404,0.858,-0.02,0.046,74,0,0,1,0,0,0,0,210.861,334.931,-1.522,1.983,321.447,220.113,-1.017,2.284,0,0,0,0,201.604,454.457,324,28.5,0.885,-0.275,0.04,-0.029,3,0,0,0,0,0,0,0,0,0,0,0,0,3401

Main.js:462 344.045,166.741,114,114,-0.403,0.859,-0.02,0.046,73,0,0,1,0,0,0,0,209.339,336.915,-1.522,1.983,320.43,222.397,-1.017,2.284,0,0,0,0,202.482,454.166,322.5,25.5,0.878,-0.29,0.04,-0.03,2,0,0,0,0,0,0,0,0,0,0,0,0,3417

Main.js:462 343.643,167.6,114,114,-0.402,0.859,-0.02,0.046,72,0,0,1,0,0,0,0,207.817,338.898,-1.522,1.983,319.413,224.681,-1.017,2.284,0,0,0,0,203.354,453.861,321,22.5,0.871,-0.306,0.039,-0.031,1,0,0,0,0,0,0,0,0,0,0,0,0,3433

Main.js:462 343.261,168.416,114,114,-0.382,0.816,0,0,71,0,0,0,0,0,0,0,206.295,340.881,-1.522,1.983,318.396,226.965,-1.017,2.284,0,0,0,0,204.218,453.54,319.5,19.5,0.864,-0.321,0.038,-0.032,0,0,0,0,0,0,0,0,0,0,0,0,0,3452

Main.js:462 342.898,169.191,114,114,-0.363,0.775,0,0,70,0,0,0,0,0,0,0,204.773,342.865,-1.522,1.983,317.379,229.249,-1.017,2.284,0,0,0,0,205.074,453.203,318,16.5,0.856,-0.337,0.037,-0.033,99,0,0,0,0,0,0,0,0,0,0,0,0,3468

Main.js:462 342.554,169.928,114,114,-0.345,0.737,0,0,69,0,0,0,0,0,0,0,203.251,344.848,-1.522,1.983,316.362,231.533,-1.017,2.284,0,0,0,0,205.921,452.85,316.5,13.5,0.848,-0.353,0.036,-0.034,98,226.75,460.214,2.397,0.71,0,0,0,0,0,0,0,0,3484

Main.js:462 342.226,170.627,114,114,-0.327,0.7,0,0,68,0,0,0,0,0,0,0,201.729,346.832,-1.522,1.983,315.346,233.817,-1.017,2.284,0,0,0,0,206.76,452.481,315,10.5,0.839,-0.369,0.035,-0.035,97,229.147,460.924,2.397,0.71,0,0,0,0,0,0,0,0,3501

Main.js:462 341.915,171.292,114,114,-0.311,0.665,0,0,67,0,0,0,0,0,0,0,200.207,348.815,-1.522,1.983,314.329,236.101,-1.017,2.284,0,0,0,0,207.59,452.096,313.5,7.5,0.83,-0.385,0.034,-0.036,96,231.544,461.634,2.397,0.71,0,0,0,0,0,0,0,0,3519

Main.js:462 341.62,171.924,112.5,112.5,-0.295,0.632,0,0,66,1,0,0,0,0,0,0,198.685,350.798,-1.522,1.983,313.312,238.384,-1.017,2.284,0,0,0,0,208.41,451.695,312,4.5,0.82,-0.401,0.033,-0.037,95,233.941,462.344,2.397,0.71,0,0,0,0,0,0,0,0,3534

Main.js:462 341.339,172.524,111,111,-0.281,0.6,0,0,65,1,0,0,0,0,0,0,197.163,352.782,-1.522,1.983,312.295,240.668,-1.017,2.284,0,0,0,0,209.22,451.278,310.5,1.5,0.81,-0.417,0.032,-0.038,94,236.338,463.054,2.397,0.71,0,0,0,0,0,0,0,0,3551

Main.js:462 341.072,173.094,109.5,109.5,-0.267,0.57,0,0,64,1,0,0,0,0,0,0,195.642,354.765,-1.522,1.983,311.278,242.952,-1.017,2.284,0,0,0,0,210.019,450.845,309,-1.5,0.799,-0.433,0.031,-0.039,93,238.735,463.764,2.397,0.71,0,0,0,0,0,0,0,0,3569

Main.js:462 340.819,173.635,108,108,-0.253,0.541,0,0,63,1,0,0,0,0,0,0,194.12,356.748,-1.522,1.983,310.261,245.236,-1.017,2.284,0,0,0,0,210.807,450.396,307.5,-4.5,0.788,-0.449,0.03,-0.04,92,241.132,464.474,2.397,0.71,0,0,0,0,0,0,0,0,3585

Main.js:462 340.578,174.15,106.5,106.5,-0.241,0.514,0,0,62,1,0,0,0,1,0,0,192.598,358.732,-1.522,1.983,309.245,247.52,-1.017,2.284,0,0,0,0,211.584,449.931,306,-7.5,0.777,-0.465,0.029,-0.04,91,243.529,465.184,2.397,0.71,0,0,0,0,0,0,0,0,3601

Main.js:462 340.35,174.638,106.5,106.5,-0.229,0.489,0,0,61,0,0,0,0,1,0,0,191.076,360.715,-1.522,1.983,308.228,249.804,-1.017,2.284,0,0,0,0,212.349,449.45,304.5,-10.5,0.765,-0.481,0.028,-0.041,90,245.926,465.894,2.397,0.71,0,0,0,0,0,0,0,0,3618

Main.js:462 340.132,175.102,106.5,106.5,-0.217,0.464,0,0,60,0,0,0,0,1,0,0,189.554,362.699,-1.522,1.983,307.211,252.088,-1.017,2.284,0,0,0,0,213.101,448.954,303,-13.5,0.752,-0.497,0.027,-0.042,89,248.323,466.604,2.397,0.71,0,0,0,0,0,0,0,0,3635

Main.js:462 339.926,175.543,106.5,106.5,-0.206,0.441,0,0,59,0,0,0,0,1,0,0,188.032,364.682,-1.522,1.983,306.194,254.371,-1.017,2.284,0,0,0,0,213.841,448.441,301.5,-16.5,0.74,-0.512,0.026,-0.043,88,250.72,467.314,2.397,0.71,0,0,0,0,0,0,0,0,3650

Main.js:462 339.73,175.962,106.5,106.5,-0.196,0.419,0,0,58,0,0,0,0,1,0,0,186.51,366.665,-1.522,1.983,305.177,256.655,-1.017,2.284,0,0,0,0,214.567,447.913,300,-19.5,0.726,-0.528,0.025,-0.043,87,253.117,468.024,2.397,0.71,0,0,0,0,0,0,0,0,3668

Main.js:462 339.544,176.36,106.5,106.5,-0.186,0.398,0,0,57,0,0,0,0,0,0,0,184.988,368.649,-1.522,1.983,304.16,258.939,-1.017,2.284,0,0,0,0,215.28,447.37,298.5,-22.5,0.713,-0.543,0.024,-0.044,86,255.514,468.734,2.397,0.71,0,0,0,0,0,0,0,0,3685

Main.js:462 339.367,176.739,106.5,106.5,-0.177,0.378,0,0,56,0,0,0,0,0,0,0,183.466,370.632,-1.522,1.983,303.143,261.223,-1.017,2.284,0,0,0,0,215.979,446.812,297,-25.5,0.699,-0.558,0.023,-0.045,85,257.912,469.444,2.397,0.71,0,0,0,0,0,0,0,0,3702

Main.js:462 339.199,177.098,106.5,106.5,-0.168,0.359,0,0,55,0,0,0,0,0,0,0,181.944,372.616,-1.522,1.983,302.127,263.507,-1.017,2.284,0,0,0,0,216.663,446.238,295.5,-28.5,0.684,-0.573,0.022,-0.045,84,260.309,470.154,2.397,0.71,0,0,0,0,0,0,0,0,3718

Main.js:462 339.039,177.439,106.5,106.5,-0.16,0.341,0,0,54,0,0,0,0,0,0,0,180.423,374.599,-1.522,1.983,301.11,265.791,-1.017,2.284,0,0,0,0,217.332,445.65,294,-31.5,0.669,-0.588,0.02,-0.046,83,262.706,470.864,2.397,0.71,0,0,0,0,0,0,0,0,3734

Main.js:462 338.888,177.763,106.5,106.5,-0.152,0.324,0,0,53,0,0,0,0,0,0,0,178.901,376.582,-1.522,1.983,300.093,268.075,-1.017,2.284,0,0,0,0,217.986,445.048,292.5,-34.5,0.654,-0.603,0.019,-0.046,82,265.103,471.574,2.397,0.71,0,0,0,0,0,0,0,0,3751

Main.js:462 338.743,178.071,106.5,106.5,-0.144,0.308,0,0,52,0,0,0,0,0,0,0,177.379,378.566,-1.522,1.983,299.076,270.358,-1.017,2.284,0,0,0,0,218.625,444.431,291,-37.5,0.638,-0.617,0.018,-0.047,81,267.5,472.285,2.397,0.71,0,0,0,0,0,0,0,0,3769

Main.js:462 338.607,178.364,106.5,106.5,-0.137,0.293,0,0,51,0,0,0,0,0,0,0,175.857,380.549,-1.522,1.983,298.059,272.642,-1.017,2.284,0,0,0,0,219.247,443.8,289.5,-40.5,0.622,-0.631,0.017,-0.047,80,269.897,472.995,2.397,0.71,0,0,0,0,0,0,0,0,3786

Main.js:462 338.477,178.642,106.5,106.5,-0.13,0.278,0,0,50,0,0,0,0,0,0,0,174.335,382.532,-1.522,1.983,297.042,274.926,-1.017,2.284,0,0,0,0,219.853,443.156,288,-43.5,0.606,-0.644,0.015,-0.048,79,272.294,473.705,2.397,0.71,0,0,0,0,0,0,0,0,3801

Main.js:462 338.353,178.906,106.5,106.5,-0.124,0.264,0,0,49,0,0,0,0,1,0,0,172.813,384.516,-1.522,1.983,296.026,277.21,-1.017,2.284,0,0,0,0,220.442,442.498,286.5,-46.5,0.589,-0.658,0.014,-0.048,78,274.691,474.415,2.397,0.71,0,0,0,0,0,0,0,0,3817

Main.js:462 338.236,179.157,106.5,106.5,-0.117,0.251,0,0,48,0,0,0,0,1,0,0,171.291,386.499,-1.522,1.983,295.009,279.494,-1.017,2.284,0,0,0,0,221.013,441.828,285,-49.5,0.572,-0.671,0.013,-0.048,77,277.088,475.125,2.397,0.71,0,0,0,0,0,0,0,0,3834

Main.js:462 338.124,179.395,106.5,106.5,-0.111,0.238,0,0,47,0,0,0,0,1,0,0,169.769,388.483,-1.522,1.983,293.992,281.778,-1.017,2.284,0,0,0,0,221.568,441.144,283.5,-52.5,0.554,-0.683,0.012,-0.049,76,279.485,475.835,2.397,0.71,0,0,0,0,0,0,0,0,3858

Main.js:462 338.018,179.621,106.5,106.5,-0.106,0.226,0,0,46,0,0,0,0,1,0,0,168.247,390.466,-1.522,1.983,292.975,284.062,-1.017,2.284,0,0,0,0,222.104,440.449,282,-55.5,0.537,-0.696,0.01,-0.049,75,281.882,476.545,2.397,0.71,0,0,0,0,0,0,0,0,3868

Main.js:462 337.918,179.836,106.5,106.5,-0.101,0.215,0,0,45,0,0,0,0,1,0,0,166.725,392.449,-1.522,1.983,291.958,286.346,-1.017,2.284,0,0,0,0,222.623,439.741,280.5,-58.5,0.518,-0.708,0.009,-0.049,74,284.279,477.255,2.397,0.71,0,0,0,0,0,0,0,0,3885

Main.js:462 337.822,180.041,106.5,106.5,-0.096,0.204,0,0,44,0,0,0,0,0,0,0,165.204,394.433,-1.522,1.983,290.941,288.629,-1.017,2.284,0,0,0,0,223.123,439.022,279,-61.5,0.5,-0.719,0.008,-0.049,73,286.676,477.965,2.397,0.71,0,0,0,0,0,0,0,0,3900

Main.js:462 337.731,180.235,108,108,-0.091,0.194,0,0,43,0,1,0,0,0,0,0,163.682,396.416,-1.522,1.983,289.925,290.913,-1.017,2.284,0,0,0,0,223.604,438.292,277.5,-64.5,0.481,-0.73,0.007,-0.05,72,289.073,478.675,2.397,0.71,0,0,0,0,0,0,0,0,3917

Main.js:462 337.645,180.419,109.5,109.5,-0.086,0.184,0,0,42,0,1,0,0,0,0,0,162.16,398.4,-1.522,1.983,288.908,293.197,-1.017,2.284,0,0,0,0,224.066,437.551,276,-67.5,0.462,-0.741,0.005,-0.05,71,291.47,479.385,2.397,0.71,0,0,0,0,0,0,0,0,3935

Main.js:462 337.563,180.594,111,111,-0.082,0.175,0,0,41,0,1,0,0,0,0,0,160.638,400.383,-1.522,1.983,287.891,295.481,-1.017,2.284,0,0,0,0,224.508,436.8,274.5,-70.5,0.443,-0.751,0.004,-0.05,70,293.867,480.095,2.397,0.71,0,0,0,0,0,0,0,0,3951

Main.js:462 337.485,180.761,112.5,112.5,-0.078,0.166,0,0,40,0,1,0,0,0,0,0,159.116,402.366,-1.522,1.983,286.874,297.765,-1.017,2.284,0,0,0,0,224.931,436.038,273,-73.5,0.423,-0.761,0.003,-0.05,69,296.264,480.805,2.397,0.71,0,0,0,0,0,0,0,0,3968

Main.js:462 337.411,180.919,114,114,-0.074,0.158,0,0,39,0,1,0,0,1,0,0,157.594,404.35,-1.522,1.983,285.857,300.049,-1.017,2.284,0,0,0,0,225.334,435.268,271.5,-76.5,0.403,-0.771,0.001,-0.05,68,298.661,481.515,2.397,0.71,0,0,0,0,0,0,0,0,3985

Main.js:462 337.341,181.069,114,114,-0.07,0.15,0,0,38,0,0,0,0,1,0,0,156.072,406.333,-1.522,1.983,284.84,302.333,-1.017,2.284,0,0,0,0,225.717,434.488,270,-79.5,0.383,-0.78,0,-0.05,67,301.058,482.225,2.397,0.71,0,0,0,0,0,0,0,0,4002

Main.js:462 337.274,181.212,114,114,-0.067,0.143,0,0,37,0,0,0,0,1,0,0,154.55,408.316,-1.522,1.983,283.823,304.616,-1.017,2.284,0,0,0,0,226.082,433.7,271.5,-79.5,0.365,-0.788,0.001,-0.05,66,303.455,482.935,2.397,0.71,0,0,0,0,0,0,0,0,4017

Main.js:462 337.211,181.347,114,114,-0.063,0.136,0,0,36,0,0,0,0,1,0,0,153.028,410.3,-1.522,1.983,282.807,306.9,-1.017,2.284,0,0,0,0,226.431,432.904,273,-79.5,0.349,-0.796,0.003,-0.05,65,305.853,483.645,2.397,0.71,0,0,0,0,0,0,0,0,4034

Main.js:462 337.15,181.476,114,114,-0.06,0.129,0,0,35,0,0,0,0,1,0,0,151.506,412.283,-1.522,1.983,281.79,309.184,-1.017,2.284,0,0,0,0,226.767,432.101,274.5,-79.5,0.336,-0.804,0.004,-0.05,64,308.25,484.355,2.397,0.71,0,0,0,0,0,0,0,0,4051

Main.js:462 337.093,181.598,114,114,-0.057,0.122,0,0,34,0,0,0,0,0,0,0,149.984,414.267,-1.522,1.983,280.773,311.468,-1.017,2.284,0,0,0,0,227.091,431.29,276,-79.5,0.324,-0.811,0.005,-0.05,63,310.647,485.065,2.397,0.71,0,0,0,0,0,0,0,0,4068

Main.js:462 337.039,181.715,114,114,-0.054,0.116,0,0,33,0,0,0,0,0,0,0,148.463,416.25,-1.522,1.983,279.756,313.752,-1.017,2.284,0,0,0,0,227.404,430.473,277.5,-79.5,0.314,-0.817,0.007,-0.05,62,313.044,485.775,2.397,0.71,0,0,0,0,0,0,0,0,4084

Main.js:462 336.987,181.825,114,114,-0.052,0.11,0,0,32,0,0,0,0,0,0,0,146.941,418.233,-1.522,1.983,278.739,316.036,-1.017,2.284,0,0,0,0,227.71,429.649,279,-79.5,0.305,-0.823,0.008,-0.049,61,315.441,486.485,2.397,0.71,0,0,0,0,0,0,0,0,4102

Main.js:462 336.938,181.93,114,114,-0.049,0.105,0,0,31,0,0,0,0,0,0,0,145.419,420.217,-1.522,1.983,277.722,318.32,-1.017,2.284,0,0,0,0,228.009,428.821,280.5,-79.5,0.299,-0.829,0.009,-0.049,60,317.838,487.195,2.397,0.71,0,0,0,0,0,0,0,0,4119

Main.js:462 336.891,182.03,114,114,-0.047,0.1,0,0,30,0,0,0,0,0,0,0,143.897,422.2,-1.522,1.983,276.706,320.603,-1.017,2.284,0,0,0,0,228.302,427.987,282,-79.5,0.294,-0.834,0.01,-0.049,59,320.235,487.905,2.397,0.71,0,0,0,0,0,0,0,0,4134

Main.js:462 336.847,182.124,114,114,-0.044,0.095,0,0,29,0,0,0,0,0,0,0,142.375,424.183,-1.522,1.983,275.689,322.887,-1.017,2.284,0,0,0,0,228.593,427.148,283.5,-79.5,0.29,-0.838,0.012,-0.049,58,322.632,488.615,2.397,0.71,0,0,0,0,0,0,0,0,4152

Main.js:462 336.805,182.214,114,114,-0.042,0.09,0,0,28,0,0,0,0,1,0,0,140.853,426.167,-1.522,1.983,274.672,325.171,-1.017,2.284,0,0,0,0,228.881,426.306,285,-79.5,0.288,-0.842,0.013,-0.048,57,325.029,489.325,2.397,0.71,0,0,0,0,0,0,0,0,4167

Main.js:462 336.765,182.3,114,114,-0.04,0.085,0,0,27,0,0,0,0,1,0,0,139.331,428.15,-1.522,1.983,273.655,327.455,-1.017,2.284,0,0,0,0,229.168,425.46,286.5,-79.5,0.287,-0.846,0.014,-0.048,56,327.426,490.035,2.397,0.71,0,0,0,0,0,0,0,0,4185

Main.js:462 336.727,182.381,114,114,-0.038,0.081,0,0,26,0,0,0,0,1,0,0,137.809,430.134,-1.522,1.983,272.638,329.739,-1.017,2.284,0,0,0,0,229.455,424.612,288,-79.5,0.287,-0.849,0.015,-0.048,55,329.823,490.746,2.397,0.71,0,0,0,0,0,0,0,0,4201

Main.js:462 336.691,182.458,114,114,-0.036,0.077,0,0,25,0,0,0,0,1,0,0,136.287,432.117,-1.522,1.983,271.621,332.023,-1.017,2.284,0,0,0,0,229.744,423.761,289.5,-79.5,0.289,-0.851,0.017,-0.047,54,332.22,491.456,2.397,0.71,0,0,0,0,0,0,0,0,4218

Main.js:462 336.657,182.531,114,114,-0.034,0.073,0,0,24,0,0,0,0,1,0,0,134.765,434.1,-1.522,1.983,270.605,334.307,-1.017,2.284,0,0,0,0,230.035,422.908,291,-79.5,0.291,-0.853,0.018,-0.047,53,334.617,492.166,2.397,0.71,0,0,0,0,0,0,0,0,4234

Main.js:462 336.624,182.601,114,114,-0.033,0.07,0,0,23,0,0,0,0,1,0,0,133.244,436.084,-1.522,1.983,269.588,336.591,-1.017,2.284,0,0,0,0,230.33,422.054,292.5,-79.5,0.295,-0.854,0.019,-0.046,52,337.014,492.876,2.397,0.71,0,0,0,0,0,0,0,0,4251

Main.js:462 336.593,182.667,114,114,-0.031,0.066,0,0,22,0,0,0,0,0,0,0,131.722,438.067,-1.522,1.983,268.571,338.874,-1.017,2.284,0,0,0,0,230.63,421.199,294,-79.5,0.3,-0.855,0.02,-0.046,51,339.411,493.586,2.397,0.71,0,0,0,0,0,0,0,0,4268

Main.js:462 336.564,182.73,115.5,115.5,-0.029,0.063,0,0,21,0,1,0,0,0,0,0,130.2,440.051,-1.522,1.983,267.554,341.158,-1.017,2.284,0,0,0,0,230.935,420.344,295.5,-79.5,0.305,-0.855,0.022,-0.045,50,341.808,494.296,2.397,0.71,0,0,0,0,0,0,0,0,4284

Main.js:462 336.536,182.789,117,117,-0.028,0.06,0,0,20,0,1,0,0,0,0,0,128.678,442.034,-1.522,1.983,266.537,343.442,-1.017,2.284,0,0,0,0,231.246,419.49,297,-79.5,0.311,-0.854,0.023,-0.045,49,344.205,495.006,2.397,0.71,0,0,0,0,0,0,0,0,4300

Main.js:462 336.509,182.846,118.5,118.5,-0.027,0.057,0,0,19,0,1,0,0,0,0,0,127.156,444.017,-1.522,1.983,265.52,345.726,-1.017,2.284,0,0,0,0,231.565,418.637,298.5,-79.5,0.318,-0.853,0.024,-0.044,48,346.602,495.716,2.397,0.71,0,0,0,0,0,0,0,0,4318

Main.js:462 336.484,182.9,120,120,-0.025,0.054,0,0,18,0,1,0,0,0,0,0,125.634,446.001,-1.522,1.983,264.503,348.01,-1.017,2.284,0,0,0,0,231.891,417.785,300,-79.5,0.326,-0.852,0.025,-0.043,47,348.999,496.426,2.397,0.71,0,0,0,0,0,0,0,0,4335

Main.js:462 336.46,182.951,121.5,121.5,-0.024,0.051,0,0,17,0,1,0,0,1,0,0,124.112,447.984,-1.522,1.983,263.487,350.294,-1.017,2.284,0,0,0,0,232.226,416.935,301.5,-79.5,0.335,-0.85,0.026,-0.043,46,351.396,497.136,2.397,0.71,0,0,0,0,0,0,0,0,4351

Main.js:462 336.438,183,123,123,-0.023,0.049,0,0,16,0,1,0,0,1,0,0,122.59,449.967,-1.522,1.983,262.47,352.578,-1.017,2.284,0,0,0,0,232.57,416.088,303,-79.5,0.344,-0.847,0.027,-0.042,45,353.794,497.846,2.397,0.71,0,0,0,0,0,0,0,0,4367

Main.js:462 336.416,183.046,124.5,124.5,-0.022,0.046,0,0,15,0,1,0,0,1,0,0,121.068,451.951,-1.522,1.983,261.453,354.861,-1.017,2.284,0,0,0,0,232.924,415.244,304.5,-79.5,0.354,-0.844,0.028,-0.041,44,356.191,498.556,2.397,0.71,0,0,0,0,0,0,0,0,4384

Main.js:462 336.396,183.09,126,126,-0.021,0.044,0,0,14,0,1,0,0,1,0,0,119.546,453.934,-1.522,1.983,260.436,357.145,-1.017,2.284,0,0,0,0,233.288,414.403,306,-79.5,0.364,-0.84,0.029,-0.04,43,358.588,499.266,2.397,0.71,0,0,0,0,0,0,0,0,4400

Main.js:462 336.376,183.131,126,126,-0.019,0.042,0,0,13,0,0,0,0,1,0,0,118.024,455.918,-1.522,1.983,259.419,359.429,-1.017,2.284,0,0,0,0,233.662,413.568,307.5,-79.5,0.375,-0.836,0.03,-0.04,42,360.985,499.976,2.397,0.71,0,0,0,0,0,0,0,0,4417

Main.js:462 336.357,183.171,126,126,-0.019,0.04,0,0,12,0,0,0,0,1,0,0,116.503,457.901,-1.522,1.983,258.402,361.713,-1.017,2.284,0,0,0,0,234.048,412.737,309,-79.5,0.386,-0.831,0.031,-0.039,41,0,0,0,0,0,0,0,0,0,0,0,0,4434

Main.js:462 336.34,183.208,126,126,-0.018,0.038,0,0,11,0,0,0,0,0,0,0,114.981,459.884,-1.522,1.983,257.386,363.997,-1.017,2.284,0,0,0,0,234.445,411.911,310.5,-79.5,0.397,-0.826,0.032,-0.038,40,0,0,0,0,0,0,0,0,0,0,0,0,4451

Main.js:462 336.323,183.244,126,126,-0.017,0.036,0,0,10,0,0,0,0,0,0,0,113.459,461.868,-1.522,1.983,256.369,366.281,-1.017,2.284,0,0,0,0,234.854,411.092,312,-79.5,0.409,-0.82,0.033,-0.037,39,0,0,0,0,0,0,0,0,0,0,0,0,4467

Main.js:462 336.307,183.278,126,126,-0.016,0.034,0,0,9,0,0,0,0,0,0,0,111.937,463.851,-1.522,1.983,255.352,368.565,-1.017,2.284,0,0,0,0,235.276,410.278,313.5,-79.5,0.421,-0.813,0.034,-0.036,38,0,0,0,0,0,0,0,0,0,0,0,0,4485

Main.js:462 336.292,183.31,126,126,-0.015,0.032,0,0,8,0,0,0,0,0,0,0,110.415,465.835,-1.522,1.983,254.335,370.848,-1.017,2.284,0,0,0,0,235.71,409.473,315,-79.5,0.434,-0.806,0.035,-0.035,37,0,0,0,0,0,0,0,0,0,0,0,0,4501

Main.js:462 336.278,183.341,126,126,-0.014,0.031,0,0,7,0,0,0,0,0,0,0,108.893,467.818,-1.522,1.983,253.318,373.132,-1.017,2.284,0,0,0,0,236.156,408.673,315,-81,0.446,-0.799,0.035,-0.035,36,0,0,0,0,0,0,0,0,0,0,0,0,4518

Main.js:462 336.264,183.37,126,126,-0.014,0.029,0,0,6,0,0,0,0,1,0,0,107.371,469.801,-1.522,1.983,252.301,375.416,-1.017,2.284,0,0,0,0,236.613,407.88,315,-82.5,0.457,-0.793,0.035,-0.035,35,0,0,0,0,0,0,0,0,0,0,0,0,4534

Main.js:462 336.251,183.398,126,126,-0.013,0.028,0,0,5,0,0,0,0,1,0,0,105.849,471.785,-1.522,1.983,251.285,377.7,-1.017,2.284,0,0,0,0,237.081,407.094,315,-84,0.468,-0.787,0.035,-0.035,34,0,0,0,0,0,0,0,0,0,0,0,0,4552

Main.js:462 336.239,183.424,126,126,-0.012,0.026,0,0,4,0,0,0,0,1,0,0,104.327,473.768,-1.522,1.983,250.268,379.984,-1.017,2.284,0,0,0,0,237.559,406.312,315,-85.5,0.478,-0.781,0.035,-0.035,33,0,0,0,0,0,0,0,0,0,0,0,0,4568

Main.js:462 336.227,183.449,126,126,-0.012,0.025,0,0,3,0,0,0,0,1,0,0,102.805,475.751,-1.522,1.983,249.251,382.268,-1.017,2.284,0,0,0,0,238.047,405.537,315,-87,0.488,-0.776,0.035,-0.035,32,0,0,0,0,0,0,0,0,0,0,0,0,4586

Main.js:462 336.216,183.473,126,126,-0.011,0.024,0,0,2,0,0,0,0,1,0,0,101.284,477.735,-1.522,1.983,248.234,384.552,-1.017,2.284,0,0,0,0,238.544,404.766,315,-88.5,0.497,-0.77,0.035,-0.035,31,0,0,0,0,0,0,0,0,0,0,0,0,4601

Main.js:462 336.206,183.495,126,126,-0.011,0.023,0,0,1,0,0,0,0,0,0,0,99.762,479.718,-1.522,1.983,247.217,386.836,-1.017,2.284,0,0,0,0,239.05,404.001,315,-90,0.506,-0.765,0.035,-0.035,30,0,0,0,0,0,0,0,0,0,0,0,0,4618

Main.js:462 336.196,183.516,126,126,-0.01,0.021,0,0,0,0,0,0,0,0,0,0,98.24,481.702,-1.522,1.983,246.2,389.119,-1.017,2.284,0,0,0,0,239.564,403.24,315,-91.5,0.514,-0.761,0.035,-0.035,29,0,0,0,0,0,0,0,0,0,0,0,0,4635

Main.js:462 336.186,183.537,126,126,-0.01,0.02,0,0,0,0,0,0,0,0,0,0,98.24,481.702,-1.522,1.983,246.2,389.119,-1.017,2.284,0,0,0,0,240.085,402.484,315,-93,0.522,-0.756,0.035,-0.035,28,0,0,0,0,0,0,0,0,0,0,0,0,4651

