Main.js:143 myTank.x,myTank.y,myTank.rotation,myTank.cannonRotation,myTank.velocityX,myTank.velocityY,myTank.accelerationX,myTank.accelerationY,myTank.shootCooldown,myTank.controls.turnLeft,myTank.controls.turnRight,myTank.controls.goForward,myTank.controls.goBack,myTank.controls.shoot,myTank.controls.cannonLeft,myTank.controls.cannonRight,myBullet1.x,myBullet1.y,myBullet1.velocityX,myBullet1.velocityY,myBullet2.x,myBullet2.y,myBullet2.velocityX,myBullet2.velocityY,myBullet3.x,myBullet3.y,myBullet3.velocityX,myBullet3.velocityY,enemyTank.x,enemyTank.y,enemyTank.rotation,enemyTank.cannonRotation,enemyTank.velocityX,enemyTank.velocityY,enemyTank.accelerationX,enemyTank.accelerationY,enemyTank.shootCooldown,enemyBullet1.x,enemyBullet1.y,enemyBullet1.velocityX,enemyBullet1.velocityY,enemyBullet2.x,enemyBullet2.y,enemyBullet2.velocityX,enemyBullet2.velocityY,enemyBullet3.x,enemyBullet3.y,enemyBullet3.velocityX,enemyBullet3.velocityY,currentGameTime
Main.js:462 450,151,180,180,0,0,0,0,0,0,0,0,0,0,0,0,0,0,0,0,0,0,0,0,0,0,0,0,50,349,0,0,0,0,0,0,0,0,0,0,0,0,0,0,0,0,0,0,0,5

Main.js:462 450,151,180,180,0,0,0,0,0,0,0,0,0,0,0,0,0,0,0,0,0,0,0,0,0,0,0,0,50,349,0,0,0,0,0,0,0,0,0,0,0,0,0,0,0,0,0,0,0,31

Main.js:462 450,151,180,180,0,0,0,0,0,0,0,0,0,0,0,0,0,0,0,0,0,0,0,0,0,0,0,0,50.047,349.001,1.5,0,0.047,0.001,0.05,0.001,99,0,0,0,0,0,0,0,0,0,0,0,0,64

Main.js:462 450,151,180,180,0,0,0,0,0,0,0,0,0,0,0,0,0,0,0,0,0,0,0,0,0,0,0,0,50.14,349.005,3,0,0.093,0.004,0.05,0.003,98,73.5,349,2.5,0,0,0,0,0,0,0,0,0,80

Main.js:462 450,151,180,180,0,0,0,0,0,0,0,0,0,0,0,0,0,0,0,0,0,0,0,0,0,0,0,0,50.275,349.012,4.5,0,0.135,0.007,0.05,0.004,97,76,349,2.5,0,0,0,0,0,0,0,0,0,97

Main.js:462 450,151,180,180,0,0,0,0,0,0,0,0,0,0,0,0,0,0,0,0,0,0,0,0,0,0,0,0,50.451,349.024,6,0,0.176,0.012,0.05,0.005,96,78.5,349,2.5,0,0,0,0,0,0,0,0,0,114

Main.js:462 450,151,180,180,0,0,0,0,0,0,0,0,0,0,0,0,0,0,0,0,0,0,0,0,0,0,0,0,50.665,349.041,7.5,0,0.214,0.017,0.05,0.007,95,81,349,2.5,0,0,0,0,0,0,0,0,0,131

Main.js:462 450,151,180,180,0,0,0,0,0,0,0,0,0,0,0,0,0,0,0,0,0,0,0,0,0,0,0,0,50.915,349.065,9,0,0.25,0.024,0.049,0.008,94,83.5,349,2.5,0,0,0,0,0,0,0,0,0,148

Main.js:462 449.953,151,180,180,-0.047,0,-0.05,0,0,0,0,1,0,0,0,0,0,0,0,0,0,0,0,0,0,0,0,0,51.2,349.097,10.5,0,0.284,0.031,0.049,0.009,93,86,349,2.5,0,0,0,0,0,0,0,0,0,166

Main.js:462 449.86,151,180,180,-0.093,0,-0.05,0,0,0,0,1,0,0,0,0,0,0,0,0,0,0,0,0,0,0,0,0,51.517,349.137,12,0,0.317,0.04,0.049,0.01,92,88.5,349,2.5,0,0,0,0,0,0,0,0,0,181

Main.js:462 449.724,151,180,180,-0.135,0,-0.05,0,0,0,0,1,0,0,0,0,0,0,0,0,0,0,0,0,0,0,0,0,51.864,349.185,13.5,0,0.347,0.049,0.049,0.012,91,91,349,2.5,0,0,0,0,0,0,0,0,0,199

Main.js:462 449.548,151,180,180,-0.176,0,-0.05,0,0,0,0,1,0,0,0,0,0,0,0,0,0,0,0,0,0,0,0,0,52.239,349.244,15,0,0.376,0.059,0.048,0.013,90,93.5,349,2.5,0,0,0,0,0,0,0,0,0,215

Main.js:462 449.333,151,180,180,-0.215,0,-0.05,0,0,0,0,1,0,0,0,0,0,0,0,0,0,0,0,0,0,0,0,0,52.641,349.313,16.5,0,0.402,0.069,0.048,0.014,89,96,349,2.5,0,0,0,0,0,0,0,0,0,233

Main.js:462 449.082,151,180,180,-0.252,0,-0.05,0,0,0,0,1,0,0,0,0,0,0,0,0,0,0,0,0,0,0,0,0,53.069,349.394,18,0,0.427,0.08,0.048,0.015,88,98.5,349,2.5,0,0,0,0,0,0,0,0,0,247

Main.js:462 448.795,151,180,180,-0.287,0,-0.05,0,0,0,0,1,0,0,0,0,0,0,0,0,0,0,0,0,0,0,0,0,53.52,349.486,19.5,0,0.451,0.092,0.047,0.017,87,101,349,2.5,0,0,0,0,0,0,0,0,0,264

Main.js:462 448.475,151,180,180,-0.32,0,-0.05,0,0,0,0,1,0,0,0,0,0,0,0,0,0,0,0,0,0,0,0,0,53.992,349.591,21,0,0.473,0.105,0.047,0.018,86,103.5,349,2.5,0,0,0,0,0,0,0,0,0,281

Main.js:462 448.124,151,180,180,-0.351,0,-0.05,0,0,0,0,1,0,0,0,0,0,0,0,0,0,0,0,0,0,0,0,0,54.485,349.708,22.5,0,0.493,0.118,0.046,0.019,85,106,349,2.5,0,0,0,0,0,0,0,0,0,298

Main.js:462 447.743,151.001,178.5,178.5,-0.381,0.001,-0.05,0.001,0,1,0,1,0,0,0,0,0,0,0,0,0,0,0,0,0,0,0,0,54.997,349.84,24,0,0.512,0.131,0.046,0.02,84,108.5,349,2.5,0,0,0,0,0,0,0,0,0,315

Main.js:462 447.333,151.005,177,177,-0.41,0.004,-0.05,0.003,0,1,0,1,0,0,0,0,0,0,0,0,0,0,0,0,0,0,0,0,55.526,349.985,25.5,0,0.529,0.145,0.045,0.022,83,111,349,2.5,0,0,0,0,0,0,0,0,0,331

Main.js:462 446.897,151.012,175.5,175.5,-0.436,0.007,-0.05,0.004,0,1,0,1,0,0,0,0,0,0,0,0,0,0,0,0,0,0,0,0,56.07,350.144,27,0,0.545,0.159,0.045,0.023,82,113.5,349,2.5,0,0,0,0,0,0,0,0,0,348

Main.js:462 446.435,151.024,174,174,-0.462,0.012,-0.05,0.005,0,1,0,1,0,0,0,0,0,0,0,0,0,0,0,0,0,0,0,0,56.63,350.318,28.5,0,0.559,0.174,0.044,0.024,81,116,349,2.5,0,0,0,0,0,0,0,0,0,364

Main.js:462 445.949,151.041,172.5,172.5,-0.486,0.017,-0.05,0.007,0,1,0,1,0,0,0,0,0,0,0,0,0,0,0,0,0,0,0,0,57.202,350.507,30,0,0.572,0.189,0.043,0.025,80,118.5,349,2.5,0,0,0,0,0,0,0,0,0,381

Main.js:462 445.441,151.065,171,171,-0.508,0.024,-0.049,0.008,0,1,0,1,0,0,0,0,0,0,0,0,0,0,0,0,0,0,0,0,57.787,350.711,31.5,0,0.584,0.204,0.043,0.026,79,121,349,2.5,0,0,0,0,0,0,0,0,0,397

Main.js:462 444.911,151.097,169.5,169.5,-0.53,0.031,-0.049,0.009,0,1,0,1,0,0,0,0,0,0,0,0,0,0,0,0,0,0,0,0,58.382,350.931,33,0,0.595,0.22,0.042,0.027,78,123.5,349,2.5,0,0,0,0,0,0,0,0,0,414

Main.js:462 444.361,151.137,168,168,-0.55,0.04,-0.049,0.01,0,1,0,1,0,0,0,0,0,0,0,0,0,0,0,0,0,0,0,0,58.986,351.167,34.5,0,0.604,0.236,0.041,0.028,77,126,349,2.5,0,0,0,0,0,0,0,0,0,431

Main.js:462 443.792,151.184,168,168,-0.569,0.048,-0.049,0.01,0,0,0,1,0,0,0,0,0,0,0,0,0,0,0,0,0,0,0,0,59.598,351.419,36,0,0.613,0.252,0.04,0.029,76,128.5,349,2.5,0,0,0,0,0,0,0,0,0,448

Main.js:462 443.206,151.239,168,168,-0.587,0.055,-0.049,0.01,0,0,0,1,0,0,0,0,0,0,0,0,0,0,0,0,0,0,0,0,60.218,351.688,37.5,0,0.62,0.268,0.04,0.03,75,131,349,2.5,0,0,0,0,0,0,0,0,0,466

Main.js:462 442.602,151.302,168,168,-0.604,0.062,-0.049,0.01,0,0,0,1,0,0,0,0,0,0,0,0,0,0,0,0,0,0,0,0,60.844,351.973,39,0,0.626,0.285,0.039,0.031,74,133.5,349,2.5,0,0,0,0,0,0,0,0,0,480

Main.js:462 441.982,151.371,168,168,-0.62,0.069,-0.049,0.01,0,0,0,1,0,0,0,0,0,0,0,0,0,0,0,0,0,0,0,0,61.474,352.274,40.5,0,0.63,0.301,0.038,0.032,73,136,349,2.5,0,0,0,0,0,0,0,0,0,498

Main.js:462 441.346,151.446,168,168,-0.636,0.075,-0.049,0.01,0,0,0,1,0,0,0,0,0,0,0,0,0,0,0,0,0,0,0,0,62.108,352.592,42,0,0.634,0.318,0.037,0.033,72,138.5,349,2.5,0,0,0,0,0,0,0,0,0,516

Main.js:462 440.696,151.528,168,168,-0.65,0.082,-0.049,0.01,0,0,0,1,0,0,0,0,0,0,0,0,0,0,0,0,0,0,0,0,62.746,352.926,42,358.5,0.638,0.334,0.037,0.033,71,141,349,2.5,0,0,0,0,0,0,0,0,0,532

Main.js:462 440.032,151.615,168,168,-0.664,0.087,-0.049,0.01,0,0,0,1,0,0,0,0,0,0,0,0,0,0,0,0,0,0,0,0,63.387,353.276,42,357,0.641,0.349,0.037,0.033,70,143.5,349,2.5,0,0,0,0,0,0,0,0,0,548

Main.js:462 439.354,151.708,168,168,-0.677,0.093,-0.049,0.01,0,0,0,1,0,0,0,0,0,0,0,0,0,0,0,0,0,0,0,0,64.032,353.639,42,355.5,0.644,0.363,0.037,0.033,69,146,349,2.5,0,0,0,0,0,0,0,0,0,565

Main.js:462 438.664,151.807,166.5,166.5,-0.69,0.099,-0.049,0.012,0,1,0,1,0,0,0,0,0,0,0,0,0,0,0,0,0,0,0,0,64.679,354.016,42,354,0.647,0.377,0.037,0.033,68,148.5,349,2.5,0,0,0,0,0,0,0,0,0,581

Main.js:462 437.963,151.914,165,165,-0.701,0.107,-0.048,0.013,0,1,0,1,0,0,0,0,0,0,0,0,0,0,0,0,0,0,0,0,65.329,354.406,42,352.5,0.65,0.39,0.037,0.033,67,151,349,2.5,0,0,0,0,0,0,0,0,0,598

Main.js:462 437.252,152.028,163.5,163.5,-0.712,0.115,-0.048,0.014,0,1,0,1,0,0,0,0,0,0,0,0,0,0,0,0,0,0,0,0,65.983,354.808,42,351,0.653,0.402,0.037,0.033,66,153.5,349,2.5,0,0,0,0,0,0,0,0,0,615

Main.js:462 436.53,152.152,162,162,-0.721,0.124,-0.048,0.015,0,1,0,1,0,0,0,0,0,0,0,0,0,0,0,0,0,0,0,0,66.639,355.222,42,349.5,0.656,0.414,0.037,0.033,65,156,349,2.5,0,0,0,0,0,0,0,0,0,631

Main.js:462 435.8,152.286,160.5,160.5,-0.73,0.133,-0.047,0.017,0,1,0,1,0,0,0,0,0,0,0,0,0,0,0,0,0,0,0,0,67.297,355.647,42,348,0.658,0.425,0.037,0.033,64,158.5,349,2.5,0,0,0,0,0,0,0,0,0,648

Main.js:462 435.063,152.429,159,159,-0.738,0.144,-0.047,0.018,0,1,0,1,0,0,0,0,0,0,0,0,0,0,0,0,0,0,0,0,67.958,356.083,42,346.5,0.661,0.436,0.037,0.033,63,161,349,2.5,0,0,0,0,0,0,0,0,0,663

Main.js:462 434.318,152.584,157.5,157.5,-0.745,0.155,-0.046,0.019,0,1,0,1,0,0,0,0,0,0,0,0,0,0,0,0,0,0,0,0,68.621,356.529,42,345,0.663,0.446,0.037,0.033,62,163.5,349,2.5,0,0,0,0,0,0,0,0,0,681

Main.js:462 433.567,152.75,156,156,-0.751,0.166,-0.046,0.02,0,1,0,1,0,0,0,0,0,0,0,0,0,0,0,0,0,0,0,0,69.286,356.984,42,343.5,0.665,0.455,0.037,0.033,61,166,349,2.5,0,0,0,0,0,0,0,0,0,699

Main.js:462 432.811,152.929,154.5,154.5,-0.756,0.178,-0.045,0.022,0,1,0,1,0,0,0,0,0,0,0,0,0,0,0,0,0,0,0,0,69.953,357.448,42,342,0.667,0.464,0.037,0.033,60,168.5,349,2.5,0,0,0,0,0,0,0,0,0,716

Main.js:462 432.05,153.12,153,153,-0.761,0.191,-0.045,0.023,0,1,0,1,0,0,0,0,0,0,0,0,0,0,0,0,0,0,0,0,70.622,357.92,42,340.5,0.669,0.473,0.037,0.033,59,171,349,2.5,0,0,0,0,0,0,0,0,0,732

Main.js:462 431.285,153.324,151.5,151.5,-0.764,0.204,-0.044,0.024,0,1,0,1,0,0,0,0,0,0,0,0,0,0,0,0,0,0,0,0,71.293,358.401,42,339,0.671,0.481,0.037,0.033,58,173.5,349,2.5,0,0,0,0,0,0,0,0,0,748

Main.js:462 430.518,153.542,150,150,-0.767,0.218,-0.043,0.025,0,1,0,1,0,0,0,0,0,0,0,0,0,0,0,0,0,0,0,0,71.966,358.89,42,337.5,0.673,0.489,0.037,0.033,57,176,349,2.5,0,0,0,0,0,0,0,0,0,765

Main.js:462 429.748,153.773,148.5,148.5,-0.77,0.232,-0.043,0.026,0,1,0,1,0,0,0,0,0,0,0,0,0,0,0,0,0,0,0,0,72.64,359.386,42,336,0.674,0.496,0.037,0.033,56,178.5,349,2.5,0,0,0,0,0,0,0,0,0,781

Main.js:462 428.977,154.019,147,147,-0.771,0.246,-0.042,0.027,0,1,0,1,0,0,0,0,0,0,0,0,0,0,0,0,0,0,0,0,73.316,359.889,42,334.5,0.676,0.503,0.037,0.033,55,181,349,2.5,0,0,0,0,0,0,0,0,0,797

Main.js:462 428.206,154.28,145.5,145.5,-0.771,0.261,-0.041,0.028,0,1,0,1,0,0,0,0,0,0,0,0,0,0,0,0,0,0,0,0,73.994,360.398,42,333,0.677,0.51,0.037,0.033,54,183.5,349,2.5,0,0,0,0,0,0,0,0,0,814

Main.js:462 427.435,154.555,144,144,-0.771,0.275,-0.04,0.029,0,1,0,1,0,0,0,0,0,0,0,0,0,0,0,0,0,0,0,0,74.672,360.914,42,331.5,0.679,0.516,0.037,0.033,53,186,349,2.5,0,0,0,0,0,0,0,0,0,831

Main.js:462 426.664,154.846,142.5,142.5,-0.77,0.291,-0.04,0.03,0,1,0,1,0,0,0,0,0,0,0,0,0,0,0,0,0,0,0,0,75.353,361.436,42,330,0.68,0.522,0.037,0.033,52,188.5,349,2.5,0,0,0,0,0,0,0,0,0,847

Main.js:462 425.895,155.152,141,141,-0.769,0.306,-0.039,0.031,0,1,0,1,0,0,0,0,0,0,0,0,0,0,0,0,0,0,0,0,76.034,361.964,42,328.5,0.682,0.528,0.037,0.033,51,191,349,2.5,0,0,0,0,0,0,0,0,0,864

Main.js:462 425.129,155.474,139.5,139.5,-0.767,0.322,-0.038,0.032,0,1,0,1,0,0,0,0,0,0,0,0,0,0,0,0,0,0,0,0,76.717,362.497,42,327,0.683,0.533,0.037,0.033,50,193.5,349,2.5,0,0,0,0,0,0,0,0,0,880

Main.js:462 424.365,155.811,138,138,-0.764,0.337,-0.037,0.033,0,1,0,1,0,0,0,0,0,0,0,0,0,0,0,0,0,0,0,0,77.401,363.035,42,325.5,0.684,0.538,0.037,0.033,49,196,349,2.5,0,0,0,0,0,0,0,0,0,923

Main.js:462 423.605,156.163,138,138,-0.761,0.352,-0.037,0.033,0,0,0,1,0,0,0,0,0,0,0,0,0,0,0,0,0,0,0,0,78.086,363.578,42,324,0.685,0.543,0.037,0.033,48,198.5,349,2.5,0,0,0,0,0,0,0,0,0,947

Main.js:462 422.847,156.529,138,138,-0.758,0.366,-0.037,0.033,0,0,0,1,0,0,0,0,0,0,0,0,0,0,0,0,0,0,0,0,78.772,364.125,42,322.5,0.686,0.548,0.037,0.033,47,201,349,2.5,0,0,0,0,0,0,0,0,0,963

Main.js:462 422.091,156.909,138,138,-0.755,0.38,-0.037,0.033,0,0,0,1,0,0,0,0,0,0,0,0,0,0,0,0,0,0,0,0,79.459,364.677,42,321,0.687,0.552,0.037,0.033,46,203.5,349,2.5,0,0,0,0,0,0,0,0,0,980

Main.js:462 421.338,157.302,138,138,-0.753,0.393,-0.037,0.033,0,0,0,1,0,0,0,0,0,0,0,0,0,0,0,0,0,0,0,0,80.147,365.233,42,319.5,0.688,0.556,0.037,0.033,45,206,349,2.5,0,0,0,0,0,0,0,0,0,998

Main.js:462 420.588,157.706,138,138,-0.75,0.405,-0.037,0.033,0,0,0,1,0,0,0,0,0,0,0,0,0,0,0,0,0,0,0,0,80.836,365.794,42,318,0.689,0.56,0.037,0.033,44,208.5,349,2.5,0,0,0,0,0,0,0,0,0,1014

Main.js:462 419.84,158.123,138,138,-0.748,0.416,-0.037,0.033,99,0,0,1,0,1,0,0,0,0,0,0,0,0,0,0,0,0,0,0,81.527,366.357,40.5,315,0.691,0.563,0.038,0.032,43,211,349,2.5,0,0,0,0,0,0,0,0,0,1030

Main.js:462 419.094,158.55,138,138,-0.746,0.427,-0.037,0.033,98,0,0,1,0,1,0,0,403.124,173.431,-1.858,1.673,0,0,0,0,0,0,0,0,82.219,366.921,39,312,0.693,0.565,0.039,0.031,42,213.5,349,2.5,0,0,0,0,0,0,0,0,0,1047

Main.js:462 418.349,158.988,138,138,-0.744,0.438,-0.037,0.033,97,0,0,1,0,1,0,0,401.266,175.104,-1.858,1.673,0,0,0,0,0,0,0,0,82.916,367.487,37.5,309,0.696,0.565,0.04,0.03,41,216,349,2.5,0,0,0,0,0,0,0,0,0,1064

Main.js:462 417.607,159.435,138,138,-0.742,0.448,-0.037,0.033,96,0,0,1,0,1,0,0,399.408,176.777,-1.858,1.673,0,0,0,0,0,0,0,0,83.615,368.052,36,306,0.7,0.565,0.04,0.029,40,218.5,349,2.5,0,0,0,0,0,0,0,0,0,1080

Main.js:462 416.867,159.892,138,138,-0.74,0.457,-0.037,0.033,95,0,0,1,0,1,0,0,397.551,178.449,-1.858,1.673,0,0,0,0,0,0,0,0,84.319,368.616,34.5,303,0.704,0.564,0.041,0.028,39,221,349,2.5,0,0,0,0,0,0,0,0,0,1098

Main.js:462 416.128,160.358,138,138,-0.739,0.466,-0.037,0.033,94,0,0,1,0,1,0,0,395.693,180.122,-1.858,1.673,0,0,0,0,0,0,0,0,85.027,369.177,33,300,0.708,0.561,0.042,0.027,38,223.5,349,2.5,0,0,0,0,0,0,0,0,0,1116

Main.js:462 415.391,160.832,138,138,-0.737,0.474,-0.037,0.033,93,0,0,1,0,0,0,0,393.835,181.795,-1.858,1.673,0,0,0,0,0,0,0,0,85.741,369.735,31.5,297,0.714,0.558,0.043,0.026,37,226,349,2.5,0,0,0,0,0,0,0,0,0,1131

Main.js:462 414.655,161.315,138,138,-0.736,0.482,-0.037,0.033,92,0,0,1,0,0,0,0,391.977,183.468,-1.858,1.673,0,0,0,0,0,0,0,0,86.46,370.289,30,294,0.719,0.554,0.043,0.025,36,228.5,349,2.5,0,0,0,0,0,0,0,0,0,1148

Main.js:462 413.921,161.805,138,138,-0.734,0.49,-0.037,0.033,91,0,0,1,0,0,0,0,390.119,185.141,-1.858,1.673,0,0,0,0,0,0,0,0,87.185,370.838,28.5,291,0.725,0.549,0.044,0.024,35,231,349,2.5,0,0,0,0,0,0,0,0,0,1164

Main.js:462 413.189,162.302,138,138,-0.733,0.497,-0.037,0.033,90,0,0,1,0,0,0,0,388.261,186.814,-1.858,1.673,0,0,0,0,0,0,0,0,87.916,371.381,27,288,0.731,0.543,0.045,0.023,34,233.5,349,2.5,0,0,0,0,0,0,0,0,0,1180

Main.js:462 412.457,162.807,138,138,-0.731,0.504,-0.037,0.033,89,0,0,1,0,0,0,0,386.403,188.486,-1.858,1.673,0,0,0,0,0,0,0,0,88.653,371.918,25.5,285,0.737,0.536,0.045,0.022,33,236,349,2.5,0,0,0,0,0,0,0,0,0,1198

Main.js:462 411.727,163.318,138,138,-0.73,0.511,-0.037,0.033,88,0,0,1,0,0,0,0,384.545,190.159,-1.858,1.673,0,0,0,0,0,0,0,0,89.396,372.446,24,282,0.744,0.529,0.046,0.02,32,238.5,349,2.5,0,0,0,0,0,0,0,0,0,1214

Main.js:462 410.999,163.835,138,138,-0.729,0.517,-0.037,0.033,87,0,0,1,0,0,0,0,382.688,191.832,-1.858,1.673,0,0,0,0,0,0,0,0,90.147,372.967,22.5,279,0.75,0.521,0.046,0.019,31,241,349,2.5,0,0,0,0,0,0,0,0,0,1231

Main.js:462 410.271,164.358,138,138,-0.728,0.523,-0.037,0.033,86,0,0,1,0,0,0,0,380.83,193.505,-1.858,1.673,0,0,0,0,0,0,0,0,90.904,373.479,21,276,0.757,0.512,0.047,0.018,30,243.5,349,2.5,0,0,0,0,0,0,0,0,0,1249

Main.js:462 409.544,164.887,138,138,-0.727,0.529,-0.037,0.033,85,0,0,1,0,0,0,0,378.972,195.178,-1.858,1.673,0,0,0,0,0,0,0,0,91.668,373.981,19.5,273,0.764,0.502,0.047,0.017,29,246,349,2.5,0,0,0,0,0,0,0,0,0,1265

Main.js:462 408.819,165.421,138,138,-0.726,0.534,-0.037,0.033,84,0,0,1,0,0,0,0,377.114,196.85,-1.858,1.673,0,0,0,0,0,0,0,0,92.439,374.472,18,270,0.771,0.491,0.048,0.015,28,248.5,349,2.5,0,0,0,0,0,0,0,0,0,1281

Main.js:462 408.094,165.96,138,138,-0.725,0.539,-0.037,0.033,83,0,0,1,0,0,0,0,375.256,198.523,-1.858,1.673,0,0,0,0,0,0,0,0,93.217,374.952,16.5,267,0.778,0.48,0.048,0.014,27,251,349,2.5,0,0,0,0,0,0,0,0,0,1299

Main.js:462 407.37,166.504,138,138,-0.724,0.544,-0.037,0.033,82,0,0,1,0,0,0,0,373.398,200.196,-1.858,1.673,0,0,0,0,0,0,0,0,94.003,375.421,15,264,0.785,0.469,0.048,0.013,26,253.5,349,2.5,0,0,0,0,0,0,0,0,0,1315

Main.js:462 406.648,167.052,138,138,-0.723,0.549,-0.037,0.033,81,0,0,1,0,0,0,0,371.54,201.869,-1.858,1.673,0,0,0,0,0,0,0,0,94.795,375.877,13.5,261,0.792,0.456,0.049,0.012,25,256,349,2.5,0,0,0,0,0,0,0,0,0,1331

Main.js:462 405.926,167.605,138,138,-0.722,0.553,-0.037,0.033,80,0,0,1,0,0,0,0,369.683,203.542,-1.858,1.673,0,0,0,0,0,0,0,0,95.593,376.321,12,258,0.799,0.443,0.049,0.01,24,258.5,349,2.5,0,0,0,0,0,0,0,0,0,1348

Main.js:462 405.205,168.162,138,138,-0.721,0.557,-0.037,0.033,79,0,0,1,0,0,0,0,367.825,205.215,-1.858,1.673,0,0,0,0,0,0,0,0,96.399,376.751,10.5,255,0.806,0.43,0.049,0.009,23,261,349,2.5,0,0,0,0,0,0,0,0,0,1363

Main.js:462 404.484,168.723,138,138,-0.72,0.561,-0.037,0.033,78,0,0,1,0,0,0,0,365.967,206.887,-1.858,1.673,0,0,0,0,0,0,0,0,97.211,377.166,9,252,0.812,0.416,0.049,0.008,22,263.5,349,2.5,0,0,0,0,0,0,0,0,0,1383

Main.js:462 403.765,169.288,138,138,-0.72,0.565,-0.037,0.033,77,0,0,1,0,0,0,0,364.109,208.56,-1.858,1.673,0,0,0,0,0,0,0,0,98.03,377.568,7.5,249,0.819,0.401,0.05,0.007,21,266,349,2.5,0,0,0,0,0,0,0,0,0,1398

Main.js:462 403.046,169.856,138,138,-0.719,0.568,-0.037,0.033,76,0,0,1,0,0,0,0,362.251,210.233,-1.858,1.673,0,0,0,0,0,0,0,0,98.855,377.954,6,246,0.825,0.386,0.05,0.005,20,268.5,349,2.5,0,0,0,0,0,0,0,0,0,1414

Main.js:462 402.327,170.428,138,138,-0.718,0.572,-0.037,0.033,75,0,0,1,0,0,0,0,360.393,211.906,-1.858,1.673,0,0,0,0,0,0,0,0,99.686,378.324,4.5,243,0.831,0.371,0.05,0.004,19,271,349,2.5,0,0,0,0,0,0,0,0,0,1432

Main.js:462 401.61,171.002,138,138,-0.718,0.575,-0.037,0.033,74,0,0,1,0,0,0,0,358.535,213.579,-1.858,1.673,0,0,0,0,0,0,0,0,100.523,378.679,3,240,0.837,0.354,0.05,0.003,18,273.5,349,2.5,0,0,0,0,0,0,0,0,0,1448

Main.js:462 400.892,171.58,138,138,-0.717,0.578,-0.037,0.033,73,0,0,1,0,0,0,0,356.678,215.252,-1.858,1.673,0,0,0,0,0,0,0,0,101.366,379.017,1.5,237,0.843,0.338,0.05,0.001,17,276,349,2.5,0,0,0,0,0,0,0,0,0,1465

Main.js:462 400.176,172.161,138,138,-0.717,0.581,-0.037,0.033,72,0,0,1,0,0,0,0,354.82,216.924,-1.858,1.673,0,0,0,0,0,0,0,0,102.214,379.338,0,234,0.848,0.321,0.05,0,16,278.5,349,2.5,0,0,0,0,0,0,0,0,0,1483

Main.js:462 399.46,172.744,138,138,-0.716,0.583,-0.037,0.033,71,0,0,1,0,0,0,0,352.962,218.597,-1.858,1.673,0,0,0,0,0,0,0,0,103.067,379.642,358.5,231,0.853,0.304,0.05,-0.001,15,281,349,2.5,0,0,0,0,0,0,0,0,0,1498

Main.js:462 398.744,173.331,138,138,-0.716,0.586,-0.037,0.033,70,0,0,1,0,0,0,0,351.104,220.27,-1.858,1.673,0,0,0,0,0,0,0,0,103.925,379.928,357,228,0.858,0.286,0.05,-0.003,14,283.5,349,2.5,0,0,0,0,0,0,0,0,0,1514

Main.js:462 398.029,173.919,138,138,-0.715,0.589,-0.037,0.033,69,0,0,1,0,0,0,0,349.246,221.943,-1.858,1.673,0,0,0,0,0,0,0,0,104.788,380.196,355.5,225,0.862,0.268,0.05,-0.004,13,286,349,2.5,0,0,0,0,0,0,0,0,0,1531

Main.js:462 397.315,174.51,138,138,-0.715,0.591,-0.037,0.033,68,0,0,1,0,0,0,0,347.388,223.616,-1.858,1.673,0,0,0,0,0,0,0,0,105.654,380.446,354,222,0.866,0.25,0.05,-0.005,12,288.5,349,2.5,0,0,0,0,0,0,0,0,0,1549

Main.js:462 396.6,175.103,138,138,-0.714,0.593,-0.037,0.033,67,0,0,1,0,0,0,0,345.53,225.289,-1.858,1.673,0,0,0,0,0,0,0,0,106.524,380.677,352.5,219,0.87,0.231,0.05,-0.007,11,291,349,2.5,0,0,0,0,0,0,0,0,0,1564

Main.js:462 395.887,175.699,138,138,-0.714,0.595,-0.037,0.033,66,0,0,1,0,0,0,0,343.673,226.961,-1.858,1.673,0,0,0,0,0,0,0,0,107.398,380.889,351,216,0.874,0.212,0.049,-0.008,10,293.5,349,2.5,0,0,0,0,0,0,0,0,0,1581

Main.js:462 395.173,176.296,138,138,-0.713,0.597,-0.037,0.033,65,0,0,1,0,0,0,0,341.815,228.634,-1.858,1.673,0,0,0,0,0,0,0,0,108.275,381.082,349.5,213,0.877,0.193,0.049,-0.009,9,296,349,2.5,0,0,0,0,0,0,0,0,0,1599

Main.js:462 394.46,176.895,138,138,-0.713,0.599,-0.037,0.033,64,0,0,1,0,0,0,0,339.957,230.307,-1.858,1.673,0,0,0,0,0,0,0,0,109.154,381.255,348,210,0.879,0.173,0.049,-0.01,8,298.5,349,2.5,0,0,0,0,0,0,0,0,0,1615

Main.js:462 393.748,177.496,138,138,-0.713,0.601,-0.037,0.033,63,0,0,1,0,0,0,0,338.099,231.98,-1.858,1.673,0,0,0,0,0,0,0,0,110.035,381.408,346.5,207,0.882,0.154,0.049,-0.012,7,301,349,2.5,0,0,0,0,0,0,0,0,0,1631

Main.js:462 393.035,178.099,138,138,-0.712,0.603,-0.037,0.033,62,0,0,1,0,0,0,0,336.241,233.653,-1.858,1.673,0,0,0,0,0,0,0,0,110.919,381.542,345,204,0.883,0.134,0.048,-0.013,6,303.5,349,2.5,0,0,0,0,0,0,0,0,0,1648

Main.js:462 392.323,178.703,138,138,-0.712,0.604,-0.037,0.033,61,0,0,1,0,0,0,0,334.383,235.326,-1.858,1.673,0,0,0,0,0,0,0,0,111.803,381.655,343.5,201,0.885,0.113,0.048,-0.014,5,306,349,2.5,0,0,0,0,0,0,0,0,0,1665

Main.js:462 391.612,179.309,138,138,-0.712,0.606,-0.037,0.033,60,0,0,1,0,0,0,0,332.525,236.998,-1.858,1.673,0,0,0,0,0,0,0,0,112.689,381.748,342,198,0.886,0.093,0.048,-0.015,4,308.5,349,2.5,0,0,0,0,0,0,0,0,0,1682

Main.js:462 390.9,179.917,138,138,-0.711,0.607,-0.037,0.033,59,0,0,1,0,0,0,0,330.667,238.671,-1.858,1.673,0,0,0,0,0,0,0,0,113.575,381.821,340.5,195,0.886,0.073,0.047,-0.017,3,311,349,2.5,0,0,0,0,0,0,0,0,0,1699

Main.js:462 390.189,180.526,138,138,-0.711,0.609,-0.037,0.033,58,0,0,1,0,0,0,0,328.81,240.344,-1.858,1.673,0,0,0,0,0,0,0,0,114.461,381.873,339,192,0.886,0.052,0.047,-0.018,2,313.5,349,2.5,0,0,0,0,0,0,0,0,0,1714

Main.js:462 389.478,181.136,138,138,-0.711,0.61,-0.037,0.033,57,0,0,1,0,0,0,0,326.952,242.017,-1.858,1.673,0,0,0,0,0,0,0,0,115.347,381.904,337.5,189,0.886,0.031,0.046,-0.019,1,316,349,2.5,0,0,0,0,0,0,0,0,0,1731

Main.js:462 388.767,181.747,139.5,139.5,-0.711,0.611,-0.038,0.032,56,0,1,1,0,0,0,0,325.094,243.69,-1.858,1.673,0,0,0,0,0,0,0,0,116.232,381.914,336,186,0.885,0.01,0.046,-0.02,0,318.5,349,2.5,0,0,0,0,0,0,0,0,0,1748

Main.js:462 388.054,182.357,141,141,-0.713,0.61,-0.039,0.031,55,0,1,1,0,0,0,0,323.236,245.362,-1.858,1.673,0,0,0,0,0,0,0,0,117.115,381.903,334.5,183,0.883,-0.011,0.045,-0.022,99,321,349,2.5,0,0,0,0,0,0,0,0,0,1766

Main.js:462 387.339,182.965,142.5,142.5,-0.715,0.608,-0.04,0.03,54,0,1,1,0,0,0,0,321.378,247.035,-1.858,1.673,0,0,0,0,0,0,0,0,117.997,381.872,333,180,0.882,-0.032,0.045,-0.023,98,323.5,349,2.5,0,92.764,380.684,-2.497,-0.131,0,0,0,0,1781

Main.js:462 386.621,183.571,144,144,-0.718,0.606,-0.04,0.029,53,0,1,1,0,0,0,0,319.52,248.708,-1.858,1.673,0,0,0,0,0,0,0,0,118.876,381.819,331.5,177,0.879,-0.053,0.044,-0.024,97,326,349,2.5,0,90.268,380.553,-2.497,-0.131,0,0,0,0,1798

Main.js:462 385.901,184.173,145.5,145.5,-0.721,0.602,-0.041,0.028,52,0,1,1,0,0,0,0,317.662,250.381,-1.858,1.673,0,0,0,0,0,0,0,0,119.753,381.745,330,174,0.876,-0.074,0.043,-0.025,96,328.5,349,2.5,0,87.771,380.423,-2.497,-0.131,0,0,0,0,1815

Main.js:462 385.176,184.771,147,147,-0.725,0.598,-0.042,0.027,51,0,1,1,0,0,0,0,315.805,252.054,-1.858,1.673,0,0,0,0,0,0,0,0,120.626,381.65,328.5,171,0.873,-0.095,0.043,-0.026,95,331,349,2.5,0,85.274,380.292,-2.497,-0.131,0,0,0,0,1831

Main.js:462 384.447,185.365,148.5,148.5,-0.729,0.593,-0.043,0.026,50,0,1,1,0,0,0,0,313.947,253.727,-1.858,1.673,0,0,0,0,0,0,0,0,121.495,381.534,327,168,0.869,-0.116,0.042,-0.027,94,333.5,349,2.5,0,82.778,380.161,-2.497,-0.131,0,0,0,0,1848

Main.js:462 383.714,185.952,150,150,-0.734,0.587,-0.043,0.025,49,0,1,1,0,0,0,0,312.089,255.399,-1.858,1.673,0,0,0,0,0,0,0,0,122.36,381.396,325.5,165,0.865,-0.137,0.041,-0.028,93,336,349,2.5,0,80.281,380.03,-2.497,-0.131,0,0,0,0,1863

Main.js:462 382.975,186.532,151.5,151.5,-0.739,0.581,-0.044,0.024,48,0,1,1,0,0,0,0,310.231,257.072,-1.858,1.673,0,0,0,0,0,0,0,0,123.221,381.238,324,162,0.86,-0.158,0.04,-0.029,92,338.5,349,2.5,0,77.785,379.899,-2.497,-0.131,0,0,0,0,1880

Main.js:462 382.231,187.105,153,153,-0.744,0.573,-0.045,0.023,47,0,1,1,0,0,0,0,308.373,258.745,-1.858,1.673,0,0,0,0,0,0,0,0,124.075,381.059,322.5,159,0.855,-0.179,0.04,-0.03,91,341,349,2.5,0,75.288,379.768,-2.497,-0.131,0,0,0,0,1912

Main.js:462 381.482,187.671,153,153,-0.749,0.566,-0.045,0.023,46,0,0,1,0,0,0,0,306.515,260.418,-1.858,1.673,0,0,0,0,0,0,0,0,124.924,380.859,321,156,0.849,-0.2,0.039,-0.031,90,343.5,349,2.5,0,72.792,379.638,-2.497,-0.131,0,0,0,0,1931

Main.js:462 380.728,188.231,153,153,-0.754,0.559,-0.045,0.023,45,0,0,1,0,0,0,0,304.657,262.091,-1.858,1.673,0,0,0,0,0,0,0,0,125.767,380.637,319.5,153,0.843,-0.221,0.038,-0.032,89,346,349,2.5,0,70.295,379.507,-2.497,-0.131,0,0,0,0,1947

Main.js:462 379.969,188.783,153,153,-0.759,0.553,-0.045,0.023,44,0,0,1,0,0,0,0,302.8,263.764,-1.858,1.673,0,0,0,0,0,0,0,0,126.603,380.396,318,150,0.836,-0.242,0.037,-0.033,88,348.5,349,2.5,0,67.798,379.376,-2.497,-0.131,0,0,0,0,1964

Main.js:462 379.206,189.33,153,153,-0.763,0.547,-0.045,0.023,43,0,0,1,0,0,0,0,300.942,265.436,-1.858,1.673,0,0,0,0,0,0,0,0,127.432,380.133,316.5,147,0.829,-0.262,0.036,-0.034,87,351,349,2.5,0,65.302,379.245,-2.497,-0.131,0,0,0,0,1982

Main.js:462 378.439,189.871,153,153,-0.767,0.541,-0.045,0.023,42,0,0,1,0,0,0,0,299.084,267.109,-1.858,1.673,0,0,0,0,0,0,0,0,128.252,379.85,315,144,0.821,-0.283,0.035,-0.035,86,353.5,349,2.5,0,62.805,379.114,-2.497,-0.131,0,0,0,0,1999

Main.js:462 377.668,190.407,153,153,-0.771,0.536,-0.045,0.023,41,0,0,1,0,0,0,0,297.226,268.782,-1.858,1.673,0,0,0,0,0,0,0,0,129.065,379.547,313.5,141,0.812,-0.303,0.034,-0.036,85,356,349,2.5,0,60.309,378.983,-2.497,-0.131,0,0,0,0,2015

Main.js:462 376.893,190.937,153,153,-0.775,0.53,-0.045,0.023,40,0,0,1,0,0,0,0,295.368,270.455,-1.858,1.673,0,0,0,0,0,0,0,0,129.87,379.225,315,141,0.805,-0.322,0.035,-0.035,84,358.5,349,2.5,0,57.812,378.853,-2.497,-0.131,0,0,0,0,2031

Main.js:462 376.114,191.462,153,153,-0.778,0.525,-0.045,0.023,39,0,0,1,0,0,0,0,293.51,272.128,-1.858,1.673,0,0,0,0,0,0,0,0,130.669,378.887,316.5,141,0.8,-0.338,0.036,-0.034,83,361,349,2.5,0,55.316,378.722,-2.497,-0.131,0,0,0,0,2047

Main.js:462 375.332,191.983,153,153,-0.782,0.521,-0.045,0.023,38,0,0,1,0,0,0,0,291.652,273.801,-1.858,1.673,0,0,0,0,0,0,0,0,131.464,378.534,318,141,0.795,-0.353,0.037,-0.033,82,363.5,349,2.5,0,52.819,378.591,-2.497,-0.131,0,0,0,0,2064

Main.js:462 374.547,192.499,153,153,-0.785,0.516,-0.045,0.023,37,0,0,1,0,0,0,0,289.795,275.473,-1.858,1.673,0,0,0,0,0,0,0,0,132.255,378.168,319.5,141,0.791,-0.366,0.038,-0.032,81,366,349,2.5,0,50.322,378.46,-2.497,-0.131,0,0,0,0,2081

Main.js:462 373.759,193.011,153,153,-0.788,0.512,-0.045,0.023,36,0,0,1,0,0,0,0,287.937,277.146,-1.858,1.673,0,0,0,0,0,0,0,0,133.044,377.79,321,141,0.789,-0.378,0.039,-0.031,80,368.5,349,2.5,0,47.826,378.329,-2.497,-0.131,0,0,0,0,2098

Main.js:462 372.968,193.519,153,153,-0.791,0.508,-0.045,0.023,35,0,0,1,0,0,0,0,286.079,278.819,-1.858,1.673,0,0,0,0,0,0,0,0,133.831,377.402,322.5,141,0.787,-0.388,0.04,-0.03,79,371,349,2.5,0,45.329,378.198,-2.497,-0.131,0,0,0,0,2114

Main.js:462 372.174,194.023,153,153,-0.794,0.504,-0.045,0.023,34,0,0,1,0,0,0,0,284.221,280.492,-1.858,1.673,0,0,0,0,0,0,0,0,134.617,377.006,324,141,0.786,-0.396,0.04,-0.029,78,373.5,349,2.5,0,42.833,378.067,-2.497,-0.131,0,0,0,0,2131

Main.js:462 371.378,194.523,153,153,-0.797,0.5,-0.045,0.023,33,0,0,1,0,0,0,0,282.363,282.165,-1.858,1.673,0,0,0,0,0,0,0,0,135.402,376.602,325.5,141,0.786,-0.404,0.041,-0.028,77,376,349,2.5,0,40.336,377.937,-2.497,-0.131,0,0,0,0,2148

Main.js:462 370.579,195.02,153,153,-0.799,0.497,-0.045,0.023,32,0,0,1,0,0,0,0,280.505,283.837,-1.858,1.673,0,0,0,0,0,0,0,0,136.189,376.193,327,141,0.786,-0.409,0.042,-0.027,76,378.5,349,2.5,0,37.84,377.806,-2.497,-0.131,0,0,0,0,2165

Main.js:462 369.777,195.514,153,153,-0.801,0.494,-0.045,0.023,31,0,0,1,0,0,0,0,278.647,285.51,-1.858,1.673,0,0,0,0,0,0,0,0,136.976,375.779,328.5,141,0.787,-0.414,0.043,-0.026,75,381,349,2.5,0,35.343,377.675,-2.497,-0.131,0,0,0,0,2181

Main.js:462 368.974,196.005,153,153,-0.804,0.491,-0.045,0.023,30,0,0,1,0,0,0,0,276.789,287.183,-1.858,1.673,0,0,0,0,0,0,0,0,137.766,375.363,330,141,0.789,-0.417,0.043,-0.025,74,383.5,349,2.5,0,32.846,377.544,-2.497,-0.131,0,0,0,0,2198

Main.js:462 368.168,196.492,153,153,-0.806,0.488,-0.045,0.023,29,0,0,1,0,0,0,0,274.932,288.856,-1.858,1.673,0,0,0,0,0,0,0,0,138.557,374.944,331.5,141,0.792,-0.418,0.044,-0.024,73,386,349,2.5,0,30.35,377.413,-2.497,-0.131,0,0,0,0,2215

Main.js:462 367.36,196.977,153,153,-0.808,0.485,-0.045,0.023,28,0,0,1,0,0,0,0,273.074,290.529,-1.858,1.673,0,0,0,0,0,0,0,0,139.351,374.525,333,141,0.794,-0.419,0.045,-0.023,72,388.5,349,2.5,0,27.853,377.282,-2.497,-0.131,0,0,0,0,2231

Main.js:462 366.55,197.459,153,153,-0.81,0.482,-0.045,0.023,27,0,0,1,0,0,0,0,271.216,292.202,-1.858,1.673,0,0,0,0,0,0,0,0,140.149,374.106,334.5,141,0.797,-0.419,0.045,-0.022,71,391,349,2.5,0,25.357,377.152,-2.497,-0.131,0,0,0,0,2248

Main.js:462 365.739,197.939,153,153,-0.812,0.48,-0.045,0.023,26,0,0,1,0,0,0,0,269.358,293.874,-1.858,1.673,0,0,0,0,0,0,0,0,140.95,373.689,336,141,0.801,-0.417,0.046,-0.02,70,393.5,349,2.5,0,22.86,377.021,-2.497,-0.131,0,0,0,0,2265

Main.js:462 364.925,198.416,153,153,-0.813,0.477,-0.045,0.023,25,0,0,1,0,0,0,0,267.5,295.547,-1.858,1.673,0,0,0,0,0,0,0,0,141.755,373.275,337.5,141,0.805,-0.414,0.046,-0.019,69,396,349,2.5,0,20.364,376.89,-2.497,-0.131,0,0,0,0,2281

Main.js:462 364.11,198.891,153,153,-0.815,0.475,-0.045,0.023,24,0,0,1,0,0,0,0,265.642,297.22,-1.858,1.673,0,0,0,0,0,0,0,0,142.563,372.865,339,141,0.809,-0.411,0.047,-0.018,68,398.5,349,2.5,0,17.867,376.759,-2.497,-0.131,0,0,0,0,2297

Main.js:462 363.294,199.363,153,153,-0.817,0.473,-0.045,0.023,23,0,0,1,0,0,0,0,263.784,298.893,-1.858,1.673,0,0,0,0,0,0,0,0,143.377,372.459,340.5,141,0.813,-0.406,0.047,-0.017,67,401,349,2.5,0,15.37,376.628,-2.497,-0.131,0,0,0,0,2314

Main.js:462 362.476,199.834,153,153,-0.818,0.471,-0.045,0.023,22,0,0,1,0,0,0,0,261.927,300.566,-1.858,1.673,0,0,0,0,0,0,0,0,144.194,372.058,342,141,0.818,-0.4,0.048,-0.015,66,403.5,349,2.5,0,12.874,376.497,-2.497,-0.131,0,0,0,0,2331

Main.js:462 361.656,200.303,153,153,-0.819,0.469,-0.045,0.023,21,0,0,1,0,0,0,0,260.069,302.239,-1.858,1.673,0,0,0,0,0,0,0,0,145.017,371.664,343.5,141,0.822,-0.394,0.048,-0.014,65,406,349,2.5,0,10.377,376.367,-2.497,-0.131,0,0,0,0,2348

Main.js:462 360.836,200.769,153,153,-0.821,0.467,-0.045,0.023,20,0,0,1,0,0,0,0,258.211,303.911,-1.858,1.673,0,0,0,0,0,0,0,0,145.844,371.278,345,141,0.827,-0.386,0.048,-0.013,64,408.5,349,2.5,0,7.881,376.236,-2.497,-0.131,0,0,0,0,2364

Main.js:462 360.013,201.234,153,153,-0.822,0.465,-0.045,0.023,19,0,0,1,0,0,0,0,256.353,305.584,-1.858,1.673,0,0,0,0,0,0,0,0,146.676,370.9,346.5,141,0.832,-0.378,0.049,-0.012,63,411,349,2.5,0,5.384,376.105,-2.497,-0.131,0,0,0,0,2382

Main.js:462 359.19,201.698,153,153,-0.823,0.463,-0.045,0.023,18,0,0,1,0,0,0,0,254.495,307.257,-1.858,1.673,0,0,0,0,0,0,0,0,147.513,370.531,348,141,0.837,-0.369,0.049,-0.01,62,413.5,349,2.5,0,2.888,375.974,-2.497,-0.131,0,0,0,0,2399

Main.js:462 358.366,202.159,153,153,-0.824,0.462,-0.045,0.023,17,0,0,1,0,0,0,0,252.637,308.93,-1.858,1.673,0,0,0,0,0,0,0,0,148.355,370.171,349.5,141,0.842,-0.359,0.049,-0.009,61,416,349,2.5,0,0.391,375.843,-2.497,-0.131,0,0,0,0,2415

Main.js:462 357.54,202.62,153,153,-0.826,0.46,-0.045,0.023,16,0,0,1,0,0,0,0,250.779,310.603,-1.858,1.673,0,0,0,0,0,0,0,0,149.201,369.823,351,141,0.847,-0.349,0.049,-0.008,60,418.5,349,2.5,0,0,0,0,0,0,0,0,0,2432

Main.js:462 356.714,203.078,153,153,-0.827,0.459,-0.045,0.023,15,0,0,1,0,0,0,0,248.922,312.276,-1.858,1.673,0,0,0,0,0,0,0,0,150.052,369.485,352.5,141,0.851,-0.338,0.05,-0.007,59,421,349,2.5,0,0,0,0,0,0,0,0,0,2447

Main.js:462 355.886,203.536,153,153,-0.828,0.457,-0.045,0.023,14,0,0,1,0,0,0,0,247.064,313.948,-1.858,1.673,0,0,0,0,0,0,0,0,150.908,369.159,354,141,0.856,-0.326,0.05,-0.005,58,423.5,349,2.5,0,0,0,0,0,0,0,0,0,2463

Main.js:462 355.057,203.992,153,153,-0.829,0.456,-0.045,0.023,13,0,0,1,0,0,0,0,245.206,315.621,-1.858,1.673,0,0,0,0,0,0,0,0,151.769,368.846,355.5,141,0.861,-0.313,0.05,-0.004,57,426,349,2.5,0,0,0,0,0,0,0,0,0,2481

Main.js:462 354.228,204.447,153,153,-0.829,0.455,-0.045,0.023,12,0,0,1,0,0,0,0,243.348,317.294,-1.858,1.673,0,0,0,0,0,0,0,0,152.634,368.546,357,141,0.865,-0.3,0.05,-0.003,56,428.5,349,2.5,0,0,0,0,0,0,0,0,0,2498

Main.js:462 353.398,204.9,153,153,-0.83,0.454,-0.045,0.023,11,0,0,1,0,0,0,0,241.49,318.967,-1.858,1.673,0,0,0,0,0,0,0,0,153.503,368.26,358.5,141,0.869,-0.286,0.05,-0.001,55,431,349,2.5,0,0,0,0,0,0,0,0,0,2514

Main.js:462 352.567,205.353,153,153,-0.831,0.453,-0.045,0.023,10,0,0,1,0,0,0,0,239.632,320.64,-1.858,1.673,0,0,0,0,0,0,0,0,154.376,367.987,358.5,139.5,0.873,-0.273,0.05,-0.001,54,433.5,349,2.5,0,0,0,0,0,0,0,0,0,2534

Main.js:462 351.735,205.804,153,153,-0.832,0.451,-0.045,0.023,9,0,0,1,0,0,0,0,237.774,322.312,-1.858,1.673,0,0,0,0,0,0,0,0,155.253,367.726,358.5,138,0.877,-0.261,0.05,-0.001,53,436,349,2.5,0,0,0,0,0,0,0,0,0,2547

Main.js:462 350.902,206.255,153,153,-0.833,0.45,-0.045,0.023,8,0,0,1,0,0,0,0,235.917,323.985,-1.858,1.673,0,0,0,0,0,0,0,0,156.134,367.477,358.5,136.5,0.881,-0.249,0.05,-0.001,52,438.5,349,2.5,0,0,0,0,0,0,0,0,0,2568

Main.js:462 350.069,206.704,153,153,-0.833,0.45,-0.045,0.023,7,0,0,1,0,0,0,0,234.059,325.658,-1.858,1.673,0,0,0,0,0,0,0,0,157.018,367.24,358.5,135,0.884,-0.238,0.05,-0.001,51,441,349,2.5,0,0,0,0,0,0,0,0,0,2581

Main.js:462 349.235,207.153,153,153,-0.834,0.449,-0.045,0.023,6,0,0,1,0,0,0,0,232.201,327.331,-1.858,1.673,0,0,0,0,0,0,0,0,157.905,367.013,358.5,133.5,0.887,-0.227,0.05,-0.001,50,443.5,349,2.5,0,0,0,0,0,0,0,0,0,2597

Main.js:462 348.4,207.601,153,153,-0.835,0.448,-0.045,0.023,5,0,0,1,0,0,0,0,230.343,329.004,-1.858,1.673,0,0,0,0,0,0,0,0,158.796,366.796,358.5,132,0.891,-0.217,0.05,-0.001,49,446,349,2.5,0,0,0,0,0,0,0,0,0,2615

Main.js:462 347.565,208.048,153,153,-0.835,0.447,-0.045,0.023,4,0,0,1,0,0,0,0,228.485,330.677,-1.858,1.673,0,0,0,0,0,0,0,0,159.689,366.588,358.5,130.5,0.893,-0.207,0.05,-0.001,48,448.5,349,2.5,0,0,0,0,0,0,0,0,0,2631

Main.js:462 346.729,208.494,153,153,-0.836,0.446,-0.045,0.023,3,0,0,1,0,0,0,0,226.627,332.349,-1.858,1.673,0,0,0,0,0,0,0,0,160.586,366.39,358.5,129,0.896,-0.198,0.05,-0.001,47,451,349,2.5,0,0,0,0,0,0,0,0,0,2647

Main.js:462 345.893,208.939,153,153,-0.836,0.445,-0.045,0.023,2,0,0,1,0,0,0,0,224.769,334.022,-1.858,1.673,0,0,0,0,0,0,0,0,161.485,366.201,358.5,127.5,0.899,-0.19,0.05,-0.001,46,453.5,349,2.5,0,0,0,0,0,0,0,0,0,2666

Main.js:462 345.056,209.384,153,153,-0.837,0.445,-0.045,0.023,1,0,0,1,0,0,0,0,222.911,335.695,-1.858,1.673,0,0,0,0,0,0,0,0,162.386,366.019,358.5,126,0.901,-0.181,0.05,-0.001,45,456,349,2.5,0,0,0,0,0,0,0,0,0,2681

Main.js:462 344.219,209.828,153,153,-0.837,0.444,-0.045,0.023,0,0,0,1,0,0,0,0,221.054,337.368,-1.858,1.673,0,0,0,0,0,0,0,0,163.29,365.846,358.5,124.5,0.904,-0.174,0.05,-0.001,44,458.5,349,2.5,0,0,0,0,0,0,0,0,0,2699

Main.js:462 343.381,210.271,153,153,-0.838,0.443,-0.045,0.023,0,0,0,1,0,0,0,0,219.196,339.041,-1.858,1.673,0,0,0,0,0,0,0,0,164.196,365.68,358.5,123,0.906,-0.166,0.05,-0.001,43,461,349,2.5,0,0,0,0,0,0,0,0,0,2715

Main.js:462 342.543,210.714,153,153,-0.838,0.443,-0.045,0.023,0,0,0,1,0,0,0,0,217.338,340.714,-1.858,1.673,0,0,0,0,0,0,0,0,165.105,365.521,358.5,121.5,0.908,-0.159,0.05,-0.001,42,463.5,349,2.5,0,0,0,0,0,0,0,0,0,2731

Main.js:462 341.705,211.156,153,153,-0.839,0.442,-0.045,0.023,0,0,0,1,0,0,0,0,215.48,342.386,-1.858,1.673,0,0,0,0,0,0,0,0,166.015,365.368,358.5,120,0.91,-0.152,0.05,-0.001,41,466,349,2.5,0,0,0,0,0,0,0,0,0,2749

Main.js:462 340.866,211.598,153,153,-0.839,0.442,-0.045,0.023,0,0,0,1,0,0,0,0,213.622,344.059,-1.858,1.673,0,0,0,0,0,0,0,0,166.927,365.222,358.5,118.5,0.912,-0.146,0.05,-0.001,40,468.5,349,2.5,0,0,0,0,0,0,0,0,0,2765

Main.js:462 340.026,212.039,153,153,-0.839,0.441,-0.045,0.023,0,0,0,1,0,0,0,0,211.764,345.732,-1.858,1.673,0,0,0,0,0,0,0,0,167.842,365.082,358.5,117,0.914,-0.14,0.05,-0.001,39,471,349,2.5,0,0,0,0,0,0,0,0,0,2783

Main.js:462 339.187,212.48,153,153,-0.84,0.441,-0.045,0.023,0,0,0,1,0,0,0,0,209.906,347.405,-1.858,1.673,0,0,0,0,0,0,0,0,168.758,364.948,358.5,115.5,0.916,-0.134,0.05,-0.001,38,473.5,349,2.5,0,0,0,0,0,0,0,0,0,2799

Main.js:462 338.347,212.92,153,153,-0.84,0.44,-0.045,0.023,0,0,0,1,0,0,0,0,208.049,349.078,-1.858,1.673,0,0,0,0,0,0,0,0,169.675,364.82,358.5,114,0.918,-0.129,0.05,-0.001,37,476,349,2.5,0,0,0,0,0,0,0,0,0,2814

Main.js:462 337.506,213.359,153,153,-0.84,0.44,-0.045,0.023,0,0,0,1,0,0,0,0,206.191,350.751,-1.858,1.673,0,0,0,0,0,0,0,0,170.595,364.696,358.5,112.5,0.919,-0.123,0.05,-0.001,36,478.5,349,2.5,0,0,0,0,0,0,0,0,0,2831

Main.js:462 336.665,213.799,153,153,-0.841,0.439,-0.045,0.023,0,0,0,1,0,0,0,0,204.333,352.423,-1.858,1.673,0,0,0,0,0,0,0,0,171.515,364.578,358.5,111,0.921,-0.119,0.05,-0.001,35,481,349,2.5,0,0,0,0,0,0,0,0,0,2848

Main.js:462 335.825,214.238,153,153,-0.841,0.439,-0.045,0.023,0,0,0,1,0,0,0,0,202.475,354.096,-1.858,1.673,0,0,0,0,0,0,0,0,172.438,364.464,358.5,109.5,0.922,-0.114,0.05,-0.001,34,483.5,349,2.5,0,0,0,0,0,0,0,0,0,2864

Main.js:462 334.983,214.676,153,153,-0.841,0.439,-0.045,0.023,0,0,0,1,0,0,0,0,200.617,355.769,-1.858,1.673,0,0,0,0,0,0,0,0,173.361,364.354,358.5,108,0.924,-0.109,0.05,-0.001,33,486,349,2.5,0,0,0,0,0,0,0,0,0,2881

Main.js:462 334.142,215.114,153,153,-0.841,0.438,-0.045,0.023,0,0,0,1,0,0,0,0,198.759,357.442,-1.858,1.673,0,0,0,0,0,0,0,0,174.286,364.249,358.5,106.5,0.925,-0.105,0.05,-0.001,32,488.5,349,2.5,0,0,0,0,0,0,0,0,0,2897

Main.js:462 333.3,215.552,153,153,-0.842,0.438,-0.045,0.023,0,0,0,1,0,0,0,0,196.901,359.115,-1.858,1.673,0,0,0,0,0,0,0,0,175.212,364.148,358.5,105,0.926,-0.101,0.05,-0.001,31,491,349,2.5,0,0,0,0,0,0,0,0,0,2914

Main.js:462 332.458,215.99,153,153,-0.842,0.437,-0.045,0.023,0,0,0,1,0,0,0,0,195.044,360.787,-1.858,1.673,0,0,0,0,0,0,0,0,176.14,364.051,358.5,103.5,0.927,-0.097,0.05,-0.001,30,493.5,349,2.5,0,0,0,0,0,0,0,0,0,2932

Main.js:462 331.616,216.427,153,153,-0.842,0.437,-0.045,0.023,0,0,0,1,0,0,0,0,193.186,362.46,-1.858,1.673,0,0,0,0,0,0,0,0,177.068,363.957,358.5,102,0.928,-0.094,0.05,-0.001,29,496,349,2.5,0,0,0,0,0,0,0,0,0,2948

Main.js:462 330.774,216.864,153,153,-0.842,0.437,-0.045,0.023,0,0,0,1,0,0,0,0,193.186,362.46,-1.858,1.673,0,0,0,0,0,0,0,0,177.998,363.867,358.5,100.5,0.93,-0.09,0.05,-0.001,28,496,349,2.5,0,0,0,0,0,0,0,0,0,2965

