Main.js:143 myTank.x,myTank.y,myTank.rotation,myTank.cannonRotation,myTank.velocityX,myTank.velocityY,myTank.accelerationX,myTank.accelerationY,myTank.shootCooldown,myTank.controls.turnLeft,myTank.controls.turnRight,myTank.controls.goForward,myTank.controls.goBack,myTank.controls.shoot,myTank.controls.cannonLeft,myTank.controls.cannonRight,myBullet1.x,myBullet1.y,myBullet1.velocityX,myBullet1.velocityY,myBullet2.x,myBullet2.y,myBullet2.velocityX,myBullet2.velocityY,myBullet3.x,myBullet3.y,myBullet3.velocityX,myBullet3.velocityY,enemyTank.x,enemyTank.y,enemyTank.rotation,enemyTank.cannonRotation,enemyTank.velocityX,enemyTank.velocityY,enemyTank.accelerationX,enemyTank.accelerationY,enemyTank.shootCooldown,enemyBullet1.x,enemyBullet1.y,enemyBullet1.velocityX,enemyBullet1.velocityY,enemyBullet2.x,enemyBullet2.y,enemyBullet2.velocityX,enemyBullet2.velocityY,enemyBullet3.x,enemyBullet3.y,enemyBullet3.velocityX,enemyBullet3.velocityY,currentGameTime
Main.js:462 50,115,0,0,0,0,0,0,0,0,0,0,0,0,0,0,0,0,0,0,0,0,0,0,0,0,0,0,450,385,180,180,0,0,0,0,0,0,0,0,0,0,0,0,0,0,0,0,0,5

Main.js:462 50,115,0,0,0,0,0,0,0,0,0,0,0,0,0,0,0,0,0,0,0,0,0,0,0,0,0,0,450,385,180,180,0,0,0,0,0,0,0,0,0,0,0,0,0,0,0,0,0,31

Main.js:462 50,115,0,0,0,0,0,0,0,0,0,0,0,0,0,0,0,0,0,0,0,0,0,0,0,0,0,0,449.953,384.999,181.5,180,-0.047,-0.001,-0.05,-0.001,99,0,0,0,0,0,0,0,0,0,0,0,0,47

Main.js:462 50,115,0,0,0,0,0,0,0,0,0,0,0,0,0,0,0,0,0,0,0,0,0,0,0,0,0,0,449.86,384.995,183,180,-0.093,-0.004,-0.05,-0.003,98,426.5,385,-2.5,0,0,0,0,0,0,0,0,0,63

Main.js:462 50,115,0,0,0,0,0,0,0,0,0,0,0,0,0,0,0,0,0,0,0,0,0,0,0,0,0,0,449.725,384.988,184.5,180,-0.135,-0.007,-0.05,-0.004,97,424,385,-2.5,0,0,0,0,0,0,0,0,0,79

Main.js:462 50,115,0,0,0,0,0,0,0,0,0,0,0,0,0,0,0,0,0,0,0,0,0,0,0,0,0,0,449.549,384.976,186,180,-0.176,-0.012,-0.05,-0.005,96,421.5,385,-2.5,0,0,0,0,0,0,0,0,0,96

Main.js:462 50,115,0,0,0,0,0,0,0,0,0,0,0,0,0,0,0,0,0,0,0,0,0,0,0,0,0,0,449.335,384.959,187.5,180,-0.214,-0.017,-0.05,-0.007,95,419,385,-2.5,0,0,0,0,0,0,0,0,0,113

Main.js:462 50,115,0,0,0,0,0,0,0,0,0,0,0,0,0,0,0,0,0,0,0,0,0,0,0,0,0,0,449.085,384.935,189,180,-0.25,-0.024,-0.049,-0.008,94,416.5,385,-2.5,0,0,0,0,0,0,0,0,0,129

Main.js:462 50.048,115,0,0,0.048,0,0.05,0,0,0,0,1,0,0,0,0,0,0,0,0,0,0,0,0,0,0,0,0,448.8,384.903,190.5,180,-0.284,-0.031,-0.049,-0.009,93,414,385,-2.5,0,0,0,0,0,0,0,0,0,147

Main.js:462 50.14,115,0,0,0.093,0,0.05,0,0,0,0,1,0,0,0,0,0,0,0,0,0,0,0,0,0,0,0,0,448.483,384.863,192,180,-0.317,-0.04,-0.049,-0.01,92,411.5,385,-2.5,0,0,0,0,0,0,0,0,0,163

Main.js:462 50.276,115,0,0,0.135,0,0.05,0,0,0,0,1,0,0,0,0,0,0,0,0,0,0,0,0,0,0,0,0,448.136,384.815,193.5,180,-0.347,-0.049,-0.049,-0.012,91,409,385,-2.5,0,0,0,0,0,0,0,0,0,179

Main.js:462 50.452,115,0,0,0.176,0,0.05,0,0,0,0,1,0,0,0,0,0,0,0,0,0,0,0,0,0,0,0,0,447.761,384.756,195,180,-0.376,-0.059,-0.048,-0.013,90,406.5,385,-2.5,0,0,0,0,0,0,0,0,0,197

Main.js:462 50.667,115,0,0,0.215,0,0.05,0,0,0,0,1,0,0,0,0,0,0,0,0,0,0,0,0,0,0,0,0,447.359,384.687,196.5,180,-0.402,-0.069,-0.048,-0.014,89,404,385,-2.5,0,0,0,0,0,0,0,0,0,212

Main.js:462 50.918,115,0,0,0.252,0,0.05,0,0,0,0,1,0,0,0,0,0,0,0,0,0,0,0,0,0,0,0,0,446.931,384.606,198,180,-0.427,-0.08,-0.048,-0.015,88,401.5,385,-2.5,0,0,0,0,0,0,0,0,0,229

Main.js:462 51.205,115,0,0,0.287,0,0.05,0,0,0,0,1,0,0,0,0,0,0,0,0,0,0,0,0,0,0,0,0,446.48,384.514,199.5,180,-0.451,-0.092,-0.047,-0.017,87,399,385,-2.5,0,0,0,0,0,0,0,0,0,246

Main.js:462 51.525,115,0,0,0.32,0,0.05,0,0,0,0,1,0,0,0,0,0,0,0,0,0,0,0,0,0,0,0,0,446.008,384.409,201,180,-0.473,-0.105,-0.047,-0.018,86,396.5,385,-2.5,0,0,0,0,0,0,0,0,0,263

Main.js:462 51.876,115,0,0,0.351,0,0.05,0,0,0,0,1,0,0,0,0,0,0,0,0,0,0,0,0,0,0,0,0,445.515,384.292,202.5,180,-0.493,-0.118,-0.046,-0.019,85,394,385,-2.5,0,0,0,0,0,0,0,0,0,280

Main.js:462 52.257,115,0,0,0.381,0,0.05,0,0,0,0,1,0,0,0,0,0,0,0,0,0,0,0,0,0,0,0,0,445.003,384.16,204,180,-0.512,-0.131,-0.046,-0.02,84,391.5,385,-2.5,0,0,0,0,0,0,0,0,0,298

Main.js:462 52.667,115,0,0,0.41,0,0.05,0,0,0,0,1,0,0,0,0,0,0,0,0,0,0,0,0,0,0,0,0,444.474,384.015,205.5,180,-0.529,-0.145,-0.045,-0.022,83,389,385,-2.5,0,0,0,0,0,0,0,0,0,314

Main.js:462 53.103,115,0,0,0.437,0,0.05,0,0,0,0,1,0,0,0,0,0,0,0,0,0,0,0,0,0,0,0,0,443.93,383.856,207,180,-0.545,-0.159,-0.045,-0.023,82,386.5,385,-2.5,0,0,0,0,0,0,0,0,0,331

Main.js:462 53.566,115,0,0,0.462,0,0.05,0,0,0,0,1,0,0,0,0,0,0,0,0,0,0,0,0,0,0,0,0,443.37,383.682,208.5,180,-0.559,-0.174,-0.044,-0.024,81,384,385,-2.5,0,0,0,0,0,0,0,0,0,347

Main.js:462 54.053,115,0,0,0.487,0,0.05,0,0,0,0,1,0,0,0,0,0,0,0,0,0,0,0,0,0,0,0,0,442.798,383.493,210,180,-0.572,-0.189,-0.043,-0.025,80,381.5,385,-2.5,0,0,0,0,0,0,0,0,0,363

Main.js:462 54.562,115,0,0,0.51,0,0.05,0,0,0,0,1,0,0,0,0,0,0,0,0,0,0,0,0,0,0,0,0,442.213,383.289,211.5,180,-0.584,-0.204,-0.043,-0.026,79,379,385,-2.5,0,0,0,0,0,0,0,0,0,381

Main.js:462 55.094,115,0,0,0.532,0,0.05,0,0,0,0,1,0,0,0,0,0,0,0,0,0,0,0,0,0,0,0,0,441.618,383.069,213,180,-0.595,-0.22,-0.042,-0.027,78,376.5,385,-2.5,0,0,0,0,0,0,0,0,0,397

Main.js:462 55.647,115,0,0,0.553,0,0.05,0,0,0,0,1,0,0,0,0,0,0,0,0,0,0,0,0,0,0,0,0,441.014,382.833,214.5,180,-0.604,-0.236,-0.041,-0.028,77,374,385,-2.5,0,0,0,0,0,0,0,0,0,413

Main.js:462 56.22,115,0,0,0.573,0,0.05,0,0,0,0,1,0,0,0,0,0,0,0,0,0,0,0,0,0,0,0,0,440.402,382.581,216,180,-0.613,-0.252,-0.04,-0.029,76,371.5,385,-2.5,0,0,0,0,0,0,0,0,0,430

Main.js:462 56.811,115,0,0,0.592,0,0.05,0,0,0,0,1,0,0,0,0,0,0,0,0,0,0,0,0,0,0,0,0,439.782,382.312,217.5,180,-0.62,-0.268,-0.04,-0.03,75,369,385,-2.5,0,0,0,0,0,0,0,0,0,447

Main.js:462 57.421,115,0,0,0.609,0,0.05,0,0,0,0,1,0,0,0,0,0,0,0,0,0,0,0,0,0,0,0,0,439.156,382.027,219,180,-0.626,-0.285,-0.039,-0.031,74,366.5,385,-2.5,0,0,0,0,0,0,0,0,0,463

Main.js:462 58.047,115.001,1.5,1.5,0.626,0.001,0.05,0.001,0,0,1,1,0,0,0,0,0,0,0,0,0,0,0,0,0,0,0,0,438.526,381.726,220.5,180,-0.63,-0.301,-0.038,-0.032,73,364,385,-2.5,0,0,0,0,0,0,0,0,0,480

Main.js:462 58.69,115.005,3,3,0.643,0.004,0.05,0.003,0,0,1,1,0,0,0,0,0,0,0,0,0,0,0,0,0,0,0,0,437.892,381.408,222,180,-0.634,-0.318,-0.037,-0.033,72,361.5,385,-2.5,0,0,0,0,0,0,0,0,0,498

Main.js:462 59.347,115.012,4.5,4.5,0.658,0.007,0.05,0.004,0,0,1,1,0,0,0,0,0,0,0,0,0,0,0,0,0,0,0,0,437.255,381.073,223.5,180,-0.637,-0.335,-0.036,-0.034,71,359,385,-2.5,0,0,0,0,0,0,0,0,0,513

Main.js:462 60.02,115.024,6,6,0.672,0.012,0.05,0.005,0,0,1,1,0,0,0,0,0,0,0,0,0,0,0,0,0,0,0,0,436.615,380.722,223.5,178.5,-0.64,-0.351,-0.036,-0.034,70,356.5,385,-2.5,0,0,0,0,0,0,0,0,0,530

Main.js:462 60.705,115.041,7.5,7.5,0.686,0.017,0.05,0.007,0,0,1,1,0,0,0,0,0,0,0,0,0,0,0,0,0,0,0,0,435.973,380.356,223.5,177,-0.642,-0.366,-0.036,-0.034,69,354,385,-2.5,0,0,0,0,0,0,0,0,0,547

Main.js:462 61.403,115.065,9,9,0.698,0.024,0.049,0.008,0,0,1,1,0,0,0,0,0,0,0,0,0,0,0,0,0,0,0,0,435.329,379.975,223.5,175.5,-0.644,-0.38,-0.036,-0.034,68,351.5,385,-2.5,0,0,0,0,0,0,0,0,0,564

Main.js:462 62.114,115.097,10.5,10.5,0.71,0.031,0.049,0.009,0,0,1,1,0,0,0,0,0,0,0,0,0,0,0,0,0,0,0,0,434.682,379.581,223.5,174,-0.647,-0.394,-0.036,-0.034,67,349,385,-2.5,0,0,0,0,0,0,0,0,0,581

Main.js:462 62.835,115.137,12,12,0.721,0.04,0.049,0.01,0,0,1,1,0,0,0,0,0,0,0,0,0,0,0,0,0,0,0,0,434.034,379.174,223.5,172.5,-0.649,-0.407,-0.036,-0.034,66,346.5,385,-2.5,0,0,0,0,0,0,0,0,0,597

Main.js:462 63.566,115.185,13.5,13.5,0.731,0.049,0.049,0.012,0,0,1,1,0,0,0,0,0,0,0,0,0,0,0,0,0,0,0,0,433.383,378.754,223.5,171,-0.651,-0.419,-0.036,-0.034,65,344,385,-2.5,0,0,0,0,0,0,0,0,0,613

Main.js:462 64.306,115.243,13.5,13.5,0.741,0.057,0.049,0.012,0,0,0,1,0,0,0,0,0,0,0,0,0,0,0,0,0,0,0,0,432.73,378.323,223.5,169.5,-0.653,-0.431,-0.036,-0.034,64,341.5,385,-2.5,0,0,0,0,0,0,0,0,0,629

Main.js:462 65.056,115.309,13.5,13.5,0.75,0.066,0.049,0.012,0,0,0,1,0,0,0,0,0,0,0,0,0,0,0,0,0,0,0,0,432.076,377.881,223.5,168,-0.654,-0.442,-0.036,-0.034,63,339,385,-2.5,0,0,0,0,0,0,0,0,0,646

Main.js:462 65.815,115.382,13.5,13.5,0.759,0.074,0.049,0.012,0,0,0,1,0,0,0,0,0,0,0,0,0,0,0,0,0,0,0,0,431.42,377.428,223.5,166.5,-0.656,-0.453,-0.036,-0.034,62,336.5,385,-2.5,0,0,0,0,0,0,0,0,0,664

Main.js:462 66.582,115.463,13.5,13.5,0.767,0.081,0.049,0.012,0,0,0,1,0,0,0,0,0,0,0,0,0,0,0,0,0,0,0,0,430.762,376.965,223.5,165,-0.658,-0.463,-0.036,-0.034,61,334,385,-2.5,0,0,0,0,0,0,0,0,0,679

Main.js:462 67.357,115.551,13.5,13.5,0.775,0.088,0.049,0.012,0,0,0,1,0,0,0,0,0,0,0,0,0,0,0,0,0,0,0,0,430.102,376.493,223.5,163.5,-0.659,-0.473,-0.036,-0.034,60,331.5,385,-2.5,0,0,0,0,0,0,0,0,0,696

Main.js:462 68.139,115.646,13.5,13.5,0.782,0.095,0.049,0.012,0,0,0,1,0,0,0,0,0,0,0,0,0,0,0,0,0,0,0,0,429.441,376.011,223.5,162,-0.661,-0.482,-0.036,-0.034,59,329,385,-2.5,0,0,0,0,0,0,0,0,0,714

Main.js:462 68.928,115.747,13.5,13.5,0.789,0.101,0.049,0.012,0,0,0,1,0,0,0,0,0,0,0,0,0,0,0,0,0,0,0,0,428.779,375.521,223.5,160.5,-0.662,-0.49,-0.036,-0.034,58,326.5,385,-2.5,0,0,0,0,0,0,0,0,0,730

Main.js:462 69.724,115.854,13.5,13.5,0.796,0.107,0.049,0.012,0,0,0,1,0,0,0,0,0,0,0,0,0,0,0,0,0,0,0,0,428.115,375.022,223.5,159,-0.664,-0.498,-0.036,-0.034,57,324,385,-2.5,0,0,0,0,0,0,0,0,0,746

Main.js:462 70.526,115.966,13.5,13.5,0.802,0.113,0.049,0.012,0,0,0,1,0,0,0,0,0,0,0,0,0,0,0,0,0,0,0,0,427.45,374.516,223.5,157.5,-0.665,-0.506,-0.036,-0.034,56,321.5,385,-2.5,0,0,0,0,0,0,0,0,0,764

Main.js:462 71.335,116.085,13.5,13.5,0.808,0.118,0.049,0.012,0,0,0,1,0,0,0,0,0,0,0,0,0,0,0,0,0,0,0,0,426.784,374.003,223.5,156,-0.666,-0.514,-0.036,-0.034,55,319,385,-2.5,0,0,0,0,0,0,0,0,0,779

Main.js:462 72.149,116.208,13.5,13.5,0.814,0.123,0.049,0.012,0,0,0,1,0,0,0,0,0,0,0,0,0,0,0,0,0,0,0,0,426.117,373.482,223.5,154.5,-0.667,-0.521,-0.036,-0.034,54,316.5,385,-2.5,0,0,0,0,0,0,0,0,0,797

Main.js:462 72.969,116.336,13.5,13.5,0.82,0.128,0.049,0.012,0,0,0,1,0,0,0,0,0,0,0,0,0,0,0,0,0,0,0,0,425.449,372.955,223.5,153,-0.668,-0.527,-0.036,-0.034,53,314,385,-2.5,0,0,0,0,0,0,0,0,0,815

Main.js:462 73.794,116.469,13.5,13.5,0.825,0.133,0.049,0.012,0,0,0,1,0,0,0,0,0,0,0,0,0,0,0,0,0,0,0,0,424.779,372.421,223.5,151.5,-0.669,-0.534,-0.036,-0.034,52,311.5,385,-2.5,0,0,0,0,0,0,0,0,0,830

Main.js:462 74.623,116.607,13.5,13.5,0.83,0.137,0.049,0.012,0,0,0,1,0,0,0,0,0,0,0,0,0,0,0,0,0,0,0,0,424.109,371.882,223.5,150,-0.67,-0.54,-0.036,-0.034,51,309,385,-2.5,0,0,0,0,0,0,0,0,0,848

Main.js:462 75.458,116.749,13.5,13.5,0.835,0.142,0.049,0.012,0,0,0,1,0,0,0,0,0,0,0,0,0,0,0,0,0,0,0,0,423.437,371.336,223.5,148.5,-0.671,-0.545,-0.036,-0.034,50,306.5,385,-2.5,0,0,0,0,0,0,0,0,0,864

Main.js:462 76.297,116.894,13.5,13.5,0.839,0.146,0.049,0.012,0,0,0,1,0,0,0,0,0,0,0,0,0,0,0,0,0,0,0,0,422.765,370.786,223.5,147,-0.672,-0.551,-0.036,-0.034,49,304,385,-2.5,0,0,0,0,0,0,0,0,0,879

Main.js:462 77.14,117.045,15,15,0.843,0.151,0.048,0.013,0,0,1,1,0,0,0,0,0,0,0,0,0,0,0,0,0,0,0,0,422.092,370.23,223.5,145.5,-0.673,-0.556,-0.036,-0.034,48,301.5,385,-2.5,0,0,0,0,0,0,0,0,0,897

Main.js:462 77.986,117.202,16.5,16.5,0.846,0.157,0.048,0.014,0,0,1,1,0,0,0,0,0,0,0,0,0,0,0,0,0,0,0,0,421.418,369.669,223.5,144,-0.674,-0.561,-0.036,-0.034,47,299,385,-2.5,0,0,0,0,0,0,0,0,0,913

Main.js:462 78.835,117.365,18,18,0.849,0.163,0.048,0.015,0,0,1,1,0,0,0,0,0,0,0,0,0,0,0,0,0,0,0,0,420.744,369.103,223.5,142.5,-0.675,-0.565,-0.036,-0.034,46,296.5,385,-2.5,0,0,0,0,0,0,0,0,0,930

Main.js:462 79.687,117.536,19.5,19.5,0.851,0.171,0.047,0.017,0,0,1,1,0,0,0,0,0,0,0,0,0,0,0,0,0,0,0,0,420.068,368.534,223.5,141,-0.675,-0.57,-0.036,-0.034,45,294,385,-2.5,0,0,0,0,0,0,0,0,0,947

Main.js:462 80.54,117.716,21,21,0.853,0.18,0.047,0.018,0,0,1,1,0,0,0,0,0,0,0,0,0,0,0,0,0,0,0,0,419.392,367.96,223.5,139.5,-0.676,-0.574,-0.036,-0.034,44,291.5,385,-2.5,0,0,0,0,0,0,0,0,0,963

Main.js:462 81.395,117.905,22.5,22.5,0.854,0.189,0.046,0.019,0,0,1,1,0,0,0,0,0,0,0,0,0,0,0,0,0,0,0,0,418.716,367.381,223.5,138,-0.677,-0.578,-0.036,-0.034,43,289,385,-2.5,0,0,0,0,0,0,0,0,0,980

Main.js:462 82.25,118.103,24,24,0.855,0.199,0.046,0.02,0,0,1,1,0,0,0,0,0,0,0,0,0,0,0,0,0,0,0,0,418.038,366.8,223.5,136.5,-0.677,-0.582,-0.036,-0.034,42,286.5,385,-2.5,0,0,0,0,0,0,0,0,0,996

Main.js:462 83.105,118.313,25.5,25.5,0.855,0.209,0.045,0.022,0,0,1,1,0,0,0,0,0,0,0,0,0,0,0,0,0,0,0,0,417.36,366.214,223.5,135,-0.678,-0.585,-0.036,-0.034,41,284,385,-2.5,0,0,0,0,0,0,0,0,0,1013

Main.js:462 83.96,118.533,27,27,0.855,0.22,0.045,0.023,0,0,1,1,0,0,0,0,0,0,0,0,0,0,0,0,0,0,0,0,416.681,365.626,222,132,-0.679,-0.588,-0.037,-0.033,40,281.5,385,-2.5,0,0,0,0,0,0,0,0,0,1031

Main.js:462 84.814,118.765,28.5,28.5,0.854,0.232,0.044,0.024,0,0,1,1,0,0,0,0,0,0,0,0,0,0,0,0,0,0,0,0,416,365.037,220.5,129,-0.681,-0.589,-0.038,-0.032,39,279,385,-2.5,0,0,0,0,0,0,0,0,0,1046

Main.js:462 85.666,119.009,30,30,0.852,0.244,0.043,0.025,0,0,1,1,0,0,0,0,0,0,0,0,0,0,0,0,0,0,0,0,415.315,364.447,219,126,-0.684,-0.59,-0.039,-0.031,38,276.5,385,-2.5,0,0,0,0,0,0,0,0,0,1065

Main.js:462 86.517,119.265,30,30,0.851,0.256,0.043,0.025,0,0,0,1,0,0,0,0,0,0,0,0,0,0,0,0,0,0,0,0,414.628,363.858,217.5,123,-0.688,-0.589,-0.04,-0.03,37,274,385,-2.5,0,0,0,0,0,0,0,0,0,1081

Main.js:462 87.366,119.531,30,30,0.849,0.267,0.043,0.025,0,0,0,1,0,0,0,0,0,0,0,0,0,0,0,0,0,0,0,0,413.936,363.27,216,120,-0.692,-0.588,-0.04,-0.029,36,271.5,385,-2.5,0,0,0,0,0,0,0,0,0,1097

Main.js:462 88.214,119.808,30,30,0.848,0.277,0.043,0.025,0,0,0,1,0,0,0,0,0,0,0,0,0,0,0,0,0,0,0,0,413.239,362.685,214.5,117,-0.696,-0.585,-0.041,-0.028,35,269,385,-2.5,0,0,0,0,0,0,0,0,0,1115

Main.js:462 89.061,120.095,30,30,0.847,0.287,0.043,0.025,0,0,0,1,0,0,0,0,0,0,0,0,0,0,0,0,0,0,0,0,412.538,362.103,213,114,-0.701,-0.582,-0.042,-0.027,34,266.5,385,-2.5,0,0,0,0,0,0,0,0,0,1130

Main.js:462 89.906,120.392,30,30,0.846,0.296,0.043,0.025,0,0,0,1,0,0,0,0,0,0,0,0,0,0,0,0,0,0,0,0,411.831,361.525,211.5,111,-0.707,-0.578,-0.043,-0.026,33,264,385,-2.5,0,0,0,0,0,0,0,0,0,1147

Main.js:462 90.751,120.697,30,30,0.844,0.305,0.043,0.025,0,0,0,1,0,0,0,0,0,0,0,0,0,0,0,0,0,0,0,0,411.119,360.953,210,108,-0.713,-0.572,-0.043,-0.025,32,261.5,385,-2.5,0,0,0,0,0,0,0,0,0,1165

Main.js:462 91.594,121.011,30,30,0.843,0.314,0.043,0.025,0,0,0,1,0,0,0,0,0,0,0,0,0,0,0,0,0,0,0,0,410.4,360.386,208.5,105,-0.719,-0.566,-0.044,-0.024,31,259,385,-2.5,0,0,0,0,0,0,0,0,0,1180

Main.js:462 92.437,121.332,30,30,0.842,0.322,0.043,0.025,0,0,0,1,0,0,0,0,0,0,0,0,0,0,0,0,0,0,0,0,409.675,359.826,207,102,-0.725,-0.56,-0.045,-0.023,30,256.5,385,-2.5,0,0,0,0,0,0,0,0,0,1197

Main.js:462 93.278,121.662,30,30,0.841,0.329,0.043,0.025,0,0,0,1,0,0,0,0,0,0,0,0,0,0,0,0,0,0,0,0,408.943,359.274,205.5,99,-0.732,-0.552,-0.045,-0.022,29,254,385,-2.5,0,0,0,0,0,0,0,0,0,1213

Main.js:462 94.118,121.999,30,30,0.84,0.337,0.043,0.025,0,0,0,1,0,0,0,0,0,0,0,0,0,0,0,0,0,0,0,0,408.204,358.73,204,96,-0.739,-0.544,-0.046,-0.02,28,251.5,385,-2.5,0,0,0,0,0,0,0,0,0,1230

Main.js:462 94.958,122.342,30,30,0.84,0.344,0.043,0.025,0,0,0,1,0,0,0,0,0,0,0,0,0,0,0,0,0,0,0,0,407.459,358.195,202.5,93,-0.745,-0.535,-0.046,-0.019,27,249,385,-2.5,0,0,0,0,0,0,0,0,0,1247

Main.js:462 95.797,122.693,30,30,0.839,0.35,0.043,0.025,0,0,0,1,0,0,0,0,0,0,0,0,0,0,0,0,0,0,0,0,406.706,357.67,201,90,-0.753,-0.525,-0.047,-0.018,26,246.5,385,-2.5,0,0,0,0,0,0,0,0,0,1263

Main.js:462 96.635,123.048,28.5,28.5,0.838,0.355,0.044,0.024,0,1,0,1,0,0,0,0,0,0,0,0,0,0,0,0,0,0,0,0,405.947,357.155,199.5,87,-0.76,-0.515,-0.047,-0.017,25,244,385,-2.5,0,0,0,0,0,0,0,0,0,1279

Main.js:462 97.474,123.407,27,27,0.839,0.359,0.045,0.023,0,1,0,1,0,0,0,0,0,0,0,0,0,0,0,0,0,0,0,0,405.18,356.652,198,84,-0.767,-0.504,-0.048,-0.015,24,241.5,385,-2.5,0,0,0,0,0,0,0,0,0,1296

Main.js:462 98.314,123.769,25.5,25.5,0.84,0.362,0.045,0.022,0,1,0,1,0,0,0,0,0,0,0,0,0,0,0,0,0,0,0,0,404.406,356.16,196.5,81,-0.774,-0.492,-0.048,-0.014,23,239,385,-2.5,0,0,0,0,0,0,0,0,0,1313

Main.js:462 99.155,124.132,24,24,0.841,0.363,0.046,0.02,0,1,0,1,0,0,0,0,0,0,0,0,0,0,0,0,0,0,0,0,403.624,355.68,195,78,-0.781,-0.48,-0.048,-0.013,22,236.5,385,-2.5,0,0,0,0,0,0,0,0,0,1330

Main.js:462 99.998,124.495,22.5,22.5,0.843,0.363,0.046,0.019,0,1,0,1,0,0,0,0,0,0,0,0,0,0,0,0,0,0,0,0,402.836,355.213,193.5,75,-0.788,-0.467,-0.049,-0.012,21,234,385,-2.5,0,0,0,0,0,0,0,0,0,1347

Main.js:462 100.843,124.857,21,21,0.845,0.362,0.047,0.018,0,1,0,1,0,0,0,0,0,0,0,0,0,0,0,0,0,0,0,0,402.041,354.76,192,72,-0.795,-0.453,-0.049,-0.01,20,231.5,385,-2.5,0,0,0,0,0,0,0,0,0,1363

Main.js:462 101.691,125.216,19.5,19.5,0.848,0.36,0.047,0.017,0,1,0,1,0,0,0,0,0,0,0,0,0,0,0,0,0,0,0,0,401.238,354.321,190.5,69,-0.802,-0.439,-0.049,-0.009,19,229,385,-2.5,0,0,0,0,0,0,0,0,0,1380

Main.js:462 102.542,125.572,18,18,0.851,0.356,0.048,0.015,0,1,0,1,0,0,0,0,0,0,0,0,0,0,0,0,0,0,0,0,400.429,353.896,189,66,-0.809,-0.425,-0.049,-0.008,18,226.5,385,-2.5,0,0,0,0,0,0,0,0,0,1398

Main.js:462 103.395,125.924,16.5,16.5,0.854,0.352,0.048,0.014,0,1,0,1,0,0,0,0,0,0,0,0,0,0,0,0,0,0,0,0,399.613,353.486,187.5,63,-0.816,-0.41,-0.05,-0.007,17,224,385,-2.5,0,0,0,0,0,0,0,0,0,1413

Main.js:462 104.252,126.271,15,15,0.857,0.347,0.048,0.013,0,1,0,1,0,0,0,0,0,0,0,0,0,0,0,0,0,0,0,0,398.791,353.092,186,60,-0.822,-0.394,-0.05,-0.005,16,221.5,385,-2.5,0,0,0,0,0,0,0,0,0,1430

Main.js:462 105.112,126.611,13.5,13.5,0.86,0.34,0.049,0.012,0,1,0,1,0,0,0,0,0,0,0,0,0,0,0,0,0,0,0,0,397.962,352.714,184.5,57,-0.828,-0.378,-0.05,-0.004,15,219,385,-2.5,0,0,0,0,0,0,0,0,0,1447

Main.js:462 105.976,126.945,12,12,0.864,0.333,0.049,0.01,0,1,0,1,0,0,0,0,0,0,0,0,0,0,0,0,0,0,0,0,397.128,352.352,183,54,-0.835,-0.362,-0.05,-0.003,14,216.5,385,-2.5,0,0,0,0,0,0,0,0,0,1464

Main.js:462 106.842,127.271,12,12,0.867,0.326,0.049,0.01,0,0,0,1,0,0,0,0,0,0,0,0,0,0,0,0,0,0,0,0,396.288,352.007,181.5,51,-0.84,-0.345,-0.05,-0.001,13,214,385,-2.5,0,0,0,0,0,0,0,0,0,1480

Main.js:462 107.712,127.591,12,12,0.87,0.32,0.049,0.01,0,0,0,1,0,0,0,0,0,0,0,0,0,0,0,0,0,0,0,0,395.442,351.679,180,48,-0.846,-0.328,-0.05,0,12,211.5,385,-2.5,0,0,0,0,0,0,0,0,0,1497

Main.js:462 108.585,127.905,12,12,0.873,0.314,0.049,0.01,0,0,0,1,0,0,0,0,0,0,0,0,0,0,0,0,0,0,0,0,394.591,351.369,178.5,45,-0.851,-0.31,-0.05,0.001,11,209,385,-2.5,0,0,0,0,0,0,0,0,0,1513

Main.js:462 109.461,128.213,12,12,0.876,0.308,0.049,0.01,0,0,0,1,0,0,0,0,0,0,0,0,0,0,0,0,0,0,0,0,393.735,351.077,177,42,-0.856,-0.292,-0.05,0.003,10,206.5,385,-2.5,0,0,0,0,0,0,0,0,0,1530

Main.js:462 110.34,128.516,12,12,0.878,0.303,0.049,0.01,0,0,0,1,0,0,0,0,0,0,0,0,0,0,0,0,0,0,0,0,392.875,350.803,175.5,39,-0.86,-0.274,-0.05,0.004,9,204,385,-2.5,0,0,0,0,0,0,0,0,0,1546

Main.js:462 111.221,128.813,12,12,0.881,0.297,0.049,0.01,0,0,0,1,0,0,0,0,0,0,0,0,0,0,0,0,0,0,0,0,392.01,350.548,174,36,-0.865,-0.255,-0.05,0.005,8,201.5,385,-2.5,0,0,0,0,0,0,0,0,0,1563

Main.js:462 112.104,129.105,12,12,0.883,0.292,0.049,0.01,0,0,0,1,0,0,0,0,0,0,0,0,0,0,0,0,0,0,0,0,391.142,350.312,172.5,33,-0.868,-0.236,-0.05,0.007,7,199,385,-2.5,0,0,0,0,0,0,0,0,0,1582

Main.js:462 112.99,129.393,12,12,0.886,0.288,0.049,0.01,0,0,0,1,0,0,0,0,0,0,0,0,0,0,0,0,0,0,0,0,390.27,350.095,171,30,-0.872,-0.217,-0.049,0.008,6,196.5,385,-2.5,0,0,0,0,0,0,0,0,0,1597

Main.js:462 113.877,129.676,12,12,0.888,0.283,0.049,0.01,0,0,0,1,0,0,0,0,0,0,0,0,0,0,0,0,0,0,0,0,389.395,349.897,169.5,27,-0.875,-0.197,-0.049,0.009,5,194,385,-2.5,0,0,0,0,0,0,0,0,0,1613

Main.js:462 114.767,129.955,12,12,0.89,0.279,0.049,0.01,0,0,0,1,0,0,0,0,0,0,0,0,0,0,0,0,0,0,0,0,388.517,349.72,168,24,-0.878,-0.178,-0.049,0.01,4,191.5,385,-2.5,0,0,0,0,0,0,0,0,0,1631

Main.js:462 115.659,130.23,12,12,0.892,0.275,0.049,0.01,0,0,0,1,0,0,0,0,0,0,0,0,0,0,0,0,0,0,0,0,387.637,349.562,166.5,21,-0.88,-0.158,-0.049,0.012,3,189,385,-2.5,0,0,0,0,0,0,0,0,0,1648

Main.js:462 116.553,130.5,12,12,0.894,0.271,0.049,0.01,0,0,0,1,0,0,0,0,0,0,0,0,0,0,0,0,0,0,0,0,386.755,349.424,165,18,-0.882,-0.138,-0.048,0.013,2,186.5,385,-2.5,0,0,0,0,0,0,0,0,0,1664

Main.js:462 117.449,130.768,12,12,0.896,0.267,0.049,0.01,0,0,0,1,0,0,0,0,0,0,0,0,0,0,0,0,0,0,0,0,385.871,349.307,163.5,15,-0.883,-0.117,-0.048,0.014,1,184,385,-2.5,0,0,0,0,0,0,0,0,0,1681

Main.js:462 118.346,131.031,12,12,0.897,0.264,0.049,0.01,0,0,0,1,0,0,0,0,0,0,0,0,0,0,0,0,0,0,0,0,384.987,349.211,162,12,-0.884,-0.097,-0.048,0.015,0,181.5,385,-2.5,0,0,0,0,0,0,0,0,0,1698

Main.js:462 119.245,131.292,12,12,0.899,0.26,0.049,0.01,0,0,0,1,0,0,0,0,0,0,0,0,0,0,0,0,0,0,0,0,384.102,349.135,160.5,9,-0.885,-0.076,-0.047,0.017,99,179,385,-2.5,0,0,0,0,0,0,0,0,0,1713

Main.js:462 120.145,131.549,12,12,0.9,0.257,0.049,0.01,0,0,0,1,0,0,0,0,0,0,0,0,0,0,0,0,0,0,0,0,383.217,349.08,159,6,-0.885,-0.055,-0.047,0.018,98,176.5,385,-2.5,0,408.198,352.887,2.469,0.391,0,0,0,0,1732

Main.js:462 121.046,131.805,13.5,13.5,0.902,0.255,0.049,0.012,0,0,1,1,0,0,0,0,0,0,0,0,0,0,0,0,0,0,0,0,382.332,349.045,157.5,3,-0.885,-0.034,-0.046,0.019,97,174,385,-2.5,0,410.667,353.278,2.469,0.391,0,0,0,0,1747

Main.js:462 121.949,132.06,15,15,0.902,0.255,0.048,0.013,0,0,1,1,0,0,0,0,0,0,0,0,0,0,0,0,0,0,0,0,381.448,349.032,156,0,-0.884,-0.013,-0.046,0.02,96,171.5,385,-2.5,0,413.136,353.669,2.469,0.391,0,0,0,0,1764

Main.js:462 122.851,132.315,16.5,16.5,0.903,0.256,0.048,0.014,0,0,1,1,0,0,0,0,0,0,0,0,0,0,0,0,0,0,0,0,380.566,349.04,154.5,357,-0.883,0.008,-0.045,0.022,95,169,385,-2.5,0,415.605,354.06,2.469,0.391,0,0,0,0,1781

Main.js:462 123.754,132.573,18,18,0.903,0.258,0.048,0.015,0,0,1,1,0,0,0,0,0,0,0,0,0,0,0,0,0,0,0,0,379.685,349.069,153,354,-0.881,0.029,-0.045,0.023,94,166.5,385,-2.5,0,418.074,354.451,2.469,0.391,0,0,0,0,1797

Main.js:462 124.657,132.834,19.5,19.5,0.902,0.261,0.047,0.017,0,0,1,1,0,0,0,0,0,0,0,0,0,0,0,0,0,0,0,0,378.807,349.12,151.5,351,-0.878,0.05,-0.044,0.024,93,164,385,-2.5,0,420.544,354.842,2.469,0.391,0,0,0,0,1814

Main.js:462 125.558,133.098,21,21,0.902,0.265,0.047,0.018,0,0,1,1,0,0,0,0,0,0,0,0,0,0,0,0,0,0,0,0,377.931,349.191,150,348,-0.876,0.072,-0.043,0.025,92,161.5,385,-2.5,0,423.013,355.233,2.469,0.391,0,0,0,0,1830

Main.js:462 126.459,133.368,22.5,22.5,0.9,0.27,0.046,0.019,0,0,1,1,0,0,0,0,0,0,0,0,0,0,0,0,0,0,0,0,377.059,349.284,148.5,345,-0.872,0.093,-0.043,0.026,91,159,385,-2.5,0,425.482,355.625,2.469,0.391,0,0,0,0,1847

Main.js:462 127.358,133.643,24,24,0.899,0.275,0.046,0.02,0,0,1,1,0,0,0,0,0,0,0,0,0,0,0,0,0,0,0,0,376.19,349.398,147,342,-0.869,0.114,-0.042,0.027,90,156.5,385,-2.5,0,427.951,356.016,2.469,0.391,0,0,0,0,1863

Main.js:462 128.254,133.925,25.5,25.5,0.897,0.282,0.045,0.022,0,0,1,1,0,0,0,0,0,0,0,0,0,0,0,0,0,0,0,0,375.326,349.533,145.5,339,-0.864,0.135,-0.041,0.028,89,154,385,-2.5,0,430.421,356.407,2.469,0.391,0,0,0,0,1879

Main.js:462 129.149,134.215,27,27,0.894,0.29,0.045,0.023,0,0,1,1,0,0,0,0,0,0,0,0,0,0,0,0,0,0,0,0,374.466,349.69,144,336,-0.86,0.156,-0.04,0.029,88,151.5,385,-2.5,0,432.89,356.798,2.469,0.391,0,0,0,0,1896

Main.js:462 130.04,134.512,28.5,28.5,0.891,0.298,0.044,0.024,0,0,1,1,0,0,0,0,0,0,0,0,0,0,0,0,0,0,0,0,373.612,349.867,142.5,333,-0.854,0.177,-0.04,0.03,87,149,385,-2.5,0,435.359,357.189,2.469,0.391,0,0,0,0,1913

Main.js:462 130.928,134.819,30,30,0.888,0.307,0.043,0.025,0,0,1,1,0,0,0,0,0,0,0,0,0,0,0,0,0,0,0,0,372.764,350.066,141,330,-0.848,0.199,-0.039,0.031,86,146.5,385,-2.5,0,437.828,357.58,2.469,0.391,0,0,0,0,1929

Main.js:462 131.812,135.135,31.5,31.5,0.884,0.316,0.043,0.026,0,0,1,1,0,0,0,0,0,0,0,0,0,0,0,0,0,0,0,0,371.921,350.285,139.5,327,-0.842,0.219,-0.038,0.032,85,144,385,-2.5,0,440.297,357.971,2.469,0.391,0,0,0,0,1946

Main.js:462 132.691,135.461,33,33,0.88,0.326,0.042,0.027,0,0,1,1,0,0,0,0,0,0,0,0,0,0,0,0,0,0,0,0,371.086,350.525,138,324,-0.835,0.24,-0.037,0.033,84,141.5,385,-2.5,0,442.767,358.362,2.469,0.391,0,0,0,0,1963

Main.js:462 133.566,135.798,34.5,34.5,0.875,0.337,0.041,0.028,0,0,1,1,0,0,0,0,0,0,0,0,0,0,0,0,0,0,0,0,370.258,350.786,136.5,321,-0.828,0.261,-0.036,0.034,83,139,385,-2.5,0,445.236,358.753,2.469,0.391,0,0,0,0,1979

Main.js:462 134.435,136.146,36,36,0.869,0.348,0.04,0.029,0,0,1,1,0,0,0,0,0,0,0,0,0,0,0,0,0,0,0,0,369.438,351.068,135,318,-0.82,0.281,-0.035,0.035,82,136.5,385,-2.5,0,447.705,359.144,2.469,0.391,0,0,0,0,1996

Main.js:462 135.299,136.505,37.5,37.5,0.864,0.359,0.04,0.03,0,0,1,1,0,0,0,0,0,0,0,0,0,0,0,0,0,0,0,0,368.626,351.37,133.5,315,-0.812,0.302,-0.034,0.036,81,134,385,-2.5,0,450.174,359.535,2.469,0.391,0,0,0,0,2013

Main.js:462 136.156,136.876,39,39,0.857,0.371,0.039,0.031,0,0,1,1,0,0,0,0,0,0,0,0,0,0,0,0,0,0,0,0,367.821,351.69,135,315,-0.805,0.32,-0.035,0.035,80,131.5,385,-2.5,0,452.644,359.926,2.469,0.391,0,0,0,0,2031

Main.js:462 137.008,137.259,39,39,0.851,0.383,0.039,0.031,0,0,0,1,0,0,0,0,0,0,0,0,0,0,0,0,0,0,0,0,367.022,352.027,136.5,315,-0.799,0.337,-0.036,0.034,79,129,385,-2.5,0,455.113,360.318,2.469,0.391,0,0,0,0,2046

Main.js:462 137.854,137.652,39,39,0.846,0.393,0.039,0.031,0,0,0,1,0,0,0,0,0,0,0,0,0,0,0,0,0,0,0,0,366.228,352.379,138,315,-0.794,0.352,-0.037,0.033,78,126.5,385,-2.5,0,457.582,360.709,2.469,0.391,0,0,0,0,2064

Main.js:462 138.694,138.056,39,39,0.84,0.404,0.039,0.031,0,0,0,1,0,0,0,0,0,0,0,0,0,0,0,0,0,0,0,0,365.437,352.744,139.5,315,-0.791,0.365,-0.038,0.032,77,124,385,-2.5,0,460.051,361.1,2.469,0.391,0,0,0,0,2080

Main.js:462 139.529,138.469,39,39,0.835,0.413,0.039,0.031,0,0,0,1,0,0,0,0,0,0,0,0,0,0,0,0,0,0,0,0,364.649,353.121,141,315,-0.788,0.377,-0.039,0.031,76,121.5,385,-2.5,0,462.52,361.491,2.469,0.391,0,0,0,0,2097

Main.js:462 140.36,138.892,39,39,0.83,0.423,0.039,0.031,0,0,0,1,0,0,0,0,0,0,0,0,0,0,0,0,0,0,0,0,363.862,353.508,142.5,315,-0.786,0.387,-0.04,0.03,75,119,385,-2.5,0,464.99,361.882,2.469,0.391,0,0,0,0,2113

Main.js:462 141.186,139.323,39,39,0.826,0.431,0.039,0.031,0,0,0,1,0,0,0,0,0,0,0,0,0,0,0,0,0,0,0,0,363.077,353.903,144,315,-0.786,0.395,-0.04,0.029,74,116.5,385,-2.5,0,467.459,362.273,2.469,0.391,0,0,0,0,2130

Main.js:462 142.007,139.763,39,39,0.821,0.44,0.039,0.031,0,0,0,1,0,0,0,0,0,0,0,0,0,0,0,0,0,0,0,0,362.291,354.306,145.5,315,-0.785,0.403,-0.041,0.028,73,114,385,-2.5,0,469.928,362.664,2.469,0.391,0,0,0,0,2146

Main.js:462 142.824,140.21,39,39,0.817,0.448,0.039,0.031,0,0,0,1,0,0,0,0,0,0,0,0,0,0,0,0,0,0,0,0,361.505,354.714,147,315,-0.786,0.408,-0.042,0.027,72,111.5,385,-2.5,0,472.397,363.055,2.469,0.391,0,0,0,0,2163

Main.js:462 143.638,140.665,39,39,0.813,0.455,0.039,0.031,0,0,0,1,0,0,0,0,0,0,0,0,0,0,0,0,0,0,0,0,360.718,355.127,148.5,315,-0.787,0.413,-0.043,0.026,71,109,385,-2.5,0,474.867,363.446,2.469,0.391,0,0,0,0,2181

Main.js:462 144.447,141.128,39,39,0.81,0.462,0.039,0.031,0,0,0,1,0,0,0,0,0,0,0,0,0,0,0,0,0,0,0,0,359.929,355.543,150,315,-0.789,0.416,-0.043,0.025,70,106.5,385,-2.5,0,477.336,363.837,2.469,0.391,0,0,0,0,2197

Main.js:462 145.253,141.597,39,39,0.806,0.469,0.039,0.031,0,0,0,1,0,0,0,0,0,0,0,0,0,0,0,0,0,0,0,0,359.138,355.961,151.5,315,-0.791,0.418,-0.044,0.024,69,104,385,-2.5,0,479.805,364.228,2.469,0.391,0,0,0,0,2214

Main.js:462 146.055,142.073,40.5,40.5,0.802,0.476,0.038,0.032,0,0,1,1,0,0,0,0,0,0,0,0,0,0,0,0,0,0,0,0,358.344,356.379,153,315,-0.794,0.418,-0.045,0.023,68,101.5,385,-2.5,0,482.274,364.619,2.469,0.391,0,0,0,0,2231

Main.js:462 146.852,142.557,42,42,0.797,0.484,0.037,0.033,0,0,1,1,0,0,0,0,0,0,0,0,0,0,0,0,0,0,0,0,357.546,356.797,154.5,315,-0.797,0.418,-0.045,0.022,67,99,385,-2.5,0,484.743,365.011,2.469,0.391,0,0,0,0,2246

Main.js:462 147.644,143.05,43.5,43.5,0.792,0.493,0.036,0.034,0,0,1,1,0,0,0,0,0,0,0,0,0,0,0,0,0,0,0,0,356.746,357.214,156,315,-0.801,0.416,-0.046,0.02,66,96.5,385,-2.5,0,487.213,365.402,2.469,0.391,0,0,0,0,2264

Main.js:462 148.43,143.552,45,45,0.786,0.502,0.035,0.035,0,0,1,1,0,0,0,0,0,0,0,0,0,0,0,0,0,0,0,0,355.941,357.627,157.5,315,-0.805,0.414,-0.046,0.019,65,94,385,-2.5,0,489.682,365.793,2.469,0.391,0,0,0,0,2280

Main.js:462 149.209,144.063,46.5,46.5,0.779,0.511,0.034,0.036,0,0,1,1,0,0,0,0,0,0,0,0,0,0,0,0,0,0,0,0,355.132,358.037,159,315,-0.809,0.41,-0.047,0.018,64,91.5,385,-2.5,0,492.151,366.184,2.469,0.391,0,0,0,0,2298

Main.js:462 149.981,144.584,48,48,0.772,0.521,0.033,0.037,0,0,1,1,0,0,0,0,0,0,0,0,0,0,0,0,0,0,0,0,354.319,358.443,160.5,315,-0.813,0.405,-0.047,0.017,63,89,385,-2.5,0,494.62,366.575,2.469,0.391,0,0,0,0,2314

Main.js:462 150.745,145.115,49.5,49.5,0.764,0.531,0.032,0.038,0,0,1,1,0,0,0,0,0,0,0,0,0,0,0,0,0,0,0,0,353.502,358.843,162,315,-0.818,0.4,-0.048,0.015,62,86.5,385,-2.5,0,497.09,366.966,2.469,0.391,0,0,0,0,2332

Main.js:462 151.501,145.656,51,51,0.756,0.541,0.031,0.039,0,0,1,1,0,0,0,0,0,0,0,0,0,0,0,0,0,0,0,0,352.679,359.236,163.5,315,-0.822,0.393,-0.048,0.014,61,84,385,-2.5,0,499.559,367.357,2.469,0.391,0,0,0,0,2346

Main.js:462 152.248,146.208,52.5,52.5,0.747,0.552,0.03,0.04,0,0,1,1,0,0,0,0,0,0,0,0,0,0,0,0,0,0,0,0,351.852,359.622,165,315,-0.827,0.386,-0.048,0.013,60,81.5,385,-2.5,0,0,0,0,0,0,0,0,0,2364

Main.js:462 152.985,146.771,54,54,0.738,0.563,0.029,0.04,0,0,1,1,0,0,0,0,0,0,0,0,0,0,0,0,0,0,0,0,351.021,360,166.5,315,-0.832,0.378,-0.049,0.012,59,79,385,-2.5,0,0,0,0,0,0,0,0,0,2380

Main.js:462 153.713,147.345,55.5,55.5,0.728,0.574,0.028,0.041,0,0,1,1,0,0,0,0,0,0,0,0,0,0,0,0,0,0,0,0,350.184,360.368,168,315,-0.837,0.369,-0.049,0.01,58,76.5,385,-2.5,0,0,0,0,0,0,0,0,0,2397

Main.js:462 154.43,147.929,57,57,0.717,0.585,0.027,0.042,0,0,1,1,0,0,0,0,0,0,0,0,0,0,0,0,0,0,0,0,349.342,360.727,169.5,315,-0.842,0.359,-0.049,0.009,57,74,385,-2.5,0,0,0,0,0,0,0,0,0,2415

Main.js:462 155.136,148.526,58.5,58.5,0.706,0.596,0.026,0.043,0,0,1,1,0,0,0,0,0,0,0,0,0,0,0,0,0,0,0,0,348.496,361.076,171,315,-0.846,0.348,-0.049,0.008,56,71.5,385,-2.5,0,0,0,0,0,0,0,0,0,2430

Main.js:462 155.83,149.133,60,60,0.694,0.608,0.025,0.043,0,0,1,1,0,0,0,0,0,0,0,0,0,0,0,0,0,0,0,0,347.645,361.413,172.5,315,-0.851,0.337,-0.05,0.007,55,69,385,-2.5,0,0,0,0,0,0,0,0,0,2448

Main.js:462 156.514,149.751,60,60,0.684,0.618,0.025,0.043,0,0,0,1,0,0,0,0,0,0,0,0,0,0,0,0,0,0,0,0,346.789,361.738,174,315,-0.856,0.325,-0.05,0.005,54,66.5,385,-2.5,0,0,0,0,0,0,0,0,0,2465

Main.js:462 157.187,150.38,60,60,0.673,0.628,0.025,0.043,0,0,0,1,0,0,0,0,0,0,0,0,0,0,0,0,0,0,0,0,345.928,362.051,175.5,315,-0.86,0.313,-0.05,0.004,53,64,385,-2.5,0,0,0,0,0,0,0,0,0,2480

Main.js:462 157.826,150.977,60,60,0.639,0.597,0,0,0,0,0,0,0,0,0,0,0,0,0,0,0,0,0,0,0,0,0,0,345.064,362.351,177,315,-0.865,0.3,-0.05,0.003,52,61.5,385,-2.5,0,0,0,0,0,0,0,0,0,2496

Main.js:462 158.434,151.544,60,60,0.607,0.567,0,0,0,0,0,0,0,0,0,0,0,0,0,0,0,0,0,0,0,0,0,0,344.194,362.637,178.5,315,-0.869,0.286,-0.05,0.001,51,59,385,-2.5,0,0,0,0,0,0,0,0,0,2514

Main.js:462 159.011,152.083,60,60,0.577,0.539,0,0,99,0,0,0,0,1,0,0,0,0,0,0,0,0,0,0,0,0,0,0,343.321,362.909,178.5,313.5,-0.873,0.273,-0.05,0.001,50,56.5,385,-2.5,0,0,0,0,0,0,0,0,0,2530

Main.js:462 159.559,152.595,60,60,0.548,0.512,0,0,98,0,0,0,0,1,0,0,170.184,171.896,1.25,2.165,0,0,0,0,0,0,0,0,342.444,363.17,178.5,312,-0.877,0.26,-0.05,0.001,49,54,385,-2.5,0,0,0,0,0,0,0,0,0,2546

Main.js:462 160.08,153.081,60,60,0.521,0.486,0,0,97,0,0,0,0,1,0,0,171.434,174.061,1.25,2.165,0,0,0,0,0,0,0,0,341.564,363.419,178.5,310.5,-0.881,0.249,-0.05,0.001,48,51.5,385,-2.5,0,0,0,0,0,0,0,0,0,2563

Main.js:462 160.575,153.543,60,60,0.495,0.462,0,0,96,0,0,0,0,1,0,0,172.684,176.226,1.25,2.165,0,0,0,0,0,0,0,0,340.68,363.656,178.5,309,-0.884,0.237,-0.05,0.001,47,49,385,-2.5,0,0,0,0,0,0,0,0,0,2580

Main.js:462 161.045,153.982,60,60,0.47,0.439,0,0,95,0,0,0,0,1,0,0,173.934,178.391,1.25,2.165,0,0,0,0,0,0,0,0,339.792,363.883,178.5,307.5,-0.887,0.227,-0.05,0.001,46,46.5,385,-2.5,0,0,0,0,0,0,0,0,0,2596

Main.js:462 161.491,154.399,60,60,0.447,0.417,0,0,94,0,0,0,0,1,0,0,175.184,180.556,1.25,2.165,0,0,0,0,0,0,0,0,338.902,364.1,178.5,306,-0.89,0.217,-0.05,0.001,45,44,385,-2.5,0,0,0,0,0,0,0,0,0,2612

Main.js:462 161.915,154.795,60,60,0.424,0.396,0,0,93,0,0,0,0,1,0,0,176.434,182.721,1.25,2.165,0,0,0,0,0,0,0,0,338.009,364.307,178.5,304.5,-0.893,0.207,-0.05,0.001,44,41.5,385,-2.5,0,0,0,0,0,0,0,0,0,2630

Main.js:462 162.318,155.172,60,60,0.403,0.376,0,0,92,0,0,0,0,0,0,0,177.684,184.886,1.25,2.165,0,0,0,0,0,0,0,0,337.112,364.505,178.5,303,-0.896,0.198,-0.05,0.001,43,39,385,-2.5,0,0,0,0,0,0,0,0,0,2647

Main.js:462 162.701,155.529,60,60,0.383,0.357,0,0,91,0,0,0,0,0,0,0,178.934,187.051,1.25,2.165,0,0,0,0,0,0,0,0,336.214,364.694,178.5,301.5,-0.899,0.189,-0.05,0.001,42,36.5,385,-2.5,0,0,0,0,0,0,0,0,0,2663

Main.js:462 163.065,155.869,60,60,0.364,0.34,0,0,90,0,0,0,0,0,0,0,180.184,189.216,1.25,2.165,0,0,0,0,0,0,0,0,335.312,364.875,178.5,300,-0.901,0.181,-0.05,0.001,41,34,385,-2.5,0,0,0,0,0,0,0,0,0,2681

Main.js:462 163.41,156.191,60,60,0.346,0.323,0,0,89,0,0,0,0,0,0,0,181.434,191.381,1.25,2.165,0,0,0,0,0,0,0,0,334.408,365.049,178.5,298.5,-0.904,0.173,-0.05,0.001,40,31.5,385,-2.5,0,0,0,0,0,0,0,0,0,2697

Main.js:462 163.739,156.498,60,60,0.328,0.306,0,0,88,0,0,0,0,0,0,0,182.684,193.546,1.25,2.165,0,0,0,0,0,0,0,0,333.502,365.215,178.5,297,-0.906,0.166,-0.05,0.001,39,29,385,-2.5,0,0,0,0,0,0,0,0,0,2712

Main.js:462 164.05,156.789,60,60,0.312,0.291,0,0,87,0,0,0,0,0,0,0,183.934,195.712,1.25,2.165,0,0,0,0,0,0,0,0,332.594,365.373,178.5,295.5,-0.908,0.159,-0.05,0.001,38,26.5,385,-2.5,0,0,0,0,0,0,0,0,0,2731

Main.js:462 164.347,157.066,60,60,0.296,0.277,0,0,86,0,0,0,0,0,0,0,185.184,197.877,1.25,2.165,0,0,0,0,0,0,0,0,331.683,365.526,178.5,294,-0.91,0.152,-0.05,0.001,37,24,385,-2.5,0,0,0,0,0,0,0,0,0,2747

Main.js:462 164.628,157.328,60,60,0.281,0.263,0,0,85,0,0,0,0,0,0,0,186.434,200.042,1.25,2.165,0,0,0,0,0,0,0,0,330.771,365.671,178.5,292.5,-0.912,0.146,-0.05,0.001,36,21.5,385,-2.5,0,0,0,0,0,0,0,0,0,2764

Main.js:462 164.895,157.578,60,60,0.267,0.25,0,0,84,0,0,0,0,0,0,0,187.684,202.207,1.25,2.165,0,0,0,0,0,0,0,0,329.857,365.811,178.5,291,-0.914,0.14,-0.05,0.001,35,19,385,-2.5,0,0,0,0,0,0,0,0,0,2780

Main.js:462 165.149,157.815,60,60,0.254,0.237,0,0,83,0,0,0,0,0,0,0,188.934,204.372,1.25,2.165,0,0,0,0,0,0,0,0,328.941,365.945,178.5,289.5,-0.916,0.134,-0.05,0.001,34,16.5,385,-2.5,0,0,0,0,0,0,0,0,0,2796

Main.js:462 165.391,158.04,60,60,0.241,0.225,0,0,82,0,0,0,0,0,0,0,190.184,206.537,1.25,2.165,0,0,0,0,0,0,0,0,328.023,366.074,178.5,288,-0.918,0.129,-0.05,0.001,33,14,385,-2.5,0,0,0,0,0,0,0,0,0,2813

Main.js:462 165.62,158.254,60,60,0.229,0.214,0,0,81,0,0,0,0,0,0,0,191.434,208.702,1.25,2.165,0,0,0,0,0,0,0,0,327.104,366.197,178.5,286.5,-0.919,0.123,-0.05,0.001,32,11.5,385,-2.5,0,0,0,0,0,0,0,0,0,2830

Main.js:462 165.838,158.458,60,60,0.218,0.203,0,0,80,0,0,0,0,0,0,0,192.684,210.867,1.25,2.165,0,0,0,0,0,0,0,0,326.183,366.315,178.5,285,-0.921,0.118,-0.05,0.001,31,9,385,-2.5,0,0,0,0,0,0,0,0,0,2846

Main.js:462 166.045,158.651,60,60,0.207,0.193,0,0,79,0,0,0,0,0,0,0,193.934,213.032,1.25,2.165,0,0,0,0,0,0,0,0,325.261,366.429,178.5,283.5,-0.922,0.114,-0.05,0.001,30,6.5,385,-2.5,0,0,0,0,0,0,0,0,0,2863

Main.js:462 166.241,158.834,60,60,0.197,0.184,0,0,78,0,0,0,0,0,0,0,195.184,215.197,1.25,2.165,0,0,0,0,0,0,0,0,324.337,366.539,178.5,282,-0.924,0.109,-0.05,0.001,29,4,385,-2.5,0,0,0,0,0,0,0,0,0,2879

Main.js:462 166.428,159.009,61.5,61.5,0.187,0.174,0,0,77,0,1,0,0,1,0,0,196.434,217.362,1.25,2.165,0,0,0,0,0,0,0,0,323.412,366.644,178.5,280.5,-0.925,0.105,-0.05,0.001,28,1.5,385,-2.5,0,0,0,0,0,0,0,0,0,2896

Main.js:462 166.605,159.174,63,63,0.177,0.166,0,0,76,0,1,0,0,1,0,0,196.434,217.362,1.25,2.165,0,0,0,0,0,0,0,0,322.486,366.745,178.5,279,-0.926,0.101,-0.05,0.001,27,0,0,0,0,0,0,0,0,0,0,0,0,2914

Main.js:462 166.774,159.332,64.5,64.5,0.169,0.157,0,0,75,0,1,0,0,1,0,0,197.684,219.527,1.25,2.165,0,0,0,0,0,0,0,0,321.559,366.842,178.5,277.5,-0.927,0.097,-0.05,0.001,26,0,0,0,0,0,0,0,0,0,0,0,0,2929

Main.js:462 166.934,159.481,66,66,0.16,0.149,0,0,74,0,1,0,0,1,0,0,198.934,221.692,1.25,2.165,0,0,0,0,0,0,0,0,320.631,366.936,178.5,276,-0.928,0.094,-0.05,0.001,25,0,0,0,0,0,0,0,0,0,0,0,0,2947

Main.js:462 167.086,159.623,67.5,67.5,0.152,0.142,0,0,73,0,1,0,0,1,0,0,200.184,223.857,1.25,2.165,0,0,0,0,0,0,0,0,319.701,367.026,178.5,274.5,-0.929,0.09,-0.05,0.001,24,0,0,0,0,0,0,0,0,0,0,0,0,2964

Main.js:462 167.23,159.758,67.5,67.5,0.144,0.135,0,0,72,0,0,0,0,1,0,0,201.434,226.022,1.25,2.165,0,0,0,0,0,0,0,0,318.771,367.113,178.5,273,-0.931,0.087,-0.05,0.001,23,0,0,0,0,0,0,0,0,0,0,0,0,2982

Main.js:462 167.368,159.886,67.5,67.5,0.137,0.128,0,0,71,0,0,0,0,0,0,0,202.684,228.187,1.25,2.165,0,0,0,0,0,0,0,0,317.839,367.197,178.5,271.5,-0.931,0.084,-0.05,0.001,22,0,0,0,0,0,0,0,0,0,0,0,0,2997

Main.js:462 167.498,160.008,67.5,67.5,0.13,0.122,0,0,70,0,0,0,0,0,0,0,203.934,230.353,1.25,2.165,0,0,0,0,0,0,0,0,316.907,367.278,178.5,270,-0.932,0.081,-0.05,0.001,21,0,0,0,0,0,0,0,0,0,0,0,0,3014

Main.js:462 167.622,160.124,67.5,67.5,0.124,0.116,0,0,69,0,0,0,0,0,0,0,205.184,232.518,1.25,2.165,0,0,0,0,0,0,0,0,315.974,367.357,177,267,-0.933,0.079,-0.05,0.003,20,0,0,0,0,0,0,0,0,0,0,0,0,3031

Main.js:462 167.739,160.234,67.5,67.5,0.118,0.11,0,0,68,0,0,0,0,0,0,0,206.434,234.683,1.25,2.165,0,0,0,0,0,0,0,0,315.04,367.436,175.5,264,-0.934,0.079,-0.05,0.004,19,0,0,0,0,0,0,0,0,0,0,0,0,3047

Main.js:462 167.851,160.338,67.5,67.5,0.112,0.104,0,0,67,0,0,0,0,0,0,0,207.684,236.848,1.25,2.165,0,0,0,0,0,0,0,0,314.105,367.516,174,261,-0.934,0.08,-0.05,0.005,18,0,0,0,0,0,0,0,0,0,0,0,0,3063

Main.js:462 167.957,160.437,67.5,67.5,0.106,0.099,0,0,66,0,0,0,0,0,0,0,208.934,239.013,1.25,2.165,0,0,0,0,0,0,0,0,313.17,367.598,172.5,258,-0.935,0.082,-0.05,0.007,17,0,0,0,0,0,0,0,0,0,0,0,0,3081

Main.js:462 168.058,160.531,67.5,67.5,0.101,0.094,0,0,65,0,0,0,0,1,0,0,210.184,241.178,1.25,2.165,0,0,0,0,0,0,0,0,312.235,367.684,171,255,-0.935,0.086,-0.049,0.008,16,0,0,0,0,0,0,0,0,0,0,0,0,3099

Main.js:462 168.154,160.621,67.5,67.5,0.096,0.089,0,0,64,0,0,0,0,1,0,0,211.434,243.343,1.25,2.165,0,0,0,0,0,0,0,0,311.3,367.774,169.5,252,-0.935,0.09,-0.049,0.009,15,0,0,0,0,0,0,0,0,0,0,0,0,3114

Main.js:462 168.245,160.706,67.5,67.5,0.091,0.085,0,0,63,0,0,0,0,1,0,0,212.684,245.508,1.25,2.165,0,0,0,0,0,0,0,0,310.366,367.869,168,249,-0.935,0.095,-0.049,0.01,14,0,0,0,0,0,0,0,0,0,0,0,0,3130

Main.js:462 168.332,160.787,67.5,67.5,0.086,0.081,0,0,62,0,0,0,0,1,0,0,213.934,247.673,1.25,2.165,0,0,0,0,0,0,0,0,309.432,367.971,166.5,246,-0.934,0.102,-0.049,0.012,13,0,0,0,0,0,0,0,0,0,0,0,0,3148

Main.js:462 168.414,160.863,67.5,67.5,0.082,0.077,0,0,61,0,0,0,0,1,0,0,215.184,249.838,1.25,2.165,0,0,0,0,0,0,0,0,308.498,368.08,165,243,-0.933,0.109,-0.048,0.013,12,0,0,0,0,0,0,0,0,0,0,0,0,3163

Main.js:462 168.492,160.936,67.5,67.5,0.078,0.073,0,0,60,0,0,0,0,0,0,0,216.434,252.003,1.25,2.165,0,0,0,0,0,0,0,0,307.566,368.197,163.5,240,-0.932,0.117,-0.048,0.014,11,0,0,0,0,0,0,0,0,0,0,0,0,3182

Main.js:462 168.566,161.005,67.5,67.5,0.074,0.069,0,0,59,0,0,0,0,0,0,0,217.684,254.168,1.25,2.165,0,0,0,0,0,0,0,0,306.636,368.323,162,237,-0.931,0.126,-0.048,0.015,10,0,0,0,0,0,0,0,0,0,0,0,0,3198

Main.js:462 168.637,161.071,67.5,67.5,0.07,0.066,0,0,58,0,0,0,0,0,0,0,218.934,256.333,1.25,2.165,0,0,0,0,0,0,0,0,305.707,368.458,160.5,234,-0.929,0.135,-0.047,0.017,9,0,0,0,0,0,0,0,0,0,0,0,0,3235

Main.js:462 168.703,161.134,67.5,67.5,0.067,0.062,0,0,57,0,0,0,0,1,0,0,220.184,258.498,1.25,2.165,0,0,0,0,0,0,0,0,304.78,368.604,159,231,-0.927,0.146,-0.047,0.018,8,0,0,0,0,0,0,0,0,0,0,0,0,3264

Main.js:462 168.767,161.193,67.5,67.5,0.064,0.059,0,0,56,0,0,0,0,1,0,0,221.434,260.663,1.25,2.165,0,0,0,0,0,0,0,0,303.855,368.76,157.5,228,-0.924,0.156,-0.046,0.019,7,0,0,0,0,0,0,0,0,0,0,0,0,3281

Main.js:462 168.827,161.25,67.5,67.5,0.06,0.056,0,0,55,0,0,0,0,1,0,0,222.684,262.828,1.25,2.165,0,0,0,0,0,0,0,0,302.934,368.928,156,225,-0.922,0.168,-0.046,0.02,6,0,0,0,0,0,0,0,0,0,0,0,0,3297

Main.js:462 168.885,161.303,67.5,67.5,0.057,0.054,0,0,54,0,0,0,0,1,0,0,223.934,264.994,1.25,2.165,0,0,0,0,0,0,0,0,302.015,369.108,154.5,222,-0.918,0.18,-0.045,0.022,5,0,0,0,0,0,0,0,0,0,0,0,0,3314

Main.js:462 168.939,161.354,67.5,67.5,0.055,0.051,0,0,53,0,0,0,0,1,0,0,225.184,267.159,1.25,2.165,0,0,0,0,0,0,0,0,301.101,369.301,153,219,-0.915,0.193,-0.045,0.023,4,0,0,0,0,0,0,0,0,0,0,0,0,3330

Main.js:462 168.991,161.402,67.5,67.5,0.052,0.048,0,0,52,0,0,0,0,1,0,0,226.434,269.324,1.25,2.165,0,0,0,0,0,0,0,0,300.19,369.506,151.5,216,-0.911,0.206,-0.044,0.024,3,0,0,0,0,0,0,0,0,0,0,0,0,3346

Main.js:462 169.04,161.448,67.5,67.5,0.049,0.046,0,0,51,0,0,0,0,0,0,0,227.684,271.489,1.25,2.165,0,0,0,0,0,0,0,0,299.283,369.725,150,213,-0.906,0.219,-0.043,0.025,2,0,0,0,0,0,0,0,0,0,0,0,0,3363

Main.js:462 169.087,161.492,67.5,67.5,0.047,0.044,0,0,50,0,0,0,0,0,0,0,228.934,273.654,1.25,2.165,0,0,0,0,0,0,0,0,298.382,369.958,148.5,210,-0.902,0.233,-0.043,0.026,1,0,0,0,0,0,0,0,0,0,0,0,0,3381

Main.js:462 169.132,161.533,67.5,67.5,0.044,0.041,0,0,49,0,0,0,0,0,0,0,230.184,275.819,1.25,2.165,0,0,0,0,0,0,0,0,297.486,370.206,147,207,-0.896,0.247,-0.042,0.027,0,0,0,0,0,0,0,0,0,0,0,0,0,3398

Main.js:462 169.174,161.573,67.5,67.5,0.042,0.039,0,0,48,0,0,0,0,0,0,0,231.434,277.984,1.25,2.165,0,0,0,0,0,0,0,0,296.595,370.467,145.5,204,-0.891,0.262,-0.041,0.028,99,0,0,0,0,0,0,0,0,0,0,0,0,3414

Main.js:462 169.214,161.61,67.5,67.5,0.04,0.037,0,0,47,0,0,0,0,0,0,0,232.684,280.149,1.25,2.165,0,0,0,0,0,0,0,0,295.71,370.744,144,201,-0.885,0.277,-0.04,0.029,98,276.017,360.647,-2.284,-1.017,0,0,0,0,0,0,0,0,3430

Main.js:462 169.252,161.646,69,69,0.038,0.036,0,0,46,0,1,0,0,1,0,0,233.934,282.314,1.25,2.165,0,0,0,0,0,0,0,0,294.832,371.036,142.5,198,-0.878,0.292,-0.04,0.03,97,273.733,359.63,-2.284,-1.017,0,0,0,0,0,0,0,0,3448

Main.js:462 169.288,161.68,70.5,70.5,0.036,0.034,0,0,45,0,1,0,0,1,0,0,235.184,284.479,1.25,2.165,0,0,0,0,0,0,0,0,293.961,371.343,141,195,-0.871,0.307,-0.039,0.031,96,271.45,358.614,-2.284,-1.017,0,0,0,0,0,0,0,0,3464

Main.js:462 169.322,161.712,72,72,0.034,0.032,0,0,44,0,1,0,0,1,0,0,236.434,286.644,1.25,2.165,0,0,0,0,0,0,0,0,293.098,371.665,139.5,192,-0.864,0.322,-0.038,0.032,95,269.166,357.597,-2.284,-1.017,0,0,0,0,0,0,0,0,3481

Main.js:462 169.355,161.742,73.5,73.5,0.033,0.03,0,0,43,0,1,0,0,1,0,0,237.684,288.809,1.25,2.165,0,0,0,0,0,0,0,0,292.242,372.003,138,189,-0.856,0.338,-0.037,0.033,94,266.882,356.58,-2.284,-1.017,0,0,0,0,0,0,0,0,3498

Main.js:462 169.386,161.771,73.5,73.5,0.031,0.029,0,0,42,0,0,0,0,1,0,0,238.934,290.974,1.25,2.165,0,0,0,0,0,0,0,0,291.395,372.357,136.5,186,-0.847,0.354,-0.036,0.034,93,264.598,355.563,-2.284,-1.017,0,0,0,0,0,0,0,0,3515

Main.js:462 169.415,161.799,73.5,73.5,0.029,0.028,0,0,41,0,0,0,0,0,0,0,240.184,293.139,1.25,2.165,0,0,0,0,0,0,0,0,290.556,372.727,135,183,-0.839,0.37,-0.035,0.035,92,262.314,354.546,-2.284,-1.017,0,0,0,0,0,0,0,0,3530

Main.js:462 169.443,161.825,73.5,73.5,0.028,0.026,0,0,40,0,0,0,0,0,0,0,241.434,295.304,1.25,2.165,0,0,0,0,0,0,0,0,289.727,373.113,133.5,180,-0.829,0.386,-0.034,0.036,91,260.03,353.529,-2.284,-1.017,0,0,0,0,0,0,0,0,3547

Main.js:462 169.47,161.85,73.5,73.5,0.027,0.025,0,0,39,0,0,0,0,0,0,0,242.684,297.469,1.25,2.165,0,0,0,0,0,0,0,0,288.907,373.514,132,177,-0.82,0.402,-0.033,0.037,90,257.746,352.513,-2.284,-1.017,0,0,0,0,0,0,0,0,3563

Main.js:462 169.495,161.873,73.5,73.5,0.025,0.024,0,0,38,0,0,0,0,0,0,0,243.934,299.635,1.25,2.165,0,0,0,0,0,0,0,0,288.098,373.932,130.5,174,-0.81,0.418,-0.032,0.038,89,255.462,351.496,-2.284,-1.017,0,0,0,0,0,0,0,0,3580

Main.js:462 169.519,161.896,73.5,73.5,0.024,0.022,0,0,37,0,0,0,0,0,0,0,245.184,301.8,1.25,2.165,0,0,0,0,0,0,0,0,287.299,374.366,129,171,-0.799,0.434,-0.031,0.039,88,253.179,350.479,-2.284,-1.017,0,0,0,0,0,0,0,0,3597

Main.js:462 169.542,161.917,73.5,73.5,0.023,0.021,0,0,36,0,0,0,0,1,0,0,246.434,303.965,1.25,2.165,0,0,0,0,0,0,0,0,286.511,374.816,127.5,168,-0.788,0.45,-0.03,0.04,87,250.895,349.462,-2.284,-1.017,0,0,0,0,0,0,0,0,3613

Main.js:462 169.564,161.937,73.5,73.5,0.022,0.02,0,0,35,0,0,0,0,1,0,0,247.684,306.13,1.25,2.165,0,0,0,0,0,0,0,0,285.734,375.282,126,165,-0.776,0.466,-0.029,0.04,86,248.611,348.445,-2.284,-1.017,0,0,0,0,0,0,0,0,3630

Main.js:462 169.584,161.956,73.5,73.5,0.021,0.019,0,0,34,0,0,0,0,1,0,0,248.934,308.295,1.25,2.165,0,0,0,0,0,0,0,0,284.97,375.763,124.5,162,-0.765,0.482,-0.028,0.041,85,246.327,347.428,-2.284,-1.017,0,0,0,0,0,0,0,0,3646

Main.js:462 169.604,161.975,73.5,73.5,0.02,0.018,0,0,33,0,0,0,0,1,0,0,250.184,310.46,1.25,2.165,0,0,0,0,0,0,0,0,284.217,376.261,123,159,-0.752,0.497,-0.027,0.042,84,244.043,346.411,-2.284,-1.017,0,0,0,0,0,0,0,0,3664

Main.js:462 169.622,161.992,73.5,73.5,0.019,0.017,0,0,32,0,0,0,0,1,0,0,251.434,312.625,1.25,2.165,0,0,0,0,0,0,0,0,283.478,376.774,121.5,156,-0.739,0.513,-0.026,0.043,83,241.759,345.395,-2.284,-1.017,0,0,0,0,0,0,0,0,3681

Main.js:462 169.64,162.008,73.5,73.5,0.018,0.016,0,0,31,0,0,0,0,1,0,0,252.684,314.79,1.25,2.165,0,0,0,0,0,0,0,0,282.752,377.302,120,153,-0.726,0.528,-0.025,0.043,82,239.475,344.378,-2.284,-1.017,0,0,0,0,0,0,0,0,3698

Main.js:462 169.657,162.024,73.5,73.5,0.017,0.016,0,0,30,0,0,0,0,0,0,0,253.934,316.955,1.25,2.165,0,0,0,0,0,0,0,0,282.039,377.846,118.5,150,-0.713,0.544,-0.024,0.044,81,237.192,343.361,-2.284,-1.017,0,0,0,0,0,0,0,0,3713

Main.js:462 169.673,162.039,73.5,73.5,0.016,0.015,0,0,29,0,0,0,0,0,0,0,255.184,319.12,1.25,2.165,0,0,0,0,0,0,0,0,281.341,378.405,117,147,-0.698,0.559,-0.023,0.045,80,234.908,342.344,-2.284,-1.017,0,0,0,0,0,0,0,0,3731

Main.js:462 169.688,162.053,73.5,73.5,0.015,0.014,0,0,28,0,0,0,0,0,0,0,256.434,321.285,1.25,2.165,0,0,0,0,0,0,0,0,280.657,378.979,115.5,144,-0.684,0.574,-0.022,0.045,79,232.624,341.327,-2.284,-1.017,0,0,0,0,0,0,0,0,3748

Main.js:462 169.702,162.066,73.5,73.5,0.014,0.013,0,0,27,0,0,0,0,0,0,0,257.684,323.45,1.25,2.165,0,0,0,0,0,0,0,0,279.988,379.567,114,141,-0.669,0.589,-0.02,0.046,78,230.34,340.31,-2.284,-1.017,0,0,0,0,0,0,0,0,3763

Main.js:462 169.716,162.079,73.5,73.5,0.014,0.013,0,0,26,0,0,0,0,0,0,0,258.934,325.615,1.25,2.165,0,0,0,0,0,0,0,0,279.334,380.17,112.5,138,-0.654,0.603,-0.019,0.046,77,228.056,339.294,-2.284,-1.017,0,0,0,0,0,0,0,0,3780

Main.js:462 169.729,162.091,73.5,73.5,0.013,0.012,0,0,25,0,0,0,0,1,0,0,260.184,327.78,1.25,2.165,0,0,0,0,0,0,0,0,278.696,380.788,111,135,-0.638,0.617,-0.018,0.047,76,225.772,338.277,-2.284,-1.017,0,0,0,0,0,0,0,0,3798

Main.js:462 169.741,162.103,73.5,73.5,0.012,0.012,0,0,24,0,0,0,0,1,0,0,261.434,329.945,1.25,2.165,0,0,0,0,0,0,0,0,278.074,381.419,109.5,132,-0.622,0.631,-0.017,0.047,75,223.488,337.26,-2.284,-1.017,0,0,0,0,0,0,0,0,3814

Main.js:462 169.753,162.114,73.5,73.5,0.012,0.011,0,0,23,0,0,0,0,1,0,0,262.684,332.111,1.25,2.165,0,0,0,0,0,0,0,0,277.468,382.064,108,129,-0.606,0.645,-0.015,0.048,74,221.205,336.243,-2.284,-1.017,0,0,0,0,0,0,0,0,3831

Main.js:462 169.764,162.124,73.5,73.5,0.011,0.01,0,0,22,0,0,0,0,1,0,0,263.934,334.276,1.25,2.165,0,0,0,0,0,0,0,0,276.879,382.722,106.5,126,-0.589,0.658,-0.014,0.048,73,218.921,335.226,-2.284,-1.017,0,0,0,0,0,0,0,0,3847

Main.js:462 169.775,162.134,73.5,73.5,0.011,0.01,0,0,21,0,0,0,0,1,0,0,265.184,336.441,1.25,2.165,0,0,0,0,0,0,0,0,276.307,383.393,105,123,-0.572,0.671,-0.013,0.048,72,216.637,334.209,-2.284,-1.017,0,0,0,0,0,0,0,0,3863

Main.js:462 169.785,162.143,73.5,73.5,0.01,0.009,0,0,20,0,0,0,0,1,0,0,266.434,338.606,1.25,2.165,0,0,0,0,0,0,0,0,275.753,384.076,103.5,120,-0.554,0.684,-0.012,0.049,71,214.353,333.193,-2.284,-1.017,0,0,0,0,0,0,0,0,3880

Main.js:462 169.794,162.152,73.5,73.5,0.01,0.009,0,0,19,0,0,0,0,0,0,0,267.684,340.771,1.25,2.165,0,0,0,0,0,0,0,0,275.217,384.772,102,117,-0.536,0.696,-0.01,0.049,70,212.069,332.176,-2.284,-1.017,0,0,0,0,0,0,0,0,3896

Main.js:462 169.803,162.161,73.5,73.5,0.009,0.008,0,0,18,0,0,0,0,0,0,0,268.934,342.936,1.25,2.165,0,0,0,0,0,0,0,0,274.699,385.48,100.5,114,-0.518,0.708,-0.009,0.049,69,209.785,331.159,-2.284,-1.017,0,0,0,0,0,0,0,0,3912

Main.js:462 169.812,162.169,73.5,73.5,0.009,0.008,0,0,17,0,0,0,0,0,0,0,270.184,345.101,1.25,2.165,0,0,0,0,0,0,0,0,274.199,386.199,99,111,-0.5,0.719,-0.008,0.049,68,207.501,330.142,-2.284,-1.017,0,0,0,0,0,0,0,0,3929

Main.js:462 169.82,162.176,73.5,73.5,0.008,0.008,0,0,16,0,0,0,0,0,0,0,271.434,347.266,1.25,2.165,0,0,0,0,0,0,0,0,273.718,386.93,97.5,108,-0.481,0.731,-0.007,0.05,67,205.217,329.125,-2.284,-1.017,0,0,0,0,0,0,0,0,3946

Main.js:462 169.828,162.184,73.5,73.5,0.008,0.007,0,0,15,0,0,0,0,0,0,0,272.684,349.431,1.25,2.165,0,0,0,0,0,0,0,0,273.256,387.671,96,105,-0.462,0.741,-0.005,0.05,66,202.934,328.108,-2.284,-1.017,0,0,0,0,0,0,0,0,3963

Main.js:462 169.835,162.19,73.5,73.5,0.007,0.007,0,0,14,0,0,0,0,1,0,0,273.934,351.596,1.25,2.165,0,0,0,0,0,0,0,0,272.813,388.423,94.5,102,-0.443,0.752,-0.004,0.05,65,200.65,327.091,-2.284,-1.017,0,0,0,0,0,0,0,0,3981

Main.js:462 169.842,162.197,73.5,73.5,0.007,0.007,0,0,13,0,0,0,0,1,0,0,275.184,353.761,1.25,2.165,0,0,0,0,0,0,0,0,272.391,389.184,93,99,-0.423,0.761,-0.003,0.05,64,198.366,326.075,-2.284,-1.017,0,0,0,0,0,0,0,0,3998

Main.js:462 169.849,162.203,73.5,73.5,0.007,0.006,0,0,12,0,0,0,0,1,0,0,276.434,355.926,1.25,2.165,0,0,0,0,0,0,0,0,271.988,389.955,91.5,96,-0.403,0.771,-0.001,0.05,63,196.082,325.058,-2.284,-1.017,0,0,0,0,0,0,0,0,4014

Main.js:462 169.855,162.209,73.5,73.5,0.006,0.006,0,0,11,0,0,0,0,1,0,0,277.684,358.091,1.25,2.165,0,0,0,0,0,0,0,0,271.602,390.735,93,96,-0.385,0.78,-0.003,0.05,62,193.798,324.041,-2.284,-1.017,0,0,0,0,0,0,0,0,4031

Main.js:462 169.861,162.215,73.5,73.5,0.006,0.006,0,0,10,0,0,0,0,1,0,0,278.934,360.256,1.25,2.165,0,0,0,0,0,0,0,0,271.232,391.523,94.5,96,-0.37,0.788,-0.004,0.05,61,191.514,323.024,-2.284,-1.017,0,0,0,0,0,0,0,0,4049

Main.js:462 169.867,162.22,73.5,73.5,0.006,0.005,0,0,9,0,0,0,0,1,0,0,280.184,362.421,1.25,2.165,0,0,0,0,0,0,0,0,270.876,392.319,96,96,-0.356,0.796,-0.005,0.05,60,189.23,322.007,-2.284,-1.017,0,0,0,0,0,0,0,0,4063

Main.js:462 169.872,162.225,73.5,73.5,0.005,0.005,0,0,8,0,0,0,0,0,0,0,281.434,364.586,1.25,2.165,0,0,0,0,0,0,0,0,270.532,393.122,97.5,96,-0.345,0.803,-0.007,0.05,59,186.947,320.99,-2.284,-1.017,0,0,0,0,0,0,0,0,4080

Main.js:462 169.877,162.23,75,75,0.005,0.005,0,0,7,0,1,0,0,0,0,0,282.684,366.752,1.25,2.165,0,0,0,0,0,0,0,0,270.197,393.932,99,96,-0.335,0.81,-0.008,0.049,58,184.663,319.974,-2.284,-1.017,0,0,0,0,0,0,0,0,4096

Main.js:462 169.882,162.234,76.5,76.5,0.005,0.005,0,0,6,0,1,0,0,0,0,0,283.934,368.917,1.25,2.165,0,0,0,0,0,0,0,0,269.87,394.748,100.5,96,-0.327,0.816,-0.009,0.049,57,182.379,318.957,-2.284,-1.017,0,0,0,0,0,0,0,0,4113

Main.js:462 169.887,162.239,78,78,0.005,0.004,0,0,5,0,1,0,0,0,0,0,285.184,371.082,1.25,2.165,0,0,0,0,0,0,0,0,269.55,395.57,102,96,-0.32,0.822,-0.01,0.049,56,180.095,317.94,-2.284,-1.017,0,0,0,0,0,0,0,0,4131

Main.js:462 169.891,162.243,79.5,79.5,0.004,0.004,0,0,4,0,1,0,0,0,0,0,286.434,373.247,1.25,2.165,0,0,0,0,0,0,0,0,269.234,396.397,103.5,96,-0.315,0.827,-0.012,0.049,55,177.811,316.923,-2.284,-1.017,0,0,0,0,0,0,0,0,4148

Main.js:462 169.895,162.247,81,81,0.004,0.004,0,0,3,0,1,0,0,1,0,0,287.684,375.412,1.25,2.165,0,0,0,0,0,0,0,0,268.922,397.228,105,96,-0.312,0.831,-0.013,0.048,54,175.527,315.906,-2.284,-1.017,0,0,0,0,0,0,0,0,4164

Main.js:462 169.899,162.251,82.5,82.5,0.004,0.004,0,0,2,0,1,0,0,1,0,0,288.934,377.577,1.25,2.165,0,0,0,0,0,0,0,0,268.613,398.063,106.5,96,-0.31,0.835,-0.014,0.048,53,173.243,314.889,-2.284,-1.017,0,0,0,0,0,0,0,0,4180

Main.js:462 169.903,162.254,82.5,82.5,0.004,0.004,0,0,1,0,0,0,0,1,0,0,290.184,379.742,1.25,2.165,0,0,0,0,0,0,0,0,268.304,398.902,108,96,-0.309,0.839,-0.015,0.048,52,170.96,313.873,-2.284,-1.017,0,0,0,0,0,0,0,0,4197

Main.js:462 169.907,162.257,82.5,82.5,0.004,0.003,0,0,0,0,0,0,0,1,0,0,291.434,381.907,1.25,2.165,0,0,0,0,0,0,0,0,267.994,399.744,109.5,96,-0.309,0.842,-0.017,0.047,51,168.676,312.856,-2.284,-1.017,0,0,0,0,0,0,0,0,4214

Main.js:462 169.91,162.261,82.5,82.5,0.003,0.003,0,0,99,0,0,0,0,1,0,0,292.684,384.072,1.25,2.165,0,0,0,0,0,0,0,0,267.683,400.588,111,96,-0.311,0.844,-0.018,0.047,50,166.392,311.839,-2.284,-1.017,0,0,0,0,0,0,0,0,4231

Main.js:462 169.914,162.264,82.5,82.5,0.003,0.003,0,0,98,0,0,0,0,1,0,0,293.934,386.237,1.25,2.165,172.974,185.556,0.326,2.479,0,0,0,0,267.37,401.433,112.5,96,-0.314,0.846,-0.019,0.046,49,164.108,310.822,-2.284,-1.017,0,0,0,0,0,0,0,0,4249

Main.js:462 169.917,162.267,82.5,82.5,0.003,0.003,0,0,97,0,0,0,0,0,0,0,295.184,388.402,1.25,2.165,173.301,188.035,0.326,2.479,0,0,0,0,267.053,402.28,114,96,-0.317,0.847,-0.02,0.046,48,161.824,309.805,-2.284,-1.017,0,0,0,0,0,0,0,0,4266

Main.js:462 169.92,162.269,82.5,82.5,0.003,0.003,0,0,96,0,0,0,0,0,0,0,296.434,390.567,1.25,2.165,173.627,190.514,0.326,2.479,0,0,0,0,266.731,403.127,115.5,96,-0.322,0.847,-0.022,0.045,47,159.54,308.788,-2.284,-1.017,0,0,0,0,0,0,0,0,4281

Main.js:462 169.922,162.272,82.5,82.5,0.003,0.003,0,0,95,0,0,0,0,0,0,0,297.684,392.732,1.25,2.165,173.953,192.992,0.326,2.479,0,0,0,0,266.404,403.975,117,96,-0.327,0.847,-0.023,0.045,46,157.256,307.772,-2.284,-1.017,0,0,0,0,0,0,0,0,4297

Main.js:462 169.925,162.274,82.5,82.5,0.003,0.002,0,0,94,0,0,0,0,0,0,0,298.934,394.897,1.25,2.165,174.279,195.471,0.326,2.479,0,0,0,0,266.07,404.821,118.5,96,-0.334,0.847,-0.024,0.044,45,154.972,306.755,-2.284,-1.017,0,0,0,0,0,0,0,0,4313

Main.js:462 169.927,162.277,82.5,82.5,0.003,0.002,0,0,93,0,0,0,0,0,0,0,300.184,397.062,1.25,2.165,174.606,197.949,0.326,2.479,0,0,0,0,265.729,405.667,120,96,-0.341,0.845,-0.025,0.043,44,152.689,305.738,-2.284,-1.017,0,0,0,0,0,0,0,0,4330

Main.js:462 169.93,162.279,82.5,82.5,0.002,0.002,0,0,92,0,0,0,0,1,0,0,301.434,399.227,1.25,2.165,174.932,200.428,0.326,2.479,0,0,0,0,265.381,406.51,121.5,96,-0.348,0.844,-0.026,0.043,43,150.405,304.721,-2.284,-1.017,0,0,0,0,0,0,0,0,4347

Main.js:462 169.932,162.281,82.5,82.5,0.002,0.002,0,0,91,0,0,0,0,1,0,0,302.684,401.393,1.25,2.165,175.258,202.907,0.326,2.479,0,0,0,0,265.024,407.351,123,96,-0.357,0.841,-0.027,0.042,42,148.121,303.704,-2.284,-1.017,0,0,0,0,0,0,0,0,4363

Main.js:462 169.934,162.283,82.5,82.5,0.002,0.002,0,0,90,0,0,0,0,1,0,0,303.934,403.558,1.25,2.165,175.585,205.385,0.326,2.479,0,0,0,0,264.658,408.19,124.5,96,-0.366,0.838,-0.028,0.041,41,145.837,302.687,-2.284,-1.017,0,0,0,0,0,0,0,0,4380

Main.js:462 169.936,162.285,82.5,82.5,0.002,0.002,0,0,89,0,0,0,0,1,0,0,305.184,405.723,1.25,2.165,175.911,207.864,0.326,2.479,0,0,0,0,264.282,409.025,126,96,-0.376,0.835,-0.029,0.04,40,143.553,301.67,-2.284,-1.017,0,0,0,0,0,0,0,0,4397

Main.js:462 169.938,162.287,82.5,82.5,0.002,0.002,0,0,88,0,0,0,0,1,0,0,306.434,407.888,1.25,2.165,176.237,210.342,0.326,2.479,0,0,0,0,263.897,409.856,127.5,96,-0.386,0.831,-0.03,0.04,39,141.269,300.654,-2.284,-1.017,0,0,0,0,0,0,0,0,4413

Main.js:462 169.94,162.288,82.5,82.5,0.002,0.002,0,0,87,0,0,0,0,1,0,0,307.684,410.053,1.25,2.165,176.564,212.821,0.326,2.479,0,0,0,0,263.5,410.682,129,96,-0.396,0.826,-0.031,0.039,38,138.985,299.637,-2.284,-1.017,0,0,0,0,0,0,0,0,4430

Main.js:462 169.942,162.29,82.5,82.5,0.002,0.002,0,0,86,0,0,0,0,0,0,0,308.934,412.218,1.25,2.165,176.89,215.3,0.326,2.479,0,0,0,0,263.093,411.503,130.5,96,-0.407,0.821,-0.032,0.038,37,136.702,298.62,-2.284,-1.017,0,0,0,0,0,0,0,0,4447

Main.js:462 169.944,162.292,82.5,82.5,0.002,0.002,0,0,85,0,0,0,0,0,0,0,310.184,414.383,1.25,2.165,177.216,217.778,0.326,2.479,0,0,0,0,262.674,412.318,132,96,-0.419,0.815,-0.033,0.037,36,134.418,297.603,-2.284,-1.017,0,0,0,0,0,0,0,0,4464

Main.js:462 169.945,162.293,82.5,82.5,0.002,0.001,0,0,84,0,0,0,0,0,0,0,311.434,416.548,1.25,2.165,177.543,220.257,0.326,2.479,0,0,0,0,262.244,413.127,133.5,96,-0.431,0.809,-0.034,0.036,35,132.134,296.586,-2.284,-1.017,0,0,0,0,0,0,0,0,4480

Main.js:462 169.947,162.295,82.5,82.5,0.002,0.001,0,0,83,0,0,0,0,0,0,0,312.684,418.713,1.25,2.165,177.869,222.736,0.326,2.479,0,0,0,0,261.801,413.929,135,96,-0.443,0.802,-0.035,0.035,34,129.85,295.569,-2.284,-1.017,0,0,0,0,0,0,0,0,4497

Main.js:462 169.948,162.296,82.5,82.5,0.001,0.001,0,0,82,0,0,0,0,0,0,0,313.934,420.878,1.25,2.165,178.195,225.214,0.326,2.479,0,0,0,0,261.346,414.724,136.5,96,-0.455,0.795,-0.036,0.034,33,127.566,294.553,-2.284,-1.017,0,0,0,0,0,0,0,0,4512

Main.js:462 169.949,162.297,82.5,82.5,0.001,0.001,0,0,81,0,0,0,0,1,0,0,315.184,423.043,1.25,2.165,178.522,227.693,0.326,2.479,0,0,0,0,260.88,415.511,136.5,94.5,-0.467,0.788,-0.036,0.034,32,125.282,293.536,-2.284,-1.017,0,0,0,0,0,0,0,0,4530

Main.js:462 169.951,162.298,82.5,82.5,0.001,0.001,0,0,80,0,0,0,0,1,0,0,316.434,425.208,1.25,2.165,178.848,230.171,0.326,2.479,0,0,0,0,260.402,416.292,136.5,93,-0.478,0.781,-0.036,0.034,31,122.998,292.519,-2.284,-1.017,0,0,0,0,0,0,0,0,4548

Main.js:462 169.952,162.299,82.5,82.5,0.001,0.001,0,0,79,0,0,0,0,1,0,0,317.684,427.373,1.25,2.165,179.174,232.65,0.326,2.479,0,0,0,0,259.914,417.067,136.5,91.5,-0.488,0.775,-0.036,0.034,30,120.715,291.502,-2.284,-1.017,0,0,0,0,0,0,0,0,4562

Main.js:462 169.953,162.301,82.5,82.5,0.001,0.001,0,0,78,0,0,0,0,1,0,0,318.934,429.538,1.25,2.165,179.501,235.129,0.326,2.479,0,0,0,0,259.415,417.835,136.5,90,-0.498,0.769,-0.036,0.034,29,118.431,290.485,-2.284,-1.017,0,0,0,0,0,0,0,0,4581

Main.js:462 169.954,162.302,82.5,82.5,0.001,0.001,0,0,77,0,0,0,0,1,0,0,320.184,431.703,1.25,2.165,179.827,237.607,0.326,2.479,0,0,0,0,258.907,418.598,136.5,88.5,-0.508,0.763,-0.036,0.034,28,116.147,289.468,-2.284,-1.017,0,0,0,0,0,0,0,0,4597

Main.js:462 169.955,162.303,82.5,82.5,0.001,0.001,0,0,76,0,0,0,0,1,0,0,321.434,433.868,1.25,2.165,180.153,240.086,0.326,2.479,0,0,0,0,258.391,419.356,136.5,87,-0.517,0.757,-0.036,0.034,27,113.863,288.452,-2.284,-1.017,0,0,0,0,0,0,0,0,4612

Main.js:462 169.956,162.304,82.5,82.5,0.001,0.001,0,0,75,0,0,0,0,0,0,0,322.684,436.034,1.25,2.165,180.479,242.564,0.326,2.479,0,0,0,0,257.865,420.108,136.5,85.5,-0.526,0.752,-0.036,0.034,26,111.579,287.435,-2.284,-1.017,0,0,0,0,0,0,0,0,4630

Main.js:462 169.957,162.304,82.5,82.5,0.001,0.001,0,0,74,0,0,0,0,0,0,0,323.934,438.199,1.25,2.165,180.806,245.043,0.326,2.479,0,0,0,0,257.331,420.855,136.5,84,-0.534,0.747,-0.036,0.034,25,109.295,286.418,-2.284,-1.017,0,0,0,0,0,0,0,0,4648

Main.js:462 169.958,162.305,82.5,82.5,0.001,0.001,0,0,73,0,0,0,0,0,0,0,325.184,440.364,1.25,2.165,181.132,247.522,0.326,2.479,0,0,0,0,256.79,421.598,136.5,82.5,-0.542,0.743,-0.036,0.034,24,107.011,285.401,-2.284,-1.017,0,0,0,0,0,0,0,0,4664

Main.js:462 169.959,162.306,82.5,82.5,0.001,0.001,0,0,72,0,0,0,0,0,0,0,326.434,442.529,1.25,2.165,181.458,250,0.326,2.479,0,0,0,0,256.241,422.336,136.5,81,-0.549,0.738,-0.036,0.034,23,104.727,284.384,-2.284,-1.017,0,0,0,0,0,0,0,0,4679

Main.js:462 169.96,162.307,82.5,82.5,0.001,0.001,0,0,71,0,0,0,0,0,0,0,327.684,444.694,1.25,2.165,181.785,252.479,0.326,2.479,0,0,0,0,255.685,423.07,136.5,79.5,-0.556,0.734,-0.036,0.034,22,102.444,283.367,-2.284,-1.017,0,0,0,0,0,0,0,0,4696

Main.js:462 169.961,162.308,82.5,82.5,0.001,0.001,0,0,70,0,0,0,0,1,0,0,328.934,446.859,1.25,2.165,182.111,254.958,0.326,2.479,0,0,0,0,255.122,423.8,136.5,78,-0.563,0.73,-0.036,0.034,21,100.16,282.35,-2.284,-1.017,0,0,0,0,0,0,0,0,4712

Main.js:462 169.961,162.308,82.5,82.5,0.001,0.001,0,0,69,0,0,0,0,1,0,0,330.184,449.024,1.25,2.165,182.437,257.436,0.326,2.479,0,0,0,0,254.554,424.526,136.5,76.5,-0.569,0.726,-0.036,0.034,20,97.876,281.334,-2.284,-1.017,0,0,0,0,0,0,0,0,4731

Main.js:462 169.962,162.309,82.5,82.5,0.001,0.001,0,0,68,0,0,0,0,1,0,0,331.434,451.189,1.25,2.165,182.764,259.915,0.326,2.479,0,0,0,0,253.979,425.249,136.5,75,-0.575,0.723,-0.036,0.034,19,95.592,280.317,-2.284,-1.017,0,0,0,0,0,0,0,0,4746

Main.js:462 169.963,162.309,82.5,82.5,0.001,0.001,0,0,67,0,0,0,0,1,0,0,332.684,453.354,1.25,2.165,183.09,262.393,0.326,2.479,0,0,0,0,253.398,425.968,136.5,73.5,-0.581,0.719,-0.036,0.034,18,93.308,279.3,-2.284,-1.017,0,0,0,0,0,0,0,0,4763

Main.js:462 169.963,162.31,82.5,82.5,0.001,0.001,0,0,66,0,0,0,0,1,0,0,333.934,455.519,1.25,2.165,183.416,264.872,0.326,2.479,0,0,0,0,252.812,426.684,136.5,72,-0.586,0.716,-0.036,0.034,17,91.024,278.283,-2.284,-1.017,0,0,0,0,0,0,0,0,4779

Main.js:462 169.964,162.311,82.5,82.5,0.001,0.001,0,0,65,0,0,0,0,1,0,0,335.184,457.684,1.25,2.165,183.743,267.351,0.326,2.479,0,0,0,0,252.221,427.397,136.5,70.5,-0.591,0.713,-0.036,0.034,16,88.74,277.266,-2.284,-1.017,0,0,0,0,0,0,0,0,4798

Main.js:462 169.964,162.311,82.5,82.5,0.001,0.001,0,0,64,0,0,0,0,1,0,0,336.434,459.849,1.25,2.165,184.069,269.829,0.326,2.479,0,0,0,0,251.625,428.106,136.5,69,-0.596,0.71,-0.036,0.034,15,86.457,276.249,-2.284,-1.017,0,0,0,0,0,0,0,0,4813

Main.js:462 169.965,162.312,82.5,82.5,0.001,0.001,0,0,63,0,0,0,0,0,0,0,337.684,462.014,1.25,2.165,184.395,272.308,0.326,2.479,0,0,0,0,251.024,428.813,136.5,67.5,-0.601,0.707,-0.036,0.034,14,84.173,275.233,-2.284,-1.017,0,0,0,0,0,0,0,0,4830

Main.js:462 169.965,162.312,84,84,0.001,0,0,0,62,0,1,0,0,0,0,0,338.934,464.179,1.25,2.165,184.722,274.786,0.326,2.479,0,0,0,0,250.419,429.518,136.5,66,-0.605,0.704,-0.036,0.034,13,81.889,274.216,-2.284,-1.017,0,0,0,0,0,0,0,0,4847

Main.js:462 169.966,162.313,85.5,85.5,0,0,0,0,61,0,1,0,0,0,0,0,340.184,466.344,1.25,2.165,185.048,277.265,0.326,2.479,0,0,0,0,249.81,430.22,136.5,64.5,-0.609,0.702,-0.036,0.034,12,79.605,273.199,-2.284,-1.017,0,0,0,0,0,0,0,0,4864

Main.js:462 169.966,162.313,87,87,0,0,0,0,60,0,1,0,0,0,0,0,341.434,468.51,1.25,2.165,185.374,279.744,0.326,2.479,0,0,0,0,249.196,430.919,136.5,63,-0.613,0.699,-0.036,0.034,11,77.321,272.182,-2.284,-1.017,0,0,0,0,0,0,0,0,4880

Main.js:462 169.967,162.313,88.5,88.5,0,0,0,0,59,0,1,0,0,1,0,0,342.684,470.675,1.25,2.165,185.701,282.222,0.326,2.479,0,0,0,0,248.579,431.616,136.5,61.5,-0.617,0.697,-0.036,0.034,10,75.037,271.165,-2.284,-1.017,0,0,0,0,0,0,0,0,4898

Main.js:462 169.967,162.314,90,90,0,0,0,0,58,0,1,0,0,1,0,0,343.934,472.84,1.25,2.165,186.027,284.701,0.326,2.479,0,0,0,0,247.958,432.311,136.5,60,-0.621,0.695,-0.036,0.034,9,72.753,270.148,-2.284,-1.017,0,0,0,0,0,0,0,0,4913

Main.js:462 169.968,162.314,91.5,91.5,0,0,0,0,57,0,1,0,0,1,0,0,345.184,475.005,1.25,2.165,186.353,287.179,0.326,2.479,0,0,0,0,247.334,433.004,136.5,58.5,-0.624,0.693,-0.036,0.034,8,70.47,269.132,-2.284,-1.017,0,0,0,0,0,0,0,0,4930

Main.js:462 169.968,162.315,91.5,91.5,0,0,0,0,56,0,0,0,0,1,0,0,346.434,477.17,1.25,2.165,186.679,289.658,0.326,2.479,0,0,0,0,246.707,433.695,136.5,57,-0.627,0.691,-0.036,0.034,7,68.186,268.115,-2.284,-1.017,0,0,0,0,0,0,0,0,4948

Main.js:462 169.968,162.315,91.5,91.5,0,0,0,0,55,0,0,0,0,1,0,0,347.684,479.335,1.25,2.165,187.006,292.137,0.326,2.479,0,0,0,0,246.076,434.385,136.5,55.5,-0.63,0.689,-0.036,0.034,6,65.902,267.098,-2.284,-1.017,0,0,0,0,0,0,0,0,4963

Main.js:462 169.969,162.315,91.5,91.5,0,0,0,0,54,0,0,0,0,1,0,0,348.934,481.5,1.25,2.165,187.332,294.615,0.326,2.479,0,0,0,0,245.443,435.072,136.5,54,-0.633,0.687,-0.036,0.034,5,63.618,266.081,-2.284,-1.017,0,0,0,0,0,0,0,0,4981

Main.js:462 169.969,162.316,91.5,91.5,0,0,0,0,53,0,0,0,0,1,0,0,350.184,483.665,1.25,2.165,187.658,297.094,0.326,2.479,0,0,0,0,244.807,435.758,136.5,52.5,-0.636,0.686,-0.036,0.034,4,61.334,265.064,-2.284,-1.017,0,0,0,0,0,0,0,0,4998

Main.js:462 169.969,162.316,91.5,91.5,0,0,0,0,52,0,0,0,0,0,0,0,351.434,485.83,1.25,2.165,187.985,299.573,0.326,2.479,0,0,0,0,244.168,436.442,136.5,51,-0.639,0.684,-0.036,0.034,3,59.05,264.047,-2.284,-1.017,0,0,0,0,0,0,0,0,5014

Main.js:462 169.97,162.316,91.5,91.5,0,0,0,0,51,0,0,0,0,0,0,0,352.684,487.995,1.25,2.165,188.311,302.051,0.326,2.479,0,0,0,0,243.527,437.125,135,48,-0.64,0.684,-0.035,0.035,2,56.766,263.03,-2.284,-1.017,0,0,0,0,0,0,0,0,5031

Main.js:462 169.97,162.316,91.5,91.5,0,0,0,0,50,0,0,0,0,0,0,0,353.934,490.16,1.25,2.165,188.637,304.53,0.326,2.479,0,0,0,0,242.886,437.809,133.5,45,-0.641,0.684,-0.034,0.036,1,54.482,262.014,-2.284,-1.017,0,0,0,0,0,0,0,0,5047

Main.js:462 169.97,162.317,91.5,91.5,0,0,0,0,49,0,0,0,0,0,0,0,355.184,492.325,1.25,2.165,188.964,307.008,0.326,2.479,0,0,0,0,242.245,438.494,132,42,-0.641,0.685,-0.033,0.037,0,52.199,260.997,-2.284,-1.017,0,0,0,0,0,0,0,0,5063

Main.js:462 169.97,162.317,91.5,91.5,0,0,0,0,48,0,0,0,0,0,0,0,356.434,494.49,1.25,2.165,189.29,309.487,0.326,2.479,0,0,0,0,241.606,439.181,130.5,39,-0.64,0.687,-0.032,0.038,99,49.915,259.98,-2.284,-1.017,0,0,0,0,0,0,0,0,5080

Main.js:462 169.971,162.317,91.5,91.5,0,0,0,0,47,0,0,0,0,1,0,0,357.684,496.655,1.25,2.165,189.616,311.966,0.326,2.479,0,0,0,0,240.968,439.87,129,36,-0.638,0.689,-0.031,0.039,98,47.631,258.963,-2.284,-1.017,260.508,453.283,1.943,1.573,0,0,0,0,5097

Main.js:462 169.971,162.317,91.5,91.5,0,0,0,0,46,0,0,0,0,1,0,0,358.934,498.82,1.25,2.165,189.943,314.444,0.326,2.479,0,0,0,0,240.333,440.563,127.5,33,-0.635,0.693,-0.03,0.04,97,45.347,257.946,-2.284,-1.017,262.451,454.856,1.943,1.573,0,0,0,0,5114

Main.js:462 169.971,162.317,91.5,91.5,0,0,0,0,45,0,0,0,0,1,0,0,190.269,316.923,0.326,2.479,0,0,0,0,0,0,0,0,239.703,441.259,126,30,-0.631,0.696,-0.029,0.04,96,45.347,257.946,-2.284,-1.017,264.394,456.43,1.943,1.573,0,0,0,0,5130

Main.js:462 169.971,162.318,91.5,91.5,0,0,0,0,44,0,0,0,0,1,0,0,190.595,319.401,0.326,2.479,0,0,0,0,0,0,0,0,239.076,441.96,124.5,27,-0.626,0.701,-0.028,0.041,95,43.063,256.929,-2.284,-1.017,266.337,458.003,1.943,1.573,0,0,0,0,5147

Main.js:462 169.972,162.318,91.5,91.5,0,0,0,0,43,0,0,0,0,1,0,0,190.922,321.88,0.326,2.479,0,0,0,0,0,0,0,0,238.456,442.665,123,24,-0.621,0.706,-0.027,0.042,94,40.779,255.913,-2.284,-1.017,268.28,459.576,1.943,1.573,0,0,0,0,5163

Main.js:462 169.972,162.318,91.5,91.5,0,0,0,0,42,0,0,0,0,1,0,0,191.248,324.359,0.326,2.479,0,0,0,0,0,0,0,0,237.841,443.376,121.5,21,-0.615,0.711,-0.026,0.043,93,38.495,254.896,-2.284,-1.017,270.223,461.15,1.943,1.573,0,0,0,0,5179

Main.js:462 169.972,162.318,91.5,91.5,0,0,0,0,41,0,0,0,0,1,0,0,191.574,326.837,0.326,2.479,0,0,0,0,0,0,0,0,237.234,444.093,120,18,-0.608,0.716,-0.025,0.043,92,36.212,253.879,-2.284,-1.017,272.166,462.723,1.943,1.573,0,0,0,0,5198

Main.js:462 169.972,162.318,91.5,91.5,0,0,0,0,40,0,0,0,0,0,0,0,191.901,329.316,0.326,2.479,0,0,0,0,0,0,0,0,236.634,444.815,118.5,15,-0.6,0.722,-0.024,0.044,91,33.928,252.862,-2.284,-1.017,274.108,464.296,1.943,1.573,0,0,0,0,5214

Main.js:462 169.972,162.318,91.5,91.5,0,0,0,0,39,0,0,0,0,0,0,0,192.227,331.794,0.326,2.479,0,0,0,0,0,0,0,0,236.042,445.543,117,12,-0.591,0.728,-0.023,0.045,90,31.644,251.845,-2.284,-1.017,276.051,465.87,1.943,1.573,0,0,0,0,5231

Main.js:462 169.972,162.319,91.5,91.5,0,0,0,0,38,0,0,0,0,0,0,0,192.553,334.273,0.326,2.479,0,0,0,0,0,0,0,0,235.46,446.278,115.5,9,-0.582,0.735,-0.022,0.045,89,29.36,250.828,-2.284,-1.017,277.994,467.443,1.943,1.573,0,0,0,0,5248

Main.js:462 169.972,162.319,91.5,91.5,0,0,0,0,37,0,0,0,0,0,0,0,192.879,336.752,0.326,2.479,0,0,0,0,0,0,0,0,234.888,447.02,114,6,-0.572,0.742,-0.02,0.046,88,27.076,249.812,-2.284,-1.017,279.937,469.016,1.943,1.573,0,0,0,0,5263

Main.js:462 169.973,162.319,91.5,91.5,0,0,0,0,36,0,0,0,0,0,0,0,193.206,339.23,0.326,2.479,0,0,0,0,0,0,0,0,234.326,447.768,112.5,3,-0.562,0.748,-0.019,0.046,87,24.792,248.795,-2.284,-1.017,281.88,470.589,1.943,1.573,0,0,0,0,5280

Main.js:462 169.973,162.319,91.5,91.5,0,0,0,0,35,0,0,0,0,1,0,0,193.532,341.709,0.326,2.479,0,0,0,0,0,0,0,0,233.775,448.523,111,0,-0.551,0.755,-0.018,0.047,86,22.508,247.778,-2.284,-1.017,283.823,472.163,1.943,1.573,0,0,0,0,5297

Main.js:462 169.973,162.319,91.5,91.5,0,0,0,0,34,0,0,0,0,1,0,0,193.858,344.188,0.326,2.479,0,0,0,0,0,0,0,0,233.235,449.286,109.5,-3,-0.539,0.762,-0.017,0.047,85,20.225,246.761,-2.284,-1.017,285.766,473.736,1.943,1.573,0,0,0,0,5314

Main.js:462 169.973,162.319,91.5,91.5,0,0,0,0,33,0,0,0,0,1,0,0,194.185,346.666,0.326,2.479,0,0,0,0,0,0,0,0,232.708,450.055,108,-6,-0.527,0.769,-0.015,0.048,84,17.941,245.744,-2.284,-1.017,287.708,475.309,1.943,1.573,0,0,0,0,5329

Main.js:462 169.973,162.319,91.5,91.5,0,0,0,0,32,0,0,0,0,1,0,0,194.511,349.145,0.326,2.479,0,0,0,0,0,0,0,0,232.194,450.832,106.5,-9,-0.514,0.776,-0.014,0.048,83,15.657,244.727,-2.284,-1.017,289.651,476.883,1.943,1.573,0,0,0,0,5347

Main.js:462 169.973,162.319,91.5,91.5,0,0,0,0,31,0,0,0,0,1,0,0,194.837,351.623,0.326,2.479,0,0,0,0,0,0,0,0,231.694,451.615,105,-12,-0.501,0.784,-0.013,0.048,82,13.373,243.71,-2.284,-1.017,291.594,478.456,1.943,1.573,0,0,0,0,5363

Main.js:462 169.973,162.319,91.5,91.5,0,0,0,0,30,0,0,0,0,1,0,0,195.164,354.102,0.326,2.479,0,0,0,0,0,0,0,0,231.207,452.406,103.5,-15,-0.487,0.791,-0.012,0.049,81,11.089,242.694,-2.284,-1.017,293.537,480.029,1.943,1.573,0,0,0,0,5380

Main.js:462 169.973,162.32,91.5,91.5,0,0,0,0,29,0,0,0,0,0,0,0,195.49,356.581,0.326,2.479,0,0,0,0,0,0,0,0,230.734,453.203,102,-18,-0.472,0.797,-0.01,0.049,80,8.805,241.677,-2.284,-1.017,295.48,481.603,1.943,1.573,0,0,0,0,5397

Main.js:462 169.973,162.32,91.5,91.5,0,0,0,0,28,0,0,0,0,0,0,0,195.816,359.059,0.326,2.479,0,0,0,0,0,0,0,0,230.277,454.007,100.5,-21,-0.457,0.804,-0.009,0.049,79,6.521,240.66,-2.284,-1.017,297.423,483.176,1.943,1.573,0,0,0,0,5414

Main.js:462 169.972,162.367,91.5,91.5,-0.001,0.048,-0.001,0.05,27,0,0,1,0,0,0,0,196.143,361.538,0.326,2.479,0,0,0,0,0,0,0,0,229.835,454.818,99,-24,-0.442,0.811,-0.008,0.049,78,4.237,239.643,-2.284,-1.017,299.366,484.749,1.943,1.573,0,0,0,0,5431

Main.js:462 169.97,162.46,91.5,91.5,-0.002,0.093,-0.001,0.05,26,0,0,1,0,0,0,0,196.469,364.016,0.326,2.479,0,0,0,0,0,0,0,0,229.409,455.636,97.5,-27,-0.426,0.818,-0.007,0.05,77,1.954,238.626,-2.284,-1.017,301.308,486.322,1.943,1.573,0,0,0,0,5448

Main.js:462 169.967,162.595,91.5,91.5,-0.003,0.136,-0.001,0.05,25,0,0,1,0,0,0,0,196.469,364.016,0.326,2.479,0,0,0,0,0,0,0,0,228.999,456.46,96,-30,-0.41,0.824,-0.005,0.05,76,303.251,487.896,1.943,1.573,0,0,0,0,0,0,0,0,5465

Main.js:462 169.962,162.772,91.5,91.5,-0.005,0.176,-0.001,0.05,24,0,0,1,0,0,0,0,196.795,366.495,0.326,2.479,0,0,0,0,0,0,0,0,228.607,457.29,94.5,-33,-0.393,0.83,-0.004,0.05,75,305.194,489.469,1.943,1.573,0,0,0,0,0,0,0,0,5480

Main.js:462 169.956,162.987,91.5,91.5,-0.006,0.215,-0.001,0.05,23,0,0,1,0,1,0,0,197.122,368.974,0.326,2.479,0,0,0,0,0,0,0,0,228.231,458.126,93,-36,-0.376,0.836,-0.003,0.05,74,307.137,491.042,1.943,1.573,0,0,0,0,0,0,0,0,5497

Main.js:462 169.95,163.238,91.5,91.5,-0.007,0.252,-0.001,0.05,22,0,0,1,0,1,0,0,197.448,371.452,0.326,2.479,0,0,0,0,0,0,0,0,227.873,458.967,91.5,-39,-0.358,0.842,-0.001,0.05,73,309.08,492.616,1.943,1.573,0,0,0,0,0,0,0,0,5513

Main.js:462 169.942,163.525,91.5,91.5,-0.007,0.287,-0.001,0.05,21,0,0,1,0,1,0,0,197.774,373.931,0.326,2.479,0,0,0,0,0,0,0,0,227.532,459.814,90,-42,-0.34,0.847,0,0.05,72,311.023,494.189,1.943,1.573,0,0,0,0,0,0,0,0,5530

Main.js:462 169.934,163.844,91.5,91.5,-0.008,0.32,-0.001,0.05,20,0,0,1,0,1,0,0,198.101,376.41,0.326,2.479,0,0,0,0,0,0,0,0,227.21,460.667,88.5,-45,-0.322,0.852,0.001,0.05,71,312.966,495.762,1.943,1.573,0,0,0,0,0,0,0,0,5548

Main.js:462 169.925,164.196,91.5,91.5,-0.009,0.351,-0.001,0.05,19,0,0,1,0,1,0,0,198.427,378.888,0.326,2.479,0,0,0,0,0,0,0,0,226.907,461.524,87,-48,-0.303,0.857,0.003,0.05,70,314.909,497.336,1.943,1.573,0,0,0,0,0,0,0,0,5564

Main.js:462 169.915,164.577,91.5,91.5,-0.01,0.381,-0.001,0.05,18,0,0,1,0,1,0,0,198.753,381.367,0.326,2.479,0,0,0,0,0,0,0,0,226.622,462.385,85.5,-51,-0.285,0.862,0.004,0.05,69,316.851,498.909,1.943,1.573,0,0,0,0,0,0,0,0,5580

Main.js:462 169.904,164.986,91.5,91.5,-0.011,0.41,-0.001,0.05,17,0,0,1,0,0,0,0,199.079,383.845,0.326,2.479,0,0,0,0,0,0,0,0,226.357,463.251,84,-54,-0.265,0.866,0.005,0.05,68,0,0,0,0,0,0,0,0,0,0,0,0,5597

Main.js:462 169.893,165.423,91.5,91.5,-0.011,0.437,-0.001,0.05,16,0,0,1,0,0,0,0,199.406,386.324,0.326,2.479,0,0,0,0,0,0,0,0,226.111,464.12,82.5,-57,-0.246,0.87,0.007,0.05,67,0,0,0,0,0,0,0,0,0,0,0,0,5613

Main.js:462 169.881,165.885,91.5,91.5,-0.012,0.462,-0.001,0.05,15,0,0,1,0,0,0,0,199.732,388.803,0.326,2.479,0,0,0,0,0,0,0,0,225.885,464.993,81,-60,-0.226,0.873,0.008,0.049,66,0,0,0,0,0,0,0,0,0,0,0,0,5630

Main.js:462 169.868,166.372,91.5,91.5,-0.013,0.487,-0.001,0.05,14,0,0,1,0,0,0,0,200.058,391.281,0.326,2.479,0,0,0,0,0,0,0,0,225.679,465.869,79.5,-63,-0.206,0.876,0.009,0.049,65,0,0,0,0,0,0,0,0,0,0,0,0,5647

Main.js:462 169.855,166.881,91.5,91.5,-0.013,0.51,-0.001,0.05,13,0,0,1,0,0,0,0,200.385,393.76,0.326,2.479,0,0,0,0,0,0,0,0,225.493,466.748,78,-66,-0.186,0.879,0.01,0.049,64,0,0,0,0,0,0,0,0,0,0,0,0,5663

Main.js:462 169.841,167.413,91.5,91.5,-0.014,0.532,-0.001,0.05,12,0,0,1,0,0,0,0,200.711,396.238,0.326,2.479,0,0,0,0,0,0,0,0,225.327,467.629,76.5,-69,-0.166,0.881,0.012,0.049,63,0,0,0,0,0,0,0,0,0,0,0,0,5681

Main.js:462 169.827,167.966,91.5,91.5,-0.014,0.553,-0.001,0.05,11,0,0,1,0,0,0,0,201.037,398.717,0.326,2.479,0,0,0,0,0,0,0,0,225.182,468.512,75,-72,-0.145,0.883,0.013,0.048,62,0,0,0,0,0,0,0,0,0,0,0,0,5697

Main.js:462 169.812,168.538,91.5,91.5,-0.015,0.572,-0.001,0.05,10,0,0,1,0,0,0,0,201.364,401.196,0.326,2.479,0,0,0,0,0,0,0,0,225.058,469.396,73.5,-75,-0.124,0.884,0.014,0.048,61,0,0,0,0,0,0,0,0,0,0,0,0,5713

Main.js:462 169.796,169.13,91.5,91.5,-0.015,0.591,-0.001,0.05,9,0,0,1,0,0,0,0,201.69,403.674,0.326,2.479,0,0,0,0,0,0,0,0,224.954,470.281,72,-78,-0.103,0.885,0.015,0.048,60,0,0,0,0,0,0,0,0,0,0,0,0,5731

Main.js:462 169.78,169.739,91.5,91.5,-0.016,0.609,-0.001,0.05,8,0,0,1,0,0,0,0,202.016,406.153,0.326,2.479,0,0,0,0,0,0,0,0,224.872,471.167,70.5,-81,-0.082,0.886,0.017,0.047,59,0,0,0,0,0,0,0,0,0,0,0,0,5747

Main.js:462 169.764,170.365,91.5,91.5,-0.016,0.626,-0.001,0.05,7,0,0,1,0,1,0,0,202.343,408.631,0.326,2.479,0,0,0,0,0,0,0,0,224.81,472.052,69,-84,-0.061,0.886,0.018,0.047,58,0,0,0,0,0,0,0,0,0,0,0,0,5764

Main.js:462 169.747,171.008,91.5,91.5,-0.017,0.642,-0.001,0.05,6,0,0,1,0,1,0,0,202.669,411.11,0.326,2.479,0,0,0,0,0,0,0,0,224.77,472.938,67.5,-87,-0.04,0.885,0.019,0.046,57,0,0,0,0,0,0,0,0,0,0,0,0,5781

Main.js:462 169.73,171.665,91.5,91.5,-0.017,0.658,-0.001,0.05,5,0,0,1,0,1,0,0,202.995,413.589,0.326,2.479,0,0,0,0,0,0,0,0,224.752,473.822,66,-90,-0.019,0.884,0.02,0.046,56,0,0,0,0,0,0,0,0,0,0,0,0,5798

Main.js:462 169.712,172.338,91.5,91.5,-0.018,0.672,-0.001,0.05,4,0,0,1,0,1,0,0,203.322,416.067,0.326,2.479,0,0,0,0,0,0,0,0,224.754,474.705,64.5,-93,0.003,0.883,0.022,0.045,55,0,0,0,0,0,0,0,0,0,0,0,0,5814

Main.js:462 169.694,173.024,91.5,91.5,-0.018,0.686,-0.001,0.05,3,0,0,1,0,1,0,0,203.648,418.546,0.326,2.479,0,0,0,0,0,0,0,0,224.779,475.587,63,-96,0.024,0.881,0.023,0.045,54,0,0,0,0,0,0,0,0,0,0,0,0,5830

Main.js:462 169.677,173.676,91.5,91.5,-0.017,0.652,0,0,2,0,0,0,0,1,0,0,203.974,421.025,0.326,2.479,0,0,0,0,0,0,0,0,224.824,476.465,61.5,-99,0.046,0.879,0.024,0.044,53,0,0,0,0,0,0,0,0,0,0,0,0,5864

Main.js:462 169.661,174.295,91.5,91.5,-0.016,0.619,0,0,1,0,0,0,0,0,0,0,204.301,423.503,0.326,2.479,0,0,0,0,0,0,0,0,224.891,477.342,60,-102,0.067,0.876,0.025,0.043,52,0,0,0,0,0,0,0,0,0,0,0,0,5879

Main.js:462 169.646,174.884,91.5,91.5,-0.015,0.588,0,0,0,0,0,0,0,0,0,0,204.627,425.982,0.326,2.479,0,0,0,0,0,0,0,0,224.98,478.214,58.5,-105,0.089,0.873,0.026,0.043,51,0,0,0,0,0,0,0,0,0,0,0,0,5897

Main.js:462 169.631,175.443,91.5,91.5,-0.015,0.559,0,0,0,0,0,0,0,0,0,0,204.953,428.46,0.326,2.479,0,0,0,0,0,0,0,0,225.09,479.083,57,-108,0.11,0.869,0.027,0.042,50,0,0,0,0,0,0,0,0,0,0,0,0,5912

Main.js:462 169.617,175.974,91.5,91.5,-0.014,0.531,0,0,0,0,0,0,0,0,0,0,205.279,430.939,0.326,2.479,0,0,0,0,0,0,0,0,225.221,479.948,55.5,-111,0.131,0.865,0.028,0.041,49,0,0,0,0,0,0,0,0,0,0,0,0,5930

Main.js:462 169.604,176.478,91.5,91.5,-0.013,0.504,0,0,0,0,0,0,0,0,0,0,205.606,433.418,0.326,2.479,0,0,0,0,0,0,0,0,225.374,480.808,54,-114,0.153,0.86,0.029,0.04,48,0,0,0,0,0,0,0,0,0,0,0,0,5947

Main.js:462 169.592,176.957,91.5,91.5,-0.013,0.479,0,0,0,0,0,0,0,0,0,0,205.932,435.896,0.326,2.479,0,0,0,0,0,0,0,0,225.548,481.663,52.5,-117,0.174,0.855,0.03,0.04,47,0,0,0,0,0,0,0,0,0,0,0,0,5963

Main.js:462 169.58,177.413,91.5,91.5,-0.012,0.455,0,0,99,0,0,0,0,1,0,0,206.258,438.375,0.326,2.479,0,0,0,0,0,0,0,0,225.743,482.511,51,-120,0.195,0.849,0.031,0.039,46,0,0,0,0,0,0,0,0,0,0,0,0,5981

Main.js:462 169.568,177.845,90,90,-0.011,0.433,0,0,98,1,0,0,0,1,0,0,206.585,440.853,0.326,2.479,168.976,200.449,-0.065,2.499,0,0,0,0,225.959,483.354,49.5,-123,0.216,0.842,0.032,0.038,45,0,0,0,0,0,0,0,0,0,0,0,0,5996

Main.js:462 169.558,178.256,88.5,88.5,-0.011,0.411,0,0,97,1,0,0,0,1,0,0,206.911,443.332,0.326,2.479,168.911,202.948,-0.065,2.499,0,0,0,0,226.197,484.19,48,-126,0.237,0.836,0.033,0.037,44,0,0,0,0,0,0,0,0,0,0,0,0,6014

Main.js:462 169.547,178.646,87,87,-0.01,0.39,0,0,96,1,0,0,0,1,0,0,207.237,445.811,0.326,2.479,168.846,205.448,-0.065,2.499,0,0,0,0,226.197,484.19,49.5,-126,0.256,0.83,0.032,0.038,43,0,0,0,0,0,0,0,0,0,0,0,0,6031

Main.js:462 169.538,179.017,85.5,85.5,-0.01,0.371,0,0,95,1,0,0,0,1,0,0,207.564,448.289,0.326,2.479,168.78,207.947,-0.065,2.499,0,0,0,0,226.197,484.19,51,-126,0.273,0.825,0.031,0.039,42,0,0,0,0,0,0,0,0,0,0,0,0,6046

Main.js:462 169.529,179.37,84,84,-0.009,0.352,0,0,94,1,0,0,0,1,0,0,207.89,450.768,0.326,2.479,168.715,210.446,-0.065,2.499,0,0,0,0,226.197,484.19,52.5,-126,0.289,0.822,0.03,0.04,41,0,0,0,0,0,0,0,0,0,0,0,0,6064

Main.js:462 169.52,179.704,82.5,82.5,-0.009,0.335,0,0,93,1,0,0,0,1,0,0,208.216,453.246,0.326,2.479,168.649,212.945,-0.065,2.499,0,0,0,0,226.197,484.19,54,-126,0.302,0.819,0.029,0.04,40,0,0,0,0,0,0,0,0,0,0,0,0,6081

Main.js:462 169.511,180.022,81,81,-0.008,0.318,0,0,92,1,0,0,0,0,0,0,208.543,455.725,0.326,2.479,168.584,215.444,-0.065,2.499,0,0,0,0,226.197,484.19,55.5,-126,0.314,0.817,0.028,0.041,39,0,0,0,0,0,0,0,0,0,0,0,0,6097

Main.js:462 169.504,180.324,79.5,79.5,-0.008,0.302,0,0,91,1,0,0,0,0,0,0,208.869,458.204,0.326,2.479,168.518,217.943,-0.065,2.499,0,0,0,0,226.197,484.19,57,-126,0.324,0.816,0.027,0.042,38,0,0,0,0,0,0,0,0,0,0,0,0,6113

Main.js:462 169.496,180.611,78,78,-0.008,0.287,0,0,90,1,0,0,0,0,0,0,209.195,460.682,0.326,2.479,168.453,220.443,-0.065,2.499,0,0,0,0,226.197,484.19,58.5,-126,0.333,0.816,0.026,0.043,37,0,0,0,0,0,0,0,0,0,0,0,0,6130

Main.js:462 169.489,180.884,76.5,76.5,-0.007,0.273,0,0,89,1,0,0,0,0,0,0,209.522,463.161,0.326,2.479,168.387,222.942,-0.065,2.499,0,0,0,0,226.197,484.19,60,-126,0.34,0.816,0.025,0.043,36,0,0,0,0,0,0,0,0,0,0,0,0,6147

Main.js:462 169.482,181.143,75,75,-0.007,0.259,0,0,88,1,0,0,0,0,0,0,209.848,465.64,0.326,2.479,168.322,225.441,-0.065,2.499,0,0,0,0,226.197,484.19,61.5,-126,0.345,0.817,0.024,0.044,35,0,0,0,0,0,0,0,0,0,0,0,0,6164

Main.js:462 169.476,181.389,73.5,73.5,-0.006,0.246,0,0,87,1,0,0,0,0,0,0,210.174,468.118,0.326,2.479,168.257,227.94,-0.065,2.499,0,0,0,0,226.197,484.19,63,-126,0.35,0.819,0.023,0.045,34,0,0,0,0,0,0,0,0,0,0,0,0,6180

Main.js:462 169.47,181.622,72,72,-0.006,0.234,0,0,86,1,0,0,0,1,0,0,210.5,470.597,0.326,2.479,168.191,230.439,-0.065,2.499,0,0,0,0,226.197,484.19,64.5,-126,0.353,0.821,0.022,0.045,33,0,0,0,0,0,0,0,0,0,0,0,0,6196

Main.js:462 169.464,181.845,70.5,70.5,-0.006,0.222,0,0,85,1,0,0,0,1,0,0,210.5,470.597,0.326,2.479,168.191,230.439,-0.065,2.499,0,0,0,0,226.197,484.19,66,-126,0.354,0.823,0.02,0.046,32,0,0,0,0,0,0,0,0,0,0,0,0,6214

