Main.js:143 myTank.x,myTank.y,myTank.rotation,myTank.cannonRotation,myTank.velocityX,myTank.velocityY,myTank.accelerationX,myTank.accelerationY,myTank.shootCooldown,myTank.controls.turnLeft,myTank.controls.turnRight,myTank.controls.goForward,myTank.controls.goBack,myTank.controls.shoot,myTank.controls.cannonLeft,myTank.controls.cannonRight,myBullet1.x,myBullet1.y,myBullet1.velocityX,myBullet1.velocityY,myBullet2.x,myBullet2.y,myBullet2.velocityX,myBullet2.velocityY,myBullet3.x,myBullet3.y,myBullet3.velocityX,myBullet3.velocityY,enemyTank.x,enemyTank.y,enemyTank.rotation,enemyTank.cannonRotation,enemyTank.velocityX,enemyTank.velocityY,enemyTank.accelerationX,enemyTank.accelerationY,enemyTank.shootCooldown,enemyBullet1.x,enemyBullet1.y,enemyBullet1.velocityX,enemyBullet1.velocityY,enemyBullet2.x,enemyBullet2.y,enemyBullet2.velocityX,enemyBullet2.velocityY,enemyBullet3.x,enemyBullet3.y,enemyBullet3.velocityX,enemyBullet3.velocityY,currentGameTime
Main.js:462 450,270,180,180,0,0,0,0,0,0,0,0,0,0,0,0,0,0,0,0,0,0,0,0,0,0,0,0,50,230,0,0,0,0,0,0,0,0,0,0,0,0,0,0,0,0,0,0,0,15

Main.js:462 450,270,180,180,0,0,0,0,0,0,0,0,0,0,0,0,0,0,0,0,0,0,0,0,0,0,0,0,50.047,230.001,1.5,0,0.047,0.001,0.05,0.001,99,0,0,0,0,0,0,0,0,0,0,0,0,32

Main.js:462 450,270,180,180,0,0,0,0,0,0,0,0,0,0,0,0,0,0,0,0,0,0,0,0,0,0,0,0,50.14,230.005,3,0,0.093,0.004,0.05,0.003,98,73.5,230,2.5,0,0,0,0,0,0,0,0,0,47

Main.js:462 450,270,180,180,0,0,0,0,0,0,0,0,0,0,0,0,0,0,0,0,0,0,0,0,0,0,0,0,50.275,230.012,4.5,0,0.135,0.007,0.05,0.004,97,76,230,2.5,0,0,0,0,0,0,0,0,0,64

Main.js:462 450,270,180,180,0,0,0,0,0,0,0,0,0,0,0,0,0,0,0,0,0,0,0,0,0,0,0,0,50.451,230.024,6,0,0.176,0.012,0.05,0.005,96,78.5,230,2.5,0,0,0,0,0,0,0,0,0,81

Main.js:462 450,270,180,180,0,0,0,0,0,0,0,0,0,0,0,0,0,0,0,0,0,0,0,0,0,0,0,0,50.665,230.041,7.5,0,0.214,0.017,0.05,0.007,95,81,230,2.5,0,0,0,0,0,0,0,0,0,98

Main.js:462 450,270,180,180,0,0,0,0,0,0,0,0,0,0,0,0,0,0,0,0,0,0,0,0,0,0,0,0,50.915,230.065,9,0,0.25,0.024,0.049,0.008,94,83.5,230,2.5,0,0,0,0,0,0,0,0,0,114

Main.js:462 450,270,180,180,0,0,0,0,0,0,0,0,0,0,0,0,0,0,0,0,0,0,0,0,0,0,0,0,51.2,230.097,10.5,0,0.284,0.031,0.049,0.009,93,86,230,2.5,0,0,0,0,0,0,0,0,0,131

Main.js:462 450,270,180,180,0,0,0,0,0,0,0,0,0,0,0,0,0,0,0,0,0,0,0,0,0,0,0,0,51.517,230.137,12,0,0.317,0.04,0.049,0.01,92,88.5,230,2.5,0,0,0,0,0,0,0,0,0,149

Main.js:462 449.953,270,180,180,-0.047,0,-0.05,0,0,0,0,1,0,0,0,0,0,0,0,0,0,0,0,0,0,0,0,0,51.864,230.185,13.5,0,0.347,0.049,0.049,0.012,91,91,230,2.5,0,0,0,0,0,0,0,0,0,165

Main.js:462 449.86,270,180,180,-0.093,0,-0.05,0,0,0,0,1,0,0,0,0,0,0,0,0,0,0,0,0,0,0,0,0,52.239,230.244,15,0,0.376,0.059,0.048,0.013,90,93.5,230,2.5,0,0,0,0,0,0,0,0,0,181

Main.js:462 449.724,270,180,180,-0.135,0,-0.05,0,0,0,0,1,0,0,0,0,0,0,0,0,0,0,0,0,0,0,0,0,52.641,230.313,16.5,0,0.402,0.069,0.048,0.014,89,96,230,2.5,0,0,0,0,0,0,0,0,0,198

Main.js:462 449.548,270,180,180,-0.176,0,-0.05,0,0,0,0,1,0,0,0,0,0,0,0,0,0,0,0,0,0,0,0,0,53.069,230.394,18,0,0.427,0.08,0.048,0.015,88,98.5,230,2.5,0,0,0,0,0,0,0,0,0,214

Main.js:462 449.333,270,180,180,-0.215,0,-0.05,0,0,0,0,1,0,0,0,0,0,0,0,0,0,0,0,0,0,0,0,0,53.52,230.486,19.5,0,0.451,0.092,0.047,0.017,87,101,230,2.5,0,0,0,0,0,0,0,0,0,231

Main.js:462 449.082,270,180,180,-0.252,0,-0.05,0,0,0,0,1,0,0,0,0,0,0,0,0,0,0,0,0,0,0,0,0,53.992,230.591,21,0,0.473,0.105,0.047,0.018,86,103.5,230,2.5,0,0,0,0,0,0,0,0,0,248

Main.js:462 448.795,270,180,180,-0.287,0,-0.05,0,0,0,0,1,0,0,0,0,0,0,0,0,0,0,0,0,0,0,0,0,54.485,230.708,22.5,0,0.493,0.118,0.046,0.019,85,106,230,2.5,0,0,0,0,0,0,0,0,0,266

Main.js:462 448.475,270,180,180,-0.32,0,-0.05,0,0,0,0,1,0,0,0,0,0,0,0,0,0,0,0,0,0,0,0,0,54.997,230.84,24,0,0.512,0.131,0.046,0.02,84,108.5,230,2.5,0,0,0,0,0,0,0,0,0,281

Main.js:462 448.124,270,180,180,-0.351,0,-0.05,0,0,0,0,1,0,0,0,0,0,0,0,0,0,0,0,0,0,0,0,0,55.526,230.985,25.5,0,0.529,0.145,0.045,0.022,83,111,230,2.5,0,0,0,0,0,0,0,0,0,300

Main.js:462 447.743,270,180,180,-0.381,0,-0.05,0,0,0,0,1,0,0,0,0,0,0,0,0,0,0,0,0,0,0,0,0,56.07,231.144,27,0,0.545,0.159,0.045,0.023,82,113.5,230,2.5,0,0,0,0,0,0,0,0,0,314

Main.js:462 447.333,270,180,180,-0.41,0,-0.05,0,0,0,0,1,0,0,0,0,0,0,0,0,0,0,0,0,0,0,0,0,56.63,231.318,28.5,0,0.559,0.174,0.044,0.024,81,116,230,2.5,0,0,0,0,0,0,0,0,0,331

Main.js:462 446.897,270,180,180,-0.437,0,-0.05,0,0,0,0,1,0,0,0,0,0,0,0,0,0,0,0,0,0,0,0,0,57.202,231.507,30,0,0.572,0.189,0.043,0.025,80,118.5,230,2.5,0,0,0,0,0,0,0,0,0,347

Main.js:462 446.434,270,180,180,-0.462,0,-0.05,0,0,0,0,1,0,0,0,0,0,0,0,0,0,0,0,0,0,0,0,0,57.787,231.711,31.5,0,0.584,0.204,0.043,0.026,79,121,230,2.5,0,0,0,0,0,0,0,0,0,363

Main.js:462 445.947,270,180,180,-0.487,0,-0.05,0,0,0,0,1,0,0,0,0,0,0,0,0,0,0,0,0,0,0,0,0,58.382,231.931,33,0,0.595,0.22,0.042,0.027,78,123.5,230,2.5,0,0,0,0,0,0,0,0,0,381

Main.js:462 445.438,270,180,180,-0.51,0,-0.05,0,0,0,0,1,0,0,0,0,0,0,0,0,0,0,0,0,0,0,0,0,58.986,232.167,34.5,0,0.604,0.236,0.041,0.028,77,126,230,2.5,0,0,0,0,0,0,0,0,0,399

Main.js:462 444.906,270,180,180,-0.532,0,-0.05,0,0,0,0,1,0,0,0,0,0,0,0,0,0,0,0,0,0,0,0,0,59.598,232.419,36,0,0.613,0.252,0.04,0.029,76,128.5,230,2.5,0,0,0,0,0,0,0,0,0,415

Main.js:462 444.353,270,180,180,-0.553,0,-0.05,0,0,0,0,1,0,0,0,0,0,0,0,0,0,0,0,0,0,0,0,0,60.218,232.688,37.5,0,0.62,0.268,0.04,0.03,75,131,230,2.5,0,0,0,0,0,0,0,0,0,432

Main.js:462 443.78,270,180,180,-0.573,0,-0.05,0,0,0,0,1,0,0,0,0,0,0,0,0,0,0,0,0,0,0,0,0,60.844,232.973,39,0,0.626,0.285,0.039,0.031,74,133.5,230,2.5,0,0,0,0,0,0,0,0,0,449

Main.js:462 443.189,270,180,180,-0.592,0,-0.05,0,0,0,0,1,0,0,0,0,0,0,0,0,0,0,0,0,0,0,0,0,61.474,233.274,40.5,0,0.63,0.301,0.038,0.032,73,136,230,2.5,0,0,0,0,0,0,0,0,0,465

Main.js:462 442.579,270,180,180,-0.609,0,-0.05,0,0,0,0,1,0,0,0,0,0,0,0,0,0,0,0,0,0,0,0,0,62.108,233.592,42,0,0.634,0.318,0.037,0.033,72,138.5,230,2.5,0,0,0,0,0,0,0,0,0,482

Main.js:462 441.953,270,180,180,-0.626,0,-0.05,0,0,0,0,1,0,0,0,0,0,0,0,0,0,0,0,0,0,0,0,0,62.745,233.927,43.5,0,0.637,0.335,0.036,0.034,71,141,230,2.5,0,0,0,0,0,0,0,0,0,499

Main.js:462 441.31,270,180,180,-0.643,0,-0.05,0,0,0,0,1,0,0,0,0,0,0,0,0,0,0,0,0,0,0,0,0,63.384,234.279,45,0,0.639,0.352,0.035,0.035,70,143.5,230,2.5,0,0,0,0,0,0,0,0,0,514

Main.js:462 440.652,270,180,180,-0.658,0,-0.05,0,0,0,0,1,0,0,0,0,0,0,0,0,0,0,0,0,0,0,0,0,64.024,234.647,45,358.5,0.64,0.368,0.035,0.035,69,146,230,2.5,0,0,0,0,0,0,0,0,0,531

Main.js:462 439.98,270,180,180,-0.673,0,-0.05,0,0,0,0,1,0,0,0,0,0,0,0,0,0,0,0,0,0,0,0,0,64.666,235.03,45,357,0.642,0.383,0.035,0.035,68,148.5,230,2.5,0,0,0,0,0,0,0,0,0,548

Main.js:462 439.293,270,180,180,-0.686,0,-0.05,0,0,0,0,1,0,0,0,0,0,0,0,0,0,0,0,0,0,0,0,0,65.309,235.427,45,355.5,0.643,0.397,0.035,0.035,67,151,230,2.5,0,0,0,0,0,0,0,0,0,565

Main.js:462 438.593,270,180,180,-0.7,0,-0.05,0,0,0,0,1,0,0,0,0,0,0,0,0,0,0,0,0,0,0,0,0,65.954,235.839,45,354,0.645,0.411,0.035,0.035,66,153.5,230,2.5,0,0,0,0,0,0,0,0,0,580

Main.js:462 437.881,270,180,180,-0.712,0,-0.05,0,0,0,0,1,0,0,0,0,0,0,0,0,0,0,0,0,0,0,0,0,66.6,236.263,45,352.5,0.646,0.424,0.035,0.035,65,156,230,2.5,0,0,0,0,0,0,0,0,0,597

Main.js:462 437.157,270,180,180,-0.724,0,-0.05,0,0,0,0,1,0,0,0,0,0,0,0,0,0,0,0,0,0,0,0,0,67.248,236.699,45,351,0.647,0.437,0.035,0.035,64,158.5,230,2.5,0,0,0,0,0,0,0,0,0,614

Main.js:462 436.422,270,180,180,-0.735,0,-0.05,0,0,0,0,1,0,0,0,0,0,0,0,0,0,0,0,0,0,0,0,0,67.896,237.148,45,349.5,0.649,0.448,0.035,0.035,63,161,230,2.5,0,0,0,0,0,0,0,0,0,630

Main.js:462 435.676,270,180,180,-0.746,0,-0.05,0,0,0,0,1,0,0,0,0,0,0,0,0,0,0,0,0,0,0,0,0,68.546,237.607,45,348,0.65,0.459,0.035,0.035,62,163.5,230,2.5,0,0,0,0,0,0,0,0,0,647

Main.js:462 434.919,270,180,180,-0.756,0,-0.05,0,0,0,0,1,0,0,0,0,0,0,0,0,0,0,0,0,0,0,0,0,69.197,238.077,45,346.5,0.651,0.47,0.035,0.035,61,166,230,2.5,0,0,0,0,0,0,0,0,0,665

Main.js:462 434.154,270,180,180,-0.766,0,-0.05,0,0,0,0,1,0,0,0,0,0,0,0,0,0,0,0,0,0,0,0,0,69.849,238.557,45,345,0.652,0.48,0.035,0.035,60,168.5,230,2.5,0,0,0,0,0,0,0,0,0,682

Main.js:462 433.378,270,180,180,-0.775,0,-0.05,0,0,0,0,1,0,0,0,0,0,0,0,0,0,0,0,0,0,0,0,0,70.502,239.047,45,343.5,0.653,0.49,0.035,0.035,59,171,230,2.5,0,0,0,0,0,0,0,0,0,698

Main.js:462 432.594,270,180,180,-0.784,0,-0.05,0,0,0,0,1,0,0,0,0,0,0,0,0,0,0,0,0,0,0,0,0,71.156,239.546,45,342,0.654,0.499,0.035,0.035,58,173.5,230,2.5,0,0,0,0,0,0,0,0,0,715

Main.js:462 431.802,270,180,180,-0.792,0,-0.05,0,0,0,0,1,0,0,0,0,0,0,0,0,0,0,0,0,0,0,0,0,71.811,240.054,45,340.5,0.655,0.508,0.035,0.035,57,176,230,2.5,0,0,0,0,0,0,0,0,0,732

Main.js:462 431.002,270,180,180,-0.8,0,-0.05,0,0,0,0,1,0,0,0,0,0,0,0,0,0,0,0,0,0,0,0,0,72.466,240.569,45,339,0.656,0.516,0.035,0.035,56,178.5,230,2.5,0,0,0,0,0,0,0,0,0,749

Main.js:462 430.194,270,180,180,-0.808,0,-0.05,0,0,0,0,1,0,0,0,0,0,0,0,0,0,0,0,0,0,0,0,0,73.123,241.093,45,337.5,0.656,0.524,0.035,0.035,55,181,230,2.5,0,0,0,0,0,0,0,0,0,764

Main.js:462 429.38,270,180,180,-0.815,0,-0.05,0,0,0,0,1,0,0,0,0,0,0,0,0,0,0,0,0,0,0,0,0,73.78,241.624,45,336,0.657,0.531,0.035,0.035,54,183.5,230,2.5,0,0,0,0,0,0,0,0,0,781

Main.js:462 428.558,270,180,180,-0.821,0,-0.05,0,0,0,0,1,0,0,0,0,0,0,0,0,0,0,0,0,0,0,0,0,74.438,242.162,45,334.5,0.658,0.538,0.035,0.035,53,186,230,2.5,0,0,0,0,0,0,0,0,0,797

Main.js:462 427.73,270,180,180,-0.828,0,-0.05,0,0,0,0,1,0,0,0,0,0,0,0,0,0,0,0,0,0,0,0,0,75.096,242.706,45,333,0.659,0.545,0.035,0.035,52,188.5,230,2.5,0,0,0,0,0,0,0,0,0,814

Main.js:462 426.896,270,180,180,-0.834,0,-0.05,0,0,0,0,1,0,0,0,0,0,0,0,0,0,0,0,0,0,0,0,0,75.756,243.257,45,331.5,0.659,0.551,0.035,0.035,51,191,230,2.5,0,0,0,0,0,0,0,0,0,832

Main.js:462 426.057,270,180,180,-0.84,0,-0.05,0,0,0,0,1,0,0,0,0,0,0,0,0,0,0,0,0,0,0,0,0,76.416,243.815,45,330,0.66,0.557,0.035,0.035,50,193.5,230,2.5,0,0,0,0,0,0,0,0,0,848

Main.js:462 425.211,270,180,180,-0.845,0,-0.05,0,0,0,0,1,0,0,0,0,0,0,0,0,0,0,0,0,0,0,0,0,77.076,244.377,45,328.5,0.66,0.563,0.035,0.035,49,196,230,2.5,0,0,0,0,0,0,0,0,0,866

Main.js:462 424.361,270,180,180,-0.851,0,-0.05,0,0,0,0,1,0,0,0,0,0,0,0,0,0,0,0,0,0,0,0,0,77.737,244.946,45,327,0.661,0.568,0.035,0.035,48,198.5,230,2.5,0,0,0,0,0,0,0,0,0,881

Main.js:462 423.505,270,180,180,-0.856,0,-0.05,0,0,0,0,1,0,0,0,0,0,0,0,0,0,0,0,0,0,0,0,0,78.399,245.519,45,325.5,0.662,0.573,0.035,0.035,47,201,230,2.5,0,0,0,0,0,0,0,0,0,897

Main.js:462 422.645,270,180,180,-0.86,0,-0.05,0,0,0,0,1,0,0,0,0,0,0,0,0,0,0,0,0,0,0,0,0,79.061,246.097,45,324,0.662,0.578,0.035,0.035,46,203.5,230,2.5,0,0,0,0,0,0,0,0,0,914

Main.js:462 421.78,270,180,180,-0.865,0,-0.05,0,0,0,0,1,0,0,0,0,0,0,0,0,0,0,0,0,0,0,0,0,79.723,246.68,45,322.5,0.663,0.583,0.035,0.035,45,206,230,2.5,0,0,0,0,0,0,0,0,0,931

Main.js:462 420.911,270,180,180,-0.869,0,-0.05,0,0,0,0,1,0,0,0,0,0,0,0,0,0,0,0,0,0,0,0,0,80.386,247.268,45,321,0.663,0.587,0.035,0.035,44,208.5,230,2.5,0,0,0,0,0,0,0,0,0,949

Main.js:462 420.038,270,180,180,-0.873,0,-0.05,0,0,0,0,1,0,0,0,0,0,0,0,0,0,0,0,0,0,0,0,0,81.05,247.859,45,319.5,0.663,0.592,0.035,0.035,43,211,230,2.5,0,0,0,0,0,0,0,0,0,965

Main.js:462 419.161,270,180,180,-0.877,0,-0.05,0,0,0,0,1,0,0,0,0,0,0,0,0,0,0,0,0,0,0,0,0,81.714,248.455,45,318,0.664,0.596,0.035,0.035,42,213.5,230,2.5,0,0,0,0,0,0,0,0,0,982

Main.js:462 418.281,270,180,180,-0.881,0,-0.05,0,0,0,0,1,0,0,0,0,0,0,0,0,0,0,0,0,0,0,0,0,82.378,249.055,45,316.5,0.664,0.599,0.035,0.035,41,216,230,2.5,0,0,0,0,0,0,0,0,0,999

Main.js:462 417.397,270,180,180,-0.884,0,-0.05,0,0,0,0,1,0,0,0,0,0,0,0,0,0,0,0,0,0,0,0,0,83.043,249.658,45,315,0.665,0.603,0.035,0.035,40,218.5,230,2.5,0,0,0,0,0,0,0,0,0,1016

Main.js:462 416.509,270,180,180,-0.887,0,-0.05,0,0,0,0,1,0,0,0,0,0,0,0,0,0,0,0,0,0,0,0,0,83.708,250.263,43.5,312,0.666,0.606,0.036,0.034,39,221,230,2.5,0,0,0,0,0,0,0,0,0,1032

Main.js:462 415.619,270,180,180,-0.89,0,-0.05,0,0,0,0,1,0,0,0,0,0,0,0,0,0,0,0,0,0,0,0,0,84.376,250.87,42,309,0.668,0.607,0.037,0.033,38,223.5,230,2.5,0,0,0,0,0,0,0,0,0,1048

Main.js:462 414.725,270,180,180,-0.893,0,-0.05,0,0,0,0,1,0,0,0,0,0,0,0,0,0,0,0,0,0,0,0,0,85.047,251.478,40.5,306,0.671,0.608,0.038,0.032,37,226,230,2.5,0,0,0,0,0,0,0,0,0,1066

Main.js:462 413.829,270,180,180,-0.896,0,-0.05,0,0,0,0,1,0,0,0,0,0,0,0,0,0,0,0,0,0,0,0,0,85.721,252.085,39,303,0.674,0.607,0.039,0.031,36,228.5,230,2.5,0,0,0,0,0,0,0,0,0,1081

Main.js:462 412.93,270,180,180,-0.899,0,-0.05,0,0,0,0,1,0,0,0,0,0,0,0,0,0,0,0,0,0,0,0,0,86.399,252.691,37.5,300,0.678,0.606,0.04,0.03,35,231,230,2.5,0,0,0,0,0,0,0,0,0,1097

Main.js:462 412.029,270,180,180,-0.902,0,-0.05,0,0,0,0,1,0,0,0,0,0,0,0,0,0,0,0,0,0,0,0,0,87.081,253.294,36,297,0.683,0.603,0.04,0.029,34,233.5,230,2.5,0,0,0,0,0,0,0,0,0,1113

Main.js:462 411.125,270,180,180,-0.904,0,-0.05,0,0,0,0,1,0,0,0,0,0,0,0,0,0,0,0,0,0,0,0,0,87.769,253.894,34.5,294,0.688,0.6,0.041,0.028,33,236,230,2.5,0,0,0,0,0,0,0,0,0,1130

Main.js:462 410.218,270,180,180,-0.906,0,-0.05,0,0,0,0,1,0,0,0,0,0,0,0,0,0,0,0,0,0,0,0,0,88.462,254.49,33,291,0.693,0.596,0.042,0.027,32,238.5,230,2.5,0,0,0,0,0,0,0,0,0,1147

Main.js:462 409.31,270,180,180,-0.908,0,-0.05,0,0,0,0,1,0,0,0,0,0,0,0,0,0,0,0,0,0,0,0,0,89.161,255.081,31.5,288,0.699,0.591,0.043,0.026,31,241,230,2.5,0,0,0,0,0,0,0,0,0,1165

Main.js:462 408.4,270,180,180,-0.911,0,-0.05,0,0,0,0,1,0,0,0,0,0,0,0,0,0,0,0,0,0,0,0,0,89.866,255.666,30,285,0.705,0.585,0.043,0.025,30,243.5,230,2.5,0,0,0,0,0,0,0,0,0,1180

Main.js:462 407.487,270,180,180,-0.912,0,-0.05,0,0,0,0,1,0,0,0,0,0,0,0,0,0,0,0,0,0,0,0,0,90.577,256.245,28.5,282,0.712,0.579,0.044,0.024,29,246,230,2.5,0,0,0,0,0,0,0,0,0,1197

Main.js:462 406.573,270,180,180,-0.914,0,-0.05,0,0,0,0,1,0,0,0,0,0,0,0,0,0,0,0,0,0,0,0,0,91.296,256.816,27,279,0.718,0.571,0.045,0.023,28,248.5,230,2.5,0,0,0,0,0,0,0,0,0,1214

Main.js:462 405.657,270,180,180,-0.916,0,-0.05,0,0,0,0,1,0,0,0,0,0,0,0,0,0,0,0,0,0,0,0,0,92.021,257.379,25.5,276,0.725,0.563,0.045,0.022,27,251,230,2.5,0,0,0,0,0,0,0,0,0,1231

Main.js:462 404.739,270,180,180,-0.918,0,-0.05,0,0,0,0,1,0,0,0,0,0,0,0,0,0,0,0,0,0,0,0,0,92.753,257.933,24,273,0.732,0.554,0.046,0.02,26,253.5,230,2.5,0,0,0,0,0,0,0,0,0,1247

Main.js:462 403.819,270,180,180,-0.919,0,-0.05,0,0,0,0,1,0,0,0,0,0,0,0,0,0,0,0,0,0,0,0,0,93.493,258.478,22.5,270,0.74,0.545,0.046,0.019,25,256,230,2.5,0,0,0,0,0,0,0,0,0,1265

Main.js:462 402.898,270,180,180,-0.921,0,-0.05,0,0,0,0,1,0,0,0,0,0,0,0,0,0,0,0,0,0,0,0,0,94.24,259.013,21,267,0.747,0.535,0.047,0.018,24,258.5,230,2.5,0,0,0,0,0,0,0,0,0,1282

Main.js:462 401.976,270,180,180,-0.922,0,-0.05,0,0,0,0,1,0,0,0,0,0,0,0,0,0,0,0,0,0,0,0,0,94.994,259.536,19.5,264,0.754,0.524,0.047,0.017,23,261,230,2.5,0,0,0,0,0,0,0,0,0,1299

Main.js:462 401.052,270,180,180,-0.924,0,-0.05,0,0,0,0,1,0,0,0,0,0,0,0,0,0,0,0,0,0,0,0,0,95.756,260.048,18,261,0.762,0.512,0.048,0.015,22,263.5,230,2.5,0,0,0,0,0,0,0,0,0,1315

Main.js:462 400.127,270,180,180,-0.925,0,-0.05,0,99,0,0,1,0,1,0,0,0,0,0,0,0,0,0,0,0,0,0,0,96.525,260.548,16.5,258,0.769,0.5,0.048,0.014,21,266,230,2.5,0,0,0,0,0,0,0,0,0,1330

Main.js:462 399.201,270,180,180,-0.926,0,-0.05,0,98,0,0,1,0,1,0,0,377.552,270,-2.5,0,0,0,0,0,0,0,0,0,97.302,261.036,15,255,0.777,0.487,0.048,0.013,20,268.5,230,2.5,0,0,0,0,0,0,0,0,0,1348

Main.js:462 398.273,270,180,180,-0.928,0,-0.05,0,97,0,0,1,0,1,0,0,375.052,270,-2.5,0,0,0,0,0,0,0,0,0,98.086,261.51,13.5,252,0.784,0.474,0.049,0.012,19,271,230,2.5,0,0,0,0,0,0,0,0,0,1364

Main.js:462 397.344,270,180,180,-0.929,0,-0.05,0,96,0,0,1,0,1,0,0,372.552,270,-2.5,0,0,0,0,0,0,0,0,0,98.878,261.97,12,249,0.791,0.46,0.049,0.01,18,273.5,230,2.5,0,0,0,0,0,0,0,0,0,1381

Main.js:462 396.415,270,180,180,-0.93,0,-0.05,0,95,0,0,1,0,1,0,0,370.052,270,-2.5,0,0,0,0,0,0,0,0,0,99.676,262.416,10.5,246,0.798,0.446,0.049,0.009,17,276,230,2.5,0,0,0,0,0,0,0,0,0,1400

Main.js:462 395.484,270,180,180,-0.931,0,-0.05,0,94,0,0,1,0,0,0,0,367.552,270,-2.5,0,0,0,0,0,0,0,0,0,100.482,262.847,9,243,0.805,0.431,0.049,0.008,16,278.5,230,2.5,0,0,0,0,0,0,0,0,0,1414

Main.js:462 394.552,270,180,180,-0.932,0,-0.05,0,93,0,0,1,0,0,0,0,365.052,270,-2.5,0,0,0,0,0,0,0,0,0,101.294,263.262,7.5,240,0.812,0.416,0.05,0.007,15,281,230,2.5,0,0,0,0,0,0,0,0,0,1431

Main.js:462 393.62,270,180,180,-0.933,0,-0.05,0,92,0,0,1,0,0,0,0,362.552,270,-2.5,0,0,0,0,0,0,0,0,0,102.113,263.662,6,237,0.819,0.4,0.05,0.005,14,283.5,230,2.5,0,0,0,0,0,0,0,0,0,1447

Main.js:462 392.686,270,180,180,-0.933,0,-0.05,0,91,0,0,1,0,0,0,0,360.052,270,-2.5,0,0,0,0,0,0,0,0,0,102.938,264.046,4.5,234,0.825,0.384,0.05,0.004,13,286,230,2.5,0,0,0,0,0,0,0,0,0,1464

Main.js:462 391.752,270,180,180,-0.934,0,-0.05,0,90,0,0,1,0,0,0,0,357.552,270,-2.5,0,0,0,0,0,0,0,0,0,103.77,264.413,3,231,0.831,0.367,0.05,0.003,12,288.5,230,2.5,0,0,0,0,0,0,0,0,0,1482

Main.js:462 390.817,270,180,180,-0.935,0,-0.05,0,89,0,0,1,0,0,0,0,355.052,270,-2.5,0,0,0,0,0,0,0,0,0,104.607,264.762,1.5,228,0.837,0.35,0.05,0.001,11,291,230,2.5,0,0,0,0,0,0,0,0,0,1498

Main.js:462 389.881,270,180,180,-0.936,0,-0.05,0,88,0,0,1,0,0,0,0,352.552,270,-2.5,0,0,0,0,0,0,0,0,0,105.45,265.095,0,225,0.843,0.332,0.05,0,10,293.5,230,2.5,0,0,0,0,0,0,0,0,0,1514

Main.js:462 388.944,270,180,180,-0.937,0,-0.05,0,87,0,0,1,0,0,0,0,350.052,270,-2.5,0,0,0,0,0,0,0,0,0,106.298,265.409,358.5,222,0.848,0.314,0.05,-0.001,9,296,230,2.5,0,0,0,0,0,0,0,0,0,1530

Main.js:462 388.007,270,180,180,-0.937,0,-0.05,0,86,0,0,1,0,0,0,0,347.552,270,-2.5,0,0,0,0,0,0,0,0,0,107.152,265.705,357,219,0.853,0.296,0.05,-0.003,8,298.5,230,2.5,0,0,0,0,0,0,0,0,0,1547

Main.js:462 387.069,270,180,180,-0.938,0,-0.05,0,85,0,0,1,0,0,0,0,345.052,270,-2.5,0,0,0,0,0,0,0,0,0,108.01,265.983,355.5,216,0.858,0.278,0.05,-0.004,7,301,230,2.5,0,0,0,0,0,0,0,0,0,1564

Main.js:462 386.131,270,180,180,-0.938,0,-0.05,0,84,0,0,1,0,0,0,0,342.552,270,-2.5,0,0,0,0,0,0,0,0,0,108.872,266.242,354,213,0.862,0.259,0.05,-0.005,6,303.5,230,2.5,0,0,0,0,0,0,0,0,0,1580

Main.js:462 385.192,270,180,180,-0.939,0,-0.05,0,83,0,0,1,0,0,0,0,340.052,270,-2.5,0,0,0,0,0,0,0,0,0,109.739,266.481,352.5,210,0.866,0.24,0.05,-0.007,5,306,230,2.5,0,0,0,0,0,0,0,0,0,1598

Main.js:462 384.252,270,180,180,-0.94,0,-0.05,0,82,0,0,1,0,0,0,0,337.552,270,-2.5,0,0,0,0,0,0,0,0,0,110.609,266.702,351,207,0.87,0.22,0.049,-0.008,4,308.5,230,2.5,0,0,0,0,0,0,0,0,0,1614

Main.js:462 383.312,270,180,180,-0.94,0,-0.05,0,81,0,0,1,0,0,0,0,335.052,270,-2.5,0,0,0,0,0,0,0,0,0,111.482,266.902,349.5,204,0.873,0.201,0.049,-0.009,3,311,230,2.5,0,0,0,0,0,0,0,0,0,1631

Main.js:462 382.372,270,180,180,-0.941,0,-0.05,0,80,0,0,1,0,0,0,0,332.552,270,-2.5,0,0,0,0,0,0,0,0,0,112.358,267.083,348,201,0.876,0.181,0.049,-0.01,2,313.5,230,2.5,0,0,0,0,0,0,0,0,0,1648

Main.js:462 381.43,270,180,180,-0.941,0,-0.05,0,79,0,0,1,0,0,0,0,330.052,270,-2.5,0,0,0,0,0,0,0,0,0,113.236,267.244,346.5,198,0.878,0.161,0.049,-0.012,1,316,230,2.5,0,0,0,0,0,0,0,0,0,1666

Main.js:462 380.489,270,180,180,-0.942,0,-0.05,0,78,0,0,1,0,0,0,0,327.552,270,-2.5,0,0,0,0,0,0,0,0,0,114.116,267.384,345,195,0.88,0.14,0.048,-0.013,0,318.5,230,2.5,0,0,0,0,0,0,0,0,0,1682

Main.js:462 379.547,270,180,180,-0.942,0,-0.05,0,77,0,0,1,0,0,0,0,325.052,270,-2.5,0,0,0,0,0,0,0,0,0,114.998,267.504,343.5,192,0.882,0.12,0.048,-0.014,99,321,230,2.5,0,0,0,0,0,0,0,0,0,1698

Main.js:462 378.605,270,180,180,-0.942,0,-0.05,0,76,0,0,1,0,0,0,0,322.552,270,-2.5,0,0,0,0,0,0,0,0,0,115.881,267.603,342,189,0.883,0.099,0.048,-0.015,98,323.5,230,2.5,0,91.13,262.498,-2.445,-0.52,0,0,0,0,1715

Main.js:462 377.662,270,180,180,-0.943,0,-0.05,0,75,0,0,1,0,0,0,0,320.052,270,-2.5,0,0,0,0,0,0,0,0,0,116.765,267.681,340.5,186,0.884,0.078,0.047,-0.017,97,326,230,2.5,0,88.685,261.978,-2.445,-0.52,0,0,0,0,1731

Main.js:462 376.719,270,180,180,-0.943,0,-0.05,0,74,0,0,1,0,0,0,0,317.552,270,-2.5,0,0,0,0,0,0,0,0,0,117.649,267.738,339,183,0.884,0.057,0.047,-0.018,96,328.5,230,2.5,0,86.239,261.458,-2.445,-0.52,0,0,0,0,1748

Main.js:462 375.775,270,180,180,-0.943,0,-0.05,0,73,0,0,1,0,0,0,0,315.052,270,-2.5,0,0,0,0,0,0,0,0,0,118.532,267.775,337.5,180,0.883,0.036,0.046,-0.019,95,331,230,2.5,0,83.794,260.939,-2.445,-0.52,0,0,0,0,1765

Main.js:462 374.832,270,180,180,-0.944,0,-0.05,0,72,0,0,1,0,0,0,0,312.552,270,-2.5,0,0,0,0,0,0,0,0,0,119.415,267.79,336,177,0.883,0.015,0.046,-0.02,94,333.5,230,2.5,0,81.348,260.419,-2.445,-0.52,0,0,0,0,1782

Main.js:462 373.888,270,180,180,-0.944,0,-0.05,0,71,0,0,1,0,0,0,0,310.052,270,-2.5,0,0,0,0,0,0,0,0,0,120.296,267.784,334.5,174,0.881,-0.006,0.045,-0.022,93,336,230,2.5,0,78.903,259.899,-2.445,-0.52,0,0,0,0,1798

Main.js:462 372.943,270,180,180,-0.944,0,-0.05,0,70,0,0,1,0,0,0,0,307.552,270,-2.5,0,0,0,0,0,0,0,0,0,121.176,267.756,333,171,0.88,-0.027,0.045,-0.023,92,338.5,230,2.5,0,76.458,259.379,-2.445,-0.52,0,0,0,0,1814

Main.js:462 371.998,270,180,180,-0.945,0,-0.05,0,69,0,0,1,0,0,0,0,305.052,270,-2.5,0,0,0,0,0,0,0,0,0,122.053,267.708,331.5,168,0.877,-0.049,0.044,-0.024,91,341,230,2.5,0,74.012,258.859,-2.445,-0.52,0,0,0,0,1832

Main.js:462 371.054,270,180,180,-0.945,0,-0.05,0,68,0,0,1,0,0,0,0,302.552,270,-2.5,0,0,0,0,0,0,0,0,0,122.928,267.638,330,165,0.875,-0.07,0.043,-0.025,90,343.5,230,2.5,0,71.567,258.34,-2.445,-0.52,0,0,0,0,1848

Main.js:462 370.108,270,180,180,-0.945,0,-0.05,0,67,0,0,1,0,0,0,0,300.052,270,-2.5,0,0,0,0,0,0,0,0,0,123.799,267.547,328.5,162,0.871,-0.091,0.043,-0.026,89,346,230,2.5,0,69.122,257.82,-2.445,-0.52,0,0,0,0,1865

Main.js:462 369.163,270,180,180,-0.945,0,-0.05,0,66,0,0,1,0,0,0,0,297.552,270,-2.5,0,0,0,0,0,0,0,0,0,124.667,267.434,327,159,0.868,-0.113,0.042,-0.027,88,348.5,230,2.5,0,66.676,257.3,-2.445,-0.52,0,0,0,0,1881

Main.js:462 368.217,270,180,180,-0.946,0,-0.05,0,65,0,0,1,0,0,0,0,295.052,270,-2.5,0,0,0,0,0,0,0,0,0,125.53,267.3,325.5,156,0.863,-0.134,0.041,-0.028,87,351,230,2.5,0,64.231,256.78,-2.445,-0.52,0,0,0,0,1900

Main.js:462 367.271,270,180,180,-0.946,0,-0.05,0,64,0,0,1,0,0,0,0,292.552,270,-2.5,0,0,0,0,0,0,0,0,0,126.389,267.145,324,153,0.859,-0.155,0.04,-0.029,86,353.5,230,2.5,0,61.786,256.261,-2.445,-0.52,0,0,0,0,1948

Main.js:462 366.325,270,180,180,-0.946,0,-0.05,0,63,0,0,1,0,0,0,0,290.052,270,-2.5,0,0,0,0,0,0,0,0,0,127.243,266.969,322.5,150,0.853,-0.176,0.04,-0.03,85,356,230,2.5,0,59.34,255.741,-2.445,-0.52,0,0,0,0,1964

Main.js:462 365.379,270,180,180,-0.946,0,-0.05,0,62,0,0,1,0,0,0,0,287.552,270,-2.5,0,0,0,0,0,0,0,0,0,128.09,266.772,321,147,0.848,-0.197,0.039,-0.031,84,358.5,230,2.5,0,56.895,255.221,-2.445,-0.52,0,0,0,0,1981

Main.js:462 364.433,270,180,180,-0.946,0,-0.05,0,61,0,0,1,0,0,0,0,285.052,270,-2.5,0,0,0,0,0,0,0,0,0,128.932,266.553,319.5,144,0.841,-0.218,0.038,-0.032,83,361,230,2.5,0,54.449,254.701,-2.445,-0.52,0,0,0,0,1997

Main.js:462 363.486,270,180,180,-0.947,0,-0.05,0,60,0,0,1,0,0,0,0,282.552,270,-2.5,0,0,0,0,0,0,0,0,0,129.766,266.314,318,141,0.835,-0.239,0.037,-0.033,82,363.5,230,2.5,0,52.004,254.181,-2.445,-0.52,0,0,0,0,2014

Main.js:462 362.539,270,180,180,-0.947,0,-0.05,0,59,0,0,1,0,0,0,0,280.052,270,-2.5,0,0,0,0,0,0,0,0,0,130.595,266.056,319.5,141,0.829,-0.258,0.038,-0.032,81,366,230,2.5,0,49.559,253.662,-2.445,-0.52,0,0,0,0,2031

Main.js:462 361.592,270,180,180,-0.947,0,-0.05,0,58,0,0,1,0,0,0,0,277.552,270,-2.5,0,0,0,0,0,0,0,0,0,131.42,265.781,321,141,0.825,-0.275,0.039,-0.031,80,368.5,230,2.5,0,47.113,253.142,-2.445,-0.52,0,0,0,0,2047

Main.js:462 360.645,270,180,180,-0.947,0,-0.05,0,57,0,0,1,0,0,0,0,275.052,270,-2.5,0,0,0,0,0,0,0,0,0,132.241,265.491,322.5,141,0.821,-0.29,0.04,-0.03,79,371,230,2.5,0,44.668,252.622,-2.445,-0.52,0,0,0,0,2064

Main.js:462 359.698,270,180,180,-0.947,0,-0.05,0,56,0,0,1,0,0,0,0,272.552,270,-2.5,0,0,0,0,0,0,0,0,0,133.059,265.187,324,141,0.818,-0.304,0.04,-0.029,78,373.5,230,2.5,0,42.223,252.102,-2.445,-0.52,0,0,0,0,2082

Main.js:462 358.75,270,180,180,-0.947,0,-0.05,0,55,0,0,1,0,0,0,0,270.052,270,-2.5,0,0,0,0,0,0,0,0,0,133.876,264.872,325.5,141,0.817,-0.315,0.041,-0.028,77,376,230,2.5,0,39.777,251.583,-2.445,-0.52,0,0,0,0,2098

Main.js:462 357.803,270,180,180,-0.948,0,-0.05,0,54,0,0,1,0,0,0,0,267.552,270,-2.5,0,0,0,0,0,0,0,0,0,134.692,264.546,327,141,0.816,-0.325,0.042,-0.027,76,378.5,230,2.5,0,37.332,251.063,-2.445,-0.52,0,0,0,0,2114

Main.js:462 356.855,270,180,180,-0.948,0,-0.05,0,53,0,0,1,0,0,0,0,265.052,270,-2.5,0,0,0,0,0,0,0,0,0,135.507,264.212,328.5,141,0.815,-0.334,0.043,-0.026,75,381,230,2.5,0,34.886,250.543,-2.445,-0.52,0,0,0,0,2130

Main.js:462 355.908,270,180,180,-0.948,0,-0.05,0,52,0,0,1,0,0,0,0,262.552,270,-2.5,0,0,0,0,0,0,0,0,0,136.323,263.871,330,141,0.816,-0.341,0.043,-0.025,74,383.5,230,2.5,0,32.441,250.023,-2.445,-0.52,0,0,0,0,2147

Main.js:462 354.96,270,180,180,-0.948,0,-0.05,0,51,0,0,1,0,0,0,0,260.052,270,-2.5,0,0,0,0,0,0,0,0,0,137.139,263.525,331.5,141,0.817,-0.347,0.044,-0.024,73,386,230,2.5,0,29.996,249.503,-2.445,-0.52,0,0,0,0,2165

Main.js:462 354.012,270,180,180,-0.948,0,-0.05,0,50,0,0,1,0,0,0,0,257.552,270,-2.5,0,0,0,0,0,0,0,0,0,137.957,263.174,333,141,0.818,-0.351,0.045,-0.023,72,388.5,230,2.5,0,27.55,248.984,-2.445,-0.52,0,0,0,0,2182

Main.js:462 353.064,270,180,180,-0.948,0,-0.05,0,49,0,0,1,0,0,0,0,255.052,270,-2.5,0,0,0,0,0,0,0,0,0,138.777,262.82,334.5,141,0.82,-0.354,0.045,-0.022,71,391,230,2.5,0,25.105,248.464,-2.445,-0.52,0,0,0,0,2197

Main.js:462 352.115,270,180,180,-0.948,0,-0.05,0,48,0,0,1,0,0,0,0,252.552,270,-2.5,0,0,0,0,0,0,0,0,0,139.6,262.465,336,141,0.822,-0.355,0.046,-0.02,70,393.5,230,2.5,0,22.66,247.944,-2.445,-0.52,0,0,0,0,2214

Main.js:462 351.167,270,180,180,-0.948,0,-0.05,0,47,0,0,1,0,0,0,0,250.052,270,-2.5,0,0,0,0,0,0,0,0,0,140.425,262.109,337.5,141,0.825,-0.356,0.046,-0.019,69,396,230,2.5,0,20.214,247.424,-2.445,-0.52,0,0,0,0,2231

Main.js:462 350.219,270,180,180,-0.948,0,-0.05,0,46,0,0,1,0,0,0,0,247.552,270,-2.5,0,0,0,0,0,0,0,0,0,141.253,261.754,339,141,0.828,-0.355,0.047,-0.018,68,398.5,230,2.5,0,17.769,246.905,-2.445,-0.52,0,0,0,0,2248

Main.js:462 349.27,270,180,180,-0.948,0,-0.05,0,45,0,0,1,0,0,0,0,245.052,270,-2.5,0,0,0,0,0,0,0,0,0,142.085,261.401,340.5,141,0.832,-0.353,0.047,-0.017,67,401,230,2.5,0,15.324,246.385,-2.445,-0.52,0,0,0,0,2265

Main.js:462 348.322,270,180,180,-0.949,0,-0.05,0,44,0,0,1,0,0,0,0,242.552,270,-2.5,0,0,0,0,0,0,0,0,0,142.92,261.05,342,141,0.835,-0.35,0.048,-0.015,66,403.5,230,2.5,0,12.878,245.865,-2.445,-0.52,0,0,0,0,2282

Main.js:462 347.373,270,180,180,-0.949,0,-0.05,0,43,0,0,1,0,0,0,0,240.052,270,-2.5,0,0,0,0,0,0,0,0,0,143.759,260.704,343.5,141,0.839,-0.346,0.048,-0.014,65,406,230,2.5,0,10.433,245.345,-2.445,-0.52,0,0,0,0,2298

Main.js:462 346.425,270,180,180,-0.949,0,-0.05,0,42,0,0,1,0,0,0,0,237.552,270,-2.5,0,0,0,0,0,0,0,0,0,144.602,260.363,345,141,0.843,-0.341,0.048,-0.013,64,408.5,230,2.5,0,7.987,244.825,-2.445,-0.52,0,0,0,0,2313

Main.js:462 345.476,270,180,180,-0.949,0,-0.05,0,41,0,0,1,0,0,0,0,235.052,270,-2.5,0,0,0,0,0,0,0,0,0,145.45,260.028,346.5,141,0.847,-0.335,0.049,-0.012,63,411,230,2.5,0,5.542,244.306,-2.445,-0.52,0,0,0,0,2331

Main.js:462 344.527,270,180,180,-0.949,0,-0.05,0,40,0,0,1,0,0,0,0,232.552,270,-2.5,0,0,0,0,0,0,0,0,0,146.301,259.7,348,141,0.851,-0.328,0.049,-0.01,62,413.5,230,2.5,0,3.097,243.786,-2.445,-0.52,0,0,0,0,2348

Main.js:462 343.578,270,180,180,-0.949,0,-0.05,0,39,0,0,1,0,0,0,0,230.052,270,-2.5,0,0,0,0,0,0,0,0,0,147.156,259.379,349.5,141,0.855,-0.321,0.049,-0.009,61,416,230,2.5,0,0.651,243.266,-2.445,-0.52,0,0,0,0,2365

Main.js:462 342.629,270,180,180,-0.949,0,-0.05,0,38,0,0,1,0,0,0,0,227.552,270,-2.5,0,0,0,0,0,0,0,0,0,148.015,259.067,351,141,0.859,-0.312,0.049,-0.008,60,418.5,230,2.5,0,0,0,0,0,0,0,0,0,2380

Main.js:462 341.68,270,180,180,-0.949,0,-0.05,0,37,0,0,1,0,0,0,0,225.052,270,-2.5,0,0,0,0,0,0,0,0,0,148.879,258.765,352.5,141,0.864,-0.303,0.05,-0.007,59,421,230,2.5,0,0,0,0,0,0,0,0,0,2398

Main.js:462 340.731,269.999,181.5,181.5,-0.949,-0.001,-0.05,-0.001,36,0,1,1,0,0,0,0,222.552,270,-2.5,0,0,0,0,0,0,0,0,0,149.747,258.472,354,141,0.868,-0.292,0.05,-0.005,58,423.5,230,2.5,0,0,0,0,0,0,0,0,0,2413

Main.js:462 339.782,269.995,183,183,-0.949,-0.004,-0.05,-0.003,35,0,1,1,0,0,0,0,220.052,270,-2.5,0,0,0,0,0,0,0,0,0,150.618,258.191,355.5,141,0.872,-0.281,0.05,-0.004,57,426,230,2.5,0,0,0,0,0,0,0,0,0,2433

Main.js:462 338.833,269.988,184.5,184.5,-0.949,-0.007,-0.05,-0.004,34,0,1,1,0,0,0,0,217.552,270,-2.5,0,0,0,0,0,0,0,0,0,151.494,257.921,357,141,0.875,-0.27,0.05,-0.003,56,428.5,230,2.5,0,0,0,0,0,0,0,0,0,2447

Main.js:462 337.885,269.976,186,186,-0.949,-0.012,-0.05,-0.005,33,0,1,1,0,0,0,0,215.052,270,-2.5,0,0,0,0,0,0,0,0,0,152.373,257.663,358.5,141,0.879,-0.258,0.05,-0.001,55,431,230,2.5,0,0,0,0,0,0,0,0,0,2464

Main.js:462 336.936,269.959,187.5,187.5,-0.948,-0.017,-0.05,-0.007,32,0,1,1,0,0,0,0,212.552,270,-2.5,0,0,0,0,0,0,0,0,0,153.255,257.418,0,141,0.883,-0.245,0.05,0,54,433.5,230,2.5,0,0,0,0,0,0,0,0,0,2482

Main.js:462 335.989,269.935,189,189,-0.948,-0.024,-0.049,-0.008,31,0,1,1,0,0,0,0,210.052,270,-2.5,0,0,0,0,0,0,0,0,0,154.142,257.187,1.5,141,0.886,-0.231,0.05,0.001,53,436,230,2.5,0,0,0,0,0,0,0,0,0,2497

Main.js:462 335.041,269.903,190.5,190.5,-0.947,-0.031,-0.049,-0.009,30,0,1,1,0,0,0,0,207.552,270,-2.5,0,0,0,0,0,0,0,0,0,155.031,256.97,3,141,0.889,-0.217,0.05,0.003,52,438.5,230,2.5,0,0,0,0,0,0,0,0,0,2514

Main.js:462 334.095,269.863,192,192,-0.946,-0.04,-0.049,-0.01,29,0,1,1,0,0,0,0,205.052,270,-2.5,0,0,0,0,0,0,0,0,0,155.923,256.766,3,139.5,0.892,-0.204,0.05,0.003,51,441,230,2.5,0,0,0,0,0,0,0,0,0,2533

Main.js:462 333.15,269.815,193.5,193.5,-0.945,-0.049,-0.049,-0.012,28,0,1,1,0,0,0,0,202.552,270,-2.5,0,0,0,0,0,0,0,0,0,156.818,256.575,3,138,0.895,-0.191,0.05,0.003,50,443.5,230,2.5,0,0,0,0,0,0,0,0,0,2547

Main.js:462 332.206,269.756,195,195,-0.944,-0.059,-0.048,-0.013,27,0,1,1,0,0,0,0,200.052,270,-2.5,0,0,0,0,0,0,0,0,0,157.716,256.396,3,136.5,0.898,-0.179,0.05,0.003,49,446,230,2.5,0,0,0,0,0,0,0,0,0,2564

Main.js:462 331.264,269.687,196.5,196.5,-0.942,-0.069,-0.048,-0.014,26,0,1,1,0,0,0,0,197.552,270,-2.5,0,0,0,0,0,0,0,0,0,158.616,256.228,3,135,0.9,-0.168,0.05,0.003,48,448.5,230,2.5,0,0,0,0,0,0,0,0,0,2580

Main.js:462 330.324,269.607,196.5,196.5,-0.941,-0.079,-0.048,-0.014,25,0,0,1,0,0,0,0,195.052,270,-2.5,0,0,0,0,0,0,0,0,0,159.518,256.071,3,133.5,0.903,-0.157,0.05,0.003,47,451,230,2.5,0,0,0,0,0,0,0,0,0,2598

Main.js:462 329.385,269.519,196.5,196.5,-0.939,-0.089,-0.048,-0.014,24,0,0,1,0,0,0,0,192.552,270,-2.5,0,0,0,0,0,0,0,0,0,160.423,255.925,3,132,0.905,-0.147,0.05,0.003,46,453.5,230,2.5,0,0,0,0,0,0,0,0,0,2615

Main.js:462 328.447,269.421,196.5,196.5,-0.938,-0.098,-0.048,-0.014,23,0,0,1,0,0,0,0,190.052,270,-2.5,0,0,0,0,0,0,0,0,0,161.33,255.788,3,130.5,0.907,-0.137,0.05,0.003,45,456,230,2.5,0,0,0,0,0,0,0,0,0,2630

Main.js:462 327.511,269.314,196.5,196.5,-0.936,-0.106,-0.048,-0.014,22,0,0,1,0,0,0,0,187.552,270,-2.5,0,0,0,0,0,0,0,0,0,162.24,255.66,3,129,0.909,-0.127,0.05,0.003,44,458.5,230,2.5,0,0,0,0,0,0,0,0,0,2647

Main.js:462 326.576,269.2,196.5,196.5,-0.935,-0.115,-0.048,-0.014,21,0,0,1,0,0,0,0,185.052,270,-2.5,0,0,0,0,0,0,0,0,0,163.151,255.542,3,127.5,0.911,-0.119,0.05,0.003,43,461,230,2.5,0,0,0,0,0,0,0,0,0,2664

Main.js:462 325.642,269.077,196.5,196.5,-0.934,-0.122,-0.048,-0.014,20,0,0,1,0,0,0,0,182.552,270,-2.5,0,0,0,0,0,0,0,0,0,164.064,255.432,3,126,0.913,-0.11,0.05,0.003,42,463.5,230,2.5,0,0,0,0,0,0,0,0,0,2680

Main.js:462 324.709,268.948,196.5,196.5,-0.933,-0.13,-0.048,-0.014,19,0,0,1,0,0,0,0,180.052,270,-2.5,0,0,0,0,0,0,0,0,0,164.979,255.33,3,124.5,0.915,-0.102,0.05,0.003,41,466,230,2.5,0,0,0,0,0,0,0,0,0,2697

Main.js:462 323.777,268.811,196.5,196.5,-0.932,-0.137,-0.048,-0.014,18,0,0,1,0,0,0,0,180.052,270,-2.5,0,0,0,0,0,0,0,0,0,165.895,255.235,3,123,0.917,-0.095,0.05,0.003,40,466,230,2.5,0,0,0,0,0,0,0,0,0,2715

