Main.js:143 myTank.x,myTank.y,myTank.rotation,myTank.cannonRotation,myTank.velocityX,myTank.velocityY,myTank.accelerationX,myTank.accelerationY,myTank.shootCooldown,myTank.controls.turnLeft,myTank.controls.turnRight,myTank.controls.goForward,myTank.controls.goBack,myTank.controls.shoot,myTank.controls.cannonLeft,myTank.controls.cannonRight,myBullet1.x,myBullet1.y,myBullet1.velocityX,myBullet1.velocityY,myBullet2.x,myBullet2.y,myBullet2.velocityX,myBullet2.velocityY,myBullet3.x,myBullet3.y,myBullet3.velocityX,myBullet3.velocityY,enemyTank.x,enemyTank.y,enemyTank.rotation,enemyTank.cannonRotation,enemyTank.velocityX,enemyTank.velocityY,enemyTank.accelerationX,enemyTank.accelerationY,enemyTank.shootCooldown,enemyBullet1.x,enemyBullet1.y,enemyBullet1.velocityX,enemyBullet1.velocityY,enemyBullet2.x,enemyBullet2.y,enemyBullet2.velocityX,enemyBullet2.velocityY,enemyBullet3.x,enemyBullet3.y,enemyBullet3.velocityX,enemyBullet3.velocityY,currentGameTime
Main.js:462 450,338,180,180,0,0,0,0,0,0,0,0,0,0,0,0,0,0,0,0,0,0,0,0,0,0,0,0,50,162,0,0,0,0,0,0,0,0,0,0,0,0,0,0,0,0,0,0,0,6

Main.js:462 450,338,180,180,0,0,0,0,0,0,0,0,0,0,0,0,0,0,0,0,0,0,0,0,0,0,0,0,50,162,0,0,0,0,0,0,0,0,0,0,0,0,0,0,0,0,0,0,0,32

Main.js:462 450,338,180,180,0,0,0,0,0,0,0,0,0,0,0,0,0,0,0,0,0,0,0,0,0,0,0,0,50.047,162.001,1.5,0,0.047,0.001,0.05,0.001,99,0,0,0,0,0,0,0,0,0,0,0,0,48

Main.js:462 450,338,180,180,0,0,0,0,0,0,0,0,0,0,0,0,0,0,0,0,0,0,0,0,0,0,0,0,50.14,162.005,3,0,0.093,0.004,0.05,0.003,98,73.5,162,2.5,0,0,0,0,0,0,0,0,0,65

Main.js:462 450,338,180,180,0,0,0,0,0,0,0,0,0,0,0,0,0,0,0,0,0,0,0,0,0,0,0,0,50.275,162.012,4.5,0,0.135,0.007,0.05,0.004,97,76,162,2.5,0,0,0,0,0,0,0,0,0,82

Main.js:462 450,338,180,180,0,0,0,0,0,0,0,0,0,0,0,0,0,0,0,0,0,0,0,0,0,0,0,0,50.451,162.024,6,0,0.176,0.012,0.05,0.005,96,78.5,162,2.5,0,0,0,0,0,0,0,0,0,99

Main.js:462 450,338,180,180,0,0,0,0,0,0,0,0,0,0,0,0,0,0,0,0,0,0,0,0,0,0,0,0,50.665,162.041,7.5,0,0.214,0.017,0.05,0.007,95,81,162,2.5,0,0,0,0,0,0,0,0,0,115

Main.js:462 450,338,180,180,0,0,0,0,0,0,0,0,0,0,0,0,0,0,0,0,0,0,0,0,0,0,0,0,50.915,162.065,9,0,0.25,0.024,0.049,0.008,94,83.5,162,2.5,0,0,0,0,0,0,0,0,0,131

Main.js:462 450,338,180,180,0,0,0,0,0,0,0,0,0,0,0,0,0,0,0,0,0,0,0,0,0,0,0,0,51.2,162.097,10.5,0,0.284,0.031,0.049,0.009,93,86,162,2.5,0,0,0,0,0,0,0,0,0,148

Main.js:462 450,338,180,180,0,0,0,0,0,0,0,0,0,0,0,0,0,0,0,0,0,0,0,0,0,0,0,0,51.517,162.137,12,0,0.317,0.04,0.049,0.01,92,88.5,162,2.5,0,0,0,0,0,0,0,0,0,166

Main.js:462 450,338,180,180,0,0,0,0,0,0,0,0,0,0,0,0,0,0,0,0,0,0,0,0,0,0,0,0,51.864,162.185,13.5,0,0.347,0.049,0.049,0.012,91,91,162,2.5,0,0,0,0,0,0,0,0,0,182

Main.js:462 450,338,180,180,0,0,0,0,0,0,0,0,0,0,0,0,0,0,0,0,0,0,0,0,0,0,0,0,52.239,162.244,15,0,0.376,0.059,0.048,0.013,90,93.5,162,2.5,0,0,0,0,0,0,0,0,0,230

Main.js:462 450,338,180,180,0,0,0,0,0,0,0,0,0,0,0,0,0,0,0,0,0,0,0,0,0,0,0,0,52.641,162.313,16.5,0,0.402,0.069,0.048,0.014,89,96,162,2.5,0,0,0,0,0,0,0,0,0,248

Main.js:462 450,338,180,180,0,0,0,0,0,0,0,0,0,0,0,0,0,0,0,0,0,0,0,0,0,0,0,0,53.069,162.394,18,0,0.427,0.08,0.048,0.015,88,98.5,162,2.5,0,0,0,0,0,0,0,0,0,264

Main.js:462 450,338,180,180,0,0,0,0,0,0,0,0,0,0,0,0,0,0,0,0,0,0,0,0,0,0,0,0,53.52,162.486,19.5,0,0.451,0.092,0.047,0.017,87,101,162,2.5,0,0,0,0,0,0,0,0,0,282

Main.js:462 450,338,180,180,0,0,0,0,0,0,0,0,0,0,0,0,0,0,0,0,0,0,0,0,0,0,0,0,53.992,162.591,21,0,0.473,0.105,0.047,0.018,86,103.5,162,2.5,0,0,0,0,0,0,0,0,0,298

Main.js:462 450,338,180,180,0,0,0,0,0,0,0,0,0,0,0,0,0,0,0,0,0,0,0,0,0,0,0,0,54.485,162.708,22.5,0,0.493,0.118,0.046,0.019,85,106,162,2.5,0,0,0,0,0,0,0,0,0,314

Main.js:462 450,338,180,180,0,0,0,0,0,0,0,0,0,0,0,0,0,0,0,0,0,0,0,0,0,0,0,0,54.997,162.84,24,0,0.512,0.131,0.046,0.02,84,108.5,162,2.5,0,0,0,0,0,0,0,0,0,331

Main.js:462 450,338,180,180,0,0,0,0,0,0,0,0,0,0,0,0,0,0,0,0,0,0,0,0,0,0,0,0,55.526,162.985,25.5,0,0.529,0.145,0.045,0.022,83,111,162,2.5,0,0,0,0,0,0,0,0,0,347

Main.js:462 450,338,180,180,0,0,0,0,0,0,0,0,0,0,0,0,0,0,0,0,0,0,0,0,0,0,0,0,56.07,163.144,27,0,0.545,0.159,0.045,0.023,82,113.5,162,2.5,0,0,0,0,0,0,0,0,0,365

Main.js:462 450,338,180,180,0,0,0,0,0,0,0,0,0,0,0,0,0,0,0,0,0,0,0,0,0,0,0,0,56.63,163.318,28.5,0,0.559,0.174,0.044,0.024,81,116,162,2.5,0,0,0,0,0,0,0,0,0,382

Main.js:462 449.953,338,180,180,-0.047,0,-0.05,0,0,0,0,1,0,0,0,0,0,0,0,0,0,0,0,0,0,0,0,0,57.202,163.507,30,0,0.572,0.189,0.043,0.025,80,118.5,162,2.5,0,0,0,0,0,0,0,0,0,399

Main.js:462 449.86,338,180,180,-0.093,0,-0.05,0,0,0,0,1,0,0,0,0,0,0,0,0,0,0,0,0,0,0,0,0,57.787,163.711,31.5,0,0.584,0.204,0.043,0.026,79,121,162,2.5,0,0,0,0,0,0,0,0,0,415

Main.js:462 449.724,338,180,180,-0.135,0,-0.05,0,0,0,0,1,0,0,0,0,0,0,0,0,0,0,0,0,0,0,0,0,58.382,163.931,33,0,0.595,0.22,0.042,0.027,78,123.5,162,2.5,0,0,0,0,0,0,0,0,0,432

Main.js:462 449.548,338,180,180,-0.176,0,-0.05,0,0,0,0,1,0,0,0,0,0,0,0,0,0,0,0,0,0,0,0,0,58.986,164.167,34.5,0,0.604,0.236,0.041,0.028,77,126,162,2.5,0,0,0,0,0,0,0,0,0,448

Main.js:462 449.333,338,180,180,-0.215,0,-0.05,0,0,0,0,1,0,0,0,0,0,0,0,0,0,0,0,0,0,0,0,0,59.598,164.419,36,0,0.613,0.252,0.04,0.029,76,128.5,162,2.5,0,0,0,0,0,0,0,0,0,464

Main.js:462 449.082,338,180,180,-0.252,0,-0.05,0,0,0,0,1,0,0,0,0,0,0,0,0,0,0,0,0,0,0,0,0,60.218,164.688,37.5,0,0.62,0.268,0.04,0.03,75,131,162,2.5,0,0,0,0,0,0,0,0,0,482

Main.js:462 448.795,338,180,180,-0.287,0,-0.05,0,0,0,0,1,0,0,0,0,0,0,0,0,0,0,0,0,0,0,0,0,60.844,164.973,39,0,0.626,0.285,0.039,0.031,74,133.5,162,2.5,0,0,0,0,0,0,0,0,0,499

Main.js:462 448.475,338,180,180,-0.32,0,-0.05,0,0,0,0,1,0,0,0,0,0,0,0,0,0,0,0,0,0,0,0,0,61.474,165.274,40.5,0,0.63,0.301,0.038,0.032,73,136,162,2.5,0,0,0,0,0,0,0,0,0,515

Main.js:462 448.124,338,180,180,-0.351,0,-0.05,0,0,0,0,1,0,0,0,0,0,0,0,0,0,0,0,0,0,0,0,0,62.109,165.591,40.5,358.5,0.635,0.317,0.038,0.032,72,138.5,162,2.5,0,0,0,0,0,0,0,0,0,532

Main.js:462 447.743,338,180,180,-0.381,0,-0.05,0,0,0,0,1,0,0,0,0,0,0,0,0,0,0,0,0,0,0,0,0,62.748,165.924,40.5,357,0.639,0.332,0.038,0.032,71,141,162,2.5,0,0,0,0,0,0,0,0,0,549

Main.js:462 447.333,338,180,180,-0.41,0,-0.05,0,0,0,0,1,0,0,0,0,0,0,0,0,0,0,0,0,0,0,0,0,63.392,166.27,40.5,355.5,0.644,0.346,0.038,0.032,70,143.5,162,2.5,0,0,0,0,0,0,0,0,0,564

Main.js:462 446.897,337.999,181.5,181.5,-0.437,-0.001,-0.05,-0.001,0,0,1,1,0,0,0,0,0,0,0,0,0,0,0,0,0,0,0,0,64.039,166.63,40.5,354,0.647,0.36,0.038,0.032,69,146,162,2.5,0,0,0,0,0,0,0,0,0,581

Main.js:462 446.434,337.995,183,183,-0.462,-0.004,-0.05,-0.003,0,0,1,1,0,0,0,0,0,0,0,0,0,0,0,0,0,0,0,0,64.691,167.003,40.5,352.5,0.651,0.373,0.038,0.032,68,148.5,162,2.5,0,0,0,0,0,0,0,0,0,600

Main.js:462 445.948,337.988,184.5,184.5,-0.486,-0.007,-0.05,-0.004,0,0,1,1,0,0,0,0,0,0,0,0,0,0,0,0,0,0,0,0,65.345,167.388,40.5,351,0.655,0.385,0.038,0.032,67,151,162,2.5,0,0,0,0,0,0,0,0,0,615

Main.js:462 445.438,337.976,186,186,-0.509,-0.012,-0.05,-0.005,0,0,1,1,0,0,0,0,0,0,0,0,0,0,0,0,0,0,0,0,66.003,167.785,40.5,349.5,0.658,0.397,0.038,0.032,66,153.5,162,2.5,0,0,0,0,0,0,0,0,0,631

Main.js:462 444.907,337.959,187.5,187.5,-0.531,-0.017,-0.05,-0.007,0,0,1,1,0,0,0,0,0,0,0,0,0,0,0,0,0,0,0,0,66.665,168.192,40.5,348,0.661,0.408,0.038,0.032,65,156,162,2.5,0,0,0,0,0,0,0,0,0,649

Main.js:462 444.356,337.935,189,189,-0.551,-0.024,-0.049,-0.008,0,0,1,1,0,0,0,0,0,0,0,0,0,0,0,0,0,0,0,0,67.329,168.61,40.5,346.5,0.664,0.418,0.038,0.032,64,158.5,162,2.5,0,0,0,0,0,0,0,0,0,665

Main.js:462 443.785,337.903,190.5,190.5,-0.571,-0.031,-0.049,-0.009,0,0,1,1,0,0,0,0,0,0,0,0,0,0,0,0,0,0,0,0,67.997,169.039,40.5,345,0.667,0.428,0.038,0.032,63,161,162,2.5,0,0,0,0,0,0,0,0,0,683

Main.js:462 443.197,337.863,192,192,-0.588,-0.04,-0.049,-0.01,0,0,1,1,0,0,0,0,0,0,0,0,0,0,0,0,0,0,0,0,68.667,169.476,40.5,343.5,0.67,0.438,0.038,0.032,62,163.5,162,2.5,0,0,0,0,0,0,0,0,0,699

Main.js:462 442.592,337.815,193.5,193.5,-0.605,-0.049,-0.049,-0.012,0,0,1,1,0,0,0,0,0,0,0,0,0,0,0,0,0,0,0,0,69.339,169.923,40.5,342,0.673,0.446,0.038,0.032,61,166,162,2.5,0,0,0,0,0,0,0,0,0,717

Main.js:462 441.971,337.756,195,195,-0.621,-0.059,-0.048,-0.013,0,0,1,1,0,0,0,0,0,0,0,0,0,0,0,0,0,0,0,0,70.014,170.378,40.5,340.5,0.675,0.455,0.038,0.032,60,168.5,162,2.5,0,0,0,0,0,0,0,0,0,733

Main.js:462 441.335,337.688,195,195,-0.636,-0.068,-0.048,-0.013,0,0,0,1,0,0,0,0,0,0,0,0,0,0,0,0,0,0,0,0,70.692,170.841,40.5,339,0.678,0.463,0.038,0.032,59,171,162,2.5,0,0,0,0,0,0,0,0,0,748

Main.js:462 440.685,337.611,195,195,-0.65,-0.077,-0.048,-0.013,0,0,0,1,0,0,0,0,0,0,0,0,0,0,0,0,0,0,0,0,71.372,171.312,40.5,337.5,0.68,0.471,0.038,0.032,58,173.5,162,2.5,0,0,0,0,0,0,0,0,0,764

Main.js:462 440.022,337.526,195,195,-0.663,-0.085,-0.048,-0.013,0,0,0,1,0,0,0,0,0,0,0,0,0,0,0,0,0,0,0,0,72.054,171.79,40.5,336,0.682,0.478,0.038,0.032,57,176,162,2.5,0,0,0,0,0,0,0,0,0,781

Main.js:462 439.346,337.432,195,195,-0.676,-0.093,-0.048,-0.013,0,0,0,1,0,0,0,0,0,0,0,0,0,0,0,0,0,0,0,0,72.738,172.275,40.5,334.5,0.684,0.485,0.038,0.032,56,178.5,162,2.5,0,0,0,0,0,0,0,0,0,799

Main.js:462 438.658,337.331,195,195,-0.688,-0.101,-0.048,-0.013,0,0,0,1,0,0,0,0,0,0,0,0,0,0,0,0,0,0,0,0,73.423,172.766,40.5,333,0.686,0.492,0.038,0.032,55,181,162,2.5,0,0,0,0,0,0,0,0,0,816

Main.js:462 437.959,337.223,195,195,-0.699,-0.108,-0.048,-0.013,0,0,0,1,0,0,0,0,0,0,0,0,0,0,0,0,0,0,0,0,74.111,173.264,40.5,331.5,0.688,0.498,0.038,0.032,54,183.5,162,2.5,0,0,0,0,0,0,0,0,0,832

Main.js:462 437.249,337.108,195,195,-0.71,-0.115,-0.048,-0.013,0,0,0,1,0,0,0,0,0,0,0,0,0,0,0,0,0,0,0,0,74.801,173.768,40.5,330,0.689,0.504,0.038,0.032,53,186,162,2.5,0,0,0,0,0,0,0,0,0,848

Main.js:462 436.528,336.986,195,195,-0.721,-0.122,-0.048,-0.013,0,0,0,1,0,0,0,0,0,0,0,0,0,0,0,0,0,0,0,0,75.492,174.278,40.5,328.5,0.691,0.51,0.038,0.032,52,188.5,162,2.5,0,0,0,0,0,0,0,0,0,867

Main.js:462 435.797,336.858,195,195,-0.731,-0.128,-0.048,-0.013,0,0,0,1,0,0,0,0,0,0,0,0,0,0,0,0,0,0,0,0,76.184,174.793,40.5,327,0.693,0.515,0.038,0.032,51,191,162,2.5,0,0,0,0,0,0,0,0,0,882

Main.js:462 435.057,336.724,195,195,-0.74,-0.134,-0.048,-0.013,0,0,0,1,0,0,0,0,0,0,0,0,0,0,0,0,0,0,0,0,76.878,175.313,40.5,325.5,0.694,0.52,0.038,0.032,50,193.5,162,2.5,0,0,0,0,0,0,0,0,0,898

Main.js:462 434.308,336.585,195,195,-0.749,-0.139,-0.048,-0.013,0,0,0,1,0,0,0,0,0,0,0,0,0,0,0,0,0,0,0,0,77.574,175.837,40.5,324,0.696,0.525,0.038,0.032,49,196,162,2.5,0,0,0,0,0,0,0,0,0,915

Main.js:462 433.551,336.44,195,195,-0.757,-0.145,-0.048,-0.013,0,0,0,1,0,0,0,0,0,0,0,0,0,0,0,0,0,0,0,0,78.271,176.367,40.5,322.5,0.697,0.529,0.038,0.032,48,198.5,162,2.5,0,0,0,0,0,0,0,0,0,931

Main.js:462 432.786,336.29,195,195,-0.765,-0.15,-0.048,-0.013,0,0,0,1,0,0,0,0,0,0,0,0,0,0,0,0,0,0,0,0,78.969,176.901,40.5,321,0.698,0.534,0.038,0.032,47,201,162,2.5,0,0,0,0,0,0,0,0,0,948

Main.js:462 432.013,336.136,195,195,-0.773,-0.155,-0.048,-0.013,0,0,0,1,0,0,0,0,0,0,0,0,0,0,0,0,0,0,0,0,79.668,177.439,40.5,319.5,0.699,0.538,0.038,0.032,46,203.5,162,2.5,0,0,0,0,0,0,0,0,0,964

Main.js:462 431.233,335.977,195,195,-0.78,-0.159,-0.048,-0.013,0,0,0,1,0,0,0,0,0,0,0,0,0,0,0,0,0,0,0,0,80.369,177.981,40.5,318,0.701,0.542,0.038,0.032,45,206,162,2.5,0,0,0,0,0,0,0,0,0,981

Main.js:462 430.446,335.813,195,195,-0.787,-0.163,-0.048,-0.013,0,0,0,1,0,0,0,0,0,0,0,0,0,0,0,0,0,0,0,0,81.07,178.526,40.5,316.5,0.702,0.546,0.038,0.032,44,208.5,162,2.5,0,0,0,0,0,0,0,0,0,998

Main.js:462 429.653,335.644,196.5,196.5,-0.793,-0.169,-0.048,-0.014,0,0,1,1,0,0,0,0,0,0,0,0,0,0,0,0,0,0,0,0,81.773,179.076,40.5,315,0.703,0.549,0.038,0.032,43,211,162,2.5,0,0,0,0,0,0,0,0,0,1015

Main.js:462 428.854,335.469,198,198,-0.799,-0.175,-0.048,-0.015,0,0,1,1,0,0,0,0,0,0,0,0,0,0,0,0,0,0,0,0,82.477,179.627,39,312,0.704,0.552,0.039,0.031,42,213.5,162,2.5,0,0,0,0,0,0,0,0,0,1031

Main.js:462 428.05,335.287,199.5,199.5,-0.804,-0.182,-0.047,-0.017,0,0,1,1,0,0,0,0,0,0,0,0,0,0,0,0,0,0,0,0,83.184,180.18,37.5,309,0.707,0.553,0.04,0.03,41,216,162,2.5,0,0,0,0,0,0,0,0,0,1049

Main.js:462 427.243,335.097,201,201,-0.808,-0.19,-0.047,-0.018,0,0,1,1,0,0,0,0,0,0,0,0,0,0,0,0,0,0,0,0,83.894,180.734,36,306,0.71,0.553,0.04,0.029,40,218.5,162,2.5,0,0,0,0,0,0,0,0,0,1065

Main.js:462 426.432,334.898,202.5,202.5,-0.811,-0.199,-0.046,-0.019,0,0,1,1,0,0,0,0,0,0,0,0,0,0,0,0,0,0,0,0,84.608,181.286,34.5,303,0.714,0.553,0.041,0.028,39,221,162,2.5,0,0,0,0,0,0,0,0,0,1082

Main.js:462 425.617,334.69,204,204,-0.814,-0.208,-0.046,-0.02,0,0,1,1,0,0,0,0,0,0,0,0,0,0,0,0,0,0,0,0,85.326,181.837,33,300,0.718,0.551,0.042,0.027,38,223.5,162,2.5,0,0,0,0,0,0,0,0,0,1097

Main.js:462 424.801,334.472,205.5,205.5,-0.816,-0.218,-0.045,-0.022,0,0,1,1,0,0,0,0,0,0,0,0,0,0,0,0,0,0,0,0,86.048,182.385,31.5,297,0.722,0.548,0.043,0.026,37,226,162,2.5,0,0,0,0,0,0,0,0,0,1114

Main.js:462 423.983,334.243,207,207,-0.818,-0.229,-0.045,-0.023,0,0,1,1,0,0,0,0,0,0,0,0,0,0,0,0,0,0,0,0,86.775,182.929,30,294,0.727,0.544,0.043,0.025,36,228.5,162,2.5,0,0,0,0,0,0,0,0,0,1132

Main.js:462 423.165,334.003,208.5,208.5,-0.819,-0.24,-0.044,-0.024,0,0,1,1,0,0,0,0,0,0,0,0,0,0,0,0,0,0,0,0,87.508,183.469,28.5,291,0.733,0.54,0.044,0.024,35,231,162,2.5,0,0,0,0,0,0,0,0,0,1150

Main.js:462 422.346,333.751,210,210,-0.819,-0.252,-0.043,-0.025,0,0,1,1,0,0,0,0,0,0,0,0,0,0,0,0,0,0,0,0,88.247,184.004,27,288,0.738,0.534,0.045,0.023,34,233.5,162,2.5,0,0,0,0,0,0,0,0,0,1165

Main.js:462 421.527,333.488,210,210,-0.819,-0.263,-0.043,-0.025,0,0,0,1,0,0,0,0,0,0,0,0,0,0,0,0,0,0,0,0,88.991,184.532,25.5,285,0.744,0.528,0.045,0.022,33,236,162,2.5,0,0,0,0,0,0,0,0,0,1181

Main.js:462 420.708,333.215,210,210,-0.819,-0.274,-0.043,-0.025,0,0,0,1,0,0,0,0,0,0,0,0,0,0,0,0,0,0,0,0,89.742,185.053,24,282,0.751,0.521,0.046,0.02,32,238.5,162,2.5,0,0,0,0,0,0,0,0,0,1198

Main.js:462 419.889,332.931,210,210,-0.819,-0.284,-0.043,-0.025,0,0,0,1,0,0,0,0,0,0,0,0,0,0,0,0,0,0,0,0,90.499,185.566,22.5,279,0.757,0.513,0.046,0.019,31,241,162,2.5,0,0,0,0,0,0,0,0,0,1216

Main.js:462 419.069,332.638,210,210,-0.82,-0.293,-0.043,-0.025,0,0,0,1,0,0,0,0,0,0,0,0,0,0,0,0,0,0,0,0,91.262,186.071,21,276,0.763,0.505,0.047,0.018,30,243.5,162,2.5,0,0,0,0,0,0,0,0,0,1232

Main.js:462 418.249,332.336,210,210,-0.82,-0.302,-0.043,-0.025,0,0,0,1,0,0,0,0,0,0,0,0,0,0,0,0,0,0,0,0,92.032,186.566,19.5,273,0.77,0.495,0.047,0.017,29,246,162,2.5,0,0,0,0,0,0,0,0,0,1247

Main.js:462 417.43,332.025,210,210,-0.82,-0.311,-0.043,-0.025,0,0,0,1,0,0,0,0,0,0,0,0,0,0,0,0,0,0,0,0,92.809,187.051,18,270,0.777,0.485,0.048,0.015,28,248.5,162,2.5,0,0,0,0,0,0,0,0,0,1264

Main.js:462 416.61,331.706,210,210,-0.82,-0.319,-0.043,-0.025,0,0,0,1,0,0,0,0,0,0,0,0,0,0,0,0,0,0,0,0,93.592,187.525,16.5,267,0.783,0.474,0.048,0.014,27,251,162,2.5,0,0,0,0,0,0,0,0,0,1282

Main.js:462 415.789,331.379,210,210,-0.82,-0.327,-0.043,-0.025,0,0,0,1,0,0,0,0,0,0,0,0,0,0,0,0,0,0,0,0,94.382,187.988,15,264,0.79,0.463,0.048,0.013,26,253.5,162,2.5,0,0,0,0,0,0,0,0,0,1298

Main.js:462 414.969,331.044,210,210,-0.82,-0.334,-0.043,-0.025,0,0,0,1,0,0,0,0,0,0,0,0,0,0,0,0,0,0,0,0,95.179,188.439,13.5,261,0.797,0.451,0.049,0.012,25,256,162,2.5,0,0,0,0,0,0,0,0,0,1314

Main.js:462 414.149,330.703,210,210,-0.82,-0.341,-0.043,-0.025,0,0,0,1,0,0,0,0,0,0,0,0,0,0,0,0,0,0,0,0,95.983,188.877,12,258,0.803,0.438,0.049,0.01,24,258.5,162,2.5,0,0,0,0,0,0,0,0,0,1332

Main.js:462 413.328,330.355,210,210,-0.82,-0.348,-0.043,-0.025,99,0,0,1,0,1,0,0,0,0,0,0,0,0,0,0,0,0,0,0,96.793,189.302,10.5,255,0.81,0.425,0.049,0.009,23,261,162,2.5,0,0,0,0,0,0,0,0,0,1348

Main.js:462 412.508,330.001,210,210,-0.821,-0.354,-0.043,-0.025,98,0,0,1,0,1,0,0,393.797,318.953,-2.165,-1.25,0,0,0,0,0,0,0,0,97.609,189.713,9,252,0.816,0.411,0.049,0.008,22,263.5,162,2.5,0,0,0,0,0,0,0,0,0,1365

Main.js:462 411.687,329.64,210,210,-0.821,-0.36,-0.043,-0.025,97,0,0,1,0,1,0,0,391.632,317.703,-2.165,-1.25,0,0,0,0,0,0,0,0,98.432,190.11,7.5,249,0.823,0.397,0.05,0.007,21,266,162,2.5,0,0,0,0,0,0,0,0,0,1382

Main.js:462 410.866,329.274,210,210,-0.821,-0.366,-0.043,-0.025,96,0,0,1,0,1,0,0,389.467,316.453,-2.165,-1.25,0,0,0,0,0,0,0,0,99.26,190.492,6,246,0.829,0.382,0.05,0.005,20,268.5,162,2.5,0,0,0,0,0,0,0,0,0,1398

Main.js:462 410.045,328.902,210,210,-0.821,-0.372,-0.043,-0.025,95,0,0,1,0,1,0,0,387.302,315.203,-2.165,-1.25,0,0,0,0,0,0,0,0,100.095,190.858,4.5,243,0.835,0.367,0.05,0.004,19,271,162,2.5,0,0,0,0,0,0,0,0,0,1415

Main.js:462 409.224,328.526,210,210,-0.821,-0.377,-0.043,-0.025,94,0,0,1,0,1,0,0,385.137,313.953,-2.165,-1.25,0,0,0,0,0,0,0,0,100.935,191.209,3,240,0.84,0.351,0.05,0.003,18,273.5,162,2.5,0,0,0,0,0,0,0,0,0,1432

Main.js:462 408.403,328.144,210,210,-0.821,-0.382,-0.043,-0.025,93,0,0,1,0,1,0,0,382.972,312.703,-2.165,-1.25,0,0,0,0,0,0,0,0,101.781,191.543,1.5,237,0.846,0.334,0.05,0.001,17,276,162,2.5,0,0,0,0,0,0,0,0,0,1447

Main.js:462 407.582,327.758,210,210,-0.821,-0.386,-0.043,-0.025,92,0,0,1,0,0,0,0,380.807,311.453,-2.165,-1.25,0,0,0,0,0,0,0,0,102.632,191.861,0,234,0.851,0.318,0.05,0,16,278.5,162,2.5,0,0,0,0,0,0,0,0,0,1466

Main.js:462 406.761,327.367,210,210,-0.821,-0.391,-0.043,-0.025,91,0,0,1,0,0,0,0,378.642,310.203,-2.165,-1.25,0,0,0,0,0,0,0,0,103.488,192.162,358.5,231,0.856,0.301,0.05,-0.001,15,281,162,2.5,0,0,0,0,0,0,0,0,0,1497

Main.js:462 405.939,326.972,210,210,-0.821,-0.395,-0.043,-0.025,90,0,0,1,0,0,0,0,376.477,308.953,-2.165,-1.25,0,0,0,0,0,0,0,0,104.349,192.445,357,228,0.861,0.283,0.05,-0.003,14,283.5,162,2.5,0,0,0,0,0,0,0,0,0,1514

Main.js:462 405.118,326.573,210,210,-0.821,-0.399,-0.043,-0.025,89,0,0,1,0,0,0,0,374.312,307.703,-2.165,-1.25,0,0,0,0,0,0,0,0,105.214,192.71,355.5,225,0.865,0.265,0.05,-0.004,13,286,162,2.5,0,0,0,0,0,0,0,0,0,1532

Main.js:462 404.297,326.17,210,210,-0.821,-0.403,-0.043,-0.025,88,0,0,1,0,0,0,0,372.147,306.453,-2.165,-1.25,0,0,0,0,0,0,0,0,106.083,192.957,354,222,0.869,0.247,0.05,-0.005,12,288.5,162,2.5,0,0,0,0,0,0,0,0,0,1548

Main.js:462 403.475,325.764,210,210,-0.822,-0.406,-0.043,-0.025,87,0,0,1,0,0,0,0,369.982,305.203,-2.165,-1.25,0,0,0,0,0,0,0,0,106.955,193.185,352.5,219,0.873,0.228,0.05,-0.007,11,291,162,2.5,0,0,0,0,0,0,0,0,0,1565

Main.js:462 402.654,325.354,210,210,-0.822,-0.41,-0.043,-0.025,86,0,0,1,0,0,0,0,367.816,303.953,-2.165,-1.25,0,0,0,0,0,0,0,0,107.831,193.395,351,216,0.876,0.21,0.049,-0.008,10,293.5,162,2.5,0,0,0,0,0,0,0,0,0,1582

Main.js:462 401.832,324.941,210,210,-0.822,-0.413,-0.043,-0.025,85,0,0,1,0,0,0,0,365.651,302.703,-2.165,-1.25,0,0,0,0,0,0,0,0,108.71,193.585,349.5,213,0.879,0.19,0.049,-0.009,9,296,162,2.5,0,0,0,0,0,0,0,0,0,1598

Main.js:462 401.01,324.525,210,210,-0.822,-0.416,-0.043,-0.025,84,0,0,1,0,0,0,0,363.486,301.453,-2.165,-1.25,0,0,0,0,0,0,0,0,109.591,193.756,348,210,0.881,0.171,0.049,-0.01,8,298.5,162,2.5,0,0,0,0,0,0,0,0,0,1615

Main.js:462 400.188,324.105,210,210,-0.822,-0.419,-0.043,-0.025,83,0,0,1,0,0,0,0,361.321,300.203,-2.165,-1.25,0,0,0,0,0,0,0,0,110.475,193.907,346.5,207,0.883,0.151,0.049,-0.012,7,301,162,2.5,0,0,0,0,0,0,0,0,0,1631

Main.js:462 399.367,323.684,210,210,-0.822,-0.422,-0.043,-0.025,82,0,0,1,0,0,0,0,359.156,298.953,-2.165,-1.25,0,0,0,0,0,0,0,0,111.36,194.039,345,204,0.885,0.132,0.048,-0.013,6,303.5,162,2.5,0,0,0,0,0,0,0,0,0,1647

Main.js:462 398.545,323.259,210,210,-0.822,-0.425,-0.043,-0.025,81,0,0,1,0,0,0,0,356.991,297.703,-2.165,-1.25,0,0,0,0,0,0,0,0,112.246,194.15,343.5,201,0.886,0.111,0.048,-0.014,5,306,162,2.5,0,0,0,0,0,0,0,0,0,1666

Main.js:462 397.723,322.832,210,210,-0.822,-0.427,-0.043,-0.025,80,0,0,1,0,0,0,0,354.826,296.453,-2.165,-1.25,0,0,0,0,0,0,0,0,113.134,194.241,342,198,0.887,0.091,0.048,-0.015,4,308.5,162,2.5,0,0,0,0,0,0,0,0,0,1682

Main.js:462 396.901,322.402,210,210,-0.822,-0.429,-0.043,-0.025,79,0,0,1,0,0,0,0,352.661,295.203,-2.165,-1.25,0,0,0,0,0,0,0,0,114.021,194.312,340.5,195,0.888,0.071,0.047,-0.017,3,311,162,2.5,0,0,0,0,0,0,0,0,0,1699

Main.js:462 396.079,321.971,210,210,-0.822,-0.432,-0.043,-0.025,78,0,0,1,0,0,0,0,350.496,293.953,-2.165,-1.25,0,0,0,0,0,0,0,0,114.909,194.362,339,192,0.888,0.05,0.047,-0.018,2,313.5,162,2.5,0,0,0,0,0,0,0,0,0,1714

Main.js:462 395.257,321.537,210,210,-0.822,-0.434,-0.043,-0.025,77,0,0,1,0,0,0,0,348.331,292.703,-2.165,-1.25,0,0,0,0,0,0,0,0,115.796,194.392,337.5,189,0.887,0.03,0.046,-0.019,1,316,162,2.5,0,0,0,0,0,0,0,0,0,1731

Main.js:462 394.435,321.101,210,210,-0.822,-0.436,-0.043,-0.025,76,0,0,1,0,0,0,0,346.166,291.453,-2.165,-1.25,0,0,0,0,0,0,0,0,116.682,194.401,336,186,0.886,0.009,0.046,-0.02,0,318.5,162,2.5,0,0,0,0,0,0,0,0,0,1749

Main.js:462 393.613,320.663,210,210,-0.822,-0.438,-0.043,-0.025,75,0,0,1,0,0,0,0,344.001,290.203,-2.165,-1.25,0,0,0,0,0,0,0,0,117.567,194.389,334.5,183,0.885,-0.012,0.045,-0.022,99,321,162,2.5,0,0,0,0,0,0,0,0,0,1765

Main.js:462 392.791,320.223,210,210,-0.822,-0.44,-0.043,-0.025,74,0,0,1,0,0,0,0,341.836,288.953,-2.165,-1.25,0,0,0,0,0,0,0,0,118.45,194.355,333,180,0.883,-0.033,0.045,-0.023,98,323.5,162,2.5,0,93.214,193.171,-2.497,-0.131,0,0,0,0,1781

Main.js:462 391.969,319.781,210,210,-0.822,-0.442,-0.043,-0.025,73,0,0,1,0,0,0,0,339.671,287.703,-2.165,-1.25,0,0,0,0,0,0,0,0,119.33,194.301,331.5,177,0.88,-0.054,0.044,-0.024,97,326,162,2.5,0,90.718,193.04,-2.497,-0.131,0,0,0,0,1798

Main.js:462 391.147,319.338,210,210,-0.822,-0.443,-0.043,-0.025,72,0,0,1,0,0,0,0,337.506,286.453,-2.165,-1.25,0,0,0,0,0,0,0,0,120.208,194.226,330,174,0.878,-0.075,0.043,-0.025,96,328.5,162,2.5,0,88.221,192.909,-2.497,-0.131,0,0,0,0,1814

Main.js:462 390.324,318.893,210,210,-0.822,-0.445,-0.043,-0.025,71,0,0,1,0,0,0,0,335.34,285.203,-2.165,-1.25,0,0,0,0,0,0,0,0,121.082,194.13,328.5,171,0.874,-0.096,0.043,-0.026,95,331,162,2.5,0,85.725,192.778,-2.497,-0.131,0,0,0,0,1830

Main.js:462 389.502,318.447,210,210,-0.822,-0.446,-0.043,-0.025,70,0,0,1,0,0,0,0,333.175,283.953,-2.165,-1.25,0,0,0,0,0,0,0,0,121.952,194.013,327,168,0.87,-0.117,0.042,-0.027,94,333.5,162,2.5,0,83.228,192.647,-2.497,-0.131,0,0,0,0,1848

Main.js:462 388.68,317.999,210,210,-0.822,-0.448,-0.043,-0.025,69,0,0,1,0,0,0,0,331.01,282.703,-2.165,-1.25,0,0,0,0,0,0,0,0,122.818,193.874,325.5,165,0.866,-0.138,0.041,-0.028,93,336,162,2.5,0,80.732,192.517,-2.497,-0.131,0,0,0,0,1865

Main.js:462 387.858,317.55,210,210,-0.822,-0.449,-0.043,-0.025,68,0,0,1,0,0,0,0,328.845,281.453,-2.165,-1.25,0,0,0,0,0,0,0,0,123.679,193.715,324,162,0.861,-0.159,0.04,-0.029,92,338.5,162,2.5,0,78.235,192.386,-2.497,-0.131,0,0,0,0,1883

Main.js:462 387.035,317.1,210,210,-0.822,-0.45,-0.043,-0.025,67,0,0,1,0,0,0,0,326.68,280.203,-2.165,-1.25,0,0,0,0,0,0,0,0,124.535,193.535,322.5,159,0.856,-0.18,0.04,-0.03,91,341,162,2.5,0,75.738,192.255,-2.497,-0.131,0,0,0,0,1899

Main.js:462 386.213,316.648,210,210,-0.822,-0.452,-0.043,-0.025,66,0,0,1,0,0,0,0,324.515,278.953,-2.165,-1.25,0,0,0,0,0,0,0,0,125.385,193.334,321,156,0.85,-0.201,0.039,-0.031,90,343.5,162,2.5,0,73.242,192.124,-2.497,-0.131,0,0,0,0,1915

Main.js:462 385.391,316.195,210,210,-0.822,-0.453,-0.043,-0.025,65,0,0,1,0,0,0,0,322.35,277.703,-2.165,-1.25,0,0,0,0,0,0,0,0,126.228,193.112,319.5,153,0.843,-0.222,0.038,-0.032,89,346,162,2.5,0,70.745,191.993,-2.497,-0.131,0,0,0,0,1932

Main.js:462 384.568,315.742,210,210,-0.822,-0.454,-0.043,-0.025,64,0,0,1,0,0,0,0,320.185,276.453,-2.165,-1.25,0,0,0,0,0,0,0,0,127.065,192.869,318,150,0.837,-0.243,0.037,-0.033,88,348.5,162,2.5,0,68.249,191.862,-2.497,-0.131,0,0,0,0,1948

Main.js:462 383.746,315.287,210,210,-0.822,-0.455,-0.043,-0.025,63,0,0,1,0,0,0,0,318.02,275.203,-2.165,-1.25,0,0,0,0,0,0,0,0,127.894,192.606,316.5,147,0.829,-0.263,0.036,-0.034,87,351,162,2.5,0,65.752,191.732,-2.497,-0.131,0,0,0,0,1965

Main.js:462 382.924,314.831,210,210,-0.822,-0.456,-0.043,-0.025,62,0,0,1,0,0,0,0,315.855,273.953,-2.165,-1.25,0,0,0,0,0,0,0,0,128.715,192.322,315,144,0.821,-0.284,0.035,-0.035,86,353.5,162,2.5,0,63.256,191.601,-2.497,-0.131,0,0,0,0,1982

Main.js:462 382.101,314.374,210,210,-0.822,-0.457,-0.043,-0.025,61,0,0,1,0,0,0,0,313.69,272.703,-2.165,-1.25,0,0,0,0,0,0,0,0,129.528,192.018,313.5,141,0.813,-0.304,0.034,-0.036,85,356,162,2.5,0,60.759,191.47,-2.497,-0.131,0,0,0,0,1999

Main.js:462 381.279,313.916,210,210,-0.822,-0.458,-0.043,-0.025,60,0,0,1,0,0,0,0,311.525,271.453,-2.165,-1.25,0,0,0,0,0,0,0,0,130.332,191.694,312,138,0.804,-0.324,0.033,-0.037,84,358.5,162,2.5,0,58.262,191.339,-2.497,-0.131,0,0,0,0,2015

Main.js:462 380.456,313.457,210,210,-0.822,-0.459,-0.043,-0.025,59,0,0,1,0,0,0,0,309.36,270.203,-2.165,-1.25,0,0,0,0,0,0,0,0,131.129,191.352,313.5,138,0.797,-0.342,0.034,-0.036,83,361,162,2.5,0,55.766,191.208,-2.497,-0.131,0,0,0,0,2032

Main.js:462 379.634,312.998,210,210,-0.822,-0.459,-0.043,-0.025,58,0,0,1,0,0,0,0,307.195,268.953,-2.165,-1.25,0,0,0,0,0,0,0,0,131.919,190.993,315,138,0.79,-0.359,0.035,-0.035,82,363.5,162,2.5,0,53.269,191.077,-2.497,-0.131,0,0,0,0,2048

Main.js:462 378.811,312.537,210,210,-0.822,-0.46,-0.043,-0.025,57,0,0,1,0,0,0,0,305.03,267.703,-2.165,-1.25,0,0,0,0,0,0,0,0,132.705,190.62,316.5,138,0.785,-0.373,0.036,-0.034,81,366,162,2.5,0,50.773,190.947,-2.497,-0.131,0,0,0,0,2064

Main.js:462 377.989,312.076,210,210,-0.822,-0.461,-0.043,-0.025,56,0,0,1,0,0,0,0,302.865,266.453,-2.165,-1.25,0,0,0,0,0,0,0,0,133.486,190.233,318,138,0.781,-0.387,0.037,-0.033,80,368.5,162,2.5,0,48.276,190.816,-2.497,-0.131,0,0,0,0,2082

Main.js:462 377.166,311.615,210,210,-0.822,-0.462,-0.043,-0.025,55,0,0,1,0,0,0,0,300.699,265.203,-2.165,-1.25,0,0,0,0,0,0,0,0,134.264,189.835,319.5,138,0.778,-0.398,0.038,-0.032,79,371,162,2.5,0,45.78,190.685,-2.497,-0.131,0,0,0,0,2099

Main.js:462 376.344,311.152,210,210,-0.823,-0.462,-0.043,-0.025,54,0,0,1,0,0,0,0,298.534,263.953,-2.165,-1.25,0,0,0,0,0,0,0,0,135.041,189.427,321,138,0.776,-0.408,0.039,-0.031,78,373.5,162,2.5,0,43.283,190.554,-2.497,-0.131,0,0,0,0,2114

Main.js:462 375.521,310.689,210,210,-0.823,-0.463,-0.043,-0.025,53,0,0,1,0,0,0,0,296.369,262.703,-2.165,-1.25,0,0,0,0,0,0,0,0,135.816,189.01,322.5,138,0.775,-0.417,0.04,-0.03,77,376,162,2.5,0,40.786,190.423,-2.497,-0.131,0,0,0,0,2132

Main.js:462 374.699,310.226,210,210,-0.823,-0.464,-0.043,-0.025,52,0,0,1,0,0,0,0,294.204,261.453,-2.165,-1.25,0,0,0,0,0,0,0,0,136.591,188.587,324,138,0.775,-0.424,0.04,-0.029,76,378.5,162,2.5,0,38.29,190.292,-2.497,-0.131,0,0,0,0,2148

Main.js:462 373.876,309.761,210,210,-0.823,-0.464,-0.043,-0.025,51,0,0,1,0,0,0,0,292.039,260.203,-2.165,-1.25,0,0,0,0,0,0,0,0,137.366,188.157,325.5,138,0.775,-0.429,0.041,-0.028,75,381,162,2.5,0,35.793,190.161,-2.497,-0.131,0,0,0,0,2164

Main.js:462 373.054,309.297,210,210,-0.823,-0.465,-0.043,-0.025,50,0,0,1,0,0,0,0,289.874,258.953,-2.165,-1.25,0,0,0,0,0,0,0,0,138.143,187.723,327,138,0.776,-0.434,0.042,-0.027,74,383.5,162,2.5,0,33.297,190.031,-2.497,-0.131,0,0,0,0,2199

Main.js:462 372.231,308.833,208.5,208.5,-0.823,-0.464,-0.044,-0.024,49,1,0,1,0,0,0,0,287.709,257.703,-2.165,-1.25,0,0,0,0,0,0,0,0,138.921,187.286,328.5,138,0.778,-0.437,0.043,-0.026,73,386,162,2.5,0,30.8,189.9,-2.497,-0.131,0,0,0,0,2231

Main.js:462 371.406,308.37,207,207,-0.824,-0.463,-0.045,-0.023,48,1,0,1,0,0,0,0,285.544,256.453,-2.165,-1.25,0,0,0,0,0,0,0,0,139.701,186.847,330,138,0.78,-0.439,0.043,-0.025,72,388.5,162,2.5,0,28.304,189.769,-2.497,-0.131,0,0,0,0,2247

Main.js:462 370.58,307.91,205.5,205.5,-0.826,-0.46,-0.045,-0.022,47,1,0,1,0,0,0,0,283.379,255.203,-2.165,-1.25,0,0,0,0,0,0,0,0,140.484,186.408,331.5,138,0.783,-0.44,0.044,-0.024,71,391,162,2.5,0,25.807,189.638,-2.497,-0.131,0,0,0,0,2265

Main.js:462 369.752,307.454,204,204,-0.828,-0.456,-0.046,-0.02,46,1,0,1,0,0,0,0,281.214,253.953,-2.165,-1.25,0,0,0,0,0,0,0,0,141.27,185.969,333,138,0.786,-0.439,0.045,-0.023,70,393.5,162,2.5,0,23.31,189.507,-2.497,-0.131,0,0,0,0,2282

Main.js:462 368.922,307.003,202.5,202.5,-0.831,-0.452,-0.046,-0.019,45,1,0,1,0,0,0,0,279.049,252.703,-2.165,-1.25,0,0,0,0,0,0,0,0,142.06,185.531,334.5,138,0.79,-0.438,0.045,-0.022,69,396,162,2.5,0,20.814,189.376,-2.497,-0.131,0,0,0,0,2298

Main.js:462 368.088,306.557,201,201,-0.833,-0.446,-0.047,-0.018,44,1,0,1,0,0,0,0,276.884,251.453,-2.165,-1.25,0,0,0,0,0,0,0,0,142.854,185.096,336,138,0.794,-0.435,0.046,-0.02,68,398.5,162,2.5,0,18.317,189.246,-2.497,-0.131,0,0,0,0,2315

Main.js:462 367.252,306.117,199.5,199.5,-0.836,-0.44,-0.047,-0.017,43,1,0,1,0,0,0,0,274.719,250.203,-2.165,-1.25,0,0,0,0,0,0,0,0,143.651,184.664,337.5,138,0.798,-0.432,0.046,-0.019,67,401,162,2.5,0,15.821,189.115,-2.497,-0.131,0,0,0,0,2332

Main.js:462 366.412,305.685,198,198,-0.84,-0.432,-0.048,-0.015,42,1,0,1,0,0,0,0,272.554,248.953,-2.165,-1.25,0,0,0,0,0,0,0,0,144.454,184.237,339,138,0.802,-0.427,0.047,-0.018,66,403.5,162,2.5,0,13.324,188.984,-2.497,-0.131,0,0,0,0,2347

Main.js:462 365.569,305.261,196.5,196.5,-0.843,-0.424,-0.048,-0.014,41,1,0,1,0,0,0,0,270.389,247.703,-2.165,-1.25,0,0,0,0,0,0,0,0,145.261,183.816,340.5,138,0.807,-0.421,0.047,-0.017,65,406,162,2.5,0,10.828,188.853,-2.497,-0.131,0,0,0,0,2364

Main.js:462 364.722,304.846,195,195,-0.847,-0.415,-0.048,-0.013,40,1,0,1,0,0,0,0,268.224,246.453,-2.165,-1.25,0,0,0,0,0,0,0,0,146.073,183.401,342,138,0.812,-0.415,0.048,-0.015,64,408.5,162,2.5,0,8.331,188.722,-2.497,-0.131,0,0,0,0,2381

Main.js:462 363.871,304.44,193.5,193.5,-0.851,-0.406,-0.049,-0.012,39,1,0,1,0,0,0,0,266.058,245.203,-2.165,-1.25,0,0,0,0,0,0,0,0,146.889,182.993,343.5,138,0.817,-0.408,0.048,-0.014,63,411,162,2.5,0,5.834,188.591,-2.497,-0.131,0,0,0,0,2398

Main.js:462 363.016,304.044,193.5,193.5,-0.855,-0.396,-0.049,-0.012,38,0,0,1,0,0,0,0,263.893,243.953,-2.165,-1.25,0,0,0,0,0,0,0,0,147.711,182.593,345,138,0.822,-0.4,0.048,-0.013,62,413.5,162,2.5,0,3.338,188.461,-2.497,-0.131,0,0,0,0,2416

Main.js:462 362.158,303.656,193.5,193.5,-0.858,-0.388,-0.049,-0.012,37,0,0,1,0,0,0,0,261.728,242.703,-2.165,-1.25,0,0,0,0,0,0,0,0,148.538,182.203,346.5,138,0.827,-0.391,0.049,-0.012,61,416,162,2.5,0,0.841,188.33,-2.497,-0.131,0,0,0,0,2432

Main.js:462 361.297,303.277,193.5,193.5,-0.861,-0.379,-0.049,-0.012,36,0,0,1,0,0,0,0,259.563,241.453,-2.165,-1.25,0,0,0,0,0,0,0,0,149.37,181.821,348,138,0.832,-0.381,0.049,-0.01,60,418.5,162,2.5,0,0,0,0,0,0,0,0,0,2448

Main.js:462 360.432,302.905,193.5,193.5,-0.864,-0.371,-0.049,-0.012,35,0,0,1,0,0,0,0,257.398,240.203,-2.165,-1.25,0,0,0,0,0,0,0,0,150.207,181.451,349.5,138,0.837,-0.371,0.049,-0.009,59,421,162,2.5,0,0,0,0,0,0,0,0,0,2465

Main.js:462 359.565,302.541,193.5,193.5,-0.867,-0.364,-0.049,-0.012,34,0,0,1,0,0,0,0,255.233,238.953,-2.165,-1.25,0,0,0,0,0,0,0,0,151.049,181.091,351,138,0.842,-0.36,0.049,-0.008,58,423.5,162,2.5,0,0,0,0,0,0,0,0,0,2482

Main.js:462 358.695,302.185,193.5,193.5,-0.87,-0.357,-0.049,-0.012,33,0,0,1,0,0,0,0,253.068,237.703,-2.165,-1.25,0,0,0,0,0,0,0,0,151.896,180.743,352.5,138,0.847,-0.348,0.05,-0.007,57,426,162,2.5,0,0,0,0,0,0,0,0,0,2497

Main.js:462 357.822,301.834,193.5,193.5,-0.873,-0.35,-0.049,-0.012,32,0,0,1,0,0,0,0,250.903,236.453,-2.165,-1.25,0,0,0,0,0,0,0,0,152.748,180.408,354,138,0.852,-0.335,0.05,-0.005,56,428.5,162,2.5,0,0,0,0,0,0,0,0,0,2514

Main.js:462 356.946,301.491,193.5,193.5,-0.875,-0.344,-0.049,-0.012,31,0,0,1,0,0,0,0,248.738,235.203,-2.165,-1.25,0,0,0,0,0,0,0,0,153.605,180.084,354,136.5,0.857,-0.324,0.05,-0.005,55,431,162,2.5,0,0,0,0,0,0,0,0,0,2530

Main.js:462 356.068,301.153,193.5,193.5,-0.878,-0.338,-0.049,-0.012,30,0,0,1,0,0,0,0,246.573,233.953,-2.165,-1.25,0,0,0,0,0,0,0,0,154.466,179.772,354,135,0.861,-0.312,0.05,-0.005,54,433.5,162,2.5,0,0,0,0,0,0,0,0,0,2548

Main.js:462 355.188,300.821,193.5,193.5,-0.88,-0.332,-0.049,-0.012,29,0,0,1,0,0,0,0,244.408,232.703,-2.165,-1.25,0,0,0,0,0,0,0,0,155.332,179.47,354,133.5,0.865,-0.302,0.05,-0.005,53,436,162,2.5,0,0,0,0,0,0,0,0,0,2564

Main.js:462 354.306,300.495,193.5,193.5,-0.882,-0.326,-0.049,-0.012,28,0,0,1,0,0,0,0,242.243,231.453,-2.165,-1.25,0,0,0,0,0,0,0,0,156.201,179.178,354,132,0.869,-0.292,0.05,-0.005,52,438.5,162,2.5,0,0,0,0,0,0,0,0,0,2581

Main.js:462 353.422,300.174,193.5,193.5,-0.884,-0.321,-0.049,-0.012,27,0,0,1,0,0,0,0,240.078,230.203,-2.165,-1.25,0,0,0,0,0,0,0,0,157.074,178.896,354,130.5,0.873,-0.282,0.05,-0.005,51,441,162,2.5,0,0,0,0,0,0,0,0,0,2598

Main.js:462 352.535,299.858,193.5,193.5,-0.886,-0.316,-0.049,-0.012,26,0,0,1,0,0,0,0,237.913,228.953,-2.165,-1.25,0,0,0,0,0,0,0,0,157.95,178.623,354,129,0.877,-0.273,0.05,-0.005,50,443.5,162,2.5,0,0,0,0,0,0,0,0,0,2615

Main.js:462 351.647,299.547,193.5,193.5,-0.888,-0.311,-0.049,-0.012,25,0,0,1,0,0,0,0,235.748,227.703,-2.165,-1.25,0,0,0,0,0,0,0,0,158.83,178.359,354,127.5,0.88,-0.264,0.05,-0.005,49,446,162,2.5,0,0,0,0,0,0,0,0,0,2632

Main.js:462 350.757,299.24,193.5,193.5,-0.89,-0.307,-0.049,-0.012,24,0,0,1,0,0,0,0,233.582,226.453,-2.165,-1.25,0,0,0,0,0,0,0,0,159.714,178.103,354,126,0.883,-0.256,0.05,-0.005,48,448.5,162,2.5,0,0,0,0,0,0,0,0,0,2648

Main.js:462 349.865,298.937,193.5,193.5,-0.892,-0.303,-0.049,-0.012,23,0,0,1,0,0,0,0,231.417,225.203,-2.165,-1.25,0,0,0,0,0,0,0,0,160.6,177.855,354,124.5,0.886,-0.248,0.05,-0.005,47,451,162,2.5,0,0,0,0,0,0,0,0,0,2664

Main.js:462 348.972,298.638,193.5,193.5,-0.893,-0.299,-0.049,-0.012,22,0,0,1,0,0,0,0,229.252,223.953,-2.165,-1.25,0,0,0,0,0,0,0,0,161.489,177.614,354,123,0.889,-0.241,0.05,-0.005,46,453.5,162,2.5,0,0,0,0,0,0,0,0,0,2682

Main.js:462 348.077,298.344,193.5,193.5,-0.895,-0.295,-0.049,-0.012,21,0,0,1,0,0,0,0,227.087,222.703,-2.165,-1.25,0,0,0,0,0,0,0,0,162.381,177.381,354,121.5,0.892,-0.234,0.05,-0.005,45,456,162,2.5,0,0,0,0,0,0,0,0,0,2698

Main.js:462 347.181,298.052,193.5,193.5,-0.896,-0.291,-0.049,-0.012,20,0,0,1,0,0,0,0,224.922,221.453,-2.165,-1.25,0,0,0,0,0,0,0,0,163.276,177.154,354,120,0.895,-0.227,0.05,-0.005,44,458.5,162,2.5,0,0,0,0,0,0,0,0,0,2715

Main.js:462 346.283,297.765,193.5,193.5,-0.898,-0.288,-0.049,-0.012,19,0,0,1,0,0,0,0,222.757,220.203,-2.165,-1.25,0,0,0,0,0,0,0,0,164.173,176.933,354,118.5,0.897,-0.221,0.05,-0.005,43,461,162,2.5,0,0,0,0,0,0,0,0,0,2732

Main.js:462 345.384,297.48,193.5,193.5,-0.899,-0.284,-0.049,-0.012,18,0,0,1,0,0,0,0,220.592,218.953,-2.165,-1.25,0,0,0,0,0,0,0,0,165.073,176.719,354,117,0.9,-0.214,0.05,-0.005,42,463.5,162,2.5,0,0,0,0,0,0,0,0,0,2747

Main.js:462 344.484,297.199,193.5,193.5,-0.9,-0.281,-0.049,-0.012,17,0,0,1,0,0,0,0,218.427,217.703,-2.165,-1.25,0,0,0,0,0,0,0,0,165.975,176.51,354,115.5,0.902,-0.209,0.05,-0.005,41,466,162,2.5,0,0,0,0,0,0,0,0,0,2764

Main.js:462 343.583,296.921,193.5,193.5,-0.901,-0.278,-0.049,-0.012,16,0,0,1,0,0,0,0,216.262,216.453,-2.165,-1.25,0,0,0,0,0,0,0,0,166.879,176.307,354,114,0.904,-0.203,0.05,-0.005,40,468.5,162,2.5,0,0,0,0,0,0,0,0,0,2781

Main.js:462 342.68,296.646,193.5,193.5,-0.902,-0.275,-0.049,-0.012,15,0,0,1,0,0,0,0,214.097,215.203,-2.165,-1.25,0,0,0,0,0,0,0,0,167.785,176.109,354,112.5,0.906,-0.198,0.05,-0.005,39,471,162,2.5,0,0,0,0,0,0,0,0,0,2799

Main.js:462 341.777,296.373,193.5,193.5,-0.904,-0.273,-0.049,-0.012,14,0,0,1,0,0,0,0,211.932,213.953,-2.165,-1.25,0,0,0,0,0,0,0,0,168.693,175.916,354,111,0.908,-0.193,0.05,-0.005,38,473.5,162,2.5,0,0,0,0,0,0,0,0,0,2816

Main.js:462 340.872,296.103,193.5,193.5,-0.905,-0.27,-0.049,-0.012,13,0,0,1,0,0,0,0,209.767,212.703,-2.165,-1.25,0,0,0,0,0,0,0,0,169.602,175.727,354,109.5,0.91,-0.188,0.05,-0.005,37,476,162,2.5,0,0,0,0,0,0,0,0,0,2832

Main.js:462 339.967,295.835,193.5,193.5,-0.906,-0.268,-0.049,-0.012,12,0,0,1,0,0,0,0,207.602,211.453,-2.165,-1.25,0,0,0,0,0,0,0,0,170.514,175.544,354,108,0.912,-0.184,0.05,-0.005,36,478.5,162,2.5,0,0,0,0,0,0,0,0,0,2849

Main.js:462 339.06,295.569,193.5,193.5,-0.906,-0.265,-0.049,-0.012,11,0,0,1,0,0,0,0,205.437,210.203,-2.165,-1.25,0,0,0,0,0,0,0,0,171.427,175.364,354,106.5,0.913,-0.18,0.05,-0.005,35,481,162,2.5,0,0,0,0,0,0,0,0,0,2866

Main.js:462 338.153,295.306,193.5,193.5,-0.907,-0.263,-0.049,-0.012,10,0,0,1,0,0,0,0,203.272,208.953,-2.165,-1.25,0,0,0,0,0,0,0,0,172.342,175.188,354,105,0.915,-0.176,0.05,-0.005,34,483.5,162,2.5,0,0,0,0,0,0,0,0,0,2882

Main.js:462 337.245,295.045,193.5,193.5,-0.908,-0.261,-0.049,-0.012,9,0,0,1,0,0,0,0,201.107,207.703,-2.165,-1.25,0,0,0,0,0,0,0,0,173.258,175.016,354,103.5,0.916,-0.172,0.05,-0.005,33,486,162,2.5,0,0,0,0,0,0,0,0,0,2898

Main.js:462 336.336,294.786,193.5,193.5,-0.909,-0.259,-0.049,-0.012,8,0,0,1,0,0,0,0,198.941,206.453,-2.165,-1.25,0,0,0,0,0,0,0,0,174.176,174.848,354,102,0.918,-0.168,0.05,-0.005,32,488.5,162,2.5,0,0,0,0,0,0,0,0,0,2916

Main.js:462 335.426,294.528,193.5,193.5,-0.91,-0.257,-0.049,-0.012,7,0,0,1,0,0,0,0,196.776,205.203,-2.165,-1.25,0,0,0,0,0,0,0,0,175.095,174.683,354,100.5,0.919,-0.165,0.05,-0.005,31,491,162,2.5,0,0,0,0,0,0,0,0,0,2931

Main.js:462 334.516,294.273,193.5,193.5,-0.91,-0.256,-0.049,-0.012,6,0,0,1,0,0,0,0,194.611,203.953,-2.165,-1.25,0,0,0,0,0,0,0,0,176.015,174.522,354,99,0.92,-0.162,0.05,-0.005,30,493.5,162,2.5,0,0,0,0,0,0,0,0,0,2948

Main.js:462 333.605,294.019,193.5,193.5,-0.911,-0.254,-0.049,-0.012,5,0,0,1,0,0,0,0,192.446,202.703,-2.165,-1.25,0,0,0,0,0,0,0,0,176.937,174.363,354,97.5,0.922,-0.158,0.05,-0.005,29,496,162,2.5,0,0,0,0,0,0,0,0,0,2965

Main.js:462 332.693,293.767,193.5,193.5,-0.912,-0.252,-0.049,-0.012,4,0,0,1,0,0,0,0,190.281,201.453,-2.165,-1.25,0,0,0,0,0,0,0,0,177.86,174.208,354,96,0.923,-0.155,0.05,-0.005,28,498.5,162,2.5,0,0,0,0,0,0,0,0,0,2981

Main.js:462 331.781,293.516,193.5,193.5,-0.912,-0.251,-0.049,-0.012,3,0,0,1,0,0,0,0,190.281,201.453,-2.165,-1.25,0,0,0,0,0,0,0,0,178.783,174.055,354,94.5,0.924,-0.153,0.05,-0.005,27,0,0,0,0,0,0,0,0,0,0,0,0,2997

Main.js:462 330.868,293.266,193.5,193.5,-0.913,-0.249,-0.049,-0.012,2,0,0,1,0,0,0,0,188.116,200.203,-2.165,-1.25,0,0,0,0,0,0,0,0,179.708,173.905,354,93,0.925,-0.15,0.05,-0.005,26,0,0,0,0,0,0,0,0,0,0,0,0,3014

Main.js:462 329.955,293.018,193.5,193.5,-0.913,-0.248,-0.049,-0.012,1,0,0,1,0,0,0,0,185.951,198.953,-2.165,-1.25,0,0,0,0,0,0,0,0,180.634,173.756,352.5,90,0.926,-0.149,0.05,-0.007,25,0,0,0,0,0,0,0,0,0,0,0,0,3031

Main.js:462 329.041,292.772,193.5,193.5,-0.914,-0.247,-0.049,-0.012,0,0,0,1,0,0,0,0,183.786,197.703,-2.165,-1.25,0,0,0,0,0,0,0,0,181.56,173.608,351,87,0.926,-0.149,0.049,-0.008,24,0,0,0,0,0,0,0,0,0,0,0,0,3048

Main.js:462 328.126,292.526,193.5,193.5,-0.914,-0.245,-0.049,-0.012,0,0,0,1,0,0,0,0,181.621,196.453,-2.165,-1.25,0,0,0,0,0,0,0,0,182.487,173.458,349.5,84,0.927,-0.15,0.049,-0.009,23,0,0,0,0,0,0,0,0,0,0,0,0,3065

Main.js:462 327.212,292.282,193.5,193.5,-0.915,-0.244,-0.049,-0.012,0,0,0,1,0,0,0,0,179.456,195.203,-2.165,-1.25,0,0,0,0,0,0,0,0,183.414,173.306,348,81,0.927,-0.152,0.049,-0.01,22,0,0,0,0,0,0,0,0,0,0,0,0,3081

Main.js:462 326.296,292.039,193.5,193.5,-0.915,-0.243,-0.049,-0.012,0,0,0,1,0,0,0,0,177.291,193.953,-2.165,-1.25,0,0,0,0,0,0,0,0,184.341,173.15,346.5,78,0.927,-0.156,0.049,-0.012,21,0,0,0,0,0,0,0,0,0,0,0,0,3097

Main.js:462 325.38,291.797,193.5,193.5,-0.916,-0.242,-0.049,-0.012,0,0,0,1,0,0,0,0,175.126,192.703,-2.165,-1.25,0,0,0,0,0,0,0,0,185.267,172.99,345,75,0.926,-0.16,0.048,-0.013,20,0,0,0,0,0,0,0,0,0,0,0,0,3116

Main.js:462 324.464,291.556,193.5,193.5,-0.916,-0.241,-0.049,-0.012,0,0,0,1,0,0,0,0,172.961,191.453,-2.165,-1.25,0,0,0,0,0,0,0,0,186.193,172.824,343.5,72,0.925,-0.166,0.048,-0.014,19,0,0,0,0,0,0,0,0,0,0,0,0,3131

Main.js:462 323.548,291.316,193.5,193.5,-0.917,-0.24,-0.049,-0.012,0,0,0,1,0,0,0,0,170.796,190.203,-2.165,-1.25,0,0,0,0,0,0,0,0,187.117,172.652,342,69,0.924,-0.172,0.048,-0.015,18,0,0,0,0,0,0,0,0,0,0,0,0,3149

Main.js:462 322.631,291.077,193.5,193.5,-0.917,-0.239,-0.049,-0.012,0,0,0,1,0,0,0,0,168.631,188.953,-2.165,-1.25,0,0,0,0,0,0,0,0,188.04,172.472,340.5,66,0.923,-0.179,0.047,-0.017,17,0,0,0,0,0,0,0,0,0,0,0,0,3164

Main.js:462 321.714,290.839,193.5,193.5,-0.917,-0.238,-0.049,-0.012,0,0,0,1,0,0,0,0,166.466,187.703,-2.165,-1.25,0,0,0,0,0,0,0,0,188.961,172.285,339,63,0.921,-0.187,0.047,-0.018,16,0,0,0,0,0,0,0,0,0,0,0,0,3197

Main.js:462 320.796,290.601,193.5,193.5,-0.918,-0.237,-0.049,-0.012,0,0,0,1,0,0,0,0,164.3,186.453,-2.165,-1.25,0,0,0,0,0,0,0,0,189.88,172.089,337.5,60,0.919,-0.196,0.046,-0.019,15,0,0,0,0,0,0,0,0,0,0,0,0,3231

Main.js:462 319.878,290.365,193.5,193.5,-0.918,-0.237,-0.049,-0.012,0,0,0,1,0,0,0,0,162.135,185.203,-2.165,-1.25,0,0,0,0,0,0,0,0,190.796,171.883,336,57,0.916,-0.206,0.046,-0.02,14,0,0,0,0,0,0,0,0,0,0,0,0,3248

Main.js:462 318.96,290.129,193.5,193.5,-0.918,-0.236,-0.049,-0.012,0,0,0,1,0,0,0,0,159.97,183.953,-2.165,-1.25,0,0,0,0,0,0,0,0,191.71,171.667,334.5,54,0.913,-0.216,0.045,-0.022,13,0,0,0,0,0,0,0,0,0,0,0,0,3265

Main.js:462 318.042,289.893,193.5,193.5,-0.918,-0.235,-0.049,-0.012,0,0,0,1,0,0,0,0,157.805,182.703,-2.165,-1.25,0,0,0,0,0,0,0,0,192.62,171.44,333,51,0.91,-0.227,0.045,-0.023,12,0,0,0,0,0,0,0,0,0,0,0,0,3281

Main.js:462 317.123,289.659,193.5,193.5,-0.919,-0.235,-0.049,-0.012,0,0,0,1,0,0,0,0,155.64,181.453,-2.165,-1.25,0,0,0,0,0,0,0,0,193.526,171.202,331.5,48,0.906,-0.238,0.044,-0.024,11,0,0,0,0,0,0,0,0,0,0,0,0,3297

Main.js:462 316.204,289.425,193.5,193.5,-0.919,-0.234,-0.049,-0.012,0,0,0,1,0,0,0,0,153.475,180.203,-2.165,-1.25,0,0,0,0,0,0,0,0,194.429,170.952,330,45,0.902,-0.25,0.043,-0.025,10,0,0,0,0,0,0,0,0,0,0,0,0,3314

Main.js:462 315.285,289.192,193.5,193.5,-0.919,-0.233,-0.049,-0.012,0,0,0,1,0,0,0,0,151.31,178.953,-2.165,-1.25,0,0,0,0,0,0,0,0,195.326,170.69,328.5,42,0.898,-0.262,0.043,-0.026,9,0,0,0,0,0,0,0,0,0,0,0,0,3332

Main.js:462 314.366,288.959,193.5,193.5,-0.919,-0.233,-0.049,-0.012,0,0,0,1,0,0,0,0,149.145,177.703,-2.165,-1.25,0,0,0,0,0,0,0,0,196.219,170.415,327,39,0.893,-0.275,0.042,-0.027,8,0,0,0,0,0,0,0,0,0,0,0,0,3348

Main.js:462 313.446,288.727,193.5,193.5,-0.92,-0.232,-0.049,-0.012,0,0,0,1,0,0,0,0,146.98,176.453,-2.165,-1.25,0,0,0,0,0,0,0,0,197.106,170.127,325.5,36,0.887,-0.288,0.041,-0.028,7,0,0,0,0,0,0,0,0,0,0,0,0,3364

Main.js:462 312.526,288.495,193.5,193.5,-0.92,-0.232,-0.049,-0.012,0,0,0,1,0,0,0,0,144.815,175.203,-2.165,-1.25,0,0,0,0,0,0,0,0,197.987,169.826,324,33,0.881,-0.302,0.04,-0.029,6,0,0,0,0,0,0,0,0,0,0,0,0,3382

Main.js:462 311.606,288.264,193.5,193.5,-0.92,-0.231,-0.049,-0.012,0,0,0,1,0,0,0,0,142.65,173.953,-2.165,-1.25,0,0,0,0,0,0,0,0,198.862,169.51,322.5,30,0.875,-0.315,0.04,-0.03,5,0,0,0,0,0,0,0,0,0,0,0,0,3398

Main.js:462 310.686,288.033,193.5,193.5,-0.92,-0.231,-0.049,-0.012,0,0,0,1,0,0,0,0,140.485,172.703,-2.165,-1.25,0,0,0,0,0,0,0,0,199.729,169.181,321,27,0.868,-0.33,0.039,-0.031,4,0,0,0,0,0,0,0,0,0,0,0,0,3414

Main.js:462 309.765,287.803,193.5,193.5,-0.92,-0.23,-0.049,-0.012,0,0,0,1,0,0,0,0,138.32,171.453,-2.165,-1.25,0,0,0,0,0,0,0,0,200.59,168.837,319.5,24,0.861,-0.344,0.038,-0.032,3,0,0,0,0,0,0,0,0,0,0,0,0,3432

Main.js:462 308.845,287.573,193.5,193.5,-0.921,-0.23,-0.049,-0.012,0,0,0,1,0,0,0,0,136.155,170.203,-2.165,-1.25,0,0,0,0,0,0,0,0,201.443,168.478,318,21,0.853,-0.359,0.037,-0.033,2,0,0,0,0,0,0,0,0,0,0,0,0,3448

Main.js:462 307.924,287.344,193.5,193.5,-0.921,-0.229,-0.049,-0.012,0,0,0,1,0,0,0,0,133.99,168.953,-2.165,-1.25,0,0,0,0,0,0,0,0,202.288,168.105,316.5,18,0.845,-0.373,0.036,-0.034,1,0,0,0,0,0,0,0,0,0,0,0,0,3465

Main.js:462 307.003,287.115,193.5,193.5,-0.921,-0.229,-0.049,-0.012,0,0,0,1,0,0,0,0,131.825,167.703,-2.165,-1.25,0,0,0,0,0,0,0,0,203.124,167.717,315,15,0.836,-0.388,0.035,-0.035,0,0,0,0,0,0,0,0,0,0,0,0,0,3482

Main.js:462 306.082,286.886,193.5,193.5,-0.921,-0.229,-0.049,-0.012,0,0,0,1,0,0,0,0,129.659,166.453,-2.165,-1.25,0,0,0,0,0,0,0,0,203.951,167.313,313.5,12,0.827,-0.403,0.034,-0.036,99,0,0,0,0,0,0,0,0,0,0,0,0,3498

Main.js:462 305.161,286.658,193.5,193.5,-0.921,-0.228,-0.049,-0.012,0,0,0,1,0,0,0,0,127.494,165.203,-2.165,-1.25,0,0,0,0,0,0,0,0,204.768,166.895,312,9,0.817,-0.418,0.033,-0.037,98,226.11,172.602,2.445,0.52,0,0,0,0,0,0,0,0,3515

Main.js:462 304.24,286.43,193.5,193.5,-0.921,-0.228,-0.049,-0.012,0,0,0,1,0,0,0,0,125.329,163.953,-2.165,-1.25,0,0,0,0,0,0,0,0,205.576,166.461,310.5,6,0.807,-0.434,0.032,-0.038,97,228.556,173.122,2.445,0.52,0,0,0,0,0,0,0,0,3532

Main.js:462 303.318,286.202,193.5,193.5,-0.921,-0.228,-0.049,-0.012,0,0,0,1,0,0,0,0,123.164,162.703,-2.165,-1.25,0,0,0,0,0,0,0,0,206.373,166.012,309,3,0.797,-0.449,0.031,-0.039,96,231.001,173.642,2.445,0.52,0,0,0,0,0,0,0,0,3549

Main.js:462 302.397,285.975,193.5,193.5,-0.922,-0.227,-0.049,-0.012,0,0,0,1,0,0,0,0,120.999,161.453,-2.165,-1.25,0,0,0,0,0,0,0,0,207.159,165.548,307.5,0,0.786,-0.464,0.03,-0.04,95,233.446,174.162,2.445,0.52,0,0,0,0,0,0,0,0,3565

Main.js:462 301.476,285.747,195,195,-0.921,-0.228,-0.048,-0.013,0,0,1,1,0,0,0,0,118.834,160.203,-2.165,-1.25,0,0,0,0,0,0,0,0,207.933,165.069,306,-3,0.775,-0.479,0.029,-0.04,94,235.892,174.682,2.445,0.52,0,0,0,0,0,0,0,0,3582

Main.js:462 300.555,285.516,196.5,196.5,-0.921,-0.23,-0.048,-0.014,0,0,1,1,0,0,0,0,116.669,158.953,-2.165,-1.25,0,0,0,0,0,0,0,0,208.696,164.575,304.5,-6,0.763,-0.494,0.028,-0.041,93,238.337,175.201,2.445,0.52,0,0,0,0,0,0,0,0,3599

Main.js:462 299.68,285.297,198,198,-0.875,-0.219,0,0,0,0,1,0,0,0,0,0,114.504,157.703,-2.165,-1.25,0,0,0,0,0,0,0,0,209.446,164.065,303,-9,0.751,-0.51,0.027,-0.042,92,240.783,175.721,2.445,0.52,0,0,0,0,0,0,0,0,3614

Main.js:462 298.849,285.089,199.5,199.5,-0.831,-0.208,0,0,0,0,1,0,0,0,0,0,112.339,156.453,-2.165,-1.25,0,0,0,0,0,0,0,0,210.184,163.54,301.5,-12,0.738,-0.525,0.026,-0.043,91,243.228,176.241,2.445,0.52,0,0,0,0,0,0,0,0,3631

Main.js:462 298.059,284.892,201,201,-0.789,-0.198,0,0,0,0,1,0,0,0,0,0,110.174,155.203,-2.165,-1.25,0,0,0,0,0,0,0,0,210.909,163.001,300,-15,0.725,-0.54,0.025,-0.043,90,245.673,176.761,2.445,0.52,0,0,0,0,0,0,0,0,3647

Main.js:462 297.309,284.704,202.5,202.5,-0.75,-0.188,0,0,0,0,1,0,0,0,0,0,108.009,153.953,-2.165,-1.25,0,0,0,0,0,0,0,0,211.62,162.447,298.5,-18,0.711,-0.554,0.024,-0.044,89,248.119,177.28,2.445,0.52,0,0,0,0,0,0,0,0,3665

Main.js:462 296.597,284.526,204,204,-0.713,-0.178,0,0,0,0,1,0,0,0,0,0,105.844,152.703,-2.165,-1.25,0,0,0,0,0,0,0,0,212.317,161.878,297,-21,0.697,-0.569,0.023,-0.045,88,250.564,177.8,2.445,0.52,0,0,0,0,0,0,0,0,3682

Main.js:462 295.92,284.357,205.5,205.5,-0.677,-0.169,0,0,0,0,1,0,0,0,0,0,103.679,151.453,-2.165,-1.25,0,0,0,0,0,0,0,0,213,161.294,295.5,-24,0.683,-0.583,0.022,-0.045,87,253.009,178.32,2.445,0.52,0,0,0,0,0,0,0,0,3697

Main.js:462 295.277,284.196,207,207,-0.643,-0.161,0,0,0,0,1,0,0,0,0,0,101.514,150.203,-2.165,-1.25,0,0,0,0,0,0,0,0,213.668,160.697,294,-27,0.668,-0.598,0.02,-0.046,86,255.455,178.84,2.445,0.52,0,0,0,0,0,0,0,0,3714

Main.js:462 294.666,284.043,208.5,208.5,-0.611,-0.153,0,0,0,0,1,0,0,0,0,0,99.349,148.953,-2.165,-1.25,0,0,0,0,0,0,0,0,214.32,160.085,292.5,-30,0.653,-0.612,0.019,-0.046,85,257.9,179.36,2.445,0.52,0,0,0,0,0,0,0,0,3732

Main.js:462 294.086,283.898,210,210,-0.58,-0.145,0,0,0,0,1,0,0,0,0,0,97.183,147.703,-2.165,-1.25,0,0,0,0,0,0,0,0,214.957,159.46,291,-33,0.637,-0.625,0.018,-0.047,84,260.346,179.879,2.445,0.52,0,0,0,0,0,0,0,0,3748

Main.js:462 293.534,283.76,211.5,211.5,-0.551,-0.138,0,0,0,0,1,0,0,0,0,0,95.018,146.453,-2.165,-1.25,0,0,0,0,0,0,0,0,215.578,158.821,289.5,-36,0.621,-0.639,0.017,-0.047,83,262.791,180.399,2.445,0.52,0,0,0,0,0,0,0,0,3765

Main.js:462 293.011,283.629,213,213,-0.524,-0.131,0,0,0,0,1,0,0,0,0,0,92.853,145.203,-2.165,-1.25,0,0,0,0,0,0,0,0,216.183,158.169,288,-39,0.605,-0.652,0.015,-0.048,82,265.236,180.919,2.445,0.52,0,0,0,0,0,0,0,0,3782

Main.js:462 292.513,283.504,214.5,214.5,-0.498,-0.124,0,0,0,0,1,0,0,0,0,0,90.688,143.953,-2.165,-1.25,0,0,0,0,0,0,0,0,216.771,157.504,286.5,-42,0.588,-0.665,0.014,-0.048,81,267.682,181.439,2.445,0.52,0,0,0,0,0,0,0,0,3798

Main.js:462 292.04,283.386,216,216,-0.473,-0.118,0,0,0,0,1,0,0,0,0,0,88.523,142.703,-2.165,-1.25,0,0,0,0,0,0,0,0,217.342,156.826,285,-45,0.571,-0.678,0.013,-0.048,80,270.127,181.958,2.445,0.52,0,0,0,0,0,0,0,0,3814

Main.js:462 291.591,283.274,217.5,217.5,-0.449,-0.112,0,0,0,0,1,0,0,0,0,0,86.358,141.453,-2.165,-1.25,0,0,0,0,0,0,0,0,217.895,156.136,283.5,-48,0.553,-0.69,0.012,-0.049,79,272.572,182.478,2.445,0.52,0,0,0,0,0,0,0,0,3833

Main.js:462 291.165,283.167,219,219,-0.427,-0.107,0,0,0,0,1,0,0,0,0,0,84.193,140.203,-2.165,-1.25,0,0,0,0,0,0,0,0,218.431,155.434,282,-51,0.536,-0.702,0.01,-0.049,78,275.018,182.998,2.445,0.52,0,0,0,0,0,0,0,0,3848

Main.js:462 290.76,283.065,220.5,220.5,-0.405,-0.101,0,0,0,0,1,0,0,0,0,0,82.028,138.953,-2.165,-1.25,0,0,0,0,0,0,0,0,218.948,154.721,280.5,-54,0.517,-0.714,0.009,-0.049,77,277.463,183.518,2.445,0.52,0,0,0,0,0,0,0,0,3865

Main.js:462 290.375,282.969,222,222,-0.385,-0.096,0,0,0,0,1,0,0,0,0,0,79.863,137.703,-2.165,-1.25,0,0,0,0,0,0,0,0,219.447,153.996,279,-57,0.499,-0.725,0.008,-0.049,76,279.908,184.038,2.445,0.52,0,0,0,0,0,0,0,0,3882

Main.js:462 290.009,282.878,223.5,223.5,-0.366,-0.092,0,0,0,0,1,0,0,0,0,0,77.698,136.453,-2.165,-1.25,0,0,0,0,0,0,0,0,219.928,153.261,277.5,-60,0.48,-0.736,0.007,-0.05,75,282.354,184.557,2.445,0.52,0,0,0,0,0,0,0,0,3898

Main.js:462 289.661,282.791,225,225,-0.347,-0.087,0,0,0,0,1,0,0,0,0,0,75.533,135.203,-2.165,-1.25,0,0,0,0,0,0,0,0,220.389,152.514,276,-63,0.461,-0.746,0.005,-0.05,74,284.799,185.077,2.445,0.52,0,0,0,0,0,0,0,0,3915

Main.js:462 289.331,282.708,226.5,226.5,-0.33,-0.083,0,0,0,0,1,0,0,0,0,0,73.368,133.953,-2.165,-1.25,0,0,0,0,0,0,0,0,220.831,151.758,274.5,-66,0.442,-0.756,0.004,-0.05,73,287.245,185.597,2.445,0.52,0,0,0,0,0,0,0,0,3931

Main.js:462 289.018,282.63,228,228,-0.314,-0.078,0,0,0,0,1,0,0,0,0,0,71.203,132.703,-2.165,-1.25,0,0,0,0,0,0,0,0,221.253,150.993,273,-69,0.422,-0.766,0.003,-0.05,72,289.69,186.117,2.445,0.52,0,0,0,0,0,0,0,0,3948

Main.js:462 288.72,282.555,229.5,229.5,-0.298,-0.075,0,0,0,0,1,0,0,0,0,0,69.038,131.453,-2.165,-1.25,0,0,0,0,0,0,0,0,221.655,150.218,271.5,-72,0.402,-0.775,0.001,-0.05,71,292.135,186.636,2.445,0.52,0,0,0,0,0,0,0,0,3964

Main.js:462 288.437,282.484,229.5,229.5,-0.283,-0.071,0,0,0,0,0,0,0,0,0,0,66.873,130.203,-2.165,-1.25,0,0,0,0,0,0,0,0,222.038,149.434,270,-75,0.382,-0.784,0,-0.05,70,294.581,187.156,2.445,0.52,0,0,0,0,0,0,0,0,3980

Main.js:462 288.168,282.417,229.5,229.5,-0.269,-0.067,0,0,0,0,0,0,0,0,0,0,64.708,128.953,-2.165,-1.25,0,0,0,0,0,0,0,0,222.4,148.642,268.5,-78,0.362,-0.792,-0.001,-0.05,69,297.026,187.676,2.445,0.52,0,0,0,0,0,0,0,0,3998

Main.js:462 287.912,282.353,229.5,229.5,-0.255,-0.064,0,0,99,0,0,0,0,1,0,0,62.542,127.703,-2.165,-1.25,0,0,0,0,0,0,0,0,222.741,147.842,267,-81,0.341,-0.8,-0.003,-0.05,68,299.471,188.196,2.445,0.52,0,0,0,0,0,0,0,0,4016

Main.js:462 287.67,282.292,229.5,229.5,-0.243,-0.061,0,0,98,0,0,0,0,1,0,0,60.377,126.453,-2.165,-1.25,272.906,264.547,-1.624,-1.901,0,0,0,0,223.064,147.035,268.5,-81,0.323,-0.807,-0.001,-0.05,67,301.917,188.716,2.445,0.52,0,0,0,0,0,0,0,0,4030

Main.js:462 287.439,282.235,229.5,229.5,-0.231,-0.058,0,0,97,0,0,0,0,1,0,0,58.212,125.203,-2.165,-1.25,271.282,262.646,-1.624,-1.901,0,0,0,0,223.371,146.22,270,-81,0.307,-0.814,0,-0.05,66,304.362,189.235,2.445,0.52,0,0,0,0,0,0,0,0,4048

Main.js:462 287.22,282.18,229.5,229.5,-0.219,-0.055,0,0,96,0,0,0,0,1,0,0,56.047,123.953,-2.165,-1.25,269.659,260.745,-1.624,-1.901,0,0,0,0,223.664,145.399,271.5,-81,0.293,-0.821,0.001,-0.05,65,306.808,189.755,2.445,0.52,0,0,0,0,0,0,0,0,4064

Main.js:462 287.012,282.128,229.5,229.5,-0.208,-0.052,0,0,95,0,0,0,0,1,0,0,53.882,122.703,-2.165,-1.25,268.035,258.844,-1.624,-1.901,0,0,0,0,223.944,144.571,273,-81,0.281,-0.828,0.003,-0.05,64,309.253,190.275,2.445,0.52,0,0,0,0,0,0,0,0,4081

Main.js:462 286.815,282.078,229.5,229.5,-0.198,-0.049,0,0,94,0,0,0,0,1,0,0,51.717,121.453,-2.165,-1.25,266.411,256.943,-1.624,-1.901,0,0,0,0,224.215,143.738,274.5,-81,0.27,-0.834,0.004,-0.05,63,311.698,190.795,2.445,0.52,0,0,0,0,0,0,0,0,4099

Main.js:462 286.627,282.031,229.5,229.5,-0.188,-0.047,0,0,93,0,0,0,0,1,0,0,49.552,120.203,-2.165,-1.25,264.788,255.042,-1.624,-1.901,0,0,0,0,224.476,142.899,276,-81,0.262,-0.839,0.005,-0.05,62,314.144,191.315,2.445,0.52,0,0,0,0,0,0,0,0,4114

Main.js:462 286.448,281.987,229.5,229.5,-0.178,-0.045,0,0,92,0,0,0,0,1,0,0,47.387,118.953,-2.165,-1.25,263.164,253.141,-1.624,-1.901,0,0,0,0,224.731,142.055,277.5,-81,0.255,-0.844,0.007,-0.05,61,316.589,191.834,2.445,0.52,0,0,0,0,0,0,0,0,4132

Main.js:462 286.279,281.944,229.5,229.5,-0.169,-0.042,0,0,91,0,0,0,0,0,0,0,45.222,117.703,-2.165,-1.25,261.54,251.24,-1.624,-1.901,0,0,0,0,224.981,141.206,279,-81,0.25,-0.849,0.008,-0.049,60,319.034,192.354,2.445,0.52,0,0,0,0,0,0,0,0,4149

Main.js:462 286.118,281.904,229.5,229.5,-0.161,-0.04,0,0,90,0,0,0,0,0,0,0,43.057,116.453,-2.165,-1.25,259.917,249.339,-1.624,-1.901,0,0,0,0,225.227,140.352,280.5,-81,0.246,-0.853,0.009,-0.049,59,321.48,192.874,2.445,0.52,0,0,0,0,0,0,0,0,4165

Main.js:462 285.965,281.866,229.5,229.5,-0.153,-0.038,0,0,89,0,0,0,0,0,0,0,40.892,115.203,-2.165,-1.25,258.293,247.438,-1.624,-1.901,0,0,0,0,225.47,139.495,282,-81,0.243,-0.857,0.01,-0.049,58,323.925,193.394,2.445,0.52,0,0,0,0,0,0,0,0,4182

Main.js:462 285.82,281.829,229.5,229.5,-0.145,-0.036,0,0,88,0,0,0,0,0,0,0,38.727,113.953,-2.165,-1.25,256.67,245.537,-1.624,-1.901,0,0,0,0,225.712,138.635,283.5,-81,0.242,-0.86,0.012,-0.049,57,326.37,193.913,2.445,0.52,0,0,0,0,0,0,0,0,4198

Main.js:462 285.682,281.795,229.5,229.5,-0.138,-0.035,0,0,87,0,0,0,0,0,0,0,36.562,112.703,-2.165,-1.25,255.046,243.636,-1.624,-1.901,0,0,0,0,225.955,137.772,285,-81,0.242,-0.863,0.013,-0.048,56,328.816,194.433,2.445,0.52,0,0,0,0,0,0,0,0,4214

Main.js:462 285.551,281.762,229.5,229.5,-0.131,-0.033,0,0,86,0,0,0,0,0,0,0,34.397,111.453,-2.165,-1.25,253.422,241.735,-1.624,-1.901,0,0,0,0,226.198,136.906,286.5,-81,0.244,-0.866,0.014,-0.048,55,331.261,194.953,2.445,0.52,0,0,0,0,0,0,0,0,4231

Main.js:462 285.426,281.731,229.5,229.5,-0.125,-0.031,0,0,85,0,0,0,0,1,0,0,32.232,110.203,-2.165,-1.25,251.799,239.834,-1.624,-1.901,0,0,0,0,226.445,136.039,288,-81,0.246,-0.868,0.015,-0.048,54,333.707,195.473,2.445,0.52,0,0,0,0,0,0,0,0,4248

Main.js:462 285.308,281.701,229.5,229.5,-0.118,-0.03,0,0,84,0,0,0,0,1,0,0,30.067,108.953,-2.165,-1.25,250.175,237.933,-1.624,-1.901,0,0,0,0,226.695,135.17,289.5,-81,0.25,-0.869,0.017,-0.047,53,336.152,195.993,2.445,0.52,0,0,0,0,0,0,0,0,4265

Main.js:462 285.195,281.673,229.5,229.5,-0.112,-0.028,0,0,83,0,0,0,0,1,0,0,27.901,107.703,-2.165,-1.25,248.551,236.032,-1.624,-1.901,0,0,0,0,226.949,134.3,291,-81,0.254,-0.87,0.018,-0.047,52,338.597,196.512,2.445,0.52,0,0,0,0,0,0,0,0,4281

Main.js:462 285.089,281.646,229.5,229.5,-0.107,-0.027,0,0,82,0,0,0,0,1,0,0,25.736,106.453,-2.165,-1.25,246.928,234.131,-1.624,-1.901,0,0,0,0,227.209,133.43,292.5,-81,0.26,-0.87,0.019,-0.046,51,341.043,197.032,2.445,0.52,0,0,0,0,0,0,0,0,4298

Main.js:462 284.987,281.621,229.5,229.5,-0.101,-0.025,0,0,81,0,0,0,0,1,0,0,23.571,105.203,-2.165,-1.25,245.304,232.23,-1.624,-1.901,0,0,0,0,227.475,132.56,294,-81,0.266,-0.87,0.02,-0.046,50,343.488,197.552,2.445,0.52,0,0,0,0,0,0,0,0,4314

Main.js:462 284.891,281.597,229.5,229.5,-0.096,-0.024,0,0,80,0,0,0,0,1,0,0,21.406,103.953,-2.165,-1.25,243.681,230.329,-1.624,-1.901,0,0,0,0,227.748,131.69,295.5,-81,0.273,-0.869,0.022,-0.045,49,345.933,198.072,2.445,0.52,0,0,0,0,0,0,0,0,4331

Main.js:462 284.799,281.574,229.5,229.5,-0.092,-0.023,0,0,79,0,0,0,0,0,0,0,19.241,102.703,-2.165,-1.25,242.057,228.428,-1.624,-1.901,0,0,0,0,228.029,130.822,297,-81,0.281,-0.868,0.023,-0.045,48,348.379,198.591,2.445,0.52,0,0,0,0,0,0,0,0,4348

Main.js:462 284.712,281.552,229.5,229.5,-0.087,-0.022,0,0,78,0,0,0,0,0,0,0,17.076,101.453,-2.165,-1.25,240.433,226.527,-1.624,-1.901,0,0,0,0,228.319,129.955,298.5,-81,0.29,-0.867,0.024,-0.044,47,350.824,199.111,2.445,0.52,0,0,0,0,0,0,0,0,4363

Main.js:462 284.629,281.532,229.5,229.5,-0.083,-0.021,0,0,77,0,0,0,0,0,0,0,14.911,100.203,-2.165,-1.25,238.81,224.626,-1.624,-1.901,0,0,0,0,228.618,129.091,300,-81,0.299,-0.864,0.025,-0.043,46,353.27,199.631,2.445,0.52,0,0,0,0,0,0,0,0,4381

Main.js:462 284.551,281.512,229.5,229.5,-0.079,-0.02,0,0,76,0,0,0,0,0,0,0,12.746,98.953,-2.165,-1.25,237.186,222.725,-1.624,-1.901,0,0,0,0,228.927,128.229,301.5,-81,0.309,-0.862,0.026,-0.043,45,355.715,200.151,2.445,0.52,0,0,0,0,0,0,0,0,4398

Main.js:462 284.476,281.493,231,231,-0.075,-0.019,0,0,75,0,1,0,0,0,0,0,10.581,97.703,-2.165,-1.25,235.563,220.824,-1.624,-1.901,0,0,0,0,229.247,127.371,303,-81,0.319,-0.858,0.027,-0.042,44,358.16,200.671,2.445,0.52,0,0,0,0,0,0,0,0,4415

Main.js:462 284.406,281.476,232.5,232.5,-0.071,-0.018,0,0,74,0,1,0,0,0,0,0,8.416,96.453,-2.165,-1.25,233.939,218.923,-1.624,-1.901,0,0,0,0,229.577,126.516,304.5,-81,0.33,-0.855,0.028,-0.041,43,360.606,201.19,2.445,0.52,0,0,0,0,0,0,0,0,4432

Main.js:462 284.338,281.459,234,234,-0.067,-0.017,0,0,73,0,1,0,0,1,0,0,6.251,95.203,-2.165,-1.25,232.315,217.022,-1.624,-1.901,0,0,0,0,229.919,125.666,306,-81,0.342,-0.85,0.029,-0.04,42,363.051,201.71,2.445,0.52,0,0,0,0,0,0,0,0,4447

Main.js:462 284.274,281.443,235.5,235.5,-0.064,-0.016,0,0,72,0,1,0,0,1,0,0,4.086,93.953,-2.165,-1.25,230.692,215.121,-1.624,-1.901,0,0,0,0,230.272,124.82,307.5,-81,0.354,-0.846,0.03,-0.04,41,365.496,202.23,2.445,0.52,0,0,0,0,0,0,0,0,4465

Main.js:462 284.214,281.428,237,237,-0.061,-0.015,0,0,71,0,1,0,0,1,0,0,1.921,92.703,-2.165,-1.25,229.068,213.22,-1.624,-1.901,0,0,0,0,230.638,123.98,309,-81,0.366,-0.84,0.031,-0.039,40,367.942,202.75,2.445,0.52,0,0,0,0,0,0,0,0,4481

Main.js:462 284.156,281.413,238.5,238.5,-0.058,-0.014,0,0,70,0,1,0,0,1,0,0,227.444,211.319,-1.624,-1.901,0,0,0,0,0,0,0,0,231.016,123.146,310.5,-81,0.378,-0.834,0.032,-0.038,39,367.942,202.75,2.445,0.52,0,0,0,0,0,0,0,0,4499

Main.js:462 284.101,281.399,240,240,-0.055,-0.014,0,0,69,0,1,0,0,1,0,0,225.821,209.418,-1.624,-1.901,0,0,0,0,0,0,0,0,231.407,122.318,312,-81,0.391,-0.828,0.033,-0.037,38,370.387,203.269,2.445,0.52,0,0,0,0,0,0,0,0,4515

Main.js:462 284.049,281.386,241.5,241.5,-0.052,-0.013,0,0,68,0,1,0,0,0,0,0,224.197,207.517,-1.624,-1.901,0,0,0,0,0,0,0,0,231.811,121.496,312,-82.5,0.403,-0.822,0.033,-0.037,37,372.832,203.789,2.445,0.52,0,0,0,0,0,0,0,0,4532

Main.js:462 283.999,281.374,243,243,-0.049,-0.012,0,0,67,0,1,0,0,0,0,0,222.574,205.616,-1.624,-1.901,0,0,0,0,0,0,0,0,232.226,120.68,312,-84,0.415,-0.816,0.033,-0.037,36,375.278,204.309,2.445,0.52,0,0,0,0,0,0,0,0,4548

Main.js:462 283.952,281.362,243,243,-0.047,-0.012,0,0,66,0,0,0,0,0,0,0,220.95,203.715,-1.624,-1.901,0,0,0,0,0,0,0,0,232.652,119.869,312,-85.5,0.426,-0.81,0.033,-0.037,35,377.723,204.829,2.445,0.52,0,0,0,0,0,0,0,0,4565

Main.js:462 283.908,281.351,243,243,-0.045,-0.011,0,0,65,0,0,0,0,0,0,0,219.326,201.814,-1.624,-1.901,0,0,0,0,0,0,0,0,233.088,119.064,312,-87,0.437,-0.805,0.033,-0.037,34,380.169,205.349,2.445,0.52,0,0,0,0,0,0,0,0,4582

Main.js:462 283.865,281.34,243,243,-0.042,-0.011,0,0,64,0,0,0,0,0,0,0,217.703,199.913,-1.624,-1.901,0,0,0,0,0,0,0,0,233.535,118.264,312,-88.5,0.446,-0.8,0.033,-0.037,33,382.614,205.868,2.445,0.52,0,0,0,0,0,0,0,0,4597

Main.js:462 283.825,281.33,243,243,-0.04,-0.01,0,0,63,0,0,0,0,0,0,0,216.079,198.012,-1.624,-1.901,0,0,0,0,0,0,0,0,233.991,117.468,312,-90,0.456,-0.796,0.033,-0.037,32,385.059,206.388,2.445,0.52,0,0,0,0,0,0,0,0,4614

Main.js:462 283.787,281.321,243,243,-0.038,-0.01,0,0,62,0,0,0,0,1,0,0,214.455,196.111,-1.624,-1.901,0,0,0,0,0,0,0,0,234.456,116.677,312,-91.5,0.465,-0.791,0.033,-0.037,31,387.505,206.908,2.445,0.52,0,0,0,0,0,0,0,0,4632

Main.js:462 283.75,281.312,243,243,-0.036,-0.009,0,0,61,0,0,0,0,1,0,0,212.832,194.21,-1.624,-1.901,0,0,0,0,0,0,0,0,234.929,115.89,312,-93,0.473,-0.787,0.033,-0.037,30,389.95,207.428,2.445,0.52,0,0,0,0,0,0,0,0,4648

Main.js:462 283.716,281.303,243,243,-0.035,-0.009,0,0,60,0,0,0,0,1,0,0,211.208,192.309,-1.624,-1.901,0,0,0,0,0,0,0,0,235.411,115.107,312,-94.5,0.482,-0.783,0.033,-0.037,29,392.395,207.947,2.445,0.52,0,0,0,0,0,0,0,0,4663

Main.js:462 283.683,281.295,243,243,-0.033,-0.008,0,0,59,0,0,0,0,1,0,0,209.585,190.408,-1.624,-1.901,0,0,0,0,0,0,0,0,235.9,114.328,312,-96,0.489,-0.779,0.033,-0.037,28,394.841,208.467,2.445,0.52,0,0,0,0,0,0,0,0,4682

Main.js:462 283.652,281.287,243,243,-0.031,-0.008,0,0,58,0,0,0,0,1,0,0,207.961,188.507,-1.624,-1.901,0,0,0,0,0,0,0,0,236.397,113.553,312,-97.5,0.497,-0.775,0.033,-0.037,27,397.286,208.987,2.445,0.52,0,0,0,0,0,0,0,0,4698

Main.js:462 283.622,281.28,243,243,-0.03,-0.007,0,0,57,0,0,0,0,0,0,0,206.337,186.606,-1.624,-1.901,0,0,0,0,0,0,0,0,236.9,112.781,312,-99,0.504,-0.772,0.033,-0.037,26,399.732,209.507,2.445,0.52,0,0,0,0,0,0,0,0,4714

Main.js:462 283.594,281.273,243,243,-0.028,-0.007,0,0,56,0,0,0,0,0,0,0,204.714,184.705,-1.624,-1.901,0,0,0,0,0,0,0,0,237.41,112.013,312,-100.5,0.51,-0.769,0.033,-0.037,25,402.177,210.027,2.445,0.52,0,0,0,0,0,0,0,0,4731

Main.js:462 283.567,281.266,243,243,-0.027,-0.007,0,0,55,0,0,0,0,0,0,0,203.09,182.804,-1.624,-1.901,0,0,0,0,0,0,0,0,237.927,111.247,312,-102,0.516,-0.765,0.033,-0.037,24,404.622,210.546,2.445,0.52,0,0,0,0,0,0,0,0,4747

Main.js:462 283.542,281.26,243,243,-0.025,-0.006,0,0,54,0,0,0,0,0,0,0,201.467,180.903,-1.624,-1.901,0,0,0,0,0,0,0,0,238.449,110.485,312,-103.5,0.522,-0.762,0.033,-0.037,23,407.068,211.066,2.445,0.52,0,0,0,0,0,0,0,0,4766

Main.js:462 283.518,281.253,243,243,-0.024,-0.006,0,0,53,0,0,0,0,0,0,0,199.843,179.002,-1.624,-1.901,0,0,0,0,0,0,0,0,238.977,109.725,312,-105,0.528,-0.76,0.033,-0.037,22,409.513,211.586,2.445,0.52,0,0,0,0,0,0,0,0,4780

Main.js:462 283.495,281.248,243,243,-0.023,-0.006,0,0,52,0,0,0,0,1,0,0,198.219,177.101,-1.624,-1.901,0,0,0,0,0,0,0,0,239.511,108.968,312,-106.5,0.533,-0.757,0.033,-0.037,21,411.958,212.106,2.445,0.52,0,0,0,0,0,0,0,0,4798

Main.js:462 283.473,281.242,243,243,-0.022,-0.005,0,0,51,0,0,0,0,1,0,0,196.596,175.2,-1.624,-1.901,0,0,0,0,0,0,0,0,240.049,108.214,312,-108,0.539,-0.754,0.033,-0.037,20,414.404,212.625,2.445,0.52,0,0,0,0,0,0,0,0,4814

Main.js:462 283.452,281.237,243,243,-0.021,-0.005,0,0,50,0,0,0,0,1,0,0,194.972,173.299,-1.624,-1.901,0,0,0,0,0,0,0,0,240.593,107.462,312,-109.5,0.543,-0.752,0.033,-0.037,19,416.849,213.145,2.445,0.52,0,0,0,0,0,0,0,0,4833

Main.js:462 283.433,281.232,243,243,-0.02,-0.005,0,0,49,0,0,0,0,1,0,0,193.348,171.398,-1.624,-1.901,0,0,0,0,0,0,0,0,241.141,106.712,312,-111,0.548,-0.75,0.033,-0.037,18,419.294,213.665,2.445,0.52,0,0,0,0,0,0,0,0,4849

Main.js:462 283.414,281.228,243,243,-0.019,-0.005,0,0,48,0,0,0,0,1,0,0,191.725,169.497,-1.624,-1.901,0,0,0,0,0,0,0,0,241.693,105.965,312,-112.5,0.552,-0.747,0.033,-0.037,17,421.74,214.185,2.445,0.52,0,0,0,0,0,0,0,0,4866

Main.js:462 283.396,281.223,244.5,244.5,-0.018,-0.004,0,0,47,0,1,0,0,1,0,0,190.101,167.596,-1.624,-1.901,0,0,0,0,0,0,0,0,242.25,105.219,312,-114,0.557,-0.745,0.033,-0.037,16,424.185,214.705,2.445,0.52,0,0,0,0,0,0,0,0,4882

Main.js:462 283.38,281.219,246,246,-0.017,-0.004,0,0,46,0,1,0,0,0,0,0,188.478,165.695,-1.624,-1.901,0,0,0,0,0,0,0,0,242.81,104.476,312,-115.5,0.561,-0.743,0.033,-0.037,15,426.631,215.224,2.445,0.52,0,0,0,0,0,0,0,0,4898

Main.js:462 283.364,281.215,247.5,247.5,-0.016,-0.004,0,0,45,0,1,0,0,0,0,0,186.854,163.794,-1.624,-1.901,0,0,0,0,0,0,0,0,243.374,103.734,312,-117,0.564,-0.742,0.033,-0.037,14,429.076,215.744,2.445,0.52,0,0,0,0,0,0,0,0,4915

Main.js:462 283.348,281.211,249,249,-0.015,-0.004,0,0,44,0,1,0,0,0,0,0,185.23,161.893,-1.624,-1.901,0,0,0,0,0,0,0,0,243.942,102.994,312,-118.5,0.568,-0.74,0.033,-0.037,13,431.521,216.264,2.445,0.52,0,0,0,0,0,0,0,0,4931

Main.js:462 283.334,281.207,250.5,250.5,-0.014,-0.004,0,0,43,0,1,0,0,0,0,0,183.607,159.992,-1.624,-1.901,0,0,0,0,0,0,0,0,244.514,102.256,312,-120,0.571,-0.738,0.033,-0.037,12,433.967,216.784,2.445,0.52,0,0,0,0,0,0,0,0,4948

Main.js:462 283.32,281.204,252,252,-0.014,-0.003,0,0,42,0,1,0,0,0,0,0,181.983,158.091,-1.624,-1.901,0,0,0,0,0,0,0,0,245.088,101.52,312,-121.5,0.574,-0.737,0.033,-0.037,11,436.412,217.303,2.445,0.52,0,0,0,0,0,0,0,0,4965

Main.js:462 283.307,281.201,252,252,-0.013,-0.003,0,0,41,0,0,0,0,1,0,0,180.359,156.19,-1.624,-1.901,0,0,0,0,0,0,0,0,245.666,100.785,312,-123,0.578,-0.735,0.033,-0.037,10,438.857,217.823,2.445,0.52,0,0,0,0,0,0,0,0,4982

Main.js:462 283.295,281.198,252,252,-0.012,-0.003,0,0,40,0,0,0,0,1,0,0,178.736,154.289,-1.624,-1.901,0,0,0,0,0,0,0,0,246.246,100.051,312,-124.5,0.58,-0.734,0.033,-0.037,9,441.303,218.343,2.445,0.52,0,0,0,0,0,0,0,0,4998

Main.js:462 283.283,281.195,252,252,-0.012,-0.003,0,0,39,0,0,0,0,1,0,0,177.112,152.387,-1.624,-1.901,0,0,0,0,0,0,0,0,246.829,99.319,312,-126,0.583,-0.732,0.033,-0.037,8,443.748,218.863,2.445,0.52,0,0,0,0,0,0,0,0,5015

Main.js:462 283.272,281.192,252,252,-0.011,-0.003,0,0,38,0,0,0,0,1,0,0,175.489,150.486,-1.624,-1.901,0,0,0,0,0,0,0,0,247.414,98.588,310.5,-129,0.585,-0.732,0.032,-0.038,7,446.194,219.383,2.445,0.52,0,0,0,0,0,0,0,0,5033

Main.js:462 283.261,281.189,252,252,-0.011,-0.003,0,0,37,0,0,0,0,1,0,0,173.865,148.585,-1.624,-1.901,0,0,0,0,0,0,0,0,248,97.856,309,-132,0.586,-0.732,0.031,-0.039,6,448.639,219.902,2.445,0.52,0,0,0,0,0,0,0,0,5048

Main.js:462 283.251,281.187,252,252,-0.01,-0.003,0,0,36,0,0,0,0,1,0,0,172.241,146.684,-1.624,-1.901,0,0,0,0,0,0,0,0,248.585,97.122,307.5,-135,0.585,-0.733,0.03,-0.04,5,451.084,220.422,2.445,0.52,0,0,0,0,0,0,0,0,5066

Main.js:462 283.241,281.184,252,252,-0.01,-0.002,0,0,35,0,0,0,0,0,0,0,170.618,144.783,-1.624,-1.901,0,0,0,0,0,0,0,0,249.169,96.388,306,-138,0.584,-0.735,0.029,-0.04,4,453.53,220.942,2.445,0.52,0,0,0,0,0,0,0,0,5082

Main.js:462 283.232,281.182,252,252,-0.009,-0.002,0,0,34,0,0,0,0,0,0,0,168.994,142.882,-1.624,-1.901,0,0,0,0,0,0,0,0,249.75,95.65,304.5,-141,0.582,-0.737,0.028,-0.041,3,455.975,221.462,2.445,0.52,0,0,0,0,0,0,0,0,5097

Main.js:462 283.224,281.18,252,252,-0.009,-0.002,0,0,33,0,0,0,0,0,0,0,167.37,140.981,-1.624,-1.901,0,0,0,0,0,0,0,0,250.328,94.91,303,-144,0.578,-0.74,0.027,-0.042,2,458.42,221.981,2.445,0.52,0,0,0,0,0,0,0,0,5115

Main.js:462 283.216,281.178,253.5,253.5,-0.008,-0.002,0,0,32,0,1,0,0,0,0,0,165.747,139.08,-1.624,-1.901,0,0,0,0,0,0,0,0,250.903,94.166,301.5,-147,0.574,-0.744,0.026,-0.043,1,460.866,222.501,2.445,0.52,0,0,0,0,0,0,0,0,5132

Main.js:462 283.208,281.176,255,255,-0.008,-0.002,0,0,31,0,1,0,0,0,0,0,164.123,137.179,-1.624,-1.901,0,0,0,0,0,0,0,0,251.472,93.419,300,-150,0.569,-0.748,0.025,-0.043,0,463.311,223.021,2.445,0.52,0,0,0,0,0,0,0,0,5149

Main.js:462 283.2,281.174,256.5,256.5,-0.007,-0.002,0,0,30,0,1,0,0,1,0,0,162.5,135.278,-1.624,-1.901,0,0,0,0,0,0,0,0,252.035,92.667,298.5,-153,0.563,-0.752,0.024,-0.044,99,465.756,223.541,2.445,0.52,0,0,0,0,0,0,0,0,5165

Main.js:462 283.193,281.172,258,258,-0.007,-0.002,0,0,29,0,1,0,0,1,0,0,160.876,133.377,-1.624,-1.901,0,0,0,0,0,0,0,0,252.592,91.91,297,-156,0.557,-0.757,0.023,-0.045,98,468.202,224.061,2.445,0.52,230.533,82.75,-2.228,-1.135,0,0,0,0,5203

Main.js:462 283.187,281.171,258,258,-0.007,-0.002,0,0,28,0,0,0,0,1,0,0,159.252,131.476,-1.624,-1.901,0,0,0,0,0,0,0,0,253.142,91.148,295.5,-159,0.549,-0.762,0.022,-0.045,97,470.647,224.58,2.445,0.52,228.306,81.615,-2.228,-1.135,0,0,0,0,5230

Main.js:462 283.18,281.169,258,258,-0.006,-0.002,0,0,27,0,0,0,0,1,0,0,157.629,129.575,-1.624,-1.901,0,0,0,0,0,0,0,0,253.683,90.381,294,-162,0.541,-0.767,0.02,-0.046,96,473.093,225.1,2.445,0.52,226.078,80.48,-2.228,-1.135,0,0,0,0,5247

Main.js:462 283.174,281.167,258,258,-0.006,-0.002,0,0,26,0,0,0,0,0,0,0,156.005,127.674,-1.624,-1.901,0,0,0,0,0,0,0,0,254.216,89.608,292.5,-165,0.532,-0.773,0.019,-0.046,95,475.538,225.62,2.445,0.52,223.851,79.345,-2.228,-1.135,0,0,0,0,5276

Main.js:462 283.168,281.166,258,258,-0.006,-0.001,0,0,25,0,0,0,0,0,0,0,154.382,125.773,-1.624,-1.901,0,0,0,0,0,0,0,0,254.738,88.83,291,-168,0.523,-0.778,0.018,-0.047,94,477.983,226.14,2.445,0.52,221.623,78.21,-2.228,-1.135,0,0,0,0,5298

Main.js:462 283.163,281.165,258,258,-0.005,-0.001,0,0,24,0,0,0,0,0,0,0,152.758,123.872,-1.624,-1.901,0,0,0,0,0,0,0,0,255.251,88.046,289.5,-171,0.513,-0.784,0.017,-0.047,93,480.429,226.659,2.445,0.52,219.396,77.075,-2.228,-1.135,0,0,0,0,5314

Main.js:462 283.158,281.163,258,258,-0.005,-0.001,0,0,23,0,0,0,0,0,0,0,151.134,121.971,-1.624,-1.901,0,0,0,0,0,0,0,0,255.753,87.256,288,-174,0.502,-0.79,0.015,-0.048,92,482.874,227.179,2.445,0.52,217.168,75.94,-2.228,-1.135,0,0,0,0,5331

Main.js:462 283.153,281.162,259.5,259.5,-0.005,-0.001,0,0,22,0,1,0,0,1,0,0,149.511,120.07,-1.624,-1.901,0,0,0,0,0,0,0,0,256.243,86.46,286.5,-177,0.49,-0.796,0.014,-0.048,91,485.319,227.699,2.445,0.52,214.941,74.805,-2.228,-1.135,0,0,0,0,5348

Main.js:462 283.148,281.161,261,261,-0.005,-0.001,0,0,21,0,1,0,0,1,0,0,147.887,118.169,-1.624,-1.901,0,0,0,0,0,0,0,0,256.72,85.657,285,-180,0.478,-0.802,0.013,-0.048,90,487.765,228.219,2.445,0.52,212.713,73.67,-2.228,-1.135,0,0,0,0,5364

Main.js:462 283.144,281.16,262.5,262.5,-0.004,-0.001,0,0,20,0,1,0,0,1,0,0,146.263,116.268,-1.624,-1.901,0,0,0,0,0,0,0,0,257.185,84.849,283.5,-183,0.465,-0.808,0.012,-0.049,89,490.21,228.739,2.445,0.52,210.486,72.535,-2.228,-1.135,0,0,0,0,5382

Main.js:462 283.14,281.159,264,264,-0.004,-0.001,0,0,19,0,1,0,0,1,0,0,144.64,114.367,-1.624,-1.901,0,0,0,0,0,0,0,0,257.637,84.035,282,-186,0.452,-0.814,0.01,-0.049,88,492.656,229.258,2.445,0.52,208.258,71.4,-2.228,-1.135,0,0,0,0,5398

Main.js:462 283.136,281.158,265.5,265.5,-0.004,-0.001,0,0,18,0,1,0,0,1,0,0,143.016,112.466,-1.624,-1.901,0,0,0,0,0,0,0,0,258.075,83.214,280.5,-189,0.438,-0.82,0.009,-0.049,87,495.101,229.778,2.445,0.52,206.031,70.265,-2.228,-1.135,0,0,0,0,5420

Main.js:462 283.132,281.157,265.5,265.5,-0.004,-0.001,0,0,17,0,0,0,0,1,0,0,141.393,110.565,-1.624,-1.901,0,0,0,0,0,0,0,0,258.498,82.388,279,-192,0.423,-0.826,0.008,-0.049,86,497.546,230.298,2.445,0.52,203.803,69.13,-2.228,-1.135,0,0,0,0,5448

Main.js:462 283.128,281.156,265.5,265.5,-0.004,-0.001,0,0,16,0,0,0,0,0,0,0,139.769,108.664,-1.624,-1.901,0,0,0,0,0,0,0,0,258.906,81.556,277.5,-195,0.408,-0.832,0.007,-0.05,85,499.992,230.818,2.445,0.52,201.576,67.995,-2.228,-1.135,0,0,0,0,5465

Main.js:462 283.125,281.155,265.5,265.5,-0.003,-0.001,0,0,15,0,0,0,0,0,0,0,139.769,108.664,-1.624,-1.901,0,0,0,0,0,0,0,0,259.299,80.718,276,-198,0.393,-0.838,0.005,-0.05,84,199.348,66.86,-2.228,-1.135,0,0,0,0,0,0,0,0,5482

Main.js:462 283.121,281.154,265.5,265.5,-0.003,-0.001,0,0,14,0,0,0,0,0,0,0,138.145,106.763,-1.624,-1.901,0,0,0,0,0,0,0,0,259.676,79.875,274.5,-201,0.377,-0.843,0.004,-0.05,83,197.121,65.725,-2.228,-1.135,0,0,0,0,0,0,0,0,5498

Main.js:462 283.118,281.154,265.5,265.5,-0.003,-0.001,0,0,13,0,0,0,0,0,0,0,136.522,104.862,-1.624,-1.901,0,0,0,0,0,0,0,0,260.037,79.027,273,-204,0.361,-0.848,0.003,-0.05,82,194.893,64.59,-2.228,-1.135,0,0,0,0,0,0,0,0,5515

Main.js:462 283.115,281.153,265.5,265.5,-0.003,-0.001,0,0,12,0,0,0,0,0,0,0,134.898,102.961,-1.624,-1.901,0,0,0,0,0,0,0,0,260.38,78.173,271.5,-207,0.344,-0.853,0.001,-0.05,81,192.666,63.455,-2.228,-1.135,0,0,0,0,0,0,0,0,5531

Main.js:462 283.113,281.152,265.5,265.5,-0.003,-0.001,0,0,11,0,0,0,0,1,0,0,133.274,101.06,-1.624,-1.901,0,0,0,0,0,0,0,0,260.707,77.315,270,-210,0.327,-0.858,0,-0.05,80,190.438,62.32,-2.228,-1.135,0,0,0,0,0,0,0,0,5548

Main.js:462 283.11,281.151,265.5,265.5,-0.003,-0.001,0,0,10,0,0,0,0,1,0,0,131.651,99.159,-1.624,-1.901,0,0,0,0,0,0,0,0,261.016,76.452,268.5,-213,0.309,-0.863,-0.001,-0.05,79,188.211,61.185,-2.228,-1.135,0,0,0,0,0,0,0,0,5566

Main.js:462 283.107,281.151,265.5,265.5,-0.003,-0.001,0,0,9,0,0,0,0,1,0,0,130.027,97.258,-1.624,-1.901,0,0,0,0,0,0,0,0,261.307,75.585,267,-216,0.291,-0.867,-0.003,-0.05,78,185.983,60.05,-2.228,-1.135,0,0,0,0,0,0,0,0,5583

Main.js:462 283.105,281.15,265.5,265.5,-0.002,-0.001,0,0,8,0,0,0,0,1,0,0,128.404,95.357,-1.624,-1.901,0,0,0,0,0,0,0,0,261.58,74.714,265.5,-219,0.273,-0.871,-0.004,-0.05,77,183.755,58.915,-2.228,-1.135,0,0,0,0,0,0,0,0,5598

Main.js:462 283.103,281.15,265.5,265.5,-0.002,-0.001,0,0,7,0,0,0,0,1,0,0,126.78,93.456,-1.624,-1.901,0,0,0,0,0,0,0,0,261.834,73.839,264,-222,0.254,-0.875,-0.005,-0.05,76,181.528,57.78,-2.228,-1.135,0,0,0,0,0,0,0,0,5614

Main.js:462 283.101,281.149,265.5,265.5,-0.002,-0.001,0,0,6,0,0,0,0,1,0,0,125.156,91.555,-1.624,-1.901,0,0,0,0,0,0,0,0,262.069,72.961,262.5,-225,0.235,-0.878,-0.007,-0.05,75,179.3,56.646,-2.228,-1.135,0,0,0,0,0,0,0,0,5631

Main.js:462 283.098,281.149,265.5,265.5,-0.002,-0.001,0,0,5,0,0,0,0,0,0,0,123.533,89.654,-1.624,-1.901,0,0,0,0,0,0,0,0,262.285,72.079,261,-228,0.216,-0.881,-0.008,-0.049,74,177.073,55.511,-2.228,-1.135,0,0,0,0,0,0,0,0,5648

Main.js:462 283.097,281.148,265.5,265.5,-0.002,0,0,0,4,0,0,0,0,0,0,0,121.909,87.753,-1.624,-1.901,0,0,0,0,0,0,0,0,262.482,71.195,259.5,-231,0.197,-0.884,-0.009,-0.049,73,174.845,54.376,-2.228,-1.135,0,0,0,0,0,0,0,0,5665

Main.js:462 283.095,281.148,265.5,265.5,-0.002,0,0,0,3,0,0,0,0,0,0,0,120.286,85.852,-1.624,-1.901,0,0,0,0,0,0,0,0,262.659,70.309,258,-234,0.177,-0.886,-0.01,-0.049,72,172.618,53.241,-2.228,-1.135,0,0,0,0,0,0,0,0,5682

Main.js:462 283.093,281.147,265.5,265.5,-0.002,0,0,0,2,0,0,0,0,0,0,0,118.662,83.951,-1.624,-1.901,0,0,0,0,0,0,0,0,262.816,69.421,256.5,-237,0.157,-0.888,-0.012,-0.049,71,170.39,52.106,-2.228,-1.135,0,0,0,0,0,0,0,0,5698

Main.js:462 283.091,281.147,265.5,265.5,-0.002,0,0,0,1,0,0,0,0,0,0,0,117.038,82.05,-1.624,-1.901,0,0,0,0,0,0,0,0,262.953,68.532,255,-240,0.137,-0.889,-0.013,-0.048,70,168.163,50.971,-2.228,-1.135,0,0,0,0,0,0,0,0,5715

Main.js:462 283.09,281.146,265.5,265.5,-0.002,0,0,0,0,0,0,0,0,1,0,0,115.415,80.149,-1.624,-1.901,0,0,0,0,0,0,0,0,263.069,67.641,253.5,-243,0.117,-0.891,-0.014,-0.048,69,165.935,49.836,-2.228,-1.135,0,0,0,0,0,0,0,0,5731

Main.js:462 283.088,281.146,265.5,265.5,-0.002,0,0,0,99,0,0,0,0,1,0,0,113.791,78.248,-1.624,-1.901,0,0,0,0,0,0,0,0,263.165,66.75,252,-246,0.096,-0.891,-0.015,-0.048,68,163.708,48.701,-2.228,-1.135,0,0,0,0,0,0,0,0,5748

Main.js:462 283.087,281.146,265.5,265.5,-0.001,0,0,0,98,0,0,0,0,1,0,0,112.167,76.347,-1.624,-1.901,281.246,257.719,-0.196,-2.492,0,0,0,0,263.241,65.859,250.5,-249,0.075,-0.891,-0.017,-0.047,67,161.48,47.566,-2.228,-1.135,0,0,0,0,0,0,0,0,5765

Main.js:462 283.085,281.145,265.5,265.5,-0.001,0,0,0,97,0,0,0,0,1,0,0,110.544,74.446,-1.624,-1.901,281.05,255.226,-0.196,-2.492,0,0,0,0,263.295,64.968,249,-252,0.055,-0.891,-0.018,-0.047,66,159.253,46.431,-2.228,-1.135,0,0,0,0,0,0,0,0,5781

Main.js:462 283.084,281.145,265.5,265.5,-0.001,0,0,0,96,0,0,0,0,0,0,0,108.92,72.545,-1.624,-1.901,280.854,252.734,-0.196,-2.492,0,0,0,0,263.329,64.077,247.5,-255,0.034,-0.891,-0.019,-0.046,65,157.025,45.296,-2.228,-1.135,0,0,0,0,0,0,0,0,5814

Main.js:462 283.083,281.145,265.5,265.5,-0.001,0,0,0,95,0,0,0,0,0,0,0,107.297,70.644,-1.624,-1.901,280.657,250.242,-0.196,-2.492,0,0,0,0,263.341,63.188,246,-258,0.013,-0.889,-0.02,-0.046,64,154.798,44.161,-2.228,-1.135,0,0,0,0,0,0,0,0,5830

Main.js:462 283.082,281.144,265.5,265.5,-0.001,0,0,0,94,0,0,0,0,0,0,0,105.673,68.743,-1.624,-1.901,280.461,247.75,-0.196,-2.492,0,0,0,0,263.333,62.3,244.5,-261,-0.008,-0.888,-0.022,-0.045,63,152.57,43.026,-2.228,-1.135,0,0,0,0,0,0,0,0,5848

Main.js:462 283.08,281.144,265.5,265.5,-0.001,0,0,0,93,0,0,0,0,0,0,0,104.049,66.842,-1.624,-1.901,280.265,245.257,-0.196,-2.492,0,0,0,0,263.303,61.414,243,-264,-0.03,-0.886,-0.023,-0.045,62,150.343,41.891,-2.228,-1.135,0,0,0,0,0,0,0,0,5863

Main.js:462 283.079,281.144,265.5,265.5,-0.001,0,0,0,92,0,0,0,0,0,0,0,102.426,64.941,-1.624,-1.901,280.069,242.765,-0.196,-2.492,0,0,0,0,263.253,60.531,241.5,-267,-0.051,-0.883,-0.024,-0.044,61,148.115,40.756,-2.228,-1.135,0,0,0,0,0,0,0,0,5880

Main.js:462 283.078,281.144,265.5,265.5,-0.001,0,0,0,91,0,0,0,0,1,0,0,100.802,63.04,-1.624,-1.901,279.873,240.273,-0.196,-2.492,0,0,0,0,263.181,59.651,240,-270,-0.072,-0.88,-0.025,-0.043,60,145.888,39.621,-2.228,-1.135,0,0,0,0,0,0,0,0,5899

Main.js:462 283.077,281.143,265.5,265.5,-0.001,0,0,0,90,0,0,0,0,1,0,0,99.178,61.139,-1.624,-1.901,279.677,237.78,-0.196,-2.492,0,0,0,0,263.088,58.774,238.5,-273,-0.093,-0.877,-0.026,-0.043,59,143.66,38.486,-2.228,-1.135,0,0,0,0,0,0,0,0,5915

Main.js:462 283.077,281.143,265.5,265.5,-0.001,0,0,0,89,0,0,0,0,1,0,0,97.555,59.238,-1.624,-1.901,279.48,235.288,-0.196,-2.492,0,0,0,0,262.973,57.901,237,-276,-0.114,-0.873,-0.027,-0.042,58,141.433,37.351,-2.228,-1.135,0,0,0,0,0,0,0,0,5932

Main.js:462 283.076,281.143,265.5,265.5,-0.001,0,0,0,88,0,0,0,0,1,0,0,95.931,57.337,-1.624,-1.901,279.284,232.796,-0.196,-2.492,0,0,0,0,262.838,57.033,235.5,-279,-0.136,-0.868,-0.028,-0.041,57,139.205,36.216,-2.228,-1.135,0,0,0,0,0,0,0,0,5948

Main.js:462 283.075,281.143,265.5,265.5,-0.001,0,0,0,87,0,0,0,0,1,0,0,94.308,55.436,-1.624,-1.901,279.088,230.304,-0.196,-2.492,0,0,0,0,262.681,56.17,234,-282,-0.157,-0.863,-0.029,-0.04,56,136.978,35.081,-2.228,-1.135,0,0,0,0,0,0,0,0,5965

Main.js:462 283.074,281.142,265.5,265.5,-0.001,0,0,0,86,0,0,0,0,1,0,0,92.684,53.535,-1.624,-1.901,278.892,227.811,-0.196,-2.492,0,0,0,0,262.503,55.312,232.5,-285,-0.178,-0.858,-0.03,-0.04,55,134.75,33.946,-2.228,-1.135,0,0,0,0,0,0,0,0,5981

Main.js:462 283.073,281.142,264,264,-0.001,0,0,0,85,1,0,0,0,0,0,0,91.06,51.634,-1.624,-1.901,278.696,225.319,-0.196,-2.492,0,0,0,0,262.304,54.461,231,-288,-0.199,-0.852,-0.031,-0.039,54,132.523,32.811,-2.228,-1.135,0,0,0,0,0,0,0,0,5997

Main.js:462 283.073,281.142,262.5,262.5,-0.001,0,0,0,84,1,0,0,0,0,0,0,89.437,49.733,-1.624,-1.901,278.5,222.827,-0.196,-2.492,0,0,0,0,262.084,53.615,229.5,-291,-0.22,-0.845,-0.032,-0.038,53,130.295,31.676,-2.228,-1.135,0,0,0,0,0,0,0,0,6014

Main.js:462 283.072,281.142,261,261,-0.001,0,0,0,83,1,0,0,0,0,0,0,87.813,47.832,-1.624,-1.901,278.304,220.334,-0.196,-2.492,0,0,0,0,261.846,52.775,231,-291,-0.239,-0.84,-0.031,-0.039,52,128.068,30.541,-2.228,-1.135,0,0,0,0,0,0,0,0,6032

Main.js:462 283.071,281.142,259.5,259.5,-0.001,0,0,0,82,1,0,0,0,0,0,0,86.189,45.931,-1.624,-1.901,278.107,217.842,-0.196,-2.492,0,0,0,0,261.59,51.94,232.5,-291,-0.256,-0.836,-0.03,-0.04,51,125.84,29.406,-2.228,-1.135,0,0,0,0,0,0,0,0,6047

Main.js:462 283.071,281.142,258,258,-0.001,0,0,0,81,1,0,0,0,0,0,0,84.566,44.03,-1.624,-1.901,277.911,215.35,-0.196,-2.492,0,0,0,0,261.32,51.108,234,-291,-0.271,-0.832,-0.029,-0.04,50,123.613,28.271,-2.228,-1.135,0,0,0,0,0,0,0,0,6065

Main.js:462 283.07,281.141,256.5,256.5,-0.001,0,0,0,80,1,0,0,0,1,0,0,82.942,42.129,-1.624,-1.901,277.715,212.857,-0.196,-2.492,0,0,0,0,261.035,50.278,235.5,-291,-0.284,-0.83,-0.028,-0.041,49,121.385,27.136,-2.228,-1.135,0,0,0,0,0,0,0,0,6081

Main.js:462 283.07,281.141,255,255,-0.001,0,0,0,79,1,0,0,0,1,0,0,81.319,40.228,-1.624,-1.901,277.519,210.365,-0.196,-2.492,0,0,0,0,260.74,49.45,237,-291,-0.296,-0.828,-0.027,-0.042,48,119.158,26.001,-2.228,-1.135,0,0,0,0,0,0,0,0,6098

Main.js:462 283.069,281.141,253.5,253.5,-0.001,0,0,0,78,1,0,0,0,1,0,0,79.695,38.327,-1.624,-1.901,277.323,207.873,-0.196,-2.492,0,0,0,0,260.434,48.622,238.5,-291,-0.306,-0.827,-0.026,-0.043,47,116.93,24.866,-2.228,-1.135,0,0,0,0,0,0,0,0,6115

Main.js:462 283.069,281.141,253.5,253.5,0,0,0,0,77,0,0,0,0,1,0,0,78.071,36.426,-1.624,-1.901,277.127,205.381,-0.196,-2.492,0,0,0,0,260.12,47.795,240,-291,-0.314,-0.827,-0.025,-0.043,46,114.702,23.731,-2.228,-1.135,0,0,0,0,0,0,0,0,6132

Main.js:462 283.068,281.141,253.5,253.5,0,0,0,0,76,0,0,0,0,1,0,0,76.448,34.525,-1.624,-1.901,276.931,202.888,-0.196,-2.492,0,0,0,0,259.798,46.968,241.5,-291,-0.321,-0.827,-0.024,-0.044,45,112.475,22.596,-2.228,-1.135,0,0,0,0,0,0,0,0,6148

Main.js:462 283.068,281.141,253.5,253.5,0,0,0,0,75,0,0,0,0,1,0,0,74.824,32.624,-1.624,-1.901,276.734,200.396,-0.196,-2.492,0,0,0,0,259.472,46.14,243,-291,-0.327,-0.828,-0.023,-0.045,44,110.247,21.461,-2.228,-1.135,0,0,0,0,0,0,0,0,6166

Main.js:462 283.067,281.141,253.5,253.5,0,0,0,0,74,0,0,0,0,1,0,0,73.201,30.723,-1.624,-1.901,276.538,197.904,-0.196,-2.492,0,0,0,0,259.141,45.31,244.5,-291,-0.331,-0.83,-0.022,-0.045,43,108.02,20.326,-2.228,-1.135,0,0,0,0,0,0,0,0,6209

Main.js:462 283.067,281.141,253.5,253.5,0,0,0,0,73,0,0,0,0,0,0,0,71.577,28.822,-1.624,-1.901,276.342,195.411,-0.196,-2.492,0,0,0,0,258.807,44.478,246,-291,-0.334,-0.832,-0.02,-0.046,42,105.792,19.191,-2.228,-1.135,0,0,0,0,0,0,0,0,6231

Main.js:462 283.067,281.141,253.5,253.5,0,0,0,0,72,0,0,0,0,0,0,0,69.953,26.921,-1.624,-1.901,276.146,192.919,-0.196,-2.492,0,0,0,0,258.472,43.644,247.5,-291,-0.335,-0.834,-0.019,-0.046,41,103.565,18.056,-2.228,-1.135,0,0,0,0,0,0,0,0,6248

Main.js:462 283.066,281.14,253.5,253.5,0,0,0,0,71,0,0,0,0,0,0,0,68.33,25.019,-1.624,-1.901,275.95,190.427,-0.196,-2.492,0,0,0,0,258.137,42.807,249,-291,-0.335,-0.837,-0.018,-0.047,40,101.337,16.921,-2.228,-1.135,0,0,0,0,0,0,0,0,6264

Main.js:462 283.066,281.14,253.5,253.5,0,0,0,0,70,0,0,0,0,1,0,0,66.706,23.118,-1.624,-1.901,275.754,187.935,-0.196,-2.492,0,0,0,0,257.802,41.968,250.5,-291,-0.334,-0.84,-0.017,-0.047,39,99.11,15.786,-2.228,-1.135,0,0,0,0,0,0,0,0,6282

Main.js:462 283.066,281.14,253.5,253.5,0,0,0,0,69,0,0,0,0,1,0,0,65.082,21.217,-1.624,-1.901,275.558,185.442,-0.196,-2.492,0,0,0,0,257.47,41.125,252,-291,-0.332,-0.843,-0.015,-0.048,38,96.882,14.651,-2.228,-1.135,0,0,0,0,0,0,0,0,6298

Main.js:462 283.065,281.14,253.5,253.5,0,0,0,0,68,0,0,0,0,1,0,0,63.459,19.316,-1.624,-1.901,275.361,182.95,-0.196,-2.492,0,0,0,0,257.14,40.279,253.5,-291,-0.329,-0.846,-0.014,-0.048,37,94.655,13.516,-2.228,-1.135,0,0,0,0,0,0,0,0,6314

Main.js:462 283.065,281.14,253.5,253.5,0,0,0,0,67,0,0,0,0,1,0,0,61.835,17.415,-1.624,-1.901,275.165,180.458,-0.196,-2.492,0,0,0,0,256.815,39.429,255,-291,-0.325,-0.85,-0.013,-0.048,36,92.427,12.381,-2.228,-1.135,0,0,0,0,0,0,0,0,6332

Main.js:462 283.065,281.14,253.5,253.5,0,0,0,0,66,0,0,0,0,1,0,0,60.212,15.514,-1.624,-1.901,274.969,177.965,-0.196,-2.492,0,0,0,0,256.495,38.576,256.5,-291,-0.32,-0.853,-0.012,-0.049,35,90.2,11.246,-2.228,-1.135,0,0,0,0,0,0,0,0,6348

Main.js:462 283.064,281.14,253.5,253.5,0,0,0,0,65,0,0,0,0,0,0,0,58.588,13.613,-1.624,-1.901,274.773,175.473,-0.196,-2.492,0,0,0,0,256.182,37.718,258,-291,-0.314,-0.857,-0.01,-0.049,34,87.972,10.111,-2.228,-1.135,0,0,0,0,0,0,0,0,6365

Main.js:462 283.064,281.14,253.5,253.5,0,0,0,0,64,0,0,0,0,0,0,0,56.964,11.712,-1.624,-1.901,274.577,172.981,-0.196,-2.492,0,0,0,0,255.875,36.857,259.5,-291,-0.307,-0.861,-0.009,-0.049,33,85.745,8.977,-2.228,-1.135,0,0,0,0,0,0,0,0,6380

Main.js:462 283.064,281.14,253.5,253.5,0,0,0,0,63,0,0,0,0,0,0,0,55.341,9.811,-1.624,-1.901,274.381,170.489,-0.196,-2.492,0,0,0,0,255.576,35.992,261,-291,-0.299,-0.865,-0.008,-0.049,32,83.517,7.842,-2.228,-1.135,0,0,0,0,0,0,0,0,6399

Main.js:462 283.064,281.14,253.5,253.5,0,0,0,0,62,0,0,0,0,0,0,0,53.717,7.91,-1.624,-1.901,274.185,167.996,-0.196,-2.492,0,0,0,0,255.286,35.124,262.5,-291,-0.29,-0.869,-0.007,-0.05,31,81.29,6.707,-2.228,-1.135,0,0,0,0,0,0,0,0,6416

Main.js:462 283.063,281.14,253.5,253.5,0,0,0,0,61,0,0,0,0,0,0,0,52.093,6.009,-1.624,-1.901,273.988,165.504,-0.196,-2.492,0,0,0,0,255.005,34.251,264,-291,-0.281,-0.873,-0.005,-0.05,30,79.062,5.572,-2.228,-1.135,0,0,0,0,0,0,0,0,6432

Main.js:462 283.063,281.14,253.5,253.5,0,0,0,0,60,0,0,0,0,0,0,0,50.47,4.108,-1.624,-1.901,273.792,163.012,-0.196,-2.492,0,0,0,0,254.735,33.375,265.5,-291,-0.27,-0.876,-0.004,-0.05,29,76.835,4.437,-2.228,-1.135,0,0,0,0,0,0,0,0,6448

Main.js:462 283.063,281.14,253.5,253.5,0,0,0,0,59,0,0,0,0,1,0,0,48.846,2.207,-1.624,-1.901,273.596,160.519,-0.196,-2.492,0,0,0,0,254.476,32.495,267,-291,-0.259,-0.88,-0.003,-0.05,28,74.607,3.302,-2.228,-1.135,0,0,0,0,0,0,0,0,6464

Main.js:462 283.063,281.14,253.5,253.5,0,0,0,0,58,0,0,0,0,1,0,0,47.223,0.306,-1.624,-1.901,273.4,158.027,-0.196,-2.492,0,0,0,0,254.228,31.611,268.5,-291,-0.248,-0.883,-0.001,-0.05,27,72.38,2.167,-2.228,-1.135,0,0,0,0,0,0,0,0,6481

Main.js:462 283.063,281.14,253.5,253.5,0,0,0,0,57,0,0,0,0,1,0,0,273.204,155.535,-0.196,-2.492,0,0,0,0,0,0,0,0,253.993,30.724,270,-291,-0.235,-0.887,0,-0.05,26,72.38,2.167,-2.228,-1.135,0,0,0,0,0,0,0,0,6498

Main.js:462 283.063,281.14,253.5,253.5,0,0,0,0,56,0,0,0,0,1,0,0,273.008,153.042,-0.196,-2.492,0,0,0,0,0,0,0,0,253.771,29.835,271.5,-291,-0.222,-0.89,0.001,-0.05,25,70.152,1.032,-2.228,-1.135,0,0,0,0,0,0,0,0,6516

Main.js:462 283.062,281.14,253.5,253.5,0,0,0,0,55,0,0,0,0,1,0,0,273.008,153.042,-0.196,-2.492,0,0,0,0,0,0,0,0,253.561,28.942,271.5,-292.5,-0.21,-0.893,0.001,-0.05,24,0,0,0,0,0,0,0,0,0,0,0,0,6531

Main.js:462 283.062,281.139,253.5,253.5,0,0,0,0,54,0,0,0,0,1,0,0,272.811,150.55,-0.196,-2.492,0,0,0,0,0,0,0,0,253.363,28.046,271.5,-294,-0.198,-0.896,0.001,-0.05,23,0,0,0,0,0,0,0,0,0,0,0,0,6550

Main.js:462 283.062,281.139,253.5,253.5,0,0,0,0,53,0,0,0,0,0,0,0,272.615,148.058,-0.196,-2.492,0,0,0,0,0,0,0,0,253.176,27.147,271.5,-295.5,-0.187,-0.898,0.001,-0.05,22,0,0,0,0,0,0,0,0,0,0,0,0,6565

Main.js:462 283.062,281.139,253.5,253.5,0,0,0,0,52,0,0,0,0,0,0,0,272.419,145.566,-0.196,-2.492,0,0,0,0,0,0,0,0,252.999,26.246,271.5,-297,-0.176,-0.901,0.001,-0.05,21,0,0,0,0,0,0,0,0,0,0,0,0,6581

Main.js:462 283.062,281.139,253.5,253.5,0,0,0,0,51,0,0,0,0,0,0,0,272.223,143.073,-0.196,-2.492,0,0,0,0,0,0,0,0,252.833,25.343,271.5,-298.5,-0.166,-0.903,0.001,-0.05,20,0,0,0,0,0,0,0,0,0,0,0,0,6598

Main.js:462 283.062,281.139,253.5,253.5,0,0,0,0,50,0,0,0,0,0,0,0,272.027,140.581,-0.196,-2.492,0,0,0,0,0,0,0,0,252.676,24.437,271.5,-300,-0.157,-0.906,0.001,-0.05,19,0,0,0,0,0,0,0,0,0,0,0,0,6615

Main.js:462 283.062,281.139,253.5,253.5,0,0,0,0,49,0,0,0,0,0,0,0,271.831,138.089,-0.196,-2.492,0,0,0,0,0,0,0,0,252.529,23.529,271.5,-301.5,-0.148,-0.908,0.001,-0.05,18,0,0,0,0,0,0,0,0,0,0,0,0,6631

Main.js:462 283.061,281.139,253.5,253.5,0,0,0,0,48,0,0,0,0,1,0,0,271.635,135.596,-0.196,-2.492,0,0,0,0,0,0,0,0,252.39,22.619,271.5,-303,-0.139,-0.91,0.001,-0.05,17,0,0,0,0,0,0,0,0,0,0,0,0,6647

Main.js:462 283.061,281.139,253.5,253.5,0,0,0,0,47,0,0,0,0,1,0,0,271.438,133.104,-0.196,-2.492,0,0,0,0,0,0,0,0,252.259,21.707,271.5,-304.5,-0.131,-0.912,0.001,-0.05,16,0,0,0,0,0,0,0,0,0,0,0,0,6664

Main.js:462 283.061,281.139,253.5,253.5,0,0,0,0,46,0,0,0,0,1,0,0,271.242,130.612,-0.196,-2.492,0,0,0,0,0,0,0,0,252.136,20.793,271.5,-306,-0.123,-0.914,0.001,-0.05,15,0,0,0,0,0,0,0,0,0,0,0,0,6680

Main.js:462 283.061,281.139,253.5,253.5,0,0,0,0,45,0,0,0,0,1,0,0,271.046,128.12,-0.196,-2.492,0,0,0,0,0,0,0,0,252.02,19.878,271.5,-307.5,-0.116,-0.916,0.001,-0.05,14,0,0,0,0,0,0,0,0,0,0,0,0,6697

Main.js:462 283.061,281.139,253.5,253.5,0,0,0,0,44,0,0,0,0,1,0,0,270.85,125.627,-0.196,-2.492,0,0,0,0,0,0,0,0,251.912,18.96,271.5,-309,-0.109,-0.917,0.001,-0.05,13,0,0,0,0,0,0,0,0,0,0,0,0,6714

Main.js:462 283.061,281.139,253.5,253.5,0,0,0,0,43,0,0,0,0,1,0,0,270.654,123.135,-0.196,-2.492,0,0,0,0,0,0,0,0,251.81,18.041,271.5,-310.5,-0.102,-0.919,0.001,-0.05,12,0,0,0,0,0,0,0,0,0,0,0,0,6731

Main.js:462 283.061,281.139,253.5,253.5,0,0,0,0,42,0,0,0,0,0,0,0,270.458,120.643,-0.196,-2.492,0,0,0,0,0,0,0,0,251.714,17.121,271.5,-312,-0.096,-0.921,0.001,-0.05,11,0,0,0,0,0,0,0,0,0,0,0,0,6747

Main.js:462 283.061,281.139,253.5,253.5,0,0,0,0,41,0,0,0,0,0,0,0,270.262,118.15,-0.196,-2.492,0,0,0,0,0,0,0,0,251.625,16.199,271.5,-313.5,-0.09,-0.922,0.001,-0.05,10,0,0,0,0,0,0,0,0,0,0,0,0,6764

Main.js:462 283.061,281.139,253.5,253.5,0,0,0,0,40,0,0,0,0,0,0,0,270.065,115.658,-0.196,-2.492,0,0,0,0,0,0,0,0,251.541,15.276,271.5,-315,-0.084,-0.923,0.001,-0.05,9,0,0,0,0,0,0,0,0,0,0,0,0,6781

Main.js:462 283.061,281.139,253.5,253.5,0,0,0,0,39,0,0,0,0,0,0,0,269.869,113.166,-0.196,-2.492,0,0,0,0,0,0,0,0,251.541,15.276,271.5,-316.5,-0.078,-0.925,0.001,-0.05,8,0,0,0,0,0,0,0,0,0,0,0,0,6798

Main.js:462 283.061,281.139,253.5,253.5,0,0,0,0,38,0,0,0,0,0,0,0,269.673,110.673,-0.196,-2.492,0,0,0,0,0,0,0,0,251.541,15.276,271.5,-318,-0.073,-0.926,0.001,-0.05,7,0,0,0,0,0,0,0,0,0,0,0,0,6816

Main.js:462 283.061,281.139,253.5,253.5,0,0,0,0,37,0,0,0,0,0,0,0,269.477,108.181,-0.196,-2.492,0,0,0,0,0,0,0,0,251.541,15.276,271.5,-319.5,-0.068,-0.927,0.001,-0.05,6,0,0,0,0,0,0,0,0,0,0,0,0,6832

Main.js:462 283.061,281.139,253.5,253.5,0,0,0,0,36,0,0,0,0,1,0,0,269.281,105.689,-0.196,-2.492,0,0,0,0,0,0,0,0,251.541,15.276,271.5,-321,-0.064,-0.928,0.001,-0.05,5,0,0,0,0,0,0,0,0,0,0,0,0,6848

Main.js:462 283.06,281.139,253.5,253.5,0,0,0,0,35,0,0,0,0,1,0,0,269.085,103.197,-0.196,-2.492,0,0,0,0,0,0,0,0,251.541,15.276,271.5,-322.5,-0.059,-0.929,0.001,-0.05,4,0,0,0,0,0,0,0,0,0,0,0,0,6865

Main.js:462 283.06,281.139,253.5,253.5,0,0,0,0,34,0,0,0,0,1,0,0,268.889,100.704,-0.196,-2.492,0,0,0,0,0,0,0,0,251.541,15.276,271.5,-324,-0.055,-0.93,0.001,-0.05,3,0,0,0,0,0,0,0,0,0,0,0,0,6882

Main.js:462 283.06,281.139,253.5,253.5,0,0,0,0,33,0,0,0,0,1,0,0,268.692,98.212,-0.196,-2.492,0,0,0,0,0,0,0,0,251.541,15.276,271.5,-325.5,-0.051,-0.931,0.001,-0.05,2,0,0,0,0,0,0,0,0,0,0,0,0,6897

Main.js:462 283.06,281.139,253.5,253.5,0,0,0,0,32,0,0,0,0,1,0,0,268.496,95.72,-0.196,-2.492,0,0,0,0,0,0,0,0,251.541,15.276,271.5,-327,-0.047,-0.932,0.001,-0.05,1,0,0,0,0,0,0,0,0,0,0,0,0,6914

Main.js:462 283.06,281.139,253.5,253.5,0,0,0,0,31,0,0,0,0,0,0,0,268.3,93.227,-0.196,-2.492,0,0,0,0,0,0,0,0,251.541,15.276,271.5,-328.5,-0.044,-0.933,0.001,-0.05,0,0,0,0,0,0,0,0,0,0,0,0,0,6931

Main.js:462 283.06,281.139,253.5,253.5,0,0,0,0,30,0,0,0,0,0,0,0,268.104,90.735,-0.196,-2.492,0,0,0,0,0,0,0,0,251.541,15.276,271.5,-330,-0.04,-0.934,0.001,-0.05,99,0,0,0,0,0,0,0,0,0,0,0,0,6949

Main.js:462 283.06,281.139,253.5,253.5,0,0,0,0,29,0,0,0,0,0,0,0,267.908,88.243,-0.196,-2.492,0,0,0,0,0,0,0,0,251.541,15.276,271.5,-331.5,-0.037,-0.935,0.001,-0.05,98,271.892,27.026,2.165,1.25,0,0,0,0,0,0,0,0,6964

Main.js:462 283.06,281.139,253.5,253.5,0,0,0,0,28,0,0,0,0,0,0,0,267.712,85.751,-0.196,-2.492,0,0,0,0,0,0,0,0,251.541,15.276,271.5,-333,-0.034,-0.935,0.001,-0.05,97,274.057,28.276,2.165,1.25,0,0,0,0,0,0,0,0,6982

Main.js:462 283.06,281.139,253.5,253.5,0,0,0,0,27,0,0,0,0,0,0,0,267.515,83.258,-0.196,-2.492,0,0,0,0,0,0,0,0,251.541,15.276,271.5,-334.5,-0.031,-0.936,0.001,-0.05,96,276.222,29.526,2.165,1.25,0,0,0,0,0,0,0,0,6997

Main.js:462 283.06,281.139,253.5,253.5,0,0,0,0,26,0,0,0,0,1,0,0,267.319,80.766,-0.196,-2.492,0,0,0,0,0,0,0,0,251.541,15.276,271.5,-336,-0.028,-0.937,0.001,-0.05,95,278.387,30.776,2.165,1.25,0,0,0,0,0,0,0,0,7015

Main.js:462 283.06,281.139,253.5,253.5,0,0,0,0,25,0,0,0,0,1,0,0,267.123,78.274,-0.196,-2.492,0,0,0,0,0,0,0,0,251.541,15.276,270,-339,-0.027,-0.938,0,-0.05,94,280.553,32.026,2.165,1.25,0,0,0,0,0,0,0,0,7032

Main.js:462 283.06,281.139,253.5,253.5,0,0,0,0,24,0,0,0,0,1,0,0,266.927,75.781,-0.196,-2.492,0,0,0,0,0,0,0,0,251.541,15.276,268.5,-342,-0.027,-0.938,-0.001,-0.05,93,282.718,33.276,2.165,1.25,0,0,0,0,0,0,0,0,7048

Main.js:462 283.06,281.139,253.5,253.5,0,0,0,0,23,0,0,0,0,1,0,0,266.731,73.289,-0.196,-2.492,0,0,0,0,0,0,0,0,251.541,15.276,267,-345,-0.028,-0.939,-0.003,-0.05,92,284.883,34.526,2.165,1.25,0,0,0,0,0,0,0,0,7064

Main.js:462 283.06,281.139,253.5,253.5,0,0,0,0,22,0,0,0,0,1,0,0,266.535,70.797,-0.196,-2.492,0,0,0,0,0,0,0,0,251.541,15.276,265.5,-348,-0.03,-0.939,-0.004,-0.05,91,287.048,35.776,2.165,1.25,0,0,0,0,0,0,0,0,7083

Main.js:462 283.06,281.139,253.5,253.5,0,0,0,0,21,0,0,0,0,1,0,0,266.339,68.304,-0.196,-2.492,0,0,0,0,0,0,0,0,251.541,15.276,264,-351,-0.034,-0.939,-0.005,-0.05,90,289.213,37.026,2.165,1.25,0,0,0,0,0,0,0,0,7097

Main.js:462 283.06,281.139,253.5,253.5,0,0,0,0,20,0,0,0,0,0,0,0,266.142,65.812,-0.196,-2.492,0,0,0,0,0,0,0,0,251.541,15.276,262.5,-354,-0.038,-0.939,-0.007,-0.05,89,291.378,38.276,2.165,1.25,0,0,0,0,0,0,0,0,7115

Main.js:462 283.06,281.139,253.5,253.5,0,0,0,0,19,0,0,0,0,0,0,0,265.946,63.32,-0.196,-2.492,0,0,0,0,0,0,0,0,251.541,15.276,261,-357,-0.044,-0.939,-0.008,-0.049,88,293.543,39.526,2.165,1.25,0,0,0,0,0,0,0,0,7131

Main.js:462 283.06,281.139,253.5,253.5,0,0,0,0,18,0,0,0,0,0,0,0,265.75,60.828,-0.196,-2.492,0,0,0,0,0,0,0,0,251.541,15.276,259.5,0,-0.05,-0.939,-0.009,-0.049,87,295.708,40.776,2.165,1.25,0,0,0,0,0,0,0,0,7149

Main.js:462 283.06,281.139,253.5,253.5,0,0,0,0,17,0,0,0,0,0,0,0,265.554,58.335,-0.196,-2.492,0,0,0,0,0,0,0,0,251.541,15.276,258,-3,-0.057,-0.939,-0.01,-0.049,86,297.873,42.026,2.165,1.25,0,0,0,0,0,0,0,0,7165

Main.js:462 283.06,281.139,253.5,253.5,0,0,0,0,16,0,0,0,0,0,0,0,265.358,55.843,-0.196,-2.492,0,0,0,0,0,0,0,0,251.541,15.276,256.5,-6,-0.066,-0.938,-0.012,-0.049,85,300.038,43.276,2.165,1.25,0,0,0,0,0,0,0,0,7181

Main.js:462 283.06,281.139,253.5,253.5,0,0,0,0,15,0,0,0,0,0,0,0,265.162,53.351,-0.196,-2.492,0,0,0,0,0,0,0,0,251.541,15.276,255,-9,-0.075,-0.937,-0.013,-0.048,84,302.203,44.526,2.165,1.25,0,0,0,0,0,0,0,0,7198

Main.js:462 283.06,281.139,253.5,253.5,0,0,0,0,14,0,0,0,0,1,0,0,264.966,50.858,-0.196,-2.492,0,0,0,0,0,0,0,0,251.541,15.276,253.5,-12,-0.084,-0.936,-0.014,-0.048,83,304.368,45.776,2.165,1.25,0,0,0,0,0,0,0,0,7216

Main.js:462 283.06,281.139,253.5,253.5,0,0,0,0,13,0,0,0,0,1,0,0,264.769,48.366,-0.196,-2.492,0,0,0,0,0,0,0,0,251.541,15.276,252,-15,-0.095,-0.934,-0.015,-0.048,82,306.533,47.026,2.165,1.25,0,0,0,0,0,0,0,0,7231

Main.js:462 283.06,281.139,253.5,253.5,0,0,0,0,12,0,0,0,0,1,0,0,264.573,45.874,-0.196,-2.492,0,0,0,0,0,0,0,0,251.541,15.276,250.5,-18,-0.106,-0.932,-0.017,-0.047,81,308.698,48.276,2.165,1.25,0,0,0,0,0,0,0,0,7248

Main.js:462 283.06,281.139,253.5,253.5,0,0,0,0,11,0,0,0,0,1,0,0,264.377,43.382,-0.196,-2.492,0,0,0,0,0,0,0,0,251.541,15.276,249,-21,-0.118,-0.93,-0.018,-0.047,80,310.863,49.526,2.165,1.25,0,0,0,0,0,0,0,0,7265

Main.js:462 283.06,281.139,253.5,253.5,0,0,0,0,10,0,0,0,0,1,0,0,264.181,40.889,-0.196,-2.492,0,0,0,0,0,0,0,0,251.541,15.276,247.5,-24,-0.13,-0.927,-0.019,-0.046,79,313.028,50.776,2.165,1.25,0,0,0,0,0,0,0,0,7281

Main.js:462 283.06,281.139,253.5,253.5,0,0,0,0,9,0,0,0,0,0,0,0,263.985,38.397,-0.196,-2.492,0,0,0,0,0,0,0,0,251.541,15.276,246,-27,-0.143,-0.924,-0.02,-0.046,78,315.194,52.026,2.165,1.25,0,0,0,0,0,0,0,0,7299

Main.js:462 283.06,281.139,253.5,253.5,0,0,0,0,8,0,0,0,0,0,0,0,263.789,35.905,-0.196,-2.492,0,0,0,0,0,0,0,0,251.541,15.276,244.5,-30,-0.156,-0.921,-0.022,-0.045,77,317.359,53.276,2.165,1.25,0,0,0,0,0,0,0,0,7314

Main.js:462 283.06,281.139,253.5,253.5,0,0,0,0,7,0,0,0,0,0,0,0,263.593,33.412,-0.196,-2.492,0,0,0,0,0,0,0,0,251.541,15.276,243,-33,-0.17,-0.917,-0.023,-0.045,76,319.524,54.526,2.165,1.25,0,0,0,0,0,0,0,0,7331

Main.js:462 283.06,281.139,253.5,253.5,0,0,0,0,6,0,0,0,0,0,0,0,263.396,30.92,-0.196,-2.492,0,0,0,0,0,0,0,0,251.541,15.276,241.5,-36,-0.184,-0.913,-0.024,-0.044,75,321.689,55.776,2.165,1.25,0,0,0,0,0,0,0,0,7349

Main.js:462 283.06,281.139,253.5,253.5,0,0,0,0,5,0,0,0,0,0,0,0,263.396,30.92,-0.196,-2.492,0,0,0,0,0,0,0,0,251.541,15.276,240,-39,-0.199,-0.909,-0.025,-0.043,74,321.689,55.776,2.165,1.25,0,0,0,0,0,0,0,0,7365

