Main.js:143 myTank.x,myTank.y,myTank.rotation,myTank.cannonRotation,myTank.velocityX,myTank.velocityY,myTank.accelerationX,myTank.accelerationY,myTank.shootCooldown,myTank.controls.turnLeft,myTank.controls.turnRight,myTank.controls.goForward,myTank.controls.goBack,myTank.controls.shoot,myTank.controls.cannonLeft,myTank.controls.cannonRight,myBullet1.x,myBullet1.y,myBullet1.velocityX,myBullet1.velocityY,myBullet2.x,myBullet2.y,myBullet2.velocityX,myBullet2.velocityY,myBullet3.x,myBullet3.y,myBullet3.velocityX,myBullet3.velocityY,enemyTank.x,enemyTank.y,enemyTank.rotation,enemyTank.cannonRotation,enemyTank.velocityX,enemyTank.velocityY,enemyTank.accelerationX,enemyTank.accelerationY,enemyTank.shootCooldown,enemyBullet1.x,enemyBullet1.y,enemyBullet1.velocityX,enemyBullet1.velocityY,enemyBullet2.x,enemyBullet2.y,enemyBullet2.velocityX,enemyBullet2.velocityY,enemyBullet3.x,enemyBullet3.y,enemyBullet3.velocityX,enemyBullet3.velocityY,currentGameTime
Main.js:462 450,357,180,180,0,0,0,0,0,0,0,0,0,0,0,0,0,0,0,0,0,0,0,0,0,0,0,0,50,143,0,0,0,0,0,0,0,0,0,0,0,0,0,0,0,0,0,0,0,5

Main.js:462 450,357,180,180,0,0,0,0,0,0,0,0,0,0,0,0,0,0,0,0,0,0,0,0,0,0,0,0,50,143,0,0,0,0,0,0,0,0,0,0,0,0,0,0,0,0,0,0,0,33

Main.js:462 450,357,180,180,0,0,0,0,0,0,0,0,0,0,0,0,0,0,0,0,0,0,0,0,0,0,0,0,50.047,143.001,1.5,0,0.047,0.001,0.05,0.001,99,0,0,0,0,0,0,0,0,0,0,0,0,50

Main.js:462 450,357,180,180,0,0,0,0,0,0,0,0,0,0,0,0,0,0,0,0,0,0,0,0,0,0,0,0,50.14,143.005,3,0,0.093,0.004,0.05,0.003,98,73.5,143,2.5,0,0,0,0,0,0,0,0,0,66

Main.js:462 450,357,180,180,0,0,0,0,0,0,0,0,0,0,0,0,0,0,0,0,0,0,0,0,0,0,0,0,50.275,143.012,4.5,0,0.135,0.007,0.05,0.004,97,76,143,2.5,0,0,0,0,0,0,0,0,0,82

Main.js:462 450,357,180,180,0,0,0,0,0,0,0,0,0,0,0,0,0,0,0,0,0,0,0,0,0,0,0,0,50.451,143.024,6,0,0.176,0.012,0.05,0.005,96,78.5,143,2.5,0,0,0,0,0,0,0,0,0,100

Main.js:462 450,357,180,180,0,0,0,0,0,0,0,0,0,0,0,0,0,0,0,0,0,0,0,0,0,0,0,0,50.665,143.041,7.5,0,0.214,0.017,0.05,0.007,95,81,143,2.5,0,0,0,0,0,0,0,0,0,116

Main.js:462 450,357,180,180,0,0,0,0,0,0,0,0,0,0,0,0,0,0,0,0,0,0,0,0,0,0,0,0,50.915,143.065,9,0,0.25,0.024,0.049,0.008,94,83.5,143,2.5,0,0,0,0,0,0,0,0,0,133

Main.js:462 449.953,357,180,180,-0.047,0,-0.05,0,0,0,0,1,0,0,0,0,0,0,0,0,0,0,0,0,0,0,0,0,51.2,143.097,10.5,0,0.284,0.031,0.049,0.009,93,86,143,2.5,0,0,0,0,0,0,0,0,0,149

Main.js:462 449.86,357,180,180,-0.093,0,-0.05,0,0,0,0,1,0,0,0,0,0,0,0,0,0,0,0,0,0,0,0,0,51.517,143.137,12,0,0.317,0.04,0.049,0.01,92,88.5,143,2.5,0,0,0,0,0,0,0,0,0,167

Main.js:462 449.724,357,180,180,-0.135,0,-0.05,0,0,0,0,1,0,0,0,0,0,0,0,0,0,0,0,0,0,0,0,0,51.864,143.185,13.5,0,0.347,0.049,0.049,0.012,91,91,143,2.5,0,0,0,0,0,0,0,0,0,182

Main.js:462 449.548,357,180,180,-0.176,0,-0.05,0,0,0,0,1,0,0,0,0,0,0,0,0,0,0,0,0,0,0,0,0,52.239,143.244,15,0,0.376,0.059,0.048,0.013,90,93.5,143,2.5,0,0,0,0,0,0,0,0,0,200

Main.js:462 449.333,357,180,180,-0.215,0,-0.05,0,0,0,0,1,0,0,0,0,0,0,0,0,0,0,0,0,0,0,0,0,52.641,143.313,16.5,0,0.402,0.069,0.048,0.014,89,96,143,2.5,0,0,0,0,0,0,0,0,0,215

Main.js:462 449.082,357,180,180,-0.252,0,-0.05,0,0,0,0,1,0,0,0,0,0,0,0,0,0,0,0,0,0,0,0,0,53.069,143.394,18,0,0.427,0.08,0.048,0.015,88,98.5,143,2.5,0,0,0,0,0,0,0,0,0,233

Main.js:462 448.795,357,180,180,-0.287,0,-0.05,0,0,0,0,1,0,0,0,0,0,0,0,0,0,0,0,0,0,0,0,0,53.52,143.486,19.5,0,0.451,0.092,0.047,0.017,87,101,143,2.5,0,0,0,0,0,0,0,0,0,249

Main.js:462 448.475,357,180,180,-0.32,0,-0.05,0,0,0,0,1,0,0,0,0,0,0,0,0,0,0,0,0,0,0,0,0,53.992,143.591,21,0,0.473,0.105,0.047,0.018,86,103.5,143,2.5,0,0,0,0,0,0,0,0,0,266

Main.js:462 448.124,357,180,180,-0.351,0,-0.05,0,0,0,0,1,0,0,0,0,0,0,0,0,0,0,0,0,0,0,0,0,54.485,143.708,22.5,0,0.493,0.118,0.046,0.019,85,106,143,2.5,0,0,0,0,0,0,0,0,0,282

Main.js:462 447.743,357,180,180,-0.381,0,-0.05,0,0,0,0,1,0,0,0,0,0,0,0,0,0,0,0,0,0,0,0,0,54.997,143.84,24,0,0.512,0.131,0.046,0.02,84,108.5,143,2.5,0,0,0,0,0,0,0,0,0,300

Main.js:462 447.333,356.999,181.5,181.5,-0.41,-0.001,-0.05,-0.001,0,0,1,1,0,0,0,0,0,0,0,0,0,0,0,0,0,0,0,0,55.526,143.985,25.5,0,0.529,0.145,0.045,0.022,83,111,143,2.5,0,0,0,0,0,0,0,0,0,316

Main.js:462 446.897,356.995,183,183,-0.437,-0.004,-0.05,-0.003,0,0,1,1,0,0,0,0,0,0,0,0,0,0,0,0,0,0,0,0,56.07,144.144,27,0,0.545,0.159,0.045,0.023,82,113.5,143,2.5,0,0,0,0,0,0,0,0,0,332

Main.js:462 446.434,356.988,184.5,184.5,-0.462,-0.007,-0.05,-0.004,0,0,1,1,0,0,0,0,0,0,0,0,0,0,0,0,0,0,0,0,56.63,144.318,28.5,0,0.559,0.174,0.044,0.024,81,116,143,2.5,0,0,0,0,0,0,0,0,0,350

Main.js:462 445.948,356.976,186,186,-0.486,-0.012,-0.05,-0.005,0,0,1,1,0,0,0,0,0,0,0,0,0,0,0,0,0,0,0,0,57.202,144.507,30,0,0.572,0.189,0.043,0.025,80,118.5,143,2.5,0,0,0,0,0,0,0,0,0,365

Main.js:462 445.439,356.959,187.5,187.5,-0.509,-0.017,-0.05,-0.007,0,0,1,1,0,0,0,0,0,0,0,0,0,0,0,0,0,0,0,0,57.787,144.711,31.5,0,0.584,0.204,0.043,0.026,79,121,143,2.5,0,0,0,0,0,0,0,0,0,382

Main.js:462 444.909,356.935,189,189,-0.53,-0.024,-0.049,-0.008,0,0,1,1,0,0,0,0,0,0,0,0,0,0,0,0,0,0,0,0,58.382,144.931,33,0,0.595,0.22,0.042,0.027,78,123.5,143,2.5,0,0,0,0,0,0,0,0,0,399

Main.js:462 444.358,356.903,190.5,190.5,-0.551,-0.031,-0.049,-0.009,0,0,1,1,0,0,0,0,0,0,0,0,0,0,0,0,0,0,0,0,58.986,145.167,34.5,0,0.604,0.236,0.041,0.028,77,126,143,2.5,0,0,0,0,0,0,0,0,0,417

Main.js:462 443.789,356.863,192,192,-0.57,-0.04,-0.049,-0.01,0,0,1,1,0,0,0,0,0,0,0,0,0,0,0,0,0,0,0,0,59.598,145.419,36,0,0.613,0.252,0.04,0.029,76,128.5,143,2.5,0,0,0,0,0,0,0,0,0,432

Main.js:462 443.201,356.815,193.5,193.5,-0.587,-0.049,-0.049,-0.012,0,0,1,1,0,0,0,0,0,0,0,0,0,0,0,0,0,0,0,0,60.218,145.688,37.5,0,0.62,0.268,0.04,0.03,75,131,143,2.5,0,0,0,0,0,0,0,0,0,448

Main.js:462 442.597,356.757,193.5,193.5,-0.604,-0.057,-0.049,-0.012,0,0,0,1,0,0,0,0,0,0,0,0,0,0,0,0,0,0,0,0,60.844,145.973,39,0,0.626,0.285,0.039,0.031,74,133.5,143,2.5,0,0,0,0,0,0,0,0,0,465

Main.js:462 441.977,356.691,193.5,193.5,-0.62,-0.066,-0.049,-0.012,0,0,0,1,0,0,0,0,0,0,0,0,0,0,0,0,0,0,0,0,61.474,146.274,40.5,0,0.63,0.301,0.038,0.032,73,136,143,2.5,0,0,0,0,0,0,0,0,0,482

Main.js:462 441.342,356.618,193.5,193.5,-0.635,-0.074,-0.049,-0.012,0,0,0,1,0,0,0,0,0,0,0,0,0,0,0,0,0,0,0,0,62.108,146.592,42,0,0.634,0.318,0.037,0.033,72,138.5,143,2.5,0,0,0,0,0,0,0,0,0,499

Main.js:462 440.692,356.537,193.5,193.5,-0.65,-0.081,-0.049,-0.012,0,0,0,1,0,0,0,0,0,0,0,0,0,0,0,0,0,0,0,0,62.745,146.927,43.5,0,0.637,0.335,0.036,0.034,71,141,143,2.5,0,0,0,0,0,0,0,0,0,515

Main.js:462 440.029,356.449,193.5,193.5,-0.663,-0.088,-0.049,-0.012,0,0,0,1,0,0,0,0,0,0,0,0,0,0,0,0,0,0,0,0,63.385,147.278,43.5,358.5,0.64,0.351,0.036,0.034,70,143.5,143,2.5,0,0,0,0,0,0,0,0,0,532

Main.js:462 439.352,356.354,193.5,193.5,-0.676,-0.095,-0.049,-0.012,0,0,0,1,0,0,0,0,0,0,0,0,0,0,0,0,0,0,0,0,64.027,147.644,43.5,357,0.642,0.366,0.036,0.034,69,146,143,2.5,0,0,0,0,0,0,0,0,0,550

Main.js:462 438.663,356.253,193.5,193.5,-0.689,-0.101,-0.049,-0.012,0,0,0,1,0,0,0,0,0,0,0,0,0,0,0,0,0,0,0,0,64.671,148.025,43.5,355.5,0.644,0.38,0.036,0.034,68,148.5,143,2.5,0,0,0,0,0,0,0,0,0,566

Main.js:462 437.963,356.146,193.5,193.5,-0.701,-0.107,-0.049,-0.012,0,0,0,1,0,0,0,0,0,0,0,0,0,0,0,0,0,0,0,0,65.318,148.419,43.5,354,0.647,0.394,0.036,0.034,67,151,143,2.5,0,0,0,0,0,0,0,0,0,583

Main.js:462 437.251,356.034,193.5,193.5,-0.712,-0.113,-0.049,-0.012,0,0,0,1,0,0,0,0,0,0,0,0,0,0,0,0,0,0,0,0,65.966,148.826,43.5,352.5,0.649,0.407,0.036,0.034,66,153.5,143,2.5,0,0,0,0,0,0,0,0,0,600

Main.js:462 436.529,355.914,195,195,-0.722,-0.119,-0.048,-0.013,0,0,1,1,0,0,0,0,0,0,0,0,0,0,0,0,0,0,0,0,66.617,149.246,43.5,351,0.651,0.419,0.036,0.034,65,156,143,2.5,0,0,0,0,0,0,0,0,0,616

Main.js:462 435.798,355.787,196.5,196.5,-0.731,-0.127,-0.048,-0.014,0,0,1,1,0,0,0,0,0,0,0,0,0,0,0,0,0,0,0,0,67.27,149.677,43.5,349.5,0.653,0.431,0.036,0.034,64,158.5,143,2.5,0,0,0,0,0,0,0,0,0,666

Main.js:462 435.058,355.652,198,198,-0.74,-0.135,-0.048,-0.015,0,0,1,1,0,0,0,0,0,0,0,0,0,0,0,0,0,0,0,0,67.924,150.119,43.5,348,0.654,0.442,0.036,0.034,63,161,143,2.5,0,0,0,0,0,0,0,0,0,682

Main.js:462 434.31,355.507,199.5,199.5,-0.748,-0.144,-0.047,-0.017,0,0,1,1,0,0,0,0,0,0,0,0,0,0,0,0,0,0,0,0,68.58,150.572,43.5,346.5,0.656,0.453,0.036,0.034,62,163.5,143,2.5,0,0,0,0,0,0,0,0,0,699

Main.js:462 433.555,355.353,201,201,-0.755,-0.154,-0.047,-0.018,0,0,1,1,0,0,0,0,0,0,0,0,0,0,0,0,0,0,0,0,69.238,151.035,43.5,345,0.658,0.463,0.036,0.034,61,166,143,2.5,0,0,0,0,0,0,0,0,0,715

Main.js:462 432.794,355.189,202.5,202.5,-0.761,-0.165,-0.046,-0.019,0,0,1,1,0,0,0,0,0,0,0,0,0,0,0,0,0,0,0,0,69.898,151.507,43.5,343.5,0.659,0.473,0.036,0.034,60,168.5,143,2.5,0,0,0,0,0,0,0,0,0,732

Main.js:462 432.028,355.013,204,204,-0.766,-0.176,-0.046,-0.02,0,0,1,1,0,0,0,0,0,0,0,0,0,0,0,0,0,0,0,0,70.559,151.989,43.5,342,0.661,0.482,0.036,0.034,59,171,143,2.5,0,0,0,0,0,0,0,0,0,748

Main.js:462 431.257,354.825,205.5,205.5,-0.771,-0.187,-0.045,-0.022,0,0,1,1,0,0,0,0,0,0,0,0,0,0,0,0,0,0,0,0,71.221,152.479,43.5,340.5,0.662,0.49,0.036,0.034,58,173.5,143,2.5,0,0,0,0,0,0,0,0,0,768

Main.js:462 430.482,354.626,207,207,-0.775,-0.2,-0.045,-0.023,0,0,1,1,0,0,0,0,0,0,0,0,0,0,0,0,0,0,0,0,71.885,152.978,43.5,339,0.664,0.498,0.036,0.034,57,176,143,2.5,0,0,0,0,0,0,0,0,0,783

Main.js:462 429.705,354.414,208.5,208.5,-0.778,-0.212,-0.044,-0.024,0,0,1,1,0,0,0,0,0,0,0,0,0,0,0,0,0,0,0,0,72.55,153.484,43.5,337.5,0.665,0.506,0.036,0.034,56,178.5,143,2.5,0,0,0,0,0,0,0,0,0,800

Main.js:462 428.925,354.188,210,210,-0.78,-0.225,-0.043,-0.025,0,0,1,1,0,0,0,0,0,0,0,0,0,0,0,0,0,0,0,0,73.216,153.997,43.5,336,0.666,0.514,0.036,0.034,55,181,143,2.5,0,0,0,0,0,0,0,0,0,817

Main.js:462 428.144,353.949,211.5,211.5,-0.781,-0.239,-0.043,-0.026,0,0,1,1,0,0,0,0,0,0,0,0,0,0,0,0,0,0,0,0,73.883,154.518,43.5,334.5,0.667,0.521,0.036,0.034,54,183.5,143,2.5,0,0,0,0,0,0,0,0,0,833

Main.js:462 427.361,353.696,213,213,-0.782,-0.253,-0.042,-0.027,0,0,1,1,0,0,0,0,0,0,0,0,0,0,0,0,0,0,0,0,74.551,155.045,43.5,333,0.668,0.527,0.036,0.034,53,186,143,2.5,0,0,0,0,0,0,0,0,0,852

Main.js:462 426.579,353.429,214.5,214.5,-0.782,-0.267,-0.041,-0.028,0,0,1,1,0,0,0,0,0,0,0,0,0,0,0,0,0,0,0,0,75.221,155.579,43.5,331.5,0.669,0.534,0.036,0.034,52,188.5,143,2.5,0,0,0,0,0,0,0,0,0,867

Main.js:462 425.798,353.147,216,216,-0.782,-0.282,-0.04,-0.029,0,0,1,1,0,0,0,0,0,0,0,0,0,0,0,0,0,0,0,0,75.891,156.118,43.5,330,0.67,0.54,0.036,0.034,51,191,143,2.5,0,0,0,0,0,0,0,0,0,885

Main.js:462 425.018,352.851,217.5,217.5,-0.78,-0.297,-0.04,-0.03,0,0,1,1,0,0,0,0,0,0,0,0,0,0,0,0,0,0,0,0,76.563,156.664,43.5,328.5,0.671,0.545,0.036,0.034,50,193.5,143,2.5,0,0,0,0,0,0,0,0,0,900

Main.js:462 424.239,352.54,217.5,217.5,-0.779,-0.311,-0.04,-0.03,0,0,0,1,0,0,0,0,0,0,0,0,0,0,0,0,0,0,0,0,77.235,157.214,43.5,327,0.672,0.551,0.036,0.034,49,196,143,2.5,0,0,0,0,0,0,0,0,0,917

Main.js:462 423.461,352.216,217.5,217.5,-0.778,-0.324,-0.04,-0.03,0,0,0,1,0,0,0,0,0,0,0,0,0,0,0,0,0,0,0,0,77.908,157.77,43.5,325.5,0.673,0.556,0.036,0.034,48,198.5,143,2.5,0,0,0,0,0,0,0,0,0,934

Main.js:462 422.685,351.88,217.5,217.5,-0.776,-0.337,-0.04,-0.03,0,0,0,1,0,0,0,0,0,0,0,0,0,0,0,0,0,0,0,0,78.582,158.331,43.5,324,0.674,0.561,0.036,0.034,47,201,143,2.5,0,0,0,0,0,0,0,0,0,950

Main.js:462 421.91,351.531,217.5,217.5,-0.775,-0.349,-0.04,-0.03,0,0,0,1,0,0,0,0,0,0,0,0,0,0,0,0,0,0,0,0,79.256,158.897,43.5,322.5,0.675,0.565,0.036,0.034,46,203.5,143,2.5,0,0,0,0,0,0,0,0,0,967

Main.js:462 421.136,351.17,217.5,217.5,-0.774,-0.36,-0.04,-0.03,0,0,0,1,0,0,0,0,0,0,0,0,0,0,0,0,0,0,0,0,79.932,159.466,43.5,321,0.675,0.57,0.036,0.034,45,206,143,2.5,0,0,0,0,0,0,0,0,0,984

Main.js:462 420.362,350.799,217.5,217.5,-0.773,-0.371,-0.04,-0.03,0,0,0,1,0,0,0,0,0,0,0,0,0,0,0,0,0,0,0,0,80.608,160.04,43.5,319.5,0.676,0.574,0.036,0.034,44,208.5,143,2.5,0,0,0,0,0,0,0,0,0,999

Main.js:462 419.59,350.418,217.5,217.5,-0.772,-0.382,-0.04,-0.03,0,0,0,1,0,0,0,0,0,0,0,0,0,0,0,0,0,0,0,0,81.284,160.619,43.5,318,0.677,0.578,0.036,0.034,43,211,143,2.5,0,0,0,0,0,0,0,0,0,1016

Main.js:462 418.819,350.026,217.5,217.5,-0.771,-0.391,-0.04,-0.03,99,0,0,1,0,1,0,0,0,0,0,0,0,0,0,0,0,0,0,0,81.963,161.2,42,315,0.678,0.581,0.037,0.033,42,213.5,143,2.5,0,0,0,0,0,0,0,0,0,1033

Main.js:462 418.049,349.626,217.5,217.5,-0.77,-0.401,-0.04,-0.03,98,0,0,1,0,1,0,0,400.946,336.112,-1.983,-1.522,0,0,0,0,0,0,0,0,82.643,161.782,40.5,312,0.68,0.583,0.038,0.032,41,216,143,2.5,0,0,0,0,0,0,0,0,0,1050

Main.js:462 417.279,349.216,217.5,217.5,-0.77,-0.41,-0.04,-0.03,97,0,0,1,0,1,0,0,398.963,334.59,-1.983,-1.522,0,0,0,0,0,0,0,0,83.326,162.366,39,309,0.683,0.584,0.039,0.031,40,218.5,143,2.5,0,0,0,0,0,0,0,0,0,1065

Main.js:462 416.51,348.798,217.5,217.5,-0.769,-0.418,-0.04,-0.03,96,0,0,1,0,1,0,0,396.98,333.068,-1.983,-1.522,0,0,0,0,0,0,0,0,84.013,162.949,37.5,306,0.687,0.583,0.04,0.03,39,221,143,2.5,0,0,0,0,0,0,0,0,0,1082

Main.js:462 415.742,348.372,217.5,217.5,-0.768,-0.426,-0.04,-0.03,95,0,0,1,0,1,0,0,394.996,331.546,-1.983,-1.522,0,0,0,0,0,0,0,0,84.704,163.531,36,303,0.691,0.582,0.04,0.029,38,223.5,143,2.5,0,0,0,0,0,0,0,0,0,1099

Main.js:462 414.975,347.938,217.5,217.5,-0.767,-0.434,-0.04,-0.03,94,0,0,1,0,1,0,0,393.013,330.024,-1.983,-1.522,0,0,0,0,0,0,0,0,85.399,164.111,34.5,300,0.695,0.58,0.041,0.028,37,226,143,2.5,0,0,0,0,0,0,0,0,0,1115

Main.js:462 414.209,347.497,217.5,217.5,-0.767,-0.441,-0.04,-0.03,93,0,0,1,0,1,0,0,391.03,328.502,-1.983,-1.522,0,0,0,0,0,0,0,0,86.1,164.688,33,297,0.701,0.577,0.042,0.027,36,228.5,143,2.5,0,0,0,0,0,0,0,0,0,1133

Main.js:462 413.443,347.05,217.5,217.5,-0.766,-0.448,-0.04,-0.03,92,0,0,1,0,0,0,0,389.046,326.98,-1.983,-1.522,0,0,0,0,0,0,0,0,86.806,165.26,31.5,294,0.706,0.573,0.043,0.026,35,231,143,2.5,0,0,0,0,0,0,0,0,0,1149

Main.js:462 412.677,346.595,217.5,217.5,-0.765,-0.454,-0.04,-0.03,91,0,0,1,0,0,0,0,387.063,325.459,-1.983,-1.522,0,0,0,0,0,0,0,0,87.518,165.828,30,291,0.712,0.568,0.043,0.025,34,233.5,143,2.5,0,0,0,0,0,0,0,0,0,1165

Main.js:462 411.913,346.135,217.5,217.5,-0.765,-0.461,-0.04,-0.03,90,0,0,1,0,0,0,0,385.079,323.937,-1.983,-1.522,0,0,0,0,0,0,0,0,88.236,166.39,28.5,288,0.718,0.562,0.044,0.024,33,236,143,2.5,0,0,0,0,0,0,0,0,0,1183

Main.js:462 411.148,345.668,217.5,217.5,-0.764,-0.466,-0.04,-0.03,89,0,0,1,0,0,0,0,383.096,322.415,-1.983,-1.522,0,0,0,0,0,0,0,0,88.96,166.946,27,285,0.724,0.556,0.045,0.023,32,238.5,143,2.5,0,0,0,0,0,0,0,0,0,1200

Main.js:462 410.385,345.196,217.5,217.5,-0.764,-0.472,-0.04,-0.03,88,0,0,1,0,0,0,0,381.113,320.893,-1.983,-1.522,0,0,0,0,0,0,0,0,89.691,167.494,25.5,282,0.731,0.548,0.045,0.022,31,241,143,2.5,0,0,0,0,0,0,0,0,0,1216

Main.js:462 409.622,344.719,217.5,217.5,-0.763,-0.477,-0.04,-0.03,87,0,0,1,0,0,0,0,379.129,319.371,-1.983,-1.522,0,0,0,0,0,0,0,0,90.429,168.034,24,279,0.738,0.54,0.046,0.02,30,243.5,143,2.5,0,0,0,0,0,0,0,0,0,1233

Main.js:462 408.859,344.237,217.5,217.5,-0.763,-0.482,-0.04,-0.03,86,0,0,1,0,0,0,0,377.146,317.849,-1.983,-1.522,0,0,0,0,0,0,0,0,91.174,168.565,22.5,276,0.745,0.531,0.046,0.019,29,246,143,2.5,0,0,0,0,0,0,0,0,0,1249

Main.js:462 408.097,343.75,217.5,217.5,-0.762,-0.487,-0.04,-0.03,85,0,0,1,0,0,0,0,375.162,316.327,-1.983,-1.522,0,0,0,0,0,0,0,0,91.926,169.087,21,273,0.752,0.522,0.047,0.018,28,248.5,143,2.5,0,0,0,0,0,0,0,0,0,1267

Main.js:462 407.335,343.258,217.5,217.5,-0.762,-0.492,-0.04,-0.03,84,0,0,1,0,0,0,0,373.179,314.805,-1.983,-1.522,0,0,0,0,0,0,0,0,92.685,169.599,19.5,270,0.759,0.512,0.047,0.017,27,251,143,2.5,0,0,0,0,0,0,0,0,0,1284

Main.js:462 406.574,342.762,217.5,217.5,-0.761,-0.496,-0.04,-0.03,83,0,0,1,0,0,0,0,371.196,313.283,-1.983,-1.522,0,0,0,0,0,0,0,0,93.452,170.099,18,267,0.766,0.501,0.048,0.015,26,253.5,143,2.5,0,0,0,0,0,0,0,0,0,1298

Main.js:462 405.813,342.262,217.5,217.5,-0.761,-0.5,-0.04,-0.03,82,0,0,1,0,0,0,0,369.212,311.761,-1.983,-1.522,0,0,0,0,0,0,0,0,94.225,170.588,16.5,264,0.774,0.489,0.048,0.014,25,256,143,2.5,0,0,0,0,0,0,0,0,0,1316

Main.js:462 405.052,341.758,217.5,217.5,-0.761,-0.504,-0.04,-0.03,81,0,0,1,0,0,0,0,367.229,310.239,-1.983,-1.522,0,0,0,0,0,0,0,0,95.006,171.065,15,261,0.781,0.477,0.048,0.013,24,258.5,143,2.5,0,0,0,0,0,0,0,0,0,1333

Main.js:462 404.292,341.25,217.5,217.5,-0.76,-0.508,-0.04,-0.03,80,0,0,1,0,0,0,0,365.246,308.718,-1.983,-1.522,0,0,0,0,0,0,0,0,95.794,171.529,13.5,258,0.788,0.464,0.049,0.012,23,261,143,2.5,0,0,0,0,0,0,0,0,0,1350

Main.js:462 403.532,340.738,217.5,217.5,-0.76,-0.511,-0.04,-0.03,79,0,0,1,0,0,0,0,363.262,307.196,-1.983,-1.522,0,0,0,0,0,0,0,0,96.589,171.98,12,255,0.795,0.451,0.049,0.01,22,263.5,143,2.5,0,0,0,0,0,0,0,0,0,1367

Main.js:462 402.772,340.224,217.5,217.5,-0.76,-0.515,-0.04,-0.03,78,0,0,1,0,0,0,0,361.279,305.674,-1.983,-1.522,0,0,0,0,0,0,0,0,97.391,172.417,10.5,252,0.802,0.437,0.049,0.009,21,266,143,2.5,0,0,0,0,0,0,0,0,0,1381

Main.js:462 402.013,339.706,217.5,217.5,-0.759,-0.518,-0.04,-0.03,77,0,0,1,0,0,0,0,359.295,304.152,-1.983,-1.522,0,0,0,0,0,0,0,0,98.2,172.84,9,249,0.809,0.423,0.049,0.008,20,268.5,143,2.5,0,0,0,0,0,0,0,0,0,1399

Main.js:462 401.254,339.185,217.5,217.5,-0.759,-0.521,-0.04,-0.03,76,0,0,1,0,0,0,0,357.312,302.63,-1.983,-1.522,0,0,0,0,0,0,0,0,99.015,173.247,7.5,246,0.815,0.408,0.05,0.007,19,271,143,2.5,0,0,0,0,0,0,0,0,0,1415

Main.js:462 400.494,338.662,216,216,-0.76,-0.523,-0.04,-0.029,75,1,0,1,0,0,0,0,355.329,301.108,-1.983,-1.522,0,0,0,0,0,0,0,0,99.837,173.639,6,243,0.822,0.392,0.05,0.005,18,273.5,143,2.5,0,0,0,0,0,0,0,0,0,1432

Main.js:462 399.733,338.139,214.5,214.5,-0.761,-0.524,-0.041,-0.028,74,1,0,1,0,0,0,0,353.345,299.586,-1.983,-1.522,0,0,0,0,0,0,0,0,100.665,174.016,4.5,240,0.828,0.376,0.05,0.004,17,276,143,2.5,0,0,0,0,0,0,0,0,0,1450

Main.js:462 398.971,337.616,213,213,-0.763,-0.523,-0.042,-0.027,73,1,0,1,0,0,0,0,351.362,298.064,-1.983,-1.522,0,0,0,0,0,0,0,0,101.5,174.376,3,237,0.834,0.36,0.05,0.003,16,278.5,143,2.5,0,0,0,0,0,0,0,0,0,1466

Main.js:462 398.206,337.094,211.5,211.5,-0.765,-0.522,-0.043,-0.026,72,1,0,1,0,0,0,0,349.378,296.542,-1.983,-1.522,0,0,0,0,0,0,0,0,102.34,174.719,1.5,234,0.84,0.343,0.05,0.001,15,281,143,2.5,0,0,0,0,0,0,0,0,0,1483

Main.js:462 397.438,336.574,210,210,-0.768,-0.52,-0.043,-0.025,71,1,0,1,0,0,0,0,347.395,295.02,-1.983,-1.522,0,0,0,0,0,0,0,0,103.185,175.045,0,231,0.845,0.326,0.05,0,14,283.5,143,2.5,0,0,0,0,0,0,0,0,0,1499

Main.js:462 396.667,336.058,208.5,208.5,-0.771,-0.516,-0.044,-0.024,70,1,0,1,0,0,0,0,345.412,293.499,-1.983,-1.522,0,0,0,0,0,0,0,0,104.036,175.353,358.5,228,0.851,0.309,0.05,-0.001,13,286,143,2.5,0,0,0,0,0,0,0,0,0,1515

Main.js:462 395.892,335.546,207,207,-0.775,-0.512,-0.045,-0.023,69,1,0,1,0,0,0,0,343.428,291.977,-1.983,-1.522,0,0,0,0,0,0,0,0,104.891,175.644,357,225,0.856,0.291,0.05,-0.003,12,288.5,143,2.5,0,0,0,0,0,0,0,0,0,1532

Main.js:462 395.114,335.038,207,207,-0.778,-0.508,-0.045,-0.023,68,0,0,1,0,0,0,0,341.445,290.455,-1.983,-1.522,0,0,0,0,0,0,0,0,105.752,175.916,355.5,222,0.86,0.272,0.05,-0.004,11,291,143,2.5,0,0,0,0,0,0,0,0,0,1550

Main.js:462 394.332,334.534,207,207,-0.782,-0.504,-0.045,-0.023,67,0,0,1,0,0,0,0,339.462,288.933,-1.983,-1.522,0,0,0,0,0,0,0,0,106.616,176.17,354,219,0.864,0.254,0.05,-0.005,10,293.5,143,2.5,0,0,0,0,0,0,0,0,0,1566

Main.js:462 393.547,334.034,207,207,-0.785,-0.5,-0.045,-0.023,66,0,0,1,0,0,0,0,337.478,287.411,-1.983,-1.522,0,0,0,0,0,0,0,0,107.484,176.405,352.5,216,0.868,0.235,0.05,-0.007,9,296,143,2.5,0,0,0,0,0,0,0,0,0,1584

Main.js:462 392.758,333.537,207,207,-0.788,-0.497,-0.045,-0.023,65,0,0,1,0,0,0,0,335.495,285.889,-1.983,-1.522,0,0,0,0,0,0,0,0,108.356,176.621,351,213,0.872,0.216,0.049,-0.008,8,298.5,143,2.5,0,0,0,0,0,0,0,0,0,1599

Main.js:462 391.967,333.043,207,207,-0.791,-0.494,-0.045,-0.023,64,0,0,1,0,0,0,0,333.511,284.367,-1.983,-1.522,0,0,0,0,0,0,0,0,109.231,176.817,349.5,210,0.875,0.196,0.049,-0.009,7,301,143,2.5,0,0,0,0,0,0,0,0,0,1641

Main.js:462 391.173,332.552,207,207,-0.794,-0.491,-0.045,-0.023,63,0,0,1,0,0,0,0,331.528,282.845,-1.983,-1.522,0,0,0,0,0,0,0,0,110.108,176.993,348,207,0.878,0.177,0.049,-0.01,6,303.5,143,2.5,0,0,0,0,0,0,0,0,0,1665

Main.js:462 390.377,332.065,207,207,-0.796,-0.488,-0.045,-0.023,62,0,0,1,0,0,0,0,329.545,281.323,-1.983,-1.522,0,0,0,0,0,0,0,0,110.988,177.15,346.5,204,0.88,0.157,0.049,-0.012,5,306,143,2.5,0,0,0,0,0,0,0,0,0,1682

Main.js:462 389.578,331.58,207,207,-0.799,-0.485,-0.045,-0.023,61,0,0,1,0,0,0,0,327.561,279.801,-1.983,-1.522,0,0,0,0,0,0,0,0,111.87,177.287,345,201,0.882,0.137,0.048,-0.013,4,308.5,143,2.5,0,0,0,0,0,0,0,0,0,1699

Main.js:462 388.777,331.098,207,207,-0.801,-0.482,-0.045,-0.023,60,0,0,1,0,0,0,0,325.578,278.279,-1.983,-1.522,0,0,0,0,0,0,0,0,112.753,177.403,343.5,198,0.883,0.116,0.048,-0.014,3,311,143,2.5,0,0,0,0,0,0,0,0,0,1717

Main.js:462 387.973,330.618,207,207,-0.804,-0.48,-0.045,-0.023,59,0,0,1,0,0,0,0,323.595,276.758,-1.983,-1.522,0,0,0,0,0,0,0,0,113.638,177.499,342,195,0.884,0.096,0.048,-0.015,2,313.5,143,2.5,0,0,0,0,0,0,0,0,0,1732

Main.js:462 387.167,330.141,207,207,-0.806,-0.477,-0.045,-0.023,58,0,0,1,0,0,0,0,321.611,275.236,-1.983,-1.522,0,0,0,0,0,0,0,0,114.523,177.574,340.5,192,0.885,0.075,0.047,-0.017,1,316,143,2.5,0,0,0,0,0,0,0,0,0,1750

Main.js:462 386.359,329.666,207,207,-0.808,-0.475,-0.045,-0.023,57,0,0,1,0,0,0,0,319.628,273.714,-1.983,-1.522,0,0,0,0,0,0,0,0,115.407,177.628,339,189,0.885,0.054,0.047,-0.018,0,318.5,143,2.5,0,0,0,0,0,0,0,0,0,1767

Main.js:462 385.55,329.193,207,207,-0.81,-0.473,-0.045,-0.023,56,0,0,1,0,0,0,0,317.644,272.192,-1.983,-1.522,0,0,0,0,0,0,0,0,116.292,177.661,337.5,186,0.885,0.033,0.046,-0.019,99,321,143,2.5,0,0,0,0,0,0,0,0,0,1782

Main.js:462 384.738,328.723,207,207,-0.812,-0.471,-0.045,-0.023,55,0,0,1,0,0,0,0,315.661,270.67,-1.983,-1.522,0,0,0,0,0,0,0,0,117.176,177.674,336,183,0.884,0.012,0.046,-0.02,98,323.5,143,2.5,0,92.036,175.172,-2.486,-0.261,0,0,0,0,1800

Main.js:462 383.925,328.254,207,207,-0.813,-0.469,-0.045,-0.023,54,0,0,1,0,0,0,0,313.678,269.148,-1.983,-1.522,0,0,0,0,0,0,0,0,118.058,177.665,334.5,180,0.882,-0.009,0.045,-0.022,97,326,143,2.5,0,89.55,174.91,-2.486,-0.261,0,0,0,0,1815

Main.js:462 383.11,327.787,207,207,-0.815,-0.467,-0.045,-0.023,53,0,0,1,0,0,0,0,311.694,267.626,-1.983,-1.522,0,0,0,0,0,0,0,0,118.939,177.635,333,177,0.881,-0.03,0.045,-0.023,96,328.5,143,2.5,0,87.064,174.649,-2.486,-0.261,0,0,0,0,1832

Main.js:462 382.293,327.322,207,207,-0.817,-0.465,-0.045,-0.023,52,0,0,1,0,0,0,0,309.711,266.104,-1.983,-1.522,0,0,0,0,0,0,0,0,119.817,177.584,331.5,174,0.878,-0.051,0.044,-0.024,95,331,143,2.5,0,84.577,174.388,-2.486,-0.261,0,0,0,0,1848

Main.js:462 381.475,326.859,207,207,-0.818,-0.463,-0.045,-0.023,51,0,0,1,0,0,0,0,307.727,264.582,-1.983,-1.522,0,0,0,0,0,0,0,0,120.693,177.512,330,171,0.876,-0.072,0.043,-0.025,94,333.5,143,2.5,0,82.091,174.126,-2.486,-0.261,0,0,0,0,1866

Main.js:462 380.656,326.397,207,207,-0.819,-0.462,-0.045,-0.023,50,0,0,1,0,0,0,0,305.744,263.06,-1.983,-1.522,0,0,0,0,0,0,0,0,121.565,177.419,328.5,168,0.872,-0.093,0.043,-0.026,93,336,143,2.5,0,79.605,173.865,-2.486,-0.261,0,0,0,0,1882

Main.js:462 379.835,325.937,207,207,-0.821,-0.46,-0.045,-0.023,49,0,0,1,0,0,0,0,303.761,261.539,-1.983,-1.522,0,0,0,0,0,0,0,0,122.433,177.304,327,165,0.868,-0.115,0.042,-0.027,92,338.5,143,2.5,0,77.118,173.604,-2.486,-0.261,0,0,0,0,1899

Main.js:462 379.013,325.478,207,207,-0.822,-0.459,-0.045,-0.023,48,0,0,1,0,0,0,0,301.777,260.017,-1.983,-1.522,0,0,0,0,0,0,0,0,123.298,177.169,325.5,162,0.864,-0.136,0.041,-0.028,91,341,143,2.5,0,74.632,173.342,-2.486,-0.261,0,0,0,0,1915

Main.js:462 378.19,325.021,207,207,-0.823,-0.457,-0.045,-0.023,47,0,0,1,0,0,0,0,299.794,258.495,-1.983,-1.522,0,0,0,0,0,0,0,0,124.157,177.012,324,159,0.859,-0.157,0.04,-0.029,90,343.5,143,2.5,0,72.146,173.081,-2.486,-0.261,0,0,0,0,1933

Main.js:462 377.365,324.565,207,207,-0.824,-0.456,-0.045,-0.023,46,0,0,1,0,0,0,0,297.811,256.973,-1.983,-1.522,0,0,0,0,0,0,0,0,125.011,176.834,322.5,156,0.854,-0.178,0.04,-0.03,89,346,143,2.5,0,69.659,172.82,-2.486,-0.261,0,0,0,0,1949

Main.js:462 376.54,324.11,207,207,-0.826,-0.455,-0.045,-0.023,45,0,0,1,0,0,0,0,295.827,255.451,-1.983,-1.522,0,0,0,0,0,0,0,0,125.86,176.635,321,153,0.848,-0.199,0.039,-0.031,88,348.5,143,2.5,0,67.173,172.558,-2.486,-0.261,0,0,0,0,1965

Main.js:462 375.713,323.656,207,207,-0.827,-0.454,-0.045,-0.023,44,0,0,1,0,0,0,0,293.844,253.929,-1.983,-1.522,0,0,0,0,0,0,0,0,126.702,176.415,319.5,150,0.842,-0.22,0.038,-0.032,87,351,143,2.5,0,64.687,172.297,-2.486,-0.261,0,0,0,0,1983

Main.js:462 374.885,323.204,207,207,-0.828,-0.453,-0.045,-0.023,43,0,0,1,0,0,0,0,291.86,252.407,-1.983,-1.522,0,0,0,0,0,0,0,0,127.537,176.174,318,147,0.835,-0.241,0.037,-0.033,86,353.5,143,2.5,0,62.201,172.036,-2.486,-0.261,0,0,0,0,1998

Main.js:462 374.057,322.752,207,207,-0.829,-0.451,-0.045,-0.023,42,0,0,1,0,0,0,0,289.877,250.885,-1.983,-1.522,0,0,0,0,0,0,0,0,128.365,175.913,316.5,144,0.828,-0.261,0.036,-0.034,85,356,143,2.5,0,59.714,171.774,-2.486,-0.261,0,0,0,0,2017

Main.js:462 373.227,322.302,207,207,-0.829,-0.45,-0.045,-0.023,41,0,0,1,0,0,0,0,287.894,249.363,-1.983,-1.522,0,0,0,0,0,0,0,0,129.187,175.633,318,144,0.822,-0.28,0.037,-0.033,84,358.5,143,2.5,0,57.228,171.513,-2.486,-0.261,0,0,0,0,2033

Main.js:462 372.397,321.852,207,207,-0.83,-0.45,-0.045,-0.023,40,0,0,1,0,0,0,0,285.91,247.841,-1.983,-1.522,0,0,0,0,0,0,0,0,130.004,175.336,319.5,144,0.817,-0.297,0.038,-0.032,83,361,143,2.5,0,54.742,171.252,-2.486,-0.261,0,0,0,0,2049

Main.js:462 371.566,321.404,207,207,-0.831,-0.449,-0.045,-0.023,39,0,0,1,0,0,0,0,283.927,246.32,-1.983,-1.522,0,0,0,0,0,0,0,0,130.817,175.024,321,144,0.813,-0.312,0.039,-0.031,82,363.5,143,2.5,0,52.255,170.99,-2.486,-0.261,0,0,0,0,2066

Main.js:462 370.734,320.956,207,207,-0.832,-0.448,-0.045,-0.023,38,0,0,1,0,0,0,0,281.943,244.798,-1.983,-1.522,0,0,0,0,0,0,0,0,131.627,174.699,322.5,144,0.81,-0.325,0.04,-0.03,81,366,143,2.5,0,49.769,170.729,-2.486,-0.261,0,0,0,0,2082

Main.js:462 369.902,320.509,207,207,-0.833,-0.447,-0.045,-0.023,37,0,0,1,0,0,0,0,279.96,243.276,-1.983,-1.522,0,0,0,0,0,0,0,0,132.434,174.362,324,144,0.808,-0.337,0.04,-0.029,80,368.5,143,2.5,0,47.283,170.468,-2.486,-0.261,0,0,0,0,2099

Main.js:462 369.068,320.063,207,207,-0.833,-0.446,-0.045,-0.023,36,0,0,1,0,0,0,0,277.977,241.754,-1.983,-1.522,0,0,0,0,0,0,0,0,133.241,174.015,325.5,144,0.807,-0.347,0.041,-0.028,79,371,143,2.5,0,44.796,170.206,-2.486,-0.261,0,0,0,0,2117

Main.js:462 368.234,319.617,207,207,-0.834,-0.445,-0.045,-0.023,35,0,0,1,0,0,0,0,275.993,240.232,-1.983,-1.522,0,0,0,0,0,0,0,0,134.047,173.66,327,144,0.806,-0.355,0.042,-0.027,78,373.5,143,2.5,0,42.31,169.945,-2.486,-0.261,0,0,0,0,2132

Main.js:462 367.4,319.173,207,207,-0.835,-0.445,-0.045,-0.023,34,0,0,1,0,0,0,0,274.01,238.71,-1.983,-1.522,0,0,0,0,0,0,0,0,134.854,173.297,328.5,144,0.806,-0.363,0.043,-0.026,77,376,143,2.5,0,39.824,169.684,-2.486,-0.261,0,0,0,0,2151

Main.js:462 366.565,318.729,207,207,-0.835,-0.444,-0.045,-0.023,33,0,0,1,0,0,0,0,272.027,237.188,-1.983,-1.522,0,0,0,0,0,0,0,0,135.661,172.929,330,144,0.807,-0.368,0.043,-0.025,76,378.5,143,2.5,0,37.337,169.422,-2.486,-0.261,0,0,0,0,2167

Main.js:462 365.729,318.285,207,207,-0.836,-0.443,-0.045,-0.023,32,0,0,1,0,0,0,0,270.043,235.666,-1.983,-1.522,0,0,0,0,0,0,0,0,136.469,172.556,331.5,144,0.809,-0.372,0.044,-0.024,75,381,143,2.5,0,34.851,169.161,-2.486,-0.261,0,0,0,0,2184

Main.js:462 364.893,317.843,207,207,-0.836,-0.443,-0.045,-0.023,31,0,0,1,0,0,0,0,268.06,234.144,-1.983,-1.522,0,0,0,0,0,0,0,0,137.28,172.181,333,144,0.81,-0.375,0.045,-0.023,74,383.5,143,2.5,0,32.365,168.9,-2.486,-0.261,0,0,0,0,2199

Main.js:462 364.056,317.4,207,207,-0.837,-0.442,-0.045,-0.023,30,0,0,1,0,0,0,0,266.076,232.622,-1.983,-1.522,0,0,0,0,0,0,0,0,138.093,171.804,334.5,144,0.813,-0.377,0.045,-0.022,73,386,143,2.5,0,29.879,168.639,-2.486,-0.261,0,0,0,0,2216

Main.js:462 363.218,316.959,207,207,-0.837,-0.442,-0.045,-0.023,29,0,0,1,0,0,0,0,264.093,231.1,-1.983,-1.522,0,0,0,0,0,0,0,0,138.908,171.427,336,144,0.816,-0.378,0.046,-0.02,72,388.5,143,2.5,0,27.392,168.377,-2.486,-0.261,0,0,0,0,2234

Main.js:462 362.381,316.518,207,207,-0.838,-0.441,-0.045,-0.023,28,0,0,1,0,0,0,0,262.11,229.579,-1.983,-1.522,0,0,0,0,0,0,0,0,139.727,171.05,337.5,144,0.819,-0.377,0.046,-0.019,71,391,143,2.5,0,24.906,168.116,-2.486,-0.261,0,0,0,0,2249

Main.js:462 361.543,316.077,207,207,-0.838,-0.441,-0.045,-0.023,27,0,0,1,0,0,0,0,260.126,228.057,-1.983,-1.522,0,0,0,0,0,0,0,0,140.549,170.675,339,144,0.822,-0.375,0.047,-0.018,70,393.5,143,2.5,0,22.42,167.855,-2.486,-0.261,0,0,0,0,2265

Main.js:462 360.704,315.637,207,207,-0.839,-0.44,-0.045,-0.023,26,0,0,1,0,0,0,0,258.143,226.535,-1.983,-1.522,0,0,0,0,0,0,0,0,141.375,170.303,340.5,144,0.826,-0.372,0.047,-0.017,69,396,143,2.5,0,19.933,167.593,-2.486,-0.261,0,0,0,0,2283

Main.js:462 359.865,315.197,207,207,-0.839,-0.44,-0.045,-0.023,25,0,0,1,0,0,0,0,256.159,225.013,-1.983,-1.522,0,0,0,0,0,0,0,0,142.204,169.935,342,144,0.83,-0.368,0.048,-0.015,68,398.5,143,2.5,0,17.447,167.332,-2.486,-0.261,0,0,0,0,2301

Main.js:462 359.026,314.758,207,207,-0.839,-0.439,-0.045,-0.023,24,0,0,1,0,0,0,0,254.176,223.491,-1.983,-1.522,0,0,0,0,0,0,0,0,143.038,169.571,343.5,144,0.834,-0.363,0.048,-0.014,67,401,143,2.5,0,14.961,167.071,-2.486,-0.261,0,0,0,0,2315

Main.js:462 358.186,314.319,207,207,-0.84,-0.439,-0.045,-0.023,23,0,0,1,0,0,0,0,252.193,221.969,-1.983,-1.522,0,0,0,0,0,0,0,0,143.876,169.214,345,144,0.838,-0.357,0.048,-0.013,66,403.5,143,2.5,0,12.474,166.809,-2.486,-0.261,0,0,0,0,2332

Main.js:462 357.346,313.88,207,207,-0.84,-0.439,-0.045,-0.023,22,0,0,1,0,0,0,0,250.209,220.447,-1.983,-1.522,0,0,0,0,0,0,0,0,144.718,168.863,346.5,144,0.842,-0.351,0.049,-0.012,65,406,143,2.5,0,9.988,166.548,-2.486,-0.261,0,0,0,0,2350

Main.js:462 356.506,313.442,207,207,-0.84,-0.438,-0.045,-0.023,21,0,0,1,0,0,0,0,248.226,218.925,-1.983,-1.522,0,0,0,0,0,0,0,0,145.565,168.52,348,144,0.847,-0.343,0.049,-0.01,64,408.5,143,2.5,0,7.502,166.287,-2.486,-0.261,0,0,0,0,2366

Main.js:462 355.665,313.004,207,207,-0.841,-0.438,-0.045,-0.023,20,0,0,1,0,0,0,0,246.243,217.403,-1.983,-1.522,0,0,0,0,0,0,0,0,146.416,168.186,349.5,144,0.851,-0.334,0.049,-0.009,63,411,143,2.5,0,5.016,166.025,-2.486,-0.261,0,0,0,0,2383

Main.js:462 354.824,312.567,207,207,-0.841,-0.437,-0.045,-0.023,19,0,0,1,0,0,0,0,244.259,215.881,-1.983,-1.522,0,0,0,0,0,0,0,0,147.271,167.861,351,144,0.855,-0.325,0.049,-0.008,62,413.5,143,2.5,0,2.529,165.764,-2.486,-0.261,0,0,0,0,2400

Main.js:462 353.983,312.13,207,207,-0.841,-0.437,-0.045,-0.023,18,0,0,1,0,0,0,0,242.276,214.36,-1.983,-1.522,0,0,0,0,0,0,0,0,148.13,167.546,352.5,144,0.86,-0.315,0.05,-0.007,61,416,143,2.5,0,0.043,165.503,-2.486,-0.261,0,0,0,0,2415

Main.js:462 353.141,311.693,207,207,-0.841,-0.437,-0.045,-0.023,17,0,0,1,0,0,0,0,240.292,212.838,-1.983,-1.522,0,0,0,0,0,0,0,0,148.994,167.241,354,144,0.864,-0.304,0.05,-0.005,60,418.5,143,2.5,0,0,0,0,0,0,0,0,0,2432

Main.js:462 352.3,311.256,207,207,-0.842,-0.437,-0.045,-0.023,16,0,0,1,0,0,0,0,238.309,211.316,-1.983,-1.522,0,0,0,0,0,0,0,0,149.862,166.948,355.5,144,0.868,-0.293,0.05,-0.004,59,421,143,2.5,0,0,0,0,0,0,0,0,0,2448

Main.js:462 351.458,310.82,207,207,-0.842,-0.436,-0.045,-0.023,15,0,0,1,0,0,0,0,236.326,209.794,-1.983,-1.522,0,0,0,0,0,0,0,0,150.734,166.668,357,144,0.872,-0.281,0.05,-0.003,58,423.5,143,2.5,0,0,0,0,0,0,0,0,0,2466

Main.js:462 350.615,310.384,207,207,-0.842,-0.436,-0.045,-0.023,14,0,0,1,0,0,0,0,234.342,208.272,-1.983,-1.522,0,0,0,0,0,0,0,0,151.61,166.4,358.5,144,0.876,-0.268,0.05,-0.001,57,426,143,2.5,0,0,0,0,0,0,0,0,0,2482

Main.js:462 349.773,309.948,207,207,-0.842,-0.436,-0.045,-0.023,13,0,0,1,0,0,0,0,232.359,206.75,-1.983,-1.522,0,0,0,0,0,0,0,0,152.49,166.145,0,144,0.88,-0.254,0.05,0,56,428.5,143,2.5,0,0,0,0,0,0,0,0,0,2499

Main.js:462 348.93,309.512,207,207,-0.843,-0.436,-0.045,-0.023,12,0,0,1,0,0,0,0,230.375,205.228,-1.983,-1.522,0,0,0,0,0,0,0,0,153.373,165.905,1.5,144,0.883,-0.241,0.05,0.001,55,431,143,2.5,0,0,0,0,0,0,0,0,0,2516

Main.js:462 348.088,309.077,207,207,-0.843,-0.435,-0.045,-0.023,11,0,0,1,0,0,0,0,228.392,203.706,-1.983,-1.522,0,0,0,0,0,0,0,0,154.26,165.678,1.5,142.5,0.886,-0.227,0.05,0.001,54,433.5,143,2.5,0,0,0,0,0,0,0,0,0,2534

Main.js:462 347.245,308.641,207,207,-0.843,-0.435,-0.045,-0.023,10,0,0,1,0,0,0,0,226.409,202.184,-1.983,-1.522,0,0,0,0,0,0,0,0,155.149,165.463,1.5,141,0.89,-0.215,0.05,0.001,53,436,143,2.5,0,0,0,0,0,0,0,0,0,2549

Main.js:462 346.401,308.206,207,207,-0.843,-0.435,-0.045,-0.023,9,0,0,1,0,0,0,0,224.425,200.662,-1.983,-1.522,0,0,0,0,0,0,0,0,156.042,165.26,1.5,139.5,0.893,-0.203,0.05,0.001,52,438.5,143,2.5,0,0,0,0,0,0,0,0,0,2566

Main.js:462 345.558,307.772,207,207,-0.843,-0.435,-0.045,-0.023,8,0,0,1,0,0,0,0,222.442,199.141,-1.983,-1.522,0,0,0,0,0,0,0,0,156.937,165.069,1.5,138,0.895,-0.191,0.05,0.001,51,441,143,2.5,0,0,0,0,0,0,0,0,0,2582

Main.js:462 344.715,307.337,207,207,-0.843,-0.435,-0.045,-0.023,7,0,0,1,0,0,0,0,220.459,197.619,-1.983,-1.522,0,0,0,0,0,0,0,0,157.836,164.889,1.5,136.5,0.898,-0.18,0.05,0.001,50,443.5,143,2.5,0,0,0,0,0,0,0,0,0,2600

Main.js:462 343.871,306.903,207,207,-0.844,-0.434,-0.045,-0.023,6,0,0,1,0,0,0,0,218.475,196.097,-1.983,-1.522,0,0,0,0,0,0,0,0,158.736,164.718,1.5,135,0.901,-0.17,0.05,0.001,49,446,143,2.5,0,0,0,0,0,0,0,0,0,2615

Main.js:462 343.027,306.468,207,207,-0.844,-0.434,-0.045,-0.023,5,0,0,1,0,0,0,0,216.492,194.575,-1.983,-1.522,0,0,0,0,0,0,0,0,159.64,164.558,1.5,133.5,0.903,-0.16,0.05,0.001,48,448.5,143,2.5,0,0,0,0,0,0,0,0,0,2633

Main.js:462 342.183,306.034,207,207,-0.844,-0.434,-0.045,-0.023,4,0,0,1,0,0,0,0,214.508,193.053,-1.983,-1.522,0,0,0,0,0,0,0,0,160.545,164.407,1.5,132,0.906,-0.151,0.05,0.001,47,451,143,2.5,0,0,0,0,0,0,0,0,0,2650

Main.js:462 341.339,305.6,207,207,-0.844,-0.434,-0.045,-0.023,3,0,0,1,0,0,0,0,212.525,191.531,-1.983,-1.522,0,0,0,0,0,0,0,0,161.453,164.264,1.5,130.5,0.908,-0.142,0.05,0.001,46,453.5,143,2.5,0,0,0,0,0,0,0,0,0,2667

Main.js:462 340.495,305.166,207,207,-0.844,-0.434,-0.045,-0.023,2,0,0,1,0,0,0,0,210.542,190.009,-1.983,-1.522,0,0,0,0,0,0,0,0,162.363,164.13,1.5,129,0.91,-0.134,0.05,0.001,45,456,143,2.5,0,0,0,0,0,0,0,0,0,2683

Main.js:462 339.651,304.732,207,207,-0.844,-0.434,-0.045,-0.023,1,0,0,1,0,0,0,0,208.558,188.487,-1.983,-1.522,0,0,0,0,0,0,0,0,163.275,164.004,1.5,127.5,0.912,-0.126,0.05,0.001,44,458.5,143,2.5,0,0,0,0,0,0,0,0,0,2699

Main.js:462 338.807,304.299,207,207,-0.844,-0.434,-0.045,-0.023,0,0,0,1,0,0,0,0,206.575,186.965,-1.983,-1.522,0,0,0,0,0,0,0,0,164.188,163.886,1.5,126,0.914,-0.119,0.05,0.001,43,461,143,2.5,0,0,0,0,0,0,0,0,0,2716

Main.js:462 337.962,303.865,207,207,-0.844,-0.434,-0.045,-0.023,0,0,0,1,0,0,0,0,204.592,185.443,-1.983,-1.522,0,0,0,0,0,0,0,0,165.104,163.774,1.5,124.5,0.916,-0.111,0.05,0.001,42,463.5,143,2.5,0,0,0,0,0,0,0,0,0,2734

Main.js:462 337.117,303.432,207,207,-0.845,-0.433,-0.045,-0.023,0,0,0,1,0,0,0,0,202.608,183.921,-1.983,-1.522,0,0,0,0,0,0,0,0,166.021,163.67,1.5,123,0.917,-0.105,0.05,0.001,41,466,143,2.5,0,0,0,0,0,0,0,0,0,2749

Main.js:462 336.273,302.999,207,207,-0.845,-0.433,-0.045,-0.023,0,0,0,1,0,0,0,0,200.625,182.4,-1.983,-1.522,0,0,0,0,0,0,0,0,166.94,163.572,1.5,121.5,0.919,-0.098,0.05,0.001,40,468.5,143,2.5,0,0,0,0,0,0,0,0,0,2765

Main.js:462 335.428,302.565,207,207,-0.845,-0.433,-0.045,-0.023,0,0,0,1,0,0,0,0,198.641,180.878,-1.983,-1.522,0,0,0,0,0,0,0,0,167.86,163.48,1.5,120,0.92,-0.092,0.05,0.001,39,471,143,2.5,0,0,0,0,0,0,0,0,0,2782

Main.js:462 334.583,302.132,207,207,-0.845,-0.433,-0.045,-0.023,0,0,0,1,0,0,0,0,196.658,179.356,-1.983,-1.522,0,0,0,0,0,0,0,0,168.782,163.394,1.5,118.5,0.922,-0.086,0.05,0.001,38,473.5,143,2.5,0,0,0,0,0,0,0,0,0,2799

Main.js:462 333.738,301.699,207,207,-0.845,-0.433,-0.045,-0.023,0,0,0,1,0,0,0,0,194.675,177.834,-1.983,-1.522,0,0,0,0,0,0,0,0,169.705,163.313,1.5,117,0.923,-0.081,0.05,0.001,37,476,143,2.5,0,0,0,0,0,0,0,0,0,2822

Main.js:462 332.893,301.266,207,207,-0.845,-0.433,-0.045,-0.023,0,0,0,1,0,0,0,0,192.691,176.312,-1.983,-1.522,0,0,0,0,0,0,0,0,170.63,163.238,1.5,115.5,0.925,-0.075,0.05,0.001,36,478.5,143,2.5,0,0,0,0,0,0,0,0,0,2832

Main.js:462 332.049,300.832,208.5,208.5,-0.844,-0.434,-0.044,-0.024,0,0,1,1,0,0,0,0,190.708,174.79,-1.983,-1.522,0,0,0,0,0,0,0,0,171.556,163.168,1.5,114,0.926,-0.07,0.05,0.001,35,481,143,2.5,0,0,0,0,0,0,0,0,0,2849

Main.js:462 331.205,300.396,210,210,-0.843,-0.436,-0.043,-0.025,0,0,1,1,0,0,0,0,188.724,173.268,-1.983,-1.522,0,0,0,0,0,0,0,0,172.483,163.102,1.5,112.5,0.927,-0.066,0.05,0.001,34,483.5,143,2.5,0,0,0,0,0,0,0,0,0,2867

Main.js:462 330.364,299.957,211.5,211.5,-0.842,-0.439,-0.043,-0.026,0,0,1,1,0,0,0,0,188.724,173.268,-1.983,-1.522,0,0,0,0,0,0,0,0,173.411,163.041,1.5,111,0.928,-0.061,0.05,0.001,33,483.5,143,2.5,0,0,0,0,0,0,0,0,0,2882

