Main.js:143 myTank.x,myTank.y,myTank.rotation,myTank.cannonRotation,myTank.velocityX,myTank.velocityY,myTank.accelerationX,myTank.accelerationY,myTank.shootCooldown,myTank.controls.turnLeft,myTank.controls.turnRight,myTank.controls.goForward,myTank.controls.goBack,myTank.controls.shoot,myTank.controls.cannonLeft,myTank.controls.cannonRight,myBullet1.x,myBullet1.y,myBullet1.velocityX,myBullet1.velocityY,myBullet2.x,myBullet2.y,myBullet2.velocityX,myBullet2.velocityY,myBullet3.x,myBullet3.y,myBullet3.velocityX,myBullet3.velocityY,enemyTank.x,enemyTank.y,enemyTank.rotation,enemyTank.cannonRotation,enemyTank.velocityX,enemyTank.velocityY,enemyTank.accelerationX,enemyTank.accelerationY,enemyTank.shootCooldown,enemyBullet1.x,enemyBullet1.y,enemyBullet1.velocityX,enemyBullet1.velocityY,enemyBullet2.x,enemyBullet2.y,enemyBullet2.velocityX,enemyBullet2.velocityY,enemyBullet3.x,enemyBullet3.y,enemyBullet3.velocityX,enemyBullet3.velocityY,currentGameTime
Main.js:462 50,287,0,0,0,0,0,0,0,0,0,0,0,0,0,0,0,0,0,0,0,0,0,0,0,0,0,0,450,213,180,180,0,0,0,0,0,0,0,0,0,0,0,0,0,0,0,0,0,10

Main.js:462 50,287,0,0,0,0,0,0,0,0,0,0,0,0,0,0,0,0,0,0,0,0,0,0,0,0,0,0,449.953,212.999,181.5,180,-0.047,-0.001,-0.05,-0.001,99,0,0,0,0,0,0,0,0,0,0,0,0,42

Main.js:462 50,287,0,0,0,0,0,0,0,0,0,0,0,0,0,0,0,0,0,0,0,0,0,0,0,0,0,0,449.86,212.995,183,180,-0.093,-0.004,-0.05,-0.003,98,426.5,213,-2.5,0,0,0,0,0,0,0,0,0,75

Main.js:462 50,287,0,0,0,0,0,0,0,0,0,0,0,0,0,0,0,0,0,0,0,0,0,0,0,0,0,0,449.725,212.988,184.5,180,-0.135,-0.007,-0.05,-0.004,97,424,213,-2.5,0,0,0,0,0,0,0,0,0,91

Main.js:462 50,287,0,0,0,0,0,0,0,0,0,0,0,0,0,0,0,0,0,0,0,0,0,0,0,0,0,0,449.549,212.976,186,180,-0.176,-0.012,-0.05,-0.005,96,421.5,213,-2.5,0,0,0,0,0,0,0,0,0,108

Main.js:462 50,287,0,0,0,0,0,0,0,0,0,0,0,0,0,0,0,0,0,0,0,0,0,0,0,0,0,0,449.335,212.959,187.5,180,-0.214,-0.017,-0.05,-0.007,95,419,213,-2.5,0,0,0,0,0,0,0,0,0,125

Main.js:462 50,287,0,0,0,0,0,0,0,0,0,0,0,0,0,0,0,0,0,0,0,0,0,0,0,0,0,0,449.085,212.935,189,180,-0.25,-0.024,-0.049,-0.008,94,416.5,213,-2.5,0,0,0,0,0,0,0,0,0,143

Main.js:462 50,287,0,0,0,0,0,0,0,0,0,0,0,0,0,0,0,0,0,0,0,0,0,0,0,0,0,0,448.8,212.903,190.5,180,-0.284,-0.031,-0.049,-0.009,93,414,213,-2.5,0,0,0,0,0,0,0,0,0,158

Main.js:462 50,287,0,0,0,0,0,0,0,0,0,0,0,0,0,0,0,0,0,0,0,0,0,0,0,0,0,0,448.483,212.863,192,180,-0.317,-0.04,-0.049,-0.01,92,411.5,213,-2.5,0,0,0,0,0,0,0,0,0,175

Main.js:462 50.048,287,0,0,0.048,0,0.05,0,0,0,0,1,0,0,0,0,0,0,0,0,0,0,0,0,0,0,0,0,448.136,212.815,193.5,180,-0.347,-0.049,-0.049,-0.012,91,409,213,-2.5,0,0,0,0,0,0,0,0,0,195

Main.js:462 50.14,287,0,0,0.093,0,0.05,0,0,0,0,1,0,0,0,0,0,0,0,0,0,0,0,0,0,0,0,0,447.761,212.756,195,180,-0.376,-0.059,-0.048,-0.013,90,406.5,213,-2.5,0,0,0,0,0,0,0,0,0,208

Main.js:462 50.276,287,0,0,0.135,0,0.05,0,0,0,0,1,0,0,0,0,0,0,0,0,0,0,0,0,0,0,0,0,447.359,212.687,196.5,180,-0.402,-0.069,-0.048,-0.014,89,404,213,-2.5,0,0,0,0,0,0,0,0,0,224

Main.js:462 50.452,287,0,0,0.176,0,0.05,0,0,0,0,1,0,0,0,0,0,0,0,0,0,0,0,0,0,0,0,0,446.931,212.606,198,180,-0.427,-0.08,-0.048,-0.015,88,401.5,213,-2.5,0,0,0,0,0,0,0,0,0,242

Main.js:462 50.667,287,0,0,0.215,0,0.05,0,0,0,0,1,0,0,0,0,0,0,0,0,0,0,0,0,0,0,0,0,446.48,212.514,199.5,180,-0.451,-0.092,-0.047,-0.017,87,399,213,-2.5,0,0,0,0,0,0,0,0,0,258

Main.js:462 50.918,287,0,0,0.252,0,0.05,0,0,0,0,1,0,0,0,0,0,0,0,0,0,0,0,0,0,0,0,0,446.008,212.409,201,180,-0.473,-0.105,-0.047,-0.018,86,396.5,213,-2.5,0,0,0,0,0,0,0,0,0,275

Main.js:462 51.205,287,0,0,0.287,0,0.05,0,0,0,0,1,0,0,0,0,0,0,0,0,0,0,0,0,0,0,0,0,445.515,212.292,202.5,180,-0.493,-0.118,-0.046,-0.019,85,394,213,-2.5,0,0,0,0,0,0,0,0,0,293

Main.js:462 51.525,287,0,0,0.32,0,0.05,0,0,0,0,1,0,0,0,0,0,0,0,0,0,0,0,0,0,0,0,0,445.003,212.16,204,180,-0.512,-0.131,-0.046,-0.02,84,391.5,213,-2.5,0,0,0,0,0,0,0,0,0,308

Main.js:462 51.876,287,0,0,0.351,0,0.05,0,0,0,0,1,0,0,0,0,0,0,0,0,0,0,0,0,0,0,0,0,444.474,212.015,205.5,180,-0.529,-0.145,-0.045,-0.022,83,389,213,-2.5,0,0,0,0,0,0,0,0,0,325

Main.js:462 52.257,287,0,0,0.381,0,0.05,0,0,0,0,1,0,0,0,0,0,0,0,0,0,0,0,0,0,0,0,0,443.93,211.856,207,180,-0.545,-0.159,-0.045,-0.023,82,386.5,213,-2.5,0,0,0,0,0,0,0,0,0,342

Main.js:462 52.667,287,0,0,0.41,0,0.05,0,0,0,0,1,0,0,0,0,0,0,0,0,0,0,0,0,0,0,0,0,443.37,211.682,208.5,180,-0.559,-0.174,-0.044,-0.024,81,384,213,-2.5,0,0,0,0,0,0,0,0,0,358

Main.js:462 53.103,286.999,358.5,358.5,0.437,-0.001,0.05,-0.001,0,1,0,1,0,0,0,0,0,0,0,0,0,0,0,0,0,0,0,0,442.798,211.493,210,180,-0.572,-0.189,-0.043,-0.025,80,381.5,213,-2.5,0,0,0,0,0,0,0,0,0,374

Main.js:462 53.566,286.995,357,357,0.462,-0.004,0.05,-0.003,0,1,0,1,0,0,0,0,0,0,0,0,0,0,0,0,0,0,0,0,442.213,211.289,211.5,180,-0.584,-0.204,-0.043,-0.026,79,379,213,-2.5,0,0,0,0,0,0,0,0,0,391

Main.js:462 54.052,286.988,355.5,355.5,0.486,-0.007,0.05,-0.004,0,1,0,1,0,0,0,0,0,0,0,0,0,0,0,0,0,0,0,0,441.618,211.069,213,180,-0.595,-0.22,-0.042,-0.027,78,376.5,213,-2.5,0,0,0,0,0,0,0,0,0,408

Main.js:462 54.562,286.976,354,354,0.509,-0.012,0.05,-0.005,0,1,0,1,0,0,0,0,0,0,0,0,0,0,0,0,0,0,0,0,441.014,210.833,214.5,180,-0.604,-0.236,-0.041,-0.028,77,374,213,-2.5,0,0,0,0,0,0,0,0,0,425

Main.js:462 55.093,286.959,352.5,352.5,0.531,-0.017,0.05,-0.007,0,1,0,1,0,0,0,0,0,0,0,0,0,0,0,0,0,0,0,0,440.402,210.581,216,180,-0.613,-0.252,-0.04,-0.029,76,371.5,213,-2.5,0,0,0,0,0,0,0,0,0,442

Main.js:462 55.644,286.935,351,351,0.551,-0.024,0.049,-0.008,0,1,0,1,0,0,0,0,0,0,0,0,0,0,0,0,0,0,0,0,439.782,210.312,217.5,180,-0.62,-0.268,-0.04,-0.03,75,369,213,-2.5,0,0,0,0,0,0,0,0,0,458

Main.js:462 56.215,286.904,351,351,0.571,-0.03,0.049,-0.008,0,0,0,1,0,0,0,0,0,0,0,0,0,0,0,0,0,0,0,0,439.156,210.027,219,180,-0.626,-0.285,-0.039,-0.031,74,366.5,213,-2.5,0,0,0,0,0,0,0,0,0,476

Main.js:462 56.804,286.868,351,351,0.589,-0.036,0.049,-0.008,0,0,0,1,0,0,0,0,0,0,0,0,0,0,0,0,0,0,0,0,438.526,209.726,220.5,180,-0.63,-0.301,-0.038,-0.032,73,364,213,-2.5,0,0,0,0,0,0,0,0,0,492

Main.js:462 57.41,286.827,351,351,0.607,-0.042,0.049,-0.008,0,0,0,1,0,0,0,0,0,0,0,0,0,0,0,0,0,0,0,0,437.892,209.408,222,180,-0.634,-0.318,-0.037,-0.033,72,361.5,213,-2.5,0,0,0,0,0,0,0,0,0,508

Main.js:462 58.034,286.779,351,351,0.623,-0.047,0.049,-0.008,0,0,0,1,0,0,0,0,0,0,0,0,0,0,0,0,0,0,0,0,437.254,209.074,222,178.5,-0.638,-0.334,-0.037,-0.033,71,359,213,-2.5,0,0,0,0,0,0,0,0,0,525

Main.js:462 58.673,286.727,351,351,0.639,-0.052,0.049,-0.008,0,0,0,1,0,0,0,0,0,0,0,0,0,0,0,0,0,0,0,0,436.613,208.724,222,177,-0.641,-0.349,-0.037,-0.033,70,356.5,213,-2.5,0,0,0,0,0,0,0,0,0,543

Main.js:462 59.326,286.67,351,351,0.654,-0.057,0.049,-0.008,0,0,0,1,0,0,0,0,0,0,0,0,0,0,0,0,0,0,0,0,435.968,208.361,222,175.5,-0.644,-0.363,-0.037,-0.033,69,354,213,-2.5,0,0,0,0,0,0,0,0,0,558

Main.js:462 59.995,286.609,351,351,0.668,-0.062,0.049,-0.008,0,0,0,1,0,0,0,0,0,0,0,0,0,0,0,0,0,0,0,0,435.321,207.984,222,174,-0.647,-0.377,-0.037,-0.033,68,351.5,213,-2.5,0,0,0,0,0,0,0,0,0,574

Main.js:462 60.676,286.543,351,351,0.682,-0.066,0.049,-0.008,0,0,0,1,0,0,0,0,0,0,0,0,0,0,0,0,0,0,0,0,434.671,207.594,222,172.5,-0.65,-0.39,-0.037,-0.033,67,349,213,-2.5,0,0,0,0,0,0,0,0,0,591

Main.js:462 61.371,286.473,351,351,0.694,-0.07,0.049,-0.008,0,0,0,1,0,0,0,0,0,0,0,0,0,0,0,0,0,0,0,0,434.017,207.192,222,171,-0.653,-0.402,-0.037,-0.033,66,346.5,213,-2.5,0,0,0,0,0,0,0,0,0,607

Main.js:462 62.077,286.399,351,351,0.707,-0.074,0.049,-0.008,0,0,0,1,0,0,0,0,0,0,0,0,0,0,0,0,0,0,0,0,433.361,206.778,222,169.5,-0.656,-0.414,-0.037,-0.033,65,344,213,-2.5,0,0,0,0,0,0,0,0,0,625

Main.js:462 62.795,286.321,351,351,0.718,-0.078,0.049,-0.008,0,0,0,1,0,0,0,0,0,0,0,0,0,0,0,0,0,0,0,0,432.703,206.353,222,168,-0.658,-0.425,-0.037,-0.033,64,341.5,213,-2.5,0,0,0,0,0,0,0,0,0,642

Main.js:462 63.525,286.24,351,351,0.729,-0.081,0.049,-0.008,0,0,0,1,0,0,0,0,0,0,0,0,0,0,0,0,0,0,0,0,432.042,205.917,222,166.5,-0.661,-0.436,-0.037,-0.033,63,339,213,-2.5,0,0,0,0,0,0,0,0,0,658

Main.js:462 64.264,286.155,351,351,0.74,-0.085,0.049,-0.008,0,0,0,1,0,0,0,0,0,0,0,0,0,0,0,0,0,0,0,0,431.379,205.471,222,165,-0.663,-0.446,-0.037,-0.033,62,336.5,213,-2.5,0,0,0,0,0,0,0,0,0,675

Main.js:462 65.014,286.066,349.5,349.5,0.749,-0.089,0.049,-0.009,0,1,0,1,0,0,0,0,0,0,0,0,0,0,0,0,0,0,0,0,430.714,205.016,222,163.5,-0.665,-0.455,-0.037,-0.033,61,334,213,-2.5,0,0,0,0,0,0,0,0,0,692

Main.js:462 65.772,285.972,348,348,0.758,-0.094,0.049,-0.01,0,1,0,1,0,0,0,0,0,0,0,0,0,0,0,0,0,0,0,0,430.047,204.552,222,162,-0.667,-0.464,-0.037,-0.033,60,331.5,213,-2.5,0,0,0,0,0,0,0,0,0,708

Main.js:462 66.539,285.871,346.5,346.5,0.767,-0.101,0.049,-0.012,0,1,0,1,0,0,0,0,0,0,0,0,0,0,0,0,0,0,0,0,429.378,204.08,222,160.5,-0.669,-0.473,-0.037,-0.033,59,329,213,-2.5,0,0,0,0,0,0,0,0,0,726

Main.js:462 67.313,285.763,345,345,0.774,-0.108,0.048,-0.013,0,1,0,1,0,0,0,0,0,0,0,0,0,0,0,0,0,0,0,0,428.707,203.599,222,159,-0.671,-0.481,-0.037,-0.033,58,326.5,213,-2.5,0,0,0,0,0,0,0,0,0,743

Main.js:462 68.094,285.646,343.5,343.5,0.781,-0.116,0.048,-0.014,0,1,0,1,0,0,0,0,0,0,0,0,0,0,0,0,0,0,0,0,428.034,203.11,222,157.5,-0.673,-0.489,-0.037,-0.033,57,324,213,-2.5,0,0,0,0,0,0,0,0,0,758

Main.js:462 68.881,285.521,342,342,0.787,-0.125,0.048,-0.015,0,1,0,1,0,0,0,0,0,0,0,0,0,0,0,0,0,0,0,0,427.36,202.614,222,156,-0.674,-0.496,-0.037,-0.033,56,321.5,213,-2.5,0,0,0,0,0,0,0,0,0,775

Main.js:462 69.674,285.387,340.5,340.5,0.793,-0.135,0.047,-0.017,0,1,0,1,0,0,0,0,0,0,0,0,0,0,0,0,0,0,0,0,426.684,202.111,222,154.5,-0.676,-0.503,-0.037,-0.033,55,319,213,-2.5,0,0,0,0,0,0,0,0,0,792

Main.js:462 70.471,285.242,339,339,0.797,-0.145,0.047,-0.018,0,1,0,1,0,0,0,0,0,0,0,0,0,0,0,0,0,0,0,0,426.006,201.602,222,153,-0.677,-0.51,-0.037,-0.033,54,316.5,213,-2.5,0,0,0,0,0,0,0,0,0,808

Main.js:462 71.272,285.086,337.5,337.5,0.801,-0.156,0.046,-0.019,0,1,0,1,0,0,0,0,0,0,0,0,0,0,0,0,0,0,0,0,425.328,201.086,222,151.5,-0.679,-0.516,-0.037,-0.033,53,314,213,-2.5,0,0,0,0,0,0,0,0,0,825

Main.js:462 72.077,284.918,336,336,0.805,-0.167,0.046,-0.02,0,1,0,1,0,0,0,0,0,0,0,0,0,0,0,0,0,0,0,0,424.647,200.564,222,150,-0.68,-0.522,-0.037,-0.033,52,311.5,213,-2.5,0,0,0,0,0,0,0,0,0,842

Main.js:462 72.885,284.74,336,336,0.808,-0.178,0.046,-0.02,0,0,0,1,0,0,0,0,0,0,0,0,0,0,0,0,0,0,0,0,423.966,200.036,222,148.5,-0.682,-0.528,-0.037,-0.033,51,309,213,-2.5,0,0,0,0,0,0,0,0,0,859

Main.js:462 73.696,284.551,336,336,0.811,-0.189,0.046,-0.02,0,0,0,1,0,0,0,0,0,0,0,0,0,0,0,0,0,0,0,0,423.283,199.503,222,147,-0.683,-0.533,-0.037,-0.033,50,306.5,213,-2.5,0,0,0,0,0,0,0,0,0,875

Main.js:462 74.509,284.353,336,336,0.814,-0.199,0.046,-0.02,0,0,0,1,0,0,0,0,0,0,0,0,0,0,0,0,0,0,0,0,422.599,198.965,222,145.5,-0.684,-0.538,-0.037,-0.033,49,304,213,-2.5,0,0,0,0,0,0,0,0,0,893

Main.js:462 75.326,284.145,336,336,0.816,-0.208,0.046,-0.02,0,0,0,1,0,0,0,0,0,0,0,0,0,0,0,0,0,0,0,0,421.914,198.422,222,144,-0.685,-0.543,-0.037,-0.033,48,301.5,213,-2.5,0,0,0,0,0,0,0,0,0,908

Main.js:462 76.145,283.928,336,336,0.819,-0.217,0.046,-0.02,0,0,0,1,0,0,0,0,0,0,0,0,0,0,0,0,0,0,0,0,421.228,197.875,222,142.5,-0.686,-0.548,-0.037,-0.033,47,299,213,-2.5,0,0,0,0,0,0,0,0,0,927

Main.js:462 76.966,283.702,336,336,0.821,-0.225,0.046,-0.02,0,0,0,1,0,0,0,0,0,0,0,0,0,0,0,0,0,0,0,0,420.541,197.323,222,141,-0.687,-0.552,-0.037,-0.033,46,296.5,213,-2.5,0,0,0,0,0,0,0,0,0,942

Main.js:462 77.79,283.469,336,336,0.824,-0.233,0.046,-0.02,0,0,0,1,0,0,0,0,0,0,0,0,0,0,0,0,0,0,0,0,419.853,196.767,222,139.5,-0.688,-0.556,-0.037,-0.033,45,294,213,-2.5,0,0,0,0,0,0,0,0,0,960

Main.js:462 78.616,283.228,336,336,0.826,-0.241,0.046,-0.02,0,0,0,1,0,0,0,0,0,0,0,0,0,0,0,0,0,0,0,0,419.164,196.206,222,138,-0.689,-0.56,-0.037,-0.033,44,291.5,213,-2.5,0,0,0,0,0,0,0,0,0,975

Main.js:462 79.444,282.979,336,336,0.828,-0.248,0.046,-0.02,0,0,0,1,0,0,0,0,0,0,0,0,0,0,0,0,0,0,0,0,418.474,195.642,222,136.5,-0.69,-0.564,-0.037,-0.033,43,289,213,-2.5,0,0,0,0,0,0,0,0,0,992

Main.js:462 80.274,282.724,336,336,0.83,-0.255,0.046,-0.02,0,0,0,1,0,0,0,0,0,0,0,0,0,0,0,0,0,0,0,0,417.784,195.075,222,135,-0.691,-0.568,-0.037,-0.033,42,286.5,213,-2.5,0,0,0,0,0,0,0,0,0,1009

Main.js:462 81.106,282.462,336,336,0.832,-0.262,0.046,-0.02,0,0,0,1,0,0,0,0,0,0,0,0,0,0,0,0,0,0,0,0,417.092,194.505,220.5,132,-0.692,-0.57,-0.038,-0.032,41,284,213,-2.5,0,0,0,0,0,0,0,0,0,1026

Main.js:462 81.939,282.194,336,336,0.834,-0.268,0.046,-0.02,0,0,0,1,0,0,0,0,0,0,0,0,0,0,0,0,0,0,0,0,416.397,193.934,219,129,-0.694,-0.571,-0.039,-0.031,40,281.5,213,-2.5,0,0,0,0,0,0,0,0,0,1075

Main.js:462 82.775,281.92,336,336,0.835,-0.274,0.046,-0.02,0,0,0,1,0,0,0,0,0,0,0,0,0,0,0,0,0,0,0,0,415.7,193.362,217.5,126,-0.697,-0.572,-0.04,-0.03,39,279,213,-2.5,0,0,0,0,0,0,0,0,0,1091

Main.js:462 83.612,281.641,336,336,0.837,-0.28,0.046,-0.02,0,0,0,1,0,0,0,0,0,0,0,0,0,0,0,0,0,0,0,0,414.999,192.791,216,123,-0.701,-0.571,-0.04,-0.029,38,276.5,213,-2.5,0,0,0,0,0,0,0,0,0,1107

Main.js:462 84.45,281.356,336,336,0.839,-0.285,0.046,-0.02,0,0,0,1,0,0,0,0,0,0,0,0,0,0,0,0,0,0,0,0,414.294,192.221,214.5,120,-0.705,-0.569,-0.041,-0.028,37,274,213,-2.5,0,0,0,0,0,0,0,0,0,1124

Main.js:462 85.29,281.066,336,336,0.84,-0.29,0.046,-0.02,0,0,0,1,0,0,0,0,0,0,0,0,0,0,0,0,0,0,0,0,413.584,191.654,213,117,-0.71,-0.567,-0.042,-0.027,36,271.5,213,-2.5,0,0,0,0,0,0,0,0,0,1141

Main.js:462 86.132,280.771,336,336,0.841,-0.295,0.046,-0.02,0,0,0,1,0,0,0,0,0,0,0,0,0,0,0,0,0,0,0,0,412.869,191.091,211.5,114,-0.715,-0.563,-0.043,-0.026,35,269,213,-2.5,0,0,0,0,0,0,0,0,0,1157

Main.js:462 86.975,280.471,336,336,0.843,-0.299,0.046,-0.02,0,0,0,1,0,0,0,0,0,0,0,0,0,0,0,0,0,0,0,0,412.149,190.532,210,111,-0.72,-0.559,-0.043,-0.025,34,266.5,213,-2.5,0,0,0,0,0,0,0,0,0,1175

Main.js:462 87.819,280.168,336,336,0.844,-0.304,0.046,-0.02,0,0,0,1,0,0,0,0,0,0,0,0,0,0,0,0,0,0,0,0,411.423,189.979,208.5,108,-0.726,-0.554,-0.044,-0.024,33,264,213,-2.5,0,0,0,0,0,0,0,0,0,1191

Main.js:462 88.664,279.86,336,336,0.845,-0.308,0.046,-0.02,0,0,0,1,0,0,0,0,0,0,0,0,0,0,0,0,0,0,0,0,410.691,189.431,207,105,-0.732,-0.547,-0.045,-0.023,32,261.5,213,-2.5,0,0,0,0,0,0,0,0,0,1209

Main.js:462 89.51,279.548,336,336,0.846,-0.312,0.046,-0.02,0,0,0,1,0,0,0,0,0,0,0,0,0,0,0,0,0,0,0,0,409.953,188.891,205.5,102,-0.738,-0.541,-0.045,-0.022,31,259,213,-2.5,0,0,0,0,0,0,0,0,0,1224

Main.js:462 90.358,279.232,336,336,0.847,-0.316,0.046,-0.02,0,0,0,1,0,0,0,0,0,0,0,0,0,0,0,0,0,0,0,0,409.209,188.358,204,99,-0.745,-0.533,-0.046,-0.02,30,256.5,213,-2.5,0,0,0,0,0,0,0,0,0,1241

Main.js:462 91.206,278.913,336,336,0.848,-0.319,0.046,-0.02,0,0,0,1,0,0,0,0,0,0,0,0,0,0,0,0,0,0,0,0,408.457,187.833,202.5,96,-0.751,-0.524,-0.046,-0.019,29,254,213,-2.5,0,0,0,0,0,0,0,0,0,1257

Main.js:462 92.056,278.591,336,336,0.849,-0.322,0.046,-0.02,0,0,0,1,0,0,0,0,0,0,0,0,0,0,0,0,0,0,0,0,407.699,187.318,201,93,-0.758,-0.515,-0.047,-0.018,28,251.5,213,-2.5,0,0,0,0,0,0,0,0,0,1275

Main.js:462 92.906,278.265,336,336,0.85,-0.326,0.046,-0.02,0,0,0,1,0,0,0,0,0,0,0,0,0,0,0,0,0,0,0,0,406.934,186.813,199.5,90,-0.765,-0.505,-0.047,-0.017,27,249,213,-2.5,0,0,0,0,0,0,0,0,0,1293

Main.js:462 93.757,277.937,336,336,0.851,-0.329,0.046,-0.02,0,0,0,1,0,0,0,0,0,0,0,0,0,0,0,0,0,0,0,0,406.163,186.318,198,87,-0.772,-0.495,-0.048,-0.015,26,246.5,213,-2.5,0,0,0,0,0,0,0,0,0,1307

Main.js:462 94.609,277.605,336,336,0.852,-0.332,0.046,-0.02,0,0,0,1,0,0,0,0,0,0,0,0,0,0,0,0,0,0,0,0,405.384,185.835,196.5,84,-0.779,-0.483,-0.048,-0.014,25,244,213,-2.5,0,0,0,0,0,0,0,0,0,1326

Main.js:462 95.462,277.271,336,336,0.853,-0.334,0.046,-0.02,0,0,0,1,0,0,0,0,0,0,0,0,0,0,0,0,0,0,0,0,404.598,185.363,195,81,-0.786,-0.472,-0.048,-0.013,24,241.5,213,-2.5,0,0,0,0,0,0,0,0,0,1341

Main.js:462 96.315,276.934,336,336,0.854,-0.337,0.046,-0.02,99,0,0,1,0,1,0,0,0,0,0,0,0,0,0,0,0,0,0,0,403.805,184.904,193.5,78,-0.793,-0.459,-0.049,-0.012,23,239,213,-2.5,0,0,0,0,0,0,0,0,0,1359

Main.js:462 97.17,276.594,336,336,0.854,-0.339,0.046,-0.02,98,0,0,1,0,1,0,0,116.93,267.712,2.284,-1.017,0,0,0,0,0,0,0,0,403.006,184.458,192,75,-0.799,-0.446,-0.049,-0.01,22,236.5,213,-2.5,0,0,0,0,0,0,0,0,0,1375

Main.js:462 98.025,276.253,336,336,0.855,-0.342,0.046,-0.02,97,0,0,1,0,1,0,0,119.214,266.695,2.284,-1.017,0,0,0,0,0,0,0,0,402.2,184.026,190.5,72,-0.806,-0.432,-0.049,-0.009,21,234,213,-2.5,0,0,0,0,0,0,0,0,0,1392

Main.js:462 98.88,275.909,336,336,0.856,-0.344,0.046,-0.02,96,0,0,1,0,1,0,0,121.498,265.679,2.284,-1.017,0,0,0,0,0,0,0,0,401.387,183.608,189,69,-0.813,-0.418,-0.049,-0.008,20,231.5,213,-2.5,0,0,0,0,0,0,0,0,0,1408

Main.js:462 99.693,275.582,336,336,0.813,-0.327,0,0,95,0,0,0,0,1,0,0,123.782,264.662,2.284,-1.017,0,0,0,0,0,0,0,0,400.568,183.204,187.5,66,-0.819,-0.403,-0.05,-0.007,19,229,213,-2.5,0,0,0,0,0,0,0,0,0,1425

Main.js:462 100.465,275.271,336,336,0.772,-0.31,0,0,94,0,0,0,0,1,0,0,126.066,263.645,2.284,-1.017,0,0,0,0,0,0,0,0,399.742,182.816,186,63,-0.826,-0.388,-0.05,-0.005,18,226.5,213,-2.5,0,0,0,0,0,0,0,0,0,1443

Main.js:462 101.199,274.976,336,336,0.734,-0.295,0,0,93,0,0,0,0,0,0,0,128.35,262.628,2.284,-1.017,0,0,0,0,0,0,0,0,398.91,182.443,184.5,60,-0.832,-0.373,-0.05,-0.004,17,224,213,-2.5,0,0,0,0,0,0,0,0,0,1458

Main.js:462 101.896,274.696,336,336,0.697,-0.28,0,0,92,0,0,0,0,0,0,0,130.633,261.611,2.284,-1.017,0,0,0,0,0,0,0,0,398.073,182.087,183,57,-0.837,-0.356,-0.05,-0.003,16,221.5,213,-2.5,0,0,0,0,0,0,0,0,0,1475

Main.js:462 102.558,274.43,336,336,0.662,-0.266,0,0,91,0,0,0,0,0,0,0,132.917,260.594,2.284,-1.017,0,0,0,0,0,0,0,0,397.23,181.747,181.5,54,-0.843,-0.34,-0.05,-0.001,15,219,213,-2.5,0,0,0,0,0,0,0,0,0,1492

Main.js:462 103.187,274.177,336,336,0.629,-0.253,0,0,90,0,0,0,0,0,0,0,135.201,259.578,2.284,-1.017,0,0,0,0,0,0,0,0,396.381,181.424,180,51,-0.848,-0.323,-0.05,0,14,216.5,213,-2.5,0,0,0,0,0,0,0,0,0,1510

Main.js:462 103.784,273.937,336,336,0.598,-0.24,0,0,89,0,0,0,0,0,0,0,137.485,258.561,2.284,-1.017,0,0,0,0,0,0,0,0,395.528,181.119,178.5,48,-0.853,-0.305,-0.05,0.001,13,214,213,-2.5,0,0,0,0,0,0,0,0,0,1526

Main.js:462 104.352,273.709,336,336,0.568,-0.228,0,0,88,0,0,0,0,0,0,0,139.769,257.544,2.284,-1.017,0,0,0,0,0,0,0,0,394.67,180.831,177,45,-0.858,-0.288,-0.05,0.003,12,211.5,213,-2.5,0,0,0,0,0,0,0,0,0,1541

Main.js:462 104.891,273.492,336,336,0.539,-0.217,0,0,87,0,0,0,0,0,0,0,142.053,256.527,2.284,-1.017,0,0,0,0,0,0,0,0,393.807,180.561,175.5,42,-0.863,-0.27,-0.05,0.004,11,209,213,-2.5,0,0,0,0,0,0,0,0,0,1559

Main.js:462 105.404,273.286,336,336,0.512,-0.206,0,0,86,0,0,0,0,0,0,0,144.337,255.51,2.284,-1.017,0,0,0,0,0,0,0,0,392.94,180.31,174,39,-0.867,-0.251,-0.05,0.005,10,206.5,213,-2.5,0,0,0,0,0,0,0,0,0,1576

Main.js:462 105.89,273.09,336,336,0.487,-0.196,0,0,85,0,0,0,0,0,0,0,146.62,254.493,2.284,-1.017,0,0,0,0,0,0,0,0,392.07,180.078,172.5,36,-0.871,-0.232,-0.05,0.007,9,204,213,-2.5,0,0,0,0,0,0,0,0,0,1592

Main.js:462 106.353,272.905,336,336,0.462,-0.186,0,0,84,0,0,0,0,0,0,0,148.904,253.477,2.284,-1.017,0,0,0,0,0,0,0,0,391.196,179.864,171,33,-0.874,-0.213,-0.049,0.008,8,201.5,213,-2.5,0,0,0,0,0,0,0,0,0,1609

Main.js:462 106.792,272.728,336,336,0.439,-0.177,0,0,83,0,0,0,0,0,0,0,151.188,252.46,2.284,-1.017,0,0,0,0,0,0,0,0,390.319,179.67,169.5,30,-0.877,-0.194,-0.049,0.009,7,199,213,-2.5,0,0,0,0,0,0,0,0,0,1626

Main.js:462 107.209,272.56,336,336,0.417,-0.168,0,0,82,0,0,0,0,0,0,0,153.472,251.443,2.284,-1.017,0,0,0,0,0,0,0,0,389.439,179.496,168,27,-0.88,-0.174,-0.049,0.01,6,196.5,213,-2.5,0,0,0,0,0,0,0,0,0,1641

Main.js:462 107.606,272.401,336,336,0.396,-0.159,0,0,81,0,0,0,0,0,0,0,155.756,250.426,2.284,-1.017,0,0,0,0,0,0,0,0,388.557,179.341,166.5,24,-0.882,-0.155,-0.049,0.012,5,194,213,-2.5,0,0,0,0,0,0,0,0,0,1658

Main.js:462 107.982,272.249,336,336,0.377,-0.151,0,0,80,0,0,0,0,0,0,0,158.04,249.409,2.284,-1.017,0,0,0,0,0,0,0,0,387.674,179.207,165,21,-0.884,-0.135,-0.048,0.013,4,191.5,213,-2.5,0,0,0,0,0,0,0,0,0,1674

Main.js:462 108.34,272.106,336,336,0.358,-0.144,0,0,79,0,0,0,0,0,0,0,160.324,248.392,2.284,-1.017,0,0,0,0,0,0,0,0,386.789,179.092,163.5,18,-0.885,-0.114,-0.048,0.014,3,189,213,-2.5,0,0,0,0,0,0,0,0,0,1692

Main.js:462 108.68,271.969,336,336,0.34,-0.137,0,0,78,0,0,0,0,0,0,0,162.608,247.375,2.284,-1.017,0,0,0,0,0,0,0,0,385.903,178.998,162,15,-0.886,-0.094,-0.048,0.015,2,186.5,213,-2.5,0,0,0,0,0,0,0,0,0,1708

Main.js:462 109.003,271.839,336,336,0.323,-0.13,0,0,77,0,0,0,0,0,0,0,164.891,246.359,2.284,-1.017,0,0,0,0,0,0,0,0,385.017,178.925,160.5,12,-0.886,-0.073,-0.047,0.017,1,184,213,-2.5,0,0,0,0,0,0,0,0,0,1725

Main.js:462 109.309,271.716,336,336,0.307,-0.123,0,0,76,0,0,0,0,0,0,0,167.175,245.342,2.284,-1.017,0,0,0,0,0,0,0,0,384.13,178.872,159,9,-0.886,-0.053,-0.047,0.018,0,181.5,213,-2.5,0,0,0,0,0,0,0,0,0,1742

Main.js:462 109.601,271.599,336,336,0.291,-0.117,0,0,75,0,0,0,0,0,0,0,169.459,244.325,2.284,-1.017,0,0,0,0,0,0,0,0,383.244,178.84,157.5,6,-0.886,-0.032,-0.046,0.019,99,179,213,-2.5,0,0,0,0,0,0,0,0,0,1758

Main.js:462 109.878,271.487,336,336,0.277,-0.111,0,0,74,0,0,0,0,0,0,0,171.743,243.308,2.284,-1.017,0,0,0,0,0,0,0,0,382.359,178.829,156,3,-0.885,-0.011,-0.046,0.02,98,176.5,213,-2.5,0,407.502,181.328,2.486,0.261,0,0,0,0,1776

Main.js:462 110.141,271.382,336,336,0.263,-0.106,0,0,73,0,0,0,0,0,0,0,174.027,242.291,2.284,-1.017,0,0,0,0,0,0,0,0,381.476,178.839,154.5,0,-0.884,0.01,-0.045,0.022,97,174,213,-2.5,0,409.988,181.59,2.486,0.261,0,0,0,0,1791

Main.js:462 110.434,271.262,336,336,0.293,-0.12,0.046,-0.02,72,0,0,1,0,0,0,0,176.311,241.274,2.284,-1.017,0,0,0,0,0,0,0,0,380.594,178.87,153,357,-0.882,0.031,-0.045,0.023,96,171.5,213,-2.5,0,412.474,181.851,2.486,0.261,0,0,0,0,1808

Main.js:462 110.756,271.129,336,336,0.322,-0.133,0.046,-0.02,71,0,0,1,0,0,0,0,178.595,240.258,2.284,-1.017,0,0,0,0,0,0,0,0,379.714,178.922,151.5,354,-0.879,0.052,-0.044,0.024,95,169,213,-2.5,0,414.961,182.112,2.486,0.261,0,0,0,0,1825

Main.js:462 111.105,270.983,336,336,0.349,-0.146,0.046,-0.02,70,0,0,1,0,0,0,0,180.878,239.241,2.284,-1.017,0,0,0,0,0,0,0,0,378.838,178.996,150,351,-0.877,0.073,-0.043,0.025,94,166.5,213,-2.5,0,417.447,182.374,2.486,0.261,0,0,0,0,1842

Main.js:462 111.48,270.825,336,336,0.375,-0.158,0.046,-0.02,69,0,0,1,0,0,0,0,183.162,238.224,2.284,-1.017,0,0,0,0,0,0,0,0,377.965,179.09,148.5,348,-0.873,0.094,-0.043,0.026,93,164,213,-2.5,0,419.933,182.635,2.486,0.261,0,0,0,0,1858

Main.js:462 111.88,270.656,336,336,0.4,-0.169,0.046,-0.02,68,0,0,1,0,0,0,0,185.446,237.207,2.284,-1.017,0,0,0,0,0,0,0,0,377.095,179.206,147,345,-0.869,0.116,-0.042,0.027,92,161.5,213,-2.5,0,422.419,182.896,2.486,0.261,0,0,0,0,1875

Main.js:462 112.303,270.476,336,336,0.423,-0.18,0.046,-0.02,67,0,0,1,0,0,0,0,187.73,236.19,2.284,-1.017,0,0,0,0,0,0,0,0,376.23,179.342,145.5,342,-0.865,0.137,-0.041,0.028,91,159,213,-2.5,0,424.906,183.158,2.486,0.261,0,0,0,0,1891

Main.js:462 112.749,270.286,336,336,0.445,-0.19,0.046,-0.02,66,0,0,1,0,0,0,0,190.014,235.173,2.284,-1.017,0,0,0,0,0,0,0,0,375.37,179.5,144,339,-0.86,0.158,-0.04,0.029,90,156.5,213,-2.5,0,427.392,183.419,2.486,0.261,0,0,0,0,1907

Main.js:462 113.215,270.085,336,336,0.467,-0.2,0.046,-0.02,65,0,0,1,0,0,0,0,192.298,234.157,2.284,-1.017,0,0,0,0,0,0,0,0,374.515,179.679,142.5,336,-0.855,0.179,-0.04,0.03,89,154,213,-2.5,0,429.878,183.68,2.486,0.261,0,0,0,0,1926

Main.js:462 113.702,269.876,336,336,0.487,-0.21,0.046,-0.02,64,0,0,1,0,0,0,0,194.582,233.14,2.284,-1.017,0,0,0,0,0,0,0,0,373.666,179.879,141,333,-0.849,0.2,-0.039,0.031,88,151.5,213,-2.5,0,432.365,183.942,2.486,0.261,0,0,0,0,1941

Main.js:462 114.208,269.658,336,336,0.506,-0.218,0.046,-0.02,63,0,0,1,0,0,0,0,196.865,232.123,2.284,-1.017,0,0,0,0,0,0,0,0,372.823,180.1,139.5,330,-0.843,0.221,-0.038,0.032,87,149,213,-2.5,0,434.851,184.203,2.486,0.261,0,0,0,0,1960

Main.js:462 114.731,269.431,336,336,0.524,-0.227,0.046,-0.02,62,0,0,1,0,0,0,0,199.149,231.106,2.284,-1.017,0,0,0,0,0,0,0,0,371.987,180.341,138,327,-0.836,0.241,-0.037,0.033,86,146.5,213,-2.5,0,437.337,184.464,2.486,0.261,0,0,0,0,1976

Main.js:462 115.272,269.196,336,336,0.541,-0.235,0.046,-0.02,61,0,0,1,0,0,0,0,201.433,230.089,2.284,-1.017,0,0,0,0,0,0,0,0,371.158,180.603,136.5,324,-0.829,0.262,-0.036,0.034,85,144,213,-2.5,0,439.824,184.726,2.486,0.261,0,0,0,0,1991

Main.js:462 115.83,268.954,336,336,0.557,-0.242,0.046,-0.02,60,0,0,1,0,0,0,0,203.717,229.072,2.284,-1.017,0,0,0,0,0,0,0,0,370.337,180.885,135,321,-0.821,0.283,-0.035,0.035,84,141.5,213,-2.5,0,442.31,184.987,2.486,0.261,0,0,0,0,2008

Main.js:462 116.403,268.704,336,336,0.573,-0.25,0.046,-0.02,59,0,0,1,0,0,0,0,206.001,228.055,2.284,-1.017,0,0,0,0,0,0,0,0,369.523,181.187,136.5,321,-0.814,0.301,-0.036,0.034,83,139,213,-2.5,0,444.796,185.248,2.486,0.261,0,0,0,0,2040

Main.js:462 116.99,268.448,336,336,0.588,-0.256,0.046,-0.02,58,0,0,1,0,0,0,0,208.285,227.039,2.284,-1.017,0,0,0,0,0,0,0,0,368.714,181.504,138,321,-0.809,0.318,-0.037,0.033,82,136.5,213,-2.5,0,447.282,185.51,2.486,0.261,0,0,0,0,2057

Main.js:462 117.592,268.185,336,336,0.602,-0.263,0.046,-0.02,57,0,0,1,0,0,0,0,210.569,226.022,2.284,-1.017,0,0,0,0,0,0,0,0,367.91,181.837,139.5,321,-0.804,0.333,-0.038,0.032,81,134,213,-2.5,0,449.769,185.771,2.486,0.261,0,0,0,0,2075

Main.js:462 118.207,267.916,336,336,0.615,-0.269,0.046,-0.02,56,0,0,1,0,0,0,0,212.853,225.005,2.284,-1.017,0,0,0,0,0,0,0,0,367.109,182.183,141,321,-0.801,0.346,-0.039,0.031,80,131.5,213,-2.5,0,452.255,186.032,2.486,0.261,0,0,0,0,2091

Main.js:462 118.834,267.641,336,336,0.628,-0.275,0.046,-0.02,55,0,0,1,0,0,0,0,215.136,223.988,2.284,-1.017,0,0,0,0,0,0,0,0,366.31,182.541,142.5,321,-0.799,0.358,-0.04,0.03,79,129,213,-2.5,0,454.741,186.294,2.486,0.261,0,0,0,0,2107

Main.js:462 119.474,267.361,336,336,0.64,-0.28,0.046,-0.02,54,0,0,1,0,0,0,0,217.42,222.971,2.284,-1.017,0,0,0,0,0,0,0,0,365.513,182.908,144,321,-0.797,0.368,-0.04,0.029,78,126.5,213,-2.5,0,457.228,186.555,2.486,0.261,0,0,0,0,2126

Main.js:462 120.125,267.075,336,336,0.651,-0.286,0.046,-0.02,53,0,0,1,0,0,0,0,219.704,221.954,2.284,-1.017,0,0,0,0,0,0,0,0,364.716,183.285,145.5,321,-0.797,0.376,-0.041,0.028,77,124,213,-2.5,0,459.714,186.816,2.486,0.261,0,0,0,0,2142

Main.js:462 120.787,266.784,336,336,0.662,-0.291,0.046,-0.02,52,0,0,1,0,0,0,0,221.988,220.938,2.284,-1.017,0,0,0,0,0,0,0,0,363.92,183.668,147,321,-0.797,0.383,-0.042,0.027,76,121.5,213,-2.5,0,462.2,187.078,2.486,0.261,0,0,0,0,2158

Main.js:462 121.459,266.488,336,336,0.672,-0.296,0.046,-0.02,51,0,0,1,0,0,0,0,224.272,219.921,2.284,-1.017,0,0,0,0,0,0,0,0,363.122,184.057,148.5,321,-0.797,0.389,-0.043,0.026,75,119,213,-2.5,0,464.687,187.339,2.486,0.261,0,0,0,0,2174

Main.js:462 122.141,266.188,336,336,0.682,-0.3,0.046,-0.02,50,0,0,1,0,0,0,0,226.556,218.904,2.284,-1.017,0,0,0,0,0,0,0,0,362.324,184.45,150,321,-0.799,0.393,-0.043,0.025,74,116.5,213,-2.5,0,467.173,187.6,2.486,0.261,0,0,0,0,2193

Main.js:462 122.832,265.884,336,336,0.691,-0.304,0.046,-0.02,49,0,0,1,0,0,0,0,228.84,217.887,2.284,-1.017,0,0,0,0,0,0,0,0,361.524,184.846,151.5,321,-0.8,0.396,-0.044,0.024,73,114,213,-2.5,0,469.659,187.862,2.486,0.261,0,0,0,0,2210

Main.js:462 123.532,265.575,336,336,0.7,-0.309,0.046,-0.02,48,0,0,1,0,0,0,0,231.123,216.87,2.284,-1.017,0,0,0,0,0,0,0,0,360.721,185.244,153,321,-0.803,0.398,-0.045,0.023,72,111.5,213,-2.5,0,472.146,188.123,2.486,0.261,0,0,0,0,2225

Main.js:462 124.241,265.263,336,336,0.708,-0.312,0.046,-0.02,47,0,0,1,0,0,0,0,233.407,215.853,2.284,-1.017,0,0,0,0,0,0,0,0,359.916,185.643,154.5,321,-0.805,0.399,-0.045,0.022,71,109,213,-2.5,0,474.632,188.384,2.486,0.261,0,0,0,0,2241

Main.js:462 124.957,264.947,336,336,0.716,-0.316,0.046,-0.02,46,0,0,1,0,0,0,0,235.691,214.837,2.284,-1.017,0,0,0,0,0,0,0,0,359.107,186.041,156,321,-0.808,0.398,-0.046,0.02,70,106.5,213,-2.5,0,477.118,188.645,2.486,0.261,0,0,0,0,2258

Main.js:462 125.681,264.627,336,336,0.724,-0.32,0.046,-0.02,45,0,0,1,0,0,0,0,237.975,213.82,2.284,-1.017,0,0,0,0,0,0,0,0,358.295,186.437,157.5,321,-0.812,0.396,-0.046,0.019,69,104,213,-2.5,0,479.604,188.907,2.486,0.261,0,0,0,0,2275

Main.js:462 126.413,264.304,336,336,0.731,-0.323,0.046,-0.02,44,0,0,1,0,0,0,0,240.259,212.803,2.284,-1.017,0,0,0,0,0,0,0,0,357.48,186.83,159,321,-0.816,0.393,-0.047,0.018,68,101.5,213,-2.5,0,482.091,189.168,2.486,0.261,0,0,0,0,2293

Main.js:462 127.151,263.978,336,336,0.738,-0.326,0.046,-0.02,43,0,0,1,0,0,0,0,242.543,211.786,2.284,-1.017,0,0,0,0,0,0,0,0,356.66,187.22,160.5,321,-0.82,0.39,-0.047,0.017,67,99,213,-2.5,0,484.577,189.429,2.486,0.261,0,0,0,0,2308

Main.js:462 127.895,263.649,336,336,0.745,-0.329,0.046,-0.02,42,0,0,1,0,0,0,0,244.827,210.769,2.284,-1.017,0,0,0,0,0,0,0,0,355.836,187.605,162,321,-0.824,0.385,-0.048,0.015,66,96.5,213,-2.5,0,487.063,189.691,2.486,0.261,0,0,0,0,2326

Main.js:462 128.646,263.318,337.5,337.5,0.751,-0.331,0.046,-0.019,41,0,1,1,0,0,0,0,247.11,209.752,2.284,-1.017,0,0,0,0,0,0,0,0,355.008,187.984,163.5,321,-0.828,0.379,-0.048,0.014,65,94,213,-2.5,0,489.55,189.952,2.486,0.261,0,0,0,0,2342

Main.js:462 129.404,262.987,339,339,0.758,-0.331,0.047,-0.018,40,0,1,1,0,0,0,0,249.394,208.736,2.284,-1.017,0,0,0,0,0,0,0,0,354.175,188.356,165,321,-0.833,0.372,-0.048,0.013,64,91.5,213,-2.5,0,492.036,190.213,2.486,0.261,0,0,0,0,2358

Main.js:462 130.169,262.656,340.5,340.5,0.765,-0.331,0.047,-0.017,39,0,1,1,0,0,0,0,251.678,207.719,2.284,-1.017,0,0,0,0,0,0,0,0,353.338,188.721,166.5,321,-0.837,0.365,-0.049,0.012,63,89,213,-2.5,0,494.522,190.475,2.486,0.261,0,0,0,0,2374

Main.js:462 130.941,262.327,342,342,0.772,-0.329,0.048,-0.015,38,0,1,1,0,0,0,0,253.962,206.702,2.284,-1.017,0,0,0,0,0,0,0,0,352.496,189.078,168,321,-0.842,0.356,-0.049,0.01,62,86.5,213,-2.5,0,497.009,190.736,2.486,0.261,0,0,0,0,2392

Main.js:462 131.72,262.001,343.5,343.5,0.779,-0.326,0.048,-0.014,37,0,1,1,0,0,0,0,256.246,205.685,2.284,-1.017,0,0,0,0,0,0,0,0,351.649,189.425,169.5,321,-0.846,0.347,-0.049,0.009,61,84,213,-2.5,0,499.495,190.997,2.486,0.261,0,0,0,0,2408

Main.js:462 132.505,261.679,345,345,0.786,-0.322,0.048,-0.013,36,0,1,1,0,0,0,0,258.53,204.668,2.284,-1.017,0,0,0,0,0,0,0,0,350.798,189.762,171,321,-0.851,0.337,-0.049,0.008,60,81.5,213,-2.5,0,0,0,0,0,0,0,0,0,2424

Main.js:462 133.298,261.363,346.5,346.5,0.793,-0.317,0.049,-0.012,35,0,1,1,0,0,0,0,260.814,203.651,2.284,-1.017,0,0,0,0,0,0,0,0,349.943,190.089,172.5,321,-0.856,0.327,-0.05,0.007,59,79,213,-2.5,0,0,0,0,0,0,0,0,0,2442

Main.js:462 134.097,261.05,346.5,346.5,0.799,-0.312,0.049,-0.012,34,0,0,1,0,0,0,0,263.098,202.634,2.284,-1.017,0,0,0,0,0,0,0,0,349.083,190.404,174,321,-0.86,0.315,-0.05,0.005,58,76.5,213,-2.5,0,0,0,0,0,0,0,0,0,2458

Main.js:462 134.902,260.743,346.5,346.5,0.805,-0.308,0.049,-0.012,33,0,0,1,0,0,0,0,265.381,201.618,2.284,-1.017,0,0,0,0,0,0,0,0,348.218,190.708,175.5,321,-0.864,0.303,-0.05,0.004,57,74,213,-2.5,0,0,0,0,0,0,0,0,0,2475

Main.js:462 135.714,260.44,346.5,346.5,0.811,-0.303,0.049,-0.012,32,0,0,1,0,0,0,0,267.665,200.601,2.284,-1.017,0,0,0,0,0,0,0,0,347.35,190.998,177,321,-0.869,0.291,-0.05,0.003,56,71.5,213,-2.5,0,0,0,0,0,0,0,0,0,2492

Main.js:462 136.531,260.14,346.5,346.5,0.817,-0.299,0.049,-0.012,31,0,0,1,0,0,0,0,269.949,199.584,2.284,-1.017,0,0,0,0,0,0,0,0,346.477,191.276,178.5,321,-0.873,0.277,-0.05,0.001,55,69,213,-2.5,0,0,0,0,0,0,0,0,0,2508

Main.js:462 137.353,259.845,346.5,346.5,0.822,-0.295,0.049,-0.012,30,0,0,1,0,0,0,0,272.233,198.567,2.284,-1.017,0,0,0,0,0,0,0,0,345.6,191.54,178.5,319.5,-0.877,0.265,-0.05,0.001,54,66.5,213,-2.5,0,0,0,0,0,0,0,0,0,2525

Main.js:462 138.18,259.553,346.5,346.5,0.827,-0.292,0.049,-0.012,29,0,0,1,0,0,0,0,274.517,197.55,2.284,-1.017,0,0,0,0,0,0,0,0,344.72,191.793,178.5,318,-0.88,0.253,-0.05,0.001,53,64,213,-2.5,0,0,0,0,0,0,0,0,0,2542

Main.js:462 139.012,259.265,346.5,346.5,0.832,-0.288,0.049,-0.012,28,0,0,1,0,0,0,0,276.801,196.533,2.284,-1.017,0,0,0,0,0,0,0,0,343.837,192.034,178.5,316.5,-0.884,0.241,-0.05,0.001,52,61.5,213,-2.5,0,0,0,0,0,0,0,0,0,2558

Main.js:462 139.849,258.98,346.5,346.5,0.837,-0.285,0.049,-0.012,27,0,0,1,0,0,0,0,279.085,195.517,2.284,-1.017,0,0,0,0,0,0,0,0,342.95,192.265,178.5,315,-0.887,0.231,-0.05,0.001,51,59,213,-2.5,0,0,0,0,0,0,0,0,0,2575

Main.js:462 140.69,258.699,346.5,346.5,0.841,-0.282,0.049,-0.012,26,0,0,1,0,0,0,0,281.368,194.5,2.284,-1.017,0,0,0,0,0,0,0,0,342.06,192.485,178.5,313.5,-0.89,0.22,-0.05,0.001,50,56.5,213,-2.5,0,0,0,0,0,0,0,0,0,2592

Main.js:462 141.535,258.42,346.5,346.5,0.845,-0.279,0.049,-0.012,25,0,0,1,0,0,0,0,283.652,193.483,2.284,-1.017,0,0,0,0,0,0,0,0,341.166,192.696,178.5,312,-0.893,0.21,-0.05,0.001,49,54,213,-2.5,0,0,0,0,0,0,0,0,0,2609

Main.js:462 142.385,258.144,346.5,346.5,0.849,-0.276,0.049,-0.012,24,0,0,1,0,0,0,0,285.936,192.466,2.284,-1.017,0,0,0,0,0,0,0,0,340.271,192.897,178.5,310.5,-0.896,0.201,-0.05,0.001,48,51.5,213,-2.5,0,0,0,0,0,0,0,0,0,2626

Main.js:462 143.237,257.871,346.5,346.5,0.853,-0.273,0.049,-0.012,23,0,0,1,0,0,0,0,288.22,191.449,2.284,-1.017,0,0,0,0,0,0,0,0,339.372,193.089,178.5,309,-0.899,0.192,-0.05,0.001,47,49,213,-2.5,0,0,0,0,0,0,0,0,0,2642

Main.js:462 144.094,257.6,346.5,346.5,0.856,-0.271,0.049,-0.012,22,0,0,1,0,0,0,0,290.504,190.432,2.284,-1.017,0,0,0,0,0,0,0,0,338.471,193.273,178.5,307.5,-0.901,0.184,-0.05,0.001,46,46.5,213,-2.5,0,0,0,0,0,0,0,0,0,2659

Main.js:462 144.954,257.332,346.5,346.5,0.86,-0.268,0.049,-0.012,21,0,0,1,0,0,0,0,292.788,189.416,2.284,-1.017,0,0,0,0,0,0,0,0,337.567,193.449,178.5,306,-0.904,0.176,-0.05,0.001,45,44,213,-2.5,0,0,0,0,0,0,0,0,0,2675

Main.js:462 145.817,257.066,346.5,346.5,0.863,-0.266,0.049,-0.012,20,0,0,1,0,0,0,0,295.072,188.399,2.284,-1.017,0,0,0,0,0,0,0,0,336.661,193.618,178.5,304.5,-0.906,0.168,-0.05,0.001,44,41.5,213,-2.5,0,0,0,0,0,0,0,0,0,2692

Main.js:462 146.683,256.803,346.5,346.5,0.866,-0.264,0.049,-0.012,19,0,0,1,0,0,0,0,297.355,187.382,2.284,-1.017,0,0,0,0,0,0,0,0,335.753,193.779,178.5,303,-0.908,0.161,-0.05,0.001,43,39,213,-2.5,0,0,0,0,0,0,0,0,0,2708

Main.js:462 147.552,256.541,346.5,346.5,0.869,-0.262,0.049,-0.012,18,0,0,1,0,0,0,0,299.639,186.365,2.284,-1.017,0,0,0,0,0,0,0,0,334.843,193.933,178.5,301.5,-0.91,0.154,-0.05,0.001,42,36.5,213,-2.5,0,0,0,0,0,0,0,0,0,2725

Main.js:462 148.423,256.282,346.5,346.5,0.872,-0.26,0.049,-0.012,17,0,0,1,0,0,0,0,301.923,185.348,2.284,-1.017,0,0,0,0,0,0,0,0,333.931,194.081,178.5,300,-0.912,0.148,-0.05,0.001,41,34,213,-2.5,0,0,0,0,0,0,0,0,0,2743

Main.js:462 149.297,256.024,346.5,346.5,0.874,-0.258,0.049,-0.012,16,0,0,1,0,0,0,0,304.207,184.331,2.284,-1.017,0,0,0,0,0,0,0,0,333.017,194.223,178.5,298.5,-0.914,0.142,-0.05,0.001,40,31.5,213,-2.5,0,0,0,0,0,0,0,0,0,2759

Main.js:462 150.174,255.768,346.5,346.5,0.877,-0.256,0.049,-0.012,15,0,0,1,0,0,0,0,306.491,183.314,2.284,-1.017,0,0,0,0,0,0,0,0,332.101,194.359,178.5,297,-0.916,0.136,-0.05,0.001,39,29,213,-2.5,0,0,0,0,0,0,0,0,0,2776

Main.js:462 151.053,255.514,346.5,346.5,0.879,-0.254,0.049,-0.012,14,0,0,1,0,0,0,0,308.775,182.298,2.284,-1.017,0,0,0,0,0,0,0,0,331.184,194.49,178.5,295.5,-0.917,0.13,-0.05,0.001,38,26.5,213,-2.5,0,0,0,0,0,0,0,0,0,2791

Main.js:462 151.935,255.262,346.5,346.5,0.881,-0.253,0.049,-0.012,13,0,0,1,0,0,0,0,311.059,181.281,2.284,-1.017,0,0,0,0,0,0,0,0,330.265,194.615,178.5,294,-0.919,0.125,-0.05,0.001,37,24,213,-2.5,0,0,0,0,0,0,0,0,0,2810

Main.js:462 152.818,255.011,346.5,346.5,0.883,-0.251,0.049,-0.012,12,0,0,1,0,0,0,0,313.343,180.264,2.284,-1.017,0,0,0,0,0,0,0,0,329.344,194.735,178.5,292.5,-0.921,0.12,-0.05,0.001,36,21.5,213,-2.5,0,0,0,0,0,0,0,0,0,2824

Main.js:462 153.703,254.761,346.5,346.5,0.885,-0.25,0.049,-0.012,11,0,0,1,0,0,0,0,313.343,180.264,2.284,-1.017,0,0,0,0,0,0,0,0,328.422,194.85,178.5,291,-0.922,0.115,-0.05,0.001,35,21.5,213,-2.5,0,0,0,0,0,0,0,0,0,2842

