Main.js:143 myTank.x,myTank.y,myTank.rotation,myTank.cannonRotation,myTank.velocityX,myTank.velocityY,myTank.accelerationX,myTank.accelerationY,myTank.shootCooldown,myTank.controls.turnLeft,myTank.controls.turnRight,myTank.controls.goForward,myTank.controls.goBack,myTank.controls.shoot,myTank.controls.cannonLeft,myTank.controls.cannonRight,myBullet1.x,myBullet1.y,myBullet1.velocityX,myBullet1.velocityY,myBullet2.x,myBullet2.y,myBullet2.velocityX,myBullet2.velocityY,myBullet3.x,myBullet3.y,myBullet3.velocityX,myBullet3.velocityY,enemyTank.x,enemyTank.y,enemyTank.rotation,enemyTank.cannonRotation,enemyTank.velocityX,enemyTank.velocityY,enemyTank.accelerationX,enemyTank.accelerationY,enemyTank.shootCooldown,enemyBullet1.x,enemyBullet1.y,enemyBullet1.velocityX,enemyBullet1.velocityY,enemyBullet2.x,enemyBullet2.y,enemyBullet2.velocityX,enemyBullet2.velocityY,enemyBullet3.x,enemyBullet3.y,enemyBullet3.velocityX,enemyBullet3.velocityY,currentGameTime
Main.js:462 450,242,180,180,0,0,0,0,0,0,0,0,0,0,0,0,0,0,0,0,0,0,0,0,0,0,0,0,50,258,0,0,0,0,0,0,0,0,0,0,0,0,0,0,0,0,0,0,0,7

Main.js:462 450,242,180,180,0,0,0,0,0,0,0,0,0,0,0,0,0,0,0,0,0,0,0,0,0,0,0,0,50,258,0,0,0,0,0,0,0,0,0,0,0,0,0,0,0,0,0,0,0,22

Main.js:462 450,242,180,180,0,0,0,0,0,0,0,0,0,0,0,0,0,0,0,0,0,0,0,0,0,0,0,0,50,258,0,0,0,0,0,0,0,0,0,0,0,0,0,0,0,0,0,0,0,37

Main.js:462 450,242,180,180,0,0,0,0,0,0,0,0,0,0,0,0,0,0,0,0,0,0,0,0,0,0,0,0,50.047,258.001,1.5,0,0.047,0.001,0.05,0.001,99,0,0,0,0,0,0,0,0,0,0,0,0,53

Main.js:462 450,242,180,180,0,0,0,0,0,0,0,0,0,0,0,0,0,0,0,0,0,0,0,0,0,0,0,0,50.14,258.005,3,0,0.093,0.004,0.05,0.003,98,73.5,258,2.5,0,0,0,0,0,0,0,0,0,69

Main.js:462 450,242,180,180,0,0,0,0,0,0,0,0,0,0,0,0,0,0,0,0,0,0,0,0,0,0,0,0,50.275,258.012,4.5,0,0.135,0.007,0.05,0.004,97,76,258,2.5,0,0,0,0,0,0,0,0,0,86

Main.js:462 450,242,180,180,0,0,0,0,0,0,0,0,0,0,0,0,0,0,0,0,0,0,0,0,0,0,0,0,50.451,258.024,6,0,0.176,0.012,0.05,0.005,96,78.5,258,2.5,0,0,0,0,0,0,0,0,0,102

Main.js:462 450,242,180,180,0,0,0,0,0,0,0,0,0,0,0,0,0,0,0,0,0,0,0,0,0,0,0,0,50.665,258.041,7.5,0,0.214,0.017,0.05,0.007,95,81,258,2.5,0,0,0,0,0,0,0,0,0,119

Main.js:462 450,242,180,180,0,0,0,0,0,0,0,0,0,0,0,0,0,0,0,0,0,0,0,0,0,0,0,0,50.915,258.065,9,0,0.25,0.024,0.049,0.008,94,83.5,258,2.5,0,0,0,0,0,0,0,0,0,137

Main.js:462 449.953,242,180,180,-0.047,0,-0.05,0,0,0,0,1,0,0,0,0,0,0,0,0,0,0,0,0,0,0,0,0,51.2,258.097,10.5,0,0.284,0.031,0.049,0.009,93,86,258,2.5,0,0,0,0,0,0,0,0,0,153

Main.js:462 449.86,242,180,180,-0.093,0,-0.05,0,0,0,0,1,0,0,0,0,0,0,0,0,0,0,0,0,0,0,0,0,51.517,258.137,12,0,0.317,0.04,0.049,0.01,92,88.5,258,2.5,0,0,0,0,0,0,0,0,0,169

Main.js:462 449.724,242,180,180,-0.135,0,-0.05,0,0,0,0,1,0,0,0,0,0,0,0,0,0,0,0,0,0,0,0,0,51.864,258.185,13.5,0,0.347,0.049,0.049,0.012,91,91,258,2.5,0,0,0,0,0,0,0,0,0,187

Main.js:462 449.548,242,180,180,-0.176,0,-0.05,0,0,0,0,1,0,0,0,0,0,0,0,0,0,0,0,0,0,0,0,0,52.239,258.244,15,0,0.376,0.059,0.048,0.013,90,93.5,258,2.5,0,0,0,0,0,0,0,0,0,203

Main.js:462 449.333,242,180,180,-0.215,0,-0.05,0,0,0,0,1,0,0,0,0,0,0,0,0,0,0,0,0,0,0,0,0,52.641,258.313,16.5,0,0.402,0.069,0.048,0.014,89,96,258,2.5,0,0,0,0,0,0,0,0,0,221

Main.js:462 449.082,242,180,180,-0.252,0,-0.05,0,0,0,0,1,0,0,0,0,0,0,0,0,0,0,0,0,0,0,0,0,53.069,258.394,18,0,0.427,0.08,0.048,0.015,88,98.5,258,2.5,0,0,0,0,0,0,0,0,0,238

Main.js:462 448.795,242,180,180,-0.287,0,-0.05,0,0,0,0,1,0,0,0,0,0,0,0,0,0,0,0,0,0,0,0,0,53.52,258.486,19.5,0,0.451,0.092,0.047,0.017,87,101,258,2.5,0,0,0,0,0,0,0,0,0,255

Main.js:462 448.475,242,180,180,-0.32,0,-0.05,0,0,0,0,1,0,0,0,0,0,0,0,0,0,0,0,0,0,0,0,0,53.992,258.591,21,0,0.473,0.105,0.047,0.018,86,103.5,258,2.5,0,0,0,0,0,0,0,0,0,269

Main.js:462 448.124,242,180,180,-0.351,0,-0.05,0,0,0,0,1,0,0,0,0,0,0,0,0,0,0,0,0,0,0,0,0,54.485,258.708,22.5,0,0.493,0.118,0.046,0.019,85,106,258,2.5,0,0,0,0,0,0,0,0,0,287

Main.js:462 447.743,242,180,180,-0.381,0,-0.05,0,0,0,0,1,0,0,0,0,0,0,0,0,0,0,0,0,0,0,0,0,54.997,258.84,24,0,0.512,0.131,0.046,0.02,84,108.5,258,2.5,0,0,0,0,0,0,0,0,0,304

Main.js:462 447.333,242,180,180,-0.41,0,-0.05,0,0,0,0,1,0,0,0,0,0,0,0,0,0,0,0,0,0,0,0,0,55.526,258.985,25.5,0,0.529,0.145,0.045,0.022,83,111,258,2.5,0,0,0,0,0,0,0,0,0,321

Main.js:462 446.897,242,180,180,-0.437,0,-0.05,0,0,0,0,1,0,0,0,0,0,0,0,0,0,0,0,0,0,0,0,0,56.07,259.144,27,0,0.545,0.159,0.045,0.023,82,113.5,258,2.5,0,0,0,0,0,0,0,0,0,337

Main.js:462 446.434,242,180,180,-0.462,0,-0.05,0,0,0,0,1,0,0,0,0,0,0,0,0,0,0,0,0,0,0,0,0,56.63,259.318,28.5,0,0.559,0.174,0.044,0.024,81,116,258,2.5,0,0,0,0,0,0,0,0,0,353

Main.js:462 445.947,242,180,180,-0.487,0,-0.05,0,0,0,0,1,0,0,0,0,0,0,0,0,0,0,0,0,0,0,0,0,57.202,259.507,30,0,0.572,0.189,0.043,0.025,80,118.5,258,2.5,0,0,0,0,0,0,0,0,0,369

Main.js:462 445.438,242,180,180,-0.51,0,-0.05,0,0,0,0,1,0,0,0,0,0,0,0,0,0,0,0,0,0,0,0,0,57.787,259.711,31.5,0,0.584,0.204,0.043,0.026,79,121,258,2.5,0,0,0,0,0,0,0,0,0,386

Main.js:462 444.906,242,180,180,-0.532,0,-0.05,0,0,0,0,1,0,0,0,0,0,0,0,0,0,0,0,0,0,0,0,0,58.382,259.931,33,0,0.595,0.22,0.042,0.027,78,123.5,258,2.5,0,0,0,0,0,0,0,0,0,403

Main.js:462 444.353,242,180,180,-0.553,0,-0.05,0,0,0,0,1,0,0,0,0,0,0,0,0,0,0,0,0,0,0,0,0,58.986,260.167,34.5,0,0.604,0.236,0.041,0.028,77,126,258,2.5,0,0,0,0,0,0,0,0,0,419

Main.js:462 443.78,242,180,180,-0.573,0,-0.05,0,0,0,0,1,0,0,0,0,0,0,0,0,0,0,0,0,0,0,0,0,59.598,260.419,36,0,0.613,0.252,0.04,0.029,76,128.5,258,2.5,0,0,0,0,0,0,0,0,0,436

Main.js:462 443.189,242,180,180,-0.592,0,-0.05,0,0,0,0,1,0,0,0,0,0,0,0,0,0,0,0,0,0,0,0,0,60.218,260.688,37.5,0,0.62,0.268,0.04,0.03,75,131,258,2.5,0,0,0,0,0,0,0,0,0,453

Main.js:462 442.579,242,180,180,-0.609,0,-0.05,0,0,0,0,1,0,0,0,0,0,0,0,0,0,0,0,0,0,0,0,0,60.844,260.973,39,0,0.626,0.285,0.039,0.031,74,133.5,258,2.5,0,0,0,0,0,0,0,0,0,470

Main.js:462 441.953,242,180,180,-0.626,0,-0.05,0,0,0,0,1,0,0,0,0,0,0,0,0,0,0,0,0,0,0,0,0,61.474,261.274,40.5,0,0.63,0.301,0.038,0.032,73,136,258,2.5,0,0,0,0,0,0,0,0,0,487

Main.js:462 441.31,242,180,180,-0.643,0,-0.05,0,0,0,0,1,0,0,0,0,0,0,0,0,0,0,0,0,0,0,0,0,62.108,261.592,42,0,0.634,0.318,0.037,0.033,72,138.5,258,2.5,0,0,0,0,0,0,0,0,0,503

Main.js:462 440.652,242,180,180,-0.658,0,-0.05,0,0,0,0,1,0,0,0,0,0,0,0,0,0,0,0,0,0,0,0,0,62.746,261.926,42,358.5,0.638,0.334,0.037,0.033,71,141,258,2.5,0,0,0,0,0,0,0,0,0,520

Main.js:462 439.98,242,180,180,-0.673,0,-0.05,0,0,0,0,1,0,0,0,0,0,0,0,0,0,0,0,0,0,0,0,0,63.387,262.276,42,357,0.641,0.349,0.037,0.033,70,143.5,258,2.5,0,0,0,0,0,0,0,0,0,537

Main.js:462 439.293,242,180,180,-0.686,0,-0.05,0,0,0,0,1,0,0,0,0,0,0,0,0,0,0,0,0,0,0,0,0,64.032,262.639,42,355.5,0.644,0.363,0.037,0.033,69,146,258,2.5,0,0,0,0,0,0,0,0,0,553

Main.js:462 438.593,242,180,180,-0.7,0,-0.05,0,0,0,0,1,0,0,0,0,0,0,0,0,0,0,0,0,0,0,0,0,64.679,263.016,42,354,0.647,0.377,0.037,0.033,68,148.5,258,2.5,0,0,0,0,0,0,0,0,0,569

Main.js:462 437.881,242,180,180,-0.712,0,-0.05,0,0,0,0,1,0,0,0,0,0,0,0,0,0,0,0,0,0,0,0,0,65.329,263.406,42,352.5,0.65,0.39,0.037,0.033,67,151,258,2.5,0,0,0,0,0,0,0,0,0,586

Main.js:462 437.157,242,180,180,-0.724,0,-0.05,0,0,0,0,1,0,0,0,0,0,0,0,0,0,0,0,0,0,0,0,0,65.983,263.808,42,351,0.653,0.402,0.037,0.033,66,153.5,258,2.5,0,0,0,0,0,0,0,0,0,605

Main.js:462 436.422,242,180,180,-0.735,0,-0.05,0,0,0,0,1,0,0,0,0,0,0,0,0,0,0,0,0,0,0,0,0,66.639,264.222,42,349.5,0.656,0.414,0.037,0.033,65,156,258,2.5,0,0,0,0,0,0,0,0,0,621

Main.js:462 435.676,242,180,180,-0.746,0,-0.05,0,0,0,0,1,0,0,0,0,0,0,0,0,0,0,0,0,0,0,0,0,67.297,264.647,42,348,0.658,0.425,0.037,0.033,64,158.5,258,2.5,0,0,0,0,0,0,0,0,0,638

Main.js:462 434.919,242,180,180,-0.756,0,-0.05,0,0,0,0,1,0,0,0,0,0,0,0,0,0,0,0,0,0,0,0,0,67.958,265.083,42,346.5,0.661,0.436,0.037,0.033,63,161,258,2.5,0,0,0,0,0,0,0,0,0,654

Main.js:462 434.154,242,180,180,-0.766,0,-0.05,0,0,0,0,1,0,0,0,0,0,0,0,0,0,0,0,0,0,0,0,0,68.621,265.529,42,345,0.663,0.446,0.037,0.033,62,163.5,258,2.5,0,0,0,0,0,0,0,0,0,669

Main.js:462 433.378,242,180,180,-0.775,0,-0.05,0,0,0,0,1,0,0,0,0,0,0,0,0,0,0,0,0,0,0,0,0,69.286,265.984,42,343.5,0.665,0.455,0.037,0.033,61,166,258,2.5,0,0,0,0,0,0,0,0,0,687

Main.js:462 432.594,242,180,180,-0.784,0,-0.05,0,0,0,0,1,0,0,0,0,0,0,0,0,0,0,0,0,0,0,0,0,69.953,266.448,42,342,0.667,0.464,0.037,0.033,60,168.5,258,2.5,0,0,0,0,0,0,0,0,0,704

Main.js:462 431.802,242.001,178.5,178.5,-0.792,0.001,-0.05,0.001,0,1,0,1,0,0,0,0,0,0,0,0,0,0,0,0,0,0,0,0,70.622,266.92,42,340.5,0.669,0.473,0.037,0.033,59,171,258,2.5,0,0,0,0,0,0,0,0,0,720

Main.js:462 431.002,242.005,177,177,-0.8,0.004,-0.05,0.003,0,1,0,1,0,0,0,0,0,0,0,0,0,0,0,0,0,0,0,0,71.293,267.401,42,339,0.671,0.481,0.037,0.033,58,173.5,258,2.5,0,0,0,0,0,0,0,0,0,738

Main.js:462 430.195,242.012,175.5,175.5,-0.807,0.007,-0.05,0.004,0,1,0,1,0,0,0,0,0,0,0,0,0,0,0,0,0,0,0,0,71.966,267.89,42,337.5,0.673,0.489,0.037,0.033,57,176,258,2.5,0,0,0,0,0,0,0,0,0,753

Main.js:462 429.38,242.023,175.5,175.5,-0.814,0.011,-0.05,0.004,0,0,0,1,0,0,0,0,0,0,0,0,0,0,0,0,0,0,0,0,72.64,268.386,42,336,0.674,0.496,0.037,0.033,56,178.5,258,2.5,0,0,0,0,0,0,0,0,0,769

Main.js:462 428.559,242.036,175.5,175.5,-0.821,0.014,-0.05,0.004,0,0,0,1,0,0,0,0,0,0,0,0,0,0,0,0,0,0,0,0,73.316,268.889,42,334.5,0.676,0.503,0.037,0.033,55,181,258,2.5,0,0,0,0,0,0,0,0,0,826

Main.js:462 427.732,242.053,175.5,175.5,-0.827,0.017,-0.05,0.004,99,0,0,1,0,1,0,0,0,0,0,0,0,0,0,0,0,0,0,0,73.994,269.398,42,333,0.677,0.51,0.037,0.033,54,183.5,258,2.5,0,0,0,0,0,0,0,0,0,853

Main.js:462 426.899,242.073,175.5,175.5,-0.833,0.02,-0.05,0.004,98,0,0,1,0,0,0,0,405.132,243.88,-2.492,0.196,0,0,0,0,0,0,0,0,74.672,269.914,42,331.5,0.679,0.516,0.037,0.033,53,186,258,2.5,0,0,0,0,0,0,0,0,0,868

Main.js:462 426.06,242.095,175.5,175.5,-0.839,0.022,-0.05,0.004,97,0,0,1,0,0,0,0,402.64,244.076,-2.492,0.196,0,0,0,0,0,0,0,0,75.353,270.436,42,330,0.68,0.522,0.037,0.033,52,188.5,258,2.5,0,0,0,0,0,0,0,0,0,886

Main.js:462 425.215,242.12,175.5,175.5,-0.844,0.025,-0.05,0.004,96,0,0,1,0,0,0,0,400.147,244.273,-2.492,0.196,0,0,0,0,0,0,0,0,76.034,270.964,42,328.5,0.682,0.528,0.037,0.033,51,191,258,2.5,0,0,0,0,0,0,0,0,0,903

Main.js:462 424.366,242.148,175.5,175.5,-0.85,0.028,-0.05,0.004,95,0,0,1,0,0,0,0,397.655,244.469,-2.492,0.196,0,0,0,0,0,0,0,0,76.717,271.497,42,327,0.683,0.533,0.037,0.033,50,193.5,258,2.5,0,0,0,0,0,0,0,0,0,921

Main.js:462 423.512,242.178,175.5,175.5,-0.854,0.03,-0.05,0.004,94,0,0,1,0,0,0,0,395.163,244.665,-2.492,0.196,0,0,0,0,0,0,0,0,77.401,272.035,42,325.5,0.684,0.538,0.037,0.033,49,196,258,2.5,0,0,0,0,0,0,0,0,0,936

Main.js:462 422.653,242.21,175.5,175.5,-0.859,0.032,-0.05,0.004,93,0,0,1,0,0,0,0,392.67,244.861,-2.492,0.196,0,0,0,0,0,0,0,0,78.086,272.578,42,324,0.685,0.543,0.037,0.033,48,198.5,258,2.5,0,0,0,0,0,0,0,0,0,954

Main.js:462 421.789,242.244,175.5,175.5,-0.863,0.034,-0.05,0.004,92,0,0,1,0,0,0,0,390.178,245.057,-2.492,0.196,0,0,0,0,0,0,0,0,78.772,273.125,42,322.5,0.686,0.548,0.037,0.033,47,201,258,2.5,0,0,0,0,0,0,0,0,0,971

Main.js:462 420.921,242.28,175.5,175.5,-0.868,0.036,-0.05,0.004,91,0,0,1,0,0,0,0,387.686,245.253,-2.492,0.196,0,0,0,0,0,0,0,0,79.459,273.677,42,321,0.687,0.552,0.037,0.033,46,203.5,258,2.5,0,0,0,0,0,0,0,0,0,987

Main.js:462 420.05,242.319,175.5,175.5,-0.872,0.038,-0.05,0.004,90,0,0,1,0,0,0,0,385.194,245.449,-2.492,0.196,0,0,0,0,0,0,0,0,80.147,274.233,42,319.5,0.688,0.556,0.037,0.033,45,206,258,2.5,0,0,0,0,0,0,0,0,0,1004

Main.js:462 419.175,242.359,175.5,175.5,-0.875,0.04,-0.05,0.004,89,0,0,1,0,0,0,0,382.701,245.646,-2.492,0.196,0,0,0,0,0,0,0,0,80.837,274.793,40.5,316.5,0.69,0.559,0.038,0.032,44,208.5,258,2.5,0,0,0,0,0,0,0,0,0,1022

Main.js:462 418.296,242.4,175.5,175.5,-0.879,0.042,-0.05,0.004,88,0,0,1,0,0,0,0,380.209,245.842,-2.492,0.196,0,0,0,0,0,0,0,0,81.529,275.354,39,313.5,0.692,0.561,0.039,0.031,43,211,258,2.5,0,0,0,0,0,0,0,0,0,1037

Main.js:462 417.413,242.444,175.5,175.5,-0.882,0.043,-0.05,0.004,87,0,0,1,0,0,0,0,377.717,246.038,-2.492,0.196,0,0,0,0,0,0,0,0,82.224,275.916,37.5,310.5,0.695,0.562,0.04,0.03,42,213.5,258,2.5,0,0,0,0,0,0,0,0,0,1053

Main.js:462 416.528,242.489,175.5,175.5,-0.886,0.045,-0.05,0.004,86,0,0,1,0,0,0,0,375.224,246.234,-2.492,0.196,0,0,0,0,0,0,0,0,82.923,276.478,36,307.5,0.699,0.562,0.04,0.029,41,216,258,2.5,0,0,0,0,0,0,0,0,0,1069

Main.js:462 415.639,242.535,175.5,175.5,-0.889,0.046,-0.05,0.004,85,0,0,1,0,0,0,0,372.732,246.43,-2.492,0.196,0,0,0,0,0,0,0,0,83.626,277.038,34.5,304.5,0.703,0.561,0.041,0.028,40,218.5,258,2.5,0,0,0,0,0,0,0,0,0,1086

Main.js:462 414.747,242.583,175.5,175.5,-0.892,0.048,-0.05,0.004,84,0,0,1,0,0,0,0,370.24,246.626,-2.492,0.196,0,0,0,0,0,0,0,0,84.334,277.597,33,301.5,0.708,0.558,0.042,0.027,39,221,258,2.5,0,0,0,0,0,0,0,0,0,1103

Main.js:462 413.853,242.632,175.5,175.5,-0.894,0.049,-0.05,0.004,83,0,0,1,0,0,0,0,367.747,246.822,-2.492,0.196,0,0,0,0,0,0,0,0,85.047,278.152,31.5,298.5,0.713,0.555,0.043,0.026,38,223.5,258,2.5,0,0,0,0,0,0,0,0,0,1121

Main.js:462 412.956,242.682,175.5,175.5,-0.897,0.05,-0.05,0.004,82,0,0,1,0,0,0,0,365.255,247.019,-2.492,0.196,0,0,0,0,0,0,0,0,85.765,278.704,30,295.5,0.718,0.551,0.043,0.025,37,226,258,2.5,0,0,0,0,0,0,0,0,0,1137

Main.js:462 412.057,242.734,175.5,175.5,-0.899,0.052,-0.05,0.004,81,0,0,1,0,0,0,0,362.763,247.215,-2.492,0.196,0,0,0,0,0,0,0,0,86.489,279.25,28.5,292.5,0.724,0.546,0.044,0.024,36,228.5,258,2.5,0,0,0,0,0,0,0,0,0,1152

Main.js:462 411.155,242.787,175.5,175.5,-0.902,0.053,-0.05,0.004,80,0,0,1,0,0,0,0,360.271,247.411,-2.492,0.196,0,0,0,0,0,0,0,0,87.22,279.791,27,289.5,0.73,0.541,0.045,0.023,35,231,258,2.5,0,0,0,0,0,0,0,0,0,1171

Main.js:462 410.25,242.839,177,177,-0.904,0.053,-0.05,0.003,79,0,1,1,0,0,0,0,357.778,247.607,-2.492,0.196,0,0,0,0,0,0,0,0,87.956,280.325,25.5,286.5,0.737,0.534,0.045,0.022,34,233.5,258,2.5,0,0,0,0,0,0,0,0,0,1187

Main.js:462 409.344,242.89,178.5,178.5,-0.906,0.051,-0.05,0.001,78,0,1,1,0,0,0,0,355.286,247.803,-2.492,0.196,0,0,0,0,0,0,0,0,88.7,280.852,24,283.5,0.743,0.527,0.046,0.02,33,236,258,2.5,0,0,0,0,0,0,0,0,0,1204

Main.js:462 408.435,242.939,180,180,-0.909,0.049,-0.05,0,77,0,1,1,0,0,0,0,352.794,247.999,-2.492,0.196,0,0,0,0,0,0,0,0,89.45,281.37,22.5,280.5,0.75,0.519,0.046,0.019,32,238.5,258,2.5,0,0,0,0,0,0,0,0,0,1221

Main.js:462 407.525,242.984,181.5,181.5,-0.911,0.045,-0.05,-0.001,76,0,1,1,0,0,0,0,350.301,248.196,-2.492,0.196,0,0,0,0,0,0,0,0,90.206,281.88,21,277.5,0.757,0.51,0.047,0.018,31,241,258,2.5,0,0,0,0,0,0,0,0,0,1237

Main.js:462 406.612,243.024,183,183,-0.913,0.04,-0.05,-0.003,75,0,1,1,0,0,0,0,347.809,248.392,-2.492,0.196,0,0,0,0,0,0,0,0,90.97,282.38,19.5,274.5,0.764,0.5,0.047,0.017,30,243.5,258,2.5,0,0,0,0,0,0,0,0,0,1254

Main.js:462 405.698,243.059,184.5,184.5,-0.914,0.035,-0.05,-0.004,74,0,1,1,0,0,0,0,345.317,248.588,-2.492,0.196,0,0,0,0,0,0,0,0,91.741,282.87,18,271.5,0.771,0.49,0.048,0.015,29,246,258,2.5,0,0,0,0,0,0,0,0,0,1271

Main.js:462 404.782,243.087,186,186,-0.916,0.028,-0.05,-0.005,73,0,1,1,0,0,0,0,342.825,248.784,-2.492,0.196,0,0,0,0,0,0,0,0,92.519,283.348,16.5,268.5,0.778,0.479,0.048,0.014,28,248.5,258,2.5,0,0,0,0,0,0,0,0,0,1289

Main.js:462 403.865,243.107,187.5,187.5,-0.917,0.02,-0.05,-0.007,72,0,1,1,0,0,0,0,340.332,248.98,-2.492,0.196,0,0,0,0,0,0,0,0,93.303,283.815,15,265.5,0.785,0.467,0.048,0.013,27,251,258,2.5,0,0,0,0,0,0,0,0,0,1305

Main.js:462 402.946,243.119,189,189,-0.918,0.012,-0.049,-0.008,71,0,1,1,0,0,0,0,337.84,249.176,-2.492,0.196,0,0,0,0,0,0,0,0,94.095,284.27,13.5,262.5,0.792,0.455,0.049,0.012,26,253.5,258,2.5,0,0,0,0,0,0,0,0,0,1321

Main.js:462 402.027,243.121,190.5,190.5,-0.919,0.003,-0.049,-0.009,70,0,1,1,0,0,0,0,335.348,249.372,-2.492,0.196,0,0,0,0,0,0,0,0,94.894,284.712,12,259.5,0.799,0.442,0.049,0.01,25,256,258,2.5,0,0,0,0,0,0,0,0,0,1337

Main.js:462 401.108,243.114,192,192,-0.92,-0.007,-0.049,-0.01,69,0,1,1,0,0,0,0,332.855,249.569,-2.492,0.196,0,0,0,0,0,0,0,0,95.699,285.141,10.5,256.5,0.805,0.429,0.049,0.009,24,258.5,258,2.5,0,0,0,0,0,0,0,0,0,1353

Main.js:462 400.188,243.096,193.5,193.5,-0.92,-0.018,-0.049,-0.012,68,0,1,1,0,0,0,0,330.363,249.765,-2.492,0.196,0,0,0,0,0,0,0,0,96.511,285.555,9,253.5,0.812,0.415,0.049,0.008,23,261,258,2.5,0,0,0,0,0,0,0,0,0,1371

Main.js:462 399.268,243.066,195,195,-0.92,-0.03,-0.048,-0.013,67,0,1,1,0,0,0,0,327.871,249.961,-2.492,0.196,0,0,0,0,0,0,0,0,97.329,285.955,7.5,250.5,0.818,0.4,0.05,0.007,22,263.5,258,2.5,0,0,0,0,0,0,0,0,0,1387

Main.js:462 398.349,243.024,196.5,196.5,-0.919,-0.042,-0.048,-0.014,66,0,1,1,0,0,0,0,325.378,250.157,-2.492,0.196,0,0,0,0,0,0,0,0,98.154,286.34,6,247.5,0.825,0.385,0.05,0.005,21,266,258,2.5,0,0,0,0,0,0,0,0,0,1402

Main.js:462 397.431,242.97,198,198,-0.918,-0.054,-0.048,-0.015,65,0,1,1,0,0,0,0,322.886,250.353,-2.492,0.196,0,0,0,0,0,0,0,0,98.985,286.71,4.5,244.5,0.831,0.369,0.05,0.004,20,268.5,258,2.5,0,0,0,0,0,0,0,0,0,1420

Main.js:462 396.514,242.903,199.5,199.5,-0.917,-0.067,-0.047,-0.017,64,0,1,1,0,0,0,0,320.394,250.549,-2.492,0.196,0,0,0,0,0,0,0,0,99.822,287.063,3,241.5,0.837,0.353,0.05,0.003,19,271,258,2.5,0,0,0,0,0,0,0,0,0,1437

Main.js:462 395.597,242.823,199.5,199.5,-0.916,-0.08,-0.047,-0.017,63,0,0,1,0,0,0,0,317.902,250.745,-2.492,0.196,0,0,0,0,0,0,0,0,100.664,287.4,1.5,238.5,0.842,0.337,0.05,0.001,18,273.5,258,2.5,0,0,0,0,0,0,0,0,0,1453

Main.js:462 394.682,242.731,199.5,199.5,-0.915,-0.092,-0.047,-0.017,62,0,0,1,0,0,0,0,315.409,250.942,-2.492,0.196,0,0,0,0,0,0,0,0,101.512,287.72,0,235.5,0.848,0.32,0.05,0,17,276,258,2.5,0,0,0,0,0,0,0,0,0,1470

Main.js:462 393.768,242.628,199.5,199.5,-0.914,-0.103,-0.047,-0.017,61,0,0,1,0,0,0,0,312.917,251.138,-2.492,0.196,0,0,0,0,0,0,0,0,102.365,288.023,358.5,232.5,0.853,0.303,0.05,-0.001,16,278.5,258,2.5,0,0,0,0,0,0,0,0,0,1487

Main.js:462 392.855,242.515,199.5,199.5,-0.913,-0.114,-0.047,-0.017,60,0,0,1,0,0,0,0,310.425,251.334,-2.492,0.196,0,0,0,0,0,0,0,0,103.223,288.308,357,229.5,0.858,0.285,0.05,-0.003,15,281,258,2.5,0,0,0,0,0,0,0,0,0,1503

Main.js:462 391.943,242.391,199.5,199.5,-0.912,-0.124,-0.047,-0.017,59,0,0,1,0,0,0,0,307.932,251.53,-2.492,0.196,0,0,0,0,0,0,0,0,104.085,288.576,355.5,226.5,0.862,0.267,0.05,-0.004,14,283.5,258,2.5,0,0,0,0,0,0,0,0,0,1520

Main.js:462 391.031,242.257,199.5,199.5,-0.912,-0.133,-0.047,-0.017,58,0,0,1,0,0,0,0,305.44,251.726,-2.492,0.196,0,0,0,0,0,0,0,0,104.951,288.825,354,223.5,0.866,0.249,0.05,-0.005,13,286,258,2.5,0,0,0,0,0,0,0,0,0,1536

Main.js:462 390.12,242.115,199.5,199.5,-0.911,-0.143,-0.047,-0.017,57,0,0,1,0,0,0,0,302.948,251.922,-2.492,0.196,0,0,0,0,0,0,0,0,105.821,289.055,352.5,220.5,0.87,0.23,0.05,-0.007,12,288.5,258,2.5,0,0,0,0,0,0,0,0,0,1553

Main.js:462 389.21,241.963,199.5,199.5,-0.91,-0.151,-0.047,-0.017,56,0,0,1,0,0,0,0,300.456,252.118,-2.492,0.196,0,0,0,0,0,0,0,0,106.695,289.266,351,217.5,0.873,0.211,0.049,-0.008,11,291,258,2.5,0,0,0,0,0,0,0,0,0,1571

Main.js:462 388.301,241.804,199.5,199.5,-0.909,-0.16,-0.047,-0.017,55,0,0,1,0,0,0,0,297.963,252.315,-2.492,0.196,0,0,0,0,0,0,0,0,107.571,289.458,349.5,214.5,0.877,0.192,0.049,-0.009,10,293.5,258,2.5,0,0,0,0,0,0,0,0,0,1587

Main.js:462 387.393,241.636,199.5,199.5,-0.909,-0.168,-0.047,-0.017,54,0,0,1,0,0,0,0,295.471,252.511,-2.492,0.196,0,0,0,0,0,0,0,0,108.451,289.631,348,211.5,0.879,0.173,0.049,-0.01,9,296,258,2.5,0,0,0,0,0,0,0,0,0,1604

Main.js:462 386.485,241.461,199.5,199.5,-0.908,-0.175,-0.047,-0.017,53,0,0,1,0,0,0,0,292.979,252.707,-2.492,0.196,0,0,0,0,0,0,0,0,109.332,289.784,346.5,208.5,0.881,0.153,0.049,-0.012,8,298.5,258,2.5,0,0,0,0,0,0,0,0,0,1620

Main.js:462 385.577,241.279,199.5,199.5,-0.907,-0.182,-0.047,-0.017,52,0,0,1,0,0,0,0,290.486,252.903,-2.492,0.196,0,0,0,0,0,0,0,0,110.215,289.917,345,205.5,0.883,0.133,0.048,-0.013,7,301,258,2.5,0,0,0,0,0,0,0,0,0,1641

Main.js:462 384.671,241.09,199.5,199.5,-0.907,-0.189,-0.047,-0.017,51,0,0,1,0,0,0,0,287.994,253.099,-2.492,0.196,0,0,0,0,0,0,0,0,111.1,290.03,343.5,202.5,0.885,0.113,0.048,-0.014,6,303.5,258,2.5,0,0,0,0,0,0,0,0,0,1653

Main.js:462 383.765,240.895,199.5,199.5,-0.906,-0.195,-0.047,-0.017,50,0,0,1,0,0,0,0,285.502,253.295,-2.492,0.196,0,0,0,0,0,0,0,0,111.985,290.122,342,199.5,0.886,0.093,0.048,-0.015,5,306,258,2.5,0,0,0,0,0,0,0,0,0,1670

Main.js:462 382.859,240.693,199.5,199.5,-0.906,-0.201,-0.047,-0.017,49,0,0,1,0,0,0,0,283.01,253.492,-2.492,0.196,0,0,0,0,0,0,0,0,112.871,290.194,340.5,196.5,0.886,0.072,0.047,-0.017,4,308.5,258,2.5,0,0,0,0,0,0,0,0,0,1686

Main.js:462 381.954,240.486,199.5,199.5,-0.905,-0.207,-0.047,-0.017,48,0,0,1,0,0,0,0,280.517,253.688,-2.492,0.196,0,0,0,0,0,0,0,0,113.757,290.246,339,193.5,0.886,0.051,0.047,-0.018,3,311,258,2.5,0,0,0,0,0,0,0,0,0,1704

Main.js:462 381.049,240.273,199.5,199.5,-0.905,-0.213,-0.047,-0.017,47,0,0,1,0,0,0,0,278.025,253.884,-2.492,0.196,0,0,0,0,0,0,0,0,114.643,290.277,337.5,190.5,0.886,0.031,0.046,-0.019,2,313.5,258,2.5,0,0,0,0,0,0,0,0,0,1722

Main.js:462 380.145,240.056,199.5,199.5,-0.904,-0.218,-0.047,-0.017,46,0,0,1,0,0,0,0,275.533,254.08,-2.492,0.196,0,0,0,0,0,0,0,0,115.528,290.286,336,187.5,0.885,0.01,0.046,-0.02,1,316,258,2.5,0,0,0,0,0,0,0,0,0,1737

Main.js:462 379.242,239.833,199.5,199.5,-0.904,-0.223,-0.047,-0.017,45,0,0,1,0,0,0,0,273.04,254.276,-2.492,0.196,0,0,0,0,0,0,0,0,116.411,290.275,334.5,184.5,0.883,-0.011,0.045,-0.022,0,318.5,258,2.5,0,0,0,0,0,0,0,0,0,1754

Main.js:462 378.338,239.605,199.5,199.5,-0.903,-0.228,-0.047,-0.017,44,0,0,1,0,0,0,0,270.548,254.472,-2.492,0.196,0,0,0,0,0,0,0,0,117.293,290.243,333,181.5,0.882,-0.032,0.045,-0.023,99,321,258,2.5,0,0,0,0,0,0,0,0,0,1769

Main.js:462 377.435,239.373,199.5,199.5,-0.903,-0.232,-0.047,-0.017,43,0,0,1,0,0,0,0,268.056,254.668,-2.492,0.196,0,0,0,0,0,0,0,0,118.172,290.19,331.5,178.5,0.879,-0.053,0.044,-0.024,98,323.5,258,2.5,0,92.919,289.66,-2.499,-0.065,0,0,0,0,1805

Main.js:462 376.533,239.137,199.5,199.5,-0.903,-0.236,-0.047,-0.017,42,0,0,1,0,0,0,0,265.563,254.865,-2.492,0.196,0,0,0,0,0,0,0,0,119.048,290.116,330,175.5,0.876,-0.074,0.043,-0.025,97,326,258,2.5,0,90.42,289.595,-2.499,-0.065,0,0,0,0,1836

Main.js:462 375.631,238.896,199.5,199.5,-0.902,-0.24,-0.047,-0.017,41,0,0,1,0,0,0,0,263.071,255.061,-2.492,0.196,0,0,0,0,0,0,0,0,119.921,290.02,328.5,172.5,0.873,-0.095,0.043,-0.026,96,328.5,258,2.5,0,87.921,289.529,-2.499,-0.065,0,0,0,0,1853

Main.js:462 374.729,238.652,199.5,199.5,-0.902,-0.244,-0.047,-0.017,40,0,0,1,0,0,0,0,260.579,255.257,-2.492,0.196,0,0,0,0,0,0,0,0,120.791,289.904,327,169.5,0.869,-0.116,0.042,-0.027,95,331,258,2.5,0,85.422,289.464,-2.499,-0.065,0,0,0,0,1871

Main.js:462 373.827,238.404,199.5,199.5,-0.902,-0.248,-0.047,-0.017,39,0,0,1,0,0,0,0,258.087,255.453,-2.492,0.196,0,0,0,0,0,0,0,0,121.656,289.766,325.5,166.5,0.865,-0.138,0.041,-0.028,94,333.5,258,2.5,0,82.923,289.398,-2.499,-0.065,0,0,0,0,1886

Main.js:462 372.926,238.153,199.5,199.5,-0.901,-0.251,-0.047,-0.017,38,0,0,1,0,0,0,0,255.594,255.649,-2.492,0.196,0,0,0,0,0,0,0,0,122.516,289.608,324,163.5,0.86,-0.159,0.04,-0.029,93,336,258,2.5,0,80.424,289.333,-2.499,-0.065,0,0,0,0,1903

Main.js:462 372.025,237.899,199.5,199.5,-0.901,-0.255,-0.047,-0.017,37,0,0,1,0,0,0,0,253.102,255.845,-2.492,0.196,0,0,0,0,0,0,0,0,123.371,289.428,322.5,160.5,0.855,-0.18,0.04,-0.03,92,338.5,258,2.5,0,77.924,289.267,-2.499,-0.065,0,0,0,0,1920

Main.js:462 371.124,237.641,199.5,199.5,-0.901,-0.258,-0.047,-0.017,36,0,0,1,0,0,0,0,250.61,256.041,-2.492,0.196,0,0,0,0,0,0,0,0,124.22,289.228,321,157.5,0.849,-0.201,0.039,-0.031,91,341,258,2.5,0,75.425,289.202,-2.499,-0.065,0,0,0,0,1937

Main.js:462 370.224,237.38,199.5,199.5,-0.9,-0.261,-0.047,-0.017,35,0,0,1,0,0,0,0,248.117,256.238,-2.492,0.196,0,0,0,0,0,0,0,0,125.062,289.006,319.5,154.5,0.843,-0.221,0.038,-0.032,90,343.5,258,2.5,0,72.926,289.137,-2.499,-0.065,0,0,0,0,1954

Main.js:462 369.324,237.117,199.5,199.5,-0.9,-0.264,-0.047,-0.017,34,0,0,1,0,0,0,0,245.625,256.434,-2.492,0.196,0,0,0,0,0,0,0,0,125.898,288.764,318,151.5,0.836,-0.242,0.037,-0.033,89,346,258,2.5,0,70.427,289.071,-2.499,-0.065,0,0,0,0,1969

Main.js:462 368.424,236.851,199.5,199.5,-0.9,-0.266,-0.047,-0.017,33,0,0,1,0,0,0,0,243.133,256.63,-2.492,0.196,0,0,0,0,0,0,0,0,126.726,288.502,316.5,148.5,0.828,-0.263,0.036,-0.034,88,348.5,258,2.5,0,67.928,289.006,-2.499,-0.065,0,0,0,0,1986

Main.js:462 367.524,236.582,199.5,199.5,-0.9,-0.269,-0.047,-0.017,32,0,0,1,0,0,0,0,240.641,256.826,-2.492,0.196,0,0,0,0,0,0,0,0,127.547,288.218,315,145.5,0.821,-0.283,0.035,-0.035,87,351,258,2.5,0,65.429,288.94,-2.499,-0.065,0,0,0,0,2005

Main.js:462 366.625,236.311,199.5,199.5,-0.9,-0.271,-0.047,-0.017,31,0,0,1,0,0,0,0,238.148,257.022,-2.492,0.196,0,0,0,0,0,0,0,0,128.361,287.917,316.5,145.5,0.814,-0.302,0.036,-0.034,86,353.5,258,2.5,0,62.93,288.875,-2.499,-0.065,0,0,0,0,2021

Main.js:462 365.725,236.037,199.5,199.5,-0.899,-0.273,-0.047,-0.017,30,0,0,1,0,0,0,0,235.656,257.218,-2.492,0.196,0,0,0,0,0,0,0,0,129.17,287.599,318,145.5,0.809,-0.318,0.037,-0.033,85,356,258,2.5,0,60.43,288.809,-2.499,-0.065,0,0,0,0,2037

Main.js:462 364.826,235.762,199.5,199.5,-0.899,-0.276,-0.047,-0.017,29,0,0,1,0,0,0,0,233.164,257.414,-2.492,0.196,0,0,0,0,0,0,0,0,129.974,287.265,319.5,145.5,0.804,-0.333,0.038,-0.032,84,358.5,258,2.5,0,57.931,288.744,-2.499,-0.065,0,0,0,0,2053

Main.js:462 363.927,235.484,199.5,199.5,-0.899,-0.278,-0.047,-0.017,28,0,0,1,0,0,0,0,230.671,257.611,-2.492,0.196,0,0,0,0,0,0,0,0,130.775,286.919,321,145.5,0.801,-0.346,0.039,-0.031,83,361,258,2.5,0,55.432,288.678,-2.499,-0.065,0,0,0,0,2070

Main.js:462 363.028,235.204,199.5,199.5,-0.899,-0.28,-0.047,-0.017,27,0,0,1,0,0,0,0,228.179,257.807,-2.492,0.196,0,0,0,0,0,0,0,0,131.574,286.561,322.5,145.5,0.799,-0.358,0.04,-0.03,82,363.5,258,2.5,0,52.933,288.613,-2.499,-0.065,0,0,0,0,2086

Main.js:462 362.13,234.923,199.5,199.5,-0.899,-0.282,-0.047,-0.017,26,0,0,1,0,0,0,0,225.687,258.003,-2.492,0.196,0,0,0,0,0,0,0,0,132.371,286.193,324,145.5,0.797,-0.368,0.04,-0.029,81,366,258,2.5,0,50.434,288.548,-2.499,-0.065,0,0,0,0,2104

Main.js:462 361.231,234.641,198,198,-0.899,-0.282,-0.048,-0.015,25,1,0,1,0,0,0,0,223.194,258.199,-2.492,0.196,0,0,0,0,0,0,0,0,133.167,285.816,325.5,145.5,0.796,-0.377,0.041,-0.028,80,368.5,258,2.5,0,47.935,288.482,-2.499,-0.065,0,0,0,0,2121

Main.js:462 360.331,234.359,196.5,196.5,-0.899,-0.282,-0.048,-0.014,24,1,0,1,0,0,0,0,220.702,258.395,-2.492,0.196,0,0,0,0,0,0,0,0,133.964,285.432,327,145.5,0.796,-0.384,0.042,-0.027,79,371,258,2.5,0,45.436,288.417,-2.499,-0.065,0,0,0,0,2137

Main.js:462 359.431,234.079,195,195,-0.9,-0.28,-0.048,-0.013,23,1,0,1,0,0,0,0,218.21,258.591,-2.492,0.196,0,0,0,0,0,0,0,0,134.761,285.043,328.5,145.5,0.797,-0.389,0.043,-0.026,78,373.5,258,2.5,0,42.936,288.351,-2.499,-0.065,0,0,0,0,2153

Main.js:462 358.53,233.802,193.5,193.5,-0.902,-0.277,-0.049,-0.012,22,1,0,1,0,0,0,0,215.718,258.787,-2.492,0.196,0,0,0,0,0,0,0,0,135.56,284.649,330,145.5,0.798,-0.394,0.043,-0.025,77,376,258,2.5,0,40.437,288.286,-2.499,-0.065,0,0,0,0,2170

Main.js:462 357.627,233.529,192,192,-0.903,-0.273,-0.049,-0.01,21,1,0,1,0,0,0,0,213.225,258.984,-2.492,0.196,0,0,0,0,0,0,0,0,136.36,284.253,331.5,145.5,0.8,-0.397,0.044,-0.024,76,378.5,258,2.5,0,37.938,288.22,-2.499,-0.065,0,0,0,0,2188

Main.js:462 356.722,233.262,190.5,190.5,-0.904,-0.268,-0.049,-0.009,20,1,0,1,0,0,0,0,210.733,259.18,-2.492,0.196,0,0,0,0,0,0,0,0,137.162,283.855,333,145.5,0.803,-0.398,0.045,-0.023,75,381,258,2.5,0,35.439,288.155,-2.499,-0.065,0,0,0,0,2204

Main.js:462 355.816,233,189,189,-0.906,-0.262,-0.049,-0.008,19,1,0,1,0,0,0,0,208.241,259.376,-2.492,0.196,0,0,0,0,0,0,0,0,137.968,283.456,334.5,145.5,0.805,-0.399,0.045,-0.022,74,383.5,258,2.5,0,32.94,288.09,-2.499,-0.065,0,0,0,0,2222

Main.js:462 354.908,232.745,187.5,187.5,-0.908,-0.255,-0.05,-0.007,18,1,0,1,0,0,0,0,205.748,259.572,-2.492,0.196,0,0,0,0,0,0,0,0,138.776,283.058,336,145.5,0.808,-0.398,0.046,-0.02,73,386,258,2.5,0,30.441,288.024,-2.499,-0.065,0,0,0,0,2237

Main.js:462 353.998,232.497,186,186,-0.91,-0.247,-0.05,-0.005,17,1,0,1,0,0,0,0,203.256,259.768,-2.492,0.196,0,0,0,0,0,0,0,0,139.588,282.661,337.5,145.5,0.812,-0.396,0.046,-0.019,72,388.5,258,2.5,0,27.942,287.959,-2.499,-0.065,0,0,0,0,2254

Main.js:462 353.087,232.259,184.5,184.5,-0.912,-0.239,-0.05,-0.004,16,1,0,1,0,0,0,0,200.764,259.964,-2.492,0.196,0,0,0,0,0,0,0,0,140.404,282.267,339,145.5,0.816,-0.394,0.047,-0.018,71,391,258,2.5,0,25.442,287.893,-2.499,-0.065,0,0,0,0,2271

Main.js:462 352.173,232.028,184.5,184.5,-0.913,-0.23,-0.05,-0.004,15,0,0,1,0,0,0,0,198.272,260.161,-2.492,0.196,0,0,0,0,0,0,0,0,141.223,281.878,340.5,145.5,0.82,-0.39,0.047,-0.017,70,393.5,258,2.5,0,22.943,287.828,-2.499,-0.065,0,0,0,0,2287

Main.js:462 351.258,231.806,184.5,184.5,-0.915,-0.223,-0.05,-0.004,14,0,0,1,0,0,0,0,195.779,260.357,-2.492,0.196,0,0,0,0,0,0,0,0,142.047,281.493,342,145.5,0.824,-0.385,0.048,-0.015,69,396,258,2.5,0,20.444,287.762,-2.499,-0.065,0,0,0,0,2303

Main.js:462 350.341,231.591,184.5,184.5,-0.917,-0.215,-0.05,-0.004,13,0,0,1,0,0,0,0,193.287,260.553,-2.492,0.196,0,0,0,0,0,0,0,0,142.875,281.113,343.5,145.5,0.828,-0.379,0.048,-0.014,68,398.5,258,2.5,0,17.945,287.697,-2.499,-0.065,0,0,0,0,2320

Main.js:462 349.423,231.382,184.5,184.5,-0.918,-0.208,-0.05,-0.004,12,0,0,1,0,0,0,0,190.795,260.749,-2.492,0.196,0,0,0,0,0,0,0,0,143.708,280.741,345,145.5,0.833,-0.373,0.048,-0.013,67,401,258,2.5,0,15.446,287.631,-2.499,-0.065,0,0,0,0,2337

Main.js:462 348.503,231.181,184.5,184.5,-0.92,-0.201,-0.05,-0.004,11,0,0,1,0,0,0,0,188.302,260.945,-2.492,0.196,0,0,0,0,0,0,0,0,144.545,280.376,346.5,145.5,0.837,-0.365,0.049,-0.012,66,403.5,258,2.5,0,12.947,287.566,-2.499,-0.065,0,0,0,0,2353

Main.js:462 347.582,230.987,183,183,-0.921,-0.194,-0.05,-0.003,10,1,0,1,0,0,0,0,185.81,261.141,-2.492,0.196,0,0,0,0,0,0,0,0,145.387,280.019,348,145.5,0.842,-0.357,0.049,-0.01,65,406,258,2.5,0,10.447,287.501,-2.499,-0.065,0,0,0,0,2370

Main.js:462 346.66,230.801,181.5,181.5,-0.923,-0.185,-0.05,-0.001,9,1,0,1,0,0,0,0,183.318,261.337,-2.492,0.196,0,0,0,0,0,0,0,0,146.233,279.671,349.5,145.5,0.846,-0.348,0.049,-0.009,64,408.5,258,2.5,0,7.948,287.435,-2.499,-0.065,0,0,0,0,2387

Main.js:462 345.736,230.625,180,180,-0.924,-0.176,-0.05,0,8,1,0,1,0,0,0,0,180.825,261.534,-2.492,0.196,0,0,0,0,0,0,0,0,147.084,279.334,351,145.5,0.851,-0.338,0.049,-0.008,63,411,258,2.5,0,5.449,287.37,-2.499,-0.065,0,0,0,0,2404

Main.js:462 344.811,230.459,178.5,178.5,-0.925,-0.166,-0.05,0.001,7,1,0,1,0,0,0,0,178.333,261.73,-2.492,0.196,0,0,0,0,0,0,0,0,147.94,279.007,352.5,145.5,0.856,-0.327,0.05,-0.007,62,413.5,258,2.5,0,2.95,287.304,-2.499,-0.065,0,0,0,0,2420

Main.js:462 343.884,230.304,177,177,-0.926,-0.155,-0.05,0.003,6,1,0,1,0,0,0,0,175.841,261.926,-2.492,0.196,0,0,0,0,0,0,0,0,148.8,278.692,354,145.5,0.86,-0.316,0.05,-0.005,61,416,258,2.5,0,0.451,287.239,-2.499,-0.065,0,0,0,0,2437

Main.js:462 342.957,230.16,175.5,175.5,-0.927,-0.144,-0.05,0.004,5,1,0,1,0,0,0,0,173.349,262.122,-2.492,0.196,0,0,0,0,0,0,0,0,149.664,278.388,355.5,145.5,0.864,-0.303,0.05,-0.004,60,418.5,258,2.5,0,0,0,0,0,0,0,0,0,2454

Main.js:462 342.029,230.028,174,174,-0.928,-0.132,-0.05,0.005,4,1,0,1,0,0,0,0,170.856,262.318,-2.492,0.196,0,0,0,0,0,0,0,0,150.533,278.097,357,145.5,0.869,-0.291,0.05,-0.003,59,421,258,2.5,0,0,0,0,0,0,0,0,0,2471

Main.js:462 341.1,229.909,172.5,172.5,-0.929,-0.119,-0.05,0.007,3,1,0,1,0,0,0,0,168.364,262.514,-2.492,0.196,0,0,0,0,0,0,0,0,151.406,277.82,358.5,145.5,0.873,-0.277,0.05,-0.001,58,423.5,258,2.5,0,0,0,0,0,0,0,0,0,2488

Main.js:462 340.17,229.804,171,171,-0.929,-0.106,-0.049,0.008,2,1,0,1,0,0,0,0,165.872,262.71,-2.492,0.196,0,0,0,0,0,0,0,0,152.282,277.556,0,145.5,0.877,-0.264,0.05,0,57,426,258,2.5,0,0,0,0,0,0,0,0,0,2504

Main.js:462 339.241,229.712,169.5,169.5,-0.93,-0.092,-0.049,0.009,1,1,0,1,0,0,0,0,165.872,262.71,-2.492,0.196,0,0,0,0,0,0,0,0,153.162,277.306,0,144,0.88,-0.25,0.05,0,56,426,258,2.5,0,0,0,0,0,0,0,0,0,2520

