Main.js:143 myTank.x,myTank.y,myTank.rotation,myTank.cannonRotation,myTank.velocityX,myTank.velocityY,myTank.accelerationX,myTank.accelerationY,myTank.shootCooldown,myTank.controls.turnLeft,myTank.controls.turnRight,myTank.controls.goForward,myTank.controls.goBack,myTank.controls.shoot,myTank.controls.cannonLeft,myTank.controls.cannonRight,myBullet1.x,myBullet1.y,myBullet1.velocityX,myBullet1.velocityY,myBullet2.x,myBullet2.y,myBullet2.velocityX,myBullet2.velocityY,myBullet3.x,myBullet3.y,myBullet3.velocityX,myBullet3.velocityY,enemyTank.x,enemyTank.y,enemyTank.rotation,enemyTank.cannonRotation,enemyTank.velocityX,enemyTank.velocityY,enemyTank.accelerationX,enemyTank.accelerationY,enemyTank.shootCooldown,enemyBullet1.x,enemyBullet1.y,enemyBullet1.velocityX,enemyBullet1.velocityY,enemyBullet2.x,enemyBullet2.y,enemyBullet2.velocityX,enemyBullet2.velocityY,enemyBullet3.x,enemyBullet3.y,enemyBullet3.velocityX,enemyBullet3.velocityY,currentGameTime
Main.js:462 50,426,0,0,0,0,0,0,0,0,0,0,0,0,0,0,0,0,0,0,0,0,0,0,0,0,0,0,450,74,180,180,0,0,0,0,0,0,0,0,0,0,0,0,0,0,0,0,0,11

Main.js:462 50,426,0,0,0,0,0,0,0,0,0,0,0,0,0,0,0,0,0,0,0,0,0,0,0,0,0,0,449.953,73.999,181.5,180,-0.047,-0.001,-0.05,-0.001,99,0,0,0,0,0,0,0,0,0,0,0,0,43

Main.js:462 50,426,0,0,0,0,0,0,0,0,0,0,0,0,0,0,0,0,0,0,0,0,0,0,0,0,0,0,449.86,73.995,183,180,-0.093,-0.004,-0.05,-0.003,98,426.5,74,-2.5,0,0,0,0,0,0,0,0,0,59

Main.js:462 50,426,0,0,0,0,0,0,0,0,0,0,0,0,0,0,0,0,0,0,0,0,0,0,0,0,0,0,449.725,73.988,184.5,180,-0.135,-0.007,-0.05,-0.004,97,424,74,-2.5,0,0,0,0,0,0,0,0,0,75

Main.js:462 50,426,0,0,0,0,0,0,0,0,0,0,0,0,0,0,0,0,0,0,0,0,0,0,0,0,0,0,449.549,73.976,186,180,-0.176,-0.012,-0.05,-0.005,96,421.5,74,-2.5,0,0,0,0,0,0,0,0,0,94

Main.js:462 50,426,0,0,0,0,0,0,0,0,0,0,0,0,0,0,0,0,0,0,0,0,0,0,0,0,0,0,449.335,73.959,187.5,180,-0.214,-0.017,-0.05,-0.007,95,419,74,-2.5,0,0,0,0,0,0,0,0,0,109

Main.js:462 50,426,0,0,0,0,0,0,0,0,0,0,0,0,0,0,0,0,0,0,0,0,0,0,0,0,0,0,449.085,73.935,189,180,-0.25,-0.024,-0.049,-0.008,94,416.5,74,-2.5,0,0,0,0,0,0,0,0,0,126

Main.js:462 50,426,0,0,0,0,0,0,0,0,0,0,0,0,0,0,0,0,0,0,0,0,0,0,0,0,0,0,448.8,73.903,190.5,180,-0.284,-0.031,-0.049,-0.009,93,414,74,-2.5,0,0,0,0,0,0,0,0,0,143

Main.js:462 50,426,0,0,0,0,0,0,0,0,0,0,0,0,0,0,0,0,0,0,0,0,0,0,0,0,0,0,448.483,73.863,192,180,-0.317,-0.04,-0.049,-0.01,92,411.5,74,-2.5,0,0,0,0,0,0,0,0,0,209

Main.js:462 50.048,426,0,0,0.048,0,0.05,0,0,0,0,1,0,0,0,0,0,0,0,0,0,0,0,0,0,0,0,0,448.136,73.815,193.5,180,-0.347,-0.049,-0.049,-0.012,91,409,74,-2.5,0,0,0,0,0,0,0,0,0,225

Main.js:462 50.14,426,0,0,0.093,0,0.05,0,0,0,0,1,0,0,0,0,0,0,0,0,0,0,0,0,0,0,0,0,447.761,73.756,195,180,-0.376,-0.059,-0.048,-0.013,90,406.5,74,-2.5,0,0,0,0,0,0,0,0,0,242

Main.js:462 50.276,426,0,0,0.135,0,0.05,0,0,0,0,1,0,0,0,0,0,0,0,0,0,0,0,0,0,0,0,0,447.359,73.687,196.5,180,-0.402,-0.069,-0.048,-0.014,89,404,74,-2.5,0,0,0,0,0,0,0,0,0,258

Main.js:462 50.452,426,0,0,0.176,0,0.05,0,0,0,0,1,0,0,0,0,0,0,0,0,0,0,0,0,0,0,0,0,446.931,73.606,198,180,-0.427,-0.08,-0.048,-0.015,88,401.5,74,-2.5,0,0,0,0,0,0,0,0,0,275

Main.js:462 50.667,426,0,0,0.215,0,0.05,0,0,0,0,1,0,0,0,0,0,0,0,0,0,0,0,0,0,0,0,0,446.48,73.514,199.5,180,-0.451,-0.092,-0.047,-0.017,87,399,74,-2.5,0,0,0,0,0,0,0,0,0,293

Main.js:462 50.918,426,0,0,0.252,0,0.05,0,0,0,0,1,0,0,0,0,0,0,0,0,0,0,0,0,0,0,0,0,446.008,73.409,201,180,-0.473,-0.105,-0.047,-0.018,86,396.5,74,-2.5,0,0,0,0,0,0,0,0,0,309

Main.js:462 51.205,426,0,0,0.287,0,0.05,0,0,0,0,1,0,0,0,0,0,0,0,0,0,0,0,0,0,0,0,0,445.515,73.292,202.5,180,-0.493,-0.118,-0.046,-0.019,85,394,74,-2.5,0,0,0,0,0,0,0,0,0,327

Main.js:462 51.525,426,0,0,0.32,0,0.05,0,0,0,0,1,0,0,0,0,0,0,0,0,0,0,0,0,0,0,0,0,445.003,73.16,204,180,-0.512,-0.131,-0.046,-0.02,84,391.5,74,-2.5,0,0,0,0,0,0,0,0,0,342

Main.js:462 51.876,426,0,0,0.351,0,0.05,0,0,0,0,1,0,0,0,0,0,0,0,0,0,0,0,0,0,0,0,0,444.474,73.015,205.5,180,-0.529,-0.145,-0.045,-0.022,83,389,74,-2.5,0,0,0,0,0,0,0,0,0,359

Main.js:462 52.257,426,0,0,0.381,0,0.05,0,0,0,0,1,0,0,0,0,0,0,0,0,0,0,0,0,0,0,0,0,443.93,72.856,207,180,-0.545,-0.159,-0.045,-0.023,82,386.5,74,-2.5,0,0,0,0,0,0,0,0,0,376

Main.js:462 52.667,425.999,358.5,358.5,0.41,-0.001,0.05,-0.001,0,1,0,1,0,0,0,0,0,0,0,0,0,0,0,0,0,0,0,0,443.37,72.682,208.5,180,-0.559,-0.174,-0.044,-0.024,81,384,74,-2.5,0,0,0,0,0,0,0,0,0,392

Main.js:462 53.103,425.995,357,357,0.437,-0.004,0.05,-0.003,0,1,0,1,0,0,0,0,0,0,0,0,0,0,0,0,0,0,0,0,442.798,72.493,210,180,-0.572,-0.189,-0.043,-0.025,80,381.5,74,-2.5,0,0,0,0,0,0,0,0,0,409

Main.js:462 53.566,425.988,355.5,355.5,0.462,-0.007,0.05,-0.004,0,1,0,1,0,0,0,0,0,0,0,0,0,0,0,0,0,0,0,0,442.213,72.289,211.5,180,-0.584,-0.204,-0.043,-0.026,79,379,74,-2.5,0,0,0,0,0,0,0,0,0,426

Main.js:462 54.052,425.976,354,354,0.486,-0.012,0.05,-0.005,0,1,0,1,0,0,0,0,0,0,0,0,0,0,0,0,0,0,0,0,441.618,72.069,213,180,-0.595,-0.22,-0.042,-0.027,78,376.5,74,-2.5,0,0,0,0,0,0,0,0,0,444

Main.js:462 54.561,425.959,352.5,352.5,0.509,-0.017,0.05,-0.007,0,1,0,1,0,0,0,0,0,0,0,0,0,0,0,0,0,0,0,0,441.014,71.833,214.5,180,-0.604,-0.236,-0.041,-0.028,77,374,74,-2.5,0,0,0,0,0,0,0,0,0,459

Main.js:462 55.091,425.935,351,351,0.53,-0.024,0.049,-0.008,0,1,0,1,0,0,0,0,0,0,0,0,0,0,0,0,0,0,0,0,440.402,71.581,216,180,-0.613,-0.252,-0.04,-0.029,76,371.5,74,-2.5,0,0,0,0,0,0,0,0,0,476

Main.js:462 55.642,425.903,349.5,349.5,0.551,-0.031,0.049,-0.009,0,1,0,1,0,0,0,0,0,0,0,0,0,0,0,0,0,0,0,0,439.782,71.312,217.5,180,-0.62,-0.268,-0.04,-0.03,75,369,74,-2.5,0,0,0,0,0,0,0,0,0,492

Main.js:462 56.211,425.863,348,348,0.57,-0.04,0.049,-0.01,0,1,0,1,0,0,0,0,0,0,0,0,0,0,0,0,0,0,0,0,439.156,71.027,219,180,-0.626,-0.285,-0.039,-0.031,74,366.5,74,-2.5,0,0,0,0,0,0,0,0,0,510

Main.js:462 56.799,425.815,346.5,346.5,0.587,-0.049,0.049,-0.012,0,1,0,1,0,0,0,0,0,0,0,0,0,0,0,0,0,0,0,0,438.525,70.727,219,178.5,-0.631,-0.301,-0.039,-0.031,73,364,74,-2.5,0,0,0,0,0,0,0,0,0,527

Main.js:462 57.403,425.756,345,345,0.604,-0.059,0.048,-0.013,0,1,0,1,0,0,0,0,0,0,0,0,0,0,0,0,0,0,0,0,437.889,70.411,219,177,-0.637,-0.315,-0.039,-0.031,72,361.5,74,-2.5,0,0,0,0,0,0,0,0,0,542

Main.js:462 58.022,425.687,343.5,343.5,0.619,-0.069,0.048,-0.014,0,1,0,1,0,0,0,0,0,0,0,0,0,0,0,0,0,0,0,0,437.247,70.082,219,175.5,-0.642,-0.33,-0.039,-0.031,71,359,74,-2.5,0,0,0,0,0,0,0,0,0,559

Main.js:462 58.655,425.606,342,342,0.633,-0.08,0.048,-0.015,0,1,0,1,0,0,0,0,0,0,0,0,0,0,0,0,0,0,0,0,436.601,69.739,219,174,-0.646,-0.343,-0.039,-0.031,70,356.5,74,-2.5,0,0,0,0,0,0,0,0,0,576

Main.js:462 59.302,425.514,340.5,340.5,0.646,-0.092,0.047,-0.017,0,1,0,1,0,0,0,0,0,0,0,0,0,0,0,0,0,0,0,0,435.949,69.383,219,172.5,-0.651,-0.356,-0.039,-0.031,69,354,74,-2.5,0,0,0,0,0,0,0,0,0,593

Main.js:462 59.96,425.409,339,339,0.659,-0.105,0.047,-0.018,0,1,0,1,0,0,0,0,0,0,0,0,0,0,0,0,0,0,0,0,435.294,69.016,219,171,-0.655,-0.368,-0.039,-0.031,68,351.5,74,-2.5,0,0,0,0,0,0,0,0,0,608

Main.js:462 60.63,425.292,337.5,337.5,0.669,-0.118,0.046,-0.019,0,1,0,1,0,0,0,0,0,0,0,0,0,0,0,0,0,0,0,0,434.634,68.636,219,169.5,-0.66,-0.379,-0.039,-0.031,67,349,74,-2.5,0,0,0,0,0,0,0,0,0,625

Main.js:462 61.309,425.16,336,336,0.679,-0.131,0.046,-0.02,0,1,0,1,0,0,0,0,0,0,0,0,0,0,0,0,0,0,0,0,433.971,68.246,219,168,-0.663,-0.39,-0.039,-0.031,66,346.5,74,-2.5,0,0,0,0,0,0,0,0,0,643

Main.js:462 61.997,425.015,334.5,334.5,0.688,-0.145,0.045,-0.022,0,1,0,1,0,0,0,0,0,0,0,0,0,0,0,0,0,0,0,0,433.304,67.845,219,166.5,-0.667,-0.401,-0.039,-0.031,65,344,74,-2.5,0,0,0,0,0,0,0,0,0,659

Main.js:462 62.694,424.856,333,333,0.696,-0.159,0.045,-0.023,0,1,0,1,0,0,0,0,0,0,0,0,0,0,0,0,0,0,0,0,432.633,67.435,219,165,-0.671,-0.41,-0.039,-0.031,64,341.5,74,-2.5,0,0,0,0,0,0,0,0,0,677

Main.js:462 63.397,424.682,331.5,331.5,0.703,-0.174,0.044,-0.024,0,1,0,1,0,0,0,0,0,0,0,0,0,0,0,0,0,0,0,0,431.959,67.015,219,163.5,-0.674,-0.42,-0.039,-0.031,63,339,74,-2.5,0,0,0,0,0,0,0,0,0,691

Main.js:462 64.106,424.493,330,330,0.709,-0.189,0.043,-0.025,0,1,0,1,0,0,0,0,0,0,0,0,0,0,0,0,0,0,0,0,431.281,66.586,219,162,-0.677,-0.429,-0.039,-0.031,62,336.5,74,-2.5,0,0,0,0,0,0,0,0,0,709

Main.js:462 64.82,424.289,328.5,328.5,0.714,-0.204,0.043,-0.026,0,1,0,1,0,0,0,0,0,0,0,0,0,0,0,0,0,0,0,0,430.601,66.149,219,160.5,-0.68,-0.437,-0.039,-0.031,61,334,74,-2.5,0,0,0,0,0,0,0,0,0,726

Main.js:462 65.538,424.069,327,327,0.718,-0.22,0.042,-0.027,0,1,0,1,0,0,0,0,0,0,0,0,0,0,0,0,0,0,0,0,429.918,65.704,219,159,-0.683,-0.445,-0.039,-0.031,60,331.5,74,-2.5,0,0,0,0,0,0,0,0,0,743

Main.js:462 66.26,423.834,327,327,0.722,-0.235,0.042,-0.027,0,0,0,1,0,0,0,0,0,0,0,0,0,0,0,0,0,0,0,0,429.232,65.251,219,157.5,-0.686,-0.453,-0.039,-0.031,59,329,74,-2.5,0,0,0,0,0,0,0,0,0,758

Main.js:462 66.986,423.585,327,327,0.726,-0.249,0.042,-0.027,0,0,0,1,0,0,0,0,0,0,0,0,0,0,0,0,0,0,0,0,428.543,64.791,219,156,-0.689,-0.46,-0.039,-0.031,58,326.5,74,-2.5,0,0,0,0,0,0,0,0,0,775

Main.js:462 67.716,423.322,327,327,0.729,-0.262,0.042,-0.027,0,0,0,1,0,0,0,0,0,0,0,0,0,0,0,0,0,0,0,0,427.852,64.324,219,154.5,-0.691,-0.467,-0.039,-0.031,57,324,74,-2.5,0,0,0,0,0,0,0,0,0,794

Main.js:462 68.449,423.047,327,327,0.733,-0.275,0.042,-0.027,0,0,0,1,0,0,0,0,0,0,0,0,0,0,0,0,0,0,0,0,427.158,63.851,219,153,-0.694,-0.474,-0.039,-0.031,56,321.5,74,-2.5,0,0,0,0,0,0,0,0,0,809

Main.js:462 69.185,422.76,327,327,0.736,-0.287,0.042,-0.027,0,0,0,1,0,0,0,0,0,0,0,0,0,0,0,0,0,0,0,0,426.463,63.371,219,151.5,-0.696,-0.48,-0.039,-0.031,55,319,74,-2.5,0,0,0,0,0,0,0,0,0,826

Main.js:462 69.924,422.461,327,327,0.739,-0.299,0.042,-0.027,0,0,0,1,0,0,0,0,0,0,0,0,0,0,0,0,0,0,0,0,425.765,62.885,219,150,-0.698,-0.486,-0.039,-0.031,54,316.5,74,-2.5,0,0,0,0,0,0,0,0,0,842

Main.js:462 70.666,422.151,327,327,0.742,-0.31,0.042,-0.027,0,0,0,1,0,0,0,0,0,0,0,0,0,0,0,0,0,0,0,0,425.065,62.394,219,148.5,-0.7,-0.491,-0.039,-0.031,53,314,74,-2.5,0,0,0,0,0,0,0,0,0,860

Main.js:462 71.41,421.831,327,327,0.745,-0.32,0.042,-0.027,0,0,0,1,0,0,0,0,0,0,0,0,0,0,0,0,0,0,0,0,424.363,61.897,219,147,-0.702,-0.497,-0.039,-0.031,52,311.5,74,-2.5,0,0,0,0,0,0,0,0,0,877

Main.js:462 72.158,421.501,327,327,0.747,-0.33,0.042,-0.027,99,0,0,1,0,1,0,0,0,0,0,0,0,0,0,0,0,0,0,0,423.659,61.396,219,145.5,-0.704,-0.502,-0.039,-0.031,51,309,74,-2.5,0,0,0,0,0,0,0,0,0,892

Main.js:462 72.908,421.162,327,327,0.75,-0.339,0.042,-0.027,98,0,0,1,0,1,0,0,91.119,409.032,2.097,-1.362,0,0,0,0,0,0,0,0,422.954,60.889,219,144,-0.705,-0.506,-0.039,-0.031,50,306.5,74,-2.5,0,0,0,0,0,0,0,0,0,909

Main.js:462 73.66,420.813,327,327,0.752,-0.348,0.042,-0.027,97,0,0,1,0,1,0,0,93.216,407.67,2.097,-1.362,0,0,0,0,0,0,0,0,422.247,60.378,219,142.5,-0.707,-0.511,-0.039,-0.031,49,304,74,-2.5,0,0,0,0,0,0,0,0,0,926

Main.js:462 74.414,420.456,327,327,0.754,-0.357,0.042,-0.027,96,0,0,1,0,1,0,0,95.313,406.309,2.097,-1.362,0,0,0,0,0,0,0,0,421.538,59.863,219,141,-0.709,-0.515,-0.039,-0.031,48,301.5,74,-2.5,0,0,0,0,0,0,0,0,0,942

Main.js:462 75.17,420.092,327,327,0.756,-0.365,0.042,-0.027,95,0,0,1,0,1,0,0,97.409,404.947,2.097,-1.362,0,0,0,0,0,0,0,0,420.828,59.343,219,139.5,-0.71,-0.52,-0.039,-0.031,47,299,74,-2.5,0,0,0,0,0,0,0,0,0,960

Main.js:462 75.929,419.719,327,327,0.758,-0.372,0.042,-0.027,94,0,0,1,0,1,0,0,99.506,403.585,2.097,-1.362,0,0,0,0,0,0,0,0,420.117,58.82,219,138,-0.711,-0.523,-0.039,-0.031,46,296.5,74,-2.5,0,0,0,0,0,0,0,0,0,976

Main.js:462 76.689,419.34,327,327,0.76,-0.38,0.042,-0.027,93,0,0,1,0,1,0,0,101.603,402.224,2.097,-1.362,0,0,0,0,0,0,0,0,419.404,58.293,219,136.5,-0.713,-0.527,-0.039,-0.031,45,294,74,-2.5,0,0,0,0,0,0,0,0,0,992

Main.js:462 77.452,418.953,327,327,0.762,-0.387,0.042,-0.027,92,0,0,1,0,1,0,0,103.699,400.862,2.097,-1.362,0,0,0,0,0,0,0,0,418.69,57.762,219,135,-0.714,-0.531,-0.039,-0.031,44,291.5,74,-2.5,0,0,0,0,0,0,0,0,0,1009

Main.js:462 78.215,418.56,327,327,0.764,-0.393,0.042,-0.027,91,0,0,1,0,1,0,0,105.796,399.501,2.097,-1.362,0,0,0,0,0,0,0,0,417.974,57.229,217.5,132,-0.716,-0.533,-0.04,-0.03,43,289,74,-2.5,0,0,0,0,0,0,0,0,0,1025

Main.js:462 78.981,418.161,327,327,0.766,-0.399,0.042,-0.027,90,0,0,1,0,0,0,0,107.893,398.139,2.097,-1.362,0,0,0,0,0,0,0,0,417.255,56.695,216,129,-0.719,-0.534,-0.04,-0.029,42,286.5,74,-2.5,0,0,0,0,0,0,0,0,0,1042

Main.js:462 79.748,417.756,327,327,0.767,-0.405,0.042,-0.027,89,0,0,1,0,0,0,0,109.989,396.778,2.097,-1.362,0,0,0,0,0,0,0,0,416.533,56.16,214.5,126,-0.722,-0.535,-0.041,-0.028,41,284,74,-2.5,0,0,0,0,0,0,0,0,0,1058

Main.js:462 80.517,417.345,327,327,0.769,-0.411,0.042,-0.027,88,0,0,1,0,0,0,0,112.086,395.416,2.097,-1.362,0,0,0,0,0,0,0,0,415.808,55.626,213,123,-0.726,-0.534,-0.042,-0.027,40,281.5,74,-2.5,0,0,0,0,0,0,0,0,0,1075

Main.js:462 81.287,416.929,327,327,0.77,-0.416,0.042,-0.027,87,0,0,1,0,0,0,0,114.183,394.054,2.097,-1.362,0,0,0,0,0,0,0,0,415.078,55.095,211.5,120,-0.73,-0.532,-0.043,-0.026,39,279,74,-2.5,0,0,0,0,0,0,0,0,0,1092

Main.js:462 82.058,416.507,327,327,0.771,-0.421,0.042,-0.027,86,0,0,1,0,0,0,0,116.279,392.693,2.097,-1.362,0,0,0,0,0,0,0,0,414.343,54.566,210,117,-0.735,-0.529,-0.043,-0.025,38,276.5,74,-2.5,0,0,0,0,0,0,0,0,0,1109

Main.js:462 82.831,416.081,327,327,0.773,-0.426,0.042,-0.027,85,0,0,1,0,0,0,0,118.376,391.331,2.097,-1.362,0,0,0,0,0,0,0,0,413.604,54.04,208.5,114,-0.74,-0.525,-0.044,-0.024,37,274,74,-2.5,0,0,0,0,0,0,0,0,0,1126

Main.js:462 83.605,415.651,327,327,0.774,-0.431,0.042,-0.027,84,0,0,1,0,0,0,0,120.473,389.97,2.097,-1.362,0,0,0,0,0,0,0,0,412.859,53.52,207,111,-0.745,-0.52,-0.045,-0.023,36,271.5,74,-2.5,0,0,0,0,0,0,0,0,0,1143

Main.js:462 84.38,415.216,327,327,0.775,-0.435,0.042,-0.027,83,0,0,1,0,0,0,0,122.569,388.608,2.097,-1.362,0,0,0,0,0,0,0,0,412.108,53.005,205.5,108,-0.751,-0.515,-0.045,-0.022,35,269,74,-2.5,0,0,0,0,0,0,0,0,0,1173

Main.js:462 85.156,414.777,327,327,0.776,-0.439,0.042,-0.027,82,0,0,1,0,0,0,0,124.666,387.246,2.097,-1.362,0,0,0,0,0,0,0,0,411.352,52.497,204,105,-0.756,-0.508,-0.046,-0.02,34,266.5,74,-2.5,0,0,0,0,0,0,0,0,0,1193

Main.js:462 85.933,414.334,327,327,0.777,-0.443,0.042,-0.027,81,0,0,1,0,0,0,0,126.763,385.885,2.097,-1.362,0,0,0,0,0,0,0,0,410.589,51.995,202.5,102,-0.762,-0.501,-0.046,-0.019,33,264,74,-2.5,0,0,0,0,0,0,0,0,0,1208

Main.js:462 86.711,413.887,327,327,0.778,-0.447,0.042,-0.027,80,0,0,1,0,0,0,0,128.859,384.523,2.097,-1.362,0,0,0,0,0,0,0,0,409.821,51.502,201,99,-0.769,-0.493,-0.047,-0.018,32,261.5,74,-2.5,0,0,0,0,0,0,0,0,0,1225

Main.js:462 87.49,413.437,327,327,0.779,-0.45,0.042,-0.027,79,0,0,1,0,0,0,0,130.956,383.162,2.097,-1.362,0,0,0,0,0,0,0,0,409.046,51.018,199.5,96,-0.775,-0.484,-0.047,-0.017,31,259,74,-2.5,0,0,0,0,0,0,0,0,0,1243

Main.js:462 88.27,412.983,327,327,0.78,-0.454,0.042,-0.027,78,0,0,1,0,0,0,0,133.053,381.8,2.097,-1.362,0,0,0,0,0,0,0,0,408.264,50.543,198,93,-0.781,-0.475,-0.048,-0.015,30,256.5,74,-2.5,0,0,0,0,0,0,0,0,0,1260

Main.js:462 89.051,412.527,327,327,0.781,-0.457,0.042,-0.027,77,0,0,1,0,0,0,0,135.149,380.438,2.097,-1.362,0,0,0,0,0,0,0,0,407.476,50.078,196.5,90,-0.788,-0.465,-0.048,-0.014,29,254,74,-2.5,0,0,0,0,0,0,0,0,0,1277

Main.js:462 89.832,412.067,327,327,0.782,-0.46,0.042,-0.027,76,0,0,1,0,0,0,0,137.246,379.077,2.097,-1.362,0,0,0,0,0,0,0,0,406.682,49.625,195,87,-0.794,-0.454,-0.048,-0.013,28,251.5,74,-2.5,0,0,0,0,0,0,0,0,0,1293

Main.js:462 90.614,411.604,327,327,0.782,-0.463,0.042,-0.027,75,0,0,1,0,0,0,0,139.343,377.715,2.097,-1.362,0,0,0,0,0,0,0,0,405.881,49.183,193.5,84,-0.801,-0.442,-0.049,-0.012,27,249,74,-2.5,0,0,0,0,0,0,0,0,0,1310

Main.js:462 91.397,411.139,327,327,0.783,-0.465,0.042,-0.027,74,0,0,1,0,0,0,0,141.439,376.354,2.097,-1.362,0,0,0,0,0,0,0,0,405.074,48.753,192,81,-0.807,-0.43,-0.049,-0.01,26,246.5,74,-2.5,0,0,0,0,0,0,0,0,0,1325

Main.js:462 92.181,410.671,327,327,0.784,-0.468,0.042,-0.027,73,0,0,1,0,0,0,0,143.536,374.992,2.097,-1.362,0,0,0,0,0,0,0,0,404.26,48.336,190.5,78,-0.814,-0.417,-0.049,-0.009,25,244,74,-2.5,0,0,0,0,0,0,0,0,0,1342

Main.js:462 92.965,410.2,327,327,0.784,-0.47,0.042,-0.027,72,0,0,1,0,0,0,0,145.633,373.63,2.097,-1.362,0,0,0,0,0,0,0,0,403.44,47.932,189,75,-0.82,-0.404,-0.049,-0.008,24,241.5,74,-2.5,0,0,0,0,0,0,0,0,0,1360

Main.js:462 93.75,409.727,327,327,0.785,-0.473,0.042,-0.027,71,0,0,1,0,0,0,0,147.729,372.269,2.097,-1.362,0,0,0,0,0,0,0,0,402.615,47.543,187.5,72,-0.826,-0.39,-0.05,-0.007,23,239,74,-2.5,0,0,0,0,0,0,0,0,0,1376

Main.js:462 94.536,409.252,327,327,0.786,-0.475,0.042,-0.027,70,0,0,1,0,0,0,0,149.826,370.907,2.097,-1.362,0,0,0,0,0,0,0,0,401.783,47.168,186,69,-0.832,-0.375,-0.05,-0.005,22,236.5,74,-2.5,0,0,0,0,0,0,0,0,0,1391

Main.js:462 95.322,408.775,327,327,0.786,-0.477,0.042,-0.027,69,0,0,1,0,0,0,0,151.923,369.546,2.097,-1.362,0,0,0,0,0,0,0,0,400.945,46.807,184.5,66,-0.838,-0.36,-0.05,-0.004,21,234,74,-2.5,0,0,0,0,0,0,0,0,0,1409

Main.js:462 96.109,408.296,327,327,0.787,-0.479,0.042,-0.027,68,0,0,1,0,0,0,0,154.02,368.184,2.097,-1.362,0,0,0,0,0,0,0,0,400.102,46.463,183,63,-0.843,-0.345,-0.05,-0.003,20,231.5,74,-2.5,0,0,0,0,0,0,0,0,0,1424

Main.js:462 96.896,407.815,327,327,0.787,-0.481,0.042,-0.027,67,0,0,1,0,0,0,0,156.116,366.822,2.097,-1.362,0,0,0,0,0,0,0,0,399.253,46.134,181.5,60,-0.849,-0.329,-0.05,-0.001,19,229,74,-2.5,0,0,0,0,0,0,0,0,0,1442

Main.js:462 97.684,407.332,327,327,0.788,-0.483,0.042,-0.027,66,0,0,1,0,0,0,0,158.213,365.461,2.097,-1.362,0,0,0,0,0,0,0,0,398.4,45.822,180,57,-0.854,-0.312,-0.05,0,18,226.5,74,-2.5,0,0,0,0,0,0,0,0,0,1459

Main.js:462 98.472,406.847,327,327,0.788,-0.485,0.042,-0.027,65,0,0,1,0,0,0,0,160.31,364.099,2.097,-1.362,0,0,0,0,0,0,0,0,397.541,45.527,178.5,54,-0.858,-0.295,-0.05,0.001,17,224,74,-2.5,0,0,0,0,0,0,0,0,0,1475

Main.js:462 99.26,406.361,327,327,0.789,-0.486,0.042,-0.027,64,0,0,1,0,0,0,0,162.406,362.738,2.097,-1.362,0,0,0,0,0,0,0,0,396.678,45.249,177,51,-0.863,-0.278,-0.05,0.003,16,221.5,74,-2.5,0,0,0,0,0,0,0,0,0,1493

Main.js:462 100.049,405.873,327,327,0.789,-0.488,0.042,-0.027,63,0,0,1,0,0,0,0,164.503,361.376,2.097,-1.362,0,0,0,0,0,0,0,0,395.811,44.989,175.5,48,-0.867,-0.26,-0.05,0.004,15,219,74,-2.5,0,0,0,0,0,0,0,0,0,1510

Main.js:462 100.838,405.384,327,327,0.789,-0.489,0.042,-0.027,62,0,0,1,0,0,0,0,166.6,360.014,2.097,-1.362,0,0,0,0,0,0,0,0,394.94,44.746,174,45,-0.871,-0.242,-0.05,0.005,14,216.5,74,-2.5,0,0,0,0,0,0,0,0,0,1525

Main.js:462 101.628,404.893,327,327,0.79,-0.491,0.042,-0.027,61,0,0,1,0,0,0,0,168.696,358.653,2.097,-1.362,0,0,0,0,0,0,0,0,394.066,44.522,172.5,42,-0.875,-0.224,-0.05,0.007,13,214,74,-2.5,0,0,0,0,0,0,0,0,0,1542

Main.js:462 102.418,404.401,327,327,0.79,-0.492,0.042,-0.027,60,0,0,1,0,0,0,0,170.793,357.291,2.097,-1.362,0,0,0,0,0,0,0,0,393.188,44.317,171,39,-0.878,-0.205,-0.049,0.008,12,211.5,74,-2.5,0,0,0,0,0,0,0,0,0,1559

Main.js:462 103.209,403.908,327,327,0.79,-0.493,0.042,-0.027,59,0,0,1,0,0,0,0,172.89,355.93,2.097,-1.362,0,0,0,0,0,0,0,0,392.307,44.13,169.5,36,-0.881,-0.187,-0.049,0.009,11,209,74,-2.5,0,0,0,0,0,0,0,0,0,1575

Main.js:462 103.999,403.413,327,327,0.791,-0.495,0.042,-0.027,58,0,0,1,0,0,0,0,174.986,354.568,2.097,-1.362,0,0,0,0,0,0,0,0,391.424,43.963,168,33,-0.883,-0.167,-0.049,0.01,10,206.5,74,-2.5,0,0,0,0,0,0,0,0,0,1592

Main.js:462 104.79,402.917,327,327,0.791,-0.496,0.042,-0.027,57,0,0,1,0,0,0,0,177.083,353.206,2.097,-1.362,0,0,0,0,0,0,0,0,390.539,43.815,166.5,30,-0.885,-0.148,-0.049,0.012,9,204,74,-2.5,0,0,0,0,0,0,0,0,0,1609

Main.js:462 105.582,402.421,327,327,0.791,-0.497,0.042,-0.027,56,0,0,1,0,0,0,0,179.18,351.845,2.097,-1.362,0,0,0,0,0,0,0,0,389.653,43.687,165,27,-0.887,-0.128,-0.048,0.013,8,201.5,74,-2.5,0,0,0,0,0,0,0,0,0,1625

Main.js:462 106.373,401.923,327,327,0.792,-0.498,0.042,-0.027,55,0,0,1,0,0,0,0,181.276,350.483,2.097,-1.362,0,0,0,0,0,0,0,0,388.765,43.578,163.5,24,-0.888,-0.108,-0.048,0.014,7,199,74,-2.5,0,0,0,0,0,0,0,0,0,1643

Main.js:462 107.165,401.424,327,327,0.792,-0.499,0.042,-0.027,54,0,0,1,0,0,0,0,183.373,349.122,2.097,-1.362,0,0,0,0,0,0,0,0,387.876,43.49,162,21,-0.889,-0.088,-0.048,0.015,6,196.5,74,-2.5,0,0,0,0,0,0,0,0,0,1659

Main.js:462 107.957,400.924,327,327,0.792,-0.5,0.042,-0.027,53,0,0,1,0,0,0,0,185.47,347.76,2.097,-1.362,0,0,0,0,0,0,0,0,386.987,43.422,160.5,18,-0.889,-0.068,-0.047,0.017,5,194,74,-2.5,0,0,0,0,0,0,0,0,0,1676

Main.js:462 108.749,400.424,327,327,0.792,-0.501,0.042,-0.027,52,0,0,1,0,0,0,0,187.566,346.398,2.097,-1.362,0,0,0,0,0,0,0,0,386.098,43.375,159,15,-0.889,-0.048,-0.047,0.018,4,191.5,74,-2.5,0,0,0,0,0,0,0,0,0,1694

Main.js:462 109.542,399.922,327,327,0.793,-0.501,0.042,-0.027,51,0,0,1,0,0,0,0,189.663,345.037,2.097,-1.362,0,0,0,0,0,0,0,0,385.21,43.348,157.5,12,-0.888,-0.027,-0.046,0.019,3,189,74,-2.5,0,0,0,0,0,0,0,0,0,1710

Main.js:462 110.335,399.42,327,327,0.793,-0.502,0.042,-0.027,50,0,0,1,0,0,0,0,191.76,343.675,2.097,-1.362,0,0,0,0,0,0,0,0,384.323,43.341,156,9,-0.887,-0.006,-0.046,0.02,2,186.5,74,-2.5,0,0,0,0,0,0,0,0,0,1726

Main.js:462 111.127,398.917,327,327,0.793,-0.503,0.042,-0.027,49,0,0,1,0,0,0,0,193.856,342.314,2.097,-1.362,0,0,0,0,0,0,0,0,383.437,43.356,154.5,6,-0.886,0.014,-0.045,0.022,1,184,74,-2.5,0,0,0,0,0,0,0,0,0,1742

Main.js:462 111.921,398.413,327,327,0.793,-0.504,0.042,-0.027,48,0,0,1,0,0,0,0,195.953,340.952,2.097,-1.362,0,0,0,0,0,0,0,0,382.553,43.391,153,3,-0.884,0.035,-0.045,0.023,0,181.5,74,-2.5,0,0,0,0,0,0,0,0,0,1758

Main.js:462 112.714,397.909,327,327,0.793,-0.504,0.042,-0.027,47,0,0,1,0,0,0,0,198.05,339.59,2.097,-1.362,0,0,0,0,0,0,0,0,381.672,43.447,151.5,0,-0.881,0.056,-0.044,0.024,99,179,74,-2.5,0,0,0,0,0,0,0,0,0,1776

Main.js:462 113.507,397.404,327,327,0.793,-0.505,0.042,-0.027,46,0,0,1,0,0,0,0,200.146,338.229,2.097,-1.362,0,0,0,0,0,0,0,0,380.793,43.525,150,357,-0.878,0.077,-0.043,0.025,98,176.5,74,-2.5,0,406.053,43.391,2.5,0,0,0,0,0,1792

Main.js:462 114.301,396.898,327,327,0.794,-0.506,0.042,-0.027,45,0,0,1,0,0,0,0,202.243,336.867,2.097,-1.362,0,0,0,0,0,0,0,0,379.918,43.623,148.5,354,-0.875,0.098,-0.043,0.026,97,174,74,-2.5,0,408.553,43.391,2.5,0,0,0,0,0,1811

Main.js:462 115.095,396.392,327,327,0.794,-0.506,0.042,-0.027,44,0,0,1,0,0,0,0,204.34,335.506,2.097,-1.362,0,0,0,0,0,0,0,0,379.047,43.742,147,351,-0.871,0.119,-0.042,0.027,96,171.5,74,-2.5,0,411.053,43.391,2.5,0,0,0,0,0,1825

Main.js:462 115.889,395.885,327,327,0.794,-0.507,0.042,-0.027,43,0,0,1,0,0,0,0,206.436,334.144,2.097,-1.362,0,0,0,0,0,0,0,0,378.18,43.882,145.5,348,-0.867,0.14,-0.041,0.028,95,169,74,-2.5,0,413.553,43.391,2.5,0,0,0,0,0,1842

Main.js:462 116.683,395.378,327,327,0.794,-0.507,0.042,-0.027,42,0,0,1,0,0,0,0,208.533,332.782,2.097,-1.362,0,0,0,0,0,0,0,0,377.318,44.043,144,345,-0.862,0.161,-0.04,0.029,94,166.5,74,-2.5,0,416.053,43.391,2.5,0,0,0,0,0,1861

Main.js:462 117.477,394.87,327,327,0.794,-0.508,0.042,-0.027,41,0,0,1,0,0,0,0,210.63,331.421,2.097,-1.362,0,0,0,0,0,0,0,0,376.462,44.225,142.5,342,-0.856,0.182,-0.04,0.03,93,164,74,-2.5,0,418.553,43.391,2.5,0,0,0,0,0,1876

Main.js:462 118.271,394.362,327,327,0.794,-0.508,0.042,-0.027,40,0,0,1,0,0,0,0,212.726,330.059,2.097,-1.362,0,0,0,0,0,0,0,0,375.611,44.427,141,339,-0.85,0.203,-0.039,0.031,92,161.5,74,-2.5,0,421.053,43.391,2.5,0,0,0,0,0,1892

Main.js:462 119.066,393.853,327,327,0.794,-0.509,0.042,-0.027,39,0,0,1,0,0,0,0,214.823,328.698,2.097,-1.362,0,0,0,0,0,0,0,0,374.767,44.651,139.5,336,-0.844,0.223,-0.038,0.032,91,159,74,-2.5,0,423.553,43.391,2.5,0,0,0,0,0,1910

Main.js:462 119.86,393.344,327,327,0.795,-0.509,0.042,-0.027,38,0,0,1,0,0,0,0,216.92,327.336,2.097,-1.362,0,0,0,0,0,0,0,0,373.93,44.895,138,333,-0.837,0.244,-0.037,0.033,90,156.5,74,-2.5,0,426.053,43.391,2.5,0,0,0,0,0,1926

Main.js:462 120.655,392.834,327,327,0.795,-0.51,0.042,-0.027,37,0,0,1,0,0,0,0,219.016,325.974,2.097,-1.362,0,0,0,0,0,0,0,0,373.1,45.159,136.5,330,-0.83,0.264,-0.036,0.034,89,154,74,-2.5,0,428.553,43.391,2.5,0,0,0,0,0,1942

Main.js:462 121.45,392.324,327,327,0.795,-0.51,0.042,-0.027,36,0,0,1,0,0,0,0,221.113,324.613,2.097,-1.362,0,0,0,0,0,0,0,0,372.279,45.444,135,327,-0.822,0.285,-0.035,0.035,88,151.5,74,-2.5,0,431.053,43.391,2.5,0,0,0,0,0,1959

Main.js:462 122.245,391.814,327,327,0.795,-0.51,0.042,-0.027,35,0,0,1,0,0,0,0,223.21,323.251,2.097,-1.362,0,0,0,0,0,0,0,0,371.465,45.749,133.5,324,-0.813,0.305,-0.034,0.036,87,149,74,-2.5,0,433.553,43.391,2.5,0,0,0,0,0,1976

Main.js:462 123.04,391.303,327,327,0.795,-0.511,0.042,-0.027,34,0,0,1,0,0,0,0,225.307,321.89,2.097,-1.362,0,0,0,0,0,0,0,0,370.66,46.074,132,321,-0.805,0.325,-0.033,0.037,86,146.5,74,-2.5,0,436.053,43.391,2.5,0,0,0,0,0,1992

Main.js:462 123.835,390.792,327,327,0.795,-0.511,0.042,-0.027,33,0,0,1,0,0,0,0,227.403,320.528,2.097,-1.362,0,0,0,0,0,0,0,0,369.865,46.419,130.5,318,-0.795,0.345,-0.032,0.038,85,144,74,-2.5,0,438.553,43.391,2.5,0,0,0,0,0,2009

Main.js:462 124.63,390.281,327,327,0.795,-0.511,0.042,-0.027,32,0,0,1,0,0,0,0,229.5,319.166,2.097,-1.362,0,0,0,0,0,0,0,0,369.078,46.782,132,318,-0.787,0.363,-0.033,0.037,84,141.5,74,-2.5,0,441.053,43.391,2.5,0,0,0,0,0,2024

Main.js:462 125.425,389.769,327,327,0.795,-0.512,0.042,-0.027,31,0,0,1,0,0,0,0,231.597,317.805,2.097,-1.362,0,0,0,0,0,0,0,0,368.297,47.161,133.5,318,-0.781,0.379,-0.034,0.036,83,139,74,-2.5,0,443.553,43.391,2.5,0,0,0,0,0,2043

Main.js:462 126.22,389.257,327,327,0.795,-0.512,0.042,-0.027,30,0,0,1,0,0,0,0,233.693,316.443,2.097,-1.362,0,0,0,0,0,0,0,0,367.522,47.555,135,318,-0.775,0.394,-0.035,0.035,82,136.5,74,-2.5,0,446.053,43.391,2.5,0,0,0,0,0,2061

Main.js:462 127.016,388.745,327,327,0.795,-0.512,0.042,-0.027,29,0,0,1,0,0,0,0,235.79,315.082,2.097,-1.362,0,0,0,0,0,0,0,0,366.751,47.962,136.5,318,-0.771,0.407,-0.036,0.034,81,134,74,-2.5,0,448.553,43.391,2.5,0,0,0,0,0,2074

Main.js:462 127.811,388.231,325.5,325.5,0.795,-0.514,0.041,-0.028,28,1,0,1,0,0,0,0,237.887,313.72,2.097,-1.362,0,0,0,0,0,0,0,0,365.984,48.38,138,318,-0.768,0.418,-0.037,0.033,80,131.5,74,-2.5,0,451.053,43.391,2.5,0,0,0,0,0,2094

Main.js:462 128.604,387.715,324,324,0.793,-0.516,0.04,-0.029,27,1,0,1,0,0,0,0,239.983,312.358,2.097,-1.362,0,0,0,0,0,0,0,0,365.219,48.809,139.5,318,-0.765,0.428,-0.038,0.032,79,129,74,-2.5,0,453.553,43.391,2.5,0,0,0,0,0,2109

Main.js:462 129.396,387.197,322.5,322.5,0.791,-0.519,0.04,-0.03,26,1,0,1,0,0,0,0,242.08,310.997,2.097,-1.362,0,0,0,0,0,0,0,0,364.455,49.245,141,318,-0.764,0.437,-0.039,0.031,78,126.5,74,-2.5,0,456.053,43.391,2.5,0,0,0,0,0,2126

Main.js:462 130.184,386.674,321,321,0.789,-0.523,0.039,-0.031,25,1,0,1,0,0,0,0,244.177,309.635,2.097,-1.362,0,0,0,0,0,0,0,0,363.691,49.689,142.5,318,-0.763,0.444,-0.04,0.03,77,124,74,-2.5,0,458.553,43.391,2.5,0,0,0,0,0,2142

Main.js:462 130.97,386.146,319.5,319.5,0.785,-0.528,0.038,-0.032,24,1,0,1,0,0,0,0,246.273,308.274,2.097,-1.362,0,0,0,0,0,0,0,0,362.927,50.139,144,318,-0.764,0.45,-0.04,0.029,76,121.5,74,-2.5,0,461.053,43.391,2.5,0,0,0,0,0,2159

Main.js:462 131.751,385.613,318,318,0.782,-0.533,0.037,-0.033,23,1,0,1,0,0,0,0,248.37,306.912,2.097,-1.362,0,0,0,0,0,0,0,0,362.163,50.593,145.5,318,-0.765,0.454,-0.041,0.028,75,119,74,-2.5,0,463.553,43.391,2.5,0,0,0,0,0,2176

Main.js:462 132.528,385.074,316.5,316.5,0.777,-0.539,0.036,-0.034,22,1,0,1,0,0,0,0,250.467,305.55,2.097,-1.362,0,0,0,0,0,0,0,0,361.396,51.05,147,318,-0.766,0.457,-0.042,0.027,74,116.5,74,-2.5,0,466.053,43.391,2.5,0,0,0,0,0,2193

Main.js:462 133.3,384.529,315,315,0.772,-0.546,0.035,-0.035,21,1,0,1,0,0,0,0,252.563,304.189,2.097,-1.362,0,0,0,0,0,0,0,0,360.628,51.509,148.5,318,-0.768,0.459,-0.043,0.026,73,114,74,-2.5,0,468.553,43.391,2.5,0,0,0,0,0,2210

Main.js:462 134.066,383.976,313.5,313.5,0.766,-0.553,0.034,-0.036,20,1,0,1,0,0,0,0,254.66,302.827,2.097,-1.362,0,0,0,0,0,0,0,0,359.857,51.969,150,318,-0.771,0.46,-0.043,0.025,72,111.5,74,-2.5,0,471.053,43.391,2.5,0,0,0,0,0,2225

Main.js:462 134.825,383.415,312,312,0.759,-0.56,0.033,-0.037,19,1,0,1,0,0,0,0,256.757,301.466,2.097,-1.362,0,0,0,0,0,0,0,0,359.082,52.429,151.5,318,-0.774,0.46,-0.044,0.024,71,109,74,-2.5,0,473.553,43.391,2.5,0,0,0,0,0,2242

Main.js:462 135.578,382.847,312,312,0.753,-0.568,0.033,-0.037,18,0,0,1,0,0,0,0,258.853,300.104,2.097,-1.362,0,0,0,0,0,0,0,0,358.305,52.887,153,318,-0.778,0.458,-0.045,0.023,70,106.5,74,-2.5,0,476.053,43.391,2.5,0,0,0,0,0,2259

Main.js:462 136.325,382.273,312,312,0.747,-0.575,0.033,-0.037,17,0,0,1,0,0,0,0,260.95,298.742,2.097,-1.362,0,0,0,0,0,0,0,0,357.523,53.343,154.5,318,-0.782,0.456,-0.045,0.022,69,104,74,-2.5,0,478.553,43.391,2.5,0,0,0,0,0,2276

Main.js:462 137.067,381.692,312,312,0.742,-0.581,0.033,-0.037,16,0,0,1,0,0,0,0,263.047,297.381,2.097,-1.362,0,0,0,0,0,0,0,0,356.736,53.795,156,318,-0.786,0.452,-0.046,0.02,68,101.5,74,-2.5,0,481.053,43.391,2.5,0,0,0,0,0,2292

Main.js:462 137.803,381.104,312,312,0.736,-0.587,0.033,-0.037,15,0,0,1,0,0,0,0,265.143,296.019,2.097,-1.362,0,0,0,0,0,0,0,0,355.946,54.243,157.5,318,-0.791,0.448,-0.046,0.019,67,99,74,-2.5,0,483.553,43.391,2.5,0,0,0,0,0,2309

Main.js:462 138.534,380.511,312,312,0.731,-0.593,0.033,-0.037,14,0,0,1,0,0,0,0,267.24,294.658,2.097,-1.362,0,0,0,0,0,0,0,0,355.15,54.685,159,318,-0.796,0.442,-0.047,0.018,66,96.5,74,-2.5,0,486.053,43.391,2.5,0,0,0,0,0,2327

Main.js:462 139.261,379.912,312,312,0.727,-0.599,0.033,-0.037,13,0,0,1,0,1,0,0,269.337,293.296,2.097,-1.362,0,0,0,0,0,0,0,0,354.349,55.121,160.5,318,-0.801,0.436,-0.047,0.017,65,94,74,-2.5,0,488.553,43.391,2.5,0,0,0,0,0,2341

Main.js:462 139.983,379.307,312,312,0.722,-0.604,0.033,-0.037,12,0,0,1,0,1,0,0,271.433,291.934,2.097,-1.362,0,0,0,0,0,0,0,0,353.544,55.55,162,318,-0.806,0.429,-0.048,0.015,64,91.5,74,-2.5,0,491.053,43.391,2.5,0,0,0,0,0,2359

Main.js:462 140.7,378.698,312,312,0.718,-0.609,0.033,-0.037,11,0,0,1,0,1,0,0,273.53,290.573,2.097,-1.362,0,0,0,0,0,0,0,0,352.733,55.971,163.5,318,-0.811,0.421,-0.048,0.014,63,89,74,-2.5,0,493.553,43.391,2.5,0,0,0,0,0,2375

Main.js:462 141.414,378.084,312,312,0.714,-0.614,0.033,-0.037,10,0,0,1,0,0,0,0,275.627,289.211,2.097,-1.362,0,0,0,0,0,0,0,0,351.916,56.384,165,318,-0.816,0.412,-0.048,0.013,62,86.5,74,-2.5,0,496.053,43.391,2.5,0,0,0,0,0,2392

Main.js:462 142.124,377.465,312,312,0.71,-0.619,0.033,-0.037,9,0,0,1,0,0,0,0,277.723,287.85,2.097,-1.362,0,0,0,0,0,0,0,0,351.094,56.787,166.5,318,-0.822,0.403,-0.049,0.012,61,84,74,-2.5,0,498.553,43.391,2.5,0,0,0,0,0,2410

Main.js:462 142.83,376.842,312,312,0.706,-0.623,0.033,-0.037,8,0,0,1,0,0,0,0,279.82,286.488,2.097,-1.362,0,0,0,0,0,0,0,0,350.267,57.179,168,318,-0.827,0.393,-0.049,0.01,60,81.5,74,-2.5,0,0,0,0,0,0,0,0,0,2426

Main.js:462 143.532,376.214,312,312,0.702,-0.627,0.033,-0.037,7,0,0,1,0,0,0,0,281.917,285.126,2.097,-1.362,0,0,0,0,0,0,0,0,349.435,57.561,169.5,318,-0.832,0.382,-0.049,0.009,59,79,74,-2.5,0,0,0,0,0,0,0,0,0,2444

Main.js:462 144.231,375.583,312,312,0.699,-0.631,0.033,-0.037,6,0,0,1,0,0,0,0,284.013,283.765,2.097,-1.362,0,0,0,0,0,0,0,0,348.597,57.931,171,318,-0.838,0.37,-0.049,0.008,58,76.5,74,-2.5,0,0,0,0,0,0,0,0,0,2460

Main.js:462 144.927,374.948,312,312,0.696,-0.635,0.033,-0.037,5,0,0,1,0,0,0,0,286.11,282.403,2.097,-1.362,0,0,0,0,0,0,0,0,347.754,58.288,172.5,318,-0.843,0.358,-0.05,0.007,57,74,74,-2.5,0,0,0,0,0,0,0,0,0,2476

Main.js:462 145.62,374.309,312,312,0.693,-0.639,0.033,-0.037,4,0,0,1,0,0,0,0,288.207,281.042,2.097,-1.362,0,0,0,0,0,0,0,0,346.906,58.633,174,318,-0.848,0.345,-0.05,0.005,56,71.5,74,-2.5,0,0,0,0,0,0,0,0,0,2493

Main.js:462 146.31,373.667,312,312,0.69,-0.642,0.033,-0.037,3,0,0,1,0,0,0,0,290.303,279.68,2.097,-1.362,0,0,0,0,0,0,0,0,346.053,58.964,175.5,318,-0.853,0.331,-0.05,0.004,55,69,74,-2.5,0,0,0,0,0,0,0,0,0,2509

Main.js:462 146.997,373.022,312,312,0.687,-0.645,0.033,-0.037,2,0,0,1,0,0,0,0,292.4,278.319,2.097,-1.362,0,0,0,0,0,0,0,0,345.196,59.282,175.5,316.5,-0.858,0.318,-0.05,0.004,54,66.5,74,-2.5,0,0,0,0,0,0,0,0,0,2525

Main.js:462 147.682,372.374,312,312,0.685,-0.648,0.033,-0.037,1,0,0,1,0,0,0,0,294.497,276.957,2.097,-1.362,0,0,0,0,0,0,0,0,344.333,59.589,175.5,315,-0.862,0.306,-0.05,0.004,53,64,74,-2.5,0,0,0,0,0,0,0,0,0,2541

Main.js:462 148.364,371.723,312,312,0.682,-0.651,0.033,-0.037,0,0,0,1,0,0,0,0,296.594,275.595,2.097,-1.362,0,0,0,0,0,0,0,0,343.467,59.883,175.5,313.5,-0.866,0.295,-0.05,0.004,52,61.5,74,-2.5,0,0,0,0,0,0,0,0,0,2558

Main.js:462 149.044,371.069,312,312,0.68,-0.654,0.033,-0.037,0,0,0,1,0,0,0,0,298.69,274.234,2.097,-1.362,0,0,0,0,0,0,0,0,342.597,60.167,175.5,312,-0.87,0.284,-0.05,0.004,51,59,74,-2.5,0,0,0,0,0,0,0,0,0,2576

Main.js:462 149.721,370.412,310.5,310.5,0.677,-0.657,0.032,-0.038,0,1,0,1,0,0,0,0,300.787,272.872,2.097,-1.362,0,0,0,0,0,0,0,0,341.722,60.44,175.5,310.5,-0.874,0.273,-0.05,0.004,50,56.5,74,-2.5,0,0,0,0,0,0,0,0,0,2592

Main.js:462 150.394,369.751,309,309,0.673,-0.661,0.031,-0.039,0,1,0,1,0,0,0,0,302.884,271.511,2.097,-1.362,0,0,0,0,0,0,0,0,340.844,60.703,175.5,309,-0.878,0.263,-0.05,0.004,49,54,74,-2.5,0,0,0,0,0,0,0,0,0,2610

Main.js:462 151.062,369.085,307.5,307.5,0.668,-0.666,0.03,-0.04,0,1,0,1,0,0,0,0,304.98,270.149,2.097,-1.362,0,0,0,0,0,0,0,0,339.963,60.957,175.5,307.5,-0.881,0.254,-0.05,0.004,48,51.5,74,-2.5,0,0,0,0,0,0,0,0,0,2626

Main.js:462 151.725,368.414,306,306,0.663,-0.671,0.029,-0.04,0,1,0,1,0,0,0,0,307.077,268.787,2.097,-1.362,0,0,0,0,0,0,0,0,339.078,61.202,175.5,306,-0.885,0.245,-0.05,0.004,47,49,74,-2.5,0,0,0,0,0,0,0,0,0,2642

Main.js:462 152.381,367.737,304.5,304.5,0.656,-0.677,0.028,-0.041,0,1,0,1,0,0,0,0,309.174,267.426,2.097,-1.362,0,0,0,0,0,0,0,0,338.191,61.438,175.5,304.5,-0.888,0.236,-0.05,0.004,46,46.5,74,-2.5,0,0,0,0,0,0,0,0,0,2660

Main.js:462 153.031,367.054,303,303,0.649,-0.683,0.027,-0.042,0,1,0,1,0,0,0,0,311.27,266.064,2.097,-1.362,0,0,0,0,0,0,0,0,337.3,61.666,175.5,303,-0.891,0.228,-0.05,0.004,45,44,74,-2.5,0,0,0,0,0,0,0,0,0,2676

Main.js:462 153.673,366.365,301.5,301.5,0.642,-0.689,0.026,-0.043,0,1,0,1,0,0,0,0,313.367,264.703,2.097,-1.362,0,0,0,0,0,0,0,0,336.406,61.887,175.5,301.5,-0.894,0.221,-0.05,0.004,44,41.5,74,-2.5,0,0,0,0,0,0,0,0,0,2691

Main.js:462 154.306,365.67,300,300,0.633,-0.696,0.025,-0.043,0,1,0,1,0,0,0,0,315.464,263.341,2.097,-1.362,0,0,0,0,0,0,0,0,335.51,62.1,175.5,300,-0.896,0.213,-0.05,0.004,43,39,74,-2.5,0,0,0,0,0,0,0,0,0,2708

Main.js:462 154.93,364.967,298.5,298.5,0.624,-0.703,0.024,-0.044,0,1,0,1,0,0,0,0,317.56,261.979,2.097,-1.362,0,0,0,0,0,0,0,0,334.611,62.306,175.5,298.5,-0.899,0.206,-0.05,0.004,42,36.5,74,-2.5,0,0,0,0,0,0,0,0,0,2725

Main.js:462 155.545,364.257,297,297,0.615,-0.71,0.023,-0.045,0,1,0,1,0,0,0,0,319.657,260.618,2.097,-1.362,0,0,0,0,0,0,0,0,333.71,62.506,175.5,297,-0.901,0.2,-0.05,0.004,41,34,74,-2.5,0,0,0,0,0,0,0,0,0,2743

Main.js:462 156.15,363.54,295.5,295.5,0.605,-0.717,0.022,-0.045,0,1,0,1,0,0,0,0,321.754,259.256,2.097,-1.362,0,0,0,0,0,0,0,0,332.807,62.699,175.5,295.5,-0.903,0.193,-0.05,0.004,40,31.5,74,-2.5,0,0,0,0,0,0,0,0,0,2758

Main.js:462 156.743,362.815,294,294,0.594,-0.725,0.02,-0.046,0,1,0,1,0,0,0,0,323.85,257.895,2.097,-1.362,0,0,0,0,0,0,0,0,331.901,62.887,175.5,294,-0.906,0.188,-0.05,0.004,39,29,74,-2.5,0,0,0,0,0,0,0,0,0,2777

Main.js:462 157.326,362.083,292.5,292.5,0.582,-0.732,0.019,-0.046,0,1,0,1,0,0,0,0,325.947,256.533,2.097,-1.362,0,0,0,0,0,0,0,0,330.993,63.069,175.5,292.5,-0.908,0.182,-0.05,0.004,38,26.5,74,-2.5,0,0,0,0,0,0,0,0,0,2792

Main.js:462 157.896,361.342,291,291,0.57,-0.74,0.018,-0.047,0,1,0,1,0,0,0,0,328.044,255.171,2.097,-1.362,0,0,0,0,0,0,0,0,330.084,63.245,175.5,291,-0.91,0.176,-0.05,0.004,37,24,74,-2.5,0,0,0,0,0,0,0,0,0,2808

Main.js:462 158.454,360.595,291,291,0.559,-0.747,0.018,-0.047,0,0,0,1,0,0,0,0,330.14,253.81,2.097,-1.362,0,0,0,0,0,0,0,0,329.172,63.417,175.5,289.5,-0.912,0.171,-0.05,0.004,36,21.5,74,-2.5,0,0,0,0,0,0,0,0,0,2825

Main.js:462 159.002,359.841,291,291,0.548,-0.754,0.018,-0.047,0,0,0,1,0,0,0,0,332.237,252.448,2.097,-1.362,0,0,0,0,0,0,0,0,328.259,63.583,175.5,288,-0.913,0.167,-0.05,0.004,35,19,74,-2.5,0,0,0,0,0,0,0,0,0,2841

Main.js:462 159.539,359.079,291,291,0.537,-0.761,0.018,-0.047,0,0,0,1,0,0,0,0,334.334,251.087,2.097,-1.362,0,0,0,0,0,0,0,0,327.344,63.745,175.5,286.5,-0.915,0.162,-0.05,0.004,34,16.5,74,-2.5,0,0,0,0,0,0,0,0,0,2858

Main.js:462 160.067,358.312,291,291,0.527,-0.767,0.018,-0.047,0,0,0,1,0,0,0,0,336.43,249.725,2.097,-1.362,0,0,0,0,0,0,0,0,326.427,63.903,175.5,285,-0.917,0.158,-0.05,0.004,33,14,74,-2.5,0,0,0,0,0,0,0,0,0,2876

Main.js:462 160.585,357.539,291,291,0.518,-0.773,0.018,-0.047,0,0,0,1,0,0,0,0,338.527,248.363,2.097,-1.362,0,0,0,0,0,0,0,0,325.509,64.056,175.5,283.5,-0.918,0.153,-0.05,0.004,32,11.5,74,-2.5,0,0,0,0,0,0,0,0,0,2893

Main.js:462 161.094,356.76,291,291,0.509,-0.779,0.018,-0.047,0,0,0,1,0,0,0,0,340.624,247.002,2.097,-1.362,0,0,0,0,0,0,0,0,324.589,64.206,175.5,282,-0.92,0.149,-0.05,0.004,31,9,74,-2.5,0,0,0,0,0,0,0,0,0,2910

Main.js:462 161.595,355.975,291,291,0.501,-0.784,0.018,-0.047,0,0,0,1,0,0,0,0,342.72,245.64,2.097,-1.362,0,0,0,0,0,0,0,0,323.668,64.351,175.5,280.5,-0.921,0.146,-0.05,0.004,30,6.5,74,-2.5,0,0,0,0,0,0,0,0,0,2926

Main.js:462 162.087,355.186,291,291,0.493,-0.79,0.018,-0.047,0,0,0,1,0,0,0,0,344.817,244.279,2.097,-1.362,0,0,0,0,0,0,0,0,322.746,64.494,175.5,279,-0.922,0.142,-0.05,0.004,29,4,74,-2.5,0,0,0,0,0,0,0,0,0,2943

Main.js:462 162.572,354.391,291,291,0.485,-0.794,0.018,-0.047,0,0,0,1,0,0,0,0,346.914,242.917,2.097,-1.362,0,0,0,0,0,0,0,0,321.822,64.632,175.5,277.5,-0.924,0.139,-0.05,0.004,28,1.5,74,-2.5,0,0,0,0,0,0,0,0,0,2958

Main.js:462 163.05,353.592,291,291,0.478,-0.799,0.018,-0.047,0,0,0,1,0,0,0,0,346.914,242.917,2.097,-1.362,0,0,0,0,0,0,0,0,320.898,64.768,175.5,276,-0.925,0.136,-0.05,0.004,27,0,0,0,0,0,0,0,0,0,0,0,0,2975

Main.js:462 163.521,352.789,291,291,0.471,-0.803,0.018,-0.047,0,0,0,1,0,0,0,0,349.01,241.555,2.097,-1.362,0,0,0,0,0,0,0,0,319.972,64.9,175.5,274.5,-0.926,0.133,-0.05,0.004,26,0,0,0,0,0,0,0,0,0,0,0,0,2992

Main.js:462 163.986,351.981,291,291,0.465,-0.808,0.018,-0.047,0,0,0,1,0,0,0,0,351.107,240.194,2.097,-1.362,0,0,0,0,0,0,0,0,319.045,65.03,175.5,273,-0.927,0.13,-0.05,0.004,25,0,0,0,0,0,0,0,0,0,0,0,0,3009

Main.js:462 164.444,351.17,291,291,0.458,-0.812,0.018,-0.047,0,0,0,1,0,0,0,0,353.204,238.832,2.097,-1.362,0,0,0,0,0,0,0,0,318.117,65.158,174,270,-0.928,0.128,-0.05,0.005,24,0,0,0,0,0,0,0,0,0,0,0,0,3026

Main.js:462 164.897,350.354,291,291,0.452,-0.815,0.018,-0.047,0,0,0,1,0,0,0,0,355.3,237.471,2.097,-1.362,0,0,0,0,0,0,0,0,317.189,65.286,172.5,267,-0.928,0.128,-0.05,0.007,23,0,0,0,0,0,0,0,0,0,0,0,0,3059

Main.js:462 165.343,349.536,291,291,0.447,-0.819,0.018,-0.047,0,0,0,1,0,0,0,0,357.397,236.109,2.097,-1.362,0,0,0,0,0,0,0,0,316.26,65.415,171,264,-0.929,0.129,-0.049,0.008,22,0,0,0,0,0,0,0,0,0,0,0,0,3075

Main.js:462 165.785,348.713,291,291,0.441,-0.822,0.018,-0.047,0,0,0,1,0,0,0,0,359.494,234.747,2.097,-1.362,0,0,0,0,0,0,0,0,315.331,65.546,169.5,261,-0.929,0.131,-0.049,0.009,21,0,0,0,0,0,0,0,0,0,0,0,0,3093

Main.js:462 166.221,347.888,291,291,0.436,-0.826,0.018,-0.047,0,0,0,1,0,0,0,0,361.59,233.386,2.097,-1.362,0,0,0,0,0,0,0,0,314.401,65.681,168,258,-0.929,0.134,-0.049,0.01,20,0,0,0,0,0,0,0,0,0,0,0,0,3109

Main.js:462 166.653,347.059,291,291,0.432,-0.829,0.018,-0.047,0,0,0,1,0,0,0,0,363.687,232.024,2.097,-1.362,0,0,0,0,0,0,0,0,313.472,65.819,166.5,255,-0.929,0.139,-0.049,0.012,19,0,0,0,0,0,0,0,0,0,0,0,0,3125

Main.js:462 167.08,346.228,291,291,0.427,-0.832,0.018,-0.047,0,0,0,1,0,0,0,0,365.784,230.663,2.097,-1.362,0,0,0,0,0,0,0,0,312.544,65.964,165,252,-0.928,0.144,-0.048,0.013,18,0,0,0,0,0,0,0,0,0,0,0,0,3142

Main.js:462 167.503,345.393,291,291,0.423,-0.834,0.018,-0.047,0,0,0,1,0,0,0,0,367.881,229.301,2.097,-1.362,0,0,0,0,0,0,0,0,311.617,66.114,163.5,249,-0.928,0.15,-0.048,0.014,17,0,0,0,0,0,0,0,0,0,0,0,0,3198

Main.js:462 167.922,344.556,291,291,0.419,-0.837,0.018,-0.047,0,0,0,1,0,0,0,0,369.977,227.939,2.097,-1.362,0,0,0,0,0,0,0,0,310.69,66.272,162,246,-0.926,0.158,-0.048,0.015,16,0,0,0,0,0,0,0,0,0,0,0,0,3225

Main.js:462 168.336,343.717,291,291,0.415,-0.839,0.018,-0.047,0,0,0,1,0,0,0,0,372.074,226.578,2.097,-1.362,0,0,0,0,0,0,0,0,309.765,66.437,160.5,243,-0.925,0.166,-0.047,0.017,15,0,0,0,0,0,0,0,0,0,0,0,0,3242

Main.js:462 168.747,342.875,291,291,0.411,-0.842,0.018,-0.047,0,0,0,1,0,0,0,0,374.171,225.216,2.097,-1.362,0,0,0,0,0,0,0,0,308.843,66.612,159,240,-0.923,0.174,-0.047,0.018,14,0,0,0,0,0,0,0,0,0,0,0,0,3258

Main.js:462 169.155,342.031,291,291,0.407,-0.844,0.018,-0.047,0,0,0,1,0,0,0,0,376.267,223.855,2.097,-1.362,0,0,0,0,0,0,0,0,307.922,66.795,157.5,237,-0.921,0.184,-0.046,0.019,13,0,0,0,0,0,0,0,0,0,0,0,0,3276

Main.js:462 169.559,341.185,291,291,0.404,-0.846,0.018,-0.047,0,0,0,1,0,0,0,0,378.364,222.493,2.097,-1.362,0,0,0,0,0,0,0,0,307.004,66.989,156,234,-0.918,0.194,-0.046,0.02,12,0,0,0,0,0,0,0,0,0,0,0,0,3291

Main.js:462 169.96,340.337,291,291,0.401,-0.848,0.018,-0.047,0,0,0,1,0,0,0,0,380.461,221.131,2.097,-1.362,0,0,0,0,0,0,0,0,306.089,67.194,154.5,231,-0.915,0.205,-0.045,0.022,11,0,0,0,0,0,0,0,0,0,0,0,0,3310

Main.js:462 170.358,339.487,291,291,0.398,-0.85,0.018,-0.047,0,0,0,1,0,0,0,0,382.557,219.77,2.097,-1.362,0,0,0,0,0,0,0,0,305.178,67.41,153,228,-0.912,0.216,-0.045,0.023,10,0,0,0,0,0,0,0,0,0,0,0,0,3327

Main.js:462 170.753,338.635,291,291,0.395,-0.852,0.018,-0.047,0,0,0,1,0,0,0,0,384.654,218.408,2.097,-1.362,0,0,0,0,0,0,0,0,304.27,67.638,151.5,225,-0.908,0.228,-0.044,0.024,9,0,0,0,0,0,0,0,0,0,0,0,0,3343

Main.js:462 171.145,337.781,291,291,0.392,-0.854,0.018,-0.047,0,0,0,1,0,0,0,0,386.751,217.047,2.097,-1.362,0,0,0,0,0,0,0,0,303.366,67.878,150,222,-0.903,0.24,-0.043,0.025,8,0,0,0,0,0,0,0,0,0,0,0,0,3358

Main.js:462 171.518,336.97,291,291,0.373,-0.811,0,0,0,0,0,0,0,0,0,0,388.847,215.685,2.097,-1.362,0,0,0,0,0,0,0,0,302.468,68.131,148.5,219,-0.899,0.253,-0.043,0.026,7,0,0,0,0,0,0,0,0,0,0,0,0,3375

Main.js:462 171.872,336.199,291,291,0.354,-0.771,0,0,99,0,0,0,0,1,0,0,390.944,214.323,2.097,-1.362,0,0,0,0,0,0,0,0,301.574,68.398,147,216,-0.894,0.266,-0.042,0.027,6,0,0,0,0,0,0,0,0,0,0,0,0,3393

Main.js:462 172.208,335.467,291,291,0.336,-0.732,0,0,98,0,0,0,0,1,0,0,393.041,212.962,2.097,-1.362,179.939,315.031,0.896,-2.334,0,0,0,0,300.686,68.677,145.5,213,-0.888,0.28,-0.041,0.028,5,0,0,0,0,0,0,0,0,0,0,0,0,3408

Main.js:462 172.528,334.772,291,291,0.32,-0.695,0,0,97,0,0,0,0,1,0,0,395.137,211.6,2.097,-1.362,180.835,312.697,0.896,-2.334,0,0,0,0,299.804,68.971,144,210,-0.882,0.294,-0.04,0.029,4,0,0,0,0,0,0,0,0,0,0,0,0,3426

Main.js:462 172.831,334.111,291,291,0.304,-0.661,0,0,96,0,0,0,0,1,0,0,397.234,210.239,2.097,-1.362,181.731,310.363,0.896,-2.334,0,0,0,0,298.928,69.279,142.5,207,-0.876,0.308,-0.04,0.03,3,0,0,0,0,0,0,0,0,0,0,0,0,3459

Main.js:462 173.12,333.484,291,291,0.288,-0.628,0,0,95,0,0,0,0,1,0,0,399.331,208.877,2.097,-1.362,182.627,308.029,0.896,-2.334,0,0,0,0,298.059,69.602,141,204,-0.869,0.322,-0.039,0.031,2,0,0,0,0,0,0,0,0,0,0,0,0,3475

Main.js:462 173.394,332.888,291,291,0.274,-0.596,0,0,94,0,0,0,0,0,0,0,401.427,207.515,2.097,-1.362,183.523,305.695,0.896,-2.334,0,0,0,0,297.198,69.939,139.5,201,-0.862,0.337,-0.038,0.032,1,0,0,0,0,0,0,0,0,0,0,0,0,3493

Main.js:462 173.654,332.321,291,291,0.26,-0.566,0,0,93,0,0,0,0,0,0,0,403.524,206.154,2.097,-1.362,184.419,303.361,0.896,-2.334,0,0,0,0,296.344,70.291,138,198,-0.854,0.352,-0.037,0.033,0,0,0,0,0,0,0,0,0,0,0,0,0,3508

Main.js:462 173.901,331.783,291,291,0.247,-0.538,0,0,92,0,0,0,0,0,0,0,405.621,204.792,2.097,-1.362,185.315,301.027,0.896,-2.334,0,0,0,0,295.498,70.658,136.5,195,-0.846,0.367,-0.036,0.034,99,0,0,0,0,0,0,0,0,0,0,0,0,3525

Main.js:462 174.136,331.272,291,291,0.235,-0.511,0,0,91,0,0,0,0,0,0,0,407.717,203.431,2.097,-1.362,186.211,298.693,0.896,-2.334,0,0,0,0,294.661,71.041,135,192,-0.837,0.382,-0.035,0.035,98,273.644,64.209,-2.415,-0.647,0,0,0,0,0,0,0,0,3542

Main.js:462 174.359,330.786,291,291,0.223,-0.486,0,0,90,0,0,0,0,0,0,0,409.814,202.069,2.097,-1.362,187.107,296.359,0.896,-2.334,0,0,0,0,293.834,71.438,133.5,189,-0.828,0.398,-0.034,0.036,97,271.23,63.562,-2.415,-0.647,0,0,0,0,0,0,0,0,3559

Main.js:462 174.571,330.325,291,291,0.212,-0.461,0,0,89,0,0,0,0,1,0,0,411.911,200.707,2.097,-1.362,188.003,294.025,0.896,-2.334,0,0,0,0,293.016,71.852,132,186,-0.818,0.413,-0.033,0.037,96,268.815,62.915,-2.415,-0.647,0,0,0,0,0,0,0,0,3576

Main.js:462 174.773,329.887,291,291,0.201,-0.438,0,0,88,0,0,0,0,1,0,0,414.007,199.346,2.097,-1.362,188.899,291.691,0.896,-2.334,0,0,0,0,292.208,72.28,130.5,183,-0.808,0.429,-0.032,0.038,95,266.4,62.268,-2.415,-0.647,0,0,0,0,0,0,0,0,3592

Main.js:462 174.964,329.47,291,291,0.191,-0.416,0,0,87,0,0,0,0,1,0,0,416.104,197.984,2.097,-1.362,189.795,289.357,0.896,-2.334,0,0,0,0,291.41,72.724,129,180,-0.798,0.444,-0.031,0.039,94,263.985,61.621,-2.415,-0.647,0,0,0,0,0,0,0,0,3611

Main.js:462 175.146,329.075,291,291,0.182,-0.396,0,0,86,0,0,0,0,1,0,0,418.201,196.623,2.097,-1.362,190.69,287.023,0.896,-2.334,0,0,0,0,290.623,73.184,127.5,177,-0.787,0.46,-0.03,0.04,93,261.57,60.974,-2.415,-0.647,0,0,0,0,0,0,0,0,3625

Main.js:462 175.318,328.699,291,291,0.173,-0.376,0,0,85,0,0,0,0,1,0,0,420.297,195.261,2.097,-1.362,191.586,284.689,0.896,-2.334,0,0,0,0,289.848,73.659,126,174,-0.775,0.475,-0.029,0.04,92,259.156,60.326,-2.415,-0.647,0,0,0,0,0,0,0,0,3642

Main.js:462 175.482,328.342,291,291,0.164,-0.357,0,0,84,0,0,0,0,1,0,0,422.394,193.899,2.097,-1.362,192.482,282.355,0.896,-2.334,0,0,0,0,289.085,74.15,124.5,171,-0.763,0.49,-0.028,0.041,91,256.741,59.679,-2.415,-0.647,0,0,0,0,0,0,0,0,3660

Main.js:462 175.638,328.003,291,291,0.156,-0.339,0,0,83,0,0,0,0,0,0,0,424.491,192.538,2.097,-1.362,193.378,280.021,0.896,-2.334,0,0,0,0,288.334,74.655,123,168,-0.751,0.506,-0.027,0.042,90,254.326,59.032,-2.415,-0.647,0,0,0,0,0,0,0,0,3676

Main.js:462 175.786,327.681,291,291,0.148,-0.322,0,0,82,0,0,0,0,0,0,0,426.587,191.176,2.097,-1.362,194.274,277.687,0.896,-2.334,0,0,0,0,287.596,75.176,121.5,165,-0.738,0.521,-0.026,0.043,89,251.911,58.385,-2.415,-0.647,0,0,0,0,0,0,0,0,3692

Main.js:462 175.927,327.375,292.5,292.5,0.141,-0.306,0,0,81,0,1,0,0,0,0,0,428.684,189.815,2.097,-1.362,195.17,275.353,0.896,-2.334,0,0,0,0,286.871,75.712,120,162,-0.725,0.536,-0.025,0.043,88,249.496,57.738,-2.415,-0.647,0,0,0,0,0,0,0,0,3709

Main.js:462 176.061,327.084,294,294,0.134,-0.291,0,0,80,0,1,0,0,0,0,0,430.781,188.453,2.097,-1.362,196.066,273.019,0.896,-2.334,0,0,0,0,286.159,76.263,118.5,159,-0.712,0.551,-0.024,0.044,87,247.082,57.091,-2.415,-0.647,0,0,0,0,0,0,0,0,3727

Main.js:462 176.188,326.808,295.5,295.5,0.127,-0.276,0,0,79,0,1,0,0,0,0,0,432.877,187.091,2.097,-1.362,196.962,270.686,0.896,-2.334,0,0,0,0,285.462,76.829,117,156,-0.698,0.566,-0.023,0.045,86,244.667,56.444,-2.415,-0.647,0,0,0,0,0,0,0,0,3742

Main.js:462 176.308,326.545,297,297,0.121,-0.262,0,0,78,0,1,0,0,0,0,0,434.974,185.73,2.097,-1.362,197.858,268.352,0.896,-2.334,0,0,0,0,284.778,77.41,115.5,153,-0.683,0.58,-0.022,0.045,85,242.252,55.797,-2.415,-0.647,0,0,0,0,0,0,0,0,3759

Main.js:462 176.423,326.296,298.5,298.5,0.115,-0.249,0,0,77,0,1,0,0,0,0,0,437.071,184.368,2.097,-1.362,198.754,266.018,0.896,-2.334,0,0,0,0,284.11,78.004,114,150,-0.668,0.595,-0.02,0.046,84,239.837,55.15,-2.415,-0.647,0,0,0,0,0,0,0,0,3775

Main.js:462 176.531,326.059,300,300,0.109,-0.237,0,0,76,0,1,0,0,0,0,0,439.168,183.007,2.097,-1.362,199.65,263.684,0.896,-2.334,0,0,0,0,283.457,78.613,112.5,147,-0.653,0.609,-0.019,0.046,83,237.422,54.503,-2.415,-0.647,0,0,0,0,0,0,0,0,3792

Main.js:462 176.635,325.834,301.5,301.5,0.103,-0.225,0,0,75,0,1,0,0,0,0,0,441.264,181.645,2.097,-1.362,200.546,261.35,0.896,-2.334,0,0,0,0,282.82,79.236,111,144,-0.637,0.623,-0.018,0.047,82,235.007,53.856,-2.415,-0.647,0,0,0,0,0,0,0,0,3810

Main.js:462 176.733,325.621,303,303,0.098,-0.214,0,0,74,0,1,0,0,0,0,0,443.361,180.283,2.097,-1.362,201.442,259.016,0.896,-2.334,0,0,0,0,282.198,79.872,109.5,141,-0.621,0.636,-0.017,0.047,81,232.593,53.209,-2.415,-0.647,0,0,0,0,0,0,0,0,3827

Main.js:462 176.826,325.418,304.5,304.5,0.093,-0.203,0,0,73,0,1,0,0,0,0,0,445.458,178.922,2.097,-1.362,202.337,256.682,0.896,-2.334,0,0,0,0,281.593,80.522,108,138,-0.605,0.65,-0.015,0.048,80,230.178,52.562,-2.415,-0.647,0,0,0,0,0,0,0,0,3843

Main.js:462 176.915,325.225,306,306,0.089,-0.193,0,0,72,0,1,0,0,0,0,0,447.554,177.56,2.097,-1.362,203.233,254.348,0.896,-2.334,0,0,0,0,281.005,81.185,106.5,135,-0.588,0.663,-0.014,0.048,79,227.763,51.915,-2.415,-0.647,0,0,0,0,0,0,0,0,3859

Main.js:462 177.028,325.004,307.5,307.5,0.113,-0.221,0.03,-0.04,71,0,1,1,0,0,0,0,449.651,176.199,2.097,-1.362,204.129,252.014,0.896,-2.334,0,0,0,0,280.434,81.861,105,132,-0.571,0.676,-0.013,0.048,78,225.348,51.268,-2.415,-0.647,0,0,0,0,0,0,0,0,3877

Main.js:462 177.166,324.757,309,309,0.137,-0.247,0.031,-0.039,70,0,1,1,0,0,0,0,451.748,174.837,2.097,-1.362,205.025,249.68,0.896,-2.334,0,0,0,0,279.88,82.549,103.5,129,-0.554,0.688,-0.012,0.049,77,222.933,50.621,-2.415,-0.647,0,0,0,0,0,0,0,0,3903

Main.js:462 177.326,324.486,309,309,0.16,-0.271,0.031,-0.039,69,0,0,1,0,0,0,0,453.844,173.475,2.097,-1.362,205.921,247.346,0.896,-2.334,0,0,0,0,279.345,83.249,102,126,-0.536,0.7,-0.01,0.049,76,220.519,49.974,-2.415,-0.647,0,0,0,0,0,0,0,0,3926

Main.js:462 177.508,324.191,309,309,0.182,-0.295,0.031,-0.039,68,0,0,1,0,0,0,0,455.941,172.114,2.097,-1.362,206.817,245.012,0.896,-2.334,0,0,0,0,278.827,83.96,100.5,123,-0.518,0.712,-0.009,0.049,75,218.104,49.327,-2.415,-0.647,0,0,0,0,0,0,0,0,3942

Main.js:462 177.711,323.874,309,309,0.203,-0.317,0.031,-0.039,67,0,0,1,0,0,0,0,458.038,170.752,2.097,-1.362,207.713,242.678,0.896,-2.334,0,0,0,0,278.328,84.684,99,120,-0.499,0.723,-0.008,0.049,74,215.689,48.68,-2.415,-0.647,0,0,0,0,0,0,0,0,3960

Main.js:462 177.934,323.536,309,309,0.223,-0.338,0.031,-0.039,66,0,0,1,0,0,0,0,460.134,169.391,2.097,-1.362,208.609,240.344,0.896,-2.334,0,0,0,0,277.847,85.418,97.5,117,-0.48,0.734,-0.007,0.05,73,213.274,48.033,-2.415,-0.647,0,0,0,0,0,0,0,0,3975

Main.js:462 178.176,323.179,310.5,310.5,0.242,-0.357,0.032,-0.038,65,0,1,1,0,0,0,0,462.231,168.029,2.097,-1.362,209.505,238.01,0.896,-2.334,0,0,0,0,277.386,86.162,96,114,-0.461,0.745,-0.005,0.05,72,210.859,47.386,-2.415,-0.647,0,0,0,0,0,0,0,0,3992

Main.js:462 178.439,322.804,312,312,0.262,-0.375,0.033,-0.037,64,0,1,1,0,0,0,0,464.328,166.668,2.097,-1.362,210.401,235.676,0.896,-2.334,0,0,0,0,276.944,86.917,94.5,111,-0.442,0.755,-0.004,0.05,71,208.444,46.738,-2.415,-0.647,0,0,0,0,0,0,0,0,4010

Main.js:462 178.72,322.414,313.5,313.5,0.282,-0.39,0.034,-0.036,63,0,1,1,0,0,0,0,466.424,165.306,2.097,-1.362,211.297,233.342,0.896,-2.334,0,0,0,0,276.519,87.681,96,111,-0.425,0.764,-0.005,0.05,70,206.03,46.091,-2.415,-0.647,0,0,0,0,0,0,0,0,4025

Main.js:462 179.022,322.009,315,315,0.301,-0.404,0.035,-0.035,62,0,1,1,0,0,0,0,468.521,163.944,2.097,-1.362,212.193,231.008,0.896,-2.334,0,0,0,0,276.109,88.454,97.5,111,-0.41,0.773,-0.007,0.05,69,203.615,45.444,-2.415,-0.647,0,0,0,0,0,0,0,0,4042

Main.js:462 179.342,321.592,316.5,316.5,0.321,-0.417,0.036,-0.034,61,0,1,1,0,0,0,0,470.618,162.583,2.097,-1.362,213.088,228.674,0.896,-2.334,0,0,0,0,275.712,89.235,99,111,-0.397,0.781,-0.008,0.049,68,201.2,44.797,-2.415,-0.647,0,0,0,0,0,0,0,0,4058

Main.js:462 179.682,321.165,318,318,0.34,-0.428,0.037,-0.033,60,0,1,1,0,0,0,0,472.714,161.221,2.097,-1.362,213.984,226.34,0.896,-2.334,0,0,0,0,275.326,90.024,100.5,111,-0.386,0.789,-0.009,0.049,67,198.785,44.15,-2.415,-0.647,0,0,0,0,0,0,0,0,4075

Main.js:462 180.04,320.726,318,318,0.358,-0.438,0.037,-0.033,59,0,0,1,0,0,0,0,474.811,159.86,2.097,-1.362,214.88,224.007,0.896,-2.334,0,0,0,0,274.95,90.82,102,111,-0.376,0.796,-0.01,0.049,66,196.37,43.503,-2.415,-0.647,0,0,0,0,0,0,0,0,4094

Main.js:462 180.416,320.278,318,318,0.376,-0.448,0.037,-0.033,58,0,0,1,0,0,0,0,476.908,158.498,2.097,-1.362,215.776,221.673,0.896,-2.334,0,0,0,0,274.582,91.623,103.5,111,-0.369,0.802,-0.012,0.049,65,193.956,42.856,-2.415,-0.647,0,0,0,0,0,0,0,0,4112

Main.js:462 180.808,319.821,318,318,0.392,-0.457,0.037,-0.033,57,0,0,1,0,0,0,0,479.004,157.136,2.097,-1.362,216.672,219.339,0.896,-2.334,0,0,0,0,274.219,92.431,105,111,-0.362,0.808,-0.013,0.048,64,191.541,42.209,-2.415,-0.647,0,0,0,0,0,0,0,0,4126

Main.js:462 181.216,319.354,318,318,0.408,-0.466,0.037,-0.033,56,0,0,1,0,0,0,0,481.101,155.775,2.097,-1.362,217.568,217.005,0.896,-2.334,0,0,0,0,273.862,93.244,106.5,111,-0.358,0.813,-0.014,0.048,63,189.126,41.562,-2.415,-0.647,0,0,0,0,0,0,0,0,4209

Main.js:462 181.639,318.88,318,318,0.423,-0.475,0.037,-0.033,55,0,0,1,0,0,0,0,483.198,154.413,2.097,-1.362,218.464,214.671,0.896,-2.334,0,0,0,0,273.507,94.062,108,111,-0.355,0.818,-0.015,0.048,62,186.711,40.915,-2.415,-0.647,0,0,0,0,0,0,0,0,4224

Main.js:462 182.075,318.397,318,318,0.437,-0.483,0.037,-0.033,54,0,0,1,0,0,0,0,485.294,153.052,2.097,-1.362,219.36,212.337,0.896,-2.334,0,0,0,0,273.154,94.884,109.5,111,-0.353,0.822,-0.017,0.047,61,184.296,40.268,-2.415,-0.647,0,0,0,0,0,0,0,0,4243

Main.js:462 182.526,317.906,318,318,0.45,-0.491,0.037,-0.033,53,0,0,1,0,0,0,0,487.391,151.69,2.097,-1.362,220.256,210.003,0.896,-2.334,0,0,0,0,272.802,95.708,111,111,-0.352,0.825,-0.018,0.047,60,181.882,39.621,-2.415,-0.647,0,0,0,0,0,0,0,0,4258

Main.js:462 182.989,317.408,318,318,0.463,-0.498,0.037,-0.033,52,0,0,1,0,0,0,0,489.488,150.328,2.097,-1.362,221.152,207.669,0.896,-2.334,0,0,0,0,272.45,96.536,112.5,111,-0.353,0.828,-0.019,0.046,59,179.467,38.974,-2.415,-0.647,0,0,0,0,0,0,0,0,4276

Main.js:462 183.464,316.904,318,318,0.475,-0.505,0.037,-0.033,51,0,0,1,0,0,0,0,491.584,148.967,2.097,-1.362,222.048,205.335,0.896,-2.334,0,0,0,0,272.095,97.366,114,111,-0.354,0.83,-0.02,0.046,58,177.052,38.327,-2.415,-0.647,0,0,0,0,0,0,0,0,4291

Main.js:462 183.951,316.392,318,318,0.487,-0.511,0.037,-0.033,50,0,0,1,0,0,0,0,493.681,147.605,2.097,-1.362,222.944,203.001,0.896,-2.334,0,0,0,0,271.738,98.197,115.5,111,-0.357,0.831,-0.022,0.045,57,174.637,37.68,-2.415,-0.647,0,0,0,0,0,0,0,0,4308

Main.js:462 184.449,315.875,318,318,0.498,-0.517,0.037,-0.033,49,0,0,1,0,0,0,0,495.778,146.244,2.097,-1.362,223.84,200.667,0.896,-2.334,0,0,0,0,271.377,99.028,117,111,-0.361,0.832,-0.023,0.045,56,172.222,37.033,-2.415,-0.647,0,0,0,0,0,0,0,0,4325

Main.js:462 184.957,315.352,318,318,0.508,-0.523,0.037,-0.033,48,0,0,1,0,0,0,0,497.874,144.882,2.097,-1.362,224.735,198.333,0.896,-2.334,0,0,0,0,271.012,99.86,118.5,111,-0.365,0.832,-0.024,0.044,55,169.807,36.386,-2.415,-0.647,0,0,0,0,0,0,0,0,4342

Main.js:462 185.475,314.823,318,318,0.518,-0.529,0.037,-0.033,47,0,0,1,0,0,0,0,499.971,143.52,2.097,-1.362,225.631,195.999,0.896,-2.334,0,0,0,0,270.641,100.692,120,111,-0.371,0.831,-0.025,0.043,54,167.393,35.739,-2.415,-0.647,0,0,0,0,0,0,0,0,4358

Main.js:462 186.002,314.288,318,318,0.527,-0.534,0.037,-0.033,46,0,0,1,0,0,0,0,225.631,195.999,0.896,-2.334,0,0,0,0,0,0,0,0,270.264,101.522,121.5,111,-0.377,0.83,-0.026,0.043,53,164.978,35.092,-2.415,-0.647,0,0,0,0,0,0,0,0,4376

Main.js:462 186.539,313.749,318,318,0.536,-0.539,0.037,-0.033,45,0,0,1,0,0,0,0,226.527,193.665,0.896,-2.334,0,0,0,0,0,0,0,0,269.88,102.351,123,111,-0.384,0.829,-0.027,0.042,52,162.563,34.445,-2.415,-0.647,0,0,0,0,0,0,0,0,4393

Main.js:462 187.083,313.204,316.5,316.5,0.544,-0.545,0.036,-0.034,44,1,0,1,0,0,0,0,227.423,191.331,0.896,-2.334,0,0,0,0,0,0,0,0,269.488,103.177,124.5,111,-0.392,0.826,-0.028,0.041,51,160.148,33.798,-2.415,-0.647,0,0,0,0,0,0,0,0,4408

Main.js:462 187.633,312.652,315,315,0.55,-0.551,0.035,-0.035,43,1,0,1,0,0,0,0,228.319,188.997,0.896,-2.334,0,0,0,0,0,0,0,0,269.088,104.001,126,111,-0.4,0.824,-0.029,0.04,50,157.733,33.15,-2.415,-0.647,0,0,0,0,0,0,0,0,4425

Main.js:462 188.189,312.094,313.5,313.5,0.556,-0.558,0.034,-0.036,42,1,0,1,0,0,0,0,229.215,186.663,0.896,-2.334,0,0,0,0,0,0,0,0,268.679,104.821,127.5,111,-0.409,0.82,-0.03,0.04,49,155.319,32.503,-2.415,-0.647,0,0,0,0,0,0,0,0,4442

Main.js:462 188.748,311.528,312,312,0.56,-0.566,0.033,-0.037,41,1,0,1,0,0,0,0,230.111,184.329,0.896,-2.334,0,0,0,0,0,0,0,0,268.26,105.637,129,111,-0.419,0.816,-0.031,0.039,48,152.904,31.856,-2.415,-0.647,0,0,0,0,0,0,0,0,4460

Main.js:462 189.311,310.955,310.5,310.5,0.562,-0.574,0.032,-0.038,40,1,0,1,0,0,0,0,231.007,181.995,0.896,-2.334,0,0,0,0,0,0,0,0,267.832,106.448,130.5,111,-0.428,0.811,-0.032,0.038,47,150.489,31.209,-2.415,-0.647,0,0,0,0,0,0,0,0,4477

Main.js:462 189.875,310.373,309,309,0.564,-0.582,0.031,-0.039,39,1,0,1,0,0,0,0,231.903,179.661,0.896,-2.334,0,0,0,0,0,0,0,0,267.393,107.254,132,111,-0.439,0.806,-0.033,0.037,46,148.074,30.562,-2.415,-0.647,0,0,0,0,0,0,0,0,4492

Main.js:462 190.44,309.783,307.5,307.5,0.565,-0.59,0.03,-0.04,38,1,0,1,0,0,0,0,232.799,177.328,0.896,-2.334,0,0,0,0,0,0,0,0,266.943,108.054,133.5,111,-0.45,0.8,-0.034,0.036,45,145.659,29.915,-2.415,-0.647,0,0,0,0,0,0,0,0,4509

Main.js:462 191.005,309.183,306,306,0.565,-0.599,0.029,-0.04,37,1,0,1,0,0,0,0,233.695,174.994,0.896,-2.334,0,0,0,0,0,0,0,0,266.484,108.849,133.5,109.5,-0.46,0.795,-0.034,0.036,44,143.244,29.268,-2.415,-0.647,0,0,0,0,0,0,0,0,4525

Main.js:462 191.568,308.575,304.5,304.5,0.563,-0.608,0.028,-0.041,36,1,0,1,0,0,0,0,234.591,172.66,0.896,-2.334,0,0,0,0,0,0,0,0,266.014,109.638,133.5,108,-0.469,0.789,-0.034,0.036,43,140.83,28.621,-2.415,-0.647,0,0,0,0,0,0,0,0,4542

Main.js:462 192.129,307.957,303,303,0.561,-0.618,0.027,-0.042,35,1,0,1,0,0,0,0,235.486,170.326,0.896,-2.334,0,0,0,0,0,0,0,0,265.535,110.422,133.5,106.5,-0.479,0.784,-0.034,0.036,42,138.415,27.974,-2.415,-0.647,0,0,0,0,0,0,0,0,4558

Main.js:462 192.687,307.33,301.5,301.5,0.558,-0.627,0.026,-0.043,34,1,0,1,0,0,0,0,236.382,167.992,0.896,-2.334,0,0,0,0,0,0,0,0,265.048,111.202,133.5,105,-0.487,0.78,-0.034,0.036,41,136,27.327,-2.415,-0.647,0,0,0,0,0,0,0,0,4576

Main.js:462 193.24,306.692,300,300,0.554,-0.637,0.025,-0.043,33,1,0,1,0,0,0,0,237.278,165.658,0.896,-2.334,0,0,0,0,0,0,0,0,264.552,111.977,133.5,103.5,-0.496,0.775,-0.034,0.036,40,133.585,26.68,-2.415,-0.647,0,0,0,0,0,0,0,0,4592

Main.js:462 193.789,306.045,298.5,298.5,0.549,-0.647,0.024,-0.044,32,1,0,1,0,0,0,0,238.174,163.324,0.896,-2.334,0,0,0,0,0,0,0,0,264.048,112.748,133.5,102,-0.504,0.771,-0.034,0.036,39,131.17,26.033,-2.415,-0.647,0,0,0,0,0,0,0,0,4608

Main.js:462 194.332,305.388,297,297,0.543,-0.657,0.023,-0.045,31,1,0,1,0,0,0,0,239.07,160.99,0.896,-2.334,0,0,0,0,0,0,0,0,263.537,113.514,133.5,100.5,-0.511,0.767,-0.034,0.036,38,128.756,25.386,-2.415,-0.647,0,0,0,0,0,0,0,0,4628

Main.js:462 194.868,304.721,295.5,295.5,0.536,-0.667,0.022,-0.045,30,1,0,1,0,0,0,0,239.966,158.656,0.896,-2.334,0,0,0,0,0,0,0,0,263.019,114.277,133.5,99,-0.518,0.763,-0.034,0.036,37,126.341,24.739,-2.415,-0.647,0,0,0,0,0,0,0,0,4642

Main.js:462 195.396,304.044,294,294,0.529,-0.677,0.02,-0.046,29,1,0,1,0,0,0,0,240.862,156.322,0.896,-2.334,0,0,0,0,0,0,0,0,262.494,115.036,133.5,97.5,-0.525,0.759,-0.034,0.036,36,123.926,24.092,-2.415,-0.647,0,0,0,0,0,0,0,0,4659

Main.js:462 195.916,303.357,292.5,292.5,0.52,-0.687,0.019,-0.046,28,1,0,1,0,0,0,0,241.758,153.988,0.896,-2.334,0,0,0,0,0,0,0,0,261.962,115.792,133.5,96,-0.532,0.756,-0.034,0.036,35,121.511,23.445,-2.415,-0.647,0,0,0,0,0,0,0,0,4675

Main.js:462 196.428,302.659,291,291,0.511,-0.697,0.018,-0.047,27,1,0,1,0,0,0,0,242.654,151.654,0.896,-2.334,0,0,0,0,0,0,0,0,261.424,116.544,133.5,94.5,-0.538,0.752,-0.034,0.036,34,119.096,22.798,-2.415,-0.647,0,0,0,0,0,0,0,0,4692

Main.js:462 196.931,301.953,291,291,0.503,-0.707,0.018,-0.047,26,0,0,1,0,0,0,0,243.55,149.32,0.896,-2.334,0,0,0,0,0,0,0,0,260.881,117.293,133.5,93,-0.544,0.749,-0.034,0.036,33,116.682,22.151,-2.415,-0.647,0,0,0,0,0,0,0,0,4709

Main.js:462 197.425,301.237,291,291,0.495,-0.716,0.018,-0.047,25,0,0,1,0,0,0,0,244.446,146.986,0.896,-2.334,0,0,0,0,0,0,0,0,260.332,118.039,133.5,91.5,-0.549,0.746,-0.034,0.036,32,114.267,21.504,-2.415,-0.647,0,0,0,0,0,0,0,0,4725

Main.js:462 197.912,300.513,291,291,0.487,-0.724,0.018,-0.047,24,0,0,1,0,0,0,0,245.342,144.652,0.896,-2.334,0,0,0,0,0,0,0,0,259.778,118.783,133.5,90,-0.554,0.743,-0.034,0.036,31,111.852,20.857,-2.415,-0.647,0,0,0,0,0,0,0,0,4741

Main.js:462 198.392,299.781,291,291,0.48,-0.732,0.018,-0.047,23,0,0,1,0,0,0,0,246.238,142.318,0.896,-2.334,0,0,0,0,0,0,0,0,259.218,119.523,133.5,88.5,-0.559,0.741,-0.034,0.036,30,109.437,20.21,-2.415,-0.647,0,0,0,0,0,0,0,0,4758

Main.js:462 198.864,299.04,291,291,0.473,-0.74,0.018,-0.047,22,0,0,1,0,0,0,0,247.133,139.984,0.896,-2.334,0,0,0,0,0,0,0,0,258.654,120.261,133.5,87,-0.564,0.738,-0.034,0.036,29,107.022,19.562,-2.415,-0.647,0,0,0,0,0,0,0,0,4775

Main.js:462 199.331,298.293,291,291,0.466,-0.747,0.018,-0.047,21,0,0,1,0,0,0,0,248.029,137.65,0.896,-2.334,0,0,0,0,0,0,0,0,258.086,120.997,133.5,85.5,-0.568,0.736,-0.034,0.036,28,104.607,18.915,-2.415,-0.647,0,0,0,0,0,0,0,0,4793

Main.js:462 199.79,297.539,291,291,0.46,-0.754,0.018,-0.047,20,0,0,1,0,0,0,0,248.029,137.65,0.896,-2.334,0,0,0,0,0,0,0,0,257.513,121.73,133.5,84,-0.573,0.733,-0.034,0.036,27,104.607,18.915,-2.415,-0.647,0,0,0,0,0,0,0,0,4810

