Main.js:143 myTank.x,myTank.y,myTank.rotation,myTank.cannonRotation,myTank.velocityX,myTank.velocityY,myTank.accelerationX,myTank.accelerationY,myTank.shootCooldown,myTank.controls.turnLeft,myTank.controls.turnRight,myTank.controls.goForward,myTank.controls.goBack,myTank.controls.shoot,myTank.controls.cannonLeft,myTank.controls.cannonRight,myBullet1.x,myBullet1.y,myBullet1.velocityX,myBullet1.velocityY,myBullet2.x,myBullet2.y,myBullet2.velocityX,myBullet2.velocityY,myBullet3.x,myBullet3.y,myBullet3.velocityX,myBullet3.velocityY,enemyTank.x,enemyTank.y,enemyTank.rotation,enemyTank.cannonRotation,enemyTank.velocityX,enemyTank.velocityY,enemyTank.accelerationX,enemyTank.accelerationY,enemyTank.shootCooldown,enemyBullet1.x,enemyBullet1.y,enemyBullet1.velocityX,enemyBullet1.velocityY,enemyBullet2.x,enemyBullet2.y,enemyBullet2.velocityX,enemyBullet2.velocityY,enemyBullet3.x,enemyBullet3.y,enemyBullet3.velocityX,enemyBullet3.velocityY,currentGameTime
Main.js:462 50,442,0,0,0,0,0,0,0,0,0,0,0,0,0,0,0,0,0,0,0,0,0,0,0,0,0,0,450,58,180,180,0,0,0,0,0,0,0,0,0,0,0,0,0,0,0,0,0,5

Main.js:462 50,442,0,0,0,0,0,0,0,0,0,0,0,0,0,0,0,0,0,0,0,0,0,0,0,0,0,0,450,58,180,180,0,0,0,0,0,0,0,0,0,0,0,0,0,0,0,0,0,32

Main.js:462 50,442,0,0,0,0,0,0,0,0,0,0,0,0,0,0,0,0,0,0,0,0,0,0,0,0,0,0,449.953,57.999,181.5,180,-0.047,-0.001,-0.05,-0.001,99,0,0,0,0,0,0,0,0,0,0,0,0,50

Main.js:462 50,442,0,0,0,0,0,0,0,0,0,0,0,0,0,0,0,0,0,0,0,0,0,0,0,0,0,0,449.86,57.995,183,180,-0.093,-0.004,-0.05,-0.003,98,426.5,58,-2.5,0,0,0,0,0,0,0,0,0,66

Main.js:462 50,442,0,0,0,0,0,0,0,0,0,0,0,0,0,0,0,0,0,0,0,0,0,0,0,0,0,0,449.725,57.988,184.5,180,-0.135,-0.007,-0.05,-0.004,97,424,58,-2.5,0,0,0,0,0,0,0,0,0,82

Main.js:462 50,442,0,0,0,0,0,0,0,0,0,0,0,0,0,0,0,0,0,0,0,0,0,0,0,0,0,0,449.549,57.976,186,180,-0.176,-0.012,-0.05,-0.005,96,421.5,58,-2.5,0,0,0,0,0,0,0,0,0,99

Main.js:462 50,442,0,0,0,0,0,0,0,0,0,0,0,0,0,0,0,0,0,0,0,0,0,0,0,0,0,0,449.335,57.959,187.5,180,-0.214,-0.017,-0.05,-0.007,95,419,58,-2.5,0,0,0,0,0,0,0,0,0,116

Main.js:462 50,442,0,0,0,0,0,0,0,0,0,0,0,0,0,0,0,0,0,0,0,0,0,0,0,0,0,0,449.085,57.935,189,180,-0.25,-0.024,-0.049,-0.008,94,416.5,58,-2.5,0,0,0,0,0,0,0,0,0,133

Main.js:462 50.048,442,0,0,0.048,0,0.05,0,0,0,0,1,0,0,0,0,0,0,0,0,0,0,0,0,0,0,0,0,448.8,57.903,190.5,180,-0.284,-0.031,-0.049,-0.009,93,414,58,-2.5,0,0,0,0,0,0,0,0,0,151

Main.js:462 50.14,442,0,0,0.093,0,0.05,0,0,0,0,1,0,0,0,0,0,0,0,0,0,0,0,0,0,0,0,0,448.483,57.863,192,180,-0.317,-0.04,-0.049,-0.01,92,411.5,58,-2.5,0,0,0,0,0,0,0,0,0,167

Main.js:462 50.276,442,0,0,0.135,0,0.05,0,0,0,0,1,0,0,0,0,0,0,0,0,0,0,0,0,0,0,0,0,448.136,57.815,193.5,180,-0.347,-0.049,-0.049,-0.012,91,409,58,-2.5,0,0,0,0,0,0,0,0,0,183

Main.js:462 50.452,442,0,0,0.176,0,0.05,0,0,0,0,1,0,0,0,0,0,0,0,0,0,0,0,0,0,0,0,0,447.761,57.756,195,180,-0.376,-0.059,-0.048,-0.013,90,406.5,58,-2.5,0,0,0,0,0,0,0,0,0,199

Main.js:462 50.667,442,0,0,0.215,0,0.05,0,0,0,0,1,0,0,0,0,0,0,0,0,0,0,0,0,0,0,0,0,447.359,57.687,196.5,180,-0.402,-0.069,-0.048,-0.014,89,404,58,-2.5,0,0,0,0,0,0,0,0,0,216

Main.js:462 50.918,442,0,0,0.252,0,0.05,0,0,0,0,1,0,0,0,0,0,0,0,0,0,0,0,0,0,0,0,0,446.931,57.606,198,180,-0.427,-0.08,-0.048,-0.015,88,401.5,58,-2.5,0,0,0,0,0,0,0,0,0,232

Main.js:462 51.205,442,0,0,0.287,0,0.05,0,0,0,0,1,0,0,0,0,0,0,0,0,0,0,0,0,0,0,0,0,446.48,57.514,199.5,180,-0.451,-0.092,-0.047,-0.017,87,399,58,-2.5,0,0,0,0,0,0,0,0,0,249

Main.js:462 51.525,442,0,0,0.32,0,0.05,0,0,0,0,1,0,0,0,0,0,0,0,0,0,0,0,0,0,0,0,0,446.008,57.409,201,180,-0.473,-0.105,-0.047,-0.018,86,396.5,58,-2.5,0,0,0,0,0,0,0,0,0,267

Main.js:462 51.876,442,0,0,0.351,0,0.05,0,0,0,0,1,0,0,0,0,0,0,0,0,0,0,0,0,0,0,0,0,445.515,57.292,202.5,180,-0.493,-0.118,-0.046,-0.019,85,394,58,-2.5,0,0,0,0,0,0,0,0,0,284

Main.js:462 52.257,442,0,0,0.381,0,0.05,0,0,0,0,1,0,0,0,0,0,0,0,0,0,0,0,0,0,0,0,0,445.003,57.16,204,180,-0.512,-0.131,-0.046,-0.02,84,391.5,58,-2.5,0,0,0,0,0,0,0,0,0,300

Main.js:462 52.667,442,0,0,0.41,0,0.05,0,0,0,0,1,0,0,0,0,0,0,0,0,0,0,0,0,0,0,0,0,444.474,57.015,205.5,180,-0.529,-0.145,-0.045,-0.022,83,389,58,-2.5,0,0,0,0,0,0,0,0,0,317

Main.js:462 53.103,442,0,0,0.437,0,0.05,0,0,0,0,1,0,0,0,0,0,0,0,0,0,0,0,0,0,0,0,0,443.93,56.856,207,180,-0.545,-0.159,-0.045,-0.023,82,386.5,58,-2.5,0,0,0,0,0,0,0,0,0,333

Main.js:462 53.566,442,0,0,0.462,0,0.05,0,0,0,0,1,0,0,0,0,0,0,0,0,0,0,0,0,0,0,0,0,443.37,56.682,208.5,180,-0.559,-0.174,-0.044,-0.024,81,384,58,-2.5,0,0,0,0,0,0,0,0,0,350

Main.js:462 54.053,441.999,358.5,358.5,0.487,-0.001,0.05,-0.001,0,1,0,1,0,0,0,0,0,0,0,0,0,0,0,0,0,0,0,0,442.798,56.493,210,180,-0.572,-0.189,-0.043,-0.025,80,381.5,58,-2.5,0,0,0,0,0,0,0,0,0,366

Main.js:462 54.562,441.995,357,357,0.51,-0.004,0.05,-0.003,0,1,0,1,0,0,0,0,0,0,0,0,0,0,0,0,0,0,0,0,442.213,56.289,211.5,180,-0.584,-0.204,-0.043,-0.026,79,379,58,-2.5,0,0,0,0,0,0,0,0,0,382

Main.js:462 55.094,441.988,355.5,355.5,0.532,-0.007,0.05,-0.004,0,1,0,1,0,0,0,0,0,0,0,0,0,0,0,0,0,0,0,0,441.618,56.069,213,180,-0.595,-0.22,-0.042,-0.027,78,376.5,58,-2.5,0,0,0,0,0,0,0,0,0,400

Main.js:462 55.646,441.976,354,354,0.552,-0.012,0.05,-0.005,0,1,0,1,0,0,0,0,0,0,0,0,0,0,0,0,0,0,0,0,441.014,55.833,214.5,180,-0.604,-0.236,-0.041,-0.028,77,374,58,-2.5,0,0,0,0,0,0,0,0,0,417

Main.js:462 56.218,441.959,352.5,352.5,0.572,-0.017,0.05,-0.007,0,1,0,1,0,0,0,0,0,0,0,0,0,0,0,0,0,0,0,0,440.402,55.581,216,180,-0.613,-0.252,-0.04,-0.029,76,371.5,58,-2.5,0,0,0,0,0,0,0,0,0,433

Main.js:462 56.808,441.935,351,351,0.59,-0.024,0.049,-0.008,0,1,0,1,0,0,0,0,0,0,0,0,0,0,0,0,0,0,0,0,439.782,55.312,217.5,180,-0.62,-0.268,-0.04,-0.03,75,369,58,-2.5,0,0,0,0,0,0,0,0,0,449

Main.js:462 57.416,441.903,349.5,349.5,0.607,-0.031,0.049,-0.009,0,1,0,1,0,0,0,0,0,0,0,0,0,0,0,0,0,0,0,0,439.156,55.027,219,180,-0.626,-0.285,-0.039,-0.031,74,366.5,58,-2.5,0,0,0,0,0,0,0,0,0,466

Main.js:462 58.039,441.863,348,348,0.623,-0.04,0.049,-0.01,0,1,0,1,0,0,0,0,0,0,0,0,0,0,0,0,0,0,0,0,438.526,54.726,220.5,180,-0.63,-0.301,-0.038,-0.032,73,364,58,-2.5,0,0,0,0,0,0,0,0,0,485

Main.js:462 58.677,441.815,346.5,346.5,0.638,-0.049,0.049,-0.012,0,1,0,1,0,0,0,0,0,0,0,0,0,0,0,0,0,0,0,0,437.892,54.408,222,180,-0.634,-0.318,-0.037,-0.033,72,361.5,58,-2.5,0,0,0,0,0,0,0,0,0,500

Main.js:462 59.33,441.756,345,345,0.652,-0.059,0.048,-0.013,0,1,0,1,0,0,0,0,0,0,0,0,0,0,0,0,0,0,0,0,437.254,54.074,222,178.5,-0.638,-0.334,-0.037,-0.033,71,359,58,-2.5,0,0,0,0,0,0,0,0,0,517

Main.js:462 59.995,441.687,343.5,343.5,0.665,-0.069,0.048,-0.014,0,1,0,1,0,0,0,0,0,0,0,0,0,0,0,0,0,0,0,0,436.613,53.724,222,177,-0.641,-0.349,-0.037,-0.033,70,356.5,58,-2.5,0,0,0,0,0,0,0,0,0,533

Main.js:462 60.672,441.606,342,342,0.677,-0.08,0.048,-0.015,0,1,0,1,0,0,0,0,0,0,0,0,0,0,0,0,0,0,0,0,435.968,53.361,222,175.5,-0.644,-0.363,-0.037,-0.033,69,354,58,-2.5,0,0,0,0,0,0,0,0,0,550

Main.js:462 61.36,441.514,340.5,340.5,0.688,-0.092,0.047,-0.017,0,1,0,1,0,0,0,0,0,0,0,0,0,0,0,0,0,0,0,0,435.321,52.984,222,174,-0.647,-0.377,-0.037,-0.033,68,351.5,58,-2.5,0,0,0,0,0,0,0,0,0,567

Main.js:462 62.058,441.409,339,339,0.698,-0.105,0.047,-0.018,0,1,0,1,0,0,0,0,0,0,0,0,0,0,0,0,0,0,0,0,434.671,52.594,222,172.5,-0.65,-0.39,-0.037,-0.033,67,349,58,-2.5,0,0,0,0,0,0,0,0,0,582

Main.js:462 62.766,441.292,337.5,337.5,0.707,-0.118,0.046,-0.019,0,1,0,1,0,0,0,0,0,0,0,0,0,0,0,0,0,0,0,0,434.017,52.192,222,171,-0.653,-0.402,-0.037,-0.033,66,346.5,58,-2.5,0,0,0,0,0,0,0,0,0,600

Main.js:462 63.481,441.16,336,336,0.715,-0.131,0.046,-0.02,0,1,0,1,0,0,0,0,0,0,0,0,0,0,0,0,0,0,0,0,433.361,51.778,222,169.5,-0.656,-0.414,-0.037,-0.033,65,344,58,-2.5,0,0,0,0,0,0,0,0,0,616

Main.js:462 64.203,441.015,334.5,334.5,0.722,-0.145,0.045,-0.022,0,1,0,1,0,0,0,0,0,0,0,0,0,0,0,0,0,0,0,0,432.703,51.353,222,168,-0.658,-0.425,-0.037,-0.033,64,341.5,58,-2.5,0,0,0,0,0,0,0,0,0,632

Main.js:462 64.931,440.856,333,333,0.728,-0.159,0.045,-0.023,0,1,0,1,0,0,0,0,0,0,0,0,0,0,0,0,0,0,0,0,432.042,50.917,222,166.5,-0.661,-0.436,-0.037,-0.033,63,339,58,-2.5,0,0,0,0,0,0,0,0,0,651

Main.js:462 65.666,440.683,333,333,0.734,-0.173,0.045,-0.023,0,0,0,1,0,0,0,0,0,0,0,0,0,0,0,0,0,0,0,0,431.379,50.471,222,165,-0.663,-0.446,-0.037,-0.033,62,336.5,58,-2.5,0,0,0,0,0,0,0,0,0,666

Main.js:462 66.406,440.497,333,333,0.74,-0.186,0.045,-0.023,0,0,0,1,0,0,0,0,0,0,0,0,0,0,0,0,0,0,0,0,430.714,50.016,222,163.5,-0.665,-0.455,-0.037,-0.033,61,334,58,-2.5,0,0,0,0,0,0,0,0,0,683

Main.js:462 67.151,440.299,333,333,0.745,-0.198,0.045,-0.023,0,0,0,1,0,0,0,0,0,0,0,0,0,0,0,0,0,0,0,0,430.047,49.552,222,162,-0.667,-0.464,-0.037,-0.033,60,331.5,58,-2.5,0,0,0,0,0,0,0,0,0,700

Main.js:462 67.901,440.09,333,333,0.75,-0.21,0.045,-0.023,0,0,0,1,0,0,0,0,0,0,0,0,0,0,0,0,0,0,0,0,429.378,49.08,222,160.5,-0.669,-0.473,-0.037,-0.033,59,329,58,-2.5,0,0,0,0,0,0,0,0,0,717

Main.js:462 68.656,439.869,333,333,0.755,-0.221,0.045,-0.023,0,0,0,1,0,0,0,0,0,0,0,0,0,0,0,0,0,0,0,0,428.707,48.599,222,159,-0.671,-0.481,-0.037,-0.033,58,326.5,58,-2.5,0,0,0,0,0,0,0,0,0,732

Main.js:462 69.416,439.637,333,333,0.76,-0.231,0.045,-0.023,0,0,0,1,0,0,0,0,0,0,0,0,0,0,0,0,0,0,0,0,428.034,48.11,222,157.5,-0.673,-0.489,-0.037,-0.033,57,324,58,-2.5,0,0,0,0,0,0,0,0,0,749

Main.js:462 70.18,439.396,333,333,0.764,-0.241,0.045,-0.023,0,0,0,1,0,0,0,0,0,0,0,0,0,0,0,0,0,0,0,0,427.36,47.614,222,156,-0.674,-0.496,-0.037,-0.033,56,321.5,58,-2.5,0,0,0,0,0,0,0,0,0,766

Main.js:462 70.948,439.145,333,333,0.768,-0.251,0.045,-0.023,0,0,0,1,0,0,0,0,0,0,0,0,0,0,0,0,0,0,0,0,426.684,47.111,222,154.5,-0.676,-0.503,-0.037,-0.033,55,319,58,-2.5,0,0,0,0,0,0,0,0,0,784

Main.js:462 71.72,438.885,333,333,0.772,-0.26,0.045,-0.023,0,0,0,1,0,0,0,0,0,0,0,0,0,0,0,0,0,0,0,0,426.006,46.602,222,153,-0.677,-0.51,-0.037,-0.033,54,316.5,58,-2.5,0,0,0,0,0,0,0,0,0,800

Main.js:462 72.496,438.617,333,333,0.776,-0.268,0.045,-0.023,0,0,0,1,0,0,0,0,0,0,0,0,0,0,0,0,0,0,0,0,425.328,46.086,222,151.5,-0.679,-0.516,-0.037,-0.033,53,314,58,-2.5,0,0,0,0,0,0,0,0,0,817

Main.js:462 73.275,438.34,333,333,0.779,-0.277,0.045,-0.023,0,0,0,1,0,0,0,0,0,0,0,0,0,0,0,0,0,0,0,0,424.647,45.564,222,150,-0.68,-0.522,-0.037,-0.033,52,311.5,58,-2.5,0,0,0,0,0,0,0,0,0,833

Main.js:462 74.058,438.056,333,333,0.783,-0.284,0.045,-0.023,0,0,0,1,0,0,0,0,0,0,0,0,0,0,0,0,0,0,0,0,423.966,45.036,222,148.5,-0.682,-0.528,-0.037,-0.033,51,309,58,-2.5,0,0,0,0,0,0,0,0,0,850

Main.js:462 74.844,437.764,333,333,0.786,-0.292,0.045,-0.023,0,0,0,1,0,0,0,0,0,0,0,0,0,0,0,0,0,0,0,0,423.283,44.503,222,147,-0.683,-0.533,-0.037,-0.033,50,306.5,58,-2.5,0,0,0,0,0,0,0,0,0,866

Main.js:462 75.633,437.466,333,333,0.789,-0.299,0.045,-0.023,0,0,0,1,0,0,0,0,0,0,0,0,0,0,0,0,0,0,0,0,422.599,43.965,222,145.5,-0.684,-0.538,-0.037,-0.033,49,304,58,-2.5,0,0,0,0,0,0,0,0,0,884

Main.js:462 76.425,437.16,333,333,0.792,-0.305,0.045,-0.023,0,0,0,1,0,0,0,0,0,0,0,0,0,0,0,0,0,0,0,0,421.914,43.422,222,144,-0.685,-0.543,-0.037,-0.033,48,301.5,58,-2.5,0,0,0,0,0,0,0,0,0,899

Main.js:462 77.219,436.849,333,333,0.795,-0.312,0.045,-0.023,0,0,0,1,0,0,0,0,0,0,0,0,0,0,0,0,0,0,0,0,421.228,42.875,222,142.5,-0.686,-0.548,-0.037,-0.033,47,299,58,-2.5,0,0,0,0,0,0,0,0,0,917

Main.js:462 78.016,436.531,333,333,0.797,-0.318,0.045,-0.023,0,0,0,1,0,0,0,0,0,0,0,0,0,0,0,0,0,0,0,0,420.541,42.323,222,141,-0.687,-0.552,-0.037,-0.033,46,296.5,58,-2.5,0,0,0,0,0,0,0,0,0,933

Main.js:462 78.816,436.208,333,333,0.8,-0.323,0.045,-0.023,0,0,0,1,0,0,0,0,0,0,0,0,0,0,0,0,0,0,0,0,419.853,41.767,222,139.5,-0.688,-0.556,-0.037,-0.033,45,294,58,-2.5,0,0,0,0,0,0,0,0,0,949

Main.js:462 79.618,435.879,333,333,0.802,-0.329,0.045,-0.023,0,0,0,1,0,0,0,0,0,0,0,0,0,0,0,0,0,0,0,0,419.164,41.206,222,138,-0.689,-0.56,-0.037,-0.033,44,291.5,58,-2.5,0,0,0,0,0,0,0,0,0,966

Main.js:462 80.421,435.545,331.5,331.5,0.804,-0.335,0.044,-0.024,0,1,0,1,0,0,0,0,0,0,0,0,0,0,0,0,0,0,0,0,418.474,40.642,222,136.5,-0.69,-0.564,-0.037,-0.033,43,289,58,-2.5,0,0,0,0,0,0,0,0,0,982

Main.js:462 81.226,435.203,330,330,0.805,-0.342,0.043,-0.025,0,1,0,1,0,0,0,0,0,0,0,0,0,0,0,0,0,0,0,0,417.784,40.075,222,135,-0.691,-0.568,-0.037,-0.033,42,286.5,58,-2.5,0,0,0,0,0,0,0,0,0,1001

Main.js:462 82.031,434.853,328.5,328.5,0.805,-0.35,0.043,-0.026,0,1,0,1,0,0,0,0,0,0,0,0,0,0,0,0,0,0,0,0,417.092,39.505,220.5,132,-0.692,-0.57,-0.038,-0.032,41,284,58,-2.5,0,0,0,0,0,0,0,0,0,1017

Main.js:462 82.835,434.495,327,327,0.804,-0.358,0.042,-0.027,0,1,0,1,0,0,0,0,0,0,0,0,0,0,0,0,0,0,0,0,416.397,38.934,219,129,-0.694,-0.571,-0.039,-0.031,40,281.5,58,-2.5,0,0,0,0,0,0,0,0,0,1035

Main.js:462 83.638,434.128,325.5,325.5,0.803,-0.367,0.041,-0.028,0,1,0,1,0,0,0,0,0,0,0,0,0,0,0,0,0,0,0,0,415.7,38.362,217.5,126,-0.697,-0.572,-0.04,-0.03,39,279,58,-2.5,0,0,0,0,0,0,0,0,0,1050

Main.js:462 84.44,433.751,324,324,0.802,-0.377,0.04,-0.029,0,1,0,1,0,0,0,0,0,0,0,0,0,0,0,0,0,0,0,0,414.999,37.791,216,123,-0.701,-0.571,-0.04,-0.029,38,276.5,58,-2.5,0,0,0,0,0,0,0,0,0,1067

Main.js:462 85.239,433.365,322.5,322.5,0.799,-0.387,0.04,-0.03,0,1,0,1,0,0,0,0,0,0,0,0,0,0,0,0,0,0,0,0,414.294,37.221,214.5,120,-0.705,-0.569,-0.041,-0.028,37,274,58,-2.5,0,0,0,0,0,0,0,0,0,1084

Main.js:462 86.035,432.968,321,321,0.796,-0.397,0.039,-0.031,0,1,0,1,0,0,0,0,0,0,0,0,0,0,0,0,0,0,0,0,413.584,36.654,213,117,-0.71,-0.567,-0.042,-0.027,36,271.5,58,-2.5,0,0,0,0,0,0,0,0,0,1100

Main.js:462 86.828,432.559,319.5,319.5,0.792,-0.408,0.038,-0.032,0,1,0,1,0,0,0,0,0,0,0,0,0,0,0,0,0,0,0,0,412.869,36.091,211.5,114,-0.715,-0.563,-0.043,-0.026,35,269,58,-2.5,0,0,0,0,0,0,0,0,0,1117

Main.js:462 87.617,432.141,319.5,319.5,0.789,-0.419,0.038,-0.032,0,0,0,1,0,0,0,0,0,0,0,0,0,0,0,0,0,0,0,0,412.149,35.532,210,111,-0.72,-0.559,-0.043,-0.025,34,266.5,58,-2.5,0,0,0,0,0,0,0,0,0,1132

Main.js:462 88.402,431.712,319.5,319.5,0.786,-0.429,0.038,-0.032,0,0,0,1,0,0,0,0,0,0,0,0,0,0,0,0,0,0,0,0,411.423,34.979,208.5,108,-0.726,-0.554,-0.044,-0.024,33,264,58,-2.5,0,0,0,0,0,0,0,0,0,1150

Main.js:462 89.185,431.274,319.5,319.5,0.782,-0.438,0.038,-0.032,0,0,0,1,0,0,0,0,0,0,0,0,0,0,0,0,0,0,0,0,410.691,34.431,207,105,-0.732,-0.547,-0.045,-0.023,32,261.5,58,-2.5,0,0,0,0,0,0,0,0,0,1168

Main.js:462 89.964,430.827,319.5,319.5,0.779,-0.447,0.038,-0.032,0,0,0,1,0,0,0,0,0,0,0,0,0,0,0,0,0,0,0,0,409.953,33.891,205.5,102,-0.738,-0.541,-0.045,-0.022,31,259,58,-2.5,0,0,0,0,0,0,0,0,0,1184

Main.js:462 90.741,430.372,319.5,319.5,0.777,-0.455,0.038,-0.032,0,0,0,1,0,0,0,0,0,0,0,0,0,0,0,0,0,0,0,0,409.209,33.358,204,99,-0.745,-0.533,-0.046,-0.02,30,256.5,58,-2.5,0,0,0,0,0,0,0,0,0,1199

Main.js:462 91.515,429.908,319.5,319.5,0.774,-0.464,0.038,-0.032,0,0,0,1,0,0,0,0,0,0,0,0,0,0,0,0,0,0,0,0,408.457,32.833,202.5,96,-0.751,-0.524,-0.046,-0.019,29,254,58,-2.5,0,0,0,0,0,0,0,0,0,1216

Main.js:462 92.286,429.437,319.5,319.5,0.771,-0.471,0.038,-0.032,0,0,0,1,0,0,0,0,0,0,0,0,0,0,0,0,0,0,0,0,407.699,32.318,201,93,-0.758,-0.515,-0.047,-0.018,28,251.5,58,-2.5,0,0,0,0,0,0,0,0,0,1233

Main.js:462 93.055,428.959,319.5,319.5,0.769,-0.478,0.038,-0.032,0,0,0,1,0,0,0,0,0,0,0,0,0,0,0,0,0,0,0,0,406.934,31.813,199.5,90,-0.765,-0.505,-0.047,-0.017,27,249,58,-2.5,0,0,0,0,0,0,0,0,0,1250

Main.js:462 93.821,428.472,318,318,0.766,-0.486,0.037,-0.033,0,1,0,1,0,0,0,0,0,0,0,0,0,0,0,0,0,0,0,0,406.163,31.318,198,87,-0.772,-0.495,-0.048,-0.015,26,246.5,58,-2.5,0,0,0,0,0,0,0,0,0,1266

Main.js:462 94.582,427.977,316.5,316.5,0.762,-0.495,0.036,-0.034,0,1,0,1,0,0,0,0,0,0,0,0,0,0,0,0,0,0,0,0,405.384,30.835,196.5,84,-0.779,-0.483,-0.048,-0.014,25,244,58,-2.5,0,0,0,0,0,0,0,0,0,1282

Main.js:462 95.34,427.474,315,315,0.757,-0.504,0.035,-0.035,0,1,0,1,0,0,0,0,0,0,0,0,0,0,0,0,0,0,0,0,404.598,30.363,195,81,-0.786,-0.472,-0.048,-0.013,24,241.5,58,-2.5,0,0,0,0,0,0,0,0,0,1299

Main.js:462 96.092,426.961,313.5,313.5,0.752,-0.513,0.034,-0.036,0,1,0,1,0,0,0,0,0,0,0,0,0,0,0,0,0,0,0,0,403.805,29.904,193.5,78,-0.793,-0.459,-0.049,-0.012,23,239,58,-2.5,0,0,0,0,0,0,0,0,0,1317

Main.js:462 96.838,426.439,312,312,0.746,-0.523,0.033,-0.037,0,1,0,1,0,0,0,0,0,0,0,0,0,0,0,0,0,0,0,0,403.006,29.458,192,75,-0.799,-0.446,-0.049,-0.01,22,236.5,58,-2.5,0,0,0,0,0,0,0,0,0,1333

Main.js:462 97.578,425.906,310.5,310.5,0.74,-0.532,0.032,-0.038,0,1,0,1,0,0,0,0,0,0,0,0,0,0,0,0,0,0,0,0,402.2,29.026,190.5,72,-0.806,-0.432,-0.049,-0.009,21,234,58,-2.5,0,0,0,0,0,0,0,0,0,1351

Main.js:462 98.311,425.363,309,309,0.733,-0.543,0.031,-0.039,0,1,0,1,0,0,0,0,0,0,0,0,0,0,0,0,0,0,0,0,401.387,28.608,189,69,-0.813,-0.418,-0.049,-0.008,20,231.5,58,-2.5,0,0,0,0,0,0,0,0,0,1367

Main.js:462 99.037,424.811,309,309,0.726,-0.553,0.031,-0.039,0,0,0,1,0,0,0,0,0,0,0,0,0,0,0,0,0,0,0,0,400.568,28.204,187.5,66,-0.819,-0.403,-0.05,-0.007,19,229,58,-2.5,0,0,0,0,0,0,0,0,0,1384

Main.js:462 99.757,424.249,309,309,0.72,-0.562,0.031,-0.039,0,0,0,1,0,0,0,0,0,0,0,0,0,0,0,0,0,0,0,0,399.742,27.816,186,63,-0.826,-0.388,-0.05,-0.005,18,226.5,58,-2.5,0,0,0,0,0,0,0,0,0,1400

Main.js:462 100.47,423.678,309,309,0.714,-0.571,0.031,-0.039,0,0,0,1,0,0,0,0,0,0,0,0,0,0,0,0,0,0,0,0,398.91,27.443,184.5,60,-0.832,-0.373,-0.05,-0.004,17,224,58,-2.5,0,0,0,0,0,0,0,0,0,1417

Main.js:462 101.178,423.099,309,309,0.708,-0.579,0.031,-0.039,0,0,0,1,0,0,0,0,0,0,0,0,0,0,0,0,0,0,0,0,398.073,27.087,183,57,-0.837,-0.356,-0.05,-0.003,16,221.5,58,-2.5,0,0,0,0,0,0,0,0,0,1433

Main.js:462 101.88,422.512,309,309,0.702,-0.587,0.031,-0.039,0,0,0,1,0,0,0,0,0,0,0,0,0,0,0,0,0,0,0,0,397.23,26.747,181.5,54,-0.843,-0.34,-0.05,-0.001,15,219,58,-2.5,0,0,0,0,0,0,0,0,0,1450

Main.js:462 102.578,421.918,309,309,0.697,-0.595,0.031,-0.039,0,0,0,1,0,0,0,0,0,0,0,0,0,0,0,0,0,0,0,0,396.381,26.424,180,51,-0.848,-0.323,-0.05,0,14,216.5,58,-2.5,0,0,0,0,0,0,0,0,0,1467

Main.js:462 103.27,421.316,309,309,0.692,-0.602,0.031,-0.039,0,0,0,1,0,0,0,0,0,0,0,0,0,0,0,0,0,0,0,0,395.528,26.119,178.5,48,-0.853,-0.305,-0.05,0.001,13,214,58,-2.5,0,0,0,0,0,0,0,0,0,1483

Main.js:462 103.957,420.707,309,309,0.687,-0.609,0.031,-0.039,0,0,0,1,0,0,0,0,0,0,0,0,0,0,0,0,0,0,0,0,394.67,25.831,177,45,-0.858,-0.288,-0.05,0.003,12,211.5,58,-2.5,0,0,0,0,0,0,0,0,0,1500

Main.js:462 104.64,420.092,309,309,0.683,-0.615,0.031,-0.039,0,0,0,1,0,0,0,0,0,0,0,0,0,0,0,0,0,0,0,0,393.807,25.561,175.5,42,-0.863,-0.27,-0.05,0.004,11,209,58,-2.5,0,0,0,0,0,0,0,0,0,1517

Main.js:462 105.318,419.47,307.5,307.5,0.678,-0.622,0.03,-0.04,0,1,0,1,0,0,0,0,0,0,0,0,0,0,0,0,0,0,0,0,392.94,25.31,174,39,-0.867,-0.251,-0.05,0.005,10,206.5,58,-2.5,0,0,0,0,0,0,0,0,0,1532

Main.js:462 105.989,418.841,306,306,0.672,-0.629,0.029,-0.04,0,1,0,1,0,0,0,0,0,0,0,0,0,0,0,0,0,0,0,0,392.07,25.078,172.5,36,-0.871,-0.232,-0.05,0.007,9,204,58,-2.5,0,0,0,0,0,0,0,0,0,1550

Main.js:462 106.654,418.204,304.5,304.5,0.665,-0.637,0.028,-0.041,0,1,0,1,0,0,0,0,0,0,0,0,0,0,0,0,0,0,0,0,391.196,24.864,171,33,-0.874,-0.213,-0.049,0.008,8,201.5,58,-2.5,0,0,0,0,0,0,0,0,0,1566

Main.js:462 107.312,417.559,303,303,0.658,-0.645,0.027,-0.042,0,1,0,1,0,0,0,0,0,0,0,0,0,0,0,0,0,0,0,0,390.319,24.67,169.5,30,-0.877,-0.194,-0.049,0.009,7,199,58,-2.5,0,0,0,0,0,0,0,0,0,1583

Main.js:462 107.962,416.906,301.5,301.5,0.65,-0.653,0.026,-0.043,0,1,0,1,0,0,0,0,0,0,0,0,0,0,0,0,0,0,0,0,389.439,24.496,168,27,-0.88,-0.174,-0.049,0.01,6,196.5,58,-2.5,0,0,0,0,0,0,0,0,0,1600

Main.js:462 108.603,416.244,300,300,0.641,-0.662,0.025,-0.043,0,1,0,1,0,0,0,0,0,0,0,0,0,0,0,0,0,0,0,0,388.557,24.341,166.5,24,-0.882,-0.155,-0.049,0.012,5,194,58,-2.5,0,0,0,0,0,0,0,0,0,1617

Main.js:462 109.235,415.574,300,300,0.633,-0.67,0.025,-0.043,0,0,0,1,0,0,0,0,0,0,0,0,0,0,0,0,0,0,0,0,387.674,24.207,165,21,-0.884,-0.135,-0.048,0.013,4,191.5,58,-2.5,0,0,0,0,0,0,0,0,0,1633

Main.js:462 109.86,414.897,300,300,0.625,-0.677,0.025,-0.043,0,0,0,1,0,0,0,0,0,0,0,0,0,0,0,0,0,0,0,0,386.789,24.092,163.5,18,-0.885,-0.114,-0.048,0.014,3,189,58,-2.5,0,0,0,0,0,0,0,0,0,1650

Main.js:462 110.477,414.212,300,300,0.617,-0.685,0.025,-0.043,0,0,0,1,0,0,0,0,0,0,0,0,0,0,0,0,0,0,0,0,385.903,23.998,162,15,-0.886,-0.094,-0.048,0.015,2,186.5,58,-2.5,0,0,0,0,0,0,0,0,0,1667

Main.js:462 111.087,413.52,300,300,0.61,-0.692,0.025,-0.043,0,0,0,1,0,0,0,0,0,0,0,0,0,0,0,0,0,0,0,0,385.017,23.925,160.5,12,-0.886,-0.073,-0.047,0.017,1,184,58,-2.5,0,0,0,0,0,0,0,0,0,1683

Main.js:462 111.69,412.822,300,300,0.603,-0.698,0.025,-0.043,0,0,0,1,0,0,0,0,0,0,0,0,0,0,0,0,0,0,0,0,384.13,23.872,159,9,-0.886,-0.053,-0.047,0.018,0,181.5,58,-2.5,0,0,0,0,0,0,0,0,0,1700

Main.js:462 112.287,412.118,300,300,0.597,-0.704,0.025,-0.043,0,0,0,1,0,0,0,0,0,0,0,0,0,0,0,0,0,0,0,0,383.244,23.84,157.5,6,-0.886,-0.032,-0.046,0.019,99,179,58,-2.5,0,0,0,0,0,0,0,0,0,1716

Main.js:462 112.878,411.408,300,300,0.591,-0.71,0.025,-0.043,0,0,0,1,0,0,0,0,0,0,0,0,0,0,0,0,0,0,0,0,382.359,23.829,156,3,-0.885,-0.011,-0.046,0.02,98,176.5,58,-2.5,0,407.502,26.328,2.486,0.261,0,0,0,0,1732

Main.js:462 113.462,410.691,298.5,298.5,0.584,-0.717,0.024,-0.044,0,1,0,1,0,0,0,0,0,0,0,0,0,0,0,0,0,0,0,0,381.476,23.839,154.5,0,-0.884,0.01,-0.045,0.022,97,174,58,-2.5,0,409.988,26.59,2.486,0.261,0,0,0,0,1749

Main.js:462 114.038,409.968,297,297,0.576,-0.723,0.023,-0.045,0,1,0,1,0,0,0,0,0,0,0,0,0,0,0,0,0,0,0,0,380.594,23.87,153,357,-0.882,0.031,-0.045,0.023,96,171.5,58,-2.5,0,412.474,26.851,2.486,0.261,0,0,0,0,1766

Main.js:462 114.606,409.238,295.5,295.5,0.568,-0.73,0.022,-0.045,0,1,0,1,0,0,0,0,0,0,0,0,0,0,0,0,0,0,0,0,379.714,23.922,151.5,354,-0.879,0.052,-0.044,0.024,95,169,58,-2.5,0,414.961,27.112,2.486,0.261,0,0,0,0,1783

Main.js:462 115.165,408.502,294,294,0.559,-0.737,0.02,-0.046,0,1,0,1,0,0,0,0,0,0,0,0,0,0,0,0,0,0,0,0,378.838,23.996,150,351,-0.877,0.073,-0.043,0.025,94,166.5,58,-2.5,0,417.447,27.374,2.486,0.261,0,0,0,0,1800

Main.js:462 115.714,407.758,292.5,292.5,0.549,-0.744,0.019,-0.046,0,1,0,1,0,0,0,0,0,0,0,0,0,0,0,0,0,0,0,0,377.965,24.09,148.5,348,-0.873,0.094,-0.043,0.026,93,164,58,-2.5,0,419.933,27.635,2.486,0.261,0,0,0,0,1816

Main.js:462 116.253,407.007,291,291,0.539,-0.751,0.018,-0.047,0,1,0,1,0,0,0,0,0,0,0,0,0,0,0,0,0,0,0,0,377.095,24.206,147,345,-0.869,0.116,-0.042,0.027,92,161.5,58,-2.5,0,422.419,27.896,2.486,0.261,0,0,0,0,1834

Main.js:462 116.781,406.249,289.5,289.5,0.528,-0.758,0.017,-0.047,0,1,0,1,0,0,0,0,0,0,0,0,0,0,0,0,0,0,0,0,376.23,24.342,145.5,342,-0.865,0.137,-0.041,0.028,91,159,58,-2.5,0,424.906,28.158,2.486,0.261,0,0,0,0,1849

Main.js:462 117.298,405.484,289.5,289.5,0.517,-0.765,0.017,-0.047,0,0,0,1,0,0,0,0,0,0,0,0,0,0,0,0,0,0,0,0,375.37,24.5,144,339,-0.86,0.158,-0.04,0.029,90,156.5,58,-2.5,0,427.392,28.419,2.486,0.261,0,0,0,0,1866

Main.js:462 117.805,404.713,289.5,289.5,0.507,-0.771,0.017,-0.047,0,0,0,1,0,0,0,0,0,0,0,0,0,0,0,0,0,0,0,0,374.515,24.679,142.5,336,-0.855,0.179,-0.04,0.03,89,154,58,-2.5,0,429.878,28.68,2.486,0.261,0,0,0,0,1886

Main.js:462 118.302,403.935,289.5,289.5,0.498,-0.778,0.017,-0.047,0,0,0,1,0,0,0,0,0,0,0,0,0,0,0,0,0,0,0,0,373.666,24.879,141,333,-0.849,0.2,-0.039,0.031,88,151.5,58,-2.5,0,432.365,28.942,2.486,0.261,0,0,0,0,1901

Main.js:462 118.791,403.151,289.5,289.5,0.489,-0.784,0.017,-0.047,0,0,0,1,0,0,0,0,0,0,0,0,0,0,0,0,0,0,0,0,372.823,25.1,139.5,330,-0.843,0.221,-0.038,0.032,87,149,58,-2.5,0,434.851,29.203,2.486,0.261,0,0,0,0,1915

Main.js:462 119.271,402.362,289.5,289.5,0.48,-0.789,0.017,-0.047,0,0,0,1,0,0,0,0,0,0,0,0,0,0,0,0,0,0,0,0,371.987,25.341,138,327,-0.836,0.241,-0.037,0.033,86,146.5,58,-2.5,0,437.337,29.464,2.486,0.261,0,0,0,0,1934

Main.js:462 119.743,401.568,289.5,289.5,0.472,-0.794,0.017,-0.047,0,0,0,1,0,0,0,0,0,0,0,0,0,0,0,0,0,0,0,0,371.158,25.603,136.5,324,-0.829,0.262,-0.036,0.034,85,144,58,-2.5,0,439.824,29.726,2.486,0.261,0,0,0,0,1949

Main.js:462 120.207,400.768,289.5,289.5,0.464,-0.8,0.017,-0.047,0,0,0,1,0,0,0,0,0,0,0,0,0,0,0,0,0,0,0,0,370.337,25.885,135,321,-0.821,0.283,-0.035,0.035,84,141.5,58,-2.5,0,442.31,29.987,2.486,0.261,0,0,0,0,1967

Main.js:462 120.664,399.964,289.5,289.5,0.457,-0.804,0.017,-0.047,0,0,0,1,0,0,0,0,0,0,0,0,0,0,0,0,0,0,0,0,369.525,26.188,133.5,318,-0.812,0.303,-0.034,0.036,83,139,58,-2.5,0,444.796,30.248,2.486,0.261,0,0,0,0,1984

Main.js:462 121.113,399.155,289.5,289.5,0.45,-0.809,0.017,-0.047,0,0,0,1,0,0,0,0,0,0,0,0,0,0,0,0,0,0,0,0,368.721,26.511,132,315,-0.804,0.323,-0.033,0.037,82,136.5,58,-2.5,0,447.282,30.51,2.486,0.261,0,0,0,0,2000

Main.js:462 121.557,398.342,289.5,289.5,0.443,-0.813,0.017,-0.047,0,0,0,1,0,0,0,0,0,0,0,0,0,0,0,0,0,0,0,0,367.925,26.853,133.5,315,-0.796,0.341,-0.034,0.036,81,134,58,-2.5,0,449.769,30.771,2.486,0.261,0,0,0,0,2015

Main.js:462 121.993,397.524,289.5,289.5,0.437,-0.817,0.017,-0.047,0,0,0,1,0,0,0,0,0,0,0,0,0,0,0,0,0,0,0,0,367.135,27.21,135,315,-0.79,0.358,-0.035,0.035,80,131.5,58,-2.5,0,452.255,31.032,2.486,0.261,0,0,0,0,2034

Main.js:462 122.424,396.703,289.5,289.5,0.431,-0.821,0.017,-0.047,0,0,0,1,0,0,0,0,0,0,0,0,0,0,0,0,0,0,0,0,366.351,27.583,136.5,315,-0.785,0.373,-0.036,0.034,79,129,58,-2.5,0,454.741,31.294,2.486,0.261,0,0,0,0,2051

Main.js:462 122.849,395.878,289.5,289.5,0.425,-0.825,0.017,-0.047,0,0,0,1,0,0,0,0,0,0,0,0,0,0,0,0,0,0,0,0,365.57,27.969,138,315,-0.781,0.386,-0.037,0.033,78,126.5,58,-2.5,0,457.228,31.555,2.486,0.261,0,0,0,0,2067

Main.js:462 123.269,395.05,289.5,289.5,0.42,-0.828,0.017,-0.047,0,0,0,1,0,0,0,0,0,0,0,0,0,0,0,0,0,0,0,0,364.792,28.366,139.5,315,-0.778,0.397,-0.038,0.032,77,124,58,-2.5,0,459.714,31.816,2.486,0.261,0,0,0,0,2084

Main.js:462 123.684,394.218,289.5,289.5,0.415,-0.832,0.017,-0.047,0,0,0,1,0,0,0,0,0,0,0,0,0,0,0,0,0,0,0,0,364.016,28.774,141,315,-0.776,0.407,-0.039,0.031,76,121.5,58,-2.5,0,462.2,32.078,2.486,0.261,0,0,0,0,2100

Main.js:462 124.094,393.383,289.5,289.5,0.41,-0.835,0.017,-0.047,0,0,0,1,0,0,0,0,0,0,0,0,0,0,0,0,0,0,0,0,363.241,29.19,142.5,315,-0.775,0.416,-0.04,0.03,75,119,58,-2.5,0,464.687,32.339,2.486,0.261,0,0,0,0,2117

Main.js:462 124.499,392.545,289.5,289.5,0.405,-0.838,0.017,-0.047,0,0,0,1,0,0,0,0,0,0,0,0,0,0,0,0,0,0,0,0,362.466,29.613,144,315,-0.775,0.423,-0.04,0.029,74,116.5,58,-2.5,0,467.173,32.6,2.486,0.261,0,0,0,0,2133

Main.js:462 124.899,391.704,289.5,289.5,0.401,-0.841,0.017,-0.047,0,0,0,1,0,0,0,0,0,0,0,0,0,0,0,0,0,0,0,0,361.691,30.041,145.5,315,-0.775,0.429,-0.041,0.028,73,114,58,-2.5,0,469.659,32.862,2.486,0.261,0,0,0,0,2149

Main.js:462 125.296,390.86,289.5,289.5,0.397,-0.844,0.017,-0.047,0,0,0,1,0,0,0,0,0,0,0,0,0,0,0,0,0,0,0,0,360.915,30.475,147,315,-0.776,0.433,-0.042,0.027,72,111.5,58,-2.5,0,472.146,33.123,2.486,0.261,0,0,0,0,2166

Main.js:462 125.688,390.014,289.5,289.5,0.393,-0.846,0.017,-0.047,0,0,0,1,0,0,0,0,0,0,0,0,0,0,0,0,0,0,0,0,360.137,30.911,148.5,315,-0.778,0.436,-0.043,0.026,71,109,58,-2.5,0,474.632,33.384,2.486,0.261,0,0,0,0,2184

Main.js:462 126.077,389.165,289.5,289.5,0.389,-0.849,0.017,-0.047,0,0,0,1,0,0,0,0,0,0,0,0,0,0,0,0,0,0,0,0,359.357,31.349,150,315,-0.78,0.438,-0.043,0.025,70,106.5,58,-2.5,0,477.118,33.645,2.486,0.261,0,0,0,0,2199

Main.js:462 126.464,388.314,291,291,0.386,-0.851,0.018,-0.047,0,0,1,1,0,0,0,0,0,0,0,0,0,0,0,0,0,0,0,0,358.575,31.788,151.5,315,-0.783,0.439,-0.044,0.024,69,104,58,-2.5,0,479.604,33.907,2.486,0.261,0,0,0,0,2217

Main.js:462 126.849,387.462,292.5,292.5,0.385,-0.852,0.019,-0.046,0,0,1,1,0,0,0,0,0,0,0,0,0,0,0,0,0,0,0,0,357.789,32.227,153,315,-0.786,0.439,-0.045,0.023,68,101.5,58,-2.5,0,482.091,34.168,2.486,0.261,0,0,0,0,2234

Main.js:462 127.234,386.61,294,294,0.385,-0.853,0.02,-0.046,0,0,1,1,0,0,0,0,0,0,0,0,0,0,0,0,0,0,0,0,356.999,32.664,154.5,315,-0.79,0.437,-0.045,0.022,67,99,58,-2.5,0,484.577,34.429,2.486,0.261,0,0,0,0,2249

Main.js:462 127.621,385.757,295.5,295.5,0.386,-0.853,0.022,-0.045,0,0,1,1,0,0,0,0,0,0,0,0,0,0,0,0,0,0,0,0,356.206,33.099,156,315,-0.793,0.435,-0.046,0.02,66,96.5,58,-2.5,0,487.063,34.691,2.486,0.261,0,0,0,0,2268

Main.js:462 128.009,384.904,297,297,0.389,-0.853,0.023,-0.045,0,0,1,1,0,0,0,0,0,0,0,0,0,0,0,0,0,0,0,0,355.408,33.53,157.5,315,-0.798,0.431,-0.046,0.019,65,94,58,-2.5,0,489.55,34.952,2.486,0.261,0,0,0,0,2283

Main.js:462 128.401,384.052,298.5,298.5,0.392,-0.852,0.024,-0.044,0,0,1,1,0,0,0,0,0,0,0,0,0,0,0,0,0,0,0,0,354.606,33.957,159,315,-0.802,0.427,-0.047,0.018,64,91.5,58,-2.5,0,492.036,35.213,2.486,0.261,0,0,0,0,2300

Main.js:462 128.797,383.202,300,300,0.396,-0.85,0.025,-0.043,0,0,1,1,0,0,0,0,0,0,0,0,0,0,0,0,0,0,0,0,353.799,34.378,160.5,315,-0.807,0.421,-0.047,0.017,63,89,58,-2.5,0,494.522,35.475,2.486,0.261,0,0,0,0,2316

Main.js:462 129.199,382.354,301.5,301.5,0.401,-0.848,0.026,-0.043,0,0,1,1,0,0,0,0,0,0,0,0,0,0,0,0,0,0,0,0,352.988,34.792,162,315,-0.812,0.415,-0.048,0.015,62,86.5,58,-2.5,0,497.009,35.736,2.486,0.261,0,0,0,0,2332

Main.js:462 129.605,381.508,303,303,0.407,-0.846,0.027,-0.042,0,0,1,1,0,0,0,0,0,0,0,0,0,0,0,0,0,0,0,0,352.171,35.2,163.5,315,-0.817,0.407,-0.048,0.014,61,84,58,-2.5,0,499.495,35.997,2.486,0.261,0,0,0,0,2350

Main.js:462 130.019,380.665,304.5,304.5,0.413,-0.843,0.028,-0.041,0,0,1,1,0,0,0,0,0,0,0,0,0,0,0,0,0,0,0,0,351.349,35.599,165,315,-0.822,0.399,-0.048,0.013,60,81.5,58,-2.5,0,0,0,0,0,0,0,0,0,2366

Main.js:462 130.44,379.826,306,306,0.421,-0.839,0.029,-0.04,0,0,1,1,0,0,0,0,0,0,0,0,0,0,0,0,0,0,0,0,350.523,35.99,166.5,315,-0.827,0.391,-0.049,0.012,59,79,58,-2.5,0,0,0,0,0,0,0,0,0,2383

Main.js:462 130.868,378.992,307.5,307.5,0.429,-0.835,0.03,-0.04,0,0,1,1,0,0,0,0,0,0,0,0,0,0,0,0,0,0,0,0,349.691,36.371,168,315,-0.832,0.381,-0.049,0.01,58,76.5,58,-2.5,0,0,0,0,0,0,0,0,0,2399

Main.js:462 131.304,378.161,307.5,307.5,0.436,-0.831,0.03,-0.04,0,0,0,1,0,0,0,0,0,0,0,0,0,0,0,0,0,0,0,0,348.854,36.741,169.5,315,-0.837,0.37,-0.049,0.009,57,74,58,-2.5,0,0,0,0,0,0,0,0,0,2427

Main.js:462 131.748,377.334,307.5,307.5,0.443,-0.827,0.03,-0.04,0,0,0,1,0,0,0,0,0,0,0,0,0,0,0,0,0,0,0,0,348.012,37.1,171,315,-0.842,0.359,-0.049,0.008,56,71.5,58,-2.5,0,0,0,0,0,0,0,0,0,2449

Main.js:462 132.198,376.511,307.5,307.5,0.45,-0.823,0.03,-0.04,0,0,0,1,0,0,0,0,0,0,0,0,0,0,0,0,0,0,0,0,347.165,37.448,172.5,315,-0.847,0.348,-0.05,0.007,55,69,58,-2.5,0,0,0,0,0,0,0,0,0,2468

Main.js:462 132.654,375.692,307.5,307.5,0.456,-0.82,0.03,-0.04,0,0,0,1,0,0,0,0,0,0,0,0,0,0,0,0,0,0,0,0,346.313,37.783,174,315,-0.852,0.335,-0.05,0.005,54,66.5,58,-2.5,0,0,0,0,0,0,0,0,0,2483

Main.js:462 133.116,374.875,307.5,307.5,0.462,-0.816,0.03,-0.04,0,0,0,1,0,0,0,0,0,0,0,0,0,0,0,0,0,0,0,0,345.456,38.105,175.5,315,-0.857,0.322,-0.05,0.004,53,64,58,-2.5,0,0,0,0,0,0,0,0,0,2500

Main.js:462 133.585,374.062,307.5,307.5,0.468,-0.813,0.03,-0.04,0,0,0,1,0,0,0,0,0,0,0,0,0,0,0,0,0,0,0,0,344.595,38.415,175.5,313.5,-0.861,0.31,-0.05,0.004,52,61.5,58,-2.5,0,0,0,0,0,0,0,0,0,2517

Main.js:462 134.059,373.252,307.5,307.5,0.474,-0.81,0.03,-0.04,0,0,0,1,0,0,0,0,0,0,0,0,0,0,0,0,0,0,0,0,343.729,38.713,175.5,312,-0.865,0.298,-0.05,0.004,51,59,58,-2.5,0,0,0,0,0,0,0,0,0,2533

Main.js:462 134.538,372.445,307.5,307.5,0.479,-0.807,0.03,-0.04,0,0,0,1,0,0,0,0,0,0,0,0,0,0,0,0,0,0,0,0,342.86,39,175.5,310.5,-0.87,0.287,-0.05,0.004,50,56.5,58,-2.5,0,0,0,0,0,0,0,0,0,2549

Main.js:462 135.021,371.64,307.5,307.5,0.484,-0.805,0.03,-0.04,0,0,0,1,0,0,0,0,0,0,0,0,0,0,0,0,0,0,0,0,341.986,39.276,175.5,309,-0.873,0.276,-0.05,0.004,49,54,58,-2.5,0,0,0,0,0,0,0,0,0,2566

Main.js:462 135.51,370.838,307.5,307.5,0.489,-0.802,0.03,-0.04,0,0,0,1,0,0,0,0,0,0,0,0,0,0,0,0,0,0,0,0,341.109,39.542,175.5,307.5,-0.877,0.266,-0.05,0.004,48,51.5,58,-2.5,0,0,0,0,0,0,0,0,0,2582

Main.js:462 136.003,370.038,307.5,307.5,0.493,-0.8,0.03,-0.04,0,0,0,1,0,0,0,0,0,0,0,0,0,0,0,0,0,0,0,0,340.229,39.799,175.5,306,-0.881,0.257,-0.05,0.004,47,49,58,-2.5,0,0,0,0,0,0,0,0,0,2600

Main.js:462 136.501,369.241,307.5,307.5,0.497,-0.797,0.03,-0.04,0,0,0,1,0,0,0,0,0,0,0,0,0,0,0,0,0,0,0,0,339.345,40.046,175.5,304.5,-0.884,0.247,-0.05,0.004,46,46.5,58,-2.5,0,0,0,0,0,0,0,0,0,2617

Main.js:462 137.002,368.445,307.5,307.5,0.501,-0.795,0.03,-0.04,0,0,0,1,0,0,0,0,0,0,0,0,0,0,0,0,0,0,0,0,338.458,40.285,175.5,303,-0.887,0.239,-0.05,0.004,45,44,58,-2.5,0,0,0,0,0,0,0,0,0,2633

Main.js:462 137.479,367.69,307.5,307.5,0.476,-0.755,0,0,0,0,0,0,0,0,0,0,0,0,0,0,0,0,0,0,0,0,0,0,337.567,40.516,175.5,301.5,-0.89,0.231,-0.05,0.004,44,41.5,58,-2.5,0,0,0,0,0,0,0,0,0,2650

Main.js:462 137.931,366.972,307.5,307.5,0.453,-0.718,0,0,0,0,0,0,0,0,0,0,0,0,0,0,0,0,0,0,0,0,0,0,336.675,40.739,175.5,300,-0.893,0.223,-0.05,0.004,43,39,58,-2.5,0,0,0,0,0,0,0,0,0,2666

Main.js:462 138.361,366.29,307.5,307.5,0.43,-0.682,0,0,0,0,0,0,0,0,0,0,0,0,0,0,0,0,0,0,0,0,0,0,335.779,40.954,175.5,298.5,-0.896,0.215,-0.05,0.004,42,36.5,58,-2.5,0,0,0,0,0,0,0,0,0,2683

Main.js:462 138.77,365.643,307.5,307.5,0.408,-0.648,0,0,0,0,0,0,0,0,0,0,0,0,0,0,0,0,0,0,0,0,0,0,334.881,41.162,175.5,297,-0.898,0.208,-0.05,0.004,41,34,58,-2.5,0,0,0,0,0,0,0,0,0,2700

Main.js:462 139.158,365.027,307.5,307.5,0.388,-0.615,0,0,0,0,0,0,0,0,0,0,0,0,0,0,0,0,0,0,0,0,0,0,333.98,41.364,175.5,295.5,-0.901,0.202,-0.05,0.004,40,31.5,58,-2.5,0,0,0,0,0,0,0,0,0,2716

Main.js:462 139.526,364.443,307.5,307.5,0.369,-0.585,0,0,0,0,0,0,0,0,0,0,0,0,0,0,0,0,0,0,0,0,0,0,333.077,41.559,175.5,294,-0.903,0.195,-0.05,0.004,39,29,58,-2.5,0,0,0,0,0,0,0,0,0,2733

Main.js:462 139.876,363.887,307.5,307.5,0.35,-0.555,0,0,0,0,0,0,0,0,0,0,0,0,0,0,0,0,0,0,0,0,0,0,332.172,41.749,175.5,292.5,-0.905,0.189,-0.05,0.004,38,26.5,58,-2.5,0,0,0,0,0,0,0,0,0,2748

Main.js:462 140.209,363.36,307.5,307.5,0.333,-0.528,0,0,99,0,0,0,0,1,0,0,0,0,0,0,0,0,0,0,0,0,0,0,331.265,41.932,175.5,291,-0.907,0.184,-0.05,0.004,37,24,58,-2.5,0,0,0,0,0,0,0,0,0,2766

Main.js:462 140.525,362.859,307.5,307.5,0.316,-0.501,0,0,98,0,0,0,0,1,0,0,154.182,345.244,1.522,-1.983,0,0,0,0,0,0,0,0,330.355,42.11,175.5,289.5,-0.909,0.178,-0.05,0.004,36,21.5,58,-2.5,0,0,0,0,0,0,0,0,0,2784

Main.js:462 140.825,362.382,307.5,307.5,0.3,-0.476,0,0,97,0,0,0,0,1,0,0,155.704,343.26,1.522,-1.983,0,0,0,0,0,0,0,0,329.444,42.283,175.5,288,-0.911,0.173,-0.05,0.004,35,19,58,-2.5,0,0,0,0,0,0,0,0,0,2799

Main.js:462 141.111,361.93,307.5,307.5,0.285,-0.452,0,0,96,0,0,0,0,1,0,0,157.226,341.277,1.522,-1.983,0,0,0,0,0,0,0,0,328.531,42.451,175.5,286.5,-0.913,0.168,-0.05,0.004,34,16.5,58,-2.5,0,0,0,0,0,0,0,0,0,2816

Main.js:462 141.382,361.5,307.5,307.5,0.271,-0.43,0,0,95,0,0,0,0,1,0,0,158.748,339.293,1.522,-1.983,0,0,0,0,0,0,0,0,327.616,42.614,175.5,285,-0.915,0.163,-0.05,0.004,33,14,58,-2.5,0,0,0,0,0,0,0,0,0,2834

Main.js:462 141.639,361.092,307.5,307.5,0.257,-0.408,0,0,94,0,0,0,0,1,0,0,160.27,337.31,1.522,-1.983,0,0,0,0,0,0,0,0,326.7,42.773,175.5,283.5,-0.916,0.159,-0.05,0.004,32,11.5,58,-2.5,0,0,0,0,0,0,0,0,0,2850

Main.js:462 141.884,360.704,307.5,307.5,0.245,-0.388,0,0,93,0,0,0,0,1,0,0,161.792,335.327,1.522,-1.983,0,0,0,0,0,0,0,0,325.782,42.928,175.5,282,-0.918,0.155,-0.05,0.004,31,9,58,-2.5,0,0,0,0,0,0,0,0,0,2867

Main.js:462 142.116,360.336,307.5,307.5,0.232,-0.368,0,0,92,0,0,0,0,1,0,0,163.314,333.343,1.522,-1.983,0,0,0,0,0,0,0,0,324.863,43.079,175.5,280.5,-0.919,0.151,-0.05,0.004,30,6.5,58,-2.5,0,0,0,0,0,0,0,0,0,2884

Main.js:462 142.337,359.986,307.5,307.5,0.221,-0.35,0,0,91,0,0,0,0,0,0,0,164.836,331.36,1.522,-1.983,0,0,0,0,0,0,0,0,323.942,43.225,175.5,279,-0.921,0.147,-0.05,0.004,29,4,58,-2.5,0,0,0,0,0,0,0,0,0,2899

Main.js:462 142.546,359.653,307.5,307.5,0.21,-0.333,0,0,90,0,0,0,0,0,0,0,166.358,329.376,1.522,-1.983,0,0,0,0,0,0,0,0,323.02,43.369,175.5,277.5,-0.922,0.143,-0.05,0.004,28,1.5,58,-2.5,0,0,0,0,0,0,0,0,0,2917

Main.js:462 142.746,359.337,307.5,307.5,0.199,-0.316,0,0,89,0,0,0,0,0,0,0,166.358,329.376,1.522,-1.983,0,0,0,0,0,0,0,0,322.097,43.508,175.5,276,-0.923,0.14,-0.05,0.004,27,0,0,0,0,0,0,0,0,0,0,0,0,2933

Main.js:462 142.935,359.037,307.5,307.5,0.189,-0.3,0,0,88,0,0,0,0,0,0,0,167.879,327.393,1.522,-1.983,0,0,0,0,0,0,0,0,321.173,43.645,175.5,274.5,-0.924,0.137,-0.05,0.004,26,0,0,0,0,0,0,0,0,0,0,0,0,2950

Main.js:462 143.115,358.752,307.5,307.5,0.18,-0.285,0,0,87,0,0,0,0,0,0,0,169.401,325.41,1.522,-1.983,0,0,0,0,0,0,0,0,320.247,43.778,175.5,273,-0.926,0.133,-0.05,0.004,25,0,0,0,0,0,0,0,0,0,0,0,0,2966

Main.js:462 143.285,358.481,306,306,0.171,-0.271,0,0,86,1,0,0,0,0,0,0,170.923,323.426,1.522,-1.983,0,0,0,0,0,0,0,0,319.32,43.909,175.5,271.5,-0.927,0.13,-0.05,0.004,24,0,0,0,0,0,0,0,0,0,0,0,0,2984

Main.js:462 143.448,358.224,304.5,304.5,0.162,-0.257,0,0,85,1,0,0,0,0,0,0,172.445,321.443,1.522,-1.983,0,0,0,0,0,0,0,0,318.393,44.036,175.5,270,-0.928,0.128,-0.05,0.004,23,0,0,0,0,0,0,0,0,0,0,0,0,3000

Main.js:462 143.602,357.98,303,303,0.154,-0.244,0,0,84,1,0,0,0,0,0,0,173.967,319.46,1.522,-1.983,0,0,0,0,0,0,0,0,317.464,44.162,175.5,268.5,-0.929,0.125,-0.05,0.004,22,0,0,0,0,0,0,0,0,0,0,0,0,3017

Main.js:462 143.748,357.748,301.5,301.5,0.146,-0.232,0,0,83,1,0,0,0,0,0,0,175.489,317.476,1.522,-1.983,0,0,0,0,0,0,0,0,316.535,44.285,174,265.5,-0.929,0.124,-0.05,0.005,21,0,0,0,0,0,0,0,0,0,0,0,0,3032

Main.js:462 143.887,357.527,300,300,0.139,-0.221,0,0,82,1,0,0,0,0,0,0,177.011,315.493,1.522,-1.983,0,0,0,0,0,0,0,0,315.605,44.409,172.5,262.5,-0.93,0.124,-0.05,0.007,20,0,0,0,0,0,0,0,0,0,0,0,0,3049

Main.js:462 144.019,357.317,298.5,298.5,0.132,-0.21,0,0,81,1,0,0,0,0,0,0,178.533,313.509,1.522,-1.983,0,0,0,0,0,0,0,0,314.674,44.534,171,259.5,-0.93,0.125,-0.049,0.008,19,0,0,0,0,0,0,0,0,0,0,0,0,3068

Main.js:462 144.145,357.118,297,297,0.126,-0.199,0,0,80,1,0,0,0,0,0,0,180.055,311.526,1.522,-1.983,0,0,0,0,0,0,0,0,313.743,44.661,169.5,256.5,-0.931,0.127,-0.049,0.009,18,0,0,0,0,0,0,0,0,0,0,0,0,3083

Main.js:462 144.264,356.929,295.5,295.5,0.119,-0.189,0,0,79,1,0,0,0,0,0,0,181.577,309.543,1.522,-1.983,0,0,0,0,0,0,0,0,312.813,44.792,168,253.5,-0.931,0.131,-0.049,0.01,17,0,0,0,0,0,0,0,0,0,0,0,0,3099

Main.js:462 144.397,356.706,294,294,0.133,-0.223,0.02,-0.046,78,1,0,1,0,0,0,0,183.099,307.559,1.522,-1.983,0,0,0,0,0,0,0,0,311.883,44.928,166.5,250.5,-0.93,0.135,-0.049,0.012,16,0,0,0,0,0,0,0,0,0,0,0,0,3116

Main.js:462 144.542,356.451,294,294,0.145,-0.255,0.02,-0.046,77,0,0,1,0,0,0,0,184.62,305.576,1.522,-1.983,0,0,0,0,0,0,0,0,310.953,45.069,165,247.5,-0.93,0.141,-0.048,0.013,15,0,0,0,0,0,0,0,0,0,0,0,0,3133

Main.js:462 144.699,356.165,294,294,0.157,-0.286,0.02,-0.046,76,0,0,1,0,1,0,0,186.142,303.592,1.522,-1.983,0,0,0,0,0,0,0,0,310.024,45.216,163.5,244.5,-0.929,0.147,-0.048,0.014,14,0,0,0,0,0,0,0,0,0,0,0,0,3149

Main.js:462 144.868,355.85,294,294,0.169,-0.315,0.02,-0.046,75,0,0,1,0,1,0,0,187.664,301.609,1.522,-1.983,0,0,0,0,0,0,0,0,309.097,45.371,162,241.5,-0.927,0.155,-0.048,0.015,13,0,0,0,0,0,0,0,0,0,0,0,0,3166

Main.js:462 145.048,355.507,294,294,0.18,-0.343,0.02,-0.046,74,0,0,1,0,1,0,0,189.186,299.626,1.522,-1.983,0,0,0,0,0,0,0,0,308.171,45.534,160.5,238.5,-0.926,0.163,-0.047,0.017,12,0,0,0,0,0,0,0,0,0,0,0,0,3184

Main.js:462 145.238,355.138,294,294,0.19,-0.369,0.02,-0.046,73,0,0,1,0,1,0,0,190.708,297.642,1.522,-1.983,0,0,0,0,0,0,0,0,307.247,45.705,159,235.5,-0.924,0.172,-0.047,0.018,11,0,0,0,0,0,0,0,0,0,0,0,0,3200

Main.js:462 145.438,354.744,294,294,0.2,-0.394,0.02,-0.046,72,0,0,1,0,1,0,0,192.23,295.659,1.522,-1.983,0,0,0,0,0,0,0,0,306.326,45.887,157.5,232.5,-0.922,0.181,-0.046,0.019,10,0,0,0,0,0,0,0,0,0,0,0,0,3217

Main.js:462 145.647,354.327,294,294,0.209,-0.418,0.02,-0.046,71,0,0,1,0,1,0,0,193.752,293.676,1.522,-1.983,0,0,0,0,0,0,0,0,305.407,46.078,156,229.5,-0.919,0.192,-0.046,0.02,9,0,0,0,0,0,0,0,0,0,0,0,0,3234

Main.js:462 145.865,353.887,294,294,0.218,-0.44,0.02,-0.046,70,0,0,1,0,0,0,0,195.274,291.692,1.522,-1.983,0,0,0,0,0,0,0,0,304.491,46.281,154.5,226.5,-0.916,0.202,-0.045,0.022,8,0,0,0,0,0,0,0,0,0,0,0,0,3253

Main.js:462 146.092,353.425,294,294,0.226,-0.461,0.02,-0.046,69,0,0,1,0,0,0,0,196.796,289.709,1.522,-1.983,0,0,0,0,0,0,0,0,303.579,46.495,153,223.5,-0.912,0.214,-0.045,0.023,7,0,0,0,0,0,0,0,0,0,0,0,0,3267

Main.js:462 146.326,352.943,294,294,0.234,-0.482,0.02,-0.046,68,0,0,1,0,0,0,0,198.318,287.725,1.522,-1.983,0,0,0,0,0,0,0,0,302.67,46.721,151.5,220.5,-0.908,0.226,-0.044,0.024,6,0,0,0,0,0,0,0,0,0,0,0,0,3288

Main.js:462 146.568,352.442,294,294,0.242,-0.501,0.02,-0.046,67,0,0,1,0,0,0,0,199.839,285.742,1.522,-1.983,0,0,0,0,0,0,0,0,301.766,46.959,150,217.5,-0.904,0.238,-0.043,0.025,5,0,0,0,0,0,0,0,0,0,0,0,0,3300

Main.js:462 146.817,351.923,294,294,0.249,-0.519,0.02,-0.046,66,0,0,1,0,0,0,0,201.361,283.759,1.522,-1.983,0,0,0,0,0,0,0,0,300.866,47.21,148.5,214.5,-0.899,0.251,-0.043,0.026,4,0,0,0,0,0,0,0,0,0,0,0,0,3315

Main.js:462 147.073,351.386,294,294,0.256,-0.537,0.02,-0.046,65,0,0,1,0,0,0,0,202.883,281.775,1.522,-1.983,0,0,0,0,0,0,0,0,299.972,47.475,147,211.5,-0.894,0.265,-0.042,0.027,3,0,0,0,0,0,0,0,0,0,0,0,0,3334

Main.js:462 147.336,350.833,294,294,0.263,-0.553,0.02,-0.046,64,0,0,1,0,1,0,0,204.405,279.792,1.522,-1.983,0,0,0,0,0,0,0,0,299.083,47.753,145.5,208.5,-0.889,0.278,-0.041,0.028,2,0,0,0,0,0,0,0,0,0,0,0,0,3350

Main.js:462 147.605,350.263,294,294,0.269,-0.569,0.02,-0.046,63,0,0,1,0,1,0,0,205.927,277.808,1.522,-1.983,0,0,0,0,0,0,0,0,298.201,48.045,144,205.5,-0.883,0.292,-0.04,0.029,1,0,0,0,0,0,0,0,0,0,0,0,0,3368

Main.js:462 147.86,349.723,294,294,0.255,-0.541,0,0,62,0,0,0,0,1,0,0,207.449,275.825,1.522,-1.983,0,0,0,0,0,0,0,0,297.324,48.351,142.5,202.5,-0.876,0.307,-0.04,0.03,0,0,0,0,0,0,0,0,0,0,0,0,0,3383

Main.js:462 148.103,349.209,294,294,0.243,-0.514,0,0,61,0,0,0,0,1,0,0,208.971,273.842,1.522,-1.983,0,0,0,0,0,0,0,0,296.455,48.673,141,199.5,-0.869,0.321,-0.039,0.031,99,0,0,0,0,0,0,0,0,0,0,0,0,3399

Main.js:462 148.333,348.721,294,294,0.23,-0.488,0,0,60,0,0,0,0,1,0,0,210.493,271.858,1.522,-1.983,0,0,0,0,0,0,0,0,295.593,49.008,139.5,196.5,-0.862,0.336,-0.038,0.032,98,275.172,40.507,-2.357,-0.835,0,0,0,0,0,0,0,0,3417

Main.js:462 148.552,348.258,294,294,0.219,-0.464,0,0,59,0,0,0,0,0,0,0,212.015,269.875,1.522,-1.983,0,0,0,0,0,0,0,0,294.739,49.359,138,193.5,-0.854,0.351,-0.037,0.033,97,272.816,39.673,-2.357,-0.835,0,0,0,0,0,0,0,0,3433

Main.js:462 148.76,347.817,294,294,0.208,-0.44,0,0,58,0,0,0,0,0,0,0,213.537,267.892,1.522,-1.983,0,0,0,0,0,0,0,0,293.893,49.725,136.5,190.5,-0.846,0.366,-0.036,0.034,96,270.459,38.838,-2.357,-0.835,0,0,0,0,0,0,0,0,3451

Main.js:462 148.958,347.399,294,294,0.198,-0.418,0,0,57,0,0,0,0,0,0,0,215.059,265.908,1.522,-1.983,0,0,0,0,0,0,0,0,293.055,50.107,135,187.5,-0.837,0.381,-0.035,0.035,95,268.102,38.003,-2.357,-0.835,0,0,0,0,0,0,0,0,3466

Main.js:462 149.146,347.001,294,294,0.188,-0.397,0,0,56,0,0,0,0,0,0,0,216.58,263.925,1.522,-1.983,0,0,0,0,0,0,0,0,292.227,50.503,133.5,184.5,-0.828,0.397,-0.034,0.036,94,265.746,37.169,-2.357,-0.835,0,0,0,0,0,0,0,0,3483

Main.js:462 149.324,346.624,294,294,0.178,-0.378,0,0,55,0,0,0,0,0,0,0,218.102,261.941,1.522,-1.983,0,0,0,0,0,0,0,0,291.409,50.916,132,181.5,-0.818,0.412,-0.033,0.037,93,263.389,36.334,-2.357,-0.835,0,0,0,0,0,0,0,0,3499

Main.js:462 149.493,346.265,294,294,0.169,-0.359,0,0,54,0,0,0,0,0,0,0,219.624,259.958,1.522,-1.983,0,0,0,0,0,0,0,0,290.6,51.343,130.5,178.5,-0.808,0.428,-0.032,0.038,92,261.033,35.5,-2.357,-0.835,0,0,0,0,0,0,0,0,3517

Main.js:462 149.654,345.924,294,294,0.161,-0.341,0,0,53,0,0,0,0,1,0,0,221.146,257.975,1.522,-1.983,0,0,0,0,0,0,0,0,289.802,51.786,129,175.5,-0.798,0.443,-0.031,0.039,91,258.676,34.665,-2.357,-0.835,0,0,0,0,0,0,0,0,3534

Main.js:462 149.807,345.601,294,294,0.153,-0.324,0,0,52,0,0,0,0,1,0,0,222.668,255.991,1.522,-1.983,0,0,0,0,0,0,0,0,289.016,52.245,127.5,172.5,-0.787,0.459,-0.03,0.04,90,256.319,33.831,-2.357,-0.835,0,0,0,0,0,0,0,0,3548

Main.js:462 149.953,345.293,294,294,0.145,-0.308,0,0,51,0,0,0,0,1,0,0,224.19,254.008,1.522,-1.983,0,0,0,0,0,0,0,0,288.24,52.719,126,169.5,-0.775,0.474,-0.029,0.04,89,253.963,32.996,-2.357,-0.835,0,0,0,0,0,0,0,0,3566

Main.js:462 150.091,345.001,294,294,0.138,-0.292,0,0,50,0,0,0,0,1,0,0,225.712,252.025,1.522,-1.983,0,0,0,0,0,0,0,0,287.476,53.209,124.5,166.5,-0.764,0.49,-0.028,0.041,88,251.606,32.162,-2.357,-0.835,0,0,0,0,0,0,0,0,3583

Main.js:462 150.222,344.723,294,294,0.131,-0.278,0,0,49,0,0,0,0,1,0,0,227.234,250.041,1.522,-1.983,0,0,0,0,0,0,0,0,286.725,53.714,123,163.5,-0.751,0.505,-0.027,0.042,87,249.25,31.327,-2.357,-0.835,0,0,0,0,0,0,0,0,3600

Main.js:462 150.346,344.46,294,294,0.125,-0.264,0,0,48,0,0,0,0,0,0,0,228.756,248.058,1.522,-1.983,0,0,0,0,0,0,0,0,285.987,54.234,121.5,160.5,-0.739,0.52,-0.026,0.043,86,246.893,30.493,-2.357,-0.835,0,0,0,0,0,0,0,0,3617

Main.js:462 150.465,344.209,294,294,0.118,-0.25,0,0,47,0,0,0,0,0,0,0,230.278,246.074,1.522,-1.983,0,0,0,0,0,0,0,0,285.261,54.77,120,157.5,-0.725,0.535,-0.025,0.043,85,244.536,29.658,-2.357,-0.835,0,0,0,0,0,0,0,0,3633

Main.js:462 150.577,343.971,294,294,0.112,-0.238,0,0,46,0,0,0,0,0,0,0,231.799,244.091,1.522,-1.983,0,0,0,0,0,0,0,0,284.549,55.32,118.5,154.5,-0.712,0.55,-0.024,0.044,84,242.18,28.824,-2.357,-0.835,0,0,0,0,0,0,0,0,3651

Main.js:462 150.684,343.745,294,294,0.107,-0.226,0,0,45,0,0,0,0,0,0,0,233.321,242.108,1.522,-1.983,0,0,0,0,0,0,0,0,283.852,55.885,117,151.5,-0.698,0.565,-0.023,0.045,83,239.823,27.989,-2.357,-0.835,0,0,0,0,0,0,0,0,3666

Main.js:462 150.785,343.53,294,294,0.101,-0.215,0,0,44,0,0,0,0,0,0,0,234.843,240.124,1.522,-1.983,0,0,0,0,0,0,0,0,283.168,56.465,115.5,148.5,-0.683,0.58,-0.022,0.045,82,237.467,27.155,-2.357,-0.835,0,0,0,0,0,0,0,0,3682

Main.js:462 150.882,343.326,294,294,0.096,-0.204,0,0,43,0,0,0,0,1,0,0,236.365,238.141,1.522,-1.983,0,0,0,0,0,0,0,0,282.5,57.059,114,145.5,-0.668,0.594,-0.02,0.046,81,235.11,26.32,-2.357,-0.835,0,0,0,0,0,0,0,0,3699

Main.js:462 150.973,343.133,294,294,0.092,-0.194,0,0,42,0,0,0,0,1,0,0,237.887,236.157,1.522,-1.983,0,0,0,0,0,0,0,0,281.847,57.667,112.5,142.5,-0.653,0.608,-0.019,0.046,80,232.753,25.486,-2.357,-0.835,0,0,0,0,0,0,0,0,3717

Main.js:462 151.06,342.948,294,294,0.087,-0.184,0,0,41,0,0,0,0,1,0,0,239.409,234.174,1.522,-1.983,0,0,0,0,0,0,0,0,281.209,58.29,111,139.5,-0.638,0.622,-0.018,0.047,79,230.397,24.651,-2.357,-0.835,0,0,0,0,0,0,0,0,3733

Main.js:462 151.143,342.774,294,294,0.083,-0.175,0,0,40,0,0,0,0,1,0,0,240.931,232.191,1.522,-1.983,0,0,0,0,0,0,0,0,280.588,58.926,109.5,136.5,-0.622,0.636,-0.017,0.047,78,228.04,23.817,-2.357,-0.835,0,0,0,0,0,0,0,0,3751

Main.js:462 151.221,342.607,294,294,0.078,-0.166,0,0,39,0,0,0,0,1,0,0,242.453,230.207,1.522,-1.983,0,0,0,0,0,0,0,0,279.982,59.575,108,133.5,-0.605,0.649,-0.015,0.048,77,225.684,22.982,-2.357,-0.835,0,0,0,0,0,0,0,0,3766

Main.js:462 151.296,342.449,294,294,0.075,-0.158,0,0,38,0,0,0,0,0,0,0,243.975,228.224,1.522,-1.983,0,0,0,0,0,0,0,0,279.394,60.237,106.5,130.5,-0.588,0.662,-0.014,0.048,76,223.327,22.148,-2.357,-0.835,0,0,0,0,0,0,0,0,3782

Main.js:462 151.367,342.299,294,294,0.071,-0.15,0,0,37,0,0,0,0,0,0,0,245.497,226.241,1.522,-1.983,0,0,0,0,0,0,0,0,278.823,60.913,105,127.5,-0.571,0.675,-0.013,0.048,75,220.97,21.313,-2.357,-0.835,0,0,0,0,0,0,0,0,3800

Main.js:462 151.434,342.157,294,294,0.067,-0.142,0,0,36,0,0,0,0,0,0,0,247.018,224.257,1.522,-1.983,0,0,0,0,0,0,0,0,278.269,61.6,103.5,124.5,-0.554,0.688,-0.012,0.049,74,218.614,20.479,-2.357,-0.835,0,0,0,0,0,0,0,0,3817

Main.js:462 151.498,342.022,294,294,0.064,-0.135,0,0,35,0,0,0,0,0,0,0,248.54,222.274,1.522,-1.983,0,0,0,0,0,0,0,0,277.733,62.3,102,121.5,-0.536,0.7,-0.01,0.049,73,216.257,19.644,-2.357,-0.835,0,0,0,0,0,0,0,0,3833

Main.js:462 151.559,341.893,294,294,0.061,-0.129,0,0,34,0,0,0,0,0,0,0,250.062,220.29,1.522,-1.983,0,0,0,0,0,0,0,0,277.215,63.011,100.5,118.5,-0.518,0.711,-0.009,0.049,72,213.901,18.81,-2.357,-0.835,0,0,0,0,0,0,0,0,3849

Main.js:462 151.616,341.771,294,294,0.058,-0.122,0,0,33,0,0,0,0,1,0,0,251.584,218.307,1.522,-1.983,0,0,0,0,0,0,0,0,276.716,63.734,99,115.5,-0.499,0.723,-0.008,0.049,71,211.544,17.975,-2.357,-0.835,0,0,0,0,0,0,0,0,3867

Main.js:462 151.671,341.655,294,294,0.055,-0.116,0,0,32,0,0,0,0,1,0,0,253.106,216.324,1.522,-1.983,0,0,0,0,0,0,0,0,276.235,64.468,97.5,112.5,-0.481,0.734,-0.007,0.05,70,209.187,17.141,-2.357,-0.835,0,0,0,0,0,0,0,0,3883

Main.js:462 151.723,341.545,294,294,0.052,-0.11,0,0,31,0,0,0,0,1,0,0,254.628,214.34,1.522,-1.983,0,0,0,0,0,0,0,0,275.774,65.212,96,109.5,-0.462,0.744,-0.005,0.05,69,206.831,16.306,-2.357,-0.835,0,0,0,0,0,0,0,0,3899

Main.js:462 151.773,341.44,294,294,0.049,-0.105,0,0,30,0,0,0,0,1,0,0,256.15,212.357,1.522,-1.983,0,0,0,0,0,0,0,0,275.331,65.966,94.5,106.5,-0.442,0.754,-0.004,0.05,68,204.474,15.472,-2.357,-0.835,0,0,0,0,0,0,0,0,3916

Main.js:462 151.82,341.34,294,294,0.047,-0.099,0,0,29,0,0,0,0,1,0,0,257.672,210.373,1.522,-1.983,0,0,0,0,0,0,0,0,274.909,66.73,93,103.5,-0.423,0.764,-0.003,0.05,67,202.118,14.637,-2.357,-0.835,0,0,0,0,0,0,0,0,3934

Main.js:462 151.864,341.246,294,294,0.045,-0.095,0,0,28,0,0,0,0,1,0,0,259.194,208.39,1.522,-1.983,0,0,0,0,0,0,0,0,274.506,67.504,91.5,100.5,-0.403,0.773,-0.001,0.05,66,199.761,13.802,-2.357,-0.835,0,0,0,0,0,0,0,0,3948

Main.js:462 151.907,341.156,294,294,0.042,-0.09,0,0,27,0,0,0,0,0,0,0,260.716,206.407,1.522,-1.983,0,0,0,0,0,0,0,0,274.124,68.286,90,97.5,-0.383,0.782,0,0.05,65,197.404,12.968,-2.357,-0.835,0,0,0,0,0,0,0,0,3966

Main.js:462 151.966,341.027,294,294,0.06,-0.129,0.02,-0.046,26,0,0,1,0,0,0,0,262.238,204.423,1.522,-1.983,0,0,0,0,0,0,0,0,273.761,69.077,88.5,94.5,-0.362,0.791,0.001,0.05,64,195.048,12.133,-2.357,-0.835,0,0,0,0,0,0,0,0,3982

Main.js:462 152.042,340.862,294,294,0.076,-0.166,0.02,-0.046,25,0,0,1,0,0,0,0,263.759,202.44,1.522,-1.983,0,0,0,0,0,0,0,0,273.42,69.875,87,91.5,-0.342,0.798,0.003,0.05,63,192.691,11.299,-2.357,-0.835,0,0,0,0,0,0,0,0,4000

Main.js:462 152.134,340.661,294,294,0.091,-0.201,0.02,-0.046,24,0,0,1,0,0,0,0,265.281,200.457,1.522,-1.983,0,0,0,0,0,0,0,0,273.097,70.681,88.5,91.5,-0.323,0.806,0.001,0.05,62,190.334,10.464,-2.357,-0.835,0,0,0,0,0,0,0,0,4016

Main.js:462 152.24,340.427,294,294,0.106,-0.234,0.02,-0.046,23,0,0,1,0,0,0,0,266.803,198.473,1.522,-1.983,0,0,0,0,0,0,0,0,272.789,71.494,90,91.5,-0.307,0.813,0,0.05,61,187.978,9.63,-2.357,-0.835,0,0,0,0,0,0,0,0,4032

Main.js:462 152.36,340.161,294,294,0.12,-0.266,0.02,-0.046,22,0,0,1,0,1,0,0,268.325,196.49,1.522,-1.983,0,0,0,0,0,0,0,0,272.496,72.315,91.5,91.5,-0.293,0.82,-0.001,0.05,60,185.621,8.795,-2.357,-0.835,0,0,0,0,0,0,0,0,4051

Main.js:462 152.494,339.865,294,294,0.134,-0.296,0.02,-0.046,21,0,0,1,0,1,0,0,269.847,194.506,1.522,-1.983,0,0,0,0,0,0,0,0,272.216,73.141,93,91.5,-0.281,0.827,-0.003,0.05,59,183.265,7.961,-2.357,-0.835,0,0,0,0,0,0,0,0,4066

Main.js:462 152.64,339.541,294,294,0.146,-0.325,0.02,-0.046,20,0,0,1,0,1,0,0,271.369,192.523,1.522,-1.983,0,0,0,0,0,0,0,0,271.945,73.974,94.5,91.5,-0.271,0.833,-0.004,0.05,58,180.908,7.126,-2.357,-0.835,0,0,0,0,0,0,0,0,4084

Main.js:462 152.798,339.189,294,294,0.158,-0.352,0.02,-0.046,19,0,0,1,0,1,0,0,272.891,190.54,1.522,-1.983,0,0,0,0,0,0,0,0,271.683,74.812,96,91.5,-0.262,0.838,-0.005,0.05,57,178.551,6.292,-2.357,-0.835,0,0,0,0,0,0,0,0,4100

Main.js:462 152.968,338.811,294,294,0.17,-0.377,0.02,-0.046,18,0,0,1,0,1,0,0,274.413,188.556,1.522,-1.983,0,0,0,0,0,0,0,0,271.428,75.655,97.5,91.5,-0.255,0.843,-0.007,0.05,56,176.195,5.457,-2.357,-0.835,0,0,0,0,0,0,0,0,4115

Main.js:462 153.148,338.409,294,294,0.18,-0.402,0.02,-0.046,17,0,0,1,0,1,0,0,275.935,186.573,1.522,-1.983,0,0,0,0,0,0,0,0,271.178,76.503,99,91.5,-0.25,0.848,-0.008,0.049,55,173.838,4.623,-2.357,-0.835,0,0,0,0,0,0,0,0,4133

Main.js:462 153.339,337.984,294,294,0.191,-0.425,0.02,-0.046,16,0,0,1,0,0,0,0,277.457,184.589,1.522,-1.983,0,0,0,0,0,0,0,0,270.933,77.356,100.5,91.5,-0.246,0.852,-0.009,0.049,54,171.482,3.788,-2.357,-0.835,0,0,0,0,0,0,0,0,4150

Main.js:462 153.539,337.537,294,294,0.201,-0.447,0.02,-0.046,15,0,0,1,0,0,0,0,278.978,182.606,1.522,-1.983,0,0,0,0,0,0,0,0,270.689,78.212,102,91.5,-0.243,0.856,-0.01,0.049,53,169.125,2.954,-2.357,-0.835,0,0,0,0,0,0,0,0,4166

Main.js:462 153.749,337.068,294,294,0.21,-0.468,0.02,-0.046,14,0,0,1,0,0,0,0,280.5,180.623,1.522,-1.983,0,0,0,0,0,0,0,0,270.447,79.071,103.5,91.5,-0.242,0.86,-0.012,0.049,52,166.768,2.119,-2.357,-0.835,0,0,0,0,0,0,0,0,4183

Main.js:462 153.968,336.58,294,294,0.219,-0.488,0.02,-0.046,13,0,0,1,0,0,0,0,282.022,178.639,1.522,-1.983,0,0,0,0,0,0,0,0,270.204,79.934,105,91.5,-0.243,0.863,-0.013,0.048,51,164.412,1.285,-2.357,-0.835,0,0,0,0,0,0,0,0,4199

Main.js:462 154.195,336.072,294,294,0.227,-0.507,0.02,-0.046,12,0,0,1,0,0,0,0,283.544,176.656,1.522,-1.983,0,0,0,0,0,0,0,0,269.96,80.799,106.5,91.5,-0.244,0.865,-0.014,0.048,50,162.055,0.45,-2.357,-0.835,0,0,0,0,0,0,0,0,4216

Main.js:462 154.43,335.547,294,294,0.235,-0.525,0.02,-0.046,11,0,0,1,0,1,0,0,285.066,174.673,1.522,-1.983,0,0,0,0,0,0,0,0,269.714,81.666,108,91.5,-0.246,0.867,-0.015,0.048,49,0,0,0,0,0,0,0,0,0,0,0,0,4233

Main.js:462 154.673,335.004,294,294,0.243,-0.543,0.02,-0.046,10,0,0,1,0,1,0,0,286.588,172.689,1.522,-1.983,0,0,0,0,0,0,0,0,269.464,82.534,109.5,91.5,-0.25,0.868,-0.017,0.047,48,0,0,0,0,0,0,0,0,0,0,0,0,4251

Main.js:462 154.922,334.446,294,294,0.25,-0.559,0.02,-0.046,9,0,0,1,0,1,0,0,288.11,170.706,1.522,-1.983,0,0,0,0,0,0,0,0,269.209,83.403,111,91.5,-0.254,0.869,-0.018,0.047,47,0,0,0,0,0,0,0,0,0,0,0,0,4266

Main.js:462 155.179,333.871,294,294,0.257,-0.574,0.02,-0.046,8,0,0,1,0,1,0,0,289.632,168.722,1.522,-1.983,0,0,0,0,0,0,0,0,268.949,84.273,112.5,91.5,-0.26,0.87,-0.019,0.046,46,0,0,0,0,0,0,0,0,0,0,0,0,4283

Main.js:462 155.423,333.326,294,294,0.244,-0.546,0,0,7,0,0,0,0,1,0,0,291.154,166.739,1.522,-1.983,0,0,0,0,0,0,0,0,268.683,85.142,114,91.5,-0.266,0.87,-0.02,0.046,45,0,0,0,0,0,0,0,0,0,0,0,0,4300

Main.js:462 155.654,332.808,294,294,0.232,-0.518,0,0,6,0,0,0,0,0,0,0,292.676,164.756,1.522,-1.983,0,0,0,0,0,0,0,0,268.41,86.011,115.5,91.5,-0.273,0.869,-0.022,0.045,44,0,0,0,0,0,0,0,0,0,0,0,0,4316

Main.js:462 155.874,332.315,294,294,0.22,-0.492,0,0,5,0,0,0,0,0,0,0,294.197,162.772,1.522,-1.983,0,0,0,0,0,0,0,0,268.128,86.879,117,91.5,-0.281,0.868,-0.023,0.045,43,0,0,0,0,0,0,0,0,0,0,0,0,4332

Main.js:462 156.083,331.847,294,294,0.209,-0.468,0,0,4,0,0,0,0,0,0,0,295.719,160.789,1.522,-1.983,0,0,0,0,0,0,0,0,267.839,87.745,118.5,91.5,-0.29,0.866,-0.024,0.044,42,0,0,0,0,0,0,0,0,0,0,0,0,4350

Main.js:462 156.282,331.403,294,294,0.199,-0.444,0,0,3,0,0,0,0,0,0,0,297.241,158.805,1.522,-1.983,0,0,0,0,0,0,0,0,267.539,88.609,120,91.5,-0.299,0.864,-0.025,0.043,41,0,0,0,0,0,0,0,0,0,0,0,0,4367

Main.js:462 156.47,330.981,294,294,0.189,-0.422,0,0,2,0,0,0,0,0,0,0,298.763,156.822,1.522,-1.983,0,0,0,0,0,0,0,0,267.23,89.471,121.5,91.5,-0.309,0.861,-0.026,0.043,40,0,0,0,0,0,0,0,0,0,0,0,0,4384

Main.js:462 156.65,330.58,294,294,0.179,-0.401,0,0,1,0,0,0,0,0,0,0,300.285,154.839,1.522,-1.983,0,0,0,0,0,0,0,0,266.911,90.329,123,91.5,-0.319,0.858,-0.027,0.042,39,0,0,0,0,0,0,0,0,0,0,0,0,4400

Main.js:462 156.82,330.199,294,294,0.17,-0.381,0,0,0,0,0,0,0,1,0,0,301.807,152.855,1.522,-1.983,0,0,0,0,0,0,0,0,266.581,91.183,124.5,91.5,-0.33,0.854,-0.028,0.041,38,0,0,0,0,0,0,0,0,0,0,0,0,4417

Main.js:462 156.982,329.837,294,294,0.162,-0.362,0,0,99,0,0,0,0,1,0,0,303.329,150.872,1.522,-1.983,0,0,0,0,0,0,0,0,266.239,92.033,126,91.5,-0.342,0.85,-0.029,0.04,37,0,0,0,0,0,0,0,0,0,0,0,0,4434

Main.js:462 157.135,329.493,294,294,0.154,-0.344,0,0,98,0,0,0,0,1,0,0,304.851,148.889,1.522,-1.983,166.378,308.731,1.017,-2.284,0,0,0,0,265.885,92.878,127.5,91.5,-0.354,0.845,-0.03,0.04,36,0,0,0,0,0,0,0,0,0,0,0,0,4449

Main.js:462 157.281,329.167,294,294,0.146,-0.327,0,0,97,0,0,0,0,1,0,0,306.373,146.905,1.522,-1.983,167.395,306.447,1.017,-2.284,0,0,0,0,265.52,93.718,129,91.5,-0.366,0.84,-0.031,0.039,35,0,0,0,0,0,0,0,0,0,0,0,0,4465

Main.js:462 157.42,328.856,294,294,0.139,-0.31,0,0,96,0,0,0,0,1,0,0,307.895,144.922,1.522,-1.983,168.412,304.163,1.017,-2.284,0,0,0,0,265.141,94.552,130.5,91.5,-0.378,0.834,-0.032,0.038,34,0,0,0,0,0,0,0,0,0,0,0,0,4483

Main.js:462 157.551,328.561,294,294,0.132,-0.295,0,0,95,0,0,0,0,0,0,0,309.417,142.938,1.522,-1.983,169.429,301.879,1.017,-2.284,0,0,0,0,264.75,95.38,132,91.5,-0.391,0.828,-0.033,0.037,33,0,0,0,0,0,0,0,0,0,0,0,0,4500

Main.js:462 157.677,328.281,294,294,0.125,-0.28,0,0,94,0,0,0,0,0,0,0,310.938,140.955,1.522,-1.983,170.445,299.595,1.017,-2.284,0,0,0,0,264.347,96.201,132,90,-0.403,0.822,-0.033,0.037,32,0,0,0,0,0,0,0,0,0,0,0,0,4517

Main.js:462 157.795,328.015,294,294,0.119,-0.266,0,0,93,0,0,0,0,0,0,0,312.46,138.972,1.522,-1.983,171.462,297.311,1.017,-2.284,0,0,0,0,263.931,97.017,132,88.5,-0.415,0.816,-0.033,0.037,31,0,0,0,0,0,0,0,0,0,0,0,0,4533

Main.js:462 157.908,327.763,294,294,0.113,-0.253,0,0,92,0,0,0,0,0,0,0,313.982,136.988,1.522,-1.983,172.479,295.027,1.017,-2.284,0,0,0,0,263.505,97.827,132,87,-0.426,0.81,-0.033,0.037,30,0,0,0,0,0,0,0,0,0,0,0,0,4549

Main.js:462 158.016,327.522,294,294,0.107,-0.24,0,0,91,0,0,0,0,0,0,0,315.504,135.005,1.522,-1.983,173.496,292.744,1.017,-2.284,0,0,0,0,263.069,98.632,132,85.5,-0.437,0.805,-0.033,0.037,29,0,0,0,0,0,0,0,0,0,0,0,0,4566

Main.js:462 158.118,327.294,294,294,0.102,-0.228,0,0,90,0,0,0,0,1,0,0,317.026,133.022,1.522,-1.983,174.513,290.46,1.017,-2.284,0,0,0,0,262.622,99.432,132,84,-0.447,0.8,-0.033,0.037,28,0,0,0,0,0,0,0,0,0,0,0,0,4583

Main.js:462 158.234,327.034,294,294,0.116,-0.26,0.02,-0.046,89,0,0,1,0,1,0,0,318.548,131.038,1.522,-1.983,175.53,288.176,1.017,-2.284,0,0,0,0,262.166,100.228,132,82.5,-0.456,0.795,-0.033,0.037,27,0,0,0,0,0,0,0,0,0,0,0,0,4600

Main.js:462 158.363,326.744,294,294,0.13,-0.29,0.02,-0.046,88,0,0,1,0,1,0,0,320.07,129.055,1.522,-1.983,176.547,285.892,1.017,-2.284,0,0,0,0,261.701,101.018,132,81,-0.465,0.791,-0.033,0.037,26,0,0,0,0,0,0,0,0,0,0,0,0,4616

Main.js:462 158.506,326.424,294,294,0.142,-0.319,0.02,-0.046,87,0,0,1,0,1,0,0,321.592,127.071,1.522,-1.983,177.563,283.608,1.017,-2.284,0,0,0,0,261.228,101.805,132,79.5,-0.473,0.787,-0.033,0.037,25,0,0,0,0,0,0,0,0,0,0,0,0,4633

Main.js:462 158.661,326.078,294,294,0.155,-0.347,0.02,-0.046,86,0,0,1,0,1,0,0,323.114,125.088,1.522,-1.983,178.58,281.324,1.017,-2.284,0,0,0,0,260.746,102.588,132,78,-0.482,0.783,-0.033,0.037,24,0,0,0,0,0,0,0,0,0,0,0,0,4650

Main.js:462 158.827,325.705,294,294,0.166,-0.373,0.02,-0.046,85,0,0,1,0,1,0,0,324.636,123.105,1.522,-1.983,179.597,279.04,1.017,-2.284,0,0,0,0,260.257,103.367,132,76.5,-0.489,0.779,-0.033,0.037,23,0,0,0,0,0,0,0,0,0,0,0,0,4666

Main.js:462 159.004,325.307,294,294,0.177,-0.398,0.02,-0.046,84,0,0,1,0,0,0,0,326.157,121.121,1.522,-1.983,180.614,276.757,1.017,-2.284,0,0,0,0,259.76,104.142,132,75,-0.497,0.775,-0.033,0.037,22,0,0,0,0,0,0,0,0,0,0,0,0,4682

Main.js:462 159.191,324.886,292.5,292.5,0.187,-0.422,0.019,-0.046,83,1,0,1,0,0,0,0,327.679,119.138,1.522,-1.983,181.631,274.473,1.017,-2.284,0,0,0,0,259.257,104.913,132,73.5,-0.504,0.772,-0.033,0.037,21,0,0,0,0,0,0,0,0,0,0,0,0,4700

Main.js:462 159.385,324.441,291,291,0.194,-0.445,0.018,-0.047,82,1,0,1,0,0,0,0,329.201,117.154,1.522,-1.983,182.648,272.189,1.017,-2.284,0,0,0,0,258.747,105.682,132,72,-0.51,0.768,-0.033,0.037,20,0,0,0,0,0,0,0,0,0,0,0,0,4715

Main.js:462 159.586,323.973,289.5,289.5,0.2,-0.467,0.017,-0.047,81,1,0,1,0,0,0,0,330.723,115.171,1.522,-1.983,183.664,269.905,1.017,-2.284,0,0,0,0,258.23,106.447,132,70.5,-0.516,0.765,-0.033,0.037,19,0,0,0,0,0,0,0,0,0,0,0,0,4734

Main.js:462 159.792,323.485,289.5,289.5,0.206,-0.489,0.017,-0.047,80,0,0,1,0,0,0,0,332.245,113.188,1.522,-1.983,184.681,267.621,1.017,-2.284,0,0,0,0,257.708,107.209,132,69,-0.522,0.762,-0.033,0.037,18,0,0,0,0,0,0,0,0,0,0,0,0,4750

Main.js:462 160.004,322.975,289.5,289.5,0.212,-0.509,0.017,-0.047,79,0,0,1,0,0,0,0,333.767,111.204,1.522,-1.983,185.698,265.337,1.017,-2.284,0,0,0,0,257.18,107.969,132,67.5,-0.528,0.76,-0.033,0.037,17,0,0,0,0,0,0,0,0,0,0,0,0,4766

Main.js:462 160.221,322.447,289.5,289.5,0.217,-0.528,0.017,-0.047,78,0,0,1,0,1,0,0,335.289,109.221,1.522,-1.983,186.715,263.053,1.017,-2.284,0,0,0,0,256.646,108.726,132,66,-0.533,0.757,-0.033,0.037,16,0,0,0,0,0,0,0,0,0,0,0,0,4783

Main.js:462 160.443,321.9,289.5,289.5,0.222,-0.547,0.017,-0.047,77,0,0,1,0,1,0,0,336.811,107.238,1.522,-1.983,187.732,260.769,1.017,-2.284,0,0,0,0,256.108,109.48,132,64.5,-0.539,0.754,-0.033,0.037,15,0,0,0,0,0,0,0,0,0,0,0,0,4799

Main.js:462 160.67,321.336,289.5,289.5,0.227,-0.564,0.017,-0.047,76,0,0,1,0,1,0,0,338.333,105.254,1.522,-1.983,188.749,258.486,1.017,-2.284,0,0,0,0,255.564,110.232,132,63,-0.543,0.752,-0.033,0.037,14,0,0,0,0,0,0,0,0,0,0,0,0,4816

Main.js:462 160.885,320.8,289.5,289.5,0.215,-0.536,0,0,75,0,0,0,0,1,0,0,339.855,103.271,1.522,-1.983,189.765,256.202,1.017,-2.284,0,0,0,0,255.016,110.982,132,61.5,-0.548,0.75,-0.033,0.037,13,0,0,0,0,0,0,0,0,0,0,0,0,4834

Main.js:462 161.09,320.291,289.5,289.5,0.205,-0.509,0,0,74,0,0,0,0,1,0,0,341.377,101.287,1.522,-1.983,190.782,253.918,1.017,-2.284,0,0,0,0,254.464,111.729,132,60,-0.552,0.747,-0.033,0.037,12,0,0,0,0,0,0,0,0,0,0,0,0,4849

Main.js:462 161.284,319.807,289.5,289.5,0.194,-0.484,0,0,73,0,0,0,0,1,0,0,342.898,99.304,1.522,-1.983,191.799,251.634,1.017,-2.284,0,0,0,0,253.907,112.474,132,58.5,-0.557,0.745,-0.033,0.037,11,0,0,0,0,0,0,0,0,0,0,0,0,4866

Main.js:462 161.469,319.347,289.5,289.5,0.185,-0.46,0,0,72,0,0,0,0,0,0,0,344.42,97.321,1.522,-1.983,192.816,249.35,1.017,-2.284,0,0,0,0,253.346,113.218,132,57,-0.561,0.743,-0.033,0.037,10,0,0,0,0,0,0,0,0,0,0,0,0,4884

Main.js:462 161.645,318.911,289.5,289.5,0.176,-0.437,0,0,71,0,0,0,0,0,0,0,345.942,95.337,1.522,-1.983,193.833,247.066,1.017,-2.284,0,0,0,0,252.782,113.959,132,55.5,-0.564,0.741,-0.033,0.037,9,0,0,0,0,0,0,0,0,0,0,0,0,4899

Main.js:462 161.811,318.496,289.5,289.5,0.167,-0.415,0,0,70,0,0,0,0,0,0,0,347.464,93.354,1.522,-1.983,194.85,244.782,1.017,-2.284,0,0,0,0,252.214,114.699,132,54,-0.568,0.74,-0.033,0.037,8,0,0,0,0,0,0,0,0,0,0,0,0,4916

Main.js:462 161.97,318.102,289.5,289.5,0.158,-0.394,0,0,69,0,0,0,0,0,0,0,348.986,91.37,1.522,-1.983,195.867,242.499,1.017,-2.284,0,0,0,0,251.643,115.437,132,52.5,-0.571,0.738,-0.033,0.037,7,0,0,0,0,0,0,0,0,0,0,0,0,4932

Main.js:462 162.12,317.728,289.5,289.5,0.15,-0.374,0,0,68,0,0,0,0,0,0,0,350.508,89.387,1.522,-1.983,196.883,240.215,1.017,-2.284,0,0,0,0,251.069,116.173,132,51,-0.574,0.736,-0.033,0.037,6,0,0,0,0,0,0,0,0,0,0,0,0,4950

Main.js:462 162.263,317.372,289.5,289.5,0.143,-0.356,0,0,67,0,0,0,0,0,0,0,352.03,87.404,1.522,-1.983,197.9,237.931,1.017,-2.284,0,0,0,0,250.491,116.908,132,49.5,-0.578,0.735,-0.033,0.037,5,0,0,0,0,0,0,0,0,0,0,0,0,4967

Main.js:462 162.399,317.034,289.5,289.5,0.136,-0.338,0,0,66,0,0,0,0,1,0,0,353.552,85.42,1.522,-1.983,198.917,235.647,1.017,-2.284,0,0,0,0,249.911,117.642,132,48,-0.58,0.733,-0.033,0.037,4,0,0,0,0,0,0,0,0,0,0,0,0,4983

Main.js:462 162.528,316.713,289.5,289.5,0.129,-0.321,0,0,65,0,0,0,0,1,0,0,355.074,83.437,1.522,-1.983,199.934,233.363,1.017,-2.284,0,0,0,0,249.327,118.374,132,46.5,-0.583,0.732,-0.033,0.037,3,0,0,0,0,0,0,0,0,0,0,0,0,5000

Main.js:462 162.65,316.408,289.5,289.5,0.123,-0.305,0,0,64,0,0,0,0,1,0,0,356.596,81.454,1.522,-1.983,200.951,231.079,1.017,-2.284,0,0,0,0,248.742,119.105,132,45,-0.586,0.731,-0.033,0.037,2,0,0,0,0,0,0,0,0,0,0,0,0,5016

Main.js:462 162.767,316.119,289.5,289.5,0.116,-0.29,0,0,63,0,0,0,0,1,0,0,358.117,79.47,1.522,-1.983,201.968,228.795,1.017,-2.284,0,0,0,0,248.154,119.835,130.5,42,-0.587,0.73,-0.032,0.038,1,0,0,0,0,0,0,0,0,0,0,0,0,5032

Main.js:462 162.878,315.844,289.5,289.5,0.111,-0.275,0,0,62,0,0,0,0,1,0,0,359.639,77.487,1.522,-1.983,202.984,226.512,1.017,-2.284,0,0,0,0,247.566,120.566,129,39,-0.588,0.731,-0.031,0.039,0,0,0,0,0,0,0,0,0,0,0,0,0,5050

Main.js:462 162.983,315.582,289.5,289.5,0.105,-0.261,0,0,61,0,0,0,0,1,0,0,361.161,75.503,1.522,-1.983,204.001,224.228,1.017,-2.284,0,0,0,0,246.979,121.298,127.5,36,-0.587,0.732,-0.03,0.04,99,0,0,0,0,0,0,0,0,0,0,0,0,5067

Main.js:462 163.082,315.334,289.5,289.5,0.1,-0.248,0,0,60,0,0,0,0,0,0,0,362.683,73.52,1.522,-1.983,205.018,221.944,1.017,-2.284,0,0,0,0,246.393,122.031,126,33,-0.586,0.734,-0.029,0.04,98,266.578,134.379,2.023,1.469,0,0,0,0,0,0,0,0,5084

Main.js:462 163.177,315.098,289.5,289.5,0.095,-0.236,0,0,59,0,0,0,0,0,0,0,364.205,71.537,1.522,-1.983,206.035,219.66,1.017,-2.284,0,0,0,0,245.809,122.768,124.5,30,-0.584,0.736,-0.028,0.041,97,268.601,135.848,2.023,1.469,0,0,0,0,0,0,0,0,5099

Main.js:462 163.267,314.874,289.5,289.5,0.09,-0.224,0,0,58,0,0,0,0,0,0,0,365.727,69.553,1.522,-1.983,207.052,217.376,1.017,-2.284,0,0,0,0,245.229,123.507,123,27,-0.58,0.739,-0.027,0.042,96,270.623,137.318,2.023,1.469,0,0,0,0,0,0,0,0,5116

Main.js:462 163.353,314.661,289.5,289.5,0.086,-0.213,0,0,57,0,0,0,0,0,0,0,367.249,67.57,1.522,-1.983,208.069,215.092,1.017,-2.284,0,0,0,0,244.653,124.249,121.5,24,-0.576,0.743,-0.026,0.043,95,272.646,138.787,2.023,1.469,0,0,0,0,0,0,0,0,5132

Main.js:462 163.434,314.459,289.5,289.5,0.081,-0.202,0,0,56,0,0,0,0,0,0,0,368.771,65.586,1.522,-1.983,209.085,212.808,1.017,-2.284,0,0,0,0,244.082,124.996,120,21,-0.571,0.747,-0.025,0.043,94,274.668,140.256,2.023,1.469,0,0,0,0,0,0,0,0,5149

Main.js:462 163.512,314.267,289.5,289.5,0.077,-0.192,0,0,55,0,0,0,0,1,0,0,370.293,63.603,1.522,-1.983,210.102,210.524,1.017,-2.284,0,0,0,0,243.517,125.747,118.5,18,-0.565,0.751,-0.024,0.044,93,276.691,141.726,2.023,1.469,0,0,0,0,0,0,0,0,5166

Main.js:462 163.585,314.084,289.5,289.5,0.073,-0.183,0,0,54,0,0,0,0,1,0,0,371.815,61.62,1.522,-1.983,211.119,208.241,1.017,-2.284,0,0,0,0,242.958,126.503,117,15,-0.558,0.756,-0.023,0.045,92,278.713,143.195,2.023,1.469,0,0,0,0,0,0,0,0,5183

Main.js:462 163.655,313.911,289.5,289.5,0.07,-0.173,0,0,53,0,0,0,0,1,0,0,373.336,59.636,1.522,-1.983,212.136,205.957,1.017,-2.284,0,0,0,0,242.407,127.264,115.5,12,-0.551,0.761,-0.022,0.045,91,280.736,144.665,2.023,1.469,0,0,0,0,0,0,0,0,5200

Main.js:462 163.721,313.746,289.5,289.5,0.066,-0.165,0,0,52,0,0,0,0,1,0,0,374.858,57.653,1.522,-1.983,213.153,203.673,1.017,-2.284,0,0,0,0,241.865,128.031,114,9,-0.543,0.766,-0.02,0.046,90,282.759,146.134,2.023,1.469,0,0,0,0,0,0,0,0,5216

Main.js:462 163.784,313.589,289.5,289.5,0.063,-0.157,0,0,51,0,0,0,0,1,0,0,376.38,55.67,1.522,-1.983,214.17,201.389,1.017,-2.284,0,0,0,0,241.331,128.803,112.5,6,-0.534,0.772,-0.019,0.046,89,284.781,147.604,2.023,1.469,0,0,0,0,0,0,0,0,5233

Main.js:462 163.844,313.441,289.5,289.5,0.06,-0.149,0,0,50,0,0,0,0,1,0,0,377.902,53.686,1.522,-1.983,215.187,199.105,1.017,-2.284,0,0,0,0,240.807,129.58,111,3,-0.524,0.778,-0.018,0.047,88,286.804,149.073,2.023,1.469,0,0,0,0,0,0,0,0,5249

Main.js:462 163.9,313.299,289.5,289.5,0.057,-0.141,0,0,49,0,0,0,0,0,0,0,379.424,51.703,1.522,-1.983,216.203,196.821,1.017,-2.284,0,0,0,0,240.293,130.364,109.5,0,-0.514,0.784,-0.017,0.047,87,288.826,150.543,2.023,1.469,0,0,0,0,0,0,0,0,5266

Main.js:462 163.954,313.165,289.5,289.5,0.054,-0.134,0,0,48,0,0,0,0,0,0,0,380.946,49.719,1.522,-1.983,217.22,194.537,1.017,-2.284,0,0,0,0,239.79,131.153,108,-3,-0.503,0.79,-0.015,0.048,86,290.849,152.012,2.023,1.469,0,0,0,0,0,0,0,0,5283

Main.js:462 164.006,313.038,289.5,289.5,0.051,-0.127,0,0,47,0,0,0,0,0,0,0,382.468,47.736,1.522,-1.983,218.237,192.254,1.017,-2.284,0,0,0,0,239.299,131.949,106.5,-6,-0.491,0.796,-0.014,0.048,85,292.871,153.482,2.023,1.469,0,0,0,0,0,0,0,0,5299

Main.js:462 164.054,312.917,289.5,289.5,0.049,-0.121,0,0,46,0,0,0,0,0,0,0,383.99,45.753,1.522,-1.983,219.254,189.97,1.017,-2.284,0,0,0,0,238.82,132.751,105,-9,-0.479,0.802,-0.013,0.048,84,294.894,154.951,2.023,1.469,0,0,0,0,0,0,0,0,5317

Main.js:462 164.101,312.802,289.5,289.5,0.046,-0.115,0,0,45,0,0,0,0,0,0,0,385.512,43.769,1.522,-1.983,220.271,187.686,1.017,-2.284,0,0,0,0,238.354,133.559,103.5,-12,-0.466,0.808,-0.012,0.049,83,296.916,156.421,2.023,1.469,0,0,0,0,0,0,0,0,5333

Main.js:462 164.144,312.692,289.5,289.5,0.044,-0.109,0,0,44,0,0,0,0,0,0,0,387.034,41.786,1.522,-1.983,221.288,185.402,1.017,-2.284,0,0,0,0,237.902,134.372,102,-15,-0.453,0.814,-0.01,0.049,82,298.939,157.89,2.023,1.469,0,0,0,0,0,0,0,0,5350

Main.js:462 164.186,312.588,289.5,289.5,0.042,-0.104,0,0,43,0,0,0,0,0,0,0,388.556,39.802,1.522,-1.983,222.304,183.118,1.017,-2.284,0,0,0,0,237.463,135.192,100.5,-18,-0.439,0.82,-0.009,0.049,81,300.961,159.359,2.023,1.469,0,0,0,0,0,0,0,0,5366

Main.js:462 164.226,312.49,289.5,289.5,0.04,-0.099,0,0,42,0,0,0,0,0,0,0,390.077,37.819,1.522,-1.983,223.321,180.834,1.017,-2.284,0,0,0,0,237.039,136.018,99,-21,-0.424,0.826,-0.008,0.049,80,302.984,160.829,2.023,1.469,0,0,0,0,0,0,0,0,5384

Main.js:462 164.264,312.396,289.5,289.5,0.038,-0.094,0,0,41,0,0,0,0,0,0,0,391.599,35.836,1.522,-1.983,224.338,178.55,1.017,-2.284,0,0,0,0,236.63,136.85,97.5,-24,-0.409,0.832,-0.007,0.05,79,305.006,162.298,2.023,1.469,0,0,0,0,0,0,0,0,5399

Main.js:462 164.299,312.307,289.5,289.5,0.036,-0.089,0,0,40,0,0,0,0,0,0,0,393.121,33.852,1.522,-1.983,225.355,176.267,1.017,-2.284,0,0,0,0,236.236,137.687,96,-27,-0.394,0.837,-0.005,0.05,78,307.029,163.768,2.023,1.469,0,0,0,0,0,0,0,0,5416

Main.js:462 164.333,312.222,289.5,289.5,0.034,-0.085,0,0,39,0,0,0,0,0,0,0,394.643,31.869,1.522,-1.983,226.372,173.983,1.017,-2.284,0,0,0,0,235.859,138.53,94.5,-30,-0.378,0.843,-0.004,0.05,77,309.052,165.237,2.023,1.469,0,0,0,0,0,0,0,0,5432

Main.js:462 164.366,312.142,289.5,289.5,0.032,-0.08,0,0,38,0,0,0,0,0,0,0,396.165,29.886,1.522,-1.983,227.389,171.699,1.017,-2.284,0,0,0,0,235.497,139.378,93,-33,-0.361,0.848,-0.003,0.05,76,311.074,166.707,2.023,1.469,0,0,0,0,0,0,0,0,5449

Main.js:462 164.396,312.066,289.5,289.5,0.031,-0.076,0,0,37,0,0,0,0,0,0,0,397.687,27.902,1.522,-1.983,228.405,169.415,1.017,-2.284,0,0,0,0,235.153,140.231,91.5,-36,-0.344,0.853,-0.001,0.05,75,313.097,168.176,2.023,1.469,0,0,0,0,0,0,0,0,5466

Main.js:462 164.425,311.993,289.5,289.5,0.029,-0.073,0,0,36,0,0,0,0,0,0,0,399.209,25.919,1.522,-1.983,229.422,167.131,1.017,-2.284,0,0,0,0,234.826,141.089,90,-39,-0.327,0.858,0,0.05,74,315.119,169.646,2.023,1.469,0,0,0,0,0,0,0,0,5483

Main.js:462 164.453,311.924,289.5,289.5,0.028,-0.069,0,0,35,0,0,0,0,0,0,0,400.731,23.935,1.522,-1.983,230.439,164.847,1.017,-2.284,0,0,0,0,234.516,141.952,88.5,-42,-0.31,0.863,0.001,0.05,73,317.142,171.115,2.023,1.469,0,0,0,0,0,0,0,0,5499

Main.js:462 164.479,311.859,289.5,289.5,0.026,-0.065,0,0,34,0,0,0,0,0,0,0,402.253,21.952,1.522,-1.983,231.456,162.563,1.017,-2.284,0,0,0,0,234.224,142.819,87,-45,-0.292,0.867,0.003,0.05,72,319.164,172.585,2.023,1.469,0,0,0,0,0,0,0,0,5517

Main.js:462 164.504,311.797,289.5,289.5,0.025,-0.062,0,0,33,0,0,0,0,0,0,0,403.775,19.969,1.522,-1.983,232.473,160.279,1.017,-2.284,0,0,0,0,233.951,143.689,85.5,-48,-0.273,0.871,0.004,0.05,71,321.187,174.054,2.023,1.469,0,0,0,0,0,0,0,0,5534

Main.js:462 164.528,311.738,289.5,289.5,0.024,-0.059,0,0,32,0,0,0,0,0,0,0,403.775,19.969,1.522,-1.983,232.473,160.279,1.017,-2.284,0,0,0,0,233.696,144.564,84,-51,-0.255,0.875,0.005,0.05,70,323.209,175.524,2.023,1.469,0,0,0,0,0,0,0,0,5550

