Main.js:143 myTank.x,myTank.y,myTank.rotation,myTank.cannonRotation,myTank.velocityX,myTank.velocityY,myTank.accelerationX,myTank.accelerationY,myTank.shootCooldown,myTank.controls.turnLeft,myTank.controls.turnRight,myTank.controls.goForward,myTank.controls.goBack,myTank.controls.shoot,myTank.controls.cannonLeft,myTank.controls.cannonRight,myBullet1.x,myBullet1.y,myBullet1.velocityX,myBullet1.velocityY,myBullet2.x,myBullet2.y,myBullet2.velocityX,myBullet2.velocityY,myBullet3.x,myBullet3.y,myBullet3.velocityX,myBullet3.velocityY,enemyTank.x,enemyTank.y,enemyTank.rotation,enemyTank.cannonRotation,enemyTank.velocityX,enemyTank.velocityY,enemyTank.accelerationX,enemyTank.accelerationY,enemyTank.shootCooldown,enemyBullet1.x,enemyBullet1.y,enemyBullet1.velocityX,enemyBullet1.velocityY,enemyBullet2.x,enemyBullet2.y,enemyBullet2.velocityX,enemyBullet2.velocityY,enemyBullet3.x,enemyBullet3.y,enemyBullet3.velocityX,enemyBullet3.velocityY,currentGameTime
Main.js:462 50,362,0,0,0,0,0,0,0,0,0,0,0,0,0,0,0,0,0,0,0,0,0,0,0,0,0,0,450,138,180,180,0,0,0,0,0,0,0,0,0,0,0,0,0,0,0,0,0,6

Main.js:462 50,362,0,0,0,0,0,0,0,0,0,0,0,0,0,0,0,0,0,0,0,0,0,0,0,0,0,0,450,138,180,180,0,0,0,0,0,0,0,0,0,0,0,0,0,0,0,0,0,22

Main.js:462 50,362,0,0,0,0,0,0,0,0,0,0,0,0,0,0,0,0,0,0,0,0,0,0,0,0,0,0,450,138,180,180,0,0,0,0,0,0,0,0,0,0,0,0,0,0,0,0,0,39

Main.js:462 50,362,0,0,0,0,0,0,0,0,0,0,0,0,0,0,0,0,0,0,0,0,0,0,0,0,0,0,449.953,137.999,181.5,180,-0.047,-0.001,-0.05,-0.001,99,0,0,0,0,0,0,0,0,0,0,0,0,56

Main.js:462 50,362,0,0,0,0,0,0,0,0,0,0,0,0,0,0,0,0,0,0,0,0,0,0,0,0,0,0,449.86,137.995,183,180,-0.093,-0.004,-0.05,-0.003,98,426.5,138,-2.5,0,0,0,0,0,0,0,0,0,71

Main.js:462 50,362,0,0,0,0,0,0,0,0,0,0,0,0,0,0,0,0,0,0,0,0,0,0,0,0,0,0,449.725,137.988,184.5,180,-0.135,-0.007,-0.05,-0.004,97,424,138,-2.5,0,0,0,0,0,0,0,0,0,88

Main.js:462 50,362,0,0,0,0,0,0,0,0,0,0,0,0,0,0,0,0,0,0,0,0,0,0,0,0,0,0,449.549,137.976,186,180,-0.176,-0.012,-0.05,-0.005,96,421.5,138,-2.5,0,0,0,0,0,0,0,0,0,105

Main.js:462 50,362,0,0,0,0,0,0,0,0,0,0,0,0,0,0,0,0,0,0,0,0,0,0,0,0,0,0,449.335,137.959,187.5,180,-0.214,-0.017,-0.05,-0.007,95,419,138,-2.5,0,0,0,0,0,0,0,0,0,122

Main.js:462 50,362,0,0,0,0,0,0,0,0,0,0,0,0,0,0,0,0,0,0,0,0,0,0,0,0,0,0,449.085,137.935,189,180,-0.25,-0.024,-0.049,-0.008,94,416.5,138,-2.5,0,0,0,0,0,0,0,0,0,139

Main.js:462 50,362,0,0,0,0,0,0,0,0,0,0,0,0,0,0,0,0,0,0,0,0,0,0,0,0,0,0,448.8,137.903,190.5,180,-0.284,-0.031,-0.049,-0.009,93,414,138,-2.5,0,0,0,0,0,0,0,0,0,155

Main.js:462 50,362,0,0,0,0,0,0,0,0,0,0,0,0,0,0,0,0,0,0,0,0,0,0,0,0,0,0,448.483,137.863,192,180,-0.317,-0.04,-0.049,-0.01,92,411.5,138,-2.5,0,0,0,0,0,0,0,0,0,173

Main.js:462 50,362,0,0,0,0,0,0,0,0,0,0,0,0,0,0,0,0,0,0,0,0,0,0,0,0,0,0,448.136,137.815,193.5,180,-0.347,-0.049,-0.049,-0.012,91,409,138,-2.5,0,0,0,0,0,0,0,0,0,189

Main.js:462 50,362,0,0,0,0,0,0,0,0,0,0,0,0,0,0,0,0,0,0,0,0,0,0,0,0,0,0,447.761,137.756,195,180,-0.376,-0.059,-0.048,-0.013,90,406.5,138,-2.5,0,0,0,0,0,0,0,0,0,205

Main.js:462 50,362,0,0,0,0,0,0,0,0,0,0,0,0,0,0,0,0,0,0,0,0,0,0,0,0,0,0,447.359,137.687,196.5,180,-0.402,-0.069,-0.048,-0.014,89,404,138,-2.5,0,0,0,0,0,0,0,0,0,223

Main.js:462 50.048,362,0,0,0.048,0,0.05,0,0,0,0,1,0,0,0,0,0,0,0,0,0,0,0,0,0,0,0,0,446.931,137.606,198,180,-0.427,-0.08,-0.048,-0.015,88,401.5,138,-2.5,0,0,0,0,0,0,0,0,0,239

Main.js:462 50.14,362,0,0,0.093,0,0.05,0,0,0,0,1,0,0,0,0,0,0,0,0,0,0,0,0,0,0,0,0,446.48,137.514,199.5,180,-0.451,-0.092,-0.047,-0.017,87,399,138,-2.5,0,0,0,0,0,0,0,0,0,255

Main.js:462 50.276,362,0,0,0.135,0,0.05,0,0,0,0,1,0,0,0,0,0,0,0,0,0,0,0,0,0,0,0,0,446.008,137.409,201,180,-0.473,-0.105,-0.047,-0.018,86,396.5,138,-2.5,0,0,0,0,0,0,0,0,0,273

Main.js:462 50.452,362,0,0,0.176,0,0.05,0,0,0,0,1,0,0,0,0,0,0,0,0,0,0,0,0,0,0,0,0,445.515,137.292,202.5,180,-0.493,-0.118,-0.046,-0.019,85,394,138,-2.5,0,0,0,0,0,0,0,0,0,288

Main.js:462 50.667,362,0,0,0.215,0,0.05,0,0,0,0,1,0,0,0,0,0,0,0,0,0,0,0,0,0,0,0,0,445.003,137.16,204,180,-0.512,-0.131,-0.046,-0.02,84,391.5,138,-2.5,0,0,0,0,0,0,0,0,0,305

Main.js:462 50.918,362,0,0,0.252,0,0.05,0,0,0,0,1,0,0,0,0,0,0,0,0,0,0,0,0,0,0,0,0,444.474,137.015,205.5,180,-0.529,-0.145,-0.045,-0.022,83,389,138,-2.5,0,0,0,0,0,0,0,0,0,321

Main.js:462 51.205,362,0,0,0.287,0,0.05,0,0,0,0,1,0,0,0,0,0,0,0,0,0,0,0,0,0,0,0,0,443.93,136.856,207,180,-0.545,-0.159,-0.045,-0.023,82,386.5,138,-2.5,0,0,0,0,0,0,0,0,0,339

Main.js:462 51.525,362,0,0,0.32,0,0.05,0,0,0,0,1,0,0,0,0,0,0,0,0,0,0,0,0,0,0,0,0,443.37,136.682,208.5,180,-0.559,-0.174,-0.044,-0.024,81,384,138,-2.5,0,0,0,0,0,0,0,0,0,355

Main.js:462 51.876,362,0,0,0.351,0,0.05,0,0,0,0,1,0,0,0,0,0,0,0,0,0,0,0,0,0,0,0,0,442.798,136.493,210,180,-0.572,-0.189,-0.043,-0.025,80,381.5,138,-2.5,0,0,0,0,0,0,0,0,0,372

Main.js:462 52.257,362,0,0,0.381,0,0.05,0,0,0,0,1,0,0,0,0,0,0,0,0,0,0,0,0,0,0,0,0,442.213,136.289,211.5,180,-0.584,-0.204,-0.043,-0.026,79,379,138,-2.5,0,0,0,0,0,0,0,0,0,388

Main.js:462 52.667,362,0,0,0.41,0,0.05,0,0,0,0,1,0,0,0,0,0,0,0,0,0,0,0,0,0,0,0,0,441.618,136.069,213,180,-0.595,-0.22,-0.042,-0.027,78,376.5,138,-2.5,0,0,0,0,0,0,0,0,0,405

Main.js:462 53.103,362,0,0,0.437,0,0.05,0,0,0,0,1,0,0,0,0,0,0,0,0,0,0,0,0,0,0,0,0,441.014,135.833,214.5,180,-0.604,-0.236,-0.041,-0.028,77,374,138,-2.5,0,0,0,0,0,0,0,0,0,422

Main.js:462 53.566,362,0,0,0.462,0,0.05,0,0,0,0,1,0,0,0,0,0,0,0,0,0,0,0,0,0,0,0,0,440.402,135.581,216,180,-0.613,-0.252,-0.04,-0.029,76,371.5,138,-2.5,0,0,0,0,0,0,0,0,0,438

Main.js:462 54.053,362,0,0,0.487,0,0.05,0,0,0,0,1,0,0,0,0,0,0,0,0,0,0,0,0,0,0,0,0,439.782,135.312,217.5,180,-0.62,-0.268,-0.04,-0.03,75,369,138,-2.5,0,0,0,0,0,0,0,0,0,455

Main.js:462 54.562,361.999,358.5,358.5,0.51,-0.001,0.05,-0.001,0,1,0,1,0,0,0,0,0,0,0,0,0,0,0,0,0,0,0,0,439.156,135.027,219,180,-0.626,-0.285,-0.039,-0.031,74,366.5,138,-2.5,0,0,0,0,0,0,0,0,0,473

Main.js:462 55.094,361.995,357,357,0.532,-0.004,0.05,-0.003,0,1,0,1,0,0,0,0,0,0,0,0,0,0,0,0,0,0,0,0,438.526,134.726,220.5,180,-0.63,-0.301,-0.038,-0.032,73,364,138,-2.5,0,0,0,0,0,0,0,0,0,490

Main.js:462 55.647,361.988,355.5,355.5,0.553,-0.007,0.05,-0.004,0,1,0,1,0,0,0,0,0,0,0,0,0,0,0,0,0,0,0,0,437.892,134.408,222,180,-0.634,-0.318,-0.037,-0.033,72,361.5,138,-2.5,0,0,0,0,0,0,0,0,0,505

Main.js:462 56.219,361.976,354,354,0.572,-0.012,0.05,-0.005,0,1,0,1,0,0,0,0,0,0,0,0,0,0,0,0,0,0,0,0,437.254,134.074,222,178.5,-0.638,-0.334,-0.037,-0.033,71,359,138,-2.5,0,0,0,0,0,0,0,0,0,522

Main.js:462 56.81,361.959,352.5,352.5,0.591,-0.017,0.05,-0.007,0,1,0,1,0,0,0,0,0,0,0,0,0,0,0,0,0,0,0,0,436.613,133.724,222,177,-0.641,-0.349,-0.037,-0.033,70,356.5,138,-2.5,0,0,0,0,0,0,0,0,0,539

Main.js:462 57.418,361.935,351,351,0.608,-0.024,0.049,-0.008,0,1,0,1,0,0,0,0,0,0,0,0,0,0,0,0,0,0,0,0,435.968,133.361,222,175.5,-0.644,-0.363,-0.037,-0.033,69,354,138,-2.5,0,0,0,0,0,0,0,0,0,557

Main.js:462 58.042,361.903,349.5,349.5,0.624,-0.031,0.049,-0.009,0,1,0,1,0,0,0,0,0,0,0,0,0,0,0,0,0,0,0,0,435.321,132.984,222,174,-0.647,-0.377,-0.037,-0.033,68,351.5,138,-2.5,0,0,0,0,0,0,0,0,0,572

Main.js:462 58.682,361.863,348,348,0.64,-0.04,0.049,-0.01,0,1,0,1,0,0,0,0,0,0,0,0,0,0,0,0,0,0,0,0,434.671,132.594,222,172.5,-0.65,-0.39,-0.037,-0.033,67,349,138,-2.5,0,0,0,0,0,0,0,0,0,588

Main.js:462 59.335,361.815,346.5,346.5,0.654,-0.049,0.049,-0.012,0,1,0,1,0,0,0,0,0,0,0,0,0,0,0,0,0,0,0,0,434.017,132.192,222,171,-0.653,-0.402,-0.037,-0.033,66,346.5,138,-2.5,0,0,0,0,0,0,0,0,0,605

Main.js:462 60.002,361.756,345,345,0.667,-0.059,0.048,-0.013,0,1,0,1,0,0,0,0,0,0,0,0,0,0,0,0,0,0,0,0,433.361,131.778,222,169.5,-0.656,-0.414,-0.037,-0.033,65,344,138,-2.5,0,0,0,0,0,0,0,0,0,622

Main.js:462 60.682,361.687,343.5,343.5,0.679,-0.069,0.048,-0.014,0,1,0,1,0,0,0,0,0,0,0,0,0,0,0,0,0,0,0,0,432.703,131.353,222,168,-0.658,-0.425,-0.037,-0.033,64,341.5,138,-2.5,0,0,0,0,0,0,0,0,0,639

Main.js:462 61.372,361.606,342,342,0.69,-0.08,0.048,-0.015,0,1,0,1,0,0,0,0,0,0,0,0,0,0,0,0,0,0,0,0,432.042,130.917,222,166.5,-0.661,-0.436,-0.037,-0.033,63,339,138,-2.5,0,0,0,0,0,0,0,0,0,656

Main.js:462 62.073,361.514,340.5,340.5,0.701,-0.092,0.047,-0.017,0,1,0,1,0,0,0,0,0,0,0,0,0,0,0,0,0,0,0,0,431.379,130.471,222,165,-0.663,-0.446,-0.037,-0.033,62,336.5,138,-2.5,0,0,0,0,0,0,0,0,0,673

Main.js:462 62.783,361.41,340.5,340.5,0.71,-0.104,0.047,-0.017,0,0,0,1,0,0,0,0,0,0,0,0,0,0,0,0,0,0,0,0,430.714,130.016,222,163.5,-0.665,-0.455,-0.037,-0.033,61,334,138,-2.5,0,0,0,0,0,0,0,0,0,689

Main.js:462 63.503,361.296,340.5,340.5,0.72,-0.114,0.047,-0.017,0,0,0,1,0,0,0,0,0,0,0,0,0,0,0,0,0,0,0,0,430.047,129.552,222,162,-0.667,-0.464,-0.037,-0.033,60,331.5,138,-2.5,0,0,0,0,0,0,0,0,0,706

Main.js:462 64.231,361.172,340.5,340.5,0.728,-0.124,0.047,-0.017,0,0,0,1,0,0,0,0,0,0,0,0,0,0,0,0,0,0,0,0,429.378,129.08,222,160.5,-0.669,-0.473,-0.037,-0.033,59,329,138,-2.5,0,0,0,0,0,0,0,0,0,723

Main.js:462 64.968,361.038,340.5,340.5,0.737,-0.134,0.047,-0.017,0,0,0,1,0,0,0,0,0,0,0,0,0,0,0,0,0,0,0,0,428.707,128.599,222,159,-0.671,-0.481,-0.037,-0.033,58,326.5,138,-2.5,0,0,0,0,0,0,0,0,0,739

Main.js:462 65.713,360.895,340.5,340.5,0.745,-0.143,0.047,-0.017,0,0,0,1,0,0,0,0,0,0,0,0,0,0,0,0,0,0,0,0,428.034,128.11,222,157.5,-0.673,-0.489,-0.037,-0.033,57,324,138,-2.5,0,0,0,0,0,0,0,0,0,756

Main.js:462 66.465,360.743,340.5,340.5,0.752,-0.152,0.047,-0.017,0,0,0,1,0,0,0,0,0,0,0,0,0,0,0,0,0,0,0,0,427.36,127.614,222,156,-0.674,-0.496,-0.037,-0.033,56,321.5,138,-2.5,0,0,0,0,0,0,0,0,0,773

Main.js:462 67.224,360.583,340.5,340.5,0.759,-0.16,0.047,-0.017,0,0,0,1,0,0,0,0,0,0,0,0,0,0,0,0,0,0,0,0,426.684,127.111,222,154.5,-0.676,-0.503,-0.037,-0.033,55,319,138,-2.5,0,0,0,0,0,0,0,0,0,790

Main.js:462 67.991,360.415,340.5,340.5,0.766,-0.168,0.047,-0.017,0,0,0,1,0,0,0,0,0,0,0,0,0,0,0,0,0,0,0,0,426.006,126.602,222,153,-0.677,-0.51,-0.037,-0.033,54,316.5,138,-2.5,0,0,0,0,0,0,0,0,0,806

Main.js:462 68.763,360.239,340.5,340.5,0.773,-0.175,0.047,-0.017,0,0,0,1,0,0,0,0,0,0,0,0,0,0,0,0,0,0,0,0,425.328,126.086,222,151.5,-0.679,-0.516,-0.037,-0.033,53,314,138,-2.5,0,0,0,0,0,0,0,0,0,821

Main.js:462 69.542,360.057,340.5,340.5,0.779,-0.183,0.047,-0.017,0,0,0,1,0,0,0,0,0,0,0,0,0,0,0,0,0,0,0,0,424.647,125.564,222,150,-0.68,-0.522,-0.037,-0.033,52,311.5,138,-2.5,0,0,0,0,0,0,0,0,0,839

Main.js:462 70.327,359.867,340.5,340.5,0.785,-0.189,0.047,-0.017,0,0,0,1,0,0,0,0,0,0,0,0,0,0,0,0,0,0,0,0,423.966,125.036,222,148.5,-0.682,-0.528,-0.037,-0.033,51,309,138,-2.5,0,0,0,0,0,0,0,0,0,855

Main.js:462 71.117,359.672,340.5,340.5,0.79,-0.196,0.047,-0.017,0,0,0,1,0,0,0,0,0,0,0,0,0,0,0,0,0,0,0,0,423.283,124.503,222,147,-0.683,-0.533,-0.037,-0.033,50,306.5,138,-2.5,0,0,0,0,0,0,0,0,0,871

Main.js:462 71.912,359.47,340.5,340.5,0.795,-0.202,0.047,-0.017,0,0,0,1,0,0,0,0,0,0,0,0,0,0,0,0,0,0,0,0,422.599,123.965,222,145.5,-0.684,-0.538,-0.037,-0.033,49,304,138,-2.5,0,0,0,0,0,0,0,0,0,889

Main.js:462 72.713,359.263,340.5,340.5,0.8,-0.207,0.047,-0.017,0,0,0,1,0,0,0,0,0,0,0,0,0,0,0,0,0,0,0,0,421.914,123.422,222,144,-0.685,-0.543,-0.037,-0.033,48,301.5,138,-2.5,0,0,0,0,0,0,0,0,0,905

Main.js:462 73.518,359.05,340.5,340.5,0.805,-0.213,0.047,-0.017,0,0,0,1,0,0,0,0,0,0,0,0,0,0,0,0,0,0,0,0,421.228,122.875,222,142.5,-0.686,-0.548,-0.037,-0.033,47,299,138,-2.5,0,0,0,0,0,0,0,0,0,921

Main.js:462 74.328,358.832,340.5,340.5,0.81,-0.218,0.047,-0.017,0,0,0,1,0,0,0,0,0,0,0,0,0,0,0,0,0,0,0,0,420.541,122.323,222,141,-0.687,-0.552,-0.037,-0.033,46,296.5,138,-2.5,0,0,0,0,0,0,0,0,0,939

Main.js:462 75.142,358.608,340.5,340.5,0.814,-0.223,0.047,-0.017,0,0,0,1,0,0,0,0,0,0,0,0,0,0,0,0,0,0,0,0,419.853,121.767,222,139.5,-0.688,-0.556,-0.037,-0.033,45,294,138,-2.5,0,0,0,0,0,0,0,0,0,956

Main.js:462 75.96,358.381,340.5,340.5,0.818,-0.228,0.047,-0.017,0,0,0,1,0,0,0,0,0,0,0,0,0,0,0,0,0,0,0,0,419.164,121.206,222,138,-0.689,-0.56,-0.037,-0.033,44,291.5,138,-2.5,0,0,0,0,0,0,0,0,0,972

Main.js:462 76.782,358.148,340.5,340.5,0.822,-0.232,0.047,-0.017,0,0,0,1,0,0,0,0,0,0,0,0,0,0,0,0,0,0,0,0,418.474,120.642,222,136.5,-0.69,-0.564,-0.037,-0.033,43,289,138,-2.5,0,0,0,0,0,0,0,0,0,989

Main.js:462 77.608,357.912,340.5,340.5,0.826,-0.237,0.047,-0.017,0,0,0,1,0,0,0,0,0,0,0,0,0,0,0,0,0,0,0,0,417.784,120.075,222,135,-0.691,-0.568,-0.037,-0.033,42,286.5,138,-2.5,0,0,0,0,0,0,0,0,0,1006

Main.js:462 78.437,357.671,340.5,340.5,0.829,-0.241,0.047,-0.017,0,0,0,1,0,0,0,0,0,0,0,0,0,0,0,0,0,0,0,0,417.092,119.505,220.5,132,-0.692,-0.57,-0.038,-0.032,41,284,138,-2.5,0,0,0,0,0,0,0,0,0,1023

Main.js:462 79.269,357.427,340.5,340.5,0.832,-0.244,0.047,-0.017,0,0,0,1,0,0,0,0,0,0,0,0,0,0,0,0,0,0,0,0,416.397,118.934,219,129,-0.694,-0.571,-0.039,-0.031,40,281.5,138,-2.5,0,0,0,0,0,0,0,0,0,1039

Main.js:462 80.105,357.179,340.5,340.5,0.836,-0.248,0.047,-0.017,0,0,0,1,0,0,0,0,0,0,0,0,0,0,0,0,0,0,0,0,415.7,118.362,217.5,126,-0.697,-0.572,-0.04,-0.03,39,279,138,-2.5,0,0,0,0,0,0,0,0,0,1057

Main.js:462 80.944,356.927,340.5,340.5,0.839,-0.251,0.047,-0.017,0,0,0,1,0,0,0,0,0,0,0,0,0,0,0,0,0,0,0,0,414.999,117.791,216,123,-0.701,-0.571,-0.04,-0.029,38,276.5,138,-2.5,0,0,0,0,0,0,0,0,0,1073

Main.js:462 81.785,356.673,340.5,340.5,0.841,-0.255,0.047,-0.017,0,0,0,1,0,0,0,0,0,0,0,0,0,0,0,0,0,0,0,0,414.294,117.221,214.5,120,-0.705,-0.569,-0.041,-0.028,37,274,138,-2.5,0,0,0,0,0,0,0,0,0,1089

Main.js:462 82.629,356.415,340.5,340.5,0.844,-0.258,0.047,-0.017,0,0,0,1,0,0,0,0,0,0,0,0,0,0,0,0,0,0,0,0,413.584,116.654,213,117,-0.71,-0.567,-0.042,-0.027,36,271.5,138,-2.5,0,0,0,0,0,0,0,0,0,1106

Main.js:462 83.476,356.154,340.5,340.5,0.847,-0.261,0.047,-0.017,0,0,0,1,0,0,0,0,0,0,0,0,0,0,0,0,0,0,0,0,412.869,116.091,211.5,114,-0.715,-0.563,-0.043,-0.026,35,269,138,-2.5,0,0,0,0,0,0,0,0,0,1123

Main.js:462 84.325,355.89,340.5,340.5,0.849,-0.264,0.047,-0.017,0,0,0,1,0,0,0,0,0,0,0,0,0,0,0,0,0,0,0,0,412.149,115.532,210,111,-0.72,-0.559,-0.043,-0.025,34,266.5,138,-2.5,0,0,0,0,0,0,0,0,0,1140

Main.js:462 85.177,355.624,340.5,340.5,0.851,-0.266,0.047,-0.017,0,0,0,1,0,0,0,0,0,0,0,0,0,0,0,0,0,0,0,0,411.423,114.979,208.5,108,-0.726,-0.554,-0.044,-0.024,33,264,138,-2.5,0,0,0,0,0,0,0,0,0,1154

Main.js:462 86.03,355.355,340.5,340.5,0.854,-0.269,0.047,-0.017,0,0,0,1,0,0,0,0,0,0,0,0,0,0,0,0,0,0,0,0,410.691,114.431,207,105,-0.732,-0.547,-0.045,-0.023,32,261.5,138,-2.5,0,0,0,0,0,0,0,0,0,1171

Main.js:462 86.886,355.084,340.5,340.5,0.856,-0.271,0.047,-0.017,0,0,0,1,0,0,0,0,0,0,0,0,0,0,0,0,0,0,0,0,409.953,113.891,205.5,102,-0.738,-0.541,-0.045,-0.022,31,259,138,-2.5,0,0,0,0,0,0,0,0,0,1189

Main.js:462 87.744,354.81,340.5,340.5,0.858,-0.274,0.047,-0.017,0,0,0,1,0,0,0,0,0,0,0,0,0,0,0,0,0,0,0,0,409.209,113.358,204,99,-0.745,-0.533,-0.046,-0.02,30,256.5,138,-2.5,0,0,0,0,0,0,0,0,0,1206

Main.js:462 88.603,354.534,340.5,340.5,0.86,-0.276,0.047,-0.017,0,0,0,1,0,0,0,0,0,0,0,0,0,0,0,0,0,0,0,0,408.457,112.833,202.5,96,-0.751,-0.524,-0.046,-0.019,29,254,138,-2.5,0,0,0,0,0,0,0,0,0,1222

Main.js:462 89.465,354.257,340.5,340.5,0.861,-0.278,0.047,-0.017,0,0,0,1,0,0,0,0,0,0,0,0,0,0,0,0,0,0,0,0,407.699,112.318,201,93,-0.758,-0.515,-0.047,-0.018,28,251.5,138,-2.5,0,0,0,0,0,0,0,0,0,1238

Main.js:462 90.328,353.977,340.5,340.5,0.863,-0.28,0.047,-0.017,0,0,0,1,0,0,0,0,0,0,0,0,0,0,0,0,0,0,0,0,406.934,111.813,199.5,90,-0.765,-0.505,-0.047,-0.017,27,249,138,-2.5,0,0,0,0,0,0,0,0,0,1254

Main.js:462 91.193,353.695,340.5,340.5,0.865,-0.282,0.047,-0.017,0,0,0,1,0,0,0,0,0,0,0,0,0,0,0,0,0,0,0,0,406.163,111.318,198,87,-0.772,-0.495,-0.048,-0.015,26,246.5,138,-2.5,0,0,0,0,0,0,0,0,0,1272

Main.js:462 92.059,353.412,340.5,340.5,0.866,-0.283,0.047,-0.017,0,0,0,1,0,0,0,0,0,0,0,0,0,0,0,0,0,0,0,0,405.384,110.835,196.5,84,-0.779,-0.483,-0.048,-0.014,25,244,138,-2.5,0,0,0,0,0,0,0,0,0,1290

Main.js:462 92.927,353.127,340.5,340.5,0.868,-0.285,0.047,-0.017,0,0,0,1,0,0,0,0,0,0,0,0,0,0,0,0,0,0,0,0,404.598,110.363,195,81,-0.786,-0.472,-0.048,-0.013,24,241.5,138,-2.5,0,0,0,0,0,0,0,0,0,1306

Main.js:462 93.796,352.84,340.5,340.5,0.869,-0.287,0.047,-0.017,0,0,0,1,0,0,0,0,0,0,0,0,0,0,0,0,0,0,0,0,403.805,109.904,193.5,78,-0.793,-0.459,-0.049,-0.012,23,239,138,-2.5,0,0,0,0,0,0,0,0,0,1323

Main.js:462 94.667,352.552,340.5,340.5,0.87,-0.288,0.047,-0.017,0,0,0,1,0,0,0,0,0,0,0,0,0,0,0,0,0,0,0,0,403.006,109.458,192,75,-0.799,-0.446,-0.049,-0.01,22,236.5,138,-2.5,0,0,0,0,0,0,0,0,0,1339

Main.js:462 95.538,352.262,340.5,340.5,0.872,-0.29,0.047,-0.017,0,0,0,1,0,0,0,0,0,0,0,0,0,0,0,0,0,0,0,0,402.2,109.026,190.5,72,-0.806,-0.432,-0.049,-0.009,21,234,138,-2.5,0,0,0,0,0,0,0,0,0,1355

Main.js:462 96.411,351.971,340.5,340.5,0.873,-0.291,0.047,-0.017,0,0,0,1,0,0,0,0,0,0,0,0,0,0,0,0,0,0,0,0,401.387,108.608,189,69,-0.813,-0.418,-0.049,-0.008,20,231.5,138,-2.5,0,0,0,0,0,0,0,0,0,1411

Main.js:462 97.285,351.679,340.5,340.5,0.874,-0.292,0.047,-0.017,0,0,0,1,0,0,0,0,0,0,0,0,0,0,0,0,0,0,0,0,400.568,108.204,187.5,66,-0.819,-0.403,-0.05,-0.007,19,229,138,-2.5,0,0,0,0,0,0,0,0,0,1437

Main.js:462 98.16,351.385,340.5,340.5,0.875,-0.294,0.047,-0.017,0,0,0,1,0,0,0,0,0,0,0,0,0,0,0,0,0,0,0,0,399.742,107.816,186,63,-0.826,-0.388,-0.05,-0.005,18,226.5,138,-2.5,0,0,0,0,0,0,0,0,0,1454

Main.js:462 99.036,351.09,340.5,340.5,0.876,-0.295,0.047,-0.017,0,0,0,1,0,0,0,0,0,0,0,0,0,0,0,0,0,0,0,0,398.91,107.443,184.5,60,-0.832,-0.373,-0.05,-0.004,17,224,138,-2.5,0,0,0,0,0,0,0,0,0,1471

Main.js:462 99.914,350.795,340.5,340.5,0.877,-0.296,0.047,-0.017,0,0,0,1,0,0,0,0,0,0,0,0,0,0,0,0,0,0,0,0,398.073,107.087,183,57,-0.837,-0.356,-0.05,-0.003,16,221.5,138,-2.5,0,0,0,0,0,0,0,0,0,1488

Main.js:462 100.792,350.498,340.5,340.5,0.878,-0.297,0.047,-0.017,0,0,0,1,0,0,0,0,0,0,0,0,0,0,0,0,0,0,0,0,397.23,106.747,181.5,54,-0.843,-0.34,-0.05,-0.001,15,219,138,-2.5,0,0,0,0,0,0,0,0,0,1504

Main.js:462 101.67,350.2,340.5,340.5,0.879,-0.298,0.047,-0.017,0,0,0,1,0,0,0,0,0,0,0,0,0,0,0,0,0,0,0,0,396.381,106.424,180,51,-0.848,-0.323,-0.05,0,14,216.5,138,-2.5,0,0,0,0,0,0,0,0,0,1523

Main.js:462 102.55,349.9,339,339,0.879,-0.3,0.047,-0.018,0,1,0,1,0,0,0,0,0,0,0,0,0,0,0,0,0,0,0,0,395.528,106.119,178.5,48,-0.853,-0.305,-0.05,0.001,13,214,138,-2.5,0,0,0,0,0,0,0,0,0,1538

Main.js:462 103.429,349.596,337.5,337.5,0.879,-0.303,0.046,-0.019,0,1,0,1,0,0,0,0,0,0,0,0,0,0,0,0,0,0,0,0,394.67,105.831,177,45,-0.858,-0.288,-0.05,0.003,12,211.5,138,-2.5,0,0,0,0,0,0,0,0,0,1555

Main.js:462 104.308,349.289,336,336,0.879,-0.307,0.046,-0.02,0,1,0,1,0,0,0,0,0,0,0,0,0,0,0,0,0,0,0,0,393.807,105.561,175.5,42,-0.863,-0.27,-0.05,0.004,11,209,138,-2.5,0,0,0,0,0,0,0,0,0,1571

Main.js:462 105.185,348.976,334.5,334.5,0.878,-0.312,0.045,-0.022,0,1,0,1,0,0,0,0,0,0,0,0,0,0,0,0,0,0,0,0,392.94,105.31,174,39,-0.867,-0.251,-0.05,0.005,10,206.5,138,-2.5,0,0,0,0,0,0,0,0,0,1588

Main.js:462 106.061,348.658,333,333,0.876,-0.318,0.045,-0.023,0,1,0,1,0,0,0,0,0,0,0,0,0,0,0,0,0,0,0,0,392.07,105.078,172.5,36,-0.871,-0.232,-0.05,0.007,9,204,138,-2.5,0,0,0,0,0,0,0,0,0,1604

Main.js:462 106.935,348.333,331.5,331.5,0.874,-0.325,0.044,-0.024,0,1,0,1,0,0,0,0,0,0,0,0,0,0,0,0,0,0,0,0,391.196,104.864,171,33,-0.874,-0.213,-0.049,0.008,8,201.5,138,-2.5,0,0,0,0,0,0,0,0,0,1622

Main.js:462 107.807,348,330,330,0.871,-0.333,0.043,-0.025,0,1,0,1,0,0,0,0,0,0,0,0,0,0,0,0,0,0,0,0,390.319,104.67,169.5,30,-0.877,-0.194,-0.049,0.009,7,199,138,-2.5,0,0,0,0,0,0,0,0,0,1640

Main.js:462 108.675,347.659,328.5,328.5,0.868,-0.341,0.043,-0.026,0,1,0,1,0,0,0,0,0,0,0,0,0,0,0,0,0,0,0,0,389.439,104.496,168,27,-0.88,-0.174,-0.049,0.01,6,196.5,138,-2.5,0,0,0,0,0,0,0,0,0,1656

Main.js:462 109.54,347.31,327,327,0.865,-0.35,0.042,-0.027,0,1,0,1,0,0,0,0,0,0,0,0,0,0,0,0,0,0,0,0,388.557,104.341,166.5,24,-0.882,-0.155,-0.049,0.012,5,194,138,-2.5,0,0,0,0,0,0,0,0,0,1672

Main.js:462 110.4,346.951,325.5,325.5,0.861,-0.359,0.041,-0.028,0,1,0,1,0,0,0,0,0,0,0,0,0,0,0,0,0,0,0,0,387.674,104.207,165,21,-0.884,-0.135,-0.048,0.013,4,191.5,138,-2.5,0,0,0,0,0,0,0,0,0,1689

Main.js:462 111.256,346.581,324,324,0.856,-0.369,0.04,-0.029,0,1,0,1,0,0,0,0,0,0,0,0,0,0,0,0,0,0,0,0,386.789,104.092,163.5,18,-0.885,-0.114,-0.048,0.014,3,189,138,-2.5,0,0,0,0,0,0,0,0,0,1705

Main.js:462 112.108,346.203,324,324,0.852,-0.379,0.04,-0.029,0,0,0,1,0,0,0,0,0,0,0,0,0,0,0,0,0,0,0,0,385.903,103.998,162,15,-0.886,-0.094,-0.048,0.015,2,186.5,138,-2.5,0,0,0,0,0,0,0,0,0,1722

Main.js:462 112.956,345.815,324,324,0.848,-0.388,0.04,-0.029,0,0,0,1,0,0,0,0,0,0,0,0,0,0,0,0,0,0,0,0,385.017,103.925,160.5,12,-0.886,-0.073,-0.047,0.017,1,184,138,-2.5,0,0,0,0,0,0,0,0,0,1739

Main.js:462 113.799,345.419,324,324,0.844,-0.396,0.04,-0.029,0,0,0,1,0,0,0,0,0,0,0,0,0,0,0,0,0,0,0,0,384.13,103.872,159,9,-0.886,-0.053,-0.047,0.018,0,181.5,138,-2.5,0,0,0,0,0,0,0,0,0,1755

Main.js:462 114.639,345.015,324,324,0.84,-0.404,0.04,-0.029,0,0,0,1,0,0,0,0,0,0,0,0,0,0,0,0,0,0,0,0,383.244,103.84,157.5,6,-0.886,-0.032,-0.046,0.019,99,179,138,-2.5,0,0,0,0,0,0,0,0,0,1772

Main.js:462 115.475,344.603,324,324,0.836,-0.412,0.04,-0.029,0,0,0,1,0,0,0,0,0,0,0,0,0,0,0,0,0,0,0,0,382.359,103.829,156,3,-0.885,-0.011,-0.046,0.02,98,176.5,138,-2.5,0,407.502,106.328,2.486,0.261,0,0,0,0,1788

Main.js:462 116.308,344.184,324,324,0.833,-0.419,0.04,-0.029,0,0,0,1,0,0,0,0,0,0,0,0,0,0,0,0,0,0,0,0,381.476,103.839,154.5,0,-0.884,0.01,-0.045,0.022,97,174,138,-2.5,0,409.988,106.59,2.486,0.261,0,0,0,0,1804

Main.js:462 117.138,343.758,324,324,0.83,-0.426,0.04,-0.029,0,0,0,1,0,0,0,0,0,0,0,0,0,0,0,0,0,0,0,0,380.594,103.87,153,357,-0.882,0.031,-0.045,0.023,96,171.5,138,-2.5,0,412.474,106.851,2.486,0.261,0,0,0,0,1822

Main.js:462 117.965,343.325,324,324,0.827,-0.433,0.04,-0.029,99,0,0,1,0,1,0,0,0,0,0,0,0,0,0,0,0,0,0,0,379.714,103.922,151.5,354,-0.879,0.052,-0.044,0.024,95,169,138,-2.5,0,414.961,107.112,2.486,0.261,0,0,0,0,1839

Main.js:462 118.788,342.886,324,324,0.824,-0.439,0.04,-0.029,98,0,0,1,0,1,0,0,136.15,329.945,2.023,-1.469,0,0,0,0,0,0,0,0,378.838,103.996,150,351,-0.877,0.073,-0.043,0.025,94,166.5,138,-2.5,0,417.447,107.374,2.486,0.261,0,0,0,0,1855

Main.js:462 119.609,342.441,324,324,0.821,-0.445,0.04,-0.029,97,0,0,1,0,1,0,0,138.172,328.475,2.023,-1.469,0,0,0,0,0,0,0,0,377.965,104.09,148.5,348,-0.873,0.094,-0.043,0.026,93,164,138,-2.5,0,419.933,107.635,2.486,0.261,0,0,0,0,1872

Main.js:462 120.428,341.99,324,324,0.818,-0.451,0.04,-0.029,96,0,0,1,0,1,0,0,140.195,327.006,2.023,-1.469,0,0,0,0,0,0,0,0,377.095,104.206,147,345,-0.869,0.116,-0.042,0.027,92,161.5,138,-2.5,0,422.419,107.896,2.486,0.261,0,0,0,0,1888

Main.js:462 121.243,341.534,324,324,0.816,-0.456,0.04,-0.029,95,0,0,1,0,1,0,0,142.217,325.537,2.023,-1.469,0,0,0,0,0,0,0,0,376.23,104.342,145.5,342,-0.865,0.137,-0.041,0.028,91,159,138,-2.5,0,424.906,108.158,2.486,0.261,0,0,0,0,1905

Main.js:462 122.057,341.073,324,324,0.813,-0.461,0.04,-0.029,94,0,0,1,0,1,0,0,144.24,324.067,2.023,-1.469,0,0,0,0,0,0,0,0,375.37,104.5,144,339,-0.86,0.158,-0.04,0.029,90,156.5,138,-2.5,0,427.392,108.419,2.486,0.261,0,0,0,0,1922

Main.js:462 122.868,340.607,324,324,0.811,-0.466,0.04,-0.029,93,0,0,1,0,1,0,0,146.263,322.598,2.023,-1.469,0,0,0,0,0,0,0,0,374.515,104.679,142.5,336,-0.855,0.179,-0.04,0.03,89,154,138,-2.5,0,429.878,108.68,2.486,0.261,0,0,0,0,1940

Main.js:462 123.677,340.136,324,324,0.809,-0.471,0.04,-0.029,92,0,0,1,0,0,0,0,148.285,321.128,2.023,-1.469,0,0,0,0,0,0,0,0,373.666,104.879,141,333,-0.849,0.2,-0.039,0.031,88,151.5,138,-2.5,0,432.365,108.942,2.486,0.261,0,0,0,0,1955

Main.js:462 124.484,339.661,324,324,0.807,-0.475,0.04,-0.029,91,0,0,1,0,0,0,0,150.308,319.659,2.023,-1.469,0,0,0,0,0,0,0,0,372.823,105.1,139.5,330,-0.843,0.221,-0.038,0.032,87,149,138,-2.5,0,434.851,109.203,2.486,0.261,0,0,0,0,1972

Main.js:462 125.289,339.182,324,324,0.805,-0.479,0.04,-0.029,90,0,0,1,0,0,0,0,152.33,318.189,2.023,-1.469,0,0,0,0,0,0,0,0,371.987,105.341,138,327,-0.836,0.241,-0.037,0.033,86,146.5,138,-2.5,0,437.337,109.464,2.486,0.261,0,0,0,0,1989

Main.js:462 126.093,338.699,324,324,0.803,-0.483,0.04,-0.029,89,0,0,1,0,0,0,0,154.353,316.72,2.023,-1.469,0,0,0,0,0,0,0,0,371.158,105.603,136.5,324,-0.829,0.262,-0.036,0.034,85,144,138,-2.5,0,439.824,109.726,2.486,0.261,0,0,0,0,2004

Main.js:462 126.894,338.212,324,324,0.802,-0.487,0.04,-0.029,88,0,0,1,0,0,0,0,156.375,315.25,2.023,-1.469,0,0,0,0,0,0,0,0,370.336,105.884,138,324,-0.822,0.281,-0.037,0.033,84,141.5,138,-2.5,0,442.31,109.987,2.486,0.261,0,0,0,0,2022

Main.js:462 127.694,337.721,324,324,0.8,-0.491,0.04,-0.029,87,0,0,1,0,1,0,0,158.398,313.781,2.023,-1.469,0,0,0,0,0,0,0,0,369.518,106.181,139.5,324,-0.817,0.298,-0.038,0.032,83,139,138,-2.5,0,444.796,110.248,2.486,0.261,0,0,0,0,2040

Main.js:462 128.493,337.227,324,324,0.798,-0.494,0.04,-0.029,86,0,0,1,0,1,0,0,160.42,312.311,2.023,-1.469,0,0,0,0,0,0,0,0,368.705,106.494,141,324,-0.814,0.313,-0.039,0.031,82,136.5,138,-2.5,0,447.282,110.51,2.486,0.261,0,0,0,0,2055

Main.js:462 129.29,336.73,324,324,0.797,-0.497,0.04,-0.029,85,0,0,1,0,1,0,0,162.443,310.842,2.023,-1.469,0,0,0,0,0,0,0,0,367.894,106.82,142.5,324,-0.811,0.326,-0.04,0.03,81,134,138,-2.5,0,449.769,110.771,2.486,0.261,0,0,0,0,2071

Main.js:462 130.085,336.23,324,324,0.795,-0.5,0.04,-0.029,84,0,0,1,0,1,0,0,164.465,309.372,2.023,-1.469,0,0,0,0,0,0,0,0,367.086,107.157,144,324,-0.808,0.337,-0.04,0.029,80,131.5,138,-2.5,0,452.255,111.032,2.486,0.261,0,0,0,0,2088

Main.js:462 130.879,335.727,324,324,0.794,-0.503,0.04,-0.029,83,0,0,1,0,1,0,0,166.488,307.903,2.023,-1.469,0,0,0,0,0,0,0,0,366.279,107.505,145.5,324,-0.807,0.347,-0.041,0.028,79,129,138,-2.5,0,454.741,111.294,2.486,0.261,0,0,0,0,2105

Main.js:462 131.672,335.221,324,324,0.793,-0.506,0.04,-0.029,82,0,0,1,0,0,0,0,168.51,306.434,2.023,-1.469,0,0,0,0,0,0,0,0,365.472,107.86,147,324,-0.807,0.356,-0.042,0.027,78,126.5,138,-2.5,0,457.228,111.555,2.486,0.261,0,0,0,0,2122

Main.js:462 132.464,334.713,324,324,0.792,-0.509,0.04,-0.029,81,0,0,1,0,0,0,0,170.533,304.964,2.023,-1.469,0,0,0,0,0,0,0,0,364.665,108.223,148.5,324,-0.807,0.363,-0.043,0.026,77,124,138,-2.5,0,459.714,111.816,2.486,0.261,0,0,0,0,2139

Main.js:462 133.254,334.202,324,324,0.79,-0.511,0.04,-0.029,80,0,0,1,0,0,0,0,172.556,303.495,2.023,-1.469,0,0,0,0,0,0,0,0,363.858,108.592,150,324,-0.808,0.369,-0.043,0.025,76,121.5,138,-2.5,0,462.2,112.078,2.486,0.261,0,0,0,0,2155

Main.js:462 134.043,333.688,324,324,0.789,-0.513,0.04,-0.029,79,0,0,1,0,0,0,0,174.578,302.025,2.023,-1.469,0,0,0,0,0,0,0,0,363.049,108.965,151.5,324,-0.809,0.373,-0.044,0.024,75,119,138,-2.5,0,464.687,112.339,2.486,0.261,0,0,0,0,2172

Main.js:462 134.832,333.173,324,324,0.788,-0.516,0.04,-0.029,78,0,0,1,0,0,0,0,176.601,300.556,2.023,-1.469,0,0,0,0,0,0,0,0,362.238,109.341,153,324,-0.811,0.376,-0.045,0.023,74,116.5,138,-2.5,0,467.173,112.6,2.486,0.261,0,0,0,0,2188

Main.js:462 135.619,332.655,324,324,0.787,-0.518,0.04,-0.029,77,0,0,1,0,0,0,0,178.623,299.086,2.023,-1.469,0,0,0,0,0,0,0,0,361.425,109.718,154.5,324,-0.813,0.377,-0.045,0.022,73,114,138,-2.5,0,469.659,112.862,2.486,0.261,0,0,0,0,2206

Main.js:462 136.405,332.135,324,324,0.786,-0.52,0.04,-0.029,76,0,0,1,0,0,0,0,180.646,297.617,2.023,-1.469,0,0,0,0,0,0,0,0,360.609,110.096,156,324,-0.816,0.378,-0.046,0.02,72,111.5,138,-2.5,0,472.146,113.123,2.486,0.261,0,0,0,0,2223

Main.js:462 137.191,331.613,324,324,0.786,-0.522,0.04,-0.029,75,0,0,1,0,1,0,0,182.668,296.147,2.023,-1.469,0,0,0,0,0,0,0,0,359.79,110.473,157.5,324,-0.819,0.377,-0.046,0.019,71,109,138,-2.5,0,474.632,113.384,2.486,0.261,0,0,0,0,2239

Main.js:462 137.976,331.09,324,324,0.785,-0.524,0.04,-0.029,74,0,0,1,0,1,0,0,184.691,294.678,2.023,-1.469,0,0,0,0,0,0,0,0,358.967,110.848,159,324,-0.822,0.375,-0.047,0.018,70,106.5,138,-2.5,0,477.118,113.645,2.486,0.261,0,0,0,0,2255

Main.js:462 138.76,330.564,324,324,0.784,-0.525,0.04,-0.029,73,0,0,1,0,1,0,0,186.713,293.208,2.023,-1.469,0,0,0,0,0,0,0,0,358.141,111.221,160.5,324,-0.826,0.372,-0.047,0.017,69,104,138,-2.5,0,479.604,113.907,2.486,0.261,0,0,0,0,2272

Main.js:462 139.543,330.038,324,324,0.783,-0.527,0.04,-0.029,72,0,0,1,0,1,0,0,188.736,291.739,2.023,-1.469,0,0,0,0,0,0,0,0,357.311,111.589,162,324,-0.83,0.368,-0.048,0.015,68,101.5,138,-2.5,0,482.091,114.168,2.486,0.261,0,0,0,0,2289

Main.js:462 140.325,329.509,324,324,0.782,-0.529,0.04,-0.029,71,0,0,1,0,1,0,0,190.758,290.269,2.023,-1.469,0,0,0,0,0,0,0,0,356.477,111.953,163.5,324,-0.834,0.364,-0.048,0.014,67,99,138,-2.5,0,484.577,114.429,2.486,0.261,0,0,0,0,2304

Main.js:462 141.107,328.979,324,324,0.782,-0.53,0.04,-0.029,70,0,0,1,0,1,0,0,192.781,288.8,2.023,-1.469,0,0,0,0,0,0,0,0,355.639,112.311,165,324,-0.838,0.358,-0.048,0.013,66,96.5,138,-2.5,0,487.063,114.691,2.486,0.261,0,0,0,0,2321

Main.js:462 141.888,328.448,324,324,0.781,-0.531,0.04,-0.029,69,0,0,1,0,0,0,0,194.804,287.331,2.023,-1.469,0,0,0,0,0,0,0,0,354.797,112.661,166.5,324,-0.842,0.351,-0.049,0.012,65,94,138,-2.5,0,489.55,114.952,2.486,0.261,0,0,0,0,2338

Main.js:462 142.668,327.915,324,324,0.78,-0.533,0.04,-0.029,68,0,0,1,0,0,0,0,196.826,285.861,2.023,-1.469,0,0,0,0,0,0,0,0,353.95,113.005,168,324,-0.847,0.343,-0.049,0.01,64,91.5,138,-2.5,0,492.036,115.213,2.486,0.261,0,0,0,0,2355

Main.js:462 143.448,327.381,324,324,0.78,-0.534,0.04,-0.029,67,0,0,1,0,0,0,0,198.849,284.392,2.023,-1.469,0,0,0,0,0,0,0,0,353.099,113.339,169.5,324,-0.851,0.335,-0.049,0.009,63,89,138,-2.5,0,494.522,115.475,2.486,0.261,0,0,0,0,2388

Main.js:462 144.227,326.845,324,324,0.779,-0.535,0.04,-0.029,66,0,0,1,0,0,0,0,200.871,282.922,2.023,-1.469,0,0,0,0,0,0,0,0,352.243,113.665,171,324,-0.855,0.325,-0.049,0.008,62,86.5,138,-2.5,0,497.009,115.736,2.486,0.261,0,0,0,0,2405

Main.js:462 145.006,326.309,324,324,0.779,-0.536,0.04,-0.029,65,0,0,1,0,0,0,0,202.894,281.453,2.023,-1.469,0,0,0,0,0,0,0,0,351.384,113.98,172.5,324,-0.86,0.315,-0.05,0.007,61,84,138,-2.5,0,499.495,115.997,2.486,0.261,0,0,0,0,2422

Main.js:462 145.784,325.771,324,324,0.778,-0.538,0.04,-0.029,64,0,0,1,0,0,0,0,202.894,281.453,2.023,-1.469,0,0,0,0,0,0,0,0,350.52,114.284,174,324,-0.864,0.305,-0.05,0.005,60,81.5,138,-2.5,0,0,0,0,0,0,0,0,0,2439

Main.js:462 146.562,325.233,324,324,0.778,-0.539,0.04,-0.029,63,0,0,1,0,1,0,0,204.916,279.983,2.023,-1.469,0,0,0,0,0,0,0,0,349.651,114.578,175.5,324,-0.868,0.293,-0.05,0.004,59,79,138,-2.5,0,0,0,0,0,0,0,0,0,2455

Main.js:462 147.339,324.693,324,324,0.777,-0.54,0.04,-0.029,62,0,0,1,0,1,0,0,206.939,278.514,2.023,-1.469,0,0,0,0,0,0,0,0,348.779,114.858,177,324,-0.872,0.281,-0.05,0.003,58,76.5,138,-2.5,0,0,0,0,0,0,0,0,0,2473

Main.js:462 148.116,324.153,324,324,0.777,-0.541,0.04,-0.029,61,0,0,1,0,1,0,0,208.961,277.044,2.023,-1.469,0,0,0,0,0,0,0,0,347.903,115.126,178.5,324,-0.876,0.268,-0.05,0.001,57,74,138,-2.5,0,0,0,0,0,0,0,0,0,2488

Main.js:462 148.892,323.611,324,324,0.776,-0.541,0.04,-0.029,60,0,0,1,0,1,0,0,210.984,275.575,2.023,-1.469,0,0,0,0,0,0,0,0,347.023,115.381,180,324,-0.88,0.255,-0.05,0,56,71.5,138,-2.5,0,0,0,0,0,0,0,0,0,2505

Main.js:462 149.668,323.069,324,324,0.776,-0.542,0.04,-0.029,59,0,0,1,0,1,0,0,213.006,274.105,2.023,-1.469,0,0,0,0,0,0,0,0,346.14,115.623,180,322.5,-0.883,0.242,-0.05,0,55,69,138,-2.5,0,0,0,0,0,0,0,0,0,2522

Main.js:462 150.444,322.526,324,324,0.776,-0.543,0.04,-0.029,58,0,0,1,0,0,0,0,215.029,272.636,2.023,-1.469,0,0,0,0,0,0,0,0,345.253,115.853,180,321,-0.887,0.23,-0.05,0,54,66.5,138,-2.5,0,0,0,0,0,0,0,0,0,2540

Main.js:462 151.219,321.982,324,324,0.775,-0.544,0.04,-0.029,57,0,0,1,0,0,0,0,217.052,271.166,2.023,-1.469,0,0,0,0,0,0,0,0,344.363,116.071,180,319.5,-0.89,0.218,-0.05,0,53,64,138,-2.5,0,0,0,0,0,0,0,0,0,2555

Main.js:462 151.994,321.438,324,324,0.775,-0.545,0.04,-0.029,56,0,0,1,0,0,0,0,219.074,269.697,2.023,-1.469,0,0,0,0,0,0,0,0,343.471,116.279,180,318,-0.893,0.207,-0.05,0,52,61.5,138,-2.5,0,0,0,0,0,0,0,0,0,2573

Main.js:462 152.769,320.892,324,324,0.775,-0.545,0.04,-0.029,55,0,0,1,0,0,0,0,221.097,268.227,2.023,-1.469,0,0,0,0,0,0,0,0,342.575,116.476,180,316.5,-0.896,0.197,-0.05,0,51,59,138,-2.5,0,0,0,0,0,0,0,0,0,2588

Main.js:462 153.543,320.347,324,324,0.774,-0.546,0.04,-0.029,54,0,0,1,0,0,0,0,223.119,266.758,2.023,-1.469,0,0,0,0,0,0,0,0,341.677,116.663,180,315,-0.898,0.187,-0.05,0,50,56.5,138,-2.5,0,0,0,0,0,0,0,0,0,2606

Main.js:462 154.317,319.8,324,324,0.774,-0.547,0.04,-0.029,53,0,0,1,0,0,0,0,225.142,265.289,2.023,-1.469,0,0,0,0,0,0,0,0,340.776,116.841,180,313.5,-0.901,0.178,-0.05,0,49,54,138,-2.5,0,0,0,0,0,0,0,0,0,2622

Main.js:462 155.091,319.253,324,324,0.774,-0.547,0.04,-0.029,52,0,0,1,0,0,0,0,227.164,263.819,2.023,-1.469,0,0,0,0,0,0,0,0,339.872,117.01,180,312,-0.903,0.169,-0.05,0,48,51.5,138,-2.5,0,0,0,0,0,0,0,0,0,2638

Main.js:462 155.865,318.705,324,324,0.774,-0.548,0.04,-0.029,51,0,0,1,0,0,0,0,229.187,262.35,2.023,-1.469,0,0,0,0,0,0,0,0,338.966,117.17,180,310.5,-0.906,0.16,-0.05,0,47,49,138,-2.5,0,0,0,0,0,0,0,0,0,2655

Main.js:462 156.638,318.157,324,324,0.773,-0.548,0.04,-0.029,50,0,0,1,0,0,0,0,231.209,260.88,2.023,-1.469,0,0,0,0,0,0,0,0,338.058,117.323,180,309,-0.908,0.152,-0.05,0,46,46.5,138,-2.5,0,0,0,0,0,0,0,0,0,2672

Main.js:462 157.411,317.608,324,324,0.773,-0.549,0.04,-0.029,49,0,0,1,0,0,0,0,233.232,259.411,2.023,-1.469,0,0,0,0,0,0,0,0,337.148,117.467,180,307.5,-0.91,0.145,-0.05,0,45,44,138,-2.5,0,0,0,0,0,0,0,0,0,2688

Main.js:462 158.184,317.059,324,324,0.773,-0.549,0.04,-0.029,48,0,0,1,0,0,0,0,235.254,257.941,2.023,-1.469,0,0,0,0,0,0,0,0,336.236,117.605,180,306,-0.912,0.138,-0.05,0,44,41.5,138,-2.5,0,0,0,0,0,0,0,0,0,2704

Main.js:462 158.956,316.509,324,324,0.773,-0.55,0.04,-0.029,47,0,0,1,0,0,0,0,237.277,256.472,2.023,-1.469,0,0,0,0,0,0,0,0,335.322,117.736,180,304.5,-0.914,0.131,-0.05,0,43,39,138,-2.5,0,0,0,0,0,0,0,0,0,2723

Main.js:462 159.729,315.959,324,324,0.772,-0.55,0.04,-0.029,46,0,0,1,0,0,0,0,239.299,255.002,2.023,-1.469,0,0,0,0,0,0,0,0,334.407,117.86,180,303,-0.916,0.124,-0.05,0,42,36.5,138,-2.5,0,0,0,0,0,0,0,0,0,2738

Main.js:462 160.501,315.409,324,324,0.772,-0.551,0.04,-0.029,45,0,0,1,0,0,0,0,241.322,253.533,2.023,-1.469,0,0,0,0,0,0,0,0,333.489,117.978,180,301.5,-0.917,0.118,-0.05,0,41,34,138,-2.5,0,0,0,0,0,0,0,0,0,2755

Main.js:462 161.273,314.858,324,324,0.772,-0.551,0.04,-0.029,44,0,0,1,0,0,0,0,243.345,252.063,2.023,-1.469,0,0,0,0,0,0,0,0,332.57,118.09,180,300,-0.919,0.112,-0.05,0,40,31.5,138,-2.5,0,0,0,0,0,0,0,0,0,2773

Main.js:462 162.045,314.307,324,324,0.772,-0.551,0.04,-0.029,43,0,0,1,0,0,0,0,245.367,250.594,2.023,-1.469,0,0,0,0,0,0,0,0,331.649,118.196,180,298.5,-0.921,0.106,-0.05,0,39,29,138,-2.5,0,0,0,0,0,0,0,0,0,2789

Main.js:462 162.816,313.755,324,324,0.772,-0.552,0.04,-0.029,42,0,0,1,0,0,0,0,247.39,249.124,2.023,-1.469,0,0,0,0,0,0,0,0,330.727,118.298,180,297,-0.922,0.101,-0.05,0,38,26.5,138,-2.5,0,0,0,0,0,0,0,0,0,2806

Main.js:462 163.588,313.203,324,324,0.772,-0.552,0.04,-0.029,41,0,0,1,0,0,0,0,249.412,247.655,2.023,-1.469,0,0,0,0,0,0,0,0,329.804,118.394,180,295.5,-0.924,0.096,-0.05,0,37,24,138,-2.5,0,0,0,0,0,0,0,0,0,2822

Main.js:462 164.359,312.651,324,324,0.771,-0.552,0.04,-0.029,40,0,0,1,0,0,0,0,251.435,246.186,2.023,-1.469,0,0,0,0,0,0,0,0,328.879,118.485,180,294,-0.925,0.091,-0.05,0,36,21.5,138,-2.5,0,0,0,0,0,0,0,0,0,2838

Main.js:462 165.131,312.098,324,324,0.771,-0.553,0.04,-0.029,39,0,0,1,0,0,0,0,253.457,244.716,2.023,-1.469,0,0,0,0,0,0,0,0,327.953,118.572,180,292.5,-0.926,0.087,-0.05,0,35,19,138,-2.5,0,0,0,0,0,0,0,0,0,2855

Main.js:462 165.902,311.545,324,324,0.771,-0.553,0.04,-0.029,38,0,0,1,0,0,0,0,255.48,243.247,2.023,-1.469,0,0,0,0,0,0,0,0,327.025,118.654,180,291,-0.927,0.082,-0.05,0,34,16.5,138,-2.5,0,0,0,0,0,0,0,0,0,2871

Main.js:462 166.673,310.992,324,324,0.771,-0.553,0.04,-0.029,37,0,0,1,0,0,0,0,257.502,241.777,2.023,-1.469,0,0,0,0,0,0,0,0,326.097,118.732,180,289.5,-0.928,0.078,-0.05,0,33,14,138,-2.5,0,0,0,0,0,0,0,0,0,2888

Main.js:462 167.444,310.438,324,324,0.771,-0.553,0.04,-0.029,36,0,0,1,0,0,0,0,259.525,240.308,2.023,-1.469,0,0,0,0,0,0,0,0,325.168,118.807,180,288,-0.93,0.074,-0.05,0,32,11.5,138,-2.5,0,0,0,0,0,0,0,0,0,2904

Main.js:462 168.214,309.884,322.5,322.5,0.77,-0.555,0.04,-0.03,35,1,0,1,0,0,0,0,261.547,238.838,2.023,-1.469,0,0,0,0,0,0,0,0,324.237,118.877,180,286.5,-0.931,0.071,-0.05,0,31,9,138,-2.5,0,0,0,0,0,0,0,0,0,2921

Main.js:462 168.982,309.327,321,321,0.768,-0.557,0.039,-0.031,34,1,0,1,0,0,0,0,263.57,237.369,2.023,-1.469,0,0,0,0,0,0,0,0,323.306,118.944,180,285,-0.932,0.067,-0.05,0,30,6.5,138,-2.5,0,0,0,0,0,0,0,0,0,2939

Main.js:462 169.748,308.767,319.5,319.5,0.766,-0.56,0.038,-0.032,33,1,0,1,0,0,0,0,265.593,235.899,2.023,-1.469,0,0,0,0,0,0,0,0,322.373,119.008,180,283.5,-0.932,0.064,-0.05,0,29,4,138,-2.5,0,0,0,0,0,0,0,0,0,2954

Main.js:462 170.511,308.203,318,318,0.763,-0.564,0.037,-0.033,32,1,0,1,0,0,0,0,267.615,234.43,2.023,-1.469,0,0,0,0,0,0,0,0,321.44,119.069,180,282,-0.933,0.061,-0.05,0,28,1.5,138,-2.5,0,0,0,0,0,0,0,0,0,2971

Main.js:462 171.271,307.635,316.5,316.5,0.759,-0.568,0.036,-0.034,31,1,0,1,0,1,0,0,267.615,234.43,2.023,-1.469,0,0,0,0,0,0,0,0,320.506,119.126,180,280.5,-0.934,0.058,-0.05,0,27,0,0,0,0,0,0,0,0,0,0,0,0,2989

Main.js:462 172.026,307.062,315,315,0.755,-0.573,0.035,-0.035,30,1,0,1,0,1,0,0,269.638,232.96,2.023,-1.469,0,0,0,0,0,0,0,0,319.571,119.181,180,279,-0.935,0.055,-0.05,0,26,0,0,0,0,0,0,0,0,0,0,0,0,3006

Main.js:462 172.776,306.484,315,315,0.751,-0.578,0.035,-0.035,29,0,0,1,0,1,0,0,271.66,231.491,2.023,-1.469,0,0,0,0,0,0,0,0,318.635,119.234,178.5,276,-0.936,0.053,-0.05,0.001,25,0,0,0,0,0,0,0,0,0,0,0,0,3023

Main.js:462 173.523,305.901,315,315,0.747,-0.583,0.035,-0.035,28,0,0,1,0,1,0,0,273.683,230.021,2.023,-1.469,0,0,0,0,0,0,0,0,317.699,119.287,177,273,-0.936,0.053,-0.05,0.003,24,0,0,0,0,0,0,0,0,0,0,0,0,3040

Main.js:462 174.267,305.313,315,315,0.743,-0.587,0.035,-0.035,27,0,0,1,0,1,0,0,275.705,228.552,2.023,-1.469,0,0,0,0,0,0,0,0,316.762,119.341,175.5,270,-0.937,0.054,-0.05,0.004,23,0,0,0,0,0,0,0,0,0,0,0,0,3056

Main.js:462 175.006,304.722,315,315,0.74,-0.592,0.035,-0.035,26,0,0,1,0,0,0,0,277.728,227.083,2.023,-1.469,0,0,0,0,0,0,0,0,315.825,119.397,174,267,-0.937,0.056,-0.05,0.005,22,0,0,0,0,0,0,0,0,0,0,0,0,3073

Main.js:462 175.742,304.126,315,315,0.736,-0.596,0.035,-0.035,25,0,0,1,0,0,0,0,279.75,225.613,2.023,-1.469,0,0,0,0,0,0,0,0,314.887,119.457,172.5,264,-0.937,0.06,-0.05,0.007,21,0,0,0,0,0,0,0,0,0,0,0,0,3090

Main.js:462 176.475,303.527,315,315,0.733,-0.599,0.035,-0.035,24,0,0,1,0,0,0,0,281.773,224.144,2.023,-1.469,0,0,0,0,0,0,0,0,313.95,119.521,171,261,-0.938,0.064,-0.049,0.008,20,0,0,0,0,0,0,0,0,0,0,0,0,3106

Main.js:462 177.205,302.924,315,315,0.73,-0.603,0.035,-0.035,23,0,0,1,0,0,0,0,283.795,222.674,2.023,-1.469,0,0,0,0,0,0,0,0,313.012,119.591,169.5,258,-0.937,0.07,-0.049,0.009,19,0,0,0,0,0,0,0,0,0,0,0,0,3122

Main.js:462 177.899,302.351,315,315,0.693,-0.573,0,0,22,0,0,0,0,0,0,0,285.818,221.205,2.023,-1.469,0,0,0,0,0,0,0,0,312.075,119.667,168,255,-0.937,0.076,-0.049,0.01,18,0,0,0,0,0,0,0,0,0,0,0,0,3139

Main.js:462 178.557,301.807,315,315,0.659,-0.544,0,0,21,0,0,0,0,0,0,0,287.841,219.735,2.023,-1.469,0,0,0,0,0,0,0,0,311.139,119.75,166.5,252,-0.936,0.083,-0.049,0.012,17,0,0,0,0,0,0,0,0,0,0,0,0,3155

Main.js:462 179.183,301.29,315,315,0.626,-0.517,0,0,20,0,0,0,0,1,0,0,289.863,218.266,2.023,-1.469,0,0,0,0,0,0,0,0,310.204,119.842,165,249,-0.935,0.091,-0.048,0.013,16,0,0,0,0,0,0,0,0,0,0,0,0,3171

Main.js:462 179.778,300.799,315,315,0.595,-0.491,0,0,19,0,0,0,0,1,0,0,291.886,216.796,2.023,-1.469,0,0,0,0,0,0,0,0,309.27,119.942,163.5,246,-0.934,0.1,-0.048,0.014,15,0,0,0,0,0,0,0,0,0,0,0,0,3187

Main.js:462 180.342,300.332,315,315,0.565,-0.467,0,0,18,0,0,0,0,1,0,0,293.908,215.327,2.023,-1.469,0,0,0,0,0,0,0,0,308.337,120.052,162,243,-0.933,0.11,-0.048,0.015,14,0,0,0,0,0,0,0,0,0,0,0,0,3205

Main.js:462 180.879,299.889,315,315,0.537,-0.443,0,0,17,0,0,0,0,1,0,0,295.931,213.857,2.023,-1.469,0,0,0,0,0,0,0,0,307.406,120.172,160.5,240,-0.931,0.12,-0.047,0.017,13,0,0,0,0,0,0,0,0,0,0,0,0,3221

Main.js:462 181.389,299.468,315,315,0.51,-0.421,0,0,16,0,0,0,0,1,0,0,297.953,212.388,2.023,-1.469,0,0,0,0,0,0,0,0,306.478,120.304,159,237,-0.929,0.131,-0.047,0.018,12,0,0,0,0,0,0,0,0,0,0,0,0,3239

Main.js:462 181.873,299.068,315,315,0.484,-0.4,0,0,15,0,0,0,0,1,0,0,299.976,210.918,2.023,-1.469,0,0,0,0,0,0,0,0,305.552,120.447,157.5,234,-0.926,0.143,-0.046,0.019,11,0,0,0,0,0,0,0,0,0,0,0,0,3255

Main.js:462 182.333,298.687,315,315,0.46,-0.38,0,0,14,0,0,0,0,0,0,0,301.998,209.449,2.023,-1.469,0,0,0,0,0,0,0,0,304.628,120.602,156,231,-0.923,0.155,-0.046,0.02,10,0,0,0,0,0,0,0,0,0,0,0,0,3271

Main.js:462 182.77,298.326,315,315,0.437,-0.361,0,0,13,0,0,0,0,0,0,0,304.021,207.98,2.023,-1.469,0,0,0,0,0,0,0,0,303.709,120.77,154.5,228,-0.92,0.168,-0.045,0.022,9,0,0,0,0,0,0,0,0,0,0,0,0,3289

Main.js:462 183.185,297.983,315,315,0.415,-0.343,0,0,12,0,0,0,0,0,0,0,306.043,206.51,2.023,-1.469,0,0,0,0,0,0,0,0,302.793,120.951,153,225,-0.916,0.181,-0.045,0.023,8,0,0,0,0,0,0,0,0,0,0,0,0,3304

Main.js:462 183.58,297.658,315,315,0.394,-0.326,0,0,11,0,0,0,0,0,0,0,308.066,205.041,2.023,-1.469,0,0,0,0,0,0,0,0,301.88,121.145,151.5,222,-0.912,0.195,-0.044,0.024,7,0,0,0,0,0,0,0,0,0,0,0,0,3321

Main.js:462 183.954,297.348,315,315,0.375,-0.31,0,0,10,0,0,0,0,0,0,0,310.088,203.571,2.023,-1.469,0,0,0,0,0,0,0,0,300.973,121.354,150,219,-0.908,0.209,-0.043,0.025,6,0,0,0,0,0,0,0,0,0,0,0,0,3338

Main.js:462 184.31,297.054,315,315,0.356,-0.294,0,0,9,0,0,0,0,0,0,0,312.111,202.102,2.023,-1.469,0,0,0,0,0,0,0,0,300.07,121.577,148.5,216,-0.903,0.223,-0.043,0.026,5,0,0,0,0,0,0,0,0,0,0,0,0,3356

Main.js:462 184.648,296.775,315,315,0.338,-0.279,0,0,8,0,0,0,0,1,0,0,314.134,200.632,2.023,-1.469,0,0,0,0,0,0,0,0,299.173,121.815,147,213,-0.897,0.238,-0.042,0.027,4,0,0,0,0,0,0,0,0,0,0,0,0,3372

Main.js:462 184.97,296.509,315,315,0.321,-0.265,0,0,7,0,0,0,0,1,0,0,316.156,199.163,2.023,-1.469,0,0,0,0,0,0,0,0,298.281,122.068,145.5,210,-0.892,0.253,-0.041,0.028,3,0,0,0,0,0,0,0,0,0,0,0,0,3387

Main.js:462 185.275,296.257,315,315,0.305,-0.252,0,0,6,0,0,0,0,1,0,0,318.179,197.693,2.023,-1.469,0,0,0,0,0,0,0,0,297.395,122.336,144,207,-0.886,0.268,-0.04,0.029,2,0,0,0,0,0,0,0,0,0,0,0,0,3405

Main.js:462 185.565,296.017,315,315,0.29,-0.24,0,0,5,0,0,0,0,1,0,0,320.201,196.224,2.023,-1.469,0,0,0,0,0,0,0,0,296.516,122.619,142.5,204,-0.879,0.284,-0.04,0.03,1,0,0,0,0,0,0,0,0,0,0,0,0,3422

Main.js:462 185.84,295.79,315,315,0.275,-0.228,0,0,4,0,0,0,0,1,0,0,322.224,194.754,2.023,-1.469,0,0,0,0,0,0,0,0,295.644,122.918,141,201,-0.872,0.299,-0.039,0.031,0,0,0,0,0,0,0,0,0,0,0,0,0,3437

Main.js:462 186.102,295.574,315,315,0.262,-0.216,0,0,3,0,0,0,0,1,0,0,324.246,193.285,2.023,-1.469,0,0,0,0,0,0,0,0,294.78,123.234,139.5,198,-0.864,0.315,-0.038,0.032,99,0,0,0,0,0,0,0,0,0,0,0,0,3454

Main.js:462 186.35,295.368,313.5,313.5,0.249,-0.205,0,0,2,1,0,0,0,0,0,0,326.269,191.815,2.023,-1.469,0,0,0,0,0,0,0,0,293.923,123.565,138,195,-0.857,0.331,-0.037,0.033,98,273.295,115.657,-2.378,-0.773,0,0,0,0,0,0,0,0,3471

Main.js:462 186.587,295.173,312,312,0.236,-0.195,0,0,1,1,0,0,0,0,0,0,328.291,190.346,2.023,-1.469,0,0,0,0,0,0,0,0,293.075,123.912,136.5,192,-0.848,0.347,-0.036,0.034,97,270.917,114.884,-2.378,-0.773,0,0,0,0,0,0,0,0,3488

Main.js:462 186.811,294.988,310.5,310.5,0.224,-0.185,0,0,0,1,0,0,0,0,0,0,330.314,188.876,2.023,-1.469,0,0,0,0,0,0,0,0,292.236,124.276,135,189,-0.839,0.364,-0.035,0.035,96,268.539,114.111,-2.378,-0.773,0,0,0,0,0,0,0,0,3506

Main.js:462 187.024,294.812,309,309,0.213,-0.176,0,0,0,1,0,0,0,0,0,0,332.336,187.407,2.023,-1.469,0,0,0,0,0,0,0,0,291.406,124.655,133.5,186,-0.83,0.38,-0.034,0.036,95,266.162,113.339,-2.378,-0.773,0,0,0,0,0,0,0,0,3523

Main.js:462 187.226,294.645,307.5,307.5,0.202,-0.167,0,0,0,1,0,0,0,0,0,0,334.359,185.938,2.023,-1.469,0,0,0,0,0,0,0,0,290.586,125.052,132,183,-0.82,0.396,-0.033,0.037,94,263.784,112.566,-2.378,-0.773,0,0,0,0,0,0,0,0,3538

Main.js:462 187.419,294.486,306,306,0.192,-0.159,0,0,99,1,0,0,0,1,0,0,336.382,184.468,2.023,-1.469,0,0,0,0,0,0,0,0,289.775,125.464,130.5,180,-0.81,0.412,-0.032,0.038,93,261.406,111.794,-2.378,-0.773,0,0,0,0,0,0,0,0,3554

Main.js:462 187.602,294.335,304.5,304.5,0.183,-0.151,0,0,98,1,0,0,0,1,0,0,338.404,182.999,2.023,-1.469,201.039,275.633,1.469,-2.023,0,0,0,0,288.976,125.893,129,177,-0.8,0.429,-0.031,0.039,92,259.029,111.021,-2.378,-0.773,0,0,0,0,0,0,0,0,3571

Main.js:462 187.775,294.191,303,303,0.174,-0.143,0,0,97,1,0,0,0,1,0,0,340.427,181.529,2.023,-1.469,202.509,273.61,1.469,-2.023,0,0,0,0,288.187,126.338,127.5,174,-0.789,0.445,-0.03,0.04,91,256.651,110.249,-2.378,-0.773,0,0,0,0,0,0,0,0,3588

Main.js:462 187.94,294.055,301.5,301.5,0.165,-0.136,0,0,96,1,0,0,0,1,0,0,342.449,180.06,2.023,-1.469,203.978,271.588,1.469,-2.023,0,0,0,0,287.41,126.799,126,171,-0.777,0.461,-0.029,0.04,90,254.273,109.476,-2.378,-0.773,0,0,0,0,0,0,0,0,3604

Main.js:462 188.097,293.926,300,300,0.157,-0.129,0,0,95,1,0,0,0,1,0,0,344.472,178.59,2.023,-1.469,205.448,269.565,1.469,-2.023,0,0,0,0,286.645,127.276,124.5,168,-0.765,0.477,-0.028,0.041,89,251.896,108.704,-2.378,-0.773,0,0,0,0,0,0,0,0,3621

Main.js:462 188.246,293.803,298.5,298.5,0.149,-0.123,0,0,94,1,0,0,0,0,0,0,346.494,177.121,2.023,-1.469,206.917,267.543,1.469,-2.023,0,0,0,0,285.893,127.769,123,165,-0.753,0.493,-0.027,0.042,88,249.518,107.931,-2.378,-0.773,0,0,0,0,0,0,0,0,3638

Main.js:462 188.387,293.686,297,297,0.141,-0.117,0,0,93,1,0,0,0,0,0,0,348.517,175.651,2.023,-1.469,208.387,265.52,1.469,-2.023,0,0,0,0,285.153,128.278,121.5,162,-0.74,0.509,-0.026,0.043,87,247.141,107.159,-2.378,-0.773,0,0,0,0,0,0,0,0,3654

Main.js:462 188.521,293.575,295.5,295.5,0.134,-0.111,0,0,92,1,0,0,0,0,0,0,350.539,174.182,2.023,-1.469,209.856,263.497,1.469,-2.023,0,0,0,0,284.426,128.803,120,159,-0.727,0.525,-0.025,0.043,86,244.763,106.386,-2.378,-0.773,0,0,0,0,0,0,0,0,3671

Main.js:462 188.649,293.469,294,294,0.128,-0.105,0,0,91,1,0,0,0,0,0,0,352.562,172.712,2.023,-1.469,211.326,261.475,1.469,-2.023,0,0,0,0,283.713,129.343,118.5,156,-0.713,0.54,-0.024,0.044,85,242.385,105.613,-2.378,-0.773,0,0,0,0,0,0,0,0,3689

Main.js:462 188.77,293.369,292.5,292.5,0.121,-0.1,0,0,90,1,0,0,0,0,0,0,354.584,171.243,2.023,-1.469,212.795,259.452,1.469,-2.023,0,0,0,0,283.014,129.899,117,153,-0.699,0.556,-0.023,0.045,84,240.008,104.841,-2.378,-0.773,0,0,0,0,0,0,0,0,3705

Main.js:462 188.885,293.274,291,291,0.115,-0.095,0,0,89,1,0,0,0,1,0,0,356.607,169.773,2.023,-1.469,214.265,257.43,1.469,-2.023,0,0,0,0,282.33,130.47,115.5,150,-0.684,0.571,-0.022,0.045,83,237.63,104.068,-2.378,-0.773,0,0,0,0,0,0,0,0,3721

Main.js:462 188.995,293.184,291,291,0.109,-0.09,0,0,88,0,0,0,0,1,0,0,358.629,168.304,2.023,-1.469,215.734,255.407,1.469,-2.023,0,0,0,0,281.66,131.055,114,147,-0.669,0.586,-0.02,0.046,82,235.252,103.296,-2.378,-0.773,0,0,0,0,0,0,0,0,3740

Main.js:462 189.099,293.098,291,291,0.104,-0.086,0,0,87,0,0,0,0,1,0,0,360.652,166.835,2.023,-1.469,217.203,253.385,1.469,-2.023,0,0,0,0,281.006,131.655,112.5,144,-0.654,0.6,-0.019,0.046,81,232.875,102.523,-2.378,-0.773,0,0,0,0,0,0,0,0,3756

Main.js:462 189.197,293.016,291,291,0.099,-0.082,0,0,86,0,0,0,0,1,0,0,362.675,165.365,2.023,-1.469,218.673,251.362,1.469,-2.023,0,0,0,0,280.368,132.27,111,141,-0.638,0.614,-0.018,0.047,80,230.497,101.751,-2.378,-0.773,0,0,0,0,0,0,0,0,3772

Main.js:462 189.291,292.939,291,291,0.094,-0.077,0,0,85,0,0,0,0,1,0,0,364.697,163.896,2.023,-1.469,220.142,249.34,1.469,-2.023,0,0,0,0,279.745,132.898,109.5,138,-0.622,0.629,-0.017,0.047,79,228.119,100.978,-2.378,-0.773,0,0,0,0,0,0,0,0,3789

Main.js:462 189.38,292.865,291,291,0.089,-0.074,0,0,84,0,0,0,0,1,0,0,366.72,162.426,2.023,-1.469,221.612,247.317,1.469,-2.023,0,0,0,0,279.139,133.541,108,135,-0.606,0.642,-0.015,0.048,78,225.742,100.206,-2.378,-0.773,0,0,0,0,0,0,0,0,3805

Main.js:462 189.465,292.795,291,291,0.085,-0.07,0,0,83,0,0,0,0,0,0,0,368.742,160.957,2.023,-1.469,223.081,245.295,1.469,-2.023,0,0,0,0,278.55,134.196,106.5,132,-0.589,0.656,-0.014,0.048,77,223.364,99.433,-2.378,-0.773,0,0,0,0,0,0,0,0,3823

Main.js:462 189.545,292.729,291,291,0.08,-0.066,0,0,82,0,0,0,0,0,0,0,370.765,159.487,2.023,-1.469,224.551,243.272,1.469,-2.023,0,0,0,0,277.978,134.865,105,129,-0.572,0.669,-0.013,0.048,76,220.987,98.661,-2.378,-0.773,0,0,0,0,0,0,0,0,3839

Main.js:462 189.622,292.666,291,291,0.076,-0.063,0,0,81,0,0,0,0,0,0,0,372.787,158.018,2.023,-1.469,226.02,241.249,1.469,-2.023,0,0,0,0,277.424,135.547,103.5,126,-0.554,0.682,-0.012,0.049,75,218.609,97.888,-2.378,-0.773,0,0,0,0,0,0,0,0,3855

Main.js:462 189.694,292.606,291,291,0.073,-0.06,0,0,80,0,0,0,0,0,0,0,374.81,156.548,2.023,-1.469,227.49,239.227,1.469,-2.023,0,0,0,0,276.887,136.241,102,123,-0.537,0.694,-0.01,0.049,74,216.231,97.115,-2.378,-0.773,0,0,0,0,0,0,0,0,3888

Main.js:462 189.763,292.549,291,291,0.069,-0.057,0,0,79,0,0,0,0,1,0,0,376.832,155.079,2.023,-1.469,228.959,237.204,1.469,-2.023,0,0,0,0,276.369,136.946,100.5,120,-0.518,0.706,-0.009,0.049,73,213.854,96.343,-2.378,-0.773,0,0,0,0,0,0,0,0,3904

Main.js:462 189.829,292.495,291,291,0.066,-0.054,0,0,78,0,0,0,0,1,0,0,378.855,153.609,2.023,-1.469,230.429,235.182,1.469,-2.023,0,0,0,0,275.869,137.664,99,117,-0.5,0.718,-0.008,0.049,72,211.476,95.57,-2.378,-0.773,0,0,0,0,0,0,0,0,3921

Main.js:462 189.891,292.443,291,291,0.062,-0.051,0,0,77,0,0,0,0,1,0,0,380.877,152.14,2.023,-1.469,231.898,233.159,1.469,-2.023,0,0,0,0,275.388,138.393,97.5,114,-0.481,0.729,-0.007,0.05,71,209.098,94.798,-2.378,-0.773,0,0,0,0,0,0,0,0,3938

Main.js:462 189.95,292.394,291,291,0.059,-0.049,0,0,76,0,0,0,0,1,0,0,382.9,150.67,2.023,-1.469,233.368,231.137,1.469,-2.023,0,0,0,0,274.925,139.132,96,111,-0.462,0.74,-0.005,0.05,70,206.721,94.025,-2.378,-0.773,0,0,0,0,0,0,0,0,3954

Main.js:462 190.006,292.348,291,291,0.056,-0.046,0,0,75,0,0,0,0,1,0,0,384.923,149.201,2.023,-1.469,234.837,229.114,1.469,-2.023,0,0,0,0,274.483,139.882,94.5,108,-0.443,0.75,-0.004,0.05,69,204.343,93.253,-2.378,-0.773,0,0,0,0,0,0,0,0,3971

Main.js:462 190.06,292.304,291,291,0.053,-0.044,0,0,74,0,0,0,0,1,0,0,386.945,147.732,2.023,-1.469,236.307,227.092,1.469,-2.023,0,0,0,0,274.06,140.642,93,105,-0.423,0.76,-0.003,0.05,68,201.965,92.48,-2.378,-0.773,0,0,0,0,0,0,0,0,3988

Main.js:462 190.11,292.262,291,291,0.051,-0.042,0,0,73,0,0,0,0,0,0,0,388.968,146.262,2.023,-1.469,237.776,225.069,1.469,-2.023,0,0,0,0,273.657,141.412,91.5,102,-0.403,0.769,-0.001,0.05,67,199.588,91.708,-2.378,-0.773,0,0,0,0,0,0,0,0,4006

Main.js:462 190.158,292.222,291,291,0.048,-0.04,0,0,72,0,0,0,0,0,0,0,390.99,144.793,2.023,-1.469,239.245,223.047,1.469,-2.023,0,0,0,0,273.271,142.19,93,102,-0.385,0.778,-0.003,0.05,66,197.21,90.935,-2.378,-0.773,0,0,0,0,0,0,0,0,4023

Main.js:462 190.204,292.185,291,291,0.046,-0.038,0,0,71,0,0,0,0,0,0,0,393.013,143.323,2.023,-1.469,240.715,221.024,1.469,-2.023,0,0,0,0,272.901,142.977,94.5,102,-0.37,0.787,-0.004,0.05,65,194.832,90.163,-2.378,-0.773,0,0,0,0,0,0,0,0,4038

Main.js:462 190.248,292.149,291,291,0.043,-0.036,0,0,70,0,0,0,0,0,0,0,395.035,141.854,2.023,-1.469,242.184,219.002,1.469,-2.023,0,0,0,0,272.545,143.771,96,102,-0.356,0.795,-0.005,0.05,64,192.455,89.39,-2.378,-0.773,0,0,0,0,0,0,0,0,4054

Main.js:462 190.289,292.115,291,291,0.041,-0.034,0,0,69,0,0,0,0,0,0,0,397.058,140.384,2.023,-1.469,243.654,216.979,1.469,-2.023,0,0,0,0,272.2,144.573,97.5,102,-0.345,0.802,-0.007,0.05,63,190.077,88.618,-2.378,-0.773,0,0,0,0,0,0,0,0,4072

Main.js:462 190.328,292.082,291,291,0.039,-0.032,0,0,68,0,0,0,0,0,0,0,399.08,138.915,2.023,-1.469,245.123,214.956,1.469,-2.023,0,0,0,0,271.865,145.382,99,102,-0.335,0.809,-0.008,0.049,62,187.7,87.845,-2.378,-0.773,0,0,0,0,0,0,0,0,4087

Main.js:462 190.365,292.051,291,291,0.037,-0.031,0,0,67,0,0,0,0,0,0,0,401.103,137.445,2.023,-1.469,246.593,212.934,1.469,-2.023,0,0,0,0,271.538,146.197,100.5,102,-0.327,0.815,-0.009,0.049,61,185.322,87.072,-2.378,-0.773,0,0,0,0,0,0,0,0,4105

Main.js:462 190.401,292.022,291,291,0.035,-0.029,0,0,66,0,0,0,0,1,0,0,403.125,135.976,2.023,-1.469,248.062,210.911,1.469,-2.023,0,0,0,0,271.218,147.018,102,102,-0.32,0.821,-0.01,0.049,60,182.944,86.3,-2.378,-0.773,0,0,0,0,0,0,0,0,4122

Main.js:462 190.434,291.994,291,291,0.034,-0.028,0,0,65,0,0,0,0,1,0,0,405.148,134.506,2.023,-1.469,249.532,208.889,1.469,-2.023,0,0,0,0,270.902,147.844,103.5,102,-0.315,0.826,-0.012,0.049,59,180.567,85.527,-2.378,-0.773,0,0,0,0,0,0,0,0,4138

Main.js:462 190.466,291.968,291,291,0.032,-0.026,0,0,64,0,0,0,0,1,0,0,407.171,133.037,2.023,-1.469,251.001,206.866,1.469,-2.023,0,0,0,0,270.59,148.675,105,102,-0.312,0.831,-0.013,0.048,58,178.189,84.755,-2.378,-0.773,0,0,0,0,0,0,0,0,4154

Main.js:462 190.497,291.943,291,291,0.03,-0.025,0,0,63,0,0,0,0,1,0,0,409.193,131.567,2.023,-1.469,252.471,204.844,1.469,-2.023,0,0,0,0,270.28,149.509,106.5,102,-0.31,0.835,-0.014,0.048,57,175.811,83.982,-2.378,-0.773,0,0,0,0,0,0,0,0,4172

Main.js:462 190.526,291.919,291,291,0.029,-0.024,0,0,62,0,0,0,0,1,0,0,411.216,130.098,2.023,-1.469,253.94,202.821,1.469,-2.023,0,0,0,0,269.971,150.347,108,102,-0.309,0.838,-0.015,0.048,56,173.434,83.21,-2.378,-0.773,0,0,0,0,0,0,0,0,4187

Main.js:462 190.553,291.896,291,291,0.027,-0.023,0,0,61,0,0,0,0,0,0,0,413.238,128.629,2.023,-1.469,255.41,200.799,1.469,-2.023,0,0,0,0,269.662,151.188,109.5,102,-0.309,0.841,-0.017,0.047,55,171.056,82.437,-2.378,-0.773,0,0,0,0,0,0,0,0,4204

Main.js:462 190.579,291.875,291,291,0.026,-0.021,0,0,60,0,0,0,0,0,0,0,415.261,127.159,2.023,-1.469,256.879,198.776,1.469,-2.023,0,0,0,0,269.351,152.031,111,102,-0.311,0.843,-0.018,0.047,54,168.678,81.665,-2.378,-0.773,0,0,0,0,0,0,0,0,4222

Main.js:462 190.604,291.854,291,291,0.025,-0.02,0,0,59,0,0,0,0,0,0,0,417.283,125.69,2.023,-1.469,258.348,196.754,1.469,-2.023,0,0,0,0,269.037,152.876,112.5,102,-0.314,0.845,-0.019,0.046,53,166.301,80.892,-2.378,-0.773,0,0,0,0,0,0,0,0,4238

Main.js:462 190.627,291.835,291,291,0.023,-0.019,0,0,58,0,0,0,0,0,0,0,419.306,124.22,2.023,-1.469,259.818,194.731,1.469,-2.023,0,0,0,0,268.72,153.722,114,102,-0.317,0.846,-0.02,0.046,52,163.923,80.12,-2.378,-0.773,0,0,0,0,0,0,0,0,4256

Main.js:462 190.649,291.817,291,291,0.022,-0.018,0,0,57,0,0,0,0,0,0,0,421.328,122.751,2.023,-1.469,261.287,192.708,1.469,-2.023,0,0,0,0,268.398,154.569,115.5,102,-0.322,0.847,-0.022,0.045,51,161.545,79.347,-2.378,-0.773,0,0,0,0,0,0,0,0,4272

Main.js:462 190.671,291.799,291,291,0.021,-0.018,0,0,56,0,0,0,0,0,0,0,423.351,121.281,2.023,-1.469,262.757,190.686,1.469,-2.023,0,0,0,0,268.071,155.416,117,102,-0.327,0.847,-0.023,0.045,50,159.168,78.574,-2.378,-0.773,0,0,0,0,0,0,0,0,4289

Main.js:462 190.691,291.782,291,291,0.02,-0.017,0,0,55,0,0,0,0,0,0,0,425.373,119.812,2.023,-1.469,264.226,188.663,1.469,-2.023,0,0,0,0,267.737,156.262,118.5,102,-0.334,0.846,-0.024,0.044,49,156.79,77.802,-2.378,-0.773,0,0,0,0,0,0,0,0,4306

Main.js:462 190.71,291.767,291,291,0.019,-0.016,0,0,54,0,0,0,0,0,0,0,427.396,118.342,2.023,-1.469,265.696,186.641,1.469,-2.023,0,0,0,0,267.396,157.106,120,102,-0.341,0.845,-0.025,0.043,48,154.413,77.029,-2.378,-0.773,0,0,0,0,0,0,0,0,4323

Main.js:462 190.728,291.752,291,291,0.018,-0.015,0,0,53,0,0,0,0,0,0,0,429.418,116.873,2.023,-1.469,267.165,184.618,1.469,-2.023,0,0,0,0,267.048,157.95,121.5,102,-0.348,0.843,-0.026,0.043,47,152.035,76.257,-2.378,-0.773,0,0,0,0,0,0,0,0,4338

Main.js:462 190.745,291.737,291,291,0.017,-0.014,0,0,52,0,0,0,0,0,0,0,431.441,115.403,2.023,-1.469,268.635,182.596,1.469,-2.023,0,0,0,0,266.691,158.79,123,102,-0.357,0.841,-0.027,0.042,46,149.657,75.484,-2.378,-0.773,0,0,0,0,0,0,0,0,4356

Main.js:462 190.762,291.724,291,291,0.016,-0.014,0,0,51,0,0,0,0,0,0,0,433.464,113.934,2.023,-1.469,270.104,180.573,1.469,-2.023,0,0,0,0,266.325,159.628,124.5,102,-0.366,0.838,-0.028,0.041,45,147.28,74.712,-2.378,-0.773,0,0,0,0,0,0,0,0,4421

Main.js:462 190.777,291.711,291,291,0.016,-0.013,0,0,50,0,0,0,0,0,0,0,435.486,112.464,2.023,-1.469,271.574,178.551,1.469,-2.023,0,0,0,0,265.949,160.463,126,102,-0.376,0.834,-0.029,0.04,44,144.902,73.939,-2.378,-0.773,0,0,0,0,0,0,0,0,4438

Main.js:462 190.792,291.699,291,291,0.015,-0.012,0,0,49,0,0,0,0,0,0,0,437.509,110.995,2.023,-1.469,273.043,176.528,1.469,-2.023,0,0,0,0,265.563,161.293,127.5,102,-0.386,0.83,-0.03,0.04,43,142.524,73.167,-2.378,-0.773,0,0,0,0,0,0,0,0,4454

Main.js:462 190.806,291.687,291,291,0.014,-0.012,0,0,48,0,0,0,0,0,0,0,437.509,110.995,2.023,-1.469,273.043,176.528,1.469,-2.023,0,0,0,0,265.167,162.119,129,102,-0.396,0.826,-0.031,0.039,42,140.147,72.394,-2.378,-0.773,0,0,0,0,0,0,0,0,4472

