Main.js:143 myTank.x,myTank.y,myTank.rotation,myTank.cannonRotation,myTank.velocityX,myTank.velocityY,myTank.accelerationX,myTank.accelerationY,myTank.shootCooldown,myTank.controls.turnLeft,myTank.controls.turnRight,myTank.controls.goForward,myTank.controls.goBack,myTank.controls.shoot,myTank.controls.cannonLeft,myTank.controls.cannonRight,myBullet1.x,myBullet1.y,myBullet1.velocityX,myBullet1.velocityY,myBullet2.x,myBullet2.y,myBullet2.velocityX,myBullet2.velocityY,myBullet3.x,myBullet3.y,myBullet3.velocityX,myBullet3.velocityY,enemyTank.x,enemyTank.y,enemyTank.rotation,enemyTank.cannonRotation,enemyTank.velocityX,enemyTank.velocityY,enemyTank.accelerationX,enemyTank.accelerationY,enemyTank.shootCooldown,enemyBullet1.x,enemyBullet1.y,enemyBullet1.velocityX,enemyBullet1.velocityY,enemyBullet2.x,enemyBullet2.y,enemyBullet2.velocityX,enemyBullet2.velocityY,enemyBullet3.x,enemyBullet3.y,enemyBullet3.velocityX,enemyBullet3.velocityY,currentGameTime
Main.js:462 450,153,180,180,0,0,0,0,0,0,0,0,0,0,0,0,0,0,0,0,0,0,0,0,0,0,0,0,50,347,0,0,0,0,0,0,0,0,0,0,0,0,0,0,0,0,0,0,0,5

Main.js:462 450,153,180,180,0,0,0,0,0,0,0,0,0,0,0,0,0,0,0,0,0,0,0,0,0,0,0,0,50,347,0,0,0,0,0,0,0,0,0,0,0,0,0,0,0,0,0,0,0,21

Main.js:462 450,153,180,180,0,0,0,0,0,0,0,0,0,0,0,0,0,0,0,0,0,0,0,0,0,0,0,0,50,347,0,0,0,0,0,0,0,0,0,0,0,0,0,0,0,0,0,0,0,38

Main.js:462 450,153,180,180,0,0,0,0,0,0,0,0,0,0,0,0,0,0,0,0,0,0,0,0,0,0,0,0,50.047,347.001,1.5,0,0.047,0.001,0.05,0.001,99,0,0,0,0,0,0,0,0,0,0,0,0,55

Main.js:462 450,153,180,180,0,0,0,0,0,0,0,0,0,0,0,0,0,0,0,0,0,0,0,0,0,0,0,0,50.14,347.005,3,0,0.093,0.004,0.05,0.003,98,73.5,347,2.5,0,0,0,0,0,0,0,0,0,70

Main.js:462 450,153,180,180,0,0,0,0,0,0,0,0,0,0,0,0,0,0,0,0,0,0,0,0,0,0,0,0,50.275,347.012,4.5,0,0.135,0.007,0.05,0.004,97,76,347,2.5,0,0,0,0,0,0,0,0,0,88

Main.js:462 450,153,180,180,0,0,0,0,0,0,0,0,0,0,0,0,0,0,0,0,0,0,0,0,0,0,0,0,50.451,347.024,6,0,0.176,0.012,0.05,0.005,96,78.5,347,2.5,0,0,0,0,0,0,0,0,0,104

Main.js:462 450,153,180,180,0,0,0,0,0,0,0,0,0,0,0,0,0,0,0,0,0,0,0,0,0,0,0,0,50.665,347.041,7.5,0,0.214,0.017,0.05,0.007,95,81,347,2.5,0,0,0,0,0,0,0,0,0,120

Main.js:462 450,153,180,180,0,0,0,0,0,0,0,0,0,0,0,0,0,0,0,0,0,0,0,0,0,0,0,0,50.915,347.065,9,0,0.25,0.024,0.049,0.008,94,83.5,347,2.5,0,0,0,0,0,0,0,0,0,139

Main.js:462 450,153,180,180,0,0,0,0,0,0,0,0,0,0,0,0,0,0,0,0,0,0,0,0,0,0,0,0,51.2,347.097,10.5,0,0.284,0.031,0.049,0.009,93,86,347,2.5,0,0,0,0,0,0,0,0,0,156

Main.js:462 450,153,180,180,0,0,0,0,0,0,0,0,0,0,0,0,0,0,0,0,0,0,0,0,0,0,0,0,51.517,347.137,12,0,0.317,0.04,0.049,0.01,92,88.5,347,2.5,0,0,0,0,0,0,0,0,0,171

Main.js:462 449.953,153,180,180,-0.047,0,-0.05,0,0,0,0,1,0,0,0,0,0,0,0,0,0,0,0,0,0,0,0,0,51.864,347.185,13.5,0,0.347,0.049,0.049,0.012,91,91,347,2.5,0,0,0,0,0,0,0,0,0,188

Main.js:462 449.86,153,180,180,-0.093,0,-0.05,0,0,0,0,1,0,0,0,0,0,0,0,0,0,0,0,0,0,0,0,0,52.239,347.244,15,0,0.376,0.059,0.048,0.013,90,93.5,347,2.5,0,0,0,0,0,0,0,0,0,205

Main.js:462 449.724,153,180,180,-0.135,0,-0.05,0,0,0,0,1,0,0,0,0,0,0,0,0,0,0,0,0,0,0,0,0,52.641,347.313,16.5,0,0.402,0.069,0.048,0.014,89,96,347,2.5,0,0,0,0,0,0,0,0,0,221

Main.js:462 449.548,153,180,180,-0.176,0,-0.05,0,0,0,0,1,0,0,0,0,0,0,0,0,0,0,0,0,0,0,0,0,53.069,347.394,18,0,0.427,0.08,0.048,0.015,88,98.5,347,2.5,0,0,0,0,0,0,0,0,0,238

Main.js:462 449.333,153,180,180,-0.215,0,-0.05,0,0,0,0,1,0,0,0,0,0,0,0,0,0,0,0,0,0,0,0,0,53.52,347.486,19.5,0,0.451,0.092,0.047,0.017,87,101,347,2.5,0,0,0,0,0,0,0,0,0,255

Main.js:462 449.082,153,180,180,-0.252,0,-0.05,0,0,0,0,1,0,0,0,0,0,0,0,0,0,0,0,0,0,0,0,0,53.992,347.591,21,0,0.473,0.105,0.047,0.018,86,103.5,347,2.5,0,0,0,0,0,0,0,0,0,270

Main.js:462 448.795,153,180,180,-0.287,0,-0.05,0,0,0,0,1,0,0,0,0,0,0,0,0,0,0,0,0,0,0,0,0,54.485,347.708,22.5,0,0.493,0.118,0.046,0.019,85,106,347,2.5,0,0,0,0,0,0,0,0,0,288

Main.js:462 448.475,153,180,180,-0.32,0,-0.05,0,0,0,0,1,0,0,0,0,0,0,0,0,0,0,0,0,0,0,0,0,54.997,347.84,24,0,0.512,0.131,0.046,0.02,84,108.5,347,2.5,0,0,0,0,0,0,0,0,0,305

Main.js:462 448.124,153,180,180,-0.351,0,-0.05,0,0,0,0,1,0,0,0,0,0,0,0,0,0,0,0,0,0,0,0,0,55.526,347.985,25.5,0,0.529,0.145,0.045,0.022,83,111,347,2.5,0,0,0,0,0,0,0,0,0,321

Main.js:462 447.743,153,180,180,-0.381,0,-0.05,0,0,0,0,1,0,0,0,0,0,0,0,0,0,0,0,0,0,0,0,0,56.07,348.144,27,0,0.545,0.159,0.045,0.023,82,113.5,347,2.5,0,0,0,0,0,0,0,0,0,337

Main.js:462 447.333,153,180,180,-0.41,0,-0.05,0,0,0,0,1,0,0,0,0,0,0,0,0,0,0,0,0,0,0,0,0,56.63,348.318,28.5,0,0.559,0.174,0.044,0.024,81,116,347,2.5,0,0,0,0,0,0,0,0,0,356

Main.js:462 446.897,153,180,180,-0.437,0,-0.05,0,0,0,0,1,0,0,0,0,0,0,0,0,0,0,0,0,0,0,0,0,57.202,348.507,30,0,0.572,0.189,0.043,0.025,80,118.5,347,2.5,0,0,0,0,0,0,0,0,0,370

Main.js:462 446.434,153,180,180,-0.462,0,-0.05,0,0,0,0,1,0,0,0,0,0,0,0,0,0,0,0,0,0,0,0,0,57.787,348.711,31.5,0,0.584,0.204,0.043,0.026,79,121,347,2.5,0,0,0,0,0,0,0,0,0,387

Main.js:462 445.947,153,180,180,-0.487,0,-0.05,0,0,0,0,1,0,0,0,0,0,0,0,0,0,0,0,0,0,0,0,0,58.382,348.931,33,0,0.595,0.22,0.042,0.027,78,123.5,347,2.5,0,0,0,0,0,0,0,0,0,405

Main.js:462 445.438,153.001,178.5,178.5,-0.51,0.001,-0.05,0.001,0,1,0,1,0,0,0,0,0,0,0,0,0,0,0,0,0,0,0,0,58.986,349.167,34.5,0,0.604,0.236,0.041,0.028,77,126,347,2.5,0,0,0,0,0,0,0,0,0,420

Main.js:462 444.906,153.005,177,177,-0.532,0.004,-0.05,0.003,0,1,0,1,0,0,0,0,0,0,0,0,0,0,0,0,0,0,0,0,59.598,349.419,36,0,0.613,0.252,0.04,0.029,76,128.5,347,2.5,0,0,0,0,0,0,0,0,0,437

Main.js:462 444.353,153.012,175.5,175.5,-0.553,0.007,-0.05,0.004,0,1,0,1,0,0,0,0,0,0,0,0,0,0,0,0,0,0,0,0,60.218,349.688,37.5,0,0.62,0.268,0.04,0.03,75,131,347,2.5,0,0,0,0,0,0,0,0,0,453

Main.js:462 443.781,153.024,174,174,-0.572,0.012,-0.05,0.005,0,1,0,1,0,0,0,0,0,0,0,0,0,0,0,0,0,0,0,0,60.844,349.973,39,0,0.626,0.285,0.039,0.031,74,133.5,347,2.5,0,0,0,0,0,0,0,0,0,471

Main.js:462 443.19,153.041,172.5,172.5,-0.591,0.017,-0.05,0.007,0,1,0,1,0,0,0,0,0,0,0,0,0,0,0,0,0,0,0,0,61.474,350.274,40.5,0,0.63,0.301,0.038,0.032,73,136,347,2.5,0,0,0,0,0,0,0,0,0,489

Main.js:462 442.582,153.065,171,171,-0.608,0.024,-0.049,0.008,0,1,0,1,0,0,0,0,0,0,0,0,0,0,0,0,0,0,0,0,62.108,350.592,42,0,0.634,0.318,0.037,0.033,72,138.5,347,2.5,0,0,0,0,0,0,0,0,0,504

Main.js:462 441.958,153.097,169.5,169.5,-0.624,0.031,-0.049,0.009,0,1,0,1,0,0,0,0,0,0,0,0,0,0,0,0,0,0,0,0,62.746,350.926,42,358.5,0.638,0.334,0.037,0.033,71,141,347,2.5,0,0,0,0,0,0,0,0,0,520

Main.js:462 441.318,153.137,168,168,-0.64,0.04,-0.049,0.01,0,1,0,1,0,0,0,0,0,0,0,0,0,0,0,0,0,0,0,0,63.387,351.276,42,357,0.641,0.349,0.037,0.033,70,143.5,347,2.5,0,0,0,0,0,0,0,0,0,539

Main.js:462 440.665,153.185,166.5,166.5,-0.654,0.049,-0.049,0.012,0,1,0,1,0,0,0,0,0,0,0,0,0,0,0,0,0,0,0,0,64.032,351.639,42,355.5,0.644,0.363,0.037,0.033,69,146,347,2.5,0,0,0,0,0,0,0,0,0,555

Main.js:462 439.998,153.244,165,165,-0.667,0.059,-0.048,0.013,0,1,0,1,0,0,0,0,0,0,0,0,0,0,0,0,0,0,0,0,64.679,352.016,42,354,0.647,0.377,0.037,0.033,68,148.5,347,2.5,0,0,0,0,0,0,0,0,0,572

Main.js:462 439.318,153.313,163.5,163.5,-0.679,0.069,-0.048,0.014,0,1,0,1,0,0,0,0,0,0,0,0,0,0,0,0,0,0,0,0,65.329,352.406,42,352.5,0.65,0.39,0.037,0.033,67,151,347,2.5,0,0,0,0,0,0,0,0,0,588

Main.js:462 438.628,153.394,162,162,-0.69,0.08,-0.048,0.015,0,1,0,1,0,0,0,0,0,0,0,0,0,0,0,0,0,0,0,0,65.983,352.808,42,351,0.653,0.402,0.037,0.033,66,153.5,347,2.5,0,0,0,0,0,0,0,0,0,604

Main.js:462 437.927,153.486,160.5,160.5,-0.701,0.092,-0.047,0.017,0,1,0,1,0,0,0,0,0,0,0,0,0,0,0,0,0,0,0,0,66.639,353.222,42,349.5,0.656,0.414,0.037,0.033,65,156,347,2.5,0,0,0,0,0,0,0,0,0,623

Main.js:462 437.217,153.591,159,159,-0.71,0.105,-0.047,0.018,0,1,0,1,0,0,0,0,0,0,0,0,0,0,0,0,0,0,0,0,67.297,353.647,42,348,0.658,0.425,0.037,0.033,64,158.5,347,2.5,0,0,0,0,0,0,0,0,0,638

Main.js:462 436.499,153.708,157.5,157.5,-0.718,0.118,-0.046,0.019,0,1,0,1,0,0,0,0,0,0,0,0,0,0,0,0,0,0,0,0,67.958,354.083,42,346.5,0.661,0.436,0.037,0.033,63,161,347,2.5,0,0,0,0,0,0,0,0,0,655

Main.js:462 435.773,153.84,156,156,-0.726,0.131,-0.046,0.02,0,1,0,1,0,0,0,0,0,0,0,0,0,0,0,0,0,0,0,0,68.621,354.529,42,345,0.663,0.446,0.037,0.033,62,163.5,347,2.5,0,0,0,0,0,0,0,0,0,672

Main.js:462 435.041,153.985,154.5,154.5,-0.732,0.145,-0.045,0.022,0,1,0,1,0,0,0,0,0,0,0,0,0,0,0,0,0,0,0,0,69.286,354.984,42,343.5,0.665,0.455,0.037,0.033,61,166,347,2.5,0,0,0,0,0,0,0,0,0,688

Main.js:462 434.303,154.144,153,153,-0.738,0.159,-0.045,0.023,0,1,0,1,0,0,0,0,0,0,0,0,0,0,0,0,0,0,0,0,69.953,355.448,42,342,0.667,0.464,0.037,0.033,60,168.5,347,2.5,0,0,0,0,0,0,0,0,0,704

Main.js:462 433.559,154.317,153,153,-0.744,0.173,-0.045,0.023,0,0,0,1,0,0,0,0,0,0,0,0,0,0,0,0,0,0,0,0,70.622,355.92,42,340.5,0.669,0.473,0.037,0.033,59,171,347,2.5,0,0,0,0,0,0,0,0,0,721

Main.js:462 432.811,154.503,153,153,-0.749,0.186,-0.045,0.023,0,0,0,1,0,0,0,0,0,0,0,0,0,0,0,0,0,0,0,0,71.293,356.401,42,339,0.671,0.481,0.037,0.033,58,173.5,347,2.5,0,0,0,0,0,0,0,0,0,738

Main.js:462 432.057,154.701,153,153,-0.754,0.198,-0.045,0.023,0,0,0,1,0,0,0,0,0,0,0,0,0,0,0,0,0,0,0,0,71.966,356.89,42,337.5,0.673,0.489,0.037,0.033,57,176,347,2.5,0,0,0,0,0,0,0,0,0,756

Main.js:462 431.299,154.91,153,153,-0.758,0.21,-0.045,0.023,0,0,0,1,0,0,0,0,0,0,0,0,0,0,0,0,0,0,0,0,72.64,357.386,42,336,0.674,0.496,0.037,0.033,56,178.5,347,2.5,0,0,0,0,0,0,0,0,0,770

Main.js:462 430.536,155.131,153,153,-0.763,0.221,-0.045,0.023,0,0,0,1,0,0,0,0,0,0,0,0,0,0,0,0,0,0,0,0,73.316,357.889,42,334.5,0.676,0.503,0.037,0.033,55,181,347,2.5,0,0,0,0,0,0,0,0,0,788

Main.js:462 429.769,155.363,153,153,-0.767,0.231,-0.045,0.023,0,0,0,1,0,0,0,0,0,0,0,0,0,0,0,0,0,0,0,0,73.994,358.398,42,333,0.677,0.51,0.037,0.033,54,183.5,347,2.5,0,0,0,0,0,0,0,0,0,805

Main.js:462 428.999,155.604,153,153,-0.771,0.241,-0.045,0.023,0,0,0,1,0,0,0,0,0,0,0,0,0,0,0,0,0,0,0,0,74.672,358.914,42,331.5,0.679,0.516,0.037,0.033,53,186,347,2.5,0,0,0,0,0,0,0,0,0,821

Main.js:462 428.224,155.855,153,153,-0.775,0.251,-0.045,0.023,0,0,0,1,0,0,0,0,0,0,0,0,0,0,0,0,0,0,0,0,75.353,359.436,42,330,0.68,0.522,0.037,0.033,52,188.5,347,2.5,0,0,0,0,0,0,0,0,0,838

Main.js:462 427.446,156.115,153,153,-0.778,0.26,-0.045,0.023,0,0,0,1,0,0,0,0,0,0,0,0,0,0,0,0,0,0,0,0,76.034,359.964,42,328.5,0.682,0.528,0.037,0.033,51,191,347,2.5,0,0,0,0,0,0,0,0,0,888

Main.js:462 426.665,156.384,151.5,151.5,-0.781,0.27,-0.044,0.024,0,1,0,1,0,0,0,0,0,0,0,0,0,0,0,0,0,0,0,0,76.717,360.497,42,327,0.683,0.533,0.037,0.033,50,193.5,347,2.5,0,0,0,0,0,0,0,0,0,921

Main.js:462 425.882,156.664,150,150,-0.783,0.28,-0.043,0.025,0,1,0,1,0,0,0,0,0,0,0,0,0,0,0,0,0,0,0,0,77.401,361.035,42,325.5,0.684,0.538,0.037,0.033,49,196,347,2.5,0,0,0,0,0,0,0,0,0,937

Main.js:462 425.097,156.955,148.5,148.5,-0.784,0.291,-0.043,0.026,0,1,0,1,0,0,0,0,0,0,0,0,0,0,0,0,0,0,0,0,78.086,361.578,42,324,0.685,0.543,0.037,0.033,48,198.5,347,2.5,0,0,0,0,0,0,0,0,0,954

Main.js:462 424.312,157.257,147,147,-0.785,0.302,-0.042,0.027,0,1,0,1,0,0,0,0,0,0,0,0,0,0,0,0,0,0,0,0,78.772,362.125,42,322.5,0.686,0.548,0.037,0.033,47,201,347,2.5,0,0,0,0,0,0,0,0,0,971

Main.js:462 423.527,157.57,145.5,145.5,-0.785,0.314,-0.041,0.028,0,1,0,1,0,0,0,0,0,0,0,0,0,0,0,0,0,0,0,0,79.459,362.677,42,321,0.687,0.552,0.037,0.033,46,203.5,347,2.5,0,0,0,0,0,0,0,0,0,987

Main.js:462 422.743,157.896,144,144,-0.784,0.326,-0.04,0.029,0,1,0,1,0,0,0,0,0,0,0,0,0,0,0,0,0,0,0,0,80.147,363.233,42,319.5,0.688,0.556,0.037,0.033,45,206,347,2.5,0,0,0,0,0,0,0,0,0,1004

Main.js:462 421.961,158.235,142.5,142.5,-0.783,0.339,-0.04,0.03,0,1,0,1,0,0,0,0,0,0,0,0,0,0,0,0,0,0,0,0,80.837,363.793,40.5,316.5,0.69,0.559,0.038,0.032,44,208.5,347,2.5,0,0,0,0,0,0,0,0,0,1021

Main.js:462 421.18,158.587,141,141,-0.78,0.352,-0.039,0.031,0,1,0,1,0,0,0,0,0,0,0,0,0,0,0,0,0,0,0,0,81.529,364.354,39,313.5,0.692,0.561,0.039,0.031,43,211,347,2.5,0,0,0,0,0,0,0,0,0,1038

Main.js:462 420.403,158.951,139.5,139.5,-0.777,0.365,-0.038,0.032,0,1,0,1,0,0,0,0,0,0,0,0,0,0,0,0,0,0,0,0,82.224,364.916,37.5,310.5,0.695,0.562,0.04,0.03,42,213.5,347,2.5,0,0,0,0,0,0,0,0,0,1054

Main.js:462 419.629,159.33,138,138,-0.774,0.378,-0.037,0.033,0,1,0,1,0,0,0,0,0,0,0,0,0,0,0,0,0,0,0,0,82.923,365.478,36,307.5,0.699,0.562,0.04,0.029,41,216,347,2.5,0,0,0,0,0,0,0,0,0,1071

Main.js:462 418.859,159.722,136.5,136.5,-0.77,0.392,-0.036,0.034,0,1,0,1,0,0,0,0,0,0,0,0,0,0,0,0,0,0,0,0,83.626,366.038,34.5,304.5,0.703,0.561,0.041,0.028,40,218.5,347,2.5,0,0,0,0,0,0,0,0,0,1088

Main.js:462 418.094,160.128,135,135,-0.765,0.406,-0.035,0.035,99,1,0,1,0,1,0,0,0,0,0,0,0,0,0,0,0,0,0,0,84.334,366.597,33,301.5,0.708,0.558,0.042,0.027,39,221,347,2.5,0,0,0,0,0,0,0,0,0,1105

Main.js:462 417.335,160.549,133.5,133.5,-0.759,0.42,-0.034,0.036,98,1,0,1,0,1,0,0,402.242,176.339,-1.768,1.768,0,0,0,0,0,0,0,0,85.047,367.152,31.5,298.5,0.713,0.555,0.043,0.026,38,223.5,347,2.5,0,0,0,0,0,0,0,0,0,1123

Main.js:462 416.581,160.982,133.5,133.5,-0.754,0.434,-0.034,0.036,97,0,0,1,0,1,0,0,400.474,178.107,-1.768,1.768,0,0,0,0,0,0,0,0,85.765,367.704,30,295.5,0.718,0.551,0.043,0.025,37,226,347,2.5,0,0,0,0,0,0,0,0,0,1138

Main.js:462 415.832,161.429,133.5,133.5,-0.749,0.447,-0.034,0.036,96,0,0,1,0,1,0,0,398.706,179.875,-1.768,1.768,0,0,0,0,0,0,0,0,86.489,368.25,28.5,292.5,0.724,0.546,0.044,0.024,36,228.5,347,2.5,0,0,0,0,0,0,0,0,0,1155

Main.js:462 415.088,161.887,133.5,133.5,-0.744,0.459,-0.034,0.036,95,0,0,1,0,1,0,0,396.939,181.642,-1.768,1.768,0,0,0,0,0,0,0,0,87.22,368.791,27,289.5,0.73,0.541,0.045,0.023,35,231,347,2.5,0,0,0,0,0,0,0,0,0,1172

Main.js:462 414.348,162.358,133.5,133.5,-0.74,0.47,-0.034,0.036,94,0,0,1,0,1,0,0,395.171,183.41,-1.768,1.768,0,0,0,0,0,0,0,0,87.956,369.325,25.5,286.5,0.737,0.534,0.045,0.022,34,233.5,347,2.5,0,0,0,0,0,0,0,0,0,1189

Main.js:462 413.613,162.839,133.5,133.5,-0.735,0.481,-0.034,0.036,93,0,0,1,0,0,0,0,393.403,185.178,-1.768,1.768,0,0,0,0,0,0,0,0,88.7,369.852,24,283.5,0.743,0.527,0.046,0.02,33,236,347,2.5,0,0,0,0,0,0,0,0,0,1203

Main.js:462 412.881,163.33,133.5,133.5,-0.731,0.492,-0.034,0.036,92,0,0,1,0,0,0,0,391.635,186.946,-1.768,1.768,0,0,0,0,0,0,0,0,89.45,370.37,22.5,280.5,0.75,0.519,0.046,0.019,32,238.5,347,2.5,0,0,0,0,0,0,0,0,0,1220

Main.js:462 412.154,163.832,133.5,133.5,-0.727,0.501,-0.034,0.036,91,0,0,1,0,0,0,0,389.868,188.713,-1.768,1.768,0,0,0,0,0,0,0,0,90.206,370.88,21,277.5,0.757,0.51,0.047,0.018,31,241,347,2.5,0,0,0,0,0,0,0,0,0,1238

Main.js:462 411.43,164.342,133.5,133.5,-0.724,0.511,-0.034,0.036,90,0,0,1,0,0,0,0,388.1,190.481,-1.768,1.768,0,0,0,0,0,0,0,0,90.97,371.38,19.5,274.5,0.764,0.5,0.047,0.017,30,243.5,347,2.5,0,0,0,0,0,0,0,0,0,1255

Main.js:462 410.71,164.862,133.5,133.5,-0.72,0.52,-0.034,0.036,89,0,0,1,0,0,0,0,386.332,192.249,-1.768,1.768,0,0,0,0,0,0,0,0,91.741,371.87,18,271.5,0.771,0.49,0.048,0.015,29,246,347,2.5,0,0,0,0,0,0,0,0,0,1272

Main.js:462 409.993,165.39,133.5,133.5,-0.717,0.528,-0.034,0.036,88,0,0,1,0,1,0,0,384.564,194.017,-1.768,1.768,0,0,0,0,0,0,0,0,92.519,372.348,16.5,268.5,0.778,0.479,0.048,0.014,28,248.5,347,2.5,0,0,0,0,0,0,0,0,0,1286

Main.js:462 409.279,165.926,133.5,133.5,-0.714,0.536,-0.034,0.036,87,0,0,1,0,1,0,0,382.797,195.785,-1.768,1.768,0,0,0,0,0,0,0,0,93.303,372.815,15,265.5,0.785,0.467,0.048,0.013,27,251,347,2.5,0,0,0,0,0,0,0,0,0,1304

Main.js:462 408.568,166.47,133.5,133.5,-0.711,0.544,-0.034,0.036,86,0,0,1,0,1,0,0,381.029,197.552,-1.768,1.768,0,0,0,0,0,0,0,0,94.095,373.27,13.5,262.5,0.792,0.455,0.049,0.012,26,253.5,347,2.5,0,0,0,0,0,0,0,0,0,1322

Main.js:462 407.86,167.021,133.5,133.5,-0.708,0.551,-0.034,0.036,85,0,0,1,0,1,0,0,379.261,199.32,-1.768,1.768,0,0,0,0,0,0,0,0,94.894,373.712,12,259.5,0.799,0.442,0.049,0.01,25,256,347,2.5,0,0,0,0,0,0,0,0,0,1338

Main.js:462 407.155,167.579,133.5,133.5,-0.705,0.558,-0.034,0.036,84,0,0,1,0,1,0,0,377.493,201.088,-1.768,1.768,0,0,0,0,0,0,0,0,95.699,374.141,10.5,256.5,0.805,0.429,0.049,0.009,24,258.5,347,2.5,0,0,0,0,0,0,0,0,0,1353

Main.js:462 406.452,168.144,133.5,133.5,-0.703,0.565,-0.034,0.036,83,0,0,1,0,0,0,0,375.726,202.856,-1.768,1.768,0,0,0,0,0,0,0,0,96.511,374.555,9,253.5,0.812,0.415,0.049,0.008,23,261,347,2.5,0,0,0,0,0,0,0,0,0,1371

Main.js:462 405.752,168.715,133.5,133.5,-0.7,0.571,-0.034,0.036,82,0,0,1,0,0,0,0,373.958,204.623,-1.768,1.768,0,0,0,0,0,0,0,0,97.329,374.955,7.5,250.5,0.818,0.4,0.05,0.007,22,263.5,347,2.5,0,0,0,0,0,0,0,0,0,1387

Main.js:462 405.054,169.292,133.5,133.5,-0.698,0.577,-0.034,0.036,81,0,0,1,0,0,0,0,372.19,206.391,-1.768,1.768,0,0,0,0,0,0,0,0,98.154,375.34,6,247.5,0.825,0.385,0.05,0.005,21,266,347,2.5,0,0,0,0,0,0,0,0,0,1404

Main.js:462 404.358,169.874,133.5,133.5,-0.696,0.582,-0.034,0.036,80,0,0,1,0,0,0,0,370.422,208.159,-1.768,1.768,0,0,0,0,0,0,0,0,98.985,375.71,4.5,244.5,0.831,0.369,0.05,0.004,20,268.5,347,2.5,0,0,0,0,0,0,0,0,0,1422

Main.js:462 403.664,170.462,133.5,133.5,-0.694,0.588,-0.034,0.036,79,0,0,1,0,0,0,0,368.654,209.927,-1.768,1.768,0,0,0,0,0,0,0,0,99.822,376.063,3,241.5,0.837,0.353,0.05,0.003,19,271,347,2.5,0,0,0,0,0,0,0,0,0,1437

Main.js:462 402.973,171.054,133.5,133.5,-0.692,0.593,-0.034,0.036,78,0,0,1,0,0,0,0,366.887,211.694,-1.768,1.768,0,0,0,0,0,0,0,0,100.664,376.4,1.5,238.5,0.842,0.337,0.05,0.001,18,273.5,347,2.5,0,0,0,0,0,0,0,0,0,1455

Main.js:462 402.283,171.652,133.5,133.5,-0.69,0.598,-0.034,0.036,77,0,0,1,0,1,0,0,365.119,213.462,-1.768,1.768,0,0,0,0,0,0,0,0,101.512,376.72,0,235.5,0.848,0.32,0.05,0,17,276,347,2.5,0,0,0,0,0,0,0,0,0,1471

Main.js:462 401.595,172.254,133.5,133.5,-0.688,0.602,-0.034,0.036,76,0,0,1,0,1,0,0,363.351,215.23,-1.768,1.768,0,0,0,0,0,0,0,0,102.365,377.023,358.5,232.5,0.853,0.303,0.05,-0.001,16,278.5,347,2.5,0,0,0,0,0,0,0,0,0,1487

Main.js:462 400.909,172.86,133.5,133.5,-0.686,0.606,-0.034,0.036,75,0,0,1,0,1,0,0,361.583,216.998,-1.768,1.768,0,0,0,0,0,0,0,0,103.223,377.308,357,229.5,0.858,0.285,0.05,-0.003,15,281,347,2.5,0,0,0,0,0,0,0,0,0,1504

Main.js:462 400.224,173.471,133.5,133.5,-0.685,0.611,-0.034,0.036,74,0,0,1,0,1,0,0,359.816,218.765,-1.768,1.768,0,0,0,0,0,0,0,0,104.085,377.576,355.5,226.5,0.862,0.267,0.05,-0.004,14,283.5,347,2.5,0,0,0,0,0,0,0,0,0,1520

Main.js:462 399.541,174.086,133.5,133.5,-0.683,0.615,-0.034,0.036,73,0,0,1,0,1,0,0,358.048,220.533,-1.768,1.768,0,0,0,0,0,0,0,0,104.951,377.825,354,223.5,0.866,0.249,0.05,-0.005,13,286,347,2.5,0,0,0,0,0,0,0,0,0,1539

Main.js:462 398.859,174.704,133.5,133.5,-0.682,0.618,-0.034,0.036,72,0,0,1,0,1,0,0,356.28,222.301,-1.768,1.768,0,0,0,0,0,0,0,0,105.821,378.055,352.5,220.5,0.87,0.23,0.05,-0.007,12,288.5,347,2.5,0,0,0,0,0,0,0,0,0,1555

Main.js:462 398.179,175.326,133.5,133.5,-0.68,0.622,-0.034,0.036,71,0,0,1,0,0,0,0,354.512,224.069,-1.768,1.768,0,0,0,0,0,0,0,0,106.695,378.266,351,217.5,0.873,0.211,0.049,-0.008,11,291,347,2.5,0,0,0,0,0,0,0,0,0,1571

Main.js:462 397.5,175.951,133.5,133.5,-0.679,0.625,-0.034,0.036,70,0,0,1,0,0,0,0,352.745,225.837,-1.768,1.768,0,0,0,0,0,0,0,0,107.571,378.458,349.5,214.5,0.877,0.192,0.049,-0.009,10,293.5,347,2.5,0,0,0,0,0,0,0,0,0,1587

Main.js:462 396.822,176.579,133.5,133.5,-0.678,0.628,-0.034,0.036,69,0,0,1,0,0,0,0,350.977,227.604,-1.768,1.768,0,0,0,0,0,0,0,0,108.451,378.631,348,211.5,0.879,0.173,0.049,-0.01,9,296,347,2.5,0,0,0,0,0,0,0,0,0,1604

Main.js:462 396.146,177.211,133.5,133.5,-0.677,0.631,-0.034,0.036,68,0,0,1,0,0,0,0,349.209,229.372,-1.768,1.768,0,0,0,0,0,0,0,0,109.332,378.784,346.5,208.5,0.881,0.153,0.049,-0.012,8,298.5,347,2.5,0,0,0,0,0,0,0,0,0,1622

Main.js:462 395.47,177.845,133.5,133.5,-0.675,0.634,-0.034,0.036,67,0,0,1,0,0,0,0,347.441,231.14,-1.768,1.768,0,0,0,0,0,0,0,0,110.215,378.917,345,205.5,0.883,0.133,0.048,-0.013,7,301,347,2.5,0,0,0,0,0,0,0,0,0,1638

Main.js:462 394.796,178.482,133.5,133.5,-0.674,0.637,-0.034,0.036,66,0,0,1,0,0,0,0,345.673,232.908,-1.768,1.768,0,0,0,0,0,0,0,0,111.1,379.03,343.5,202.5,0.885,0.113,0.048,-0.014,6,303.5,347,2.5,0,0,0,0,0,0,0,0,0,1654

Main.js:462 394.123,179.122,133.5,133.5,-0.673,0.64,-0.034,0.036,65,0,0,1,0,1,0,0,343.906,234.675,-1.768,1.768,0,0,0,0,0,0,0,0,111.985,379.122,342,199.5,0.886,0.093,0.048,-0.015,5,306,347,2.5,0,0,0,0,0,0,0,0,0,1670

Main.js:462 393.45,179.764,133.5,133.5,-0.672,0.642,-0.034,0.036,64,0,0,1,0,1,0,0,342.138,236.443,-1.768,1.768,0,0,0,0,0,0,0,0,112.871,379.194,340.5,196.5,0.886,0.072,0.047,-0.017,4,308.5,347,2.5,0,0,0,0,0,0,0,0,0,1688

Main.js:462 392.779,180.408,133.5,133.5,-0.671,0.644,-0.034,0.036,63,0,0,1,0,1,0,0,340.37,238.211,-1.768,1.768,0,0,0,0,0,0,0,0,113.757,379.246,339,193.5,0.886,0.051,0.047,-0.018,3,311,347,2.5,0,0,0,0,0,0,0,0,0,1705

Main.js:462 392.108,181.055,133.5,133.5,-0.671,0.647,-0.034,0.036,62,0,0,1,0,1,0,0,338.602,239.979,-1.768,1.768,0,0,0,0,0,0,0,0,114.643,379.277,337.5,190.5,0.886,0.031,0.046,-0.019,2,313.5,347,2.5,0,0,0,0,0,0,0,0,0,1721

Main.js:462 391.439,181.704,133.5,133.5,-0.67,0.649,-0.034,0.036,61,0,0,1,0,1,0,0,336.835,241.746,-1.768,1.768,0,0,0,0,0,0,0,0,115.528,379.286,336,187.5,0.885,0.01,0.046,-0.02,1,316,347,2.5,0,0,0,0,0,0,0,0,0,1739

Main.js:462 390.77,182.355,133.5,133.5,-0.669,0.651,-0.034,0.036,60,0,0,1,0,0,0,0,335.067,243.514,-1.768,1.768,0,0,0,0,0,0,0,0,116.411,379.275,334.5,184.5,0.883,-0.011,0.045,-0.022,0,318.5,347,2.5,0,0,0,0,0,0,0,0,0,1757

Main.js:462 390.101,183.007,133.5,133.5,-0.668,0.653,-0.034,0.036,59,0,0,1,0,0,0,0,333.299,245.282,-1.768,1.768,0,0,0,0,0,0,0,0,117.293,379.243,333,181.5,0.882,-0.032,0.045,-0.023,99,321,347,2.5,0,0,0,0,0,0,0,0,0,1771

Main.js:462 389.434,183.662,133.5,133.5,-0.667,0.655,-0.034,0.036,58,0,0,1,0,0,0,0,331.531,247.05,-1.768,1.768,0,0,0,0,0,0,0,0,118.172,379.19,331.5,178.5,0.879,-0.053,0.044,-0.024,98,323.5,347,2.5,0,92.919,378.66,-2.499,-0.065,0,0,0,0,1788

Main.js:462 388.767,184.318,133.5,133.5,-0.667,0.656,-0.034,0.036,57,0,0,1,0,0,0,0,329.764,248.818,-1.768,1.768,0,0,0,0,0,0,0,0,119.048,379.116,330,175.5,0.876,-0.074,0.043,-0.025,97,326,347,2.5,0,90.42,378.595,-2.499,-0.065,0,0,0,0,1804

Main.js:462 388.101,184.976,133.5,133.5,-0.666,0.658,-0.034,0.036,56,0,0,1,0,0,0,0,327.996,250.585,-1.768,1.768,0,0,0,0,0,0,0,0,119.921,379.02,328.5,172.5,0.873,-0.095,0.043,-0.026,96,328.5,347,2.5,0,87.921,378.529,-2.499,-0.065,0,0,0,0,1820

Main.js:462 387.435,185.636,133.5,133.5,-0.666,0.659,-0.034,0.036,55,0,0,1,0,0,0,0,326.228,252.353,-1.768,1.768,0,0,0,0,0,0,0,0,120.791,378.904,327,169.5,0.869,-0.116,0.042,-0.027,95,331,347,2.5,0,85.422,378.464,-2.499,-0.065,0,0,0,0,1837

Main.js:462 386.771,186.297,133.5,133.5,-0.665,0.661,-0.034,0.036,54,0,0,1,0,0,0,0,324.46,254.121,-1.768,1.768,0,0,0,0,0,0,0,0,121.656,378.766,325.5,166.5,0.865,-0.138,0.041,-0.028,94,333.5,347,2.5,0,82.923,378.398,-2.499,-0.065,0,0,0,0,1854

Main.js:462 386.106,186.959,133.5,133.5,-0.664,0.662,-0.034,0.036,53,0,0,1,0,0,0,0,322.693,255.889,-1.768,1.768,0,0,0,0,0,0,0,0,122.516,378.608,324,163.5,0.86,-0.159,0.04,-0.029,93,336,347,2.5,0,80.424,378.333,-2.499,-0.065,0,0,0,0,1871

Main.js:462 385.442,187.623,133.5,133.5,-0.664,0.664,-0.034,0.036,52,0,0,1,0,0,0,0,320.925,257.656,-1.768,1.768,0,0,0,0,0,0,0,0,123.371,378.428,322.5,160.5,0.855,-0.18,0.04,-0.03,92,338.5,347,2.5,0,77.924,378.267,-2.499,-0.065,0,0,0,0,1887

Main.js:462 384.779,188.288,133.5,133.5,-0.663,0.665,-0.034,0.036,51,0,0,1,0,0,0,0,319.157,259.424,-1.768,1.768,0,0,0,0,0,0,0,0,124.22,378.228,321,157.5,0.849,-0.201,0.039,-0.031,91,341,347,2.5,0,75.425,378.202,-2.499,-0.065,0,0,0,0,1904

Main.js:462 384.116,188.954,133.5,133.5,-0.663,0.666,-0.034,0.036,50,0,0,1,0,0,0,0,317.389,261.192,-1.768,1.768,0,0,0,0,0,0,0,0,125.062,378.006,319.5,154.5,0.843,-0.221,0.038,-0.032,90,343.5,347,2.5,0,72.926,378.137,-2.499,-0.065,0,0,0,0,1922

Main.js:462 383.453,189.621,133.5,133.5,-0.662,0.667,-0.034,0.036,49,0,0,1,0,0,0,0,315.621,262.96,-1.768,1.768,0,0,0,0,0,0,0,0,125.898,377.764,318,151.5,0.836,-0.242,0.037,-0.033,89,346,347,2.5,0,70.427,378.071,-2.499,-0.065,0,0,0,0,1937

Main.js:462 382.791,190.29,133.5,133.5,-0.662,0.668,-0.034,0.036,48,0,0,1,0,0,0,0,313.854,264.727,-1.768,1.768,0,0,0,0,0,0,0,0,126.726,377.502,316.5,148.5,0.828,-0.263,0.036,-0.034,88,348.5,347,2.5,0,67.928,378.006,-2.499,-0.065,0,0,0,0,1955

Main.js:462 382.13,190.959,133.5,133.5,-0.662,0.669,-0.034,0.036,47,0,0,1,0,0,0,0,312.086,266.495,-1.768,1.768,0,0,0,0,0,0,0,0,127.547,377.218,315,145.5,0.821,-0.283,0.035,-0.035,87,351,347,2.5,0,65.429,377.94,-2.499,-0.065,0,0,0,0,1972

Main.js:462 381.469,191.629,133.5,133.5,-0.661,0.67,-0.034,0.036,46,0,0,1,0,0,0,0,310.318,268.263,-1.768,1.768,0,0,0,0,0,0,0,0,128.359,376.915,313.5,142.5,0.812,-0.303,0.034,-0.036,86,353.5,347,2.5,0,62.93,377.875,-2.499,-0.065,0,0,0,0,1987

Main.js:462 380.808,192.301,133.5,133.5,-0.661,0.671,-0.034,0.036,45,0,0,1,0,0,0,0,308.55,270.031,-1.768,1.768,0,0,0,0,0,0,0,0,129.163,376.592,312,139.5,0.803,-0.324,0.033,-0.037,85,356,347,2.5,0,60.43,377.809,-2.499,-0.065,0,0,0,0,2004

Main.js:462 380.147,192.973,133.5,133.5,-0.661,0.672,-0.034,0.036,44,0,0,1,0,0,0,0,306.783,271.798,-1.768,1.768,0,0,0,0,0,0,0,0,129.959,376.25,313.5,139.5,0.796,-0.342,0.034,-0.036,84,358.5,347,2.5,0,57.931,377.744,-2.499,-0.065,0,0,0,0,2023

Main.js:462 379.487,193.646,133.5,133.5,-0.66,0.673,-0.034,0.036,43,0,0,1,0,0,0,0,305.015,273.566,-1.768,1.768,0,0,0,0,0,0,0,0,130.749,375.891,315,139.5,0.79,-0.358,0.035,-0.035,83,361,347,2.5,0,55.432,377.678,-2.499,-0.065,0,0,0,0,2037

Main.js:462 378.827,194.32,133.5,133.5,-0.66,0.674,-0.034,0.036,42,0,0,1,0,0,0,0,303.247,275.334,-1.768,1.768,0,0,0,0,0,0,0,0,131.533,375.518,316.5,139.5,0.785,-0.373,0.036,-0.034,82,363.5,347,2.5,0,52.933,377.613,-2.499,-0.065,0,0,0,0,2053

Main.js:462 378.167,194.994,135,135,-0.66,0.674,-0.035,0.035,41,0,1,1,0,0,0,0,301.479,277.102,-1.768,1.768,0,0,0,0,0,0,0,0,132.314,375.132,318,139.5,0.781,-0.386,0.037,-0.033,81,366,347,2.5,0,50.434,377.548,-2.499,-0.065,0,0,0,0,2071

Main.js:462 377.505,195.667,136.5,136.5,-0.662,0.673,-0.036,0.034,40,0,1,1,0,0,0,0,299.712,278.87,-1.768,1.768,0,0,0,0,0,0,0,0,133.092,374.734,319.5,139.5,0.778,-0.398,0.038,-0.032,80,368.5,347,2.5,0,47.935,377.482,-2.499,-0.065,0,0,0,0,2087

Main.js:462 376.841,196.338,138,138,-0.664,0.671,-0.037,0.033,39,0,1,1,0,0,0,0,297.944,280.637,-1.768,1.768,0,0,0,0,0,0,0,0,133.868,374.327,321,139.5,0.776,-0.408,0.039,-0.031,79,371,347,2.5,0,45.436,377.417,-2.499,-0.065,0,0,0,0,2104

Main.js:462 376.173,197.006,139.5,139.5,-0.667,0.668,-0.038,0.032,38,0,1,1,0,0,0,0,296.176,282.405,-1.768,1.768,0,0,0,0,0,0,0,0,134.643,373.91,322.5,139.5,0.775,-0.416,0.04,-0.03,78,373.5,347,2.5,0,42.936,377.351,-2.499,-0.065,0,0,0,0,2121

Main.js:462 375.503,197.671,141,141,-0.671,0.665,-0.039,0.031,37,0,1,1,0,0,0,0,294.408,284.173,-1.768,1.768,0,0,0,0,0,0,0,0,135.417,373.487,324,139.5,0.774,-0.423,0.04,-0.029,77,376,347,2.5,0,40.437,377.286,-2.499,-0.065,0,0,0,0,2137

Main.js:462 374.828,198.331,142.5,142.5,-0.675,0.66,-0.04,0.03,36,0,1,1,0,0,0,0,292.64,285.941,-1.768,1.768,0,0,0,0,0,0,0,0,136.192,373.058,325.5,139.5,0.775,-0.429,0.041,-0.028,76,378.5,347,2.5,0,37.938,377.22,-2.499,-0.065,0,0,0,0,2155

Main.js:462 374.149,198.986,144,144,-0.679,0.655,-0.04,0.029,35,0,1,1,0,0,0,0,290.873,287.708,-1.768,1.768,0,0,0,0,0,0,0,0,136.968,372.624,327,139.5,0.776,-0.434,0.042,-0.027,75,381,347,2.5,0,35.439,377.155,-2.499,-0.065,0,0,0,0,2171

Main.js:462 373.464,199.636,145.5,145.5,-0.685,0.649,-0.041,0.028,34,0,1,1,0,0,0,0,289.105,289.476,-1.768,1.768,0,0,0,0,0,0,0,0,137.746,372.188,328.5,139.5,0.778,-0.437,0.043,-0.026,74,383.5,347,2.5,0,32.94,377.09,-2.499,-0.065,0,0,0,0,2187

Main.js:462 372.775,200.28,145.5,145.5,-0.69,0.644,-0.041,0.028,33,0,0,1,0,0,0,0,287.337,291.244,-1.768,1.768,0,0,0,0,0,0,0,0,138.526,371.749,330,139.5,0.78,-0.439,0.043,-0.025,73,386,347,2.5,0,30.441,377.024,-2.499,-0.065,0,0,0,0,2204

Main.js:462 372.08,200.918,145.5,145.5,-0.694,0.639,-0.041,0.028,32,0,0,1,0,0,0,0,285.569,293.012,-1.768,1.768,0,0,0,0,0,0,0,0,139.309,371.31,331.5,139.5,0.783,-0.439,0.044,-0.024,72,388.5,347,2.5,0,27.942,376.959,-2.499,-0.065,0,0,0,0,2221

Main.js:462 371.382,201.552,145.5,145.5,-0.699,0.634,-0.041,0.028,31,0,0,1,0,0,0,0,283.802,294.779,-1.768,1.768,0,0,0,0,0,0,0,0,140.094,370.871,333,139.5,0.786,-0.439,0.045,-0.023,71,391,347,2.5,0,25.442,376.893,-2.499,-0.065,0,0,0,0,2245

Main.js:462 370.679,202.181,145.5,145.5,-0.703,0.629,-0.041,0.028,30,0,0,1,0,0,0,0,282.034,296.547,-1.768,1.768,0,0,0,0,0,0,0,0,140.884,370.433,334.5,139.5,0.789,-0.437,0.045,-0.022,70,393.5,347,2.5,0,22.943,376.828,-2.499,-0.065,0,0,0,0,2253

Main.js:462 369.972,202.805,145.5,145.5,-0.707,0.624,-0.041,0.028,29,0,0,1,0,0,0,0,280.266,298.315,-1.768,1.768,0,0,0,0,0,0,0,0,141.677,369.999,336,139.5,0.793,-0.435,0.046,-0.02,69,396,347,2.5,0,20.444,376.762,-2.499,-0.065,0,0,0,0,2271

Main.js:462 369.261,203.425,145.5,145.5,-0.711,0.62,-0.041,0.028,28,0,0,1,0,0,0,0,278.498,300.083,-1.768,1.768,0,0,0,0,0,0,0,0,142.475,369.567,337.5,139.5,0.798,-0.431,0.046,-0.019,68,398.5,347,2.5,0,17.945,376.697,-2.499,-0.065,0,0,0,0,2287

Main.js:462 368.547,204.041,145.5,145.5,-0.714,0.616,-0.041,0.028,27,0,0,1,0,1,0,0,276.731,301.851,-1.768,1.768,0,0,0,0,0,0,0,0,143.277,369.14,339,139.5,0.802,-0.427,0.047,-0.018,67,401,347,2.5,0,15.446,376.631,-2.499,-0.065,0,0,0,0,2305

Main.js:462 367.829,204.653,145.5,145.5,-0.718,0.612,-0.041,0.028,26,0,0,1,0,1,0,0,274.963,303.618,-1.768,1.768,0,0,0,0,0,0,0,0,144.084,368.719,340.5,139.5,0.807,-0.421,0.047,-0.017,66,403.5,347,2.5,0,12.947,376.566,-2.499,-0.065,0,0,0,0,2320

Main.js:462 367.108,205.261,145.5,145.5,-0.721,0.608,-0.041,0.028,25,0,0,1,0,1,0,0,273.195,305.386,-1.768,1.768,0,0,0,0,0,0,0,0,144.895,368.304,342,139.5,0.812,-0.415,0.048,-0.015,65,406,347,2.5,0,10.447,376.501,-2.499,-0.065,0,0,0,0,2338

Main.js:462 366.384,205.866,145.5,145.5,-0.724,0.605,-0.041,0.028,24,0,0,1,0,1,0,0,271.427,307.154,-1.768,1.768,0,0,0,0,0,0,0,0,145.712,367.897,343.5,139.5,0.817,-0.408,0.048,-0.014,64,408.5,347,2.5,0,7.948,376.435,-2.499,-0.065,0,0,0,0,2354

Main.js:462 365.657,206.467,145.5,145.5,-0.727,0.601,-0.041,0.028,23,0,0,1,0,1,0,0,269.66,308.922,-1.768,1.768,0,0,0,0,0,0,0,0,146.533,367.497,345,139.5,0.822,-0.4,0.048,-0.013,63,411,347,2.5,0,5.449,376.37,-2.499,-0.065,0,0,0,0,2371

Main.js:462 364.928,207.065,145.5,145.5,-0.73,0.598,-0.041,0.028,22,0,0,1,0,0,0,0,267.892,310.689,-1.768,1.768,0,0,0,0,0,0,0,0,147.36,367.106,346.5,139.5,0.827,-0.391,0.049,-0.012,62,413.5,347,2.5,0,2.95,376.304,-2.499,-0.065,0,0,0,0,2387

Main.js:462 364.195,207.661,145.5,145.5,-0.732,0.595,-0.041,0.028,21,0,0,1,0,0,0,0,266.124,312.457,-1.768,1.768,0,0,0,0,0,0,0,0,148.192,366.725,348,139.5,0.832,-0.381,0.049,-0.01,61,416,347,2.5,0,0.451,376.239,-2.499,-0.065,0,0,0,0,2404

Main.js:462 363.46,208.253,145.5,145.5,-0.735,0.592,-0.041,0.028,20,0,0,1,0,0,0,0,264.356,314.225,-1.768,1.768,0,0,0,0,0,0,0,0,149.029,366.355,349.5,139.5,0.837,-0.371,0.049,-0.009,60,418.5,347,2.5,0,0,0,0,0,0,0,0,0,2420

Main.js:462 362.723,208.843,145.5,145.5,-0.737,0.59,-0.041,0.028,19,0,0,1,0,0,0,0,262.588,315.993,-1.768,1.768,0,0,0,0,0,0,0,0,149.871,365.995,351,139.5,0.842,-0.36,0.049,-0.008,59,421,347,2.5,0,0,0,0,0,0,0,0,0,2437

Main.js:462 361.983,209.43,145.5,145.5,-0.74,0.587,-0.041,0.028,18,0,0,1,0,0,0,0,260.821,317.76,-1.768,1.768,0,0,0,0,0,0,0,0,150.718,365.647,352.5,139.5,0.847,-0.348,0.05,-0.007,58,423.5,347,2.5,0,0,0,0,0,0,0,0,0,2455

Main.js:462 361.241,210.014,145.5,145.5,-0.742,0.585,-0.041,0.028,17,0,0,1,0,0,0,0,259.053,319.528,-1.768,1.768,0,0,0,0,0,0,0,0,151.57,365.312,354,139.5,0.852,-0.335,0.05,-0.005,57,426,347,2.5,0,0,0,0,0,0,0,0,0,2471

Main.js:462 360.497,210.597,145.5,145.5,-0.744,0.582,-0.041,0.028,16,0,0,1,0,0,0,0,257.285,321.296,-1.768,1.768,0,0,0,0,0,0,0,0,152.426,364.99,355.5,139.5,0.857,-0.322,0.05,-0.004,56,428.5,347,2.5,0,0,0,0,0,0,0,0,0,2489

Main.js:462 359.752,211.177,145.5,145.5,-0.746,0.58,-0.041,0.028,15,0,0,1,0,1,0,0,255.517,323.064,-1.768,1.768,0,0,0,0,0,0,0,0,153.288,364.681,357,139.5,0.861,-0.309,0.05,-0.003,55,431,347,2.5,0,0,0,0,0,0,0,0,0,2505

Main.js:462 359.004,211.755,145.5,145.5,-0.748,0.578,-0.041,0.028,14,0,0,1,0,1,0,0,253.75,324.831,-1.768,1.768,0,0,0,0,0,0,0,0,154.153,364.386,357,138,0.866,-0.296,0.05,-0.003,54,433.5,347,2.5,0,0,0,0,0,0,0,0,0,2521

Main.js:462 358.254,212.331,145.5,145.5,-0.749,0.576,-0.041,0.028,13,0,0,1,0,1,0,0,251.982,326.599,-1.768,1.768,0,0,0,0,0,0,0,0,155.023,364.102,357,136.5,0.87,-0.283,0.05,-0.003,53,436,347,2.5,0,0,0,0,0,0,0,0,0,2538

Main.js:462 357.503,212.905,145.5,145.5,-0.751,0.574,-0.041,0.028,12,0,0,1,0,1,0,0,250.214,328.367,-1.768,1.768,0,0,0,0,0,0,0,0,155.897,363.83,357,135,0.874,-0.272,0.05,-0.003,52,438.5,347,2.5,0,0,0,0,0,0,0,0,0,2554

Main.js:462 356.751,213.477,145.5,145.5,-0.753,0.572,-0.041,0.028,11,0,0,1,0,1,0,0,248.446,330.135,-1.768,1.768,0,0,0,0,0,0,0,0,156.774,363.57,357,133.5,0.877,-0.261,0.05,-0.003,51,441,347,2.5,0,0,0,0,0,0,0,0,0,2571

Main.js:462 355.996,214.048,145.5,145.5,-0.754,0.571,-0.041,0.028,10,0,0,1,0,0,0,0,246.679,331.903,-1.768,1.768,0,0,0,0,0,0,0,0,157.655,363.32,357,132,0.881,-0.25,0.05,-0.003,50,443.5,347,2.5,0,0,0,0,0,0,0,0,0,2588

Main.js:462 355.241,214.618,144,144,-0.755,0.57,-0.04,0.029,9,1,0,1,0,0,0,0,244.911,333.67,-1.768,1.768,0,0,0,0,0,0,0,0,158.54,363.08,357,130.5,0.884,-0.24,0.05,-0.003,49,446,347,2.5,0,0,0,0,0,0,0,0,0,2604

Main.js:462 354.487,215.188,142.5,142.5,-0.755,0.57,-0.04,0.03,8,1,0,1,0,0,0,0,243.143,335.438,-1.768,1.768,0,0,0,0,0,0,0,0,159.427,362.849,357,129,0.888,-0.231,0.05,-0.003,48,448.5,347,2.5,0,0,0,0,0,0,0,0,0,2622

Main.js:462 353.733,215.76,141,141,-0.754,0.572,-0.039,0.031,7,1,0,1,0,0,0,0,241.375,337.206,-1.768,1.768,0,0,0,0,0,0,0,0,160.318,362.628,357,127.5,0.891,-0.222,0.05,-0.003,47,451,347,2.5,0,0,0,0,0,0,0,0,0,2640

Main.js:462 352.979,216.333,141,141,-0.753,0.573,-0.039,0.031,6,0,0,1,0,0,0,0,239.607,338.974,-1.768,1.768,0,0,0,0,0,0,0,0,161.212,362.415,357,126,0.894,-0.213,0.05,-0.003,46,453.5,347,2.5,0,0,0,0,0,0,0,0,0,2655

Main.js:462 352.227,216.907,141,141,-0.753,0.574,-0.039,0.031,5,0,0,1,0,0,0,0,237.84,340.741,-1.768,1.768,0,0,0,0,0,0,0,0,162.108,362.21,357,124.5,0.896,-0.205,0.05,-0.003,45,456,347,2.5,0,0,0,0,0,0,0,0,0,2670

Main.js:462 351.475,217.483,141,141,-0.752,0.575,-0.039,0.031,4,0,0,1,0,0,0,0,236.072,342.509,-1.768,1.768,0,0,0,0,0,0,0,0,163.007,362.013,357,123,0.899,-0.197,0.05,-0.003,44,458.5,347,2.5,0,0,0,0,0,0,0,0,0,2688

Main.js:462 350.724,218.06,141,141,-0.751,0.577,-0.039,0.031,3,0,0,1,0,0,0,0,234.304,344.277,-1.768,1.768,0,0,0,0,0,0,0,0,163.908,361.823,357,121.5,0.901,-0.19,0.05,-0.003,43,461,347,2.5,0,0,0,0,0,0,0,0,0,2704

Main.js:462 349.973,218.637,141,141,-0.75,0.578,-0.039,0.031,2,0,0,1,0,1,0,0,232.536,346.045,-1.768,1.768,0,0,0,0,0,0,0,0,164.812,361.641,357,120,0.904,-0.183,0.05,-0.003,42,463.5,347,2.5,0,0,0,0,0,0,0,0,0,2722

Main.js:462 349.224,219.216,141,141,-0.75,0.579,-0.039,0.031,1,0,0,1,0,1,0,0,230.769,347.812,-1.768,1.768,0,0,0,0,0,0,0,0,165.718,361.465,357,118.5,0.906,-0.176,0.05,-0.003,41,466,347,2.5,0,0,0,0,0,0,0,0,0,2738

Main.js:462 348.474,219.796,141,141,-0.749,0.58,-0.039,0.031,0,0,0,1,0,1,0,0,229.001,349.58,-1.768,1.768,0,0,0,0,0,0,0,0,166.626,361.295,357,117,0.908,-0.17,0.05,-0.003,40,468.5,347,2.5,0,0,0,0,0,0,0,0,0,2753

Main.js:462 347.726,220.376,141,141,-0.749,0.581,-0.039,0.031,99,0,0,1,0,1,0,0,227.233,351.348,-1.768,1.768,0,0,0,0,0,0,0,0,167.537,361.131,357,115.5,0.91,-0.164,0.05,-0.003,39,471,347,2.5,0,0,0,0,0,0,0,0,0,2771

Main.js:462 346.977,220.958,141,141,-0.748,0.581,-0.039,0.031,98,0,0,1,0,1,0,0,225.465,353.116,-1.768,1.768,330.211,234.585,-1.943,1.573,0,0,0,0,168.449,360.973,357,114,0.912,-0.158,0.05,-0.003,38,473.5,347,2.5,0,0,0,0,0,0,0,0,0,2788

Main.js:462 346.23,221.54,141,141,-0.748,0.582,-0.039,0.031,97,0,0,1,0,0,0,0,223.698,354.884,-1.768,1.768,328.268,236.158,-1.943,1.573,0,0,0,0,169.363,360.821,357,112.5,0.914,-0.153,0.05,-0.003,37,476,347,2.5,0,0,0,0,0,0,0,0,0,2803

Main.js:462 345.482,222.123,141,141,-0.747,0.583,-0.039,0.031,96,0,0,1,0,0,0,0,221.93,356.651,-1.768,1.768,326.326,237.731,-1.943,1.573,0,0,0,0,170.278,360.673,357,111,0.916,-0.147,0.05,-0.003,36,478.5,347,2.5,0,0,0,0,0,0,0,0,0,2821

Main.js:462 344.736,222.707,141,141,-0.747,0.584,-0.039,0.031,95,0,0,1,0,0,0,0,220.162,358.419,-1.768,1.768,324.383,239.304,-1.943,1.573,0,0,0,0,171.196,360.531,357,109.5,0.917,-0.143,0.05,-0.003,35,481,347,2.5,0,0,0,0,0,0,0,0,0,2839

Main.js:462 343.989,223.291,141,141,-0.746,0.584,-0.039,0.031,94,0,0,1,0,0,0,0,218.394,360.187,-1.768,1.768,322.44,240.878,-1.943,1.573,0,0,0,0,172.115,360.393,357,108,0.919,-0.138,0.05,-0.003,34,483.5,347,2.5,0,0,0,0,0,0,0,0,0,2903

Main.js:462 343.243,223.876,141,141,-0.746,0.585,-0.039,0.031,93,0,0,1,0,0,0,0,216.626,361.955,-1.768,1.768,320.497,242.451,-1.943,1.573,0,0,0,0,173.035,360.259,357,106.5,0.92,-0.133,0.05,-0.003,33,486,347,2.5,0,0,0,0,0,0,0,0,0,2919

Main.js:462 342.498,224.462,141,141,-0.746,0.586,-0.039,0.031,92,0,0,1,0,0,0,0,214.859,363.722,-1.768,1.768,318.554,244.024,-1.943,1.573,0,0,0,0,173.957,360.13,357,105,0.922,-0.129,0.05,-0.003,32,488.5,347,2.5,0,0,0,0,0,0,0,0,0,2937

Main.js:462 341.752,225.048,141,141,-0.745,0.586,-0.039,0.031,91,0,0,1,0,0,0,0,213.091,365.49,-1.768,1.768,316.611,245.598,-1.943,1.573,0,0,0,0,174.88,360.005,357,103.5,0.923,-0.125,0.05,-0.003,31,491,347,2.5,0,0,0,0,0,0,0,0,0,2953

Main.js:462 341.007,225.635,141,141,-0.745,0.587,-0.039,0.031,90,0,0,1,0,0,0,0,211.323,367.258,-1.768,1.768,314.668,247.171,-1.943,1.573,0,0,0,0,175.805,359.883,357,102,0.924,-0.122,0.05,-0.003,30,493.5,347,2.5,0,0,0,0,0,0,0,0,0,2970

Main.js:462 340.263,226.223,141,141,-0.745,0.587,-0.039,0.031,89,0,0,1,0,1,0,0,209.555,369.026,-1.768,1.768,312.726,248.744,-1.943,1.573,0,0,0,0,176.73,359.765,357,100.5,0.926,-0.118,0.05,-0.003,29,496,347,2.5,0,0,0,0,0,0,0,0,0,2988

Main.js:462 339.519,226.811,141,141,-0.744,0.588,-0.039,0.031,88,0,0,1,0,1,0,0,207.788,370.793,-1.768,1.768,310.783,250.318,-1.943,1.573,0,0,0,0,177.657,359.651,357,99,0.927,-0.115,0.05,-0.003,28,498.5,347,2.5,0,0,0,0,0,0,0,0,0,3005

Main.js:462 338.775,227.399,141,141,-0.744,0.589,-0.039,0.031,87,0,0,1,0,1,0,0,207.788,370.793,-1.768,1.768,308.84,251.891,-1.943,1.573,0,0,0,0,178.585,359.538,355.5,96,0.928,-0.113,0.05,-0.004,27,0,0,0,0,0,0,0,0,0,0,0,0,3021

Main.js:462 338.031,227.988,141,141,-0.744,0.589,-0.039,0.031,86,0,0,1,0,1,0,0,206.02,372.561,-1.768,1.768,306.897,253.464,-1.943,1.573,0,0,0,0,179.514,359.426,354,93,0.929,-0.112,0.05,-0.005,26,0,0,0,0,0,0,0,0,0,0,0,0,3036

Main.js:462 337.288,228.578,141,141,-0.743,0.589,-0.039,0.031,85,0,0,1,0,1,0,0,204.252,374.329,-1.768,1.768,304.954,255.038,-1.943,1.573,0,0,0,0,180.443,359.314,352.5,90,0.929,-0.112,0.05,-0.007,25,0,0,0,0,0,0,0,0,0,0,0,0,3060

Main.js:462 336.545,229.168,141,141,-0.743,0.59,-0.039,0.031,84,0,0,1,0,0,0,0,202.484,376.097,-1.768,1.768,303.011,256.611,-1.943,1.573,0,0,0,0,181.373,359.199,351,87,0.93,-0.114,0.049,-0.008,24,0,0,0,0,0,0,0,0,0,0,0,0,3071

Main.js:462 335.802,229.758,141,141,-0.743,0.59,-0.039,0.031,83,0,0,1,0,0,0,0,200.717,377.865,-1.768,1.768,301.068,258.184,-1.943,1.573,0,0,0,0,182.303,359.082,349.5,84,0.93,-0.117,0.049,-0.009,23,0,0,0,0,0,0,0,0,0,0,0,0,3087

Main.js:462 335.059,230.348,141,141,-0.743,0.591,-0.039,0.031,82,0,0,1,0,0,0,0,198.949,379.632,-1.768,1.768,299.125,259.757,-1.943,1.573,0,0,0,0,183.233,358.961,348,81,0.93,-0.121,0.049,-0.01,22,0,0,0,0,0,0,0,0,0,0,0,0,3105

Main.js:462 334.317,230.939,141,141,-0.742,0.591,-0.039,0.031,81,0,0,1,0,0,0,0,197.181,381.4,-1.768,1.768,297.183,261.331,-1.943,1.573,0,0,0,0,184.162,358.835,346.5,78,0.93,-0.126,0.049,-0.012,21,0,0,0,0,0,0,0,0,0,0,0,0,3121

Main.js:462 333.574,231.531,141,141,-0.742,0.591,-0.039,0.031,80,0,0,1,0,0,0,0,195.413,383.168,-1.768,1.768,295.24,262.904,-1.943,1.573,0,0,0,0,185.091,358.702,345,75,0.929,-0.132,0.048,-0.013,20,0,0,0,0,0,0,0,0,0,0,0,0,3138

Main.js:462 332.832,232.122,141,141,-0.742,0.592,-0.039,0.031,79,0,0,1,0,0,0,0,193.646,384.936,-1.768,1.768,293.297,264.477,-1.943,1.573,0,0,0,0,186.019,358.563,343.5,72,0.928,-0.139,0.048,-0.014,19,0,0,0,0,0,0,0,0,0,0,0,0,3155

Main.js:462 332.09,232.714,141,141,-0.742,0.592,-0.039,0.031,78,0,0,1,0,1,0,0,191.878,386.703,-1.768,1.768,291.354,266.051,-1.943,1.573,0,0,0,0,186.946,358.416,342,69,0.927,-0.147,0.048,-0.015,18,0,0,0,0,0,0,0,0,0,0,0,0,3172

Main.js:462 331.349,233.307,141,141,-0.742,0.592,-0.039,0.031,77,0,0,1,0,1,0,0,190.11,388.471,-1.768,1.768,289.411,267.624,-1.943,1.573,0,0,0,0,187.872,358.261,340.5,66,0.925,-0.155,0.047,-0.017,17,0,0,0,0,0,0,0,0,0,0,0,0,3188

Main.js:462 330.607,233.899,141,141,-0.742,0.593,-0.039,0.031,76,0,0,1,0,1,0,0,188.342,390.239,-1.768,1.768,287.468,269.197,-1.943,1.573,0,0,0,0,188.795,358.097,339,63,0.923,-0.165,0.047,-0.018,16,0,0,0,0,0,0,0,0,0,0,0,0,3203

Main.js:462 329.866,234.492,141,141,-0.741,0.593,-0.039,0.031,75,0,0,1,0,1,0,0,186.574,392.007,-1.768,1.768,285.525,270.771,-1.943,1.573,0,0,0,0,189.716,357.922,337.5,60,0.921,-0.175,0.046,-0.019,15,0,0,0,0,0,0,0,0,0,0,0,0,3220

Main.js:462 329.125,235.085,141,141,-0.741,0.593,-0.039,0.031,74,0,0,1,0,1,0,0,184.807,393.774,-1.768,1.768,283.583,272.344,-1.943,1.573,0,0,0,0,190.635,357.737,336,57,0.918,-0.185,0.046,-0.02,14,0,0,0,0,0,0,0,0,0,0,0,0,3239

Main.js:462 328.384,235.678,141,141,-0.741,0.593,-0.039,0.031,73,0,0,1,0,1,0,0,183.039,395.542,-1.768,1.768,281.64,273.917,-1.943,1.573,0,0,0,0,191.55,357.54,334.5,54,0.915,-0.196,0.045,-0.022,13,0,0,0,0,0,0,0,0,0,0,0,0,3254

Main.js:462 327.643,236.272,141,141,-0.741,0.594,-0.039,0.031,72,0,0,1,0,0,0,0,181.271,397.31,-1.768,1.768,279.697,275.49,-1.943,1.573,0,0,0,0,192.462,357.332,333,51,0.912,-0.208,0.045,-0.023,12,0,0,0,0,0,0,0,0,0,0,0,0,3271

Main.js:462 326.902,236.866,141,141,-0.741,0.594,-0.039,0.031,71,0,0,1,0,0,0,0,179.503,399.078,-1.768,1.768,277.754,277.064,-1.943,1.573,0,0,0,0,193.37,357.112,331.5,48,0.908,-0.22,0.044,-0.024,11,0,0,0,0,0,0,0,0,0,0,0,0,3288

Main.js:462 326.161,237.459,141,141,-0.741,0.594,-0.039,0.031,70,0,0,1,0,0,0,0,177.736,400.845,-1.768,1.768,275.811,278.637,-1.943,1.573,0,0,0,0,194.274,356.879,330,45,0.904,-0.233,0.043,-0.025,10,0,0,0,0,0,0,0,0,0,0,0,0,3304

Main.js:462 325.421,238.054,141,141,-0.741,0.594,-0.039,0.031,69,0,0,1,0,0,0,0,175.968,402.613,-1.768,1.768,273.868,280.21,-1.943,1.573,0,0,0,0,195.173,356.633,328.5,42,0.899,-0.246,0.043,-0.026,9,0,0,0,0,0,0,0,0,0,0,0,0,3321

Main.js:462 324.68,238.648,141,141,-0.74,0.594,-0.039,0.031,68,0,0,1,0,0,0,0,174.2,404.381,-1.768,1.768,271.925,281.784,-1.943,1.573,0,0,0,0,196.067,356.373,327,39,0.894,-0.26,0.042,-0.027,8,0,0,0,0,0,0,0,0,0,0,0,0,3338

Main.js:462 323.94,239.242,141,141,-0.74,0.595,-0.039,0.031,67,0,0,1,0,0,0,0,172.432,406.149,-1.768,1.768,269.983,283.357,-1.943,1.573,0,0,0,0,196.956,356.099,325.5,36,0.888,-0.274,0.041,-0.028,7,0,0,0,0,0,0,0,0,0,0,0,0,3354

Main.js:462 323.2,239.837,141,141,-0.74,0.595,-0.039,0.031,66,0,0,1,0,0,0,0,170.665,407.917,-1.768,1.768,268.04,284.93,-1.943,1.573,0,0,0,0,197.838,355.811,324,33,0.882,-0.288,0.04,-0.029,6,0,0,0,0,0,0,0,0,0,0,0,0,3371

Main.js:462 322.46,240.432,141,141,-0.74,0.595,-0.039,0.031,65,0,0,1,0,0,0,0,168.897,409.684,-1.768,1.768,266.097,286.504,-1.943,1.573,0,0,0,0,198.714,355.509,322.5,30,0.876,-0.302,0.04,-0.03,5,0,0,0,0,0,0,0,0,0,0,0,0,3388

Main.js:462 321.72,241.027,141,141,-0.74,0.595,-0.039,0.031,64,0,0,1,0,0,0,0,167.129,411.452,-1.768,1.768,264.154,288.077,-1.943,1.573,0,0,0,0,199.583,355.191,321,27,0.869,-0.317,0.039,-0.031,4,0,0,0,0,0,0,0,0,0,0,0,0,3404

Main.js:462 320.98,241.622,141,141,-0.74,0.595,-0.039,0.031,63,0,0,1,0,0,0,0,165.361,413.22,-1.768,1.768,262.211,289.65,-1.943,1.573,0,0,0,0,200.445,354.859,319.5,24,0.862,-0.332,0.038,-0.032,3,0,0,0,0,0,0,0,0,0,0,0,0,3422

Main.js:462 320.24,242.217,141,141,-0.74,0.595,-0.039,0.031,62,0,0,1,0,0,0,0,163.593,414.988,-1.768,1.768,260.268,291.223,-1.943,1.573,0,0,0,0,201.299,354.512,318,21,0.854,-0.347,0.037,-0.033,2,0,0,0,0,0,0,0,0,0,0,0,0,3439

Main.js:462 319.5,242.813,141,141,-0.74,0.595,-0.039,0.031,61,0,0,1,0,0,0,0,161.826,416.755,-1.768,1.768,258.325,292.797,-1.943,1.573,0,0,0,0,202.145,354.149,316.5,18,0.846,-0.363,0.036,-0.034,1,0,0,0,0,0,0,0,0,0,0,0,0,3472

Main.js:462 318.761,243.408,141,141,-0.74,0.596,-0.039,0.031,60,0,0,1,0,0,0,0,160.058,418.523,-1.768,1.768,256.382,294.37,-1.943,1.573,0,0,0,0,202.982,353.771,315,15,0.837,-0.378,0.035,-0.035,0,0,0,0,0,0,0,0,0,0,0,0,0,3489

Main.js:462 318.021,244.004,141,141,-0.74,0.596,-0.039,0.031,59,0,0,1,0,0,0,0,158.29,420.291,-1.768,1.768,254.44,295.943,-1.943,1.573,0,0,0,0,203.81,353.377,313.5,12,0.828,-0.394,0.034,-0.036,99,0,0,0,0,0,0,0,0,0,0,0,0,3506

Main.js:462 317.318,244.57,141,141,-0.703,0.566,0,0,58,0,0,0,0,0,0,0,156.522,422.059,-1.768,1.768,252.497,297.517,-1.943,1.573,0,0,0,0,204.628,352.968,312,9,0.818,-0.409,0.033,-0.037,98,225.968,358.657,2.445,0.52,0,0,0,0,0,0,0,0,3521

Main.js:462 316.651,245.107,141,141,-0.668,0.538,0,0,57,0,0,0,0,0,0,0,154.755,423.826,-1.768,1.768,250.554,299.09,-1.943,1.573,0,0,0,0,205.436,352.543,310.5,6,0.808,-0.425,0.032,-0.038,97,228.414,359.177,2.445,0.52,0,0,0,0,0,0,0,0,3539

Main.js:462 316.017,245.618,141,141,-0.634,0.511,0,0,56,0,0,0,0,0,0,0,152.987,425.594,-1.768,1.768,248.611,300.663,-1.943,1.573,0,0,0,0,206.234,352.102,309,3,0.798,-0.441,0.031,-0.039,96,230.859,359.696,2.445,0.52,0,0,0,0,0,0,0,0,3555

Main.js:462 315.414,246.103,141,141,-0.602,0.485,0,0,55,0,0,0,0,0,0,0,151.219,427.362,-1.768,1.768,246.668,302.237,-1.943,1.573,0,0,0,0,207.021,351.646,307.5,0,0.787,-0.456,0.03,-0.04,95,233.305,360.216,2.445,0.52,0,0,0,0,0,0,0,0,3572

Main.js:462 314.842,246.564,141,141,-0.572,0.461,0,0,54,0,0,0,0,0,0,0,149.451,429.13,-1.768,1.768,244.725,303.81,-1.943,1.573,0,0,0,0,207.796,351.174,306,-3,0.775,-0.472,0.029,-0.04,94,235.75,360.736,2.445,0.52,0,0,0,0,0,0,0,0,3588

Main.js:462 314.298,247.002,141,141,-0.544,0.438,0,0,53,0,0,0,0,0,0,0,147.684,430.898,-1.768,1.768,242.782,305.383,-1.943,1.573,0,0,0,0,208.56,350.686,304.5,-6,0.763,-0.487,0.028,-0.041,93,238.195,361.256,2.445,0.52,0,0,0,0,0,0,0,0,3604

Main.js:462 313.782,247.418,141,141,-0.517,0.416,0,0,52,0,0,0,0,0,0,0,145.916,432.665,-1.768,1.768,240.84,306.956,-1.943,1.573,0,0,0,0,209.311,350.184,303,-9,0.751,-0.503,0.027,-0.042,92,240.641,361.775,2.445,0.52,0,0,0,0,0,0,0,0,3622

Main.js:462 313.291,247.813,141,141,-0.491,0.395,0,0,51,0,0,0,0,0,0,0,144.148,434.433,-1.768,1.768,238.897,308.53,-1.943,1.573,0,0,0,0,210.049,349.665,301.5,-12,0.738,-0.518,0.026,-0.043,91,243.086,362.295,2.445,0.52,0,0,0,0,0,0,0,0,3638

Main.js:462 312.825,248.188,141,141,-0.466,0.375,0,0,50,0,0,0,0,0,0,0,142.38,436.201,-1.768,1.768,236.954,310.103,-1.943,1.573,0,0,0,0,210.775,349.132,300,-15,0.725,-0.534,0.025,-0.043,90,245.531,362.815,2.445,0.52,0,0,0,0,0,0,0,0,3656

Main.js:462 312.382,248.545,141,141,-0.443,0.357,0,0,49,0,0,0,0,0,0,0,140.613,437.969,-1.768,1.768,235.011,311.676,-1.943,1.573,0,0,0,0,211.486,348.583,298.5,-18,0.712,-0.549,0.024,-0.044,89,247.977,363.335,2.445,0.52,0,0,0,0,0,0,0,0,3671

Main.js:462 311.961,248.884,141,141,-0.421,0.339,0,0,48,0,0,0,0,0,0,0,138.845,439.736,-1.768,1.768,233.068,313.25,-1.943,1.573,0,0,0,0,212.184,348.02,297,-21,0.698,-0.563,0.023,-0.045,88,250.422,363.855,2.445,0.52,0,0,0,0,0,0,0,0,3688

Main.js:462 311.562,249.206,141,141,-0.4,0.322,0,0,47,0,0,0,0,0,0,0,137.077,441.504,-1.768,1.768,231.125,314.823,-1.943,1.573,0,0,0,0,212.867,347.441,295.5,-24,0.683,-0.578,0.022,-0.045,87,252.868,364.374,2.445,0.52,0,0,0,0,0,0,0,0,3705

Main.js:462 311.182,249.511,141,141,-0.38,0.306,0,0,46,0,0,0,0,0,0,0,135.309,443.272,-1.768,1.768,229.182,316.396,-1.943,1.573,0,0,0,0,213.535,346.849,294,-27,0.668,-0.593,0.02,-0.046,86,255.313,364.894,2.445,0.52,0,0,0,0,0,0,0,0,3738

Main.js:462 310.821,249.802,141,141,-0.361,0.29,0,0,45,0,0,0,0,0,0,0,133.541,445.04,-1.768,1.768,227.239,317.97,-1.943,1.573,0,0,0,0,214.189,346.242,292.5,-30,0.653,-0.607,0.019,-0.046,85,257.758,365.414,2.445,0.52,0,0,0,0,0,0,0,0,3771

Main.js:462 310.479,250.078,141,141,-0.343,0.276,0,0,44,0,0,0,0,0,0,0,131.774,446.807,-1.768,1.768,225.297,319.543,-1.943,1.573,0,0,0,0,214.826,345.621,291,-33,0.637,-0.621,0.018,-0.047,84,260.204,365.934,2.445,0.52,0,0,0,0,0,0,0,0,3787

Main.js:462 310.153,250.34,141,141,-0.326,0.262,0,0,43,0,0,0,0,0,0,0,130.006,448.575,-1.768,1.768,223.354,321.116,-1.943,1.573,0,0,0,0,215.448,344.986,289.5,-36,0.621,-0.635,0.017,-0.047,83,262.649,366.453,2.445,0.52,0,0,0,0,0,0,0,0,3804

Main.js:462 309.844,250.589,141,141,-0.309,0.249,0,0,42,0,0,0,0,0,0,0,128.238,450.343,-1.768,1.768,221.411,322.689,-1.943,1.573,0,0,0,0,216.053,344.338,288,-39,0.605,-0.648,0.015,-0.048,82,265.094,366.973,2.445,0.52,0,0,0,0,0,0,0,0,3821

Main.js:462 309.55,250.826,141,141,-0.294,0.237,0,0,41,0,0,0,0,0,0,0,126.47,452.111,-1.768,1.768,219.468,324.263,-1.943,1.573,0,0,0,0,216.641,343.677,286.5,-42,0.588,-0.661,0.014,-0.048,81,267.54,367.493,2.445,0.52,0,0,0,0,0,0,0,0,3837

Main.js:462 309.271,251.05,141,141,-0.279,0.225,0,0,40,0,0,0,0,0,0,0,124.703,453.878,-1.768,1.768,217.525,325.836,-1.943,1.573,0,0,0,0,217.212,343.003,285,-45,0.571,-0.674,0.013,-0.048,80,269.985,368.013,2.445,0.52,0,0,0,0,0,0,0,0,3865

Main.js:462 309.006,251.264,141,141,-0.265,0.214,0,0,39,0,0,0,0,0,0,0,122.935,455.646,-1.768,1.768,215.582,327.409,-1.943,1.573,0,0,0,0,217.766,342.316,283.5,-48,0.554,-0.687,0.012,-0.049,79,272.43,368.533,2.445,0.52,0,0,0,0,0,0,0,0,3898

Main.js:462 308.754,251.467,141,141,-0.252,0.203,0,0,38,0,0,0,0,0,0,0,122.935,455.646,-1.768,1.768,215.582,327.409,-1.943,1.573,0,0,0,0,218.302,341.618,282,-51,0.536,-0.699,0.01,-0.049,78,274.876,369.052,2.445,0.52,0,0,0,0,0,0,0,0,3904

