Main.js:143 myTank.x,myTank.y,myTank.rotation,myTank.cannonRotation,myTank.velocityX,myTank.velocityY,myTank.accelerationX,myTank.accelerationY,myTank.shootCooldown,myTank.controls.turnLeft,myTank.controls.turnRight,myTank.controls.goForward,myTank.controls.goBack,myTank.controls.shoot,myTank.controls.cannonLeft,myTank.controls.cannonRight,myBullet1.x,myBullet1.y,myBullet1.velocityX,myBullet1.velocityY,myBullet2.x,myBullet2.y,myBullet2.velocityX,myBullet2.velocityY,myBullet3.x,myBullet3.y,myBullet3.velocityX,myBullet3.velocityY,enemyTank.x,enemyTank.y,enemyTank.rotation,enemyTank.cannonRotation,enemyTank.velocityX,enemyTank.velocityY,enemyTank.accelerationX,enemyTank.accelerationY,enemyTank.shootCooldown,enemyBullet1.x,enemyBullet1.y,enemyBullet1.velocityX,enemyBullet1.velocityY,enemyBullet2.x,enemyBullet2.y,enemyBullet2.velocityX,enemyBullet2.velocityY,enemyBullet3.x,enemyBullet3.y,enemyBullet3.velocityX,enemyBullet3.velocityY,currentGameTime
Main.js:462 450,93,180,180,0,0,0,0,0,0,0,0,0,0,0,0,0,0,0,0,0,0,0,0,0,0,0,0,50,407,0,0,0,0,0,0,0,0,0,0,0,0,0,0,0,0,0,0,0,5

Main.js:462 450,93,180,180,0,0,0,0,0,0,0,0,0,0,0,0,0,0,0,0,0,0,0,0,0,0,0,0,50,407,0,0,0,0,0,0,0,0,0,0,0,0,0,0,0,0,0,0,0,22

Main.js:462 450,93,180,180,0,0,0,0,0,0,0,0,0,0,0,0,0,0,0,0,0,0,0,0,0,0,0,0,50,407,0,0,0,0,0,0,0,0,0,0,0,0,0,0,0,0,0,0,0,37

Main.js:462 450,93,180,180,0,0,0,0,0,0,0,0,0,0,0,0,0,0,0,0,0,0,0,0,0,0,0,0,50.047,407.001,1.5,0,0.047,0.001,0.05,0.001,99,0,0,0,0,0,0,0,0,0,0,0,0,54

Main.js:462 450,93,180,180,0,0,0,0,0,0,0,0,0,0,0,0,0,0,0,0,0,0,0,0,0,0,0,0,50.14,407.005,3,0,0.093,0.004,0.05,0.003,98,73.5,407,2.5,0,0,0,0,0,0,0,0,0,71

Main.js:462 450,93,180,180,0,0,0,0,0,0,0,0,0,0,0,0,0,0,0,0,0,0,0,0,0,0,0,0,50.275,407.012,4.5,0,0.135,0.007,0.05,0.004,97,76,407,2.5,0,0,0,0,0,0,0,0,0,123

Main.js:462 449.953,93,180,180,-0.047,0,-0.05,0,0,0,0,1,0,0,0,0,0,0,0,0,0,0,0,0,0,0,0,0,50.451,407.024,6,0,0.176,0.012,0.05,0.005,96,78.5,407,2.5,0,0,0,0,0,0,0,0,0,153

Main.js:462 449.86,93,180,180,-0.093,0,-0.05,0,0,0,0,1,0,0,0,0,0,0,0,0,0,0,0,0,0,0,0,0,50.665,407.041,7.5,0,0.214,0.017,0.05,0.007,95,81,407,2.5,0,0,0,0,0,0,0,0,0,170

Main.js:462 449.724,93,180,180,-0.135,0,-0.05,0,0,0,0,1,0,0,0,0,0,0,0,0,0,0,0,0,0,0,0,0,50.915,407.065,9,0,0.25,0.024,0.049,0.008,94,83.5,407,2.5,0,0,0,0,0,0,0,0,0,188

Main.js:462 449.548,93,180,180,-0.176,0,-0.05,0,0,0,0,1,0,0,0,0,0,0,0,0,0,0,0,0,0,0,0,0,51.2,407.097,10.5,0,0.284,0.031,0.049,0.009,93,86,407,2.5,0,0,0,0,0,0,0,0,0,204

Main.js:462 449.333,93.001,178.5,178.5,-0.215,0.001,-0.05,0.001,0,1,0,1,0,0,0,0,0,0,0,0,0,0,0,0,0,0,0,0,51.517,407.137,12,0,0.317,0.04,0.049,0.01,92,88.5,407,2.5,0,0,0,0,0,0,0,0,0,222

Main.js:462 449.082,93.005,177,177,-0.252,0.004,-0.05,0.003,0,1,0,1,0,0,0,0,0,0,0,0,0,0,0,0,0,0,0,0,51.864,407.185,13.5,0,0.347,0.049,0.049,0.012,91,91,407,2.5,0,0,0,0,0,0,0,0,0,239

Main.js:462 448.795,93.012,175.5,175.5,-0.286,0.007,-0.05,0.004,0,1,0,1,0,0,0,0,0,0,0,0,0,0,0,0,0,0,0,0,52.239,407.244,15,0,0.376,0.059,0.048,0.013,90,93.5,407,2.5,0,0,0,0,0,0,0,0,0,254

Main.js:462 448.476,93.024,174,174,-0.319,0.012,-0.05,0.005,0,1,0,1,0,0,0,0,0,0,0,0,0,0,0,0,0,0,0,0,52.641,407.313,16.5,0,0.402,0.069,0.048,0.014,89,96,407,2.5,0,0,0,0,0,0,0,0,0,272

Main.js:462 448.126,93.041,172.5,172.5,-0.35,0.017,-0.05,0.007,0,1,0,1,0,0,0,0,0,0,0,0,0,0,0,0,0,0,0,0,53.069,407.394,18,0,0.427,0.08,0.048,0.015,88,98.5,407,2.5,0,0,0,0,0,0,0,0,0,288

Main.js:462 447.746,93.065,171,171,-0.38,0.024,-0.049,0.008,0,1,0,1,0,0,0,0,0,0,0,0,0,0,0,0,0,0,0,0,53.52,407.486,19.5,0,0.451,0.092,0.047,0.017,87,101,407,2.5,0,0,0,0,0,0,0,0,0,305

Main.js:462 447.338,93.097,169.5,169.5,-0.408,0.031,-0.049,0.009,0,1,0,1,0,0,0,0,0,0,0,0,0,0,0,0,0,0,0,0,53.992,407.591,21,0,0.473,0.105,0.047,0.018,86,103.5,407,2.5,0,0,0,0,0,0,0,0,0,322

Main.js:462 446.905,93.137,168,168,-0.434,0.04,-0.049,0.01,0,1,0,1,0,0,0,0,0,0,0,0,0,0,0,0,0,0,0,0,54.485,407.708,22.5,0,0.493,0.118,0.046,0.019,85,106,407,2.5,0,0,0,0,0,0,0,0,0,338

Main.js:462 446.447,93.185,166.5,166.5,-0.458,0.049,-0.049,0.012,0,1,0,1,0,0,0,0,0,0,0,0,0,0,0,0,0,0,0,0,54.997,407.84,24,0,0.512,0.131,0.046,0.02,84,108.5,407,2.5,0,0,0,0,0,0,0,0,0,355

Main.js:462 445.966,93.244,165,165,-0.481,0.059,-0.048,0.013,0,1,0,1,0,0,0,0,0,0,0,0,0,0,0,0,0,0,0,0,55.526,407.985,25.5,0,0.529,0.145,0.045,0.022,83,111,407,2.5,0,0,0,0,0,0,0,0,0,371

Main.js:462 445.463,93.312,165,165,-0.503,0.068,-0.048,0.013,0,0,0,1,0,0,0,0,0,0,0,0,0,0,0,0,0,0,0,0,56.07,408.144,27,0,0.545,0.159,0.045,0.023,82,113.5,407,2.5,0,0,0,0,0,0,0,0,0,387

Main.js:462 444.939,93.389,165,165,-0.524,0.077,-0.048,0.013,0,0,0,1,0,0,0,0,0,0,0,0,0,0,0,0,0,0,0,0,56.63,408.318,28.5,0,0.559,0.174,0.044,0.024,81,116,407,2.5,0,0,0,0,0,0,0,0,0,404

Main.js:462 444.396,93.474,165,165,-0.543,0.085,-0.048,0.013,0,0,0,1,0,0,0,0,0,0,0,0,0,0,0,0,0,0,0,0,57.202,408.507,30,0,0.572,0.189,0.043,0.025,80,118.5,407,2.5,0,0,0,0,0,0,0,0,0,420

Main.js:462 443.834,93.568,165,165,-0.562,0.093,-0.048,0.013,0,0,0,1,0,0,0,0,0,0,0,0,0,0,0,0,0,0,0,0,57.787,408.711,31.5,0,0.584,0.204,0.043,0.026,79,121,407,2.5,0,0,0,0,0,0,0,0,0,437

Main.js:462 443.254,93.669,165,165,-0.58,0.101,-0.048,0.013,0,0,0,1,0,0,0,0,0,0,0,0,0,0,0,0,0,0,0,0,58.382,408.931,33,0,0.595,0.22,0.042,0.027,78,123.5,407,2.5,0,0,0,0,0,0,0,0,0,455

Main.js:462 442.657,93.778,163.5,163.5,-0.596,0.109,-0.048,0.014,0,1,0,1,0,0,0,0,0,0,0,0,0,0,0,0,0,0,0,0,58.986,409.167,34.5,0,0.604,0.236,0.041,0.028,77,126,407,2.5,0,0,0,0,0,0,0,0,0,471

Main.js:462 442.046,93.897,162,162,-0.612,0.119,-0.048,0.015,0,1,0,1,0,0,0,0,0,0,0,0,0,0,0,0,0,0,0,0,59.598,409.419,36,0,0.613,0.252,0.04,0.029,76,128.5,407,2.5,0,0,0,0,0,0,0,0,0,487

Main.js:462 441.42,94.026,160.5,160.5,-0.626,0.129,-0.047,0.017,0,1,0,1,0,0,0,0,0,0,0,0,0,0,0,0,0,0,0,0,60.218,409.688,37.5,0,0.62,0.268,0.04,0.03,75,131,407,2.5,0,0,0,0,0,0,0,0,0,505

Main.js:462 440.781,94.165,159,159,-0.639,0.139,-0.047,0.018,0,1,0,1,0,0,0,0,0,0,0,0,0,0,0,0,0,0,0,0,60.844,409.972,37.5,358.5,0.626,0.284,0.04,0.03,74,133.5,407,2.5,0,0,0,0,0,0,0,0,0,520

Main.js:462 440.13,94.315,157.5,157.5,-0.651,0.15,-0.046,0.019,0,1,0,1,0,0,0,0,0,0,0,0,0,0,0,0,0,0,0,0,61.477,410.27,37.5,357,0.633,0.299,0.04,0.03,73,136,407,2.5,0,0,0,0,0,0,0,0,0,537

Main.js:462 439.468,94.478,156,156,-0.662,0.162,-0.046,0.02,0,1,0,1,0,0,0,0,0,0,0,0,0,0,0,0,0,0,0,0,62.116,410.583,37.5,355.5,0.639,0.313,0.04,0.03,72,138.5,407,2.5,0,0,0,0,0,0,0,0,0,554

Main.js:462 438.796,94.652,154.5,154.5,-0.672,0.175,-0.045,0.022,0,1,0,1,0,0,0,0,0,0,0,0,0,0,0,0,0,0,0,0,62.76,410.909,37.5,354,0.644,0.326,0.04,0.03,71,141,407,2.5,0,0,0,0,0,0,0,0,0,572

Main.js:462 438.116,94.838,154.5,154.5,-0.681,0.186,-0.045,0.022,0,0,0,1,0,0,0,0,0,0,0,0,0,0,0,0,0,0,0,0,63.41,411.247,37.5,352.5,0.65,0.339,0.04,0.03,70,143.5,407,2.5,0,0,0,0,0,0,0,0,0,588

Main.js:462 437.426,95.036,154.5,154.5,-0.69,0.197,-0.045,0.022,0,0,0,1,0,0,0,0,0,0,0,0,0,0,0,0,0,0,0,0,64.065,411.598,37.5,351,0.655,0.351,0.04,0.03,69,146,407,2.5,0,0,0,0,0,0,0,0,0,604

Main.js:462 436.728,95.244,154.5,154.5,-0.698,0.208,-0.045,0.022,99,0,0,1,0,1,0,0,0,0,0,0,0,0,0,0,0,0,0,0,64.725,411.96,37.5,349.5,0.66,0.362,0.04,0.03,68,148.5,407,2.5,0,0,0,0,0,0,0,0,0,621

Main.js:462 436.022,95.462,154.5,154.5,-0.706,0.218,-0.045,0.022,98,0,0,1,0,1,0,0,416.215,105.153,-2.256,1.076,0,0,0,0,0,0,0,0,65.39,412.332,37.5,348,0.665,0.373,0.04,0.03,67,151,407,2.5,0,0,0,0,0,0,0,0,0,637

Main.js:462 435.308,95.689,154.5,154.5,-0.714,0.228,-0.045,0.022,97,0,0,1,0,1,0,0,413.959,106.229,-2.256,1.076,0,0,0,0,0,0,0,0,66.059,412.715,37.5,346.5,0.669,0.383,0.04,0.03,66,153.5,407,2.5,0,0,0,0,0,0,0,0,0,654

Main.js:462 434.588,95.927,153,153,-0.72,0.238,-0.045,0.023,96,1,0,1,0,1,0,0,411.702,107.305,-2.256,1.076,0,0,0,0,0,0,0,0,66.733,413.108,37.5,345,0.673,0.393,0.04,0.03,65,156,407,2.5,0,0,0,0,0,0,0,0,0,670

Main.js:462 433.862,96.176,151.5,151.5,-0.726,0.249,-0.044,0.024,95,1,0,1,0,1,0,0,409.446,108.382,-2.256,1.076,0,0,0,0,0,0,0,0,67.41,413.51,37.5,343.5,0.677,0.402,0.04,0.03,64,158.5,407,2.5,0,0,0,0,0,0,0,0,0,688

Main.js:462 433.131,96.436,150,150,-0.731,0.26,-0.043,0.025,94,1,0,1,0,1,0,0,407.189,109.458,-2.256,1.076,0,0,0,0,0,0,0,0,68.092,413.921,37.5,342,0.681,0.411,0.04,0.03,63,161,407,2.5,0,0,0,0,0,0,0,0,0,704

Main.js:462 432.396,96.707,148.5,148.5,-0.735,0.272,-0.043,0.026,93,1,0,1,0,0,0,0,404.933,110.534,-2.256,1.076,0,0,0,0,0,0,0,0,68.776,414.34,37.5,340.5,0.685,0.419,0.04,0.03,62,163.5,407,2.5,0,0,0,0,0,0,0,0,0,721

Main.js:462 431.658,96.991,147,147,-0.738,0.284,-0.042,0.027,92,1,0,1,0,0,0,0,402.676,111.61,-2.256,1.076,0,0,0,0,0,0,0,0,69.465,414.767,37.5,339,0.688,0.427,0.04,0.03,61,166,407,2.5,0,0,0,0,0,0,0,0,0,738

Main.js:462 430.918,97.287,147,147,-0.741,0.296,-0.042,0.027,91,0,0,1,0,0,0,0,400.42,112.687,-2.256,1.076,0,0,0,0,0,0,0,0,70.156,415.202,37.5,337.5,0.692,0.435,0.04,0.03,60,168.5,407,2.5,0,0,0,0,0,0,0,0,0,753

Main.js:462 430.174,97.594,147,147,-0.744,0.307,-0.042,0.027,90,0,0,1,0,0,0,0,398.163,113.763,-2.256,1.076,0,0,0,0,0,0,0,0,70.851,415.644,37.5,336,0.695,0.442,0.04,0.03,59,171,407,2.5,0,0,0,0,0,0,0,0,0,771

Main.js:462 429.428,97.911,147,147,-0.746,0.317,-0.042,0.027,89,0,0,1,0,0,0,0,395.907,114.839,-2.256,1.076,0,0,0,0,0,0,0,0,71.549,416.093,37.5,334.5,0.698,0.449,0.04,0.03,58,173.5,407,2.5,0,0,0,0,0,0,0,0,0,787

Main.js:462 428.679,98.238,147,147,-0.749,0.327,-0.042,0.027,88,0,0,1,0,1,0,0,393.65,115.916,-2.256,1.076,0,0,0,0,0,0,0,0,72.249,416.548,37.5,333,0.7,0.455,0.04,0.03,57,176,407,2.5,0,0,0,0,0,0,0,0,0,804

Main.js:462 427.928,98.575,147,147,-0.751,0.337,-0.042,0.027,87,0,0,1,0,1,0,0,391.394,116.992,-2.256,1.076,0,0,0,0,0,0,0,0,72.952,417.009,37.5,331.5,0.703,0.461,0.04,0.03,56,178.5,407,2.5,0,0,0,0,0,0,0,0,0,822

Main.js:462 427.174,98.921,147,147,-0.753,0.346,-0.042,0.027,86,0,0,1,0,1,0,0,389.138,118.068,-2.256,1.076,0,0,0,0,0,0,0,0,73.658,417.477,37.5,330,0.706,0.467,0.04,0.03,55,181,407,2.5,0,0,0,0,0,0,0,0,0,838

Main.js:462 426.419,99.275,147,147,-0.756,0.354,-0.042,0.027,85,0,0,1,0,1,0,0,386.881,119.144,-2.256,1.076,0,0,0,0,0,0,0,0,74.366,417.949,37.5,328.5,0.708,0.473,0.04,0.03,54,183.5,407,2.5,0,0,0,0,0,0,0,0,0,854

Main.js:462 425.661,99.638,147,147,-0.758,0.363,-0.042,0.027,84,0,0,1,0,1,0,0,384.625,120.221,-2.256,1.076,0,0,0,0,0,0,0,0,75.076,418.428,37.5,327,0.71,0.478,0.04,0.03,53,186,407,2.5,0,0,0,0,0,0,0,0,0,872

Main.js:462 424.901,100.008,147,147,-0.76,0.37,-0.042,0.027,83,0,0,1,0,0,0,0,382.368,121.297,-2.256,1.076,0,0,0,0,0,0,0,0,75.789,418.911,37.5,325.5,0.712,0.483,0.04,0.03,52,188.5,407,2.5,0,0,0,0,0,0,0,0,0,889

Main.js:462 424.14,100.386,147,147,-0.761,0.378,-0.042,0.027,82,0,0,1,0,0,0,0,380.112,122.373,-2.256,1.076,0,0,0,0,0,0,0,0,76.503,419.398,37.5,324,0.715,0.488,0.04,0.03,51,191,407,2.5,0,0,0,0,0,0,0,0,0,904

Main.js:462 423.377,100.77,147,147,-0.763,0.385,-0.042,0.027,81,0,0,1,0,0,0,0,377.855,123.45,-2.256,1.076,0,0,0,0,0,0,0,0,77.22,419.891,37.5,322.5,0.716,0.492,0.04,0.03,50,193.5,407,2.5,0,0,0,0,0,0,0,0,0,921

Main.js:462 422.612,101.162,147,147,-0.765,0.391,-0.042,0.027,80,0,0,1,0,0,0,0,375.599,124.526,-2.256,1.076,0,0,0,0,0,0,0,0,77.938,420.387,37.5,321,0.718,0.497,0.04,0.03,49,196,407,2.5,0,0,0,0,0,0,0,0,0,937

Main.js:462 421.845,101.559,147,147,-0.767,0.398,-0.042,0.027,79,0,0,1,0,0,0,0,373.342,125.602,-2.256,1.076,0,0,0,0,0,0,0,0,78.658,420.888,37.5,319.5,0.72,0.501,0.04,0.03,48,198.5,407,2.5,0,0,0,0,0,0,0,0,0,953

Main.js:462 421.077,101.963,147,147,-0.768,0.404,-0.042,0.027,78,0,0,1,0,0,0,0,371.086,126.678,-2.256,1.076,0,0,0,0,0,0,0,0,79.38,421.393,37.5,318,0.722,0.505,0.04,0.03,47,201,407,2.5,0,0,0,0,0,0,0,0,0,971

Main.js:462 420.308,102.372,147,147,-0.769,0.409,-0.042,0.027,77,0,0,1,0,1,0,0,368.829,127.755,-2.256,1.076,0,0,0,0,0,0,0,0,80.103,421.901,37.5,316.5,0.723,0.508,0.04,0.03,46,203.5,407,2.5,0,0,0,0,0,0,0,0,0,988

Main.js:462 419.537,102.787,147,147,-0.771,0.415,-0.042,0.027,76,0,0,1,0,1,0,0,366.573,128.831,-2.256,1.076,0,0,0,0,0,0,0,0,80.828,422.413,37.5,315,0.725,0.512,0.04,0.03,45,206,407,2.5,0,0,0,0,0,0,0,0,0,1005

Main.js:462 418.765,103.206,147,147,-0.772,0.42,-0.042,0.027,75,0,0,1,0,1,0,0,364.316,129.907,-2.256,1.076,0,0,0,0,0,0,0,0,81.555,422.927,36,312,0.727,0.514,0.04,0.029,44,208.5,407,2.5,0,0,0,0,0,0,0,0,0,1022

Main.js:462 417.991,103.631,147,147,-0.773,0.425,-0.042,0.027,74,0,0,1,0,1,0,0,362.06,130.983,-2.256,1.076,0,0,0,0,0,0,0,0,82.285,423.442,34.5,309,0.73,0.515,0.041,0.028,43,211,407,2.5,0,0,0,0,0,0,0,0,0,1038

Main.js:462 417.217,104.06,147,147,-0.775,0.429,-0.042,0.027,73,0,0,1,0,0,0,0,359.804,132.06,-2.256,1.076,0,0,0,0,0,0,0,0,83.018,423.958,33,306,0.733,0.515,0.042,0.027,42,213.5,407,2.5,0,0,0,0,0,0,0,0,0,1054

Main.js:462 416.441,104.494,147,147,-0.776,0.434,-0.042,0.027,72,0,0,1,0,0,0,0,357.547,133.136,-2.256,1.076,0,0,0,0,0,0,0,0,83.755,424.472,31.5,303,0.737,0.514,0.043,0.026,41,216,407,2.5,0,0,0,0,0,0,0,0,0,1071

Main.js:462 415.664,104.932,147,147,-0.777,0.438,-0.042,0.027,71,0,0,1,0,0,0,0,355.291,134.212,-2.256,1.076,0,0,0,0,0,0,0,0,84.497,424.985,30,300,0.741,0.513,0.043,0.025,40,218.5,407,2.5,0,0,0,0,0,0,0,0,0,1088

Main.js:462 414.887,105.374,147,147,-0.778,0.442,-0.042,0.027,70,0,0,1,0,0,0,0,353.034,135.289,-2.256,1.076,0,0,0,0,0,0,0,0,85.243,425.494,28.5,297,0.746,0.51,0.044,0.024,39,221,407,2.5,0,0,0,0,0,0,0,0,0,1104

Main.js:462 414.108,105.82,147,147,-0.779,0.446,-0.042,0.027,69,0,0,1,0,0,0,0,350.778,136.365,-2.256,1.076,0,0,0,0,0,0,0,0,85.994,426,27,294,0.751,0.506,0.045,0.023,38,223.5,407,2.5,0,0,0,0,0,0,0,0,0,1120

Main.js:462 413.329,106.269,147,147,-0.78,0.449,-0.042,0.027,68,0,0,1,0,0,0,0,348.521,137.441,-2.256,1.076,0,0,0,0,0,0,0,0,86.75,426.501,25.5,291,0.756,0.501,0.045,0.022,37,226,407,2.5,0,0,0,0,0,0,0,0,0,1138

Main.js:462 412.548,106.722,147,147,-0.78,0.453,-0.042,0.027,67,0,0,1,0,1,0,0,346.265,138.517,-2.256,1.076,0,0,0,0,0,0,0,0,87.512,426.996,24,288,0.762,0.495,0.046,0.02,36,228.5,407,2.5,0,0,0,0,0,0,0,0,0,1155

Main.js:462 411.767,107.177,147,147,-0.781,0.456,-0.042,0.027,66,0,0,1,0,1,0,0,344.008,139.594,-2.256,1.076,0,0,0,0,0,0,0,0,88.28,427.484,22.5,285,0.768,0.489,0.046,0.019,35,231,407,2.5,0,0,0,0,0,0,0,0,0,1172

Main.js:462 410.985,107.636,147,147,-0.782,0.459,-0.042,0.027,65,0,0,1,0,1,0,0,341.752,140.67,-2.256,1.076,0,0,0,0,0,0,0,0,89.054,427.965,21,282,0.774,0.481,0.047,0.018,34,233.5,407,2.5,0,0,0,0,0,0,0,0,0,1190

Main.js:462 410.202,108.098,147,147,-0.783,0.462,-0.042,0.027,64,0,0,1,0,1,0,0,339.495,141.746,-2.256,1.076,0,0,0,0,0,0,0,0,89.833,428.438,19.5,279,0.78,0.473,0.047,0.017,33,236,407,2.5,0,0,0,0,0,0,0,0,0,1204

Main.js:462 409.419,108.563,147,147,-0.783,0.465,-0.042,0.027,63,0,0,1,0,0,0,0,337.239,142.823,-2.256,1.076,0,0,0,0,0,0,0,0,90.619,428.902,18,276,0.786,0.464,0.048,0.015,32,238.5,407,2.5,0,0,0,0,0,0,0,0,0,1221

Main.js:462 408.635,109.03,147,147,-0.784,0.467,-0.042,0.027,62,0,0,1,0,0,0,0,334.982,143.899,-2.256,1.076,0,0,0,0,0,0,0,0,91.412,429.356,16.5,273,0.792,0.454,0.048,0.014,31,241,407,2.5,0,0,0,0,0,0,0,0,0,1238

Main.js:462 407.85,109.5,147,147,-0.785,0.47,-0.042,0.027,61,0,0,1,0,0,0,0,332.726,144.975,-2.256,1.076,0,0,0,0,0,0,0,0,92.21,429.8,15,270,0.798,0.444,0.048,0.013,30,243.5,407,2.5,0,0,0,0,0,0,0,0,0,1255

Main.js:462 407.065,109.972,147,147,-0.785,0.472,-0.042,0.027,60,0,0,1,0,0,0,0,330.47,146.051,-2.256,1.076,0,0,0,0,0,0,0,0,93.015,430.233,13.5,267,0.805,0.433,0.049,0.012,29,246,407,2.5,0,0,0,0,0,0,0,0,0,1272

Main.js:462 406.279,110.447,147,147,-0.786,0.474,-0.042,0.027,59,0,0,1,0,0,0,0,328.213,147.128,-2.256,1.076,0,0,0,0,0,0,0,0,93.826,430.654,12,264,0.811,0.421,0.049,0.01,28,248.5,407,2.5,0,0,0,0,0,0,0,0,0,1288

Main.js:462 405.492,110.923,147,147,-0.786,0.477,-0.042,0.027,58,0,0,1,0,1,0,0,325.957,148.204,-2.256,1.076,0,0,0,0,0,0,0,0,94.643,431.063,10.5,261,0.817,0.409,0.049,0.009,27,251,407,2.5,0,0,0,0,0,0,0,0,0,1305

Main.js:462 404.705,111.402,147,147,-0.787,0.479,-0.042,0.027,57,0,0,1,0,1,0,0,323.7,149.28,-2.256,1.076,0,0,0,0,0,0,0,0,95.466,431.458,9,258,0.823,0.396,0.049,0.008,26,253.5,407,2.5,0,0,0,0,0,0,0,0,0,1321

Main.js:462 403.918,111.883,147,147,-0.787,0.481,-0.042,0.027,56,0,0,1,0,1,0,0,321.444,150.356,-2.256,1.076,0,0,0,0,0,0,0,0,96.295,431.84,7.5,255,0.829,0.382,0.05,0.007,25,256,407,2.5,0,0,0,0,0,0,0,0,0,1354

Main.js:462 403.13,112.365,147,147,-0.788,0.482,-0.042,0.027,55,0,0,1,0,1,0,0,319.187,151.433,-2.256,1.076,0,0,0,0,0,0,0,0,97.13,432.208,6,252,0.835,0.368,0.05,0.005,24,258.5,407,2.5,0,0,0,0,0,0,0,0,0,1371

Main.js:462 402.342,112.849,147,147,-0.788,0.484,-0.042,0.027,54,0,0,1,0,0,0,0,316.931,152.509,-2.256,1.076,0,0,0,0,0,0,0,0,97.971,432.561,4.5,249,0.841,0.353,0.05,0.004,23,261,407,2.5,0,0,0,0,0,0,0,0,0,1388

Main.js:462 401.553,113.335,147,147,-0.789,0.486,-0.042,0.027,53,0,0,1,0,0,0,0,314.674,153.585,-2.256,1.076,0,0,0,0,0,0,0,0,98.817,432.899,3,246,0.846,0.338,0.05,0.003,22,263.5,407,2.5,0,0,0,0,0,0,0,0,0,1405

Main.js:462 400.764,113.822,147,147,-0.789,0.487,-0.042,0.027,52,0,0,1,0,0,0,0,312.418,154.662,-2.256,1.076,0,0,0,0,0,0,0,0,99.668,433.221,1.5,243,0.851,0.322,0.05,0.001,21,266,407,2.5,0,0,0,0,0,0,0,0,0,1421

Main.js:462 399.974,114.311,147,147,-0.79,0.489,-0.042,0.027,51,0,0,1,0,0,0,0,310.161,155.738,-2.256,1.076,0,0,0,0,0,0,0,0,100.524,433.528,0,240,0.856,0.306,0.05,0,20,268.5,407,2.5,0,0,0,0,0,0,0,0,0,1438

Main.js:462 399.184,114.802,147,147,-0.79,0.49,-0.042,0.027,50,0,0,1,0,0,0,0,307.905,156.814,-2.256,1.076,0,0,0,0,0,0,0,0,101.384,433.817,358.5,237,0.861,0.29,0.05,-0.001,19,271,407,2.5,0,0,0,0,0,0,0,0,0,1456

Main.js:462 398.394,115.293,147,147,-0.79,0.492,-0.042,0.027,49,0,0,1,0,0,0,0,305.648,157.89,-2.256,1.076,0,0,0,0,0,0,0,0,102.25,434.09,357,234,0.865,0.273,0.05,-0.003,18,273.5,407,2.5,0,0,0,0,0,0,0,0,0,1471

Main.js:462 397.603,115.786,147,147,-0.791,0.493,-0.042,0.027,48,0,0,1,0,1,0,0,303.392,158.967,-2.256,1.076,0,0,0,0,0,0,0,0,103.119,434.345,355.5,231,0.869,0.255,0.05,-0.004,17,276,407,2.5,0,0,0,0,0,0,0,0,0,1487

Main.js:462 396.812,116.281,147,147,-0.791,0.494,-0.042,0.027,47,0,0,1,0,1,0,0,301.136,160.043,-2.256,1.076,0,0,0,0,0,0,0,0,103.992,434.583,354,228,0.873,0.238,0.05,-0.005,16,278.5,407,2.5,0,0,0,0,0,0,0,0,0,1504

Main.js:462 396.021,116.776,147,147,-0.791,0.495,-0.042,0.027,46,0,0,1,0,1,0,0,298.879,161.119,-2.256,1.076,0,0,0,0,0,0,0,0,104.868,434.803,352.5,225,0.876,0.22,0.05,-0.007,15,281,407,2.5,0,0,0,0,0,0,0,0,0,1520

Main.js:462 395.231,117.273,145.5,145.5,-0.791,0.497,-0.041,0.028,45,1,0,1,0,1,0,0,296.623,162.196,-2.256,1.076,0,0,0,0,0,0,0,0,105.748,435.004,351,222,0.88,0.201,0.049,-0.008,14,283.5,407,2.5,0,0,0,0,0,0,0,0,0,1539

Main.js:462 394.441,117.774,144,144,-0.79,0.501,-0.04,0.029,44,1,0,1,0,1,0,0,294.366,163.272,-2.256,1.076,0,0,0,0,0,0,0,0,106.63,435.186,349.5,219,0.882,0.182,0.049,-0.009,13,286,407,2.5,0,0,0,0,0,0,0,0,0,1554

Main.js:462 393.653,118.278,142.5,142.5,-0.788,0.504,-0.04,0.03,43,1,0,1,0,0,0,0,292.11,164.348,-2.256,1.076,0,0,0,0,0,0,0,0,107.515,435.35,348,216,0.885,0.163,0.049,-0.01,12,288.5,407,2.5,0,0,0,0,0,0,0,0,0,1571

Main.js:462 392.868,118.787,141,141,-0.785,0.509,-0.039,0.031,42,1,0,1,0,0,0,0,289.853,165.424,-2.256,1.076,0,0,0,0,0,0,0,0,108.401,435.494,346.5,213,0.887,0.144,0.049,-0.012,11,291,407,2.5,0,0,0,0,0,0,0,0,0,1588

Main.js:462 392.085,119.302,139.5,139.5,-0.782,0.514,-0.038,0.032,41,1,0,1,0,0,0,0,287.597,166.501,-2.256,1.076,0,0,0,0,0,0,0,0,109.289,435.618,345,210,0.888,0.125,0.048,-0.013,10,293.5,407,2.5,0,0,0,0,0,0,0,0,0,1605

Main.js:462 391.307,119.822,138,138,-0.778,0.521,-0.037,0.033,40,1,0,1,0,0,0,0,285.34,167.577,-2.256,1.076,0,0,0,0,0,0,0,0,110.179,435.723,343.5,207,0.889,0.105,0.048,-0.014,9,296,407,2.5,0,0,0,0,0,0,0,0,0,1621

Main.js:462 390.532,120.349,138,138,-0.775,0.526,-0.037,0.033,39,0,0,1,0,0,0,0,283.084,168.653,-2.256,1.076,0,0,0,0,0,0,0,0,111.069,435.808,342,204,0.89,0.085,0.048,-0.015,8,298.5,407,2.5,0,0,0,0,0,0,0,0,0,1638

Main.js:462 389.761,120.881,138,138,-0.771,0.532,-0.037,0.033,38,0,0,1,0,0,0,0,280.827,169.729,-2.256,1.076,0,0,0,0,0,0,0,0,111.959,435.873,340.5,201,0.89,0.065,0.047,-0.017,7,301,407,2.5,0,0,0,0,0,0,0,0,0,1654

Main.js:462 388.993,121.418,138,138,-0.768,0.537,-0.037,0.033,37,0,0,1,0,1,0,0,278.571,170.806,-2.256,1.076,0,0,0,0,0,0,0,0,112.849,435.918,339,198,0.89,0.045,0.047,-0.018,6,303.5,407,2.5,0,0,0,0,0,0,0,0,0,1670

Main.js:462 388.228,121.959,138,138,-0.765,0.542,-0.037,0.033,36,0,0,1,0,1,0,0,276.314,171.882,-2.256,1.076,0,0,0,0,0,0,0,0,113.738,435.942,337.5,195,0.889,0.024,0.046,-0.019,5,306,407,2.5,0,0,0,0,0,0,0,0,0,1688

Main.js:462 387.466,122.506,138,138,-0.762,0.547,-0.037,0.033,35,0,0,1,0,1,0,0,274.058,172.958,-2.256,1.076,0,0,0,0,0,0,0,0,114.627,435.946,336,192,0.888,0.004,0.046,-0.02,4,308.5,407,2.5,0,0,0,0,0,0,0,0,0,1705

Main.js:462 386.707,123.057,138,138,-0.759,0.551,-0.037,0.033,34,0,0,1,0,1,0,0,271.801,174.035,-2.256,1.076,0,0,0,0,0,0,0,0,115.514,435.929,334.5,189,0.887,-0.017,0.045,-0.022,3,311,407,2.5,0,0,0,0,0,0,0,0,0,1720

Main.js:462 385.95,123.612,138,138,-0.757,0.555,-0.037,0.033,33,0,0,1,0,1,0,0,269.545,175.111,-2.256,1.076,0,0,0,0,0,0,0,0,116.398,435.891,333,186,0.885,-0.038,0.045,-0.023,2,313.5,407,2.5,0,0,0,0,0,0,0,0,0,1738

Main.js:462 385.196,124.172,138,138,-0.754,0.559,-0.037,0.033,32,0,0,1,0,0,0,0,267.289,176.187,-2.256,1.076,0,0,0,0,0,0,0,0,117.281,435.833,331.5,183,0.882,-0.058,0.044,-0.024,1,316,407,2.5,0,0,0,0,0,0,0,0,0,1757

Main.js:462 384.444,124.735,138,138,-0.752,0.563,-0.037,0.033,31,0,0,1,0,0,0,0,265.032,177.263,-2.256,1.076,0,0,0,0,0,0,0,0,118.16,435.753,330,180,0.879,-0.079,0.043,-0.025,0,318.5,407,2.5,0,0,0,0,0,0,0,0,0,1770

Main.js:462 383.695,125.302,138,138,-0.749,0.567,-0.037,0.033,30,0,0,1,0,0,0,0,262.776,178.34,-2.256,1.076,0,0,0,0,0,0,0,0,119.036,435.653,328.5,177,0.876,-0.1,0.043,-0.026,99,321,407,2.5,0,0,0,0,0,0,0,0,0,1787

Main.js:462 382.948,125.872,138,138,-0.747,0.57,-0.037,0.033,29,0,0,1,0,0,0,0,260.519,179.416,-2.256,1.076,0,0,0,0,0,0,0,0,119.908,435.532,327,174,0.872,-0.121,0.042,-0.027,98,323.5,407,2.5,0,94.692,436.983,-2.497,0.131,0,0,0,0,1805

Main.js:462 382.203,126.445,138,138,-0.745,0.573,-0.037,0.033,28,0,0,1,0,0,0,0,258.263,180.492,-2.256,1.076,0,0,0,0,0,0,0,0,120.775,435.39,325.5,171,0.867,-0.142,0.041,-0.028,97,326,407,2.5,0,92.196,437.114,-2.497,0.131,0,0,0,0,1821

Main.js:462 381.459,127.022,138,138,-0.743,0.577,-0.037,0.033,27,0,0,1,0,1,0,0,256.006,181.569,-2.256,1.076,0,0,0,0,0,0,0,0,121.638,435.228,324,168,0.863,-0.163,0.04,-0.029,96,328.5,407,2.5,0,89.699,437.245,-2.497,0.131,0,0,0,0,1838

Main.js:462 380.719,127.602,136.5,136.5,-0.74,0.58,-0.036,0.034,26,1,0,1,0,1,0,0,253.75,182.645,-2.256,1.076,0,0,0,0,0,0,0,0,122.495,435.044,322.5,165,0.857,-0.183,0.04,-0.03,95,331,407,2.5,0,87.203,437.376,-2.497,0.131,0,0,0,0,1856

Main.js:462 379.982,128.187,135,135,-0.737,0.585,-0.035,0.035,25,1,0,1,0,1,0,0,251.493,183.721,-2.256,1.076,0,0,0,0,0,0,0,0,123.346,434.84,321,162,0.851,-0.204,0.039,-0.031,94,333.5,407,2.5,0,84.706,437.507,-2.497,0.131,0,0,0,0,1870

Main.js:462 379.249,128.777,133.5,133.5,-0.733,0.59,-0.034,0.036,24,1,0,1,0,1,0,0,249.237,184.797,-2.256,1.076,0,0,0,0,0,0,0,0,124.191,434.615,319.5,159,0.845,-0.225,0.038,-0.032,93,336,407,2.5,0,82.209,437.638,-2.497,0.131,0,0,0,0,1888

Main.js:462 378.521,129.373,132,132,-0.728,0.596,-0.033,0.037,23,1,0,1,0,1,0,0,246.98,185.874,-2.256,1.076,0,0,0,0,0,0,0,0,125.029,434.37,318,156,0.838,-0.245,0.037,-0.033,92,338.5,407,2.5,0,79.713,437.768,-2.497,0.131,0,0,0,0,1904

Main.js:462 377.799,129.976,130.5,130.5,-0.722,0.602,-0.032,0.038,22,1,0,1,0,0,0,0,244.724,186.95,-2.256,1.076,0,0,0,0,0,0,0,0,125.859,434.104,316.5,153,0.83,-0.266,0.036,-0.034,91,341,407,2.5,0,77.216,437.899,-2.497,0.131,0,0,0,0,1921

Main.js:462 377.082,130.585,129,129,-0.716,0.609,-0.031,0.039,21,1,0,1,0,0,0,0,242.467,188.026,-2.256,1.076,0,0,0,0,0,0,0,0,126.681,433.818,315,150,0.822,-0.286,0.035,-0.035,90,343.5,407,2.5,0,74.72,438.03,-2.497,0.131,0,0,0,0,1938

Main.js:462 376.372,131.2,129,129,-0.71,0.616,-0.031,0.039,20,0,0,1,0,0,0,0,240.211,189.102,-2.256,1.076,0,0,0,0,0,0,0,0,127.495,433.512,313.5,147,0.814,-0.306,0.034,-0.036,89,346,407,2.5,0,72.223,438.161,-2.497,0.131,0,0,0,0,1955

Main.js:462 375.667,131.822,129,129,-0.705,0.622,-0.031,0.039,19,0,0,1,0,0,0,0,237.955,190.179,-2.256,1.076,0,0,0,0,0,0,0,0,128.3,433.186,312,144,0.805,-0.326,0.033,-0.037,88,348.5,407,2.5,0,69.727,438.292,-2.497,0.131,0,0,0,0,1971

Main.js:462 374.968,132.45,129,129,-0.699,0.628,-0.031,0.039,18,0,0,1,0,1,0,0,235.698,191.255,-2.256,1.076,0,0,0,0,0,0,0,0,129.096,432.84,310.5,141,0.796,-0.346,0.032,-0.038,87,351,407,2.5,0,67.23,438.423,-2.497,0.131,0,0,0,0,1989

Main.js:462 374.274,133.083,129,129,-0.694,0.633,-0.031,0.039,17,0,0,1,0,1,0,0,233.442,192.331,-2.256,1.076,0,0,0,0,0,0,0,0,129.882,432.474,309,138,0.786,-0.366,0.031,-0.039,86,353.5,407,2.5,0,64.733,438.553,-2.497,0.131,0,0,0,0,2004

Main.js:462 373.584,133.721,129,129,-0.689,0.638,-0.031,0.039,16,0,0,1,0,1,0,0,231.185,193.408,-2.256,1.076,0,0,0,0,0,0,0,0,130.659,432.091,310.5,138,0.777,-0.383,0.032,-0.038,85,356,407,2.5,0,62.237,438.684,-2.497,0.131,0,0,0,0,2021

Main.js:462 372.899,134.364,129,129,-0.685,0.643,-0.031,0.039,15,0,0,1,0,1,0,0,228.929,194.484,-2.256,1.076,0,0,0,0,0,0,0,0,131.429,431.691,312,138,0.77,-0.4,0.033,-0.037,84,358.5,407,2.5,0,59.74,438.815,-2.497,0.131,0,0,0,0,2039

Main.js:462 372.219,135.013,129,129,-0.681,0.648,-0.031,0.039,14,0,0,1,0,1,0,0,226.672,195.56,-2.256,1.076,0,0,0,0,0,0,0,0,132.194,431.277,313.5,138,0.764,-0.414,0.034,-0.036,83,361,407,2.5,0,57.244,438.946,-2.497,0.131,0,0,0,0,2054

Main.js:462 371.543,135.665,129,129,-0.676,0.653,-0.031,0.039,13,0,0,1,0,1,0,0,224.416,196.636,-2.256,1.076,0,0,0,0,0,0,0,0,132.954,430.85,315,138,0.76,-0.427,0.035,-0.035,82,363.5,407,2.5,0,54.747,439.077,-2.497,0.131,0,0,0,0,2071

Main.js:462 370.871,136.323,127.5,127.5,-0.671,0.658,-0.03,0.04,12,1,0,1,0,0,0,0,222.159,197.713,-2.256,1.076,0,0,0,0,0,0,0,0,133.71,430.412,316.5,138,0.756,-0.438,0.036,-0.034,81,366,407,2.5,0,52.251,439.208,-2.497,0.131,0,0,0,0,2137

Main.js:462 370.205,136.986,126,126,-0.666,0.663,-0.029,0.04,11,1,0,1,0,1,0,0,219.903,198.789,-2.256,1.076,0,0,0,0,0,0,0,0,134.464,429.963,318,138,0.754,-0.448,0.037,-0.033,80,368.5,407,2.5,0,49.754,439.338,-2.497,0.131,0,0,0,0,2153

Main.js:462 369.546,137.655,124.5,124.5,-0.659,0.669,-0.028,0.041,10,1,0,1,0,1,0,0,217.646,199.865,-2.256,1.076,0,0,0,0,0,0,0,0,135.216,429.507,319.5,138,0.752,-0.457,0.038,-0.032,79,371,407,2.5,0,47.257,439.469,-2.497,0.131,0,0,0,0,2169

Main.js:462 368.892,138.33,124.5,124.5,-0.653,0.675,-0.028,0.041,9,0,0,1,0,1,0,0,215.39,200.942,-2.256,1.076,0,0,0,0,0,0,0,0,135.967,429.043,321,138,0.751,-0.464,0.039,-0.031,78,373.5,407,2.5,0,44.761,439.6,-2.497,0.131,0,0,0,0,2186

Main.js:462 368.245,139.01,124.5,124.5,-0.648,0.68,-0.028,0.041,8,0,0,1,0,1,0,0,213.133,202.018,-2.256,1.076,0,0,0,0,0,0,0,0,136.719,428.574,322.5,138,0.752,-0.469,0.04,-0.03,77,376,407,2.5,0,42.264,439.731,-2.497,0.131,0,0,0,0,2221

Main.js:462 367.603,139.696,124.5,124.5,-0.642,0.685,-0.028,0.041,7,0,0,1,0,0,0,0,210.877,203.094,-2.256,1.076,0,0,0,0,0,0,0,0,137.471,428.1,324,138,0.752,-0.474,0.04,-0.029,76,378.5,407,2.5,0,39.768,439.862,-2.497,0.131,0,0,0,0,2238

Main.js:462 366.966,140.386,124.5,124.5,-0.637,0.69,-0.028,0.041,6,0,0,1,0,0,0,0,208.621,204.17,-2.256,1.076,0,0,0,0,0,0,0,0,138.225,427.623,325.5,138,0.754,-0.477,0.041,-0.028,75,381,407,2.5,0,37.271,439.993,-2.497,0.131,0,0,0,0,2254

Main.js:462 366.334,141.081,124.5,124.5,-0.632,0.695,-0.028,0.041,5,0,0,1,0,0,0,0,206.364,205.247,-2.256,1.076,0,0,0,0,0,0,0,0,138.982,427.144,327,138,0.756,-0.479,0.042,-0.027,74,383.5,407,2.5,0,34.775,440.123,-2.497,0.131,0,0,0,0,2271

Main.js:462 365.706,141.78,124.5,124.5,-0.627,0.699,-0.028,0.041,4,0,0,1,0,0,0,0,204.108,206.323,-2.256,1.076,0,0,0,0,0,0,0,0,139.74,426.664,328.5,138,0.759,-0.48,0.043,-0.026,73,386,407,2.5,0,32.278,440.254,-2.497,0.131,0,0,0,0,2288

Main.js:462 365.084,142.484,124.5,124.5,-0.623,0.703,-0.028,0.041,3,0,0,1,0,0,0,0,201.851,207.399,-2.256,1.076,0,0,0,0,0,0,0,0,140.502,426.184,330,138,0.762,-0.48,0.043,-0.025,72,388.5,407,2.5,0,29.781,440.385,-2.497,0.131,0,0,0,0,2304

Main.js:462 364.465,143.191,124.5,124.5,-0.619,0.707,-0.028,0.041,2,0,0,1,0,1,0,0,199.595,208.475,-2.256,1.076,0,0,0,0,0,0,0,0,141.268,425.706,331.5,138,0.766,-0.478,0.044,-0.024,71,391,407,2.5,0,27.285,440.516,-2.497,0.131,0,0,0,0,2321

Main.js:462 363.85,143.902,124.5,124.5,-0.615,0.711,-0.028,0.041,1,0,0,1,0,1,0,0,197.338,209.552,-2.256,1.076,0,0,0,0,0,0,0,0,142.038,425.23,333,138,0.77,-0.476,0.045,-0.023,70,393.5,407,2.5,0,24.788,440.647,-2.497,0.131,0,0,0,0,2337

Main.js:462 363.24,144.617,124.5,124.5,-0.611,0.715,-0.028,0.041,0,0,0,1,0,1,0,0,195.082,210.628,-2.256,1.076,0,0,0,0,0,0,0,0,142.812,424.757,334.5,138,0.774,-0.473,0.045,-0.022,69,396,407,2.5,0,22.292,440.778,-2.497,0.131,0,0,0,0,2354

Main.js:462 362.633,145.335,124.5,124.5,-0.607,0.718,-0.028,0.041,99,0,0,1,0,1,0,0,192.825,211.704,-2.256,1.076,0,0,0,0,0,0,0,0,143.59,424.289,336,138,0.779,-0.468,0.046,-0.02,68,398.5,407,2.5,0,19.795,440.909,-2.497,0.131,0,0,0,0,2370

Main.js:462 362.029,146.057,124.5,124.5,-0.604,0.721,-0.028,0.041,98,0,0,1,0,1,0,0,190.569,212.781,-2.256,1.076,349.929,163.984,-1.416,2.06,0,0,0,0,144.374,423.825,337.5,138,0.784,-0.463,0.046,-0.019,67,401,407,2.5,0,17.299,441.039,-2.497,0.131,0,0,0,0,2388

Main.js:462 361.429,146.781,124.5,124.5,-0.6,0.725,-0.028,0.041,97,0,0,1,0,0,0,0,188.312,213.857,-2.256,1.076,348.513,166.045,-1.416,2.06,0,0,0,0,145.163,423.368,339,138,0.789,-0.457,0.047,-0.018,66,403.5,407,2.5,0,14.802,441.17,-2.497,0.131,0,0,0,0,2403

Main.js:462 360.831,147.509,124.5,124.5,-0.597,0.727,-0.028,0.041,96,0,0,1,0,0,0,0,186.056,214.933,-2.256,1.076,347.097,168.105,-1.416,2.06,0,0,0,0,145.957,422.918,340.5,138,0.794,-0.45,0.047,-0.017,65,406,407,2.5,0,12.305,441.301,-2.497,0.131,0,0,0,0,2422

Main.js:462 360.237,148.239,124.5,124.5,-0.594,0.73,-0.028,0.041,95,0,0,1,0,0,0,0,183.799,216.009,-2.256,1.076,345.681,170.165,-1.416,2.06,0,0,0,0,146.757,422.476,342,138,0.8,-0.442,0.048,-0.015,64,408.5,407,2.5,0,9.809,441.432,-2.497,0.131,0,0,0,0,2438

Main.js:462 359.645,148.972,124.5,124.5,-0.591,0.733,-0.028,0.041,94,0,0,1,0,0,0,0,181.543,217.086,-2.256,1.076,344.265,172.225,-1.416,2.06,0,0,0,0,147.562,422.043,343.5,138,0.805,-0.434,0.048,-0.014,63,411,407,2.5,0,7.312,441.563,-2.497,0.131,0,0,0,0,2454

Main.js:462 359.057,149.707,124.5,124.5,-0.589,0.735,-0.028,0.041,93,0,0,1,0,0,0,0,179.286,218.162,-2.256,1.076,342.849,174.286,-1.416,2.06,0,0,0,0,148.373,421.619,345,138,0.811,-0.424,0.048,-0.013,62,413.5,407,2.5,0,4.816,441.694,-2.497,0.131,0,0,0,0,2471

Main.js:462 358.47,150.445,124.5,124.5,-0.586,0.738,-0.028,0.041,92,0,0,1,0,1,0,0,177.03,219.238,-2.256,1.076,341.433,176.346,-1.416,2.06,0,0,0,0,149.189,421.204,346.5,138,0.816,-0.414,0.049,-0.012,61,416,407,2.5,0,2.319,441.824,-2.497,0.131,0,0,0,0,2488

Main.js:462 357.886,151.185,124.5,124.5,-0.584,0.74,-0.028,0.041,91,0,0,1,0,1,0,0,174.774,220.315,-2.256,1.076,341.433,176.346,-1.416,2.06,0,0,0,0,150.012,420.801,348,138,0.822,-0.403,0.049,-0.01,60,418.5,407,2.5,0,0,0,0,0,0,0,0,0,2503

Main.js:462 357.305,151.927,124.5,124.5,-0.582,0.742,-0.028,0.041,90,0,0,1,0,1,0,0,172.517,221.391,-2.256,1.076,340.017,178.406,-1.416,2.06,0,0,0,0,150.839,420.408,348,136.5,0.827,-0.393,0.049,-0.01,59,421,407,2.5,0,0,0,0,0,0,0,0,0,2521

Main.js:462 356.725,152.671,124.5,124.5,-0.579,0.744,-0.028,0.041,89,0,0,1,0,1,0,0,170.261,222.467,-2.256,1.076,338.601,180.467,-1.416,2.06,0,0,0,0,151.672,420.025,348,135,0.833,-0.383,0.049,-0.01,58,423.5,407,2.5,0,0,0,0,0,0,0,0,0,2539

Main.js:462 356.148,153.418,124.5,124.5,-0.577,0.746,-0.028,0.041,88,0,0,1,0,1,0,0,168.004,223.543,-2.256,1.076,337.185,182.527,-1.416,2.06,0,0,0,0,152.509,419.651,348,133.5,0.837,-0.374,0.049,-0.01,57,426,407,2.5,0,0,0,0,0,0,0,0,0,2554

Main.js:462 355.573,154.166,124.5,124.5,-0.575,0.748,-0.028,0.041,87,0,0,1,0,0,0,0,165.748,224.62,-2.256,1.076,335.769,184.587,-1.416,2.06,0,0,0,0,153.351,419.286,348,132,0.842,-0.365,0.049,-0.01,56,428.5,407,2.5,0,0,0,0,0,0,0,0,0,2573

Main.js:462 354.999,154.915,124.5,124.5,-0.574,0.75,-0.028,0.041,86,0,0,1,0,0,0,0,163.491,225.696,-2.256,1.076,334.353,186.648,-1.416,2.06,0,0,0,0,154.197,418.929,348,130.5,0.846,-0.357,0.049,-0.01,55,431,407,2.5,0,0,0,0,0,0,0,0,0,2587

Main.js:462 354.427,155.667,124.5,124.5,-0.572,0.751,-0.028,0.041,85,0,0,1,0,0,0,0,161.235,226.772,-2.256,1.076,332.937,188.708,-1.416,2.06,0,0,0,0,155.048,418.581,348,129,0.851,-0.349,0.049,-0.01,54,433.5,407,2.5,0,0,0,0,0,0,0,0,0,2603

Main.js:462 353.857,156.42,124.5,124.5,-0.57,0.753,-0.028,0.041,84,0,0,1,0,0,0,0,158.978,227.848,-2.256,1.076,331.521,190.768,-1.416,2.06,0,0,0,0,155.902,418.24,348,127.5,0.854,-0.341,0.049,-0.01,53,436,407,2.5,0,0,0,0,0,0,0,0,0,2620

Main.js:462 353.289,157.174,124.5,124.5,-0.568,0.754,-0.028,0.041,83,0,0,1,0,0,0,0,156.722,228.925,-2.256,1.076,330.105,192.829,-1.416,2.06,0,0,0,0,156.761,417.906,348,126,0.858,-0.334,0.049,-0.01,52,438.5,407,2.5,0,0,0,0,0,0,0,0,0,2637

Main.js:462 352.722,157.93,124.5,124.5,-0.567,0.756,-0.028,0.041,82,0,0,1,0,1,0,0,154.465,230.001,-2.256,1.076,328.689,194.889,-1.416,2.06,0,0,0,0,157.622,417.578,348,124.5,0.862,-0.327,0.049,-0.01,51,441,407,2.5,0,0,0,0,0,0,0,0,0,2654

Main.js:462 352.156,158.687,124.5,124.5,-0.566,0.757,-0.028,0.041,81,0,0,1,0,1,0,0,152.209,231.077,-2.256,1.076,327.273,196.949,-1.416,2.06,0,0,0,0,158.487,417.258,348,123,0.865,-0.321,0.049,-0.01,50,443.5,407,2.5,0,0,0,0,0,0,0,0,0,2672

Main.js:462 351.592,159.446,124.5,124.5,-0.564,0.759,-0.028,0.041,80,0,0,1,0,1,0,0,149.952,232.154,-2.256,1.076,325.857,199.01,-1.416,2.06,0,0,0,0,159.356,416.943,348,121.5,0.868,-0.315,0.049,-0.01,49,446,407,2.5,0,0,0,0,0,0,0,0,0,2688

Main.js:462 351.029,160.205,124.5,124.5,-0.563,0.76,-0.028,0.041,79,0,0,1,0,1,0,0,147.696,233.23,-2.256,1.076,324.441,201.07,-1.416,2.06,0,0,0,0,160.227,416.635,348,120,0.871,-0.309,0.049,-0.01,48,448.5,407,2.5,0,0,0,0,0,0,0,0,0,2704

Main.js:462 350.468,160.966,124.5,124.5,-0.562,0.761,-0.028,0.041,78,0,0,1,0,1,0,0,145.44,234.306,-2.256,1.076,323.025,203.13,-1.416,2.06,0,0,0,0,161.101,416.331,348,118.5,0.874,-0.303,0.049,-0.01,47,451,407,2.5,0,0,0,0,0,0,0,0,0,2721

Main.js:462 349.907,161.728,124.5,124.5,-0.56,0.762,-0.028,0.041,77,0,0,1,0,0,0,0,143.183,235.382,-2.256,1.076,321.609,205.191,-1.416,2.06,0,0,0,0,161.978,416.034,348,117,0.877,-0.298,0.049,-0.01,46,453.5,407,2.5,0,0,0,0,0,0,0,0,0,2737

Main.js:462 349.348,162.491,124.5,124.5,-0.559,0.763,-0.028,0.041,76,0,0,1,0,0,0,0,140.927,236.459,-2.256,1.076,320.193,207.251,-1.416,2.06,0,0,0,0,162.858,415.741,348,115.5,0.88,-0.293,0.049,-0.01,45,456,407,2.5,0,0,0,0,0,0,0,0,0,2753

Main.js:462 348.79,163.255,124.5,124.5,-0.558,0.764,-0.028,0.041,75,0,0,1,0,0,0,0,138.67,237.535,-2.256,1.076,318.777,209.311,-1.416,2.06,0,0,0,0,163.74,415.453,348,114,0.882,-0.288,0.049,-0.01,44,458.5,407,2.5,0,0,0,0,0,0,0,0,0,2770

Main.js:462 348.233,164.02,124.5,124.5,-0.557,0.765,-0.028,0.041,74,0,0,1,0,0,0,0,136.414,238.611,-2.256,1.076,317.361,211.371,-1.416,2.06,0,0,0,0,164.625,415.169,348,112.5,0.884,-0.284,0.049,-0.01,43,461,407,2.5,0,0,0,0,0,0,0,0,0,2787

Main.js:462 347.676,164.786,124.5,124.5,-0.556,0.766,-0.028,0.041,73,0,0,1,0,0,0,0,134.157,239.687,-2.256,1.076,315.945,213.432,-1.416,2.06,0,0,0,0,165.511,414.89,348,111,0.887,-0.279,0.049,-0.01,42,463.5,407,2.5,0,0,0,0,0,0,0,0,0,2804

Main.js:462 347.121,165.553,124.5,124.5,-0.555,0.767,-0.028,0.041,72,0,0,1,0,1,0,0,131.901,240.764,-2.256,1.076,314.529,215.492,-1.416,2.06,0,0,0,0,166.4,414.615,348,109.5,0.889,-0.275,0.049,-0.01,41,466,407,2.5,0,0,0,0,0,0,0,0,0,2821

Main.js:462 346.567,166.32,124.5,124.5,-0.555,0.768,-0.028,0.041,71,0,0,1,0,1,0,0,129.644,241.84,-2.256,1.076,313.113,217.552,-1.416,2.06,0,0,0,0,167.291,414.344,348,108,0.891,-0.271,0.049,-0.01,40,468.5,407,2.5,0,0,0,0,0,0,0,0,0,2838

Main.js:462 346.013,167.089,124.5,124.5,-0.554,0.768,-0.028,0.041,70,0,0,1,0,1,0,0,127.388,242.916,-2.256,1.076,311.697,219.613,-1.416,2.06,0,0,0,0,168.184,414.076,348,106.5,0.893,-0.268,0.049,-0.01,39,471,407,2.5,0,0,0,0,0,0,0,0,0,2855

Main.js:462 345.46,167.858,124.5,124.5,-0.553,0.769,-0.028,0.041,69,0,0,1,0,1,0,0,125.131,243.993,-2.256,1.076,310.281,221.673,-1.416,2.06,0,0,0,0,169.078,413.812,348,105,0.895,-0.264,0.049,-0.01,38,473.5,407,2.5,0,0,0,0,0,0,0,0,0,2871

Main.js:462 344.908,168.627,124.5,124.5,-0.552,0.77,-0.028,0.041,68,0,0,1,0,1,0,0,122.875,245.069,-2.256,1.076,308.865,223.733,-1.416,2.06,0,0,0,0,169.975,413.551,348,103.5,0.896,-0.261,0.049,-0.01,37,476,407,2.5,0,0,0,0,0,0,0,0,0,2888

Main.js:462 344.356,169.398,124.5,124.5,-0.551,0.77,-0.028,0.041,67,0,0,1,0,1,0,0,120.618,246.145,-2.256,1.076,307.449,225.794,-1.416,2.06,0,0,0,0,170.872,413.294,348,102,0.898,-0.258,0.049,-0.01,36,478.5,407,2.5,0,0,0,0,0,0,0,0,0,2904

Main.js:462 343.806,170.169,124.5,124.5,-0.551,0.771,-0.028,0.041,66,0,0,1,0,0,0,0,118.362,247.221,-2.256,1.076,306.033,227.854,-1.416,2.06,0,0,0,0,171.772,413.039,348,100.5,0.9,-0.255,0.049,-0.01,35,481,407,2.5,0,0,0,0,0,0,0,0,0,2921

Main.js:462 343.255,170.94,124.5,124.5,-0.55,0.772,-0.028,0.041,65,0,0,1,0,0,0,0,116.106,248.298,-2.256,1.076,304.617,229.914,-1.416,2.06,0,0,0,0,172.673,412.787,348,99,0.901,-0.252,0.049,-0.01,34,483.5,407,2.5,0,0,0,0,0,0,0,0,0,2938

Main.js:462 342.706,171.713,124.5,124.5,-0.55,0.772,-0.028,0.041,64,0,0,1,0,0,0,0,113.849,249.374,-2.256,1.076,303.201,231.975,-1.416,2.06,0,0,0,0,173.575,412.538,348,97.5,0.902,-0.249,0.049,-0.01,33,486,407,2.5,0,0,0,0,0,0,0,0,0,2955

Main.js:462 342.157,172.485,124.5,124.5,-0.549,0.773,-0.028,0.041,63,0,0,1,0,0,0,0,111.593,250.45,-2.256,1.076,301.785,234.035,-1.416,2.06,0,0,0,0,174.479,412.292,348,96,0.904,-0.246,0.049,-0.01,32,488.5,407,2.5,0,0,0,0,0,0,0,0,0,2971

Main.js:462 341.608,173.259,124.5,124.5,-0.548,0.773,-0.028,0.041,62,0,0,1,0,0,0,0,109.336,251.527,-2.256,1.076,300.369,236.095,-1.416,2.06,0,0,0,0,175.384,412.048,348,94.5,0.905,-0.244,0.049,-0.01,31,491,407,2.5,0,0,0,0,0,0,0,0,0,2989

Main.js:462 341.061,174.032,124.5,124.5,-0.548,0.774,-0.028,0.041,61,0,0,1,0,1,0,0,107.08,252.603,-2.256,1.076,298.953,238.156,-1.416,2.06,0,0,0,0,176.291,411.806,348,93,0.906,-0.242,0.049,-0.01,30,493.5,407,2.5,0,0,0,0,0,0,0,0,0,3003

Main.js:462 340.513,174.806,124.5,124.5,-0.547,0.774,-0.028,0.041,60,0,0,1,0,1,0,0,104.823,253.679,-2.256,1.076,297.537,240.216,-1.416,2.06,0,0,0,0,177.198,411.565,346.5,90,0.907,-0.241,0.049,-0.012,29,496,407,2.5,0,0,0,0,0,0,0,0,0,3021

Main.js:462 339.966,175.581,124.5,124.5,-0.547,0.775,-0.028,0.041,59,0,0,1,0,1,0,0,102.567,254.755,-2.256,1.076,296.121,242.276,-1.416,2.06,0,0,0,0,178.105,411.325,345,87,0.908,-0.241,0.048,-0.013,28,498.5,407,2.5,0,0,0,0,0,0,0,0,0,3037

Main.js:462 339.42,176.356,124.5,124.5,-0.547,0.775,-0.028,0.041,58,0,0,1,0,1,0,0,102.567,254.755,-2.256,1.076,294.705,244.337,-1.416,2.06,0,0,0,0,179.013,411.082,343.5,84,0.908,-0.242,0.048,-0.014,27,0,0,0,0,0,0,0,0,0,0,0,0,3055

Main.js:462 338.874,177.131,124.5,124.5,-0.546,0.775,-0.028,0.041,57,0,0,1,0,1,0,0,100.31,255.832,-2.256,1.076,293.288,246.397,-1.416,2.06,0,0,0,0,179.921,410.837,342,81,0.908,-0.245,0.048,-0.015,26,0,0,0,0,0,0,0,0,0,0,0,0,3069

Main.js:462 338.328,177.907,124.5,124.5,-0.546,0.776,-0.028,0.041,56,0,0,1,0,0,0,0,98.054,256.908,-2.256,1.076,291.872,248.457,-1.416,2.06,0,0,0,0,180.828,410.589,340.5,78,0.907,-0.249,0.047,-0.017,25,0,0,0,0,0,0,0,0,0,0,0,0,3104

Main.js:462 337.783,178.683,124.5,124.5,-0.545,0.776,-0.028,0.041,55,0,0,1,0,0,0,0,95.797,257.984,-2.256,1.076,290.456,250.517,-1.416,2.06,0,0,0,0,181.734,410.336,339,75,0.906,-0.253,0.047,-0.018,24,0,0,0,0,0,0,0,0,0,0,0,0,3120

Main.js:462 337.238,179.46,124.5,124.5,-0.545,0.776,-0.028,0.041,54,0,0,1,0,0,0,0,93.541,259.06,-2.256,1.076,289.04,252.578,-1.416,2.06,0,0,0,0,182.638,410.077,337.5,72,0.905,-0.259,0.046,-0.019,23,0,0,0,0,0,0,0,0,0,0,0,0,3137

Main.js:462 336.693,180.237,124.5,124.5,-0.545,0.777,-0.028,0.041,53,0,0,1,0,0,0,0,91.284,260.137,-2.256,1.076,287.624,254.638,-1.416,2.06,0,0,0,0,183.541,409.812,336,69,0.903,-0.265,0.046,-0.02,22,0,0,0,0,0,0,0,0,0,0,0,0,3154

Main.js:462 336.149,181.014,124.5,124.5,-0.544,0.777,-0.028,0.041,52,0,0,1,0,0,0,0,89.028,261.213,-2.256,1.076,286.208,256.698,-1.416,2.06,0,0,0,0,184.441,409.54,334.5,66,0.9,-0.272,0.045,-0.022,21,0,0,0,0,0,0,0,0,0,0,0,0,3171

Main.js:462 335.605,181.791,124.5,124.5,-0.544,0.777,-0.028,0.041,51,0,0,1,0,0,0,0,86.771,262.289,-2.256,1.076,284.792,258.759,-1.416,2.06,0,0,0,0,185.339,409.259,333,63,0.898,-0.28,0.045,-0.023,20,0,0,0,0,0,0,0,0,0,0,0,0,3187

Main.js:462 335.061,182.569,124.5,124.5,-0.544,0.778,-0.028,0.041,50,0,0,1,0,1,0,0,84.515,263.366,-2.256,1.076,283.376,260.819,-1.416,2.06,0,0,0,0,186.234,408.971,331.5,60,0.895,-0.289,0.044,-0.024,19,0,0,0,0,0,0,0,0,0,0,0,0,3204

Main.js:462 334.518,183.347,124.5,124.5,-0.543,0.778,-0.028,0.041,49,0,0,1,0,1,0,0,82.259,264.442,-2.256,1.076,281.96,262.879,-1.416,2.06,0,0,0,0,187.125,408.672,330,57,0.891,-0.298,0.043,-0.025,18,0,0,0,0,0,0,0,0,0,0,0,0,3237

Main.js:462 333.974,184.125,124.5,124.5,-0.543,0.778,-0.028,0.041,48,0,0,1,0,1,0,0,80.002,265.518,-2.256,1.076,280.544,264.94,-1.416,2.06,0,0,0,0,188.012,408.364,328.5,54,0.887,-0.308,0.043,-0.026,17,0,0,0,0,0,0,0,0,0,0,0,0,3271

Main.js:462 333.432,184.903,124.5,124.5,-0.543,0.778,-0.028,0.041,47,0,0,1,0,1,0,0,77.746,266.594,-2.256,1.076,279.128,267,-1.416,2.06,0,0,0,0,188.894,408.046,327,51,0.882,-0.319,0.042,-0.027,16,0,0,0,0,0,0,0,0,0,0,0,0,3287

Main.js:462 332.889,185.682,124.5,124.5,-0.543,0.779,-0.028,0.041,46,0,0,1,0,1,0,0,75.489,267.671,-2.256,1.076,277.712,269.06,-1.416,2.06,0,0,0,0,189.772,407.716,325.5,48,0.877,-0.33,0.041,-0.028,15,0,0,0,0,0,0,0,0,0,0,0,0,3303

Main.js:462 332.347,186.461,124.5,124.5,-0.542,0.779,-0.028,0.041,45,0,0,1,0,0,0,0,73.233,268.747,-2.256,1.076,276.296,271.121,-1.416,2.06,0,0,0,0,190.644,407.375,324,45,0.872,-0.341,0.04,-0.029,14,0,0,0,0,0,0,0,0,0,0,0,0,3321

Main.js:462 331.804,187.24,124.5,124.5,-0.542,0.779,-0.028,0.041,44,0,0,1,0,0,0,0,70.976,269.823,-2.256,1.076,274.88,273.181,-1.416,2.06,0,0,0,0,191.51,407.022,322.5,42,0.866,-0.353,0.04,-0.03,13,0,0,0,0,0,0,0,0,0,0,0,0,3337

Main.js:462 331.262,188.019,124.5,124.5,-0.542,0.779,-0.028,0.041,43,0,0,1,0,0,0,0,68.72,270.9,-2.256,1.076,273.464,275.241,-1.416,2.06,0,0,0,0,192.37,406.657,321,39,0.86,-0.365,0.039,-0.031,12,0,0,0,0,0,0,0,0,0,0,0,0,3353

Main.js:462 330.721,188.799,124.5,124.5,-0.542,0.779,-0.028,0.041,42,0,0,1,0,0,0,0,66.463,271.976,-2.256,1.076,272.048,277.302,-1.416,2.06,0,0,0,0,193.223,406.28,319.5,36,0.853,-0.378,0.038,-0.032,11,0,0,0,0,0,0,0,0,0,0,0,0,3372

Main.js:462 330.179,189.578,124.5,124.5,-0.542,0.78,-0.028,0.041,41,0,0,1,0,0,0,0,64.207,273.052,-2.256,1.076,270.632,279.362,-1.416,2.06,0,0,0,0,194.068,405.889,318,33,0.846,-0.391,0.037,-0.033,10,0,0,0,0,0,0,0,0,0,0,0,0,3388

Main.js:462 329.638,190.358,124.5,124.5,-0.541,0.78,-0.028,0.041,40,0,0,1,0,1,0,0,61.95,274.128,-2.256,1.076,269.216,281.422,-1.416,2.06,0,0,0,0,194.906,405.485,316.5,30,0.838,-0.404,0.036,-0.034,9,0,0,0,0,0,0,0,0,0,0,0,0,3404

Main.js:462 329.096,191.138,124.5,124.5,-0.541,0.78,-0.028,0.041,39,0,0,1,0,1,0,0,59.694,275.205,-2.256,1.076,267.8,283.482,-1.416,2.06,0,0,0,0,195.735,405.068,315,27,0.829,-0.417,0.035,-0.035,8,0,0,0,0,0,0,0,0,0,0,0,0,3421

Main.js:462 328.555,191.918,124.5,124.5,-0.541,0.78,-0.028,0.041,38,0,0,1,0,1,0,0,57.437,276.281,-2.256,1.076,266.384,285.543,-1.416,2.06,0,0,0,0,196.556,404.637,313.5,24,0.821,-0.431,0.034,-0.036,7,0,0,0,0,0,0,0,0,0,0,0,0,3438

Main.js:462 328.014,192.698,124.5,124.5,-0.541,0.78,-0.028,0.041,37,0,0,1,0,1,0,0,55.181,277.357,-2.256,1.076,264.968,287.603,-1.416,2.06,0,0,0,0,197.367,404.193,312,21,0.811,-0.445,0.033,-0.037,6,0,0,0,0,0,0,0,0,0,0,0,0,3454

Main.js:462 327.473,193.479,124.5,124.5,-0.541,0.78,-0.028,0.041,36,0,0,1,0,1,0,0,52.925,278.433,-2.256,1.076,263.552,289.663,-1.416,2.06,0,0,0,0,198.169,403.735,310.5,18,0.802,-0.458,0.032,-0.038,5,0,0,0,0,0,0,0,0,0,0,0,0,3472

Main.js:462 326.933,194.259,124.5,124.5,-0.541,0.78,-0.028,0.041,35,0,0,1,0,1,0,0,50.668,279.51,-2.256,1.076,262.136,291.724,-1.416,2.06,0,0,0,0,198.96,403.262,309,15,0.791,-0.472,0.031,-0.039,4,0,0,0,0,0,0,0,0,0,0,0,0,3486

Main.js:462 326.392,195.04,124.5,124.5,-0.541,0.781,-0.028,0.041,34,0,0,1,0,0,0,0,48.412,280.586,-2.256,1.076,260.72,293.784,-1.416,2.06,0,0,0,0,199.741,402.776,307.5,12,0.781,-0.486,0.03,-0.04,3,0,0,0,0,0,0,0,0,0,0,0,0,3504

Main.js:462 325.852,195.821,124.5,124.5,-0.54,0.781,-0.028,0.041,33,0,0,1,0,0,0,0,46.155,281.662,-2.256,1.076,259.304,295.844,-1.416,2.06,0,0,0,0,200.511,402.275,306,9,0.77,-0.501,0.029,-0.04,2,0,0,0,0,0,0,0,0,0,0,0,0,3520

Main.js:462 325.311,196.601,124.5,124.5,-0.54,0.781,-0.028,0.041,32,0,0,1,0,0,0,0,43.899,282.739,-2.256,1.076,257.888,297.905,-1.416,2.06,0,0,0,0,201.269,401.761,304.5,6,0.758,-0.515,0.028,-0.041,1,0,0,0,0,0,0,0,0,0,0,0,0,3538

Main.js:462 324.771,197.382,124.5,124.5,-0.54,0.781,-0.028,0.041,31,0,0,1,0,0,0,0,41.642,283.815,-2.256,1.076,256.472,299.965,-1.416,2.06,0,0,0,0,202.015,401.232,303,3,0.746,-0.529,0.027,-0.042,0,0,0,0,0,0,0,0,0,0,0,0,0,3554

Main.js:462 324.231,198.163,124.5,124.5,-0.54,0.781,-0.028,0.041,30,0,0,1,0,0,0,0,39.386,284.891,-2.256,1.076,255.056,302.025,-1.416,2.06,0,0,0,0,202.749,400.689,301.5,0,0.734,-0.543,0.026,-0.043,99,0,0,0,0,0,0,0,0,0,0,0,0,3572

Main.js:462 323.691,198.945,124.5,124.5,-0.54,0.781,-0.028,0.041,29,0,0,1,0,0,0,0,37.129,285.967,-2.256,1.076,253.64,304.086,-1.416,2.06,0,0,0,0,203.469,400.132,300,-3,0.721,-0.557,0.025,-0.043,98,225.515,401.232,2.5,0,0,0,0,0,0,0,0,0,3587

Main.js:462 323.151,199.726,124.5,124.5,-0.54,0.781,-0.028,0.041,28,0,0,1,0,1,0,0,34.873,287.044,-2.256,1.076,252.224,306.146,-1.416,2.06,0,0,0,0,204.177,399.561,298.5,-6,0.707,-0.571,0.024,-0.044,97,228.015,401.232,2.5,0,0,0,0,0,0,0,0,0,3605

Main.js:462 322.611,200.507,124.5,124.5,-0.54,0.781,-0.028,0.041,27,0,0,1,0,1,0,0,32.616,288.12,-2.256,1.076,250.808,308.206,-1.416,2.06,0,0,0,0,204.87,398.977,297,-9,0.693,-0.585,0.023,-0.045,96,230.515,401.232,2.5,0,0,0,0,0,0,0,0,0,3622

Main.js:462 322.072,201.288,124.5,124.5,-0.54,0.781,-0.028,0.041,26,0,0,1,0,1,0,0,30.36,289.196,-2.256,1.076,249.392,310.267,-1.416,2.06,0,0,0,0,205.549,398.379,295.5,-12,0.679,-0.598,0.022,-0.045,95,233.015,401.232,2.5,0,0,0,0,0,0,0,0,0,3637

Main.js:462 321.532,202.07,124.5,124.5,-0.54,0.781,-0.028,0.041,25,0,0,1,0,1,0,0,28.103,290.273,-2.256,1.076,247.976,312.327,-1.416,2.06,0,0,0,0,206.214,397.767,294,-15,0.665,-0.612,0.02,-0.046,94,235.515,401.232,2.5,0,0,0,0,0,0,0,0,0,3654

Main.js:462 320.993,202.852,124.5,124.5,-0.54,0.782,-0.028,0.041,24,0,0,1,0,1,0,0,25.847,291.349,-2.256,1.076,246.56,314.387,-1.416,2.06,0,0,0,0,206.864,397.142,292.5,-18,0.65,-0.625,0.019,-0.046,93,238.015,401.232,2.5,0,0,0,0,0,0,0,0,0,3672

Main.js:462 320.453,203.633,124.5,124.5,-0.539,0.782,-0.028,0.041,23,0,0,1,0,1,0,0,23.591,292.425,-2.256,1.076,245.144,316.448,-1.416,2.06,0,0,0,0,207.498,396.504,291,-21,0.634,-0.638,0.018,-0.047,92,240.515,401.232,2.5,0,0,0,0,0,0,0,0,0,3687

Main.js:462 319.914,204.415,124.5,124.5,-0.539,0.782,-0.028,0.041,22,0,0,1,0,0,0,0,21.334,293.501,-2.256,1.076,243.728,318.508,-1.416,2.06,0,0,0,0,208.116,395.853,289.5,-24,0.618,-0.651,0.017,-0.047,91,243.015,401.232,2.5,0,0,0,0,0,0,0,0,0,3704

Main.js:462 319.374,205.197,124.5,124.5,-0.539,0.782,-0.028,0.041,21,0,0,1,0,0,0,0,19.078,294.578,-2.256,1.076,242.312,320.568,-1.416,2.06,0,0,0,0,208.718,395.189,288,-27,0.602,-0.664,0.015,-0.048,90,245.515,401.232,2.5,0,0,0,0,0,0,0,0,0,3722

Main.js:462 318.835,205.978,124.5,124.5,-0.539,0.782,-0.028,0.041,20,0,0,1,0,0,0,0,16.821,295.654,-2.256,1.076,240.896,322.628,-1.416,2.06,0,0,0,0,209.303,394.514,286.5,-30,0.585,-0.676,0.014,-0.048,89,248.015,401.232,2.5,0,0,0,0,0,0,0,0,0,3739

Main.js:462 318.296,206.76,124.5,124.5,-0.539,0.782,-0.028,0.041,19,0,0,1,0,0,0,0,14.565,296.73,-2.256,1.076,239.48,324.689,-1.416,2.06,0,0,0,0,209.872,393.826,285,-33,0.568,-0.688,0.013,-0.048,88,250.515,401.232,2.5,0,0,0,0,0,0,0,0,0,3754

Main.js:462 317.757,207.542,124.5,124.5,-0.539,0.782,-0.028,0.041,18,0,0,1,0,0,0,0,12.308,297.806,-2.256,1.076,238.064,326.749,-1.416,2.06,0,0,0,0,210.423,393.126,283.5,-36,0.551,-0.7,0.012,-0.049,87,253.015,401.232,2.5,0,0,0,0,0,0,0,0,0,3772

Main.js:462 317.218,208.324,124.5,124.5,-0.539,0.782,-0.028,0.041,17,0,0,1,0,1,0,0,10.052,298.883,-2.256,1.076,236.648,328.809,-1.416,2.06,0,0,0,0,210.956,392.414,282,-39,0.533,-0.711,0.01,-0.049,86,255.515,401.232,2.5,0,0,0,0,0,0,0,0,0,3788

Main.js:462 316.678,209.106,124.5,124.5,-0.539,0.782,-0.028,0.041,16,0,0,1,0,1,0,0,7.795,299.959,-2.256,1.076,235.232,330.87,-1.416,2.06,0,0,0,0,211.472,391.692,280.5,-42,0.515,-0.722,0.009,-0.049,85,258.015,401.232,2.5,0,0,0,0,0,0,0,0,0,3804

Main.js:462 316.139,209.888,124.5,124.5,-0.539,0.782,-0.028,0.041,15,0,0,1,0,1,0,0,5.539,301.035,-2.256,1.076,233.816,332.93,-1.416,2.06,0,0,0,0,211.969,390.959,279,-45,0.497,-0.733,0.008,-0.049,84,260.515,401.232,2.5,0,0,0,0,0,0,0,0,0,3822

Main.js:462 315.6,210.67,124.5,124.5,-0.539,0.782,-0.028,0.041,14,0,0,1,0,1,0,0,3.282,302.112,-2.256,1.076,232.4,334.99,-1.416,2.06,0,0,0,0,212.447,390.215,277.5,-48,0.478,-0.744,0.007,-0.05,83,263.015,401.232,2.5,0,0,0,0,0,0,0,0,0,3838

Main.js:462 315.062,211.452,124.5,124.5,-0.539,0.782,-0.028,0.041,13,0,0,1,0,1,0,0,1.026,303.188,-2.256,1.076,230.984,337.051,-1.416,2.06,0,0,0,0,212.907,389.462,276,-51,0.459,-0.754,0.005,-0.05,82,265.515,401.232,2.5,0,0,0,0,0,0,0,0,0,3854

Main.js:462 314.523,212.234,124.5,124.5,-0.539,0.782,-0.028,0.041,12,0,0,1,0,1,0,0,230.984,337.051,-1.416,2.06,0,0,0,0,0,0,0,0,213.347,388.698,274.5,-54,0.44,-0.763,0.004,-0.05,81,268.015,401.232,2.5,0,0,0,0,0,0,0,0,0,3871

Main.js:462 313.984,213.017,124.5,124.5,-0.539,0.782,-0.028,0.041,11,0,0,1,0,0,0,0,229.568,339.111,-1.416,2.06,0,0,0,0,0,0,0,0,213.768,387.926,273,-57,0.421,-0.773,0.003,-0.05,80,270.515,401.232,2.5,0,0,0,0,0,0,0,0,0,3888

Main.js:462 313.445,213.799,124.5,124.5,-0.539,0.782,-0.028,0.041,10,0,0,1,0,0,0,0,228.152,341.171,-1.416,2.06,0,0,0,0,0,0,0,0,214.169,387.144,271.5,-60,0.401,-0.781,0.001,-0.05,79,273.015,401.232,2.5,0,0,0,0,0,0,0,0,0,3904

Main.js:462 312.906,214.581,124.5,124.5,-0.539,0.782,-0.028,0.041,9,0,0,1,0,0,0,0,226.736,343.232,-1.416,2.06,0,0,0,0,0,0,0,0,214.549,386.354,270,-63,0.381,-0.79,0,-0.05,78,275.515,401.232,2.5,0,0,0,0,0,0,0,0,0,3921

Main.js:462 312.368,215.364,124.5,124.5,-0.539,0.782,-0.028,0.041,8,0,0,1,0,0,0,0,225.32,345.292,-1.416,2.06,0,0,0,0,0,0,0,0,214.91,385.556,268.5,-66,0.361,-0.798,-0.001,-0.05,77,278.015,401.232,2.5,0,0,0,0,0,0,0,0,0,3938

Main.js:462 311.829,216.146,124.5,124.5,-0.539,0.782,-0.028,0.041,7,0,0,1,0,0,0,0,223.904,347.352,-1.416,2.06,0,0,0,0,0,0,0,0,215.25,384.751,267,-69,0.34,-0.805,-0.003,-0.05,76,280.515,401.232,2.5,0,0,0,0,0,0,0,0,0,3954

Main.js:462 311.29,216.928,124.5,124.5,-0.539,0.782,-0.028,0.041,6,0,0,1,0,0,0,0,222.488,349.413,-1.416,2.06,0,0,0,0,0,0,0,0,215.569,383.938,265.5,-72,0.319,-0.813,-0.004,-0.05,75,283.015,401.232,2.5,0,0,0,0,0,0,0,0,0,3971

Main.js:462 310.751,217.711,124.5,124.5,-0.539,0.782,-0.028,0.041,5,0,0,1,0,0,0,0,221.072,351.473,-1.416,2.06,0,0,0,0,0,0,0,0,215.868,383.119,264,-75,0.298,-0.819,-0.005,-0.05,74,285.515,401.232,2.5,0,0,0,0,0,0,0,0,0,3989

Main.js:462 310.213,218.493,124.5,124.5,-0.539,0.782,-0.028,0.041,4,0,0,1,0,0,0,0,219.656,353.533,-1.416,2.06,0,0,0,0,0,0,0,0,216.145,382.294,262.5,-78,0.277,-0.825,-0.007,-0.05,73,288.015,401.232,2.5,0,0,0,0,0,0,0,0,0,4006

Main.js:462 309.674,219.276,124.5,124.5,-0.539,0.782,-0.028,0.041,3,0,0,1,0,0,0,0,218.24,355.594,-1.416,2.06,0,0,0,0,0,0,0,0,216.404,381.463,264,-78,0.258,-0.831,-0.005,-0.05,72,290.515,401.232,2.5,0,0,0,0,0,0,0,0,0,4021

Main.js:462 309.136,220.058,124.5,124.5,-0.539,0.782,-0.028,0.041,2,0,0,1,0,0,0,0,216.824,357.654,-1.416,2.06,0,0,0,0,0,0,0,0,216.645,380.626,265.5,-78,0.242,-0.837,-0.004,-0.05,71,293.015,401.232,2.5,0,0,0,0,0,0,0,0,0,4038

Main.js:462 308.597,220.84,124.5,124.5,-0.539,0.782,-0.028,0.041,1,0,0,1,0,0,0,0,215.408,359.714,-1.416,2.06,0,0,0,0,0,0,0,0,216.873,379.783,267,-78,0.227,-0.843,-0.003,-0.05,70,295.515,401.232,2.5,0,0,0,0,0,0,0,0,0,4055

Main.js:462 308.059,221.623,124.5,124.5,-0.539,0.783,-0.028,0.041,0,0,0,1,0,0,0,0,213.992,361.774,-1.416,2.06,0,0,0,0,0,0,0,0,217.087,378.935,268.5,-78,0.215,-0.848,-0.001,-0.05,69,298.015,401.232,2.5,0,0,0,0,0,0,0,0,0,4071

Main.js:462 307.52,222.406,124.5,124.5,-0.538,0.783,-0.028,0.041,0,0,0,1,0,0,0,0,212.576,363.835,-1.416,2.06,0,0,0,0,0,0,0,0,217.291,378.082,270,-78,0.204,-0.853,0,-0.05,68,300.515,401.232,2.5,0,0,0,0,0,0,0,0,0,4087

Main.js:462 306.982,223.188,124.5,124.5,-0.538,0.783,-0.028,0.041,0,0,0,1,0,0,0,0,212.576,363.835,-1.416,2.06,0,0,0,0,0,0,0,0,217.486,377.224,271.5,-78,0.195,-0.858,0.001,-0.05,67,300.515,401.232,2.5,0,0,0,0,0,0,0,0,0,4104

