Main.js:143 myTank.x,myTank.y,myTank.rotation,myTank.cannonRotation,myTank.velocityX,myTank.velocityY,myTank.accelerationX,myTank.accelerationY,myTank.shootCooldown,myTank.controls.turnLeft,myTank.controls.turnRight,myTank.controls.goForward,myTank.controls.goBack,myTank.controls.shoot,myTank.controls.cannonLeft,myTank.controls.cannonRight,myBullet1.x,myBullet1.y,myBullet1.velocityX,myBullet1.velocityY,myBullet2.x,myBullet2.y,myBullet2.velocityX,myBullet2.velocityY,myBullet3.x,myBullet3.y,myBullet3.velocityX,myBullet3.velocityY,enemyTank.x,enemyTank.y,enemyTank.rotation,enemyTank.cannonRotation,enemyTank.velocityX,enemyTank.velocityY,enemyTank.accelerationX,enemyTank.accelerationY,enemyTank.shootCooldown,enemyBullet1.x,enemyBullet1.y,enemyBullet1.velocityX,enemyBullet1.velocityY,enemyBullet2.x,enemyBullet2.y,enemyBullet2.velocityX,enemyBullet2.velocityY,enemyBullet3.x,enemyBullet3.y,enemyBullet3.velocityX,enemyBullet3.velocityY,currentGameTime
Main.js:462 450,110,180,180,0,0,0,0,0,0,0,0,0,0,0,0,0,0,0,0,0,0,0,0,0,0,0,0,50,390,0,0,0,0,0,0,0,0,0,0,0,0,0,0,0,0,0,0,0,10

Main.js:462 450,110,180,180,0,0,0,0,0,0,0,0,0,0,0,0,0,0,0,0,0,0,0,0,0,0,0,0,50.047,390.001,1.5,0,0.047,0.001,0.05,0.001,99,0,0,0,0,0,0,0,0,0,0,0,0,43

Main.js:462 450,110,180,180,0,0,0,0,0,0,0,0,0,0,0,0,0,0,0,0,0,0,0,0,0,0,0,0,50.14,390.005,3,0,0.093,0.004,0.05,0.003,98,73.5,390,2.5,0,0,0,0,0,0,0,0,0,57

Main.js:462 450,110,180,180,0,0,0,0,0,0,0,0,0,0,0,0,0,0,0,0,0,0,0,0,0,0,0,0,50.275,390.012,4.5,0,0.135,0.007,0.05,0.004,97,76,390,2.5,0,0,0,0,0,0,0,0,0,74

Main.js:462 450,110,180,180,0,0,0,0,0,0,0,0,0,0,0,0,0,0,0,0,0,0,0,0,0,0,0,0,50.451,390.024,6,0,0.176,0.012,0.05,0.005,96,78.5,390,2.5,0,0,0,0,0,0,0,0,0,91

Main.js:462 450,110,180,180,0,0,0,0,0,0,0,0,0,0,0,0,0,0,0,0,0,0,0,0,0,0,0,0,50.665,390.041,7.5,0,0.214,0.017,0.05,0.007,95,81,390,2.5,0,0,0,0,0,0,0,0,0,109

Main.js:462 450,110,180,180,0,0,0,0,0,0,0,0,0,0,0,0,0,0,0,0,0,0,0,0,0,0,0,0,50.915,390.065,9,0,0.25,0.024,0.049,0.008,94,83.5,390,2.5,0,0,0,0,0,0,0,0,0,125

Main.js:462 449.953,110,180,180,-0.047,0,-0.05,0,0,0,0,1,0,0,0,0,0,0,0,0,0,0,0,0,0,0,0,0,51.2,390.097,10.5,0,0.284,0.031,0.049,0.009,93,86,390,2.5,0,0,0,0,0,0,0,0,0,142

Main.js:462 449.86,110,180,180,-0.093,0,-0.05,0,0,0,0,1,0,0,0,0,0,0,0,0,0,0,0,0,0,0,0,0,51.517,390.137,12,0,0.317,0.04,0.049,0.01,92,88.5,390,2.5,0,0,0,0,0,0,0,0,0,158

Main.js:462 449.724,110,180,180,-0.135,0,-0.05,0,0,0,0,1,0,0,0,0,0,0,0,0,0,0,0,0,0,0,0,0,51.864,390.185,13.5,0,0.347,0.049,0.049,0.012,91,91,390,2.5,0,0,0,0,0,0,0,0,0,175

Main.js:462 449.548,110,180,180,-0.176,0,-0.05,0,0,0,0,1,0,0,0,0,0,0,0,0,0,0,0,0,0,0,0,0,52.239,390.244,15,0,0.376,0.059,0.048,0.013,90,93.5,390,2.5,0,0,0,0,0,0,0,0,0,192

Main.js:462 449.333,110,180,180,-0.215,0,-0.05,0,0,0,0,1,0,0,0,0,0,0,0,0,0,0,0,0,0,0,0,0,52.641,390.313,16.5,0,0.402,0.069,0.048,0.014,89,96,390,2.5,0,0,0,0,0,0,0,0,0,209

Main.js:462 449.082,110,180,180,-0.252,0,-0.05,0,0,0,0,1,0,0,0,0,0,0,0,0,0,0,0,0,0,0,0,0,53.069,390.394,18,0,0.427,0.08,0.048,0.015,88,98.5,390,2.5,0,0,0,0,0,0,0,0,0,225

Main.js:462 448.795,110,180,180,-0.287,0,-0.05,0,0,0,0,1,0,0,0,0,0,0,0,0,0,0,0,0,0,0,0,0,53.52,390.486,19.5,0,0.451,0.092,0.047,0.017,87,101,390,2.5,0,0,0,0,0,0,0,0,0,243

Main.js:462 448.475,110,180,180,-0.32,0,-0.05,0,0,0,0,1,0,0,0,0,0,0,0,0,0,0,0,0,0,0,0,0,53.992,390.591,21,0,0.473,0.105,0.047,0.018,86,103.5,390,2.5,0,0,0,0,0,0,0,0,0,260

Main.js:462 448.124,110,180,180,-0.351,0,-0.05,0,0,0,0,1,0,0,0,0,0,0,0,0,0,0,0,0,0,0,0,0,54.485,390.708,22.5,0,0.493,0.118,0.046,0.019,85,106,390,2.5,0,0,0,0,0,0,0,0,0,275

Main.js:462 447.743,110,180,180,-0.381,0,-0.05,0,0,0,0,1,0,0,0,0,0,0,0,0,0,0,0,0,0,0,0,0,54.997,390.84,24,0,0.512,0.131,0.046,0.02,84,108.5,390,2.5,0,0,0,0,0,0,0,0,0,342

Main.js:462 447.333,110,180,180,-0.41,0,-0.05,0,0,0,0,1,0,0,0,0,0,0,0,0,0,0,0,0,0,0,0,0,55.526,390.985,25.5,0,0.529,0.145,0.045,0.022,83,111,390,2.5,0,0,0,0,0,0,0,0,0,357

Main.js:462 446.897,110,180,180,-0.437,0,-0.05,0,0,0,0,1,0,0,0,0,0,0,0,0,0,0,0,0,0,0,0,0,56.07,391.144,27,0,0.545,0.159,0.045,0.023,82,113.5,390,2.5,0,0,0,0,0,0,0,0,0,374

Main.js:462 446.434,110,180,180,-0.462,0,-0.05,0,0,0,0,1,0,0,0,0,0,0,0,0,0,0,0,0,0,0,0,0,56.63,391.318,28.5,0,0.559,0.174,0.044,0.024,81,116,390,2.5,0,0,0,0,0,0,0,0,0,391

Main.js:462 445.947,110,180,180,-0.487,0,-0.05,0,0,0,0,1,0,0,0,0,0,0,0,0,0,0,0,0,0,0,0,0,57.202,391.507,30,0,0.572,0.189,0.043,0.025,80,118.5,390,2.5,0,0,0,0,0,0,0,0,0,422

Main.js:462 445.438,110,180,180,-0.51,0,-0.05,0,0,0,0,1,0,0,0,0,0,0,0,0,0,0,0,0,0,0,0,0,57.787,391.711,31.5,0,0.584,0.204,0.043,0.026,79,121,390,2.5,0,0,0,0,0,0,0,0,0,441

Main.js:462 444.906,110,180,180,-0.532,0,-0.05,0,0,0,0,1,0,0,0,0,0,0,0,0,0,0,0,0,0,0,0,0,58.382,391.931,33,0,0.595,0.22,0.042,0.027,78,123.5,390,2.5,0,0,0,0,0,0,0,0,0,457

Main.js:462 444.353,110,180,180,-0.553,0,-0.05,0,0,0,0,1,0,0,0,0,0,0,0,0,0,0,0,0,0,0,0,0,58.986,392.167,34.5,0,0.604,0.236,0.041,0.028,77,126,390,2.5,0,0,0,0,0,0,0,0,0,476

Main.js:462 443.78,110,180,180,-0.573,0,-0.05,0,0,0,0,1,0,0,0,0,0,0,0,0,0,0,0,0,0,0,0,0,59.598,392.419,36,0,0.613,0.252,0.04,0.029,76,128.5,390,2.5,0,0,0,0,0,0,0,0,0,492

Main.js:462 443.189,110,180,180,-0.592,0,-0.05,0,0,0,0,1,0,0,0,0,0,0,0,0,0,0,0,0,0,0,0,0,60.218,392.688,37.5,0,0.62,0.268,0.04,0.03,75,131,390,2.5,0,0,0,0,0,0,0,0,0,507

Main.js:462 442.579,110,180,180,-0.609,0,-0.05,0,0,0,0,1,0,0,0,0,0,0,0,0,0,0,0,0,0,0,0,0,60.844,392.972,37.5,358.5,0.626,0.284,0.04,0.03,74,133.5,390,2.5,0,0,0,0,0,0,0,0,0,524

Main.js:462 441.953,110,180,180,-0.626,0,-0.05,0,0,0,0,1,0,0,0,0,0,0,0,0,0,0,0,0,0,0,0,0,61.477,393.27,37.5,357,0.633,0.299,0.04,0.03,73,136,390,2.5,0,0,0,0,0,0,0,0,0,542

Main.js:462 441.31,110,180,180,-0.643,0,-0.05,0,0,0,0,1,0,0,0,0,0,0,0,0,0,0,0,0,0,0,0,0,62.116,393.583,37.5,355.5,0.639,0.313,0.04,0.03,72,138.5,390,2.5,0,0,0,0,0,0,0,0,0,560

Main.js:462 440.652,110,180,180,-0.658,0,-0.05,0,0,0,0,1,0,0,0,0,0,0,0,0,0,0,0,0,0,0,0,0,62.76,393.909,37.5,354,0.644,0.326,0.04,0.03,71,141,390,2.5,0,0,0,0,0,0,0,0,0,574

Main.js:462 439.98,110,180,180,-0.673,0,-0.05,0,0,0,0,1,0,0,0,0,0,0,0,0,0,0,0,0,0,0,0,0,63.41,394.247,37.5,352.5,0.65,0.339,0.04,0.03,70,143.5,390,2.5,0,0,0,0,0,0,0,0,0,592

Main.js:462 439.293,110,180,180,-0.686,0,-0.05,0,0,0,0,1,0,0,0,0,0,0,0,0,0,0,0,0,0,0,0,0,64.065,394.598,37.5,351,0.655,0.351,0.04,0.03,69,146,390,2.5,0,0,0,0,0,0,0,0,0,609

Main.js:462 438.593,110,180,180,-0.7,0,-0.05,0,0,0,0,1,0,0,0,0,0,0,0,0,0,0,0,0,0,0,0,0,64.725,394.96,37.5,349.5,0.66,0.362,0.04,0.03,68,148.5,390,2.5,0,0,0,0,0,0,0,0,0,625

Main.js:462 437.881,110,180,180,-0.712,0,-0.05,0,0,0,0,1,0,0,0,0,0,0,0,0,0,0,0,0,0,0,0,0,65.39,395.332,37.5,348,0.665,0.373,0.04,0.03,67,151,390,2.5,0,0,0,0,0,0,0,0,0,642

Main.js:462 437.157,110.001,178.5,178.5,-0.724,0.001,-0.05,0.001,0,1,0,1,0,0,0,0,0,0,0,0,0,0,0,0,0,0,0,0,66.059,395.715,37.5,346.5,0.669,0.383,0.04,0.03,66,153.5,390,2.5,0,0,0,0,0,0,0,0,0,658

Main.js:462 436.422,110.005,177,177,-0.735,0.004,-0.05,0.003,0,1,0,1,0,0,0,0,0,0,0,0,0,0,0,0,0,0,0,0,66.733,396.108,37.5,345,0.673,0.393,0.04,0.03,65,156,390,2.5,0,0,0,0,0,0,0,0,0,675

Main.js:462 435.676,110.012,175.5,175.5,-0.746,0.007,-0.05,0.004,0,1,0,1,0,0,0,0,0,0,0,0,0,0,0,0,0,0,0,0,67.41,396.51,37.5,343.5,0.677,0.402,0.04,0.03,64,158.5,390,2.5,0,0,0,0,0,0,0,0,0,692

Main.js:462 434.92,110.024,174,174,-0.756,0.012,-0.05,0.005,0,1,0,1,0,0,0,0,0,0,0,0,0,0,0,0,0,0,0,0,68.092,396.921,37.5,342,0.681,0.411,0.04,0.03,63,161,390,2.5,0,0,0,0,0,0,0,0,0,708

Main.js:462 434.155,110.041,172.5,172.5,-0.765,0.017,-0.05,0.007,0,1,0,1,0,0,0,0,0,0,0,0,0,0,0,0,0,0,0,0,68.776,397.34,37.5,340.5,0.685,0.419,0.04,0.03,62,163.5,390,2.5,0,0,0,0,0,0,0,0,0,725

Main.js:462 433.381,110.065,171,171,-0.774,0.024,-0.049,0.008,0,1,0,1,0,0,0,0,0,0,0,0,0,0,0,0,0,0,0,0,69.465,397.767,37.5,339,0.688,0.427,0.04,0.03,61,166,390,2.5,0,0,0,0,0,0,0,0,0,741

Main.js:462 432.6,110.097,169.5,169.5,-0.782,0.031,-0.049,0.009,0,1,0,1,0,0,0,0,0,0,0,0,0,0,0,0,0,0,0,0,70.156,398.202,37.5,337.5,0.692,0.435,0.04,0.03,60,168.5,390,2.5,0,0,0,0,0,0,0,0,0,759

Main.js:462 431.81,110.137,168,168,-0.789,0.04,-0.049,0.01,0,1,0,1,0,0,0,0,0,0,0,0,0,0,0,0,0,0,0,0,70.851,398.644,37.5,336,0.695,0.442,0.04,0.03,59,171,390,2.5,0,0,0,0,0,0,0,0,0,775

Main.js:462 431.015,110.185,166.5,166.5,-0.796,0.049,-0.049,0.012,0,1,0,1,0,0,0,0,0,0,0,0,0,0,0,0,0,0,0,0,71.549,399.093,37.5,334.5,0.698,0.449,0.04,0.03,58,173.5,390,2.5,0,0,0,0,0,0,0,0,0,791

Main.js:462 430.212,110.243,166.5,166.5,-0.802,0.057,-0.049,0.012,0,0,0,1,0,0,0,0,0,0,0,0,0,0,0,0,0,0,0,0,72.249,399.548,37.5,333,0.7,0.455,0.04,0.03,57,176,390,2.5,0,0,0,0,0,0,0,0,0,808

Main.js:462 429.404,110.309,166.5,166.5,-0.808,0.066,-0.049,0.012,0,0,0,1,0,0,0,0,0,0,0,0,0,0,0,0,0,0,0,0,72.952,400.009,37.5,331.5,0.703,0.461,0.04,0.03,56,178.5,390,2.5,0,0,0,0,0,0,0,0,0,825

Main.js:462 428.59,110.382,166.5,166.5,-0.814,0.074,-0.049,0.012,0,0,0,1,0,0,0,0,0,0,0,0,0,0,0,0,0,0,0,0,73.658,400.477,37.5,330,0.706,0.467,0.04,0.03,55,181,390,2.5,0,0,0,0,0,0,0,0,0,843

Main.js:462 427.77,110.463,166.5,166.5,-0.82,0.081,-0.049,0.012,0,0,0,1,0,0,0,0,0,0,0,0,0,0,0,0,0,0,0,0,74.366,400.949,37.5,328.5,0.708,0.473,0.04,0.03,54,183.5,390,2.5,0,0,0,0,0,0,0,0,0,858

Main.js:462 426.945,110.551,166.5,166.5,-0.825,0.088,-0.049,0.012,0,0,0,1,0,0,0,0,0,0,0,0,0,0,0,0,0,0,0,0,75.076,401.428,37.5,327,0.71,0.478,0.04,0.03,53,186,390,2.5,0,0,0,0,0,0,0,0,0,875

Main.js:462 426.116,110.646,166.5,166.5,-0.83,0.095,-0.049,0.012,0,0,0,1,0,0,0,0,0,0,0,0,0,0,0,0,0,0,0,0,75.789,401.911,37.5,325.5,0.712,0.483,0.04,0.03,52,188.5,390,2.5,0,0,0,0,0,0,0,0,0,893

Main.js:462 425.281,110.747,166.5,166.5,-0.834,0.101,-0.049,0.012,0,0,0,1,0,0,0,0,0,0,0,0,0,0,0,0,0,0,0,0,76.503,402.398,37.5,324,0.715,0.488,0.04,0.03,51,191,390,2.5,0,0,0,0,0,0,0,0,0,908

Main.js:462 424.442,110.854,166.5,166.5,-0.839,0.107,-0.049,0.012,0,0,0,1,0,0,0,0,0,0,0,0,0,0,0,0,0,0,0,0,77.22,402.891,37.5,322.5,0.716,0.492,0.04,0.03,50,193.5,390,2.5,0,0,0,0,0,0,0,0,0,926

Main.js:462 423.599,110.966,166.5,166.5,-0.843,0.113,-0.049,0.012,0,0,0,1,0,0,0,0,0,0,0,0,0,0,0,0,0,0,0,0,77.938,403.387,37.5,321,0.718,0.497,0.04,0.03,49,196,390,2.5,0,0,0,0,0,0,0,0,0,942

Main.js:462 422.752,111.085,166.5,166.5,-0.847,0.118,-0.049,0.012,0,0,0,1,0,0,0,0,0,0,0,0,0,0,0,0,0,0,0,0,78.658,403.888,37.5,319.5,0.72,0.501,0.04,0.03,48,198.5,390,2.5,0,0,0,0,0,0,0,0,0,959

Main.js:462 421.901,111.208,166.5,166.5,-0.851,0.123,-0.049,0.012,0,0,0,1,0,0,0,0,0,0,0,0,0,0,0,0,0,0,0,0,79.38,404.393,37.5,318,0.722,0.505,0.04,0.03,47,201,390,2.5,0,0,0,0,0,0,0,0,0,975

Main.js:462 421.046,111.338,165,165,-0.854,0.13,-0.048,0.013,0,1,0,1,0,0,0,0,0,0,0,0,0,0,0,0,0,0,0,0,80.103,404.901,37.5,316.5,0.723,0.508,0.04,0.03,46,203.5,390,2.5,0,0,0,0,0,0,0,0,0,991

Main.js:462 420.189,111.474,163.5,163.5,-0.857,0.137,-0.048,0.014,0,1,0,1,0,0,0,0,0,0,0,0,0,0,0,0,0,0,0,0,80.828,405.413,37.5,315,0.725,0.512,0.04,0.03,45,206,390,2.5,0,0,0,0,0,0,0,0,0,1008

Main.js:462 419.33,111.619,162,162,-0.859,0.144,-0.048,0.015,0,1,0,1,0,0,0,0,0,0,0,0,0,0,0,0,0,0,0,0,81.555,405.927,36,312,0.727,0.514,0.04,0.029,44,208.5,390,2.5,0,0,0,0,0,0,0,0,0,1025

Main.js:462 418.468,111.772,160.5,160.5,-0.861,0.153,-0.047,0.017,0,1,0,1,0,0,0,0,0,0,0,0,0,0,0,0,0,0,0,0,82.285,406.442,34.5,309,0.73,0.515,0.041,0.028,43,211,390,2.5,0,0,0,0,0,0,0,0,0,1041

Main.js:462 417.606,111.934,159,159,-0.863,0.162,-0.047,0.018,0,1,0,1,0,0,0,0,0,0,0,0,0,0,0,0,0,0,0,0,83.018,406.958,33,306,0.733,0.515,0.042,0.027,42,213.5,390,2.5,0,0,0,0,0,0,0,0,0,1059

Main.js:462 416.742,112.107,157.5,157.5,-0.863,0.172,-0.046,0.019,0,1,0,1,0,0,0,0,0,0,0,0,0,0,0,0,0,0,0,0,83.755,407.472,31.5,303,0.737,0.514,0.043,0.026,41,216,390,2.5,0,0,0,0,0,0,0,0,0,1076

Main.js:462 415.879,112.29,156,156,-0.864,0.183,-0.046,0.02,0,1,0,1,0,0,0,0,0,0,0,0,0,0,0,0,0,0,0,0,84.497,407.985,30,300,0.741,0.513,0.043,0.025,40,218.5,390,2.5,0,0,0,0,0,0,0,0,0,1091

Main.js:462 415.016,112.484,154.5,154.5,-0.863,0.194,-0.045,0.022,0,1,0,1,0,0,0,0,0,0,0,0,0,0,0,0,0,0,0,0,85.243,408.494,28.5,297,0.746,0.51,0.044,0.024,39,221,390,2.5,0,0,0,0,0,0,0,0,0,1108

Main.js:462 414.153,112.69,153,153,-0.862,0.206,-0.045,0.023,0,1,0,1,0,0,0,0,0,0,0,0,0,0,0,0,0,0,0,0,85.994,409,27,294,0.751,0.506,0.045,0.023,38,223.5,390,2.5,0,0,0,0,0,0,0,0,0,1124

Main.js:462 413.292,112.909,151.5,151.5,-0.861,0.219,-0.044,0.024,0,1,0,1,0,0,0,0,0,0,0,0,0,0,0,0,0,0,0,0,86.75,409.501,25.5,291,0.756,0.501,0.045,0.022,37,226,390,2.5,0,0,0,0,0,0,0,0,0,1141

Main.js:462 412.433,113.141,150,150,-0.859,0.231,-0.043,0.025,0,1,0,1,0,0,0,0,0,0,0,0,0,0,0,0,0,0,0,0,87.512,409.996,24,288,0.762,0.495,0.046,0.02,36,228.5,390,2.5,0,0,0,0,0,0,0,0,0,1158

Main.js:462 411.576,113.385,148.5,148.5,-0.857,0.245,-0.043,0.026,0,1,0,1,0,0,0,0,0,0,0,0,0,0,0,0,0,0,0,0,88.28,410.484,22.5,285,0.768,0.489,0.046,0.019,35,231,390,2.5,0,0,0,0,0,0,0,0,0,1174

Main.js:462 410.722,113.643,148.5,148.5,-0.854,0.257,-0.043,0.026,0,0,0,1,0,0,0,0,0,0,0,0,0,0,0,0,0,0,0,0,89.054,410.965,21,282,0.774,0.481,0.047,0.018,34,233.5,390,2.5,0,0,0,0,0,0,0,0,0,1191

Main.js:462 409.87,113.912,148.5,148.5,-0.852,0.269,-0.043,0.026,0,0,0,1,0,0,0,0,0,0,0,0,0,0,0,0,0,0,0,0,89.833,411.438,19.5,279,0.78,0.473,0.047,0.017,33,236,390,2.5,0,0,0,0,0,0,0,0,0,1208

Main.js:462 409.02,114.192,148.5,148.5,-0.85,0.281,-0.043,0.026,0,0,0,1,0,0,0,0,0,0,0,0,0,0,0,0,0,0,0,0,90.619,411.902,18,276,0.786,0.464,0.048,0.015,32,238.5,390,2.5,0,0,0,0,0,0,0,0,0,1225

Main.js:462 408.172,114.484,148.5,148.5,-0.848,0.291,-0.043,0.026,0,0,0,1,0,0,0,0,0,0,0,0,0,0,0,0,0,0,0,0,91.412,412.356,16.5,273,0.792,0.454,0.048,0.014,31,241,390,2.5,0,0,0,0,0,0,0,0,0,1241

Main.js:462 407.326,114.786,147,147,-0.845,0.303,-0.042,0.027,0,1,0,1,0,0,0,0,0,0,0,0,0,0,0,0,0,0,0,0,92.21,412.8,15,270,0.798,0.444,0.048,0.013,30,243.5,390,2.5,0,0,0,0,0,0,0,0,0,1258

Main.js:462 406.484,115.101,145.5,145.5,-0.842,0.314,-0.041,0.028,0,1,0,1,0,0,0,0,0,0,0,0,0,0,0,0,0,0,0,0,93.015,413.233,13.5,267,0.805,0.433,0.049,0.012,29,246,390,2.5,0,0,0,0,0,0,0,0,0,1294

Main.js:462 405.646,115.428,144,144,-0.839,0.327,-0.04,0.029,0,1,0,1,0,0,0,0,0,0,0,0,0,0,0,0,0,0,0,0,93.826,413.654,12,264,0.811,0.421,0.049,0.01,28,248.5,390,2.5,0,0,0,0,0,0,0,0,0,1307

Main.js:462 404.81,115.766,144,144,-0.835,0.338,-0.04,0.029,0,0,0,1,0,0,0,0,0,0,0,0,0,0,0,0,0,0,0,0,94.643,414.063,10.5,261,0.817,0.409,0.049,0.009,27,251,390,2.5,0,0,0,0,0,0,0,0,0,1325

Main.js:462 403.979,116.115,144,144,-0.832,0.349,-0.04,0.029,0,0,0,1,0,0,0,0,0,0,0,0,0,0,0,0,0,0,0,0,95.466,414.458,9,258,0.823,0.396,0.049,0.008,26,253.5,390,2.5,0,0,0,0,0,0,0,0,0,1341

Main.js:462 403.15,116.475,144,144,-0.829,0.36,-0.04,0.029,0,0,0,1,0,0,0,0,0,0,0,0,0,0,0,0,0,0,0,0,96.295,414.84,7.5,255,0.829,0.382,0.05,0.007,25,256,390,2.5,0,0,0,0,0,0,0,0,0,1358

Main.js:462 402.324,116.844,144,144,-0.826,0.37,-0.04,0.029,0,0,0,1,0,0,0,0,0,0,0,0,0,0,0,0,0,0,0,0,97.13,415.208,6,252,0.835,0.368,0.05,0.005,24,258.5,390,2.5,0,0,0,0,0,0,0,0,0,1375

Main.js:462 401.502,117.224,144,144,-0.823,0.379,-0.04,0.029,0,0,0,1,0,0,0,0,0,0,0,0,0,0,0,0,0,0,0,0,97.971,415.561,4.5,249,0.841,0.353,0.05,0.004,23,261,390,2.5,0,0,0,0,0,0,0,0,0,1391

Main.js:462 400.681,117.612,144,144,-0.82,0.388,-0.04,0.029,0,0,0,1,0,0,0,0,0,0,0,0,0,0,0,0,0,0,0,0,98.817,415.899,3,246,0.846,0.338,0.05,0.003,22,263.5,390,2.5,0,0,0,0,0,0,0,0,0,1407

Main.js:462 399.864,118.008,144,144,-0.817,0.397,-0.04,0.029,99,0,0,1,0,1,0,0,0,0,0,0,0,0,0,0,0,0,0,0,99.668,416.221,1.5,243,0.851,0.322,0.05,0.001,21,266,390,2.5,0,0,0,0,0,0,0,0,0,1424

Main.js:462 399.049,118.413,144,144,-0.815,0.405,-0.04,0.029,98,0,0,1,0,1,0,0,381.67,131.425,-2.023,1.469,0,0,0,0,0,0,0,0,100.524,416.528,0,240,0.856,0.306,0.05,0,20,268.5,390,2.5,0,0,0,0,0,0,0,0,0,1441

Main.js:462 398.237,118.826,142.5,142.5,-0.812,0.413,-0.04,0.03,97,1,0,1,0,1,0,0,379.647,132.894,-2.023,1.469,0,0,0,0,0,0,0,0,101.384,416.817,358.5,237,0.861,0.29,0.05,-0.001,19,271,390,2.5,0,0,0,0,0,0,0,0,0,1458

Main.js:462 397.429,119.249,141,141,-0.808,0.423,-0.039,0.031,96,1,0,1,0,1,0,0,377.624,134.363,-2.023,1.469,0,0,0,0,0,0,0,0,102.25,417.09,357,234,0.865,0.273,0.05,-0.003,18,273.5,390,2.5,0,0,0,0,0,0,0,0,0,1474

Main.js:462 396.625,119.681,139.5,139.5,-0.804,0.432,-0.038,0.032,95,1,0,1,0,1,0,0,375.602,135.833,-2.023,1.469,0,0,0,0,0,0,0,0,103.119,417.345,355.5,231,0.869,0.255,0.05,-0.004,17,276,390,2.5,0,0,0,0,0,0,0,0,0,1492

Main.js:462 395.826,120.123,138,138,-0.799,0.442,-0.037,0.033,94,1,0,1,0,1,0,0,373.579,137.302,-2.023,1.469,0,0,0,0,0,0,0,0,103.992,417.583,354,228,0.873,0.238,0.05,-0.005,16,278.5,390,2.5,0,0,0,0,0,0,0,0,0,1508

Main.js:462 395.032,120.576,136.5,136.5,-0.794,0.453,-0.036,0.034,93,1,0,1,0,0,0,0,371.557,138.772,-2.023,1.469,0,0,0,0,0,0,0,0,104.868,417.803,352.5,225,0.876,0.22,0.05,-0.007,15,281,390,2.5,0,0,0,0,0,0,0,0,0,1524

Main.js:462 394.244,121.04,135,135,-0.788,0.464,-0.035,0.035,92,1,0,1,0,0,0,0,369.534,140.241,-2.023,1.469,0,0,0,0,0,0,0,0,105.748,418.004,351,222,0.88,0.201,0.049,-0.008,14,283.5,390,2.5,0,0,0,0,0,0,0,0,0,1541

Main.js:462 393.463,121.515,135,135,-0.782,0.474,-0.035,0.035,91,0,0,1,0,0,0,0,367.512,141.711,-2.023,1.469,0,0,0,0,0,0,0,0,106.63,418.186,349.5,219,0.882,0.182,0.049,-0.009,13,286,390,2.5,0,0,0,0,0,0,0,0,0,1558

Main.js:462 392.686,121.999,135,135,-0.776,0.484,-0.035,0.035,90,0,0,1,0,0,0,0,365.489,143.18,-2.023,1.469,0,0,0,0,0,0,0,0,107.515,418.35,348,216,0.885,0.163,0.049,-0.01,12,288.5,390,2.5,0,0,0,0,0,0,0,0,0,1575

Main.js:462 391.915,122.493,135,135,-0.771,0.494,-0.035,0.035,89,0,0,1,0,0,0,0,363.467,144.65,-2.023,1.469,0,0,0,0,0,0,0,0,108.401,418.494,346.5,213,0.887,0.144,0.049,-0.012,11,291,390,2.5,0,0,0,0,0,0,0,0,0,1592

Main.js:462 391.149,122.995,135,135,-0.766,0.503,-0.035,0.035,88,0,0,1,0,1,0,0,361.444,146.119,-2.023,1.469,0,0,0,0,0,0,0,0,109.289,418.618,345,210,0.888,0.125,0.048,-0.013,10,293.5,390,2.5,0,0,0,0,0,0,0,0,0,1608

Main.js:462 390.388,123.506,135,135,-0.761,0.511,-0.035,0.035,87,0,0,1,0,1,0,0,359.422,147.589,-2.023,1.469,0,0,0,0,0,0,0,0,110.179,418.723,343.5,207,0.889,0.105,0.048,-0.014,9,296,390,2.5,0,0,0,0,0,0,0,0,0,1626

Main.js:462 389.631,124.025,135,135,-0.757,0.519,-0.035,0.035,86,0,0,1,0,1,0,0,357.399,149.058,-2.023,1.469,0,0,0,0,0,0,0,0,111.069,418.808,342,204,0.89,0.085,0.048,-0.015,8,298.5,390,2.5,0,0,0,0,0,0,0,0,0,1641

Main.js:462 388.879,124.552,135,135,-0.753,0.527,-0.035,0.035,85,0,0,1,0,1,0,0,355.377,150.528,-2.023,1.469,0,0,0,0,0,0,0,0,111.959,418.873,340.5,201,0.89,0.065,0.047,-0.017,7,301,390,2.5,0,0,0,0,0,0,0,0,0,1658

Main.js:462 388.13,125.086,135,135,-0.749,0.534,-0.035,0.035,84,0,0,1,0,1,0,0,353.354,151.997,-2.023,1.469,0,0,0,0,0,0,0,0,112.849,418.918,339,198,0.89,0.045,0.047,-0.018,6,303.5,390,2.5,0,0,0,0,0,0,0,0,0,1674

Main.js:462 387.385,125.626,135,135,-0.745,0.541,-0.035,0.035,83,0,0,1,0,1,0,0,351.331,153.466,-2.023,1.469,0,0,0,0,0,0,0,0,113.738,418.942,337.5,195,0.889,0.024,0.046,-0.019,5,306,390,2.5,0,0,0,0,0,0,0,0,0,1692

Main.js:462 386.644,126.174,135,135,-0.741,0.547,-0.035,0.035,82,0,0,1,0,0,0,0,349.309,154.936,-2.023,1.469,0,0,0,0,0,0,0,0,114.627,418.946,336,192,0.888,0.004,0.046,-0.02,4,308.5,390,2.5,0,0,0,0,0,0,0,0,0,1709

Main.js:462 385.907,126.727,135,135,-0.738,0.554,-0.035,0.035,81,0,0,1,0,0,0,0,347.286,156.405,-2.023,1.469,0,0,0,0,0,0,0,0,115.514,418.929,334.5,189,0.887,-0.017,0.045,-0.022,3,311,390,2.5,0,0,0,0,0,0,0,0,0,1726

Main.js:462 385.172,127.287,135,135,-0.734,0.559,-0.035,0.035,80,0,0,1,0,0,0,0,345.264,157.875,-2.023,1.469,0,0,0,0,0,0,0,0,116.398,418.891,333,186,0.885,-0.038,0.045,-0.023,2,313.5,390,2.5,0,0,0,0,0,0,0,0,0,1741

Main.js:462 384.441,127.852,135,135,-0.731,0.565,-0.035,0.035,79,0,0,1,0,0,0,0,343.241,159.344,-2.023,1.469,0,0,0,0,0,0,0,0,117.281,418.833,331.5,183,0.882,-0.058,0.044,-0.024,1,316,390,2.5,0,0,0,0,0,0,0,0,0,1759

Main.js:462 383.713,128.422,135,135,-0.728,0.57,-0.035,0.035,78,0,0,1,0,0,0,0,341.219,160.814,-2.023,1.469,0,0,0,0,0,0,0,0,118.16,418.753,330,180,0.879,-0.079,0.043,-0.025,0,318.5,390,2.5,0,0,0,0,0,0,0,0,0,1776

Main.js:462 382.988,128.998,135,135,-0.725,0.575,-0.035,0.035,77,0,0,1,0,1,0,0,339.196,162.283,-2.023,1.469,0,0,0,0,0,0,0,0,119.036,418.653,328.5,177,0.876,-0.1,0.043,-0.026,99,321,390,2.5,0,0,0,0,0,0,0,0,0,1793

Main.js:462 382.265,129.578,135,135,-0.723,0.58,-0.035,0.035,76,0,0,1,0,1,0,0,337.174,163.753,-2.023,1.469,0,0,0,0,0,0,0,0,119.908,418.532,327,174,0.872,-0.121,0.042,-0.027,98,323.5,390,2.5,0,94.692,419.983,-2.497,0.131,0,0,0,0,1808

Main.js:462 381.545,130.163,135,135,-0.72,0.585,-0.035,0.035,75,0,0,1,0,1,0,0,335.151,165.222,-2.023,1.469,0,0,0,0,0,0,0,0,120.775,418.39,325.5,171,0.867,-0.142,0.041,-0.028,97,326,390,2.5,0,92.196,420.114,-2.497,0.131,0,0,0,0,1826

Main.js:462 380.827,130.752,135,135,-0.718,0.589,-0.035,0.035,74,0,0,1,0,1,0,0,333.129,166.692,-2.023,1.469,0,0,0,0,0,0,0,0,121.638,418.228,324,168,0.863,-0.163,0.04,-0.029,96,328.5,390,2.5,0,89.699,420.245,-2.497,0.131,0,0,0,0,1841

Main.js:462 380.112,131.346,135,135,-0.715,0.593,-0.035,0.035,73,0,0,1,0,1,0,0,331.106,168.161,-2.023,1.469,0,0,0,0,0,0,0,0,122.495,418.044,322.5,165,0.857,-0.183,0.04,-0.03,95,331,390,2.5,0,87.203,420.376,-2.497,0.131,0,0,0,0,1859

Main.js:462 379.398,131.943,135,135,-0.713,0.597,-0.035,0.035,72,0,0,1,0,1,0,0,329.083,169.631,-2.023,1.469,0,0,0,0,0,0,0,0,123.346,417.84,321,162,0.851,-0.204,0.039,-0.031,94,333.5,390,2.5,0,84.706,420.507,-2.497,0.131,0,0,0,0,1875

Main.js:462 378.687,132.544,135,135,-0.711,0.601,-0.035,0.035,71,0,0,1,0,0,0,0,327.061,171.1,-2.023,1.469,0,0,0,0,0,0,0,0,124.191,417.615,319.5,159,0.845,-0.225,0.038,-0.032,93,336,390,2.5,0,82.209,420.638,-2.497,0.131,0,0,0,0,1896

Main.js:462 377.978,133.148,135,135,-0.709,0.605,-0.035,0.035,70,0,0,1,0,0,0,0,325.038,172.569,-2.023,1.469,0,0,0,0,0,0,0,0,125.029,417.37,318,156,0.838,-0.245,0.037,-0.033,92,338.5,390,2.5,0,79.713,420.768,-2.497,0.131,0,0,0,0,1908

Main.js:462 377.271,133.756,135,135,-0.707,0.608,-0.035,0.035,69,0,0,1,0,0,0,0,323.016,174.039,-2.023,1.469,0,0,0,0,0,0,0,0,125.859,417.104,316.5,153,0.83,-0.266,0.036,-0.034,91,341,390,2.5,0,77.216,420.899,-2.497,0.131,0,0,0,0,1925

Main.js:462 376.565,134.367,135,135,-0.706,0.611,-0.035,0.035,68,0,0,1,0,0,0,0,320.993,175.508,-2.023,1.469,0,0,0,0,0,0,0,0,126.681,416.818,315,150,0.822,-0.286,0.035,-0.035,90,343.5,390,2.5,0,74.72,421.03,-2.497,0.131,0,0,0,0,1942

Main.js:462 375.861,134.981,135,135,-0.704,0.614,-0.035,0.035,67,0,0,1,0,0,0,0,318.971,176.978,-2.023,1.469,0,0,0,0,0,0,0,0,127.495,416.512,313.5,147,0.814,-0.306,0.034,-0.036,89,346,390,2.5,0,72.223,421.161,-2.497,0.131,0,0,0,0,1959

Main.js:462 375.159,135.598,135,135,-0.702,0.617,-0.035,0.035,66,0,0,1,0,1,0,0,316.948,178.447,-2.023,1.469,0,0,0,0,0,0,0,0,128.3,416.186,312,144,0.805,-0.326,0.033,-0.037,88,348.5,390,2.5,0,69.727,421.292,-2.497,0.131,0,0,0,0,1974

Main.js:462 374.458,136.218,135,135,-0.701,0.62,-0.035,0.035,65,0,0,1,0,1,0,0,314.926,179.917,-2.023,1.469,0,0,0,0,0,0,0,0,129.096,415.84,310.5,141,0.796,-0.346,0.032,-0.038,87,351,390,2.5,0,67.23,421.423,-2.497,0.131,0,0,0,0,1992

Main.js:462 373.759,136.84,135,135,-0.699,0.622,-0.035,0.035,64,0,0,1,0,1,0,0,312.903,181.386,-2.023,1.469,0,0,0,0,0,0,0,0,129.882,415.474,309,138,0.786,-0.366,0.031,-0.039,86,353.5,390,2.5,0,64.733,421.553,-2.497,0.131,0,0,0,0,2009

Main.js:462 373.061,137.465,135,135,-0.698,0.625,-0.035,0.035,63,0,0,1,0,1,0,0,310.881,182.856,-2.023,1.469,0,0,0,0,0,0,0,0,130.659,415.091,310.5,138,0.777,-0.383,0.032,-0.038,85,356,390,2.5,0,62.237,421.684,-2.497,0.131,0,0,0,0,2026

Main.js:462 372.365,138.092,135,135,-0.697,0.627,-0.035,0.035,62,0,0,1,0,1,0,0,308.858,184.325,-2.023,1.469,0,0,0,0,0,0,0,0,131.429,414.691,312,138,0.77,-0.4,0.033,-0.037,84,358.5,390,2.5,0,59.74,421.815,-2.497,0.131,0,0,0,0,2043

Main.js:462 371.669,138.722,135,135,-0.695,0.629,-0.035,0.035,61,0,0,1,0,0,0,0,306.836,185.795,-2.023,1.469,0,0,0,0,0,0,0,0,132.194,414.277,313.5,138,0.764,-0.414,0.034,-0.036,83,361,390,2.5,0,57.244,421.946,-2.497,0.131,0,0,0,0,2058

Main.js:462 370.975,139.353,135,135,-0.694,0.632,-0.035,0.035,60,0,0,1,0,0,0,0,304.813,187.264,-2.023,1.469,0,0,0,0,0,0,0,0,132.954,413.85,315,138,0.76,-0.427,0.035,-0.035,82,363.5,390,2.5,0,54.747,422.077,-2.497,0.131,0,0,0,0,2075

Main.js:462 370.282,139.987,135,135,-0.693,0.634,-0.035,0.035,59,0,0,1,0,0,0,0,302.79,188.734,-2.023,1.469,0,0,0,0,0,0,0,0,133.71,413.412,316.5,138,0.756,-0.438,0.036,-0.034,81,366,390,2.5,0,52.251,422.208,-2.497,0.131,0,0,0,0,2092

Main.js:462 369.59,140.622,135,135,-0.692,0.635,-0.035,0.035,58,0,0,1,0,0,0,0,300.768,190.203,-2.023,1.469,0,0,0,0,0,0,0,0,134.464,412.963,318,138,0.754,-0.448,0.037,-0.033,80,368.5,390,2.5,0,49.754,422.338,-2.497,0.131,0,0,0,0,2108

Main.js:462 368.899,141.259,135,135,-0.691,0.637,-0.035,0.035,57,0,0,1,0,0,0,0,298.745,191.672,-2.023,1.469,0,0,0,0,0,0,0,0,135.216,412.507,319.5,138,0.752,-0.457,0.038,-0.032,79,371,390,2.5,0,47.257,422.469,-2.497,0.131,0,0,0,0,2124

Main.js:462 368.209,141.898,135,135,-0.69,0.639,-0.035,0.035,56,0,0,1,0,1,0,0,296.723,193.142,-2.023,1.469,0,0,0,0,0,0,0,0,135.967,412.043,321,138,0.751,-0.464,0.039,-0.031,78,373.5,390,2.5,0,44.761,422.6,-2.497,0.131,0,0,0,0,2142

Main.js:462 367.52,142.539,135,135,-0.689,0.641,-0.035,0.035,55,0,0,1,0,1,0,0,294.7,194.611,-2.023,1.469,0,0,0,0,0,0,0,0,136.719,411.574,322.5,138,0.752,-0.469,0.04,-0.03,77,376,390,2.5,0,42.264,422.731,-2.497,0.131,0,0,0,0,2159

Main.js:462 366.832,143.181,135,135,-0.688,0.642,-0.035,0.035,54,0,0,1,0,1,0,0,292.678,196.081,-2.023,1.469,0,0,0,0,0,0,0,0,137.471,411.1,324,138,0.752,-0.474,0.04,-0.029,76,378.5,390,2.5,0,39.768,422.862,-2.497,0.131,0,0,0,0,2174

Main.js:462 366.144,143.825,135,135,-0.687,0.644,-0.035,0.035,53,0,0,1,0,1,0,0,290.655,197.55,-2.023,1.469,0,0,0,0,0,0,0,0,138.225,410.623,325.5,138,0.754,-0.477,0.041,-0.028,75,381,390,2.5,0,37.271,422.993,-2.497,0.131,0,0,0,0,2191

Main.js:462 365.458,144.47,135,135,-0.687,0.645,-0.035,0.035,52,0,0,1,0,1,0,0,288.633,199.02,-2.023,1.469,0,0,0,0,0,0,0,0,138.982,410.144,327,138,0.756,-0.479,0.042,-0.027,74,383.5,390,2.5,0,34.775,423.123,-2.497,0.131,0,0,0,0,2208

Main.js:462 364.772,145.116,135,135,-0.686,0.646,-0.035,0.035,51,0,0,1,0,0,0,0,286.61,200.489,-2.023,1.469,0,0,0,0,0,0,0,0,139.74,409.664,328.5,138,0.759,-0.48,0.043,-0.026,73,386,390,2.5,0,32.278,423.254,-2.497,0.131,0,0,0,0,2226

Main.js:462 364.087,145.764,135,135,-0.685,0.648,-0.035,0.035,50,0,0,1,0,0,0,0,284.588,201.959,-2.023,1.469,0,0,0,0,0,0,0,0,140.502,409.184,330,138,0.762,-0.48,0.043,-0.025,72,388.5,390,2.5,0,29.781,423.385,-2.497,0.131,0,0,0,0,2241

Main.js:462 363.402,146.413,135,135,-0.685,0.649,-0.035,0.035,49,0,0,1,0,0,0,0,282.565,203.428,-2.023,1.469,0,0,0,0,0,0,0,0,141.268,408.706,331.5,138,0.766,-0.478,0.044,-0.024,71,391,390,2.5,0,27.285,423.516,-2.497,0.131,0,0,0,0,2257

Main.js:462 362.718,147.063,135,135,-0.684,0.65,-0.035,0.035,48,0,0,1,0,0,0,0,280.542,204.898,-2.023,1.469,0,0,0,0,0,0,0,0,142.038,408.23,333,138,0.77,-0.476,0.045,-0.023,70,393.5,390,2.5,0,24.788,423.647,-2.497,0.131,0,0,0,0,2274

Main.js:462 362.035,147.714,135,135,-0.683,0.651,-0.035,0.035,47,0,0,1,0,0,0,0,278.52,206.367,-2.023,1.469,0,0,0,0,0,0,0,0,142.812,407.757,334.5,138,0.774,-0.473,0.045,-0.022,69,396,390,2.5,0,22.292,423.778,-2.497,0.131,0,0,0,0,2292

Main.js:462 361.352,148.366,135,135,-0.683,0.652,-0.035,0.035,46,0,0,1,0,1,0,0,276.497,207.837,-2.023,1.469,0,0,0,0,0,0,0,0,143.59,407.289,336,138,0.779,-0.468,0.046,-0.02,68,398.5,390,2.5,0,19.795,423.909,-2.497,0.131,0,0,0,0,2308

Main.js:462 360.67,149.019,135,135,-0.682,0.653,-0.035,0.035,45,0,0,1,0,1,0,0,274.475,209.306,-2.023,1.469,0,0,0,0,0,0,0,0,144.374,406.825,337.5,138,0.784,-0.463,0.046,-0.019,67,401,390,2.5,0,17.299,424.039,-2.497,0.131,0,0,0,0,2326

Main.js:462 359.988,149.673,135,135,-0.682,0.654,-0.035,0.035,44,0,0,1,0,1,0,0,272.452,210.776,-2.023,1.469,0,0,0,0,0,0,0,0,145.163,406.368,339,138,0.789,-0.457,0.047,-0.018,66,403.5,390,2.5,0,14.802,424.17,-2.497,0.131,0,0,0,0,2342

Main.js:462 359.307,150.328,135,135,-0.681,0.655,-0.035,0.035,43,0,0,1,0,1,0,0,270.43,212.245,-2.023,1.469,0,0,0,0,0,0,0,0,145.957,405.918,340.5,138,0.794,-0.45,0.047,-0.017,65,406,390,2.5,0,12.305,424.301,-2.497,0.131,0,0,0,0,2359

Main.js:462 358.627,150.984,135,135,-0.681,0.656,-0.035,0.035,42,0,0,1,0,1,0,0,268.407,213.714,-2.023,1.469,0,0,0,0,0,0,0,0,146.757,405.476,342,138,0.8,-0.442,0.048,-0.015,64,408.5,390,2.5,0,9.809,424.432,-2.497,0.131,0,0,0,0,2375

Main.js:462 357.946,151.64,135,135,-0.68,0.657,-0.035,0.035,41,0,0,1,0,0,0,0,266.385,215.184,-2.023,1.469,0,0,0,0,0,0,0,0,147.562,405.043,343.5,138,0.805,-0.434,0.048,-0.014,63,411,390,2.5,0,7.312,424.563,-2.497,0.131,0,0,0,0,2391

Main.js:462 357.267,152.298,135,135,-0.68,0.657,-0.035,0.035,40,0,0,1,0,0,0,0,264.362,216.653,-2.023,1.469,0,0,0,0,0,0,0,0,148.373,404.619,345,138,0.811,-0.424,0.048,-0.013,62,413.5,390,2.5,0,4.816,424.694,-2.497,0.131,0,0,0,0,2408

Main.js:462 356.587,152.956,135,135,-0.679,0.658,-0.035,0.035,39,0,0,1,0,0,0,0,262.34,218.123,-2.023,1.469,0,0,0,0,0,0,0,0,149.189,404.204,346.5,138,0.816,-0.414,0.049,-0.012,61,416,390,2.5,0,2.319,424.824,-2.497,0.131,0,0,0,0,2424

Main.js:462 355.908,153.614,135,135,-0.679,0.659,-0.035,0.035,38,0,0,1,0,0,0,0,260.317,219.592,-2.023,1.469,0,0,0,0,0,0,0,0,150.012,403.801,348,138,0.822,-0.403,0.049,-0.01,60,418.5,390,2.5,0,0,0,0,0,0,0,0,0,2441

Main.js:462 355.23,154.274,135,135,-0.679,0.659,-0.035,0.035,37,0,0,1,0,0,0,0,258.294,221.062,-2.023,1.469,0,0,0,0,0,0,0,0,150.839,403.41,349.5,138,0.828,-0.392,0.049,-0.009,59,421,390,2.5,0,0,0,0,0,0,0,0,0,2458

Main.js:462 354.551,154.934,135,135,-0.678,0.66,-0.035,0.035,36,0,0,1,0,1,0,0,256.272,222.531,-2.023,1.469,0,0,0,0,0,0,0,0,151.673,403.03,351,138,0.833,-0.38,0.049,-0.008,58,423.5,390,2.5,0,0,0,0,0,0,0,0,0,2474

Main.js:462 353.873,155.594,135,135,-0.678,0.661,-0.035,0.035,35,0,0,1,0,1,0,0,254.249,224.001,-2.023,1.469,0,0,0,0,0,0,0,0,152.511,402.663,352.5,138,0.839,-0.367,0.05,-0.007,57,426,390,2.5,0,0,0,0,0,0,0,0,0,2492

Main.js:462 353.196,156.256,135,135,-0.678,0.661,-0.035,0.035,34,0,0,1,0,1,0,0,252.227,225.47,-2.023,1.469,0,0,0,0,0,0,0,0,153.355,402.31,354,138,0.844,-0.353,0.05,-0.005,56,428.5,390,2.5,0,0,0,0,0,0,0,0,0,2508

Main.js:462 352.518,156.917,135,135,-0.677,0.662,-0.035,0.035,33,0,0,1,0,1,0,0,250.204,226.94,-2.023,1.469,0,0,0,0,0,0,0,0,154.204,401.969,354,136.5,0.849,-0.341,0.05,-0.005,55,431,390,2.5,0,0,0,0,0,0,0,0,0,2524

Main.js:462 351.841,157.579,135,135,-0.677,0.662,-0.035,0.035,32,0,0,1,0,1,0,0,248.182,228.409,-2.023,1.469,0,0,0,0,0,0,0,0,155.058,401.64,354,135,0.854,-0.329,0.05,-0.005,54,433.5,390,2.5,0,0,0,0,0,0,0,0,0,2542

Main.js:462 351.164,158.242,135,135,-0.677,0.663,-0.035,0.035,31,0,0,1,0,1,0,0,246.159,229.879,-2.023,1.469,0,0,0,0,0,0,0,0,155.916,401.323,354,133.5,0.858,-0.317,0.05,-0.005,53,436,390,2.5,0,0,0,0,0,0,0,0,0,2558

Main.js:462 350.488,158.905,135,135,-0.677,0.663,-0.035,0.035,30,0,0,1,0,0,0,0,244.137,231.348,-2.023,1.469,0,0,0,0,0,0,0,0,156.779,401.017,354,132,0.863,-0.306,0.05,-0.005,52,438.5,390,2.5,0,0,0,0,0,0,0,0,0,2575

Main.js:462 349.812,159.569,135,135,-0.676,0.664,-0.035,0.035,29,0,0,1,0,0,0,0,242.114,232.817,-2.023,1.469,0,0,0,0,0,0,0,0,157.646,400.721,354,130.5,0.867,-0.296,0.05,-0.005,51,441,390,2.5,0,0,0,0,0,0,0,0,0,2591

Main.js:462 349.135,160.233,135,135,-0.676,0.664,-0.035,0.035,28,0,0,1,0,0,0,0,240.092,234.287,-2.023,1.469,0,0,0,0,0,0,0,0,158.517,400.435,354,129,0.871,-0.286,0.05,-0.005,50,443.5,390,2.5,0,0,0,0,0,0,0,0,0,2609

Main.js:462 348.46,160.897,135,135,-0.676,0.664,-0.035,0.035,27,0,0,1,0,0,0,0,238.069,235.756,-2.023,1.469,0,0,0,0,0,0,0,0,159.391,400.158,354,127.5,0.874,-0.277,0.05,-0.005,49,446,390,2.5,0,0,0,0,0,0,0,0,0,2625

Main.js:462 347.784,161.562,135,135,-0.676,0.665,-0.035,0.035,26,0,0,1,0,0,0,0,236.047,237.226,-2.023,1.469,0,0,0,0,0,0,0,0,160.269,399.89,354,126,0.878,-0.268,0.05,-0.005,48,448.5,390,2.5,0,0,0,0,0,0,0,0,0,2643

Main.js:462 347.108,162.227,135,135,-0.675,0.665,-0.035,0.035,25,0,0,1,0,0,0,0,234.024,238.695,-2.023,1.469,0,0,0,0,0,0,0,0,161.15,399.631,354,124.5,0.881,-0.259,0.05,-0.005,47,451,390,2.5,0,0,0,0,0,0,0,0,0,2657

Main.js:462 346.433,162.892,135,135,-0.675,0.665,-0.035,0.035,24,0,0,1,0,1,0,0,232.001,240.165,-2.023,1.469,0,0,0,0,0,0,0,0,162.035,399.379,354,123,0.884,-0.251,0.05,-0.005,46,453.5,390,2.5,0,0,0,0,0,0,0,0,0,2676

Main.js:462 345.758,163.558,135,135,-0.675,0.666,-0.035,0.035,23,0,0,1,0,1,0,0,229.979,241.634,-2.023,1.469,0,0,0,0,0,0,0,0,162.922,399.136,354,121.5,0.887,-0.244,0.05,-0.005,45,456,390,2.5,0,0,0,0,0,0,0,0,0,2694

Main.js:462 345.083,164.224,135,135,-0.675,0.666,-0.035,0.035,22,0,0,1,0,1,0,0,227.956,243.104,-2.023,1.469,0,0,0,0,0,0,0,0,163.812,398.899,354,120,0.89,-0.237,0.05,-0.005,44,458.5,390,2.5,0,0,0,0,0,0,0,0,0,2709

Main.js:462 344.408,164.89,135,135,-0.675,0.666,-0.035,0.035,21,0,0,1,0,1,0,0,225.934,244.573,-2.023,1.469,0,0,0,0,0,0,0,0,164.706,398.669,354,118.5,0.893,-0.23,0.05,-0.005,43,461,390,2.5,0,0,0,0,0,0,0,0,0,2725

Main.js:462 343.734,165.557,135,135,-0.675,0.667,-0.035,0.035,20,0,0,1,0,1,0,0,223.911,246.043,-2.023,1.469,0,0,0,0,0,0,0,0,165.601,398.446,354,117,0.896,-0.223,0.05,-0.005,42,463.5,390,2.5,0,0,0,0,0,0,0,0,0,2741

Main.js:462 343.059,166.224,135,135,-0.674,0.667,-0.035,0.035,19,0,0,1,0,0,0,0,221.889,247.512,-2.023,1.469,0,0,0,0,0,0,0,0,166.499,398.229,354,115.5,0.898,-0.217,0.05,-0.005,41,466,390,2.5,0,0,0,0,0,0,0,0,0,2757

Main.js:462 342.385,166.891,135,135,-0.674,0.667,-0.035,0.035,18,0,0,1,0,0,0,0,219.866,248.982,-2.023,1.469,0,0,0,0,0,0,0,0,167.4,398.018,354,114,0.9,-0.211,0.05,-0.005,40,468.5,390,2.5,0,0,0,0,0,0,0,0,0,2774

Main.js:462 341.711,167.558,135,135,-0.674,0.667,-0.035,0.035,17,0,0,1,0,0,0,0,217.844,250.451,-2.023,1.469,0,0,0,0,0,0,0,0,168.302,397.812,354,112.5,0.903,-0.206,0.05,-0.005,39,471,390,2.5,0,0,0,0,0,0,0,0,0,2791

Main.js:462 341.037,168.226,135,135,-0.674,0.668,-0.035,0.035,16,0,0,1,0,0,0,0,215.821,251.92,-2.023,1.469,0,0,0,0,0,0,0,0,169.207,397.612,354,111,0.905,-0.2,0.05,-0.005,38,473.5,390,2.5,0,0,0,0,0,0,0,0,0,2808

Main.js:462 340.363,168.893,135,135,-0.674,0.668,-0.035,0.035,15,0,0,1,0,0,0,0,213.799,253.39,-2.023,1.469,0,0,0,0,0,0,0,0,170.114,397.417,354,109.5,0.907,-0.195,0.05,-0.005,37,476,390,2.5,0,0,0,0,0,0,0,0,0,2824

Main.js:462 339.689,169.561,135,135,-0.674,0.668,-0.035,0.035,14,0,0,1,0,0,0,0,211.776,254.859,-2.023,1.469,0,0,0,0,0,0,0,0,171.023,397.226,354,108,0.909,-0.19,0.05,-0.005,36,478.5,390,2.5,0,0,0,0,0,0,0,0,0,2842

Main.js:462 339.015,170.229,135,135,-0.674,0.668,-0.035,0.035,13,0,0,1,0,0,0,0,209.753,256.329,-2.023,1.469,0,0,0,0,0,0,0,0,171.933,397.041,354,106.5,0.91,-0.186,0.05,-0.005,35,481,390,2.5,0,0,0,0,0,0,0,0,0,2858

Main.js:462 338.341,170.898,135,135,-0.674,0.668,-0.035,0.035,12,0,0,1,0,0,0,0,207.731,257.798,-2.023,1.469,0,0,0,0,0,0,0,0,172.845,396.859,354,105,0.912,-0.182,0.05,-0.005,34,483.5,390,2.5,0,0,0,0,0,0,0,0,0,2875

Main.js:462 337.668,171.566,135,135,-0.674,0.668,-0.035,0.035,11,0,0,1,0,0,0,0,205.708,259.268,-2.023,1.469,0,0,0,0,0,0,0,0,173.759,396.682,354,103.5,0.914,-0.177,0.05,-0.005,33,486,390,2.5,0,0,0,0,0,0,0,0,0,2893

Main.js:462 336.994,172.235,135,135,-0.673,0.669,-0.035,0.035,10,0,0,1,0,0,0,0,203.686,260.737,-2.023,1.469,0,0,0,0,0,0,0,0,174.674,396.508,354,102,0.915,-0.173,0.05,-0.005,32,488.5,390,2.5,0,0,0,0,0,0,0,0,0,2908

Main.js:462 336.321,172.904,135,135,-0.673,0.669,-0.035,0.035,9,0,0,1,0,0,0,0,201.663,262.207,-2.023,1.469,0,0,0,0,0,0,0,0,175.591,396.338,354,100.5,0.917,-0.17,0.05,-0.005,31,491,390,2.5,0,0,0,0,0,0,0,0,0,2926

Main.js:462 335.647,173.573,135,135,-0.673,0.669,-0.035,0.035,8,0,0,1,0,0,0,0,199.641,263.676,-2.023,1.469,0,0,0,0,0,0,0,0,176.509,396.172,354,99,0.918,-0.166,0.05,-0.005,30,493.5,390,2.5,0,0,0,0,0,0,0,0,0,2941

Main.js:462 334.974,174.242,135,135,-0.673,0.669,-0.035,0.035,7,0,0,1,0,0,0,0,197.618,265.146,-2.023,1.469,0,0,0,0,0,0,0,0,177.429,396.009,354,97.5,0.92,-0.163,0.05,-0.005,29,496,390,2.5,0,0,0,0,0,0,0,0,0,2959

Main.js:462 334.301,174.911,135,135,-0.673,0.669,-0.035,0.035,6,0,0,1,0,0,0,0,195.596,266.615,-2.023,1.469,0,0,0,0,0,0,0,0,178.35,395.849,354,96,0.921,-0.16,0.05,-0.005,28,498.5,390,2.5,0,0,0,0,0,0,0,0,0,2975

Main.js:462 333.628,175.58,135,135,-0.673,0.669,-0.035,0.035,5,0,0,1,0,0,0,0,195.596,266.615,-2.023,1.469,0,0,0,0,0,0,0,0,179.272,395.693,354,94.5,0.922,-0.157,0.05,-0.005,27,0,0,0,0,0,0,0,0,0,0,0,0,2991

Main.js:462 332.955,176.25,135,135,-0.673,0.669,-0.035,0.035,4,0,0,1,0,1,0,0,193.573,268.085,-2.023,1.469,0,0,0,0,0,0,0,0,180.195,395.539,354,93,0.923,-0.154,0.05,-0.005,26,0,0,0,0,0,0,0,0,0,0,0,0,3008

Main.js:462 332.282,176.919,135,135,-0.673,0.67,-0.035,0.035,3,0,0,1,0,1,0,0,191.551,269.554,-2.023,1.469,0,0,0,0,0,0,0,0,181.119,395.386,352.5,90,0.924,-0.152,0.05,-0.007,25,0,0,0,0,0,0,0,0,0,0,0,0,3024

Main.js:462 331.609,177.589,135,135,-0.673,0.67,-0.035,0.035,2,0,0,1,0,1,0,0,189.528,271.024,-2.023,1.469,0,0,0,0,0,0,0,0,182.044,395.234,351,87,0.925,-0.152,0.049,-0.008,24,0,0,0,0,0,0,0,0,0,0,0,0,3041

Main.js:462 330.936,178.259,135,135,-0.673,0.67,-0.035,0.035,1,0,0,1,0,1,0,0,187.505,272.493,-2.023,1.469,0,0,0,0,0,0,0,0,182.969,395.081,349.5,84,0.925,-0.153,0.049,-0.009,23,0,0,0,0,0,0,0,0,0,0,0,0,3058

Main.js:462 330.264,178.929,135,135,-0.673,0.67,-0.035,0.035,0,0,0,1,0,1,0,0,185.483,273.962,-2.023,1.469,0,0,0,0,0,0,0,0,183.895,394.926,348,81,0.925,-0.155,0.049,-0.01,22,0,0,0,0,0,0,0,0,0,0,0,0,3074

Main.js:462 329.591,179.599,135,135,-0.673,0.67,-0.035,0.035,0,0,0,1,0,0,0,0,183.46,275.432,-2.023,1.469,0,0,0,0,0,0,0,0,184.82,394.767,346.5,78,0.925,-0.159,0.049,-0.012,21,0,0,0,0,0,0,0,0,0,0,0,0,3092

Main.js:462 328.918,180.269,135,135,-0.673,0.67,-0.035,0.035,0,0,0,1,0,0,0,0,181.438,276.901,-2.023,1.469,0,0,0,0,0,0,0,0,185.745,394.604,345,75,0.925,-0.163,0.048,-0.013,20,0,0,0,0,0,0,0,0,0,0,0,0,3109

Main.js:462 328.245,180.939,135,135,-0.673,0.67,-0.035,0.035,0,0,0,1,0,0,0,0,179.415,278.371,-2.023,1.469,0,0,0,0,0,0,0,0,186.669,394.435,343.5,72,0.924,-0.168,0.048,-0.014,19,0,0,0,0,0,0,0,0,0,0,0,0,3124

Main.js:462 327.573,181.609,135,135,-0.673,0.67,-0.035,0.035,0,0,0,1,0,0,0,0,177.393,279.84,-2.023,1.469,0,0,0,0,0,0,0,0,187.593,394.261,342,69,0.923,-0.175,0.048,-0.015,18,0,0,0,0,0,0,0,0,0,0,0,0,3142

Main.js:462 326.9,182.28,135,135,-0.673,0.67,-0.035,0.035,0,0,0,1,0,0,0,0,175.37,281.31,-2.023,1.469,0,0,0,0,0,0,0,0,188.514,394.079,340.5,66,0.922,-0.182,0.047,-0.017,17,0,0,0,0,0,0,0,0,0,0,0,0,3158

Main.js:462 326.229,182.951,133.5,133.5,-0.672,0.671,-0.034,0.036,99,1,0,1,0,1,0,0,173.348,282.779,-2.023,1.469,0,0,0,0,0,0,0,0,189.435,393.889,339,63,0.92,-0.19,0.047,-0.018,16,0,0,0,0,0,0,0,0,0,0,0,0,3174

Main.js:462 325.559,183.624,132,132,-0.67,0.673,-0.033,0.037,98,1,0,1,0,1,0,0,171.325,284.249,-2.023,1.469,310.724,199.326,-1.721,1.813,0,0,0,0,190.353,393.691,337.5,60,0.918,-0.198,0.046,-0.019,15,0,0,0,0,0,0,0,0,0,0,0,0,3192

Main.js:462 324.892,184.299,130.5,130.5,-0.667,0.675,-0.032,0.038,97,1,0,1,0,1,0,0,169.303,285.718,-2.023,1.469,309.003,201.139,-1.721,1.813,0,0,0,0,191.268,393.483,336,57,0.915,-0.208,0.046,-0.02,14,0,0,0,0,0,0,0,0,0,0,0,0,3210

Main.js:462 324.228,184.978,129,129,-0.664,0.679,-0.031,0.039,96,1,0,1,0,1,0,0,167.28,287.188,-2.023,1.469,307.282,202.953,-1.721,1.813,0,0,0,0,192.181,393.265,334.5,54,0.913,-0.218,0.045,-0.022,13,0,0,0,0,0,0,0,0,0,0,0,0,3225

Main.js:462 323.569,185.66,127.5,127.5,-0.659,0.682,-0.03,0.04,95,1,0,1,0,1,0,0,165.258,288.657,-2.023,1.469,305.561,204.766,-1.721,1.813,0,0,0,0,193.09,393.036,333,51,0.909,-0.229,0.045,-0.023,12,0,0,0,0,0,0,0,0,0,0,0,0,3242

Main.js:462 322.914,186.347,126,126,-0.654,0.687,-0.029,0.04,94,1,0,1,0,1,0,0,163.235,290.127,-2.023,1.469,303.84,206.58,-1.721,1.813,0,0,0,0,193.995,392.797,331.5,48,0.906,-0.24,0.044,-0.024,11,0,0,0,0,0,0,0,0,0,0,0,0,3258

Main.js:462 322.265,187.038,126,126,-0.65,0.691,-0.029,0.04,93,0,0,1,0,0,0,0,161.212,291.596,-2.023,1.469,302.12,208.393,-1.721,1.813,0,0,0,0,194.897,392.545,330,45,0.901,-0.252,0.043,-0.025,10,0,0,0,0,0,0,0,0,0,0,0,0,3324

Main.js:462 321.62,187.732,126,126,-0.645,0.695,-0.029,0.04,92,0,0,1,0,0,0,0,159.19,293.065,-2.023,1.469,300.399,210.207,-1.721,1.813,0,0,0,0,195.794,392.281,328.5,42,0.897,-0.264,0.043,-0.026,9,0,0,0,0,0,0,0,0,0,0,0,0,3341

Main.js:462 320.979,188.431,126,126,-0.641,0.698,-0.029,0.04,91,0,0,1,0,1,0,0,157.167,294.535,-2.023,1.469,298.678,212.02,-1.721,1.813,0,0,0,0,196.686,392.005,327,39,0.892,-0.276,0.042,-0.027,8,0,0,0,0,0,0,0,0,0,0,0,0,3357

Main.js:462 320.342,189.133,126,126,-0.637,0.702,-0.029,0.04,90,0,0,1,0,1,0,0,155.145,296.004,-2.023,1.469,296.957,213.833,-1.721,1.813,0,0,0,0,197.572,391.715,325.5,36,0.886,-0.29,0.041,-0.028,7,0,0,0,0,0,0,0,0,0,0,0,0,3374

Main.js:462 319.71,189.838,126,126,-0.633,0.705,-0.029,0.04,89,0,0,1,0,1,0,0,153.122,297.474,-2.023,1.469,295.236,215.647,-1.721,1.813,0,0,0,0,198.452,391.412,324,33,0.881,-0.303,0.04,-0.029,6,0,0,0,0,0,0,0,0,0,0,0,0,3391

Main.js:462 319.081,190.546,126,126,-0.629,0.708,-0.029,0.04,88,0,0,1,0,1,0,0,151.1,298.943,-2.023,1.469,293.515,217.46,-1.721,1.813,0,0,0,0,199.327,391.095,322.5,30,0.874,-0.317,0.04,-0.03,5,0,0,0,0,0,0,0,0,0,0,0,0,3409

Main.js:462 318.455,191.258,126,126,-0.625,0.711,-0.029,0.04,87,0,0,1,0,1,0,0,149.077,300.413,-2.023,1.469,291.794,219.274,-1.721,1.813,0,0,0,0,200.194,390.765,321,27,0.867,-0.331,0.039,-0.031,4,0,0,0,0,0,0,0,0,0,0,0,0,3424

Main.js:462 317.833,191.972,126,126,-0.622,0.714,-0.029,0.04,86,0,0,1,0,0,0,0,147.055,301.882,-2.023,1.469,290.073,221.087,-1.721,1.813,0,0,0,0,201.054,390.419,319.5,24,0.86,-0.345,0.038,-0.032,3,0,0,0,0,0,0,0,0,0,0,0,0,3442

Main.js:462 317.214,192.689,126,126,-0.619,0.717,-0.029,0.04,85,0,0,1,0,0,0,0,145.032,303.352,-2.023,1.469,288.352,222.901,-1.721,1.813,0,0,0,0,201.906,390.06,318,21,0.852,-0.36,0.037,-0.033,2,0,0,0,0,0,0,0,0,0,0,0,0,3459

Main.js:462 316.598,193.408,126,126,-0.616,0.72,-0.029,0.04,84,0,0,1,0,0,0,0,143.01,304.821,-2.023,1.469,286.632,224.714,-1.721,1.813,0,0,0,0,202.751,389.685,316.5,18,0.844,-0.374,0.036,-0.034,1,0,0,0,0,0,0,0,0,0,0,0,0,3475

Main.js:462 315.985,194.13,126,126,-0.613,0.722,-0.029,0.04,83,0,0,1,0,0,0,0,140.987,306.291,-2.023,1.469,284.911,226.527,-1.721,1.813,0,0,0,0,203.586,389.296,315,15,0.836,-0.389,0.035,-0.035,0,0,0,0,0,0,0,0,0,0,0,0,0,3492

Main.js:462 315.375,194.855,126,126,-0.61,0.724,-0.029,0.04,82,0,0,1,0,0,0,0,138.964,307.76,-2.023,1.469,283.19,228.341,-1.721,1.813,0,0,0,0,204.413,388.892,313.5,12,0.827,-0.404,0.034,-0.036,99,0,0,0,0,0,0,0,0,0,0,0,0,3508

Main.js:462 314.767,195.581,126,126,-0.608,0.727,-0.029,0.04,81,0,0,1,0,0,0,0,136.942,309.23,-2.023,1.469,281.469,230.154,-1.721,1.813,0,0,0,0,205.23,388.473,312,9,0.817,-0.419,0.033,-0.037,98,226.573,394.182,2.445,0.52,0,0,0,0,0,0,0,0,3525

Main.js:462 314.162,196.31,126,126,-0.605,0.729,-0.029,0.04,80,0,0,1,0,0,0,0,134.919,310.699,-2.023,1.469,279.748,231.968,-1.721,1.813,0,0,0,0,206.037,388.038,310.5,6,0.807,-0.434,0.032,-0.038,97,229.018,394.702,2.445,0.52,0,0,0,0,0,0,0,0,3542

Main.js:462 313.559,197.04,126,126,-0.603,0.731,-0.029,0.04,79,0,0,1,0,1,0,0,132.897,312.168,-2.023,1.469,278.027,233.781,-1.721,1.813,0,0,0,0,206.833,387.589,309,3,0.797,-0.45,0.031,-0.039,96,231.464,395.222,2.445,0.52,0,0,0,0,0,0,0,0,3559

Main.js:462 312.959,197.773,126,126,-0.601,0.733,-0.029,0.04,78,0,0,1,0,1,0,0,130.874,313.638,-2.023,1.469,276.306,235.595,-1.721,1.813,0,0,0,0,207.619,387.124,307.5,0,0.786,-0.465,0.03,-0.04,95,233.909,395.741,2.445,0.52,0,0,0,0,0,0,0,0,3574

Main.js:462 312.36,198.507,126,126,-0.599,0.734,-0.029,0.04,77,0,0,1,0,1,0,0,128.852,315.107,-2.023,1.469,274.585,237.408,-1.721,1.813,0,0,0,0,208.393,386.644,306,-3,0.774,-0.48,0.029,-0.04,94,236.354,396.261,2.445,0.52,0,0,0,0,0,0,0,0,3593

Main.js:462 311.764,199.243,126,126,-0.597,0.736,-0.029,0.04,76,0,0,1,0,1,0,0,126.829,316.577,-2.023,1.469,272.864,239.222,-1.721,1.813,0,0,0,0,209.156,386.148,304.5,-6,0.762,-0.495,0.028,-0.041,93,238.8,396.781,2.445,0.52,0,0,0,0,0,0,0,0,3609

Main.js:462 311.169,199.981,126,126,-0.595,0.738,-0.029,0.04,75,0,0,1,0,1,0,0,124.807,318.046,-2.023,1.469,271.144,241.035,-1.721,1.813,0,0,0,0,209.906,385.638,303,-9,0.75,-0.51,0.027,-0.042,92,241.245,397.301,2.445,0.52,0,0,0,0,0,0,0,0,3626

Main.js:462 310.576,200.72,126,126,-0.593,0.739,-0.029,0.04,74,0,0,1,0,1,0,0,122.784,319.516,-2.023,1.469,269.423,242.848,-1.721,1.813,0,0,0,0,210.643,385.113,301.5,-12,0.738,-0.525,0.026,-0.043,91,243.69,397.821,2.445,0.52,0,0,0,0,0,0,0,0,3643

Main.js:462 309.985,201.461,126,126,-0.591,0.741,-0.029,0.04,73,0,0,1,0,0,0,0,120.762,320.985,-2.023,1.469,267.702,244.662,-1.721,1.813,0,0,0,0,211.368,384.573,300,-15,0.724,-0.54,0.025,-0.043,90,246.136,398.34,2.445,0.52,0,0,0,0,0,0,0,0,3658

Main.js:462 309.396,202.203,126,126,-0.589,0.742,-0.029,0.04,72,0,0,1,0,0,0,0,118.739,322.455,-2.023,1.469,265.981,246.475,-1.721,1.813,0,0,0,0,212.079,384.018,298.5,-18,0.711,-0.555,0.024,-0.044,89,248.581,398.86,2.445,0.52,0,0,0,0,0,0,0,0,3675

Main.js:462 308.808,202.946,126,126,-0.588,0.743,-0.029,0.04,71,0,0,1,0,0,0,0,116.717,323.924,-2.023,1.469,264.26,248.289,-1.721,1.813,0,0,0,0,212.776,383.448,297,-21,0.697,-0.569,0.023,-0.045,88,251.027,399.38,2.445,0.52,0,0,0,0,0,0,0,0,3692

Main.js:462 308.221,203.691,126,126,-0.586,0.745,-0.029,0.04,70,0,0,1,0,0,0,0,114.694,325.394,-2.023,1.469,262.539,250.102,-1.721,1.813,0,0,0,0,213.458,382.865,295.5,-24,0.682,-0.584,0.022,-0.045,87,253.472,399.9,2.445,0.52,0,0,0,0,0,0,0,0,3709

Main.js:462 307.636,204.437,126,126,-0.585,0.746,-0.029,0.04,69,0,0,1,0,0,0,0,112.671,326.863,-2.023,1.469,260.818,251.916,-1.721,1.813,0,0,0,0,214.126,382.267,294,-27,0.668,-0.598,0.02,-0.046,86,255.917,400.42,2.445,0.52,0,0,0,0,0,0,0,0,3726

Main.js:462 307.053,205.184,126,126,-0.584,0.747,-0.029,0.04,68,0,0,1,0,0,0,0,110.649,328.333,-2.023,1.469,259.097,253.729,-1.721,1.813,0,0,0,0,214.778,381.655,292.5,-30,0.652,-0.612,0.019,-0.046,85,258.363,400.939,2.445,0.52,0,0,0,0,0,0,0,0,3743

Main.js:462 306.47,205.932,126,126,-0.582,0.748,-0.029,0.04,67,0,0,1,0,1,0,0,108.626,329.802,-2.023,1.469,257.377,255.542,-1.721,1.813,0,0,0,0,215.415,381.029,291,-33,0.637,-0.626,0.018,-0.047,84,260.808,401.459,2.445,0.52,0,0,0,0,0,0,0,0,3757

Main.js:462 305.889,206.681,126,126,-0.581,0.749,-0.029,0.04,66,0,0,1,0,1,0,0,106.604,331.271,-2.023,1.469,255.656,257.356,-1.721,1.813,0,0,0,0,216.036,380.389,289.5,-36,0.621,-0.639,0.017,-0.047,83,263.253,401.979,2.445,0.52,0,0,0,0,0,0,0,0,3774

Main.js:462 305.309,207.431,126,126,-0.58,0.75,-0.029,0.04,65,0,0,1,0,1,0,0,104.581,332.741,-2.023,1.469,253.935,259.169,-1.721,1.813,0,0,0,0,216.64,379.737,288,-39,0.605,-0.652,0.015,-0.048,82,265.699,402.499,2.445,0.52,0,0,0,0,0,0,0,0,3792

Main.js:462 304.73,208.182,126,126,-0.579,0.751,-0.029,0.04,64,0,0,1,0,1,0,0,102.559,334.21,-2.023,1.469,252.214,260.983,-1.721,1.813,0,0,0,0,217.228,379.072,286.5,-42,0.588,-0.665,0.014,-0.048,81,268.144,403.018,2.445,0.52,0,0,0,0,0,0,0,0,3808

Main.js:462 304.152,208.934,126,126,-0.578,0.752,-0.029,0.04,63,0,0,1,0,1,0,0,100.536,335.68,-2.023,1.469,250.493,262.796,-1.721,1.813,0,0,0,0,217.799,378.394,285,-45,0.571,-0.678,0.013,-0.048,80,270.589,403.538,2.445,0.52,0,0,0,0,0,0,0,0,3824

Main.js:462 303.575,209.686,126,126,-0.577,0.753,-0.029,0.04,62,0,0,1,0,1,0,0,98.514,337.149,-2.023,1.469,248.772,264.61,-1.721,1.813,0,0,0,0,218.352,377.703,283.5,-48,0.553,-0.69,0.012,-0.049,79,273.035,404.058,2.445,0.52,0,0,0,0,0,0,0,0,3842

Main.js:462 302.999,210.44,126,126,-0.576,0.753,-0.029,0.04,61,0,0,1,0,0,0,0,96.491,338.619,-2.023,1.469,247.051,266.423,-1.721,1.813,0,0,0,0,218.887,377.001,282,-51,0.535,-0.702,0.01,-0.049,78,275.48,404.578,2.445,0.52,0,0,0,0,0,0,0,0,3859

Main.js:462 302.424,211.194,126,126,-0.575,0.754,-0.029,0.04,60,0,0,1,0,0,0,0,94.469,340.088,-2.023,1.469,245.33,268.236,-1.721,1.813,0,0,0,0,219.405,376.287,280.5,-54,0.517,-0.714,0.009,-0.049,77,277.926,405.098,2.445,0.52,0,0,0,0,0,0,0,0,3875

Main.js:462 301.849,211.949,126,126,-0.574,0.755,-0.029,0.04,59,0,0,1,0,0,0,0,92.446,341.558,-2.023,1.469,243.609,270.05,-1.721,1.813,0,0,0,0,219.904,375.562,279,-57,0.499,-0.725,0.008,-0.049,76,280.371,405.617,2.445,0.52,0,0,0,0,0,0,0,0,3892

Main.js:462 301.276,212.705,126,126,-0.574,0.756,-0.029,0.04,58,0,0,1,0,0,0,0,90.423,343.027,-2.023,1.469,241.889,271.863,-1.721,1.813,0,0,0,0,220.384,374.826,277.5,-60,0.48,-0.736,0.007,-0.05,75,282.816,406.137,2.445,0.52,0,0,0,0,0,0,0,0,3909

Main.js:462 300.703,213.461,126,126,-0.573,0.756,-0.029,0.04,57,0,0,1,0,0,0,0,88.401,344.497,-2.023,1.469,240.168,273.677,-1.721,1.813,0,0,0,0,220.845,374.08,276,-63,0.461,-0.746,0.005,-0.05,74,285.262,406.657,2.445,0.52,0,0,0,0,0,0,0,0,3924

Main.js:462 300.131,214.218,126,126,-0.572,0.757,-0.029,0.04,56,0,0,1,0,0,0,0,86.378,345.966,-2.023,1.469,238.447,275.49,-1.721,1.813,0,0,0,0,221.287,373.324,274.5,-66,0.442,-0.756,0.004,-0.05,73,287.707,407.177,2.445,0.52,0,0,0,0,0,0,0,0,3941

Main.js:462 299.56,214.975,126,126,-0.571,0.757,-0.029,0.04,55,0,0,1,0,1,0,0,84.356,347.436,-2.023,1.469,236.726,277.304,-1.721,1.813,0,0,0,0,221.709,372.558,273,-69,0.422,-0.766,0.003,-0.05,72,290.152,407.696,2.445,0.52,0,0,0,0,0,0,0,0,3959

Main.js:462 298.989,215.734,126,126,-0.571,0.758,-0.029,0.04,54,0,0,1,0,1,0,0,82.333,348.905,-2.023,1.469,235.005,279.117,-1.721,1.813,0,0,0,0,222.111,371.782,271.5,-72,0.402,-0.775,0.001,-0.05,71,292.598,408.216,2.445,0.52,0,0,0,0,0,0,0,0,3975

Main.js:462 298.419,216.492,126,126,-0.57,0.759,-0.029,0.04,53,0,0,1,0,1,0,0,80.311,350.375,-2.023,1.469,233.284,280.931,-1.721,1.813,0,0,0,0,222.493,370.998,270,-75,0.382,-0.784,0,-0.05,70,295.043,408.736,2.445,0.52,0,0,0,0,0,0,0,0,3991

Main.js:462 297.849,217.251,126,126,-0.57,0.759,-0.029,0.04,52,0,0,1,0,1,0,0,78.288,351.844,-2.023,1.469,231.563,282.744,-1.721,1.813,0,0,0,0,222.855,370.206,268.5,-78,0.362,-0.792,-0.001,-0.05,69,297.489,409.256,2.445,0.52,0,0,0,0,0,0,0,0,4007

Main.js:462 297.28,218.011,126,126,-0.569,0.76,-0.029,0.04,51,0,0,1,0,1,0,0,76.266,353.313,-2.023,1.469,229.842,284.557,-1.721,1.813,0,0,0,0,223.199,369.406,270,-78,0.344,-0.8,0,-0.05,68,299.934,409.776,2.445,0.52,0,0,0,0,0,0,0,0,4025

Main.js:462 296.712,218.771,126,126,-0.568,0.76,-0.029,0.04,50,0,0,1,0,1,0,0,74.243,354.783,-2.023,1.469,228.121,286.371,-1.721,1.813,0,0,0,0,223.527,368.599,271.5,-78,0.328,-0.808,0.001,-0.05,67,302.379,410.295,2.445,0.52,0,0,0,0,0,0,0,0,4043

Main.js:462 296.144,219.531,126,126,-0.568,0.76,-0.029,0.04,49,0,0,1,0,0,0,0,72.221,356.252,-2.023,1.469,226.401,288.184,-1.721,1.813,0,0,0,0,223.841,367.784,273,-78,0.314,-0.815,0.003,-0.05,66,304.825,410.815,2.445,0.52,0,0,0,0,0,0,0,0,4059

Main.js:462 295.576,220.292,126,126,-0.567,0.761,-0.029,0.04,48,0,0,1,0,0,0,0,70.198,357.722,-2.023,1.469,224.68,289.998,-1.721,1.813,0,0,0,0,224.143,366.963,274.5,-78,0.302,-0.821,0.004,-0.05,65,307.27,411.335,2.445,0.52,0,0,0,0,0,0,0,0,4074

Main.js:462 295.009,221.053,126,126,-0.567,0.761,-0.029,0.04,47,0,0,1,0,0,0,0,68.175,359.191,-2.023,1.469,222.959,291.811,-1.721,1.813,0,0,0,0,224.434,366.135,276,-78,0.292,-0.827,0.005,-0.05,64,309.715,411.855,2.445,0.52,0,0,0,0,0,0,0,0,4092

Main.js:462 294.444,221.815,124.5,124.5,-0.566,0.762,-0.028,0.041,46,1,0,1,0,0,0,0,66.153,360.661,-2.023,1.469,221.238,293.625,-1.721,1.813,0,0,0,0,224.718,365.302,277.5,-78,0.283,-0.833,0.007,-0.05,63,312.161,412.374,2.445,0.52,0,0,0,0,0,0,0,0,4110

Main.js:462 293.881,222.579,123,123,-0.563,0.764,-0.027,0.042,45,1,0,1,0,0,0,0,64.13,362.13,-2.023,1.469,219.517,295.438,-1.721,1.813,0,0,0,0,224.994,364.464,279,-78,0.277,-0.838,0.008,-0.049,62,314.606,412.894,2.445,0.52,0,0,0,0,0,0,0,0,4125

Main.js:462 293.346,223.305,121.5,121.5,-0.535,0.726,0,0,44,1,0,0,0,0,0,0,62.108,363.6,-2.023,1.469,217.796,297.251,-1.721,1.813,0,0,0,0,225.266,363.62,280.5,-78,0.271,-0.843,0.009,-0.049,61,317.051,413.414,2.445,0.52,0,0,0,0,0,0,0,0,4141

Main.js:462 292.837,223.995,120,120,-0.508,0.69,0,0,43,1,0,0,0,1,0,0,60.085,365.069,-2.023,1.469,216.075,299.065,-1.721,1.813,0,0,0,0,225.534,362.773,282,-78,0.268,-0.847,0.01,-0.049,60,319.497,413.934,2.445,0.52,0,0,0,0,0,0,0,0,4159

Main.js:462 292.354,224.65,120,120,-0.483,0.655,0,0,42,0,0,0,0,1,0,0,58.063,366.539,-2.023,1.469,214.354,300.878,-1.721,1.813,0,0,0,0,225.799,361.922,283.5,-78,0.265,-0.851,0.012,-0.049,59,321.942,414.454,2.445,0.52,0,0,0,0,0,0,0,0,4175

Main.js:462 291.896,225.272,120,120,-0.459,0.622,0,0,41,0,0,0,0,1,0,0,56.04,368.008,-2.023,1.469,212.633,302.692,-1.721,1.813,0,0,0,0,226.064,361.067,285,-78,0.265,-0.855,0.013,-0.048,58,324.388,414.973,2.445,0.52,0,0,0,0,0,0,0,0,4192

Main.js:462 291.46,225.863,120,120,-0.436,0.591,0,0,40,0,0,0,0,1,0,0,54.018,369.478,-2.023,1.469,210.913,304.505,-1.721,1.813,0,0,0,0,226.329,360.21,286.5,-78,0.265,-0.857,0.014,-0.048,57,326.833,415.493,2.445,0.52,0,0,0,0,0,0,0,0,4209

Main.js:462 291.046,226.425,120,120,-0.414,0.562,0,0,39,0,0,0,0,1,0,0,51.995,370.947,-2.023,1.469,209.192,306.319,-1.721,1.813,0,0,0,0,226.595,359.35,288,-78,0.266,-0.86,0.015,-0.048,56,329.278,416.013,2.445,0.52,0,0,0,0,0,0,0,0,4224

Main.js:462 290.653,226.959,120,120,-0.393,0.534,0,0,38,0,0,0,0,1,0,0,49.973,372.416,-2.023,1.469,207.471,308.132,-1.721,1.813,0,0,0,0,226.864,358.488,289.5,-78,0.269,-0.862,0.017,-0.047,55,331.724,416.533,2.445,0.52,0,0,0,0,0,0,0,0,4242

Main.js:462 290.279,227.465,120,120,-0.374,0.507,0,0,37,0,0,0,0,0,0,0,47.95,373.886,-2.023,1.469,205.75,309.946,-1.721,1.813,0,0,0,0,227.136,357.626,291,-78,0.272,-0.863,0.018,-0.047,54,334.169,417.052,2.445,0.52,0,0,0,0,0,0,0,0,4258

Main.js:462 289.924,227.947,120,120,-0.355,0.482,0,0,36,0,0,0,0,0,0,0,45.928,375.355,-2.023,1.469,204.029,311.759,-1.721,1.813,0,0,0,0,227.413,356.762,292.5,-78,0.277,-0.864,0.019,-0.046,53,336.614,417.572,2.445,0.52,0,0,0,0,0,0,0,0,4307

Main.js:462 289.587,228.404,120,120,-0.337,0.457,0,0,35,0,0,0,0,1,0,0,43.905,376.825,-2.023,1.469,202.308,313.572,-1.721,1.813,0,0,0,0,227.695,355.898,294,-78,0.282,-0.864,0.02,-0.046,52,339.06,418.092,2.445,0.52,0,0,0,0,0,0,0,0,4340

Main.js:462 289.267,228.839,120,120,-0.32,0.435,0,0,34,0,0,0,0,1,0,0,41.882,378.294,-2.023,1.469,200.587,315.386,-1.721,1.813,0,0,0,0,227.984,355.035,295.5,-78,0.289,-0.863,0.022,-0.045,51,341.505,418.612,2.445,0.52,0,0,0,0,0,0,0,0,4359

Main.js:462 288.962,229.252,120,120,-0.304,0.413,0,0,33,0,0,0,0,1,0,0,39.86,379.764,-2.023,1.469,198.866,317.199,-1.721,1.813,0,0,0,0,228.28,354.172,297,-78,0.296,-0.863,0.023,-0.045,50,343.951,419.132,2.445,0.52,0,0,0,0,0,0,0,0,4374

Main.js:462 288.673,229.644,120,120,-0.289,0.392,0,0,32,0,0,0,0,1,0,0,37.837,381.233,-2.023,1.469,197.145,319.013,-1.721,1.813,0,0,0,0,228.583,353.311,298.5,-78,0.304,-0.861,0.024,-0.044,49,346.396,419.651,2.445,0.52,0,0,0,0,0,0,0,0,4390

Main.js:462 288.399,230.017,120,120,-0.275,0.373,0,0,31,0,0,0,0,1,0,0,35.815,382.703,-2.023,1.469,195.425,320.826,-1.721,1.813,0,0,0,0,228.896,352.452,300,-78,0.312,-0.859,0.025,-0.043,48,348.841,420.171,2.445,0.52,0,0,0,0,0,0,0,0,4409

Main.js:462 288.138,230.371,120,120,-0.261,0.354,0,0,30,0,0,0,0,0,0,0,33.792,384.172,-2.023,1.469,193.704,322.64,-1.721,1.813,0,0,0,0,229.217,351.595,301.5,-78,0.321,-0.857,0.026,-0.043,47,351.287,420.691,2.445,0.52,0,0,0,0,0,0,0,0,4425

Main.js:462 287.89,230.707,120,120,-0.248,0.336,0,0,29,0,0,0,0,0,0,0,31.77,385.642,-2.023,1.469,191.983,324.453,-1.721,1.813,0,0,0,0,229.548,350.741,303,-78,0.331,-0.854,0.027,-0.042,46,353.732,421.211,2.445,0.52,0,0,0,0,0,0,0,0,4442

Main.js:462 287.654,231.026,120,120,-0.235,0.319,0,0,28,0,0,0,0,0,0,0,29.747,387.111,-2.023,1.469,190.262,326.266,-1.721,1.813,0,0,0,0,229.89,349.891,304.5,-78,0.342,-0.85,0.028,-0.041,45,356.177,421.73,2.445,0.52,0,0,0,0,0,0,0,0,4459

Main.js:462 287.431,231.33,120,120,-0.224,0.303,0,0,27,0,0,0,0,0,0,0,27.725,388.581,-2.023,1.469,188.541,328.08,-1.721,1.813,0,0,0,0,230.243,349.045,306,-78,0.352,-0.846,0.029,-0.04,44,358.623,422.25,2.445,0.52,0,0,0,0,0,0,0,0,4474

Main.js:462 287.218,231.618,120,120,-0.213,0.288,0,0,26,0,0,0,0,0,0,0,25.702,390.05,-2.023,1.469,186.82,329.893,-1.721,1.813,0,0,0,0,230.606,348.203,307.5,-78,0.364,-0.842,0.03,-0.04,43,361.068,422.77,2.445,0.52,0,0,0,0,0,0,0,0,4492

Main.js:462 287.016,231.892,120,120,-0.202,0.274,0,0,25,0,0,0,0,1,0,0,23.68,391.519,-2.023,1.469,185.099,331.707,-1.721,1.813,0,0,0,0,230.982,347.367,309,-78,0.375,-0.836,0.031,-0.039,42,363.513,423.29,2.445,0.52,0,0,0,0,0,0,0,0,4510

Main.js:462 286.825,232.152,120,120,-0.192,0.26,0,0,24,0,0,0,0,1,0,0,21.657,392.989,-2.023,1.469,183.378,333.52,-1.721,1.813,0,0,0,0,231.368,346.535,309,-79.5,0.387,-0.831,0.031,-0.039,41,365.959,423.81,2.445,0.52,0,0,0,0,0,0,0,0,4524

Main.js:462 286.642,232.399,120,120,-0.182,0.247,0,0,23,0,0,0,0,1,0,0,19.634,394.458,-2.023,1.469,181.658,335.334,-1.721,1.813,0,0,0,0,231.765,345.708,309,-81,0.397,-0.827,0.031,-0.039,40,368.404,424.329,2.445,0.52,0,0,0,0,0,0,0,0,4541

Main.js:462 286.469,232.634,120,120,-0.173,0.235,0,0,22,0,0,0,0,1,0,0,17.612,395.928,-2.023,1.469,179.937,337.147,-1.721,1.813,0,0,0,0,232.173,344.886,309,-82.5,0.407,-0.822,0.031,-0.039,39,370.85,424.849,2.445,0.52,0,0,0,0,0,0,0,0,4558

Main.js:462 286.305,232.857,120,120,-0.164,0.223,0,0,21,0,0,0,0,1,0,0,15.589,397.397,-2.023,1.469,178.216,338.96,-1.721,1.813,0,0,0,0,232.589,344.068,309,-84,0.417,-0.818,0.031,-0.039,38,373.295,425.369,2.445,0.52,0,0,0,0,0,0,0,0,4574

Main.js:462 286.149,233.069,120,120,-0.156,0.212,0,0,20,0,0,0,0,0,0,0,13.567,398.867,-2.023,1.469,176.495,340.774,-1.721,1.813,0,0,0,0,233.015,343.254,309,-85.5,0.426,-0.814,0.031,-0.039,37,375.74,425.889,2.445,0.52,0,0,0,0,0,0,0,0,4593

Main.js:462 286,233.271,120,120,-0.148,0.201,0,0,19,0,0,0,0,0,0,0,11.544,400.336,-2.023,1.469,174.774,342.587,-1.721,1.813,0,0,0,0,233.449,342.443,309,-87,0.434,-0.81,0.031,-0.039,36,378.186,426.408,2.445,0.52,0,0,0,0,0,0,0,0,4608

Main.js:462 285.859,233.462,120,120,-0.141,0.191,0,0,18,0,0,0,0,0,0,0,9.522,401.806,-2.023,1.469,173.053,344.401,-1.721,1.813,0,0,0,0,233.892,341.636,309,-88.5,0.443,-0.807,0.031,-0.039,35,380.631,426.928,2.445,0.52,0,0,0,0,0,0,0,0,4625

Main.js:462 285.725,233.644,120,120,-0.134,0.182,0,0,17,0,0,0,0,0,0,0,7.499,403.275,-2.023,1.469,171.332,346.214,-1.721,1.813,0,0,0,0,234.342,340.833,309,-90,0.45,-0.803,0.031,-0.039,34,383.076,427.448,2.445,0.52,0,0,0,0,0,0,0,0,4642

Main.js:462 285.598,233.816,120,120,-0.127,0.173,0,0,16,0,0,0,0,0,0,0,5.477,404.745,-2.023,1.469,169.611,348.028,-1.721,1.813,0,0,0,0,234.8,340.033,309,-91.5,0.458,-0.8,0.031,-0.039,33,385.522,427.968,2.445,0.52,0,0,0,0,0,0,0,0,4659

Main.js:462 285.477,233.98,120,120,-0.121,0.164,0,0,15,0,0,0,0,1,0,0,3.454,406.214,-2.023,1.469,167.89,349.841,-1.721,1.813,0,0,0,0,235.265,339.236,309,-93,0.465,-0.797,0.031,-0.039,32,387.967,428.488,2.445,0.52,0,0,0,0,0,0,0,0,4674

Main.js:462 285.362,234.136,120,120,-0.115,0.156,0,0,14,0,0,0,0,1,0,0,1.432,407.684,-2.023,1.469,166.17,351.655,-1.721,1.813,0,0,0,0,235.736,338.442,309,-94.5,0.471,-0.794,0.031,-0.039,31,390.413,429.007,2.445,0.52,0,0,0,0,0,0,0,0,4692

Main.js:462 285.253,234.284,120,120,-0.109,0.148,0,0,13,0,0,0,0,1,0,0,166.17,351.655,-1.721,1.813,0,0,0,0,0,0,0,0,236.214,337.65,309,-96,0.478,-0.791,0.031,-0.039,30,392.858,429.527,2.445,0.52,0,0,0,0,0,0,0,0,4708

Main.js:462 285.15,234.425,120,120,-0.104,0.141,0,0,12,0,0,0,0,1,0,0,164.449,353.468,-1.721,1.813,0,0,0,0,0,0,0,0,236.697,336.862,309,-97.5,0.484,-0.789,0.031,-0.039,29,395.303,430.047,2.445,0.52,0,0,0,0,0,0,0,0,4726

Main.js:462 285.051,234.558,120,120,-0.098,0.134,0,0,11,0,0,0,0,1,0,0,162.728,355.281,-1.721,1.813,0,0,0,0,0,0,0,0,237.187,336.076,309,-99,0.489,-0.786,0.031,-0.039,28,397.749,430.567,2.445,0.52,0,0,0,0,0,0,0,0,4742

Main.js:462 284.958,234.685,120,120,-0.094,0.127,0,0,10,0,0,0,0,1,0,0,161.007,357.095,-1.721,1.813,0,0,0,0,0,0,0,0,237.682,335.292,309,-100.5,0.495,-0.784,0.031,-0.039,27,400.194,431.086,2.445,0.52,0,0,0,0,0,0,0,0,4757

Main.js:462 284.869,234.806,120,120,-0.089,0.121,0,0,9,0,0,0,0,0,0,0,159.286,358.908,-1.721,1.813,0,0,0,0,0,0,0,0,238.182,334.51,309,-102,0.5,-0.781,0.031,-0.039,26,402.639,431.606,2.445,0.52,0,0,0,0,0,0,0,0,4776

Main.js:462 284.784,234.92,120,120,-0.084,0.115,0,0,8,0,0,0,0,0,0,0,157.565,360.722,-1.721,1.813,0,0,0,0,0,0,0,0,238.686,333.731,309,-103.5,0.505,-0.779,0.031,-0.039,25,405.085,432.126,2.445,0.52,0,0,0,0,0,0,0,0,4791

Main.js:462 284.704,235.029,120,120,-0.08,0.109,0,0,7,0,0,0,0,0,0,0,155.844,362.535,-1.721,1.813,0,0,0,0,0,0,0,0,239.196,332.954,309,-105,0.51,-0.777,0.031,-0.039,24,407.53,432.646,2.445,0.52,0,0,0,0,0,0,0,0,4807

Main.js:462 284.628,235.132,120,120,-0.076,0.103,0,0,6,0,0,0,0,0,0,0,154.123,364.349,-1.721,1.813,0,0,0,0,0,0,0,0,239.71,332.179,309,-106.5,0.514,-0.775,0.031,-0.039,23,409.975,433.166,2.445,0.52,0,0,0,0,0,0,0,0,4825

Main.js:462 284.556,235.23,120,120,-0.072,0.098,0,0,5,0,0,0,0,0,0,0,152.402,366.162,-1.721,1.813,0,0,0,0,0,0,0,0,240.228,331.405,309,-108,0.518,-0.773,0.031,-0.039,22,412.421,433.685,2.445,0.52,0,0,0,0,0,0,0,0,4842

Main.js:462 284.487,235.324,120,120,-0.069,0.093,0,0,4,0,0,0,0,1,0,0,150.682,367.975,-1.721,1.813,0,0,0,0,0,0,0,0,240.75,330.633,309,-109.5,0.522,-0.772,0.031,-0.039,21,414.866,434.205,2.445,0.52,0,0,0,0,0,0,0,0,4858

Main.js:462 284.422,235.412,120,120,-0.065,0.089,0,0,3,0,0,0,0,1,0,0,148.961,369.789,-1.721,1.813,0,0,0,0,0,0,0,0,241.276,329.863,309,-111,0.526,-0.77,0.031,-0.039,20,417.312,434.725,2.445,0.52,0,0,0,0,0,0,0,0,4875

Main.js:462 284.36,235.496,120,120,-0.062,0.084,0,0,2,0,0,0,0,1,0,0,147.24,371.602,-1.721,1.813,0,0,0,0,0,0,0,0,241.806,329.095,309,-112.5,0.529,-0.768,0.031,-0.039,19,419.757,435.245,2.445,0.52,0,0,0,0,0,0,0,0,4892

Main.js:462 284.301,235.576,120,120,-0.059,0.08,0,0,1,0,0,0,0,1,0,0,145.519,373.416,-1.721,1.813,0,0,0,0,0,0,0,0,242.338,328.328,309,-114,0.533,-0.767,0.031,-0.039,18,422.202,435.764,2.445,0.52,0,0,0,0,0,0,0,0,4909

Main.js:462 284.245,235.652,120,120,-0.056,0.076,0,0,0,0,0,0,0,1,0,0,143.798,375.229,-1.721,1.813,0,0,0,0,0,0,0,0,242.875,327.562,309,-115.5,0.536,-0.766,0.031,-0.039,17,424.648,436.284,2.445,0.52,0,0,0,0,0,0,0,0,4925

Main.js:462 284.191,235.725,120,120,-0.053,0.072,0,0,0,0,0,0,0,0,0,0,142.077,377.043,-1.721,1.813,0,0,0,0,0,0,0,0,243.414,326.798,309,-117,0.539,-0.764,0.031,-0.039,16,427.093,436.804,2.445,0.52,0,0,0,0,0,0,0,0,4942

Main.js:462 284.141,235.793,120,120,-0.051,0.069,0,0,0,0,0,0,0,0,0,0,140.356,378.856,-1.721,1.813,0,0,0,0,0,0,0,0,243.956,326.035,309,-118.5,0.542,-0.763,0.031,-0.039,15,429.538,437.324,2.445,0.52,0,0,0,0,0,0,0,0,4958

Main.js:462 284.093,235.858,120,120,-0.048,0.065,0,0,0,0,0,0,0,0,0,0,138.635,380.67,-1.721,1.813,0,0,0,0,0,0,0,0,244.501,325.274,309,-120,0.545,-0.762,0.031,-0.039,14,431.984,437.844,2.445,0.52,0,0,0,0,0,0,0,0,4975

Main.js:462 284.047,235.92,120,120,-0.046,0.062,0,0,0,0,0,0,0,0,0,0,136.914,382.483,-1.721,1.813,0,0,0,0,0,0,0,0,245.049,324.513,309,-121.5,0.548,-0.76,0.031,-0.039,13,434.429,438.363,2.445,0.52,0,0,0,0,0,0,0,0,4992

Main.js:462 284.004,235.979,120,120,-0.043,0.059,0,0,0,0,0,0,0,0,0,0,135.194,384.296,-1.721,1.813,0,0,0,0,0,0,0,0,245.599,323.754,309,-123,0.55,-0.759,0.031,-0.039,12,436.875,438.883,2.445,0.52,0,0,0,0,0,0,0,0,5009

Main.js:462 283.963,236.035,120,120,-0.041,0.056,0,0,99,0,0,0,0,1,0,0,133.473,386.11,-1.721,1.813,0,0,0,0,0,0,0,0,246.15,322.995,307.5,-126,0.552,-0.759,0.03,-0.04,11,439.32,439.403,2.445,0.52,0,0,0,0,0,0,0,0,5025

Main.js:462 283.924,236.088,120,120,-0.039,0.053,0,0,98,0,0,0,0,1,0,0,131.752,387.923,-1.721,1.813,272.254,256.331,-1.25,2.165,0,0,0,0,246.702,322.235,306,-129,0.552,-0.76,0.029,-0.04,10,441.765,439.923,2.445,0.52,0,0,0,0,0,0,0,0,5041

Main.js:462 283.886,236.138,120,120,-0.037,0.05,0,0,97,0,0,0,0,1,0,0,130.031,389.737,-1.721,1.813,271.004,258.496,-1.25,2.165,0,0,0,0,247.253,321.475,304.5,-132,0.551,-0.761,0.028,-0.041,9,444.211,440.443,2.445,0.52,0,0,0,0,0,0,0,0,5059

Main.js:462 283.851,236.186,120,120,-0.035,0.048,0,0,96,0,0,0,0,1,0,0,128.31,391.55,-1.721,1.813,269.754,260.661,-1.25,2.165,0,0,0,0,247.803,320.712,303,-135,0.549,-0.763,0.027,-0.042,8,446.656,440.962,2.445,0.52,0,0,0,0,0,0,0,0,5074

Main.js:462 283.818,236.232,120,120,-0.034,0.045,0,0,95,0,0,0,0,1,0,0,126.589,393.364,-1.721,1.813,268.504,262.826,-1.25,2.165,0,0,0,0,248.35,319.947,301.5,-138,0.547,-0.765,0.026,-0.043,7,449.101,441.482,2.445,0.52,0,0,0,0,0,0,0,0,5091

Main.js:462 283.786,236.275,120,120,-0.032,0.043,0,0,94,0,0,0,0,0,0,0,124.868,395.177,-1.721,1.813,267.254,264.991,-1.25,2.165,0,0,0,0,248.893,319.18,300,-141,0.543,-0.768,0.025,-0.043,6,451.547,442.002,2.445,0.52,0,0,0,0,0,0,0,0,5109

Main.js:462 283.756,236.316,120,120,-0.03,0.041,0,0,93,0,0,0,0,0,0,0,123.147,396.99,-1.721,1.813,266.004,267.156,-1.25,2.165,0,0,0,0,249.432,318.408,298.5,-144,0.539,-0.771,0.024,-0.044,5,453.992,442.522,2.445,0.52,0,0,0,0,0,0,0,0,5125

Main.js:462 283.727,236.355,120,120,-0.029,0.039,0,0,92,0,0,0,0,0,0,0,121.426,398.804,-1.721,1.813,264.754,269.321,-1.25,2.165,0,0,0,0,249.965,317.634,297,-147,0.533,-0.775,0.023,-0.045,4,456.438,443.041,2.445,0.52,0,0,0,0,0,0,0,0,5143

Main.js:462 283.699,236.392,120,120,-0.027,0.037,0,0,91,0,0,0,0,0,0,0,119.706,400.617,-1.721,1.813,263.504,271.486,-1.25,2.165,0,0,0,0,250.492,316.855,295.5,-150,0.527,-0.779,0.022,-0.045,3,458.883,443.561,2.445,0.52,0,0,0,0,0,0,0,0,5159

Main.js:462 283.674,236.427,120,120,-0.026,0.035,0,0,90,0,0,0,0,1,0,0,117.985,402.431,-1.721,1.813,262.254,273.651,-1.25,2.165,0,0,0,0,251.012,316.071,294,-153,0.52,-0.783,0.02,-0.046,2,461.328,444.081,2.445,0.52,0,0,0,0,0,0,0,0,5175

Main.js:462 283.649,236.461,120,120,-0.025,0.033,0,0,89,0,0,0,0,1,0,0,116.264,404.244,-1.721,1.813,261.004,275.816,-1.25,2.165,0,0,0,0,251.525,315.283,292.5,-156,0.512,-0.788,0.019,-0.046,1,463.774,444.601,2.445,0.52,0,0,0,0,0,0,0,0,5192

Main.js:462 283.625,236.492,120,120,-0.023,0.032,0,0,88,0,0,0,0,1,0,0,114.543,406.058,-1.721,1.813,259.754,277.981,-1.25,2.165,0,0,0,0,252.028,314.49,291,-159,0.504,-0.793,0.018,-0.047,0,466.219,445.121,2.445,0.52,0,0,0,0,0,0,0,0,5208

Main.js:462 283.603,236.523,120,120,-0.022,0.03,0,0,87,0,0,0,0,1,0,0,112.822,407.871,-1.721,1.813,258.504,280.146,-1.25,2.165,0,0,0,0,252.523,313.692,289.5,-162,0.494,-0.798,0.017,-0.047,99,468.664,445.64,2.445,0.52,0,0,0,0,0,0,0,0,5252

Main.js:462 283.582,236.551,120,120,-0.021,0.029,0,0,86,0,0,0,0,1,0,0,111.101,409.684,-1.721,1.813,257.254,282.311,-1.25,2.165,0,0,0,0,253.007,312.888,288,-165,0.484,-0.803,0.015,-0.048,98,471.11,446.16,2.445,0.52,229.678,307.228,-2.378,-0.773,0,0,0,0,5258

Main.js:462 283.562,236.578,120,120,-0.02,0.027,0,0,85,0,0,0,0,0,0,0,109.38,411.498,-1.721,1.813,256.004,284.476,-1.25,2.165,0,0,0,0,253.481,312.079,286.5,-168,0.474,-0.809,0.014,-0.048,97,473.555,446.68,2.445,0.52,227.301,306.455,-2.378,-0.773,0,0,0,0,5274

Main.js:462 283.543,236.604,120,120,-0.019,0.026,0,0,84,0,0,0,0,0,0,0,107.659,413.311,-1.721,1.813,254.754,286.641,-1.25,2.165,0,0,0,0,253.943,311.265,285,-171,0.462,-0.814,0.013,-0.048,96,476,447.2,2.445,0.52,224.923,305.683,-2.378,-0.773,0,0,0,0,5292

Main.js:462 283.525,236.629,120,120,-0.018,0.025,0,0,83,0,0,0,0,0,0,0,105.939,415.125,-1.721,1.813,253.504,288.807,-1.25,2.165,0,0,0,0,254.393,310.445,283.5,-174,0.45,-0.82,0.012,-0.049,95,478.446,447.719,2.445,0.52,222.546,304.91,-2.378,-0.773,0,0,0,0,5308

Main.js:462 283.508,236.652,120,120,-0.017,0.023,0,0,82,0,0,0,0,0,0,0,104.218,416.938,-1.721,1.813,252.254,290.972,-1.25,2.165,0,0,0,0,254.831,309.62,282,-177,0.438,-0.825,0.01,-0.049,94,480.891,448.239,2.445,0.52,220.168,304.138,-2.378,-0.773,0,0,0,0,5325

Main.js:462 283.491,236.674,120,120,-0.016,0.022,0,0,81,0,0,0,0,0,0,0,102.497,418.752,-1.721,1.813,251.004,293.137,-1.25,2.165,0,0,0,0,255.255,308.789,280.5,-180,0.424,-0.831,0.009,-0.049,93,483.337,448.759,2.445,0.52,217.79,303.365,-2.378,-0.773,0,0,0,0,5341

Main.js:462 283.476,236.696,120,120,-0.016,0.021,0,0,80,0,0,0,0,0,0,0,102.497,418.752,-1.721,1.813,251.004,293.137,-1.25,2.165,0,0,0,0,255.665,307.953,279,-183,0.411,-0.836,0.008,-0.049,92,485.782,449.279,2.445,0.52,215.413,302.593,-2.378,-0.773,0,0,0,0,5358

