Main.js:143 myTank.x,myTank.y,myTank.rotation,myTank.cannonRotation,myTank.velocityX,myTank.velocityY,myTank.accelerationX,myTank.accelerationY,myTank.shootCooldown,myTank.controls.turnLeft,myTank.controls.turnRight,myTank.controls.goForward,myTank.controls.goBack,myTank.controls.shoot,myTank.controls.cannonLeft,myTank.controls.cannonRight,myBullet1.x,myBullet1.y,myBullet1.velocityX,myBullet1.velocityY,myBullet2.x,myBullet2.y,myBullet2.velocityX,myBullet2.velocityY,myBullet3.x,myBullet3.y,myBullet3.velocityX,myBullet3.velocityY,enemyTank.x,enemyTank.y,enemyTank.rotation,enemyTank.cannonRotation,enemyTank.velocityX,enemyTank.velocityY,enemyTank.accelerationX,enemyTank.accelerationY,enemyTank.shootCooldown,enemyBullet1.x,enemyBullet1.y,enemyBullet1.velocityX,enemyBullet1.velocityY,enemyBullet2.x,enemyBullet2.y,enemyBullet2.velocityX,enemyBullet2.velocityY,enemyBullet3.x,enemyBullet3.y,enemyBullet3.velocityX,enemyBullet3.velocityY,currentGameTime
Main.js:462 450,349,180,180,0,0,0,0,0,0,0,0,0,0,0,0,0,0,0,0,0,0,0,0,0,0,0,0,50,151,0,0,0,0,0,0,0,0,0,0,0,0,0,0,0,0,0,0,0,10

Main.js:462 450,349,180,180,0,0,0,0,0,0,0,0,0,0,0,0,0,0,0,0,0,0,0,0,0,0,0,0,50,151,0,0,0,0,0,0,0,0,0,0,0,0,0,0,0,0,0,0,0,24

Main.js:462 450,349,180,180,0,0,0,0,0,0,0,0,0,0,0,0,0,0,0,0,0,0,0,0,0,0,0,0,50.047,151.001,1.5,0,0.047,0.001,0.05,0.001,99,0,0,0,0,0,0,0,0,0,0,0,0,40

Main.js:462 450,349,180,180,0,0,0,0,0,0,0,0,0,0,0,0,0,0,0,0,0,0,0,0,0,0,0,0,50.14,151.005,3,0,0.093,0.004,0.05,0.003,98,73.5,151,2.5,0,0,0,0,0,0,0,0,0,58

Main.js:462 450,349,180,180,0,0,0,0,0,0,0,0,0,0,0,0,0,0,0,0,0,0,0,0,0,0,0,0,50.275,151.012,4.5,0,0.135,0.007,0.05,0.004,97,76,151,2.5,0,0,0,0,0,0,0,0,0,75

Main.js:462 450,349,180,180,0,0,0,0,0,0,0,0,0,0,0,0,0,0,0,0,0,0,0,0,0,0,0,0,50.451,151.024,6,0,0.176,0.012,0.05,0.005,96,78.5,151,2.5,0,0,0,0,0,0,0,0,0,90

Main.js:462 450,349,180,180,0,0,0,0,0,0,0,0,0,0,0,0,0,0,0,0,0,0,0,0,0,0,0,0,50.665,151.041,7.5,0,0.214,0.017,0.05,0.007,95,81,151,2.5,0,0,0,0,0,0,0,0,0,108

Main.js:462 450,349,180,180,0,0,0,0,0,0,0,0,0,0,0,0,0,0,0,0,0,0,0,0,0,0,0,0,50.915,151.065,9,0,0.25,0.024,0.049,0.008,94,83.5,151,2.5,0,0,0,0,0,0,0,0,0,125

Main.js:462 450,349,180,180,0,0,0,0,0,0,0,0,0,0,0,0,0,0,0,0,0,0,0,0,0,0,0,0,51.2,151.097,10.5,0,0.284,0.031,0.049,0.009,93,86,151,2.5,0,0,0,0,0,0,0,0,0,142

Main.js:462 450,349,180,180,0,0,0,0,0,0,0,0,0,0,0,0,0,0,0,0,0,0,0,0,0,0,0,0,51.517,151.137,12,0,0.317,0.04,0.049,0.01,92,88.5,151,2.5,0,0,0,0,0,0,0,0,0,158

Main.js:462 450,349,180,180,0,0,0,0,0,0,0,0,0,0,0,0,0,0,0,0,0,0,0,0,0,0,0,0,51.864,151.185,13.5,0,0.347,0.049,0.049,0.012,91,91,151,2.5,0,0,0,0,0,0,0,0,0,175

Main.js:462 449.953,349,180,180,-0.047,0,-0.05,0,0,0,0,1,0,0,0,0,0,0,0,0,0,0,0,0,0,0,0,0,52.239,151.244,15,0,0.376,0.059,0.048,0.013,90,93.5,151,2.5,0,0,0,0,0,0,0,0,0,191

Main.js:462 449.86,349,180,180,-0.093,0,-0.05,0,0,0,0,1,0,0,0,0,0,0,0,0,0,0,0,0,0,0,0,0,52.641,151.313,16.5,0,0.402,0.069,0.048,0.014,89,96,151,2.5,0,0,0,0,0,0,0,0,0,208

Main.js:462 449.724,349,180,180,-0.135,0,-0.05,0,0,0,0,1,0,0,0,0,0,0,0,0,0,0,0,0,0,0,0,0,53.069,151.394,18,0,0.427,0.08,0.048,0.015,88,98.5,151,2.5,0,0,0,0,0,0,0,0,0,225

Main.js:462 449.548,349,180,180,-0.176,0,-0.05,0,0,0,0,1,0,0,0,0,0,0,0,0,0,0,0,0,0,0,0,0,53.52,151.486,19.5,0,0.451,0.092,0.047,0.017,87,101,151,2.5,0,0,0,0,0,0,0,0,0,241

Main.js:462 449.333,349,180,180,-0.215,0,-0.05,0,0,0,0,1,0,0,0,0,0,0,0,0,0,0,0,0,0,0,0,0,53.992,151.591,21,0,0.473,0.105,0.047,0.018,86,103.5,151,2.5,0,0,0,0,0,0,0,0,0,258

Main.js:462 449.082,349,180,180,-0.252,0,-0.05,0,0,0,0,1,0,0,0,0,0,0,0,0,0,0,0,0,0,0,0,0,54.485,151.708,22.5,0,0.493,0.118,0.046,0.019,85,106,151,2.5,0,0,0,0,0,0,0,0,0,275

Main.js:462 448.795,349,180,180,-0.287,0,-0.05,0,0,0,0,1,0,0,0,0,0,0,0,0,0,0,0,0,0,0,0,0,54.997,151.84,24,0,0.512,0.131,0.046,0.02,84,108.5,151,2.5,0,0,0,0,0,0,0,0,0,292

Main.js:462 448.475,349,180,180,-0.32,0,-0.05,0,0,0,0,1,0,0,0,0,0,0,0,0,0,0,0,0,0,0,0,0,55.526,151.985,25.5,0,0.529,0.145,0.045,0.022,83,111,151,2.5,0,0,0,0,0,0,0,0,0,307

Main.js:462 448.124,349,180,180,-0.351,0,-0.05,0,0,0,0,1,0,0,0,0,0,0,0,0,0,0,0,0,0,0,0,0,56.07,152.144,27,0,0.545,0.159,0.045,0.023,82,113.5,151,2.5,0,0,0,0,0,0,0,0,0,325

Main.js:462 447.743,349,180,180,-0.381,0,-0.05,0,0,0,0,1,0,0,0,0,0,0,0,0,0,0,0,0,0,0,0,0,56.63,152.318,28.5,0,0.559,0.174,0.044,0.024,81,116,151,2.5,0,0,0,0,0,0,0,0,0,341

Main.js:462 447.333,349,180,180,-0.41,0,-0.05,0,0,0,0,1,0,0,0,0,0,0,0,0,0,0,0,0,0,0,0,0,57.202,152.507,30,0,0.572,0.189,0.043,0.025,80,118.5,151,2.5,0,0,0,0,0,0,0,0,0,357

Main.js:462 446.897,349,180,180,-0.437,0,-0.05,0,0,0,0,1,0,0,0,0,0,0,0,0,0,0,0,0,0,0,0,0,57.787,152.711,31.5,0,0.584,0.204,0.043,0.026,79,121,151,2.5,0,0,0,0,0,0,0,0,0,373

Main.js:462 446.434,349,180,180,-0.462,0,-0.05,0,0,0,0,1,0,0,0,0,0,0,0,0,0,0,0,0,0,0,0,0,58.382,152.931,33,0,0.595,0.22,0.042,0.027,78,123.5,151,2.5,0,0,0,0,0,0,0,0,0,390

Main.js:462 445.947,349,180,180,-0.487,0,-0.05,0,0,0,0,1,0,0,0,0,0,0,0,0,0,0,0,0,0,0,0,0,58.986,153.167,34.5,0,0.604,0.236,0.041,0.028,77,126,151,2.5,0,0,0,0,0,0,0,0,0,407

Main.js:462 445.438,349,180,180,-0.51,0,-0.05,0,0,0,0,1,0,0,0,0,0,0,0,0,0,0,0,0,0,0,0,0,59.598,153.419,36,0,0.613,0.252,0.04,0.029,76,128.5,151,2.5,0,0,0,0,0,0,0,0,0,424

Main.js:462 444.906,349,180,180,-0.532,0,-0.05,0,0,0,0,1,0,0,0,0,0,0,0,0,0,0,0,0,0,0,0,0,60.218,153.688,37.5,0,0.62,0.268,0.04,0.03,75,131,151,2.5,0,0,0,0,0,0,0,0,0,440

Main.js:462 444.353,349,180,180,-0.553,0,-0.05,0,0,0,0,1,0,0,0,0,0,0,0,0,0,0,0,0,0,0,0,0,60.844,153.973,39,0,0.626,0.285,0.039,0.031,74,133.5,151,2.5,0,0,0,0,0,0,0,0,0,456

Main.js:462 443.78,349,180,180,-0.573,0,-0.05,0,0,0,0,1,0,0,0,0,0,0,0,0,0,0,0,0,0,0,0,0,61.474,154.274,40.5,0,0.63,0.301,0.038,0.032,73,136,151,2.5,0,0,0,0,0,0,0,0,0,474

Main.js:462 443.189,349,180,180,-0.592,0,-0.05,0,0,0,0,1,0,0,0,0,0,0,0,0,0,0,0,0,0,0,0,0,62.108,154.592,42,0,0.634,0.318,0.037,0.033,72,138.5,151,2.5,0,0,0,0,0,0,0,0,0,491

Main.js:462 442.579,349,180,180,-0.609,0,-0.05,0,0,0,0,1,0,0,0,0,0,0,0,0,0,0,0,0,0,0,0,0,62.745,154.927,43.5,0,0.637,0.335,0.036,0.034,71,141,151,2.5,0,0,0,0,0,0,0,0,0,507

Main.js:462 441.953,349,180,180,-0.626,0,-0.05,0,0,0,0,1,0,0,0,0,0,0,0,0,0,0,0,0,0,0,0,0,63.385,155.278,43.5,358.5,0.64,0.351,0.036,0.034,70,143.5,151,2.5,0,0,0,0,0,0,0,0,0,525

Main.js:462 441.31,349,180,180,-0.643,0,-0.05,0,0,0,0,1,0,0,0,0,0,0,0,0,0,0,0,0,0,0,0,0,64.027,155.644,43.5,357,0.642,0.366,0.036,0.034,69,146,151,2.5,0,0,0,0,0,0,0,0,0,541

Main.js:462 440.652,349,180,180,-0.658,0,-0.05,0,0,0,0,1,0,0,0,0,0,0,0,0,0,0,0,0,0,0,0,0,64.671,156.025,43.5,355.5,0.644,0.38,0.036,0.034,68,148.5,151,2.5,0,0,0,0,0,0,0,0,0,558

Main.js:462 439.98,349,180,180,-0.673,0,-0.05,0,0,0,0,1,0,0,0,0,0,0,0,0,0,0,0,0,0,0,0,0,65.318,156.419,43.5,354,0.647,0.394,0.036,0.034,67,151,151,2.5,0,0,0,0,0,0,0,0,0,574

Main.js:462 439.293,349,180,180,-0.686,0,-0.05,0,0,0,0,1,0,0,0,0,0,0,0,0,0,0,0,0,0,0,0,0,65.966,156.826,43.5,352.5,0.649,0.407,0.036,0.034,66,153.5,151,2.5,0,0,0,0,0,0,0,0,0,590

Main.js:462 438.593,349,180,180,-0.7,0,-0.05,0,0,0,0,1,0,0,0,0,0,0,0,0,0,0,0,0,0,0,0,0,66.617,157.246,43.5,351,0.651,0.419,0.036,0.034,65,156,151,2.5,0,0,0,0,0,0,0,0,0,608

Main.js:462 437.881,349,180,180,-0.712,0,-0.05,0,0,0,0,1,0,0,0,0,0,0,0,0,0,0,0,0,0,0,0,0,67.27,157.677,43.5,349.5,0.653,0.431,0.036,0.034,64,158.5,151,2.5,0,0,0,0,0,0,0,0,0,626

Main.js:462 437.157,349,180,180,-0.724,0,-0.05,0,0,0,0,1,0,0,0,0,0,0,0,0,0,0,0,0,0,0,0,0,67.924,158.119,43.5,348,0.654,0.442,0.036,0.034,63,161,151,2.5,0,0,0,0,0,0,0,0,0,656

Main.js:462 436.422,349,180,180,-0.735,0,-0.05,0,0,0,0,1,0,0,0,0,0,0,0,0,0,0,0,0,0,0,0,0,68.58,158.572,43.5,346.5,0.656,0.453,0.036,0.034,62,163.5,151,2.5,0,0,0,0,0,0,0,0,0,675

Main.js:462 435.676,349,180,180,-0.746,0,-0.05,0,0,0,0,1,0,0,0,0,0,0,0,0,0,0,0,0,0,0,0,0,69.238,159.035,43.5,345,0.658,0.463,0.036,0.034,61,166,151,2.5,0,0,0,0,0,0,0,0,0,690

Main.js:462 434.919,348.999,181.5,181.5,-0.756,-0.001,-0.05,-0.001,0,0,1,1,0,0,0,0,0,0,0,0,0,0,0,0,0,0,0,0,69.898,159.507,43.5,343.5,0.659,0.473,0.036,0.034,60,168.5,151,2.5,0,0,0,0,0,0,0,0,0,707

Main.js:462 434.154,348.995,183,183,-0.766,-0.004,-0.05,-0.003,0,0,1,1,0,0,0,0,0,0,0,0,0,0,0,0,0,0,0,0,70.559,159.989,43.5,342,0.661,0.482,0.036,0.034,59,171,151,2.5,0,0,0,0,0,0,0,0,0,724

Main.js:462 433.379,348.988,184.5,184.5,-0.775,-0.007,-0.05,-0.004,0,0,1,1,0,0,0,0,0,0,0,0,0,0,0,0,0,0,0,0,71.221,160.479,43.5,340.5,0.662,0.49,0.036,0.034,58,173.5,151,2.5,0,0,0,0,0,0,0,0,0,740

Main.js:462 432.595,348.976,186,186,-0.783,-0.012,-0.05,-0.005,0,0,1,1,0,0,0,0,0,0,0,0,0,0,0,0,0,0,0,0,71.885,160.978,43.5,339,0.664,0.498,0.036,0.034,57,176,151,2.5,0,0,0,0,0,0,0,0,0,758

Main.js:462 431.804,348.959,187.5,187.5,-0.791,-0.017,-0.05,-0.007,0,0,1,1,0,0,0,0,0,0,0,0,0,0,0,0,0,0,0,0,72.55,161.484,43.5,337.5,0.665,0.506,0.036,0.034,56,178.5,151,2.5,0,0,0,0,0,0,0,0,0,774

Main.js:462 431.005,348.935,189,189,-0.799,-0.024,-0.049,-0.008,0,0,1,1,0,0,0,0,0,0,0,0,0,0,0,0,0,0,0,0,73.216,161.997,43.5,336,0.666,0.514,0.036,0.034,55,181,151,2.5,0,0,0,0,0,0,0,0,0,790

Main.js:462 430.2,348.903,190.5,190.5,-0.805,-0.031,-0.049,-0.009,0,0,1,1,0,0,0,0,0,0,0,0,0,0,0,0,0,0,0,0,73.883,162.518,43.5,334.5,0.667,0.521,0.036,0.034,54,183.5,151,2.5,0,0,0,0,0,0,0,0,0,808

Main.js:462 429.388,348.863,192,192,-0.812,-0.04,-0.049,-0.01,0,0,1,1,0,0,0,0,0,0,0,0,0,0,0,0,0,0,0,0,74.551,163.045,43.5,333,0.668,0.527,0.036,0.034,53,186,151,2.5,0,0,0,0,0,0,0,0,0,825

Main.js:462 428.571,348.815,193.5,193.5,-0.817,-0.049,-0.049,-0.012,0,0,1,1,0,0,0,0,0,0,0,0,0,0,0,0,0,0,0,0,75.221,163.579,43.5,331.5,0.669,0.534,0.036,0.034,52,188.5,151,2.5,0,0,0,0,0,0,0,0,0,842

Main.js:462 427.748,348.756,195,195,-0.822,-0.059,-0.048,-0.013,0,0,1,1,0,0,0,0,0,0,0,0,0,0,0,0,0,0,0,0,75.891,164.118,43.5,330,0.67,0.54,0.036,0.034,51,191,151,2.5,0,0,0,0,0,0,0,0,0,856

Main.js:462 426.922,348.687,196.5,196.5,-0.827,-0.069,-0.048,-0.014,0,0,1,1,0,0,0,0,0,0,0,0,0,0,0,0,0,0,0,0,76.563,164.664,43.5,328.5,0.671,0.545,0.036,0.034,50,193.5,151,2.5,0,0,0,0,0,0,0,0,0,874

Main.js:462 426.091,348.607,196.5,196.5,-0.831,-0.079,-0.048,-0.014,0,0,0,1,0,0,0,0,0,0,0,0,0,0,0,0,0,0,0,0,77.235,165.214,43.5,327,0.672,0.551,0.036,0.034,49,196,151,2.5,0,0,0,0,0,0,0,0,0,891

Main.js:462 425.256,348.519,196.5,196.5,-0.835,-0.089,-0.048,-0.014,0,0,0,1,0,0,0,0,0,0,0,0,0,0,0,0,0,0,0,0,77.908,165.77,43.5,325.5,0.673,0.556,0.036,0.034,48,198.5,151,2.5,0,0,0,0,0,0,0,0,0,908

Main.js:462 424.417,348.421,196.5,196.5,-0.839,-0.098,-0.048,-0.014,0,0,0,1,0,0,0,0,0,0,0,0,0,0,0,0,0,0,0,0,78.582,166.331,43.5,324,0.674,0.561,0.036,0.034,47,201,151,2.5,0,0,0,0,0,0,0,0,0,925

Main.js:462 423.575,348.314,196.5,196.5,-0.842,-0.106,-0.048,-0.014,0,0,0,1,0,0,0,0,0,0,0,0,0,0,0,0,0,0,0,0,79.256,166.897,43.5,322.5,0.675,0.565,0.036,0.034,46,203.5,151,2.5,0,0,0,0,0,0,0,0,0,941

Main.js:462 422.729,348.2,196.5,196.5,-0.846,-0.115,-0.048,-0.014,0,0,0,1,0,0,0,0,0,0,0,0,0,0,0,0,0,0,0,0,79.932,167.466,43.5,321,0.675,0.57,0.036,0.034,45,206,151,2.5,0,0,0,0,0,0,0,0,0,990

Main.js:462 421.88,348.077,196.5,196.5,-0.849,-0.122,-0.048,-0.014,0,0,0,1,0,0,0,0,0,0,0,0,0,0,0,0,0,0,0,0,80.608,168.04,43.5,319.5,0.676,0.574,0.036,0.034,44,208.5,151,2.5,0,0,0,0,0,0,0,0,0,1008

Main.js:462 421.028,347.948,196.5,196.5,-0.852,-0.13,-0.048,-0.014,0,0,0,1,0,0,0,0,0,0,0,0,0,0,0,0,0,0,0,0,81.285,168.618,42,316.5,0.678,0.577,0.037,0.033,43,211,151,2.5,0,0,0,0,0,0,0,0,0,1022

Main.js:462 420.173,347.811,196.5,196.5,-0.855,-0.137,-0.048,-0.014,0,0,0,1,0,0,0,0,0,0,0,0,0,0,0,0,0,0,0,0,81.965,169.197,40.5,313.5,0.68,0.579,0.038,0.032,42,213.5,151,2.5,0,0,0,0,0,0,0,0,0,1040

Main.js:462 419.315,347.667,196.5,196.5,-0.858,-0.143,-0.048,-0.014,0,0,0,1,0,0,0,0,0,0,0,0,0,0,0,0,0,0,0,0,82.648,169.777,39,310.5,0.683,0.58,0.039,0.031,41,216,151,2.5,0,0,0,0,0,0,0,0,0,1057

Main.js:462 418.455,347.518,196.5,196.5,-0.86,-0.15,-0.048,-0.014,0,0,0,1,0,0,0,0,0,0,0,0,0,0,0,0,0,0,0,0,83.334,170.357,37.5,307.5,0.686,0.58,0.04,0.03,40,218.5,151,2.5,0,0,0,0,0,0,0,0,0,1074

Main.js:462 417.592,347.361,198,198,-0.863,-0.157,-0.048,-0.015,0,0,1,1,0,0,0,0,0,0,0,0,0,0,0,0,0,0,0,0,84.024,170.936,36,304.5,0.69,0.579,0.04,0.029,39,221,151,2.5,0,0,0,0,0,0,0,0,0,1092

Main.js:462 416.728,347.196,199.5,199.5,-0.864,-0.165,-0.047,-0.017,0,0,1,1,0,0,0,0,0,0,0,0,0,0,0,0,0,0,0,0,84.719,171.513,34.5,301.5,0.695,0.577,0.041,0.028,38,223.5,151,2.5,0,0,0,0,0,0,0,0,0,1108

Main.js:462 415.862,347.022,201,201,-0.865,-0.174,-0.047,-0.018,0,0,1,1,0,0,0,0,0,0,0,0,0,0,0,0,0,0,0,0,85.419,172.087,33,298.5,0.7,0.574,0.042,0.027,37,226,151,2.5,0,0,0,0,0,0,0,0,0,1124

Main.js:462 414.996,346.839,202.5,202.5,-0.866,-0.183,-0.046,-0.019,0,0,1,1,0,0,0,0,0,0,0,0,0,0,0,0,0,0,0,0,86.125,172.657,31.5,295.5,0.706,0.57,0.043,0.026,36,228.5,151,2.5,0,0,0,0,0,0,0,0,0,1142

Main.js:462 414.13,346.645,204,204,-0.866,-0.193,-0.046,-0.02,0,0,1,1,0,0,0,0,0,0,0,0,0,0,0,0,0,0,0,0,86.836,173.222,30,292.5,0.711,0.565,0.043,0.025,35,231,151,2.5,0,0,0,0,0,0,0,0,0,1158

Main.js:462 413.264,346.441,205.5,205.5,-0.866,-0.204,-0.045,-0.022,0,0,1,1,0,0,0,0,0,0,0,0,0,0,0,0,0,0,0,0,87.554,173.782,28.5,289.5,0.718,0.56,0.044,0.024,34,233.5,151,2.5,0,0,0,0,0,0,0,0,0,1174

Main.js:462 412.4,346.226,207,207,-0.865,-0.215,-0.045,-0.023,0,0,1,1,0,0,0,0,0,0,0,0,0,0,0,0,0,0,0,0,88.278,174.335,27,286.5,0.724,0.553,0.045,0.023,33,236,151,2.5,0,0,0,0,0,0,0,0,0,1191

Main.js:462 411.536,345.998,208.5,208.5,-0.863,-0.227,-0.044,-0.024,0,0,1,1,0,0,0,0,0,0,0,0,0,0,0,0,0,0,0,0,89.009,174.881,25.5,283.5,0.731,0.546,0.045,0.022,32,238.5,151,2.5,0,0,0,0,0,0,0,0,0,1207

Main.js:462 410.675,345.759,210,210,-0.861,-0.24,-0.043,-0.025,0,0,1,1,0,0,0,0,0,0,0,0,0,0,0,0,0,0,0,0,89.746,175.419,24,280.5,0.738,0.538,0.046,0.02,31,241,151,2.5,0,0,0,0,0,0,0,0,0,1224

Main.js:462 409.817,345.506,211.5,211.5,-0.859,-0.253,-0.043,-0.026,0,0,1,1,0,0,0,0,0,0,0,0,0,0,0,0,0,0,0,0,90.491,175.948,22.5,277.5,0.745,0.529,0.046,0.019,30,243.5,151,2.5,0,0,0,0,0,0,0,0,0,1241

Main.js:462 408.961,345.24,213,213,-0.856,-0.266,-0.042,-0.027,0,0,1,1,0,0,0,0,0,0,0,0,0,0,0,0,0,0,0,0,91.243,176.468,21,274.5,0.752,0.52,0.047,0.018,29,246,151,2.5,0,0,0,0,0,0,0,0,0,1259

Main.js:462 408.109,344.961,214.5,214.5,-0.852,-0.279,-0.041,-0.028,0,0,1,1,0,0,0,0,0,0,0,0,0,0,0,0,0,0,0,0,92.002,176.978,19.5,271.5,0.759,0.51,0.047,0.017,28,248.5,151,2.5,0,0,0,0,0,0,0,0,0,1274

Main.js:462 407.261,344.667,216,216,-0.848,-0.293,-0.04,-0.029,0,0,1,1,0,0,0,0,0,0,0,0,0,0,0,0,0,0,0,0,92.768,177.477,18,268.5,0.766,0.499,0.048,0.015,27,251,151,2.5,0,0,0,0,0,0,0,0,0,1291

Main.js:462 406.418,344.361,216,216,-0.844,-0.307,-0.04,-0.029,0,0,0,1,0,0,0,0,0,0,0,0,0,0,0,0,0,0,0,0,93.541,177.964,16.5,265.5,0.773,0.487,0.048,0.014,26,253.5,151,2.5,0,0,0,0,0,0,0,0,0,1308

Main.js:462 405.577,344.041,216,216,-0.84,-0.319,-0.04,-0.029,0,0,0,1,0,0,0,0,0,0,0,0,0,0,0,0,0,0,0,0,94.322,178.44,15,262.5,0.781,0.475,0.048,0.013,25,256,151,2.5,0,0,0,0,0,0,0,0,0,1323

Main.js:462 404.741,343.71,216,216,-0.836,-0.331,-0.04,-0.029,0,0,0,1,0,0,0,0,0,0,0,0,0,0,0,0,0,0,0,0,95.109,178.903,13.5,259.5,0.788,0.463,0.049,0.012,24,258.5,151,2.5,0,0,0,0,0,0,0,0,0,1341

Main.js:462 403.908,343.368,216,216,-0.833,-0.343,-0.04,-0.029,0,0,0,1,0,0,0,0,0,0,0,0,0,0,0,0,0,0,0,0,95.904,179.352,12,256.5,0.795,0.449,0.049,0.01,23,261,151,2.5,0,0,0,0,0,0,0,0,0,1357

Main.js:462 403.078,343.014,216,216,-0.83,-0.353,-0.04,-0.029,99,0,0,1,0,1,0,0,0,0,0,0,0,0,0,0,0,0,0,0,96.706,179.788,10.5,253.5,0.802,0.436,0.049,0.009,22,263.5,151,2.5,0,0,0,0,0,0,0,0,0,1373

Main.js:462 402.251,342.651,216,216,-0.827,-0.364,-0.04,-0.029,98,0,0,1,0,1,0,0,384.896,329.555,-2.023,-1.469,0,0,0,0,0,0,0,0,97.515,180.209,9,250.5,0.809,0.421,0.049,0.008,21,266,151,2.5,0,0,0,0,0,0,0,0,0,1391

Main.js:462 401.427,342.277,216,216,-0.824,-0.373,-0.04,-0.029,97,0,0,1,0,1,0,0,382.874,328.085,-2.023,-1.469,0,0,0,0,0,0,0,0,98.33,180.615,7.5,247.5,0.815,0.406,0.05,0.007,20,268.5,151,2.5,0,0,0,0,0,0,0,0,0,1407

Main.js:462 400.606,341.895,216,216,-0.821,-0.383,-0.04,-0.029,96,0,0,1,0,1,0,0,380.851,326.616,-2.023,-1.469,0,0,0,0,0,0,0,0,99.152,181.006,6,244.5,0.822,0.391,0.05,0.005,19,271,151,2.5,0,0,0,0,0,0,0,0,0,1425

Main.js:462 399.788,341.503,216,216,-0.818,-0.391,-0.04,-0.029,95,0,0,1,0,1,0,0,378.828,325.146,-2.023,-1.469,0,0,0,0,0,0,0,0,99.98,181.382,4.5,241.5,0.828,0.375,0.05,0.004,18,273.5,151,2.5,0,0,0,0,0,0,0,0,0,1440

Main.js:462 398.972,341.104,216,216,-0.816,-0.4,-0.04,-0.029,94,0,0,1,0,1,0,0,376.806,323.677,-2.023,-1.469,0,0,0,0,0,0,0,0,100.814,181.741,3,238.5,0.834,0.359,0.05,0.003,17,276,151,2.5,0,0,0,0,0,0,0,0,0,1457

Main.js:462 398.158,340.696,216,216,-0.814,-0.408,-0.04,-0.029,93,0,0,1,0,0,0,0,374.783,322.207,-2.023,-1.469,0,0,0,0,0,0,0,0,101.653,182.083,1.5,235.5,0.84,0.342,0.05,0.001,16,278.5,151,2.5,0,0,0,0,0,0,0,0,0,1474

Main.js:462 397.347,340.281,216,216,-0.811,-0.415,-0.04,-0.029,92,0,0,1,0,0,0,0,372.761,320.738,-2.023,-1.469,0,0,0,0,0,0,0,0,102.499,182.408,0,232.5,0.845,0.325,0.05,0,15,281,151,2.5,0,0,0,0,0,0,0,0,0,1491

Main.js:462 396.538,339.859,216,216,-0.809,-0.422,-0.04,-0.029,91,0,0,1,0,0,0,0,370.738,319.269,-2.023,-1.469,0,0,0,0,0,0,0,0,103.349,182.716,358.5,229.5,0.851,0.308,0.05,-0.001,14,283.5,151,2.5,0,0,0,0,0,0,0,0,0,1507

Main.js:462 395.731,339.429,216,216,-0.807,-0.429,-0.04,-0.029,90,0,0,1,0,0,0,0,368.716,317.799,-2.023,-1.469,0,0,0,0,0,0,0,0,104.205,183.006,357,226.5,0.855,0.29,0.05,-0.003,13,286,151,2.5,0,0,0,0,0,0,0,0,0,1524

Main.js:462 394.925,338.994,216,216,-0.805,-0.436,-0.04,-0.029,89,0,0,1,0,0,0,0,366.693,316.33,-2.023,-1.469,0,0,0,0,0,0,0,0,105.065,183.277,355.5,223.5,0.86,0.272,0.05,-0.004,12,288.5,151,2.5,0,0,0,0,0,0,0,0,0,1541

Main.js:462 394.122,338.552,216,216,-0.803,-0.442,-0.04,-0.029,88,0,0,1,0,0,0,0,364.671,314.86,-2.023,-1.469,0,0,0,0,0,0,0,0,105.929,183.53,354,220.5,0.864,0.253,0.05,-0.005,11,291,151,2.5,0,0,0,0,0,0,0,0,0,1559

Main.js:462 393.32,338.104,216,216,-0.802,-0.448,-0.04,-0.029,87,0,0,1,0,0,0,0,362.648,313.391,-2.023,-1.469,0,0,0,0,0,0,0,0,106.797,183.764,352.5,217.5,0.868,0.234,0.05,-0.007,10,293.5,151,2.5,0,0,0,0,0,0,0,0,0,1574

Main.js:462 392.52,337.651,216,216,-0.8,-0.453,-0.04,-0.029,86,0,0,1,0,0,0,0,360.626,311.921,-2.023,-1.469,0,0,0,0,0,0,0,0,107.669,183.979,351,214.5,0.872,0.215,0.049,-0.008,9,296,151,2.5,0,0,0,0,0,0,0,0,0,1591

Main.js:462 391.722,337.193,216,216,-0.798,-0.458,-0.04,-0.029,85,0,0,1,0,0,0,0,358.603,310.452,-2.023,-1.469,0,0,0,0,0,0,0,0,108.544,184.175,349.5,211.5,0.875,0.196,0.049,-0.009,8,298.5,151,2.5,0,0,0,0,0,0,0,0,0,1607

Main.js:462 390.925,336.729,216,216,-0.797,-0.463,-0.04,-0.029,84,0,0,1,0,0,0,0,356.58,308.982,-2.023,-1.469,0,0,0,0,0,0,0,0,109.421,184.351,348,208.5,0.878,0.176,0.049,-0.01,7,301,151,2.5,0,0,0,0,0,0,0,0,0,1624

Main.js:462 390.129,336.261,216,216,-0.796,-0.468,-0.04,-0.029,83,0,0,1,0,0,0,0,354.558,307.513,-2.023,-1.469,0,0,0,0,0,0,0,0,110.301,184.507,346.5,205.5,0.88,0.156,0.049,-0.012,6,303.5,151,2.5,0,0,0,0,0,0,0,0,0,1641

Main.js:462 389.335,335.789,216,216,-0.794,-0.473,-0.04,-0.029,82,0,0,1,0,1,0,0,352.535,306.043,-2.023,-1.469,0,0,0,0,0,0,0,0,111.183,184.643,345,202.5,0.882,0.136,0.048,-0.013,5,306,151,2.5,0,0,0,0,0,0,0,0,0,1658

Main.js:462 388.542,335.312,216,216,-0.793,-0.477,-0.04,-0.029,81,0,0,1,0,1,0,0,350.513,304.574,-2.023,-1.469,0,0,0,0,0,0,0,0,112.066,184.759,343.5,199.5,0.883,0.116,0.048,-0.014,4,308.5,151,2.5,0,0,0,0,0,0,0,0,0,1673

Main.js:462 387.75,334.831,216,216,-0.792,-0.481,-0.04,-0.029,80,0,0,1,0,1,0,0,348.49,303.104,-2.023,-1.469,0,0,0,0,0,0,0,0,112.95,184.854,342,196.5,0.884,0.095,0.048,-0.015,3,311,151,2.5,0,0,0,0,0,0,0,0,0,1692

Main.js:462 386.96,334.346,216,216,-0.791,-0.485,-0.04,-0.029,79,0,0,1,0,1,0,0,346.468,301.635,-2.023,-1.469,0,0,0,0,0,0,0,0,113.835,184.929,340.5,193.5,0.885,0.075,0.047,-0.017,2,313.5,151,2.5,0,0,0,0,0,0,0,0,0,1708

Main.js:462 386.171,333.857,216,216,-0.789,-0.489,-0.04,-0.029,78,0,0,1,0,1,0,0,344.445,300.166,-2.023,-1.469,0,0,0,0,0,0,0,0,114.72,184.982,339,190.5,0.885,0.054,0.047,-0.018,1,316,151,2.5,0,0,0,0,0,0,0,0,0,1724

Main.js:462 385.382,333.365,216,216,-0.788,-0.492,-0.04,-0.029,77,0,0,1,0,0,0,0,342.423,298.696,-2.023,-1.469,0,0,0,0,0,0,0,0,115.604,185.015,337.5,187.5,0.884,0.033,0.046,-0.019,0,318.5,151,2.5,0,0,0,0,0,0,0,0,0,1740

Main.js:462 384.595,332.87,216,216,-0.787,-0.495,-0.04,-0.029,76,0,0,1,0,0,0,0,340.4,297.227,-2.023,-1.469,0,0,0,0,0,0,0,0,116.488,185.027,336,184.5,0.884,0.012,0.046,-0.02,99,321,151,2.5,0,0,0,0,0,0,0,0,0,1757

Main.js:462 383.808,332.371,216,216,-0.786,-0.499,-0.04,-0.029,75,0,0,1,0,0,0,0,338.378,295.757,-2.023,-1.469,0,0,0,0,0,0,0,0,117.37,185.018,334.5,181.5,0.882,-0.009,0.045,-0.022,98,323.5,151,2.5,0,92.177,183.172,-2.492,-0.196,0,0,0,0,1774

Main.js:462 383.023,331.87,216,216,-0.786,-0.502,-0.04,-0.029,74,0,0,1,0,0,0,0,336.355,294.288,-2.023,-1.469,0,0,0,0,0,0,0,0,118.251,184.988,333,178.5,0.881,-0.03,0.045,-0.023,97,326,151,2.5,0,89.684,182.975,-2.492,-0.196,0,0,0,0,1790

Main.js:462 382.238,331.365,216,216,-0.785,-0.504,-0.04,-0.029,73,0,0,1,0,0,0,0,334.332,292.818,-2.023,-1.469,0,0,0,0,0,0,0,0,119.129,184.937,331.5,175.5,0.878,-0.051,0.044,-0.024,96,328.5,151,2.5,0,87.192,182.779,-2.492,-0.196,0,0,0,0,1808

Main.js:462 381.454,330.858,216,216,-0.784,-0.507,-0.04,-0.029,72,0,0,1,0,0,0,0,332.31,291.349,-2.023,-1.469,0,0,0,0,0,0,0,0,120.005,184.864,330,172.5,0.876,-0.072,0.043,-0.025,95,331,151,2.5,0,84.7,182.583,-2.492,-0.196,0,0,0,0,1823

Main.js:462 380.671,330.349,216,216,-0.783,-0.51,-0.04,-0.029,71,0,0,1,0,1,0,0,330.287,289.879,-2.023,-1.469,0,0,0,0,0,0,0,0,120.877,184.771,328.5,169.5,0.872,-0.094,0.043,-0.026,94,333.5,151,2.5,0,82.207,182.387,-2.492,-0.196,0,0,0,0,1840

Main.js:462 379.889,329.837,216,216,-0.782,-0.512,-0.04,-0.029,70,0,0,1,0,1,0,0,328.265,288.41,-2.023,-1.469,0,0,0,0,0,0,0,0,121.745,184.656,327,166.5,0.868,-0.115,0.042,-0.027,93,336,151,2.5,0,79.715,182.191,-2.492,-0.196,0,0,0,0,1857

Main.js:462 379.107,329.322,216,216,-0.782,-0.514,-0.04,-0.029,69,0,0,1,0,1,0,0,326.242,286.94,-2.023,-1.469,0,0,0,0,0,0,0,0,122.609,184.52,325.5,163.5,0.864,-0.136,0.041,-0.028,92,338.5,151,2.5,0,77.223,181.995,-2.492,-0.196,0,0,0,0,1874

Main.js:462 378.326,328.806,216,216,-0.781,-0.517,-0.04,-0.029,68,0,0,1,0,1,0,0,324.22,285.471,-2.023,-1.469,0,0,0,0,0,0,0,0,123.469,184.363,324,160.5,0.859,-0.157,0.04,-0.029,91,341,151,2.5,0,74.731,181.799,-2.492,-0.196,0,0,0,0,1892

Main.js:462 377.545,328.287,216,216,-0.78,-0.519,-0.04,-0.029,67,0,0,1,0,1,0,0,322.197,284.001,-2.023,-1.469,0,0,0,0,0,0,0,0,124.323,184.185,322.5,157.5,0.854,-0.178,0.04,-0.03,90,343.5,151,2.5,0,72.238,181.602,-2.492,-0.196,0,0,0,0,1908

Main.js:462 376.765,327.766,216,216,-0.78,-0.521,-0.04,-0.029,66,0,0,1,0,1,0,0,320.175,282.532,-2.023,-1.469,0,0,0,0,0,0,0,0,125.171,183.985,321,154.5,0.848,-0.199,0.039,-0.031,89,346,151,2.5,0,69.746,181.406,-2.492,-0.196,0,0,0,0,1924

Main.js:462 375.986,327.244,216,216,-0.779,-0.523,-0.04,-0.029,65,0,0,1,0,0,0,0,318.152,281.063,-2.023,-1.469,0,0,0,0,0,0,0,0,126.013,183.765,319.5,151.5,0.842,-0.22,0.038,-0.032,88,348.5,151,2.5,0,67.254,181.21,-2.492,-0.196,0,0,0,0,1942

Main.js:462 375.207,326.719,216,216,-0.779,-0.524,-0.04,-0.029,64,0,0,1,0,0,0,0,316.13,279.593,-2.023,-1.469,0,0,0,0,0,0,0,0,126.848,183.524,318,148.5,0.835,-0.241,0.037,-0.033,87,351,151,2.5,0,64.761,181.014,-2.492,-0.196,0,0,0,0,1989

Main.js:462 374.429,326.193,216,216,-0.778,-0.526,-0.04,-0.029,63,0,0,1,0,0,0,0,314.107,278.124,-2.023,-1.469,0,0,0,0,0,0,0,0,127.676,183.263,316.5,145.5,0.828,-0.262,0.036,-0.034,86,353.5,151,2.5,0,62.269,180.818,-2.492,-0.196,0,0,0,0,2008

Main.js:462 373.651,325.666,216,216,-0.778,-0.528,-0.04,-0.029,62,0,0,1,0,0,0,0,312.085,276.654,-2.023,-1.469,0,0,0,0,0,0,0,0,128.498,182.983,318,145.5,0.822,-0.28,0.037,-0.033,85,356,151,2.5,0,59.777,180.622,-2.492,-0.196,0,0,0,0,2023

Main.js:462 372.874,325.137,216,216,-0.777,-0.529,-0.04,-0.029,61,0,0,1,0,1,0,0,310.062,275.185,-2.023,-1.469,0,0,0,0,0,0,0,0,129.315,182.686,319.5,145.5,0.817,-0.297,0.038,-0.032,84,358.5,151,2.5,0,57.285,180.426,-2.492,-0.196,0,0,0,0,2039

Main.js:462 372.097,324.606,216,216,-0.777,-0.531,-0.04,-0.029,60,0,0,1,0,1,0,0,308.039,273.715,-2.023,-1.469,0,0,0,0,0,0,0,0,130.128,182.374,321,145.5,0.813,-0.312,0.039,-0.031,83,361,151,2.5,0,54.792,180.229,-2.492,-0.196,0,0,0,0,2057

Main.js:462 371.321,324.074,216,216,-0.776,-0.532,-0.04,-0.029,59,0,0,1,0,1,0,0,306.017,272.246,-2.023,-1.469,0,0,0,0,0,0,0,0,130.938,182.048,322.5,145.5,0.81,-0.325,0.04,-0.03,82,363.5,151,2.5,0,52.3,180.033,-2.492,-0.196,0,0,0,0,2074

Main.js:462 370.544,323.541,214.5,214.5,-0.777,-0.532,-0.041,-0.028,58,1,0,1,0,1,0,0,303.994,270.776,-2.023,-1.469,0,0,0,0,0,0,0,0,131.746,181.711,324,145.5,0.808,-0.337,0.04,-0.029,81,366,151,2.5,0,49.808,179.837,-2.492,-0.196,0,0,0,0,2090

Main.js:462 369.766,323.01,213,213,-0.778,-0.532,-0.042,-0.027,57,1,0,1,0,1,0,0,301.972,269.307,-2.023,-1.469,0,0,0,0,0,0,0,0,132.552,181.364,325.5,145.5,0.807,-0.347,0.041,-0.028,80,368.5,151,2.5,0,47.315,179.641,-2.492,-0.196,0,0,0,0,2108

Main.js:462 368.987,322.48,211.5,211.5,-0.779,-0.53,-0.043,-0.026,56,1,0,1,0,1,0,0,299.949,267.837,-2.023,-1.469,0,0,0,0,0,0,0,0,133.359,181.008,327,145.5,0.806,-0.356,0.042,-0.027,79,371,151,2.5,0,44.823,179.445,-2.492,-0.196,0,0,0,0,2125

Main.js:462 368.205,321.953,210,210,-0.782,-0.527,-0.043,-0.025,55,1,0,1,0,0,0,0,297.927,266.368,-2.023,-1.469,0,0,0,0,0,0,0,0,134.165,180.646,328.5,145.5,0.806,-0.363,0.043,-0.026,78,373.5,151,2.5,0,42.331,179.249,-2.492,-0.196,0,0,0,0,2141

Main.js:462 367.421,321.43,208.5,208.5,-0.784,-0.523,-0.044,-0.024,54,1,0,1,0,0,0,0,295.904,264.898,-2.023,-1.469,0,0,0,0,0,0,0,0,134.972,180.277,330,145.5,0.807,-0.368,0.043,-0.025,77,376,151,2.5,0,39.838,179.052,-2.492,-0.196,0,0,0,0,2158

Main.js:462 366.634,320.911,207,207,-0.787,-0.519,-0.045,-0.023,53,1,0,1,0,0,0,0,293.882,263.429,-2.023,-1.469,0,0,0,0,0,0,0,0,135.781,179.905,331.5,145.5,0.809,-0.373,0.044,-0.024,76,378.5,151,2.5,0,37.346,178.856,-2.492,-0.196,0,0,0,0,2174

Main.js:462 365.843,320.397,205.5,205.5,-0.791,-0.513,-0.045,-0.022,52,1,0,1,0,0,0,0,291.859,261.959,-2.023,-1.469,0,0,0,0,0,0,0,0,136.591,179.529,333,145.5,0.81,-0.375,0.045,-0.023,75,381,151,2.5,0,34.854,178.66,-2.492,-0.196,0,0,0,0,2191

Main.js:462 365.048,319.89,204,204,-0.795,-0.507,-0.046,-0.02,51,1,0,1,0,0,0,0,289.837,260.49,-2.023,-1.469,0,0,0,0,0,0,0,0,137.404,179.152,334.5,145.5,0.813,-0.377,0.045,-0.022,74,383.5,151,2.5,0,32.362,178.464,-2.492,-0.196,0,0,0,0,2209

Main.js:462 364.25,319.391,202.5,202.5,-0.799,-0.5,-0.046,-0.019,50,1,0,1,0,0,0,0,287.814,259.021,-2.023,-1.469,0,0,0,0,0,0,0,0,138.219,178.775,336,145.5,0.816,-0.378,0.046,-0.02,73,386,151,2.5,0,29.869,178.268,-2.492,-0.196,0,0,0,0,2224

Main.js:462 363.447,318.898,202.5,202.5,-0.803,-0.493,-0.046,-0.019,49,0,0,1,0,0,0,0,285.791,257.551,-2.023,-1.469,0,0,0,0,0,0,0,0,139.038,178.398,337.5,145.5,0.819,-0.377,0.046,-0.019,72,388.5,151,2.5,0,27.377,178.072,-2.492,-0.196,0,0,0,0,2241

Main.js:462 362.64,318.411,202.5,202.5,-0.807,-0.487,-0.046,-0.019,48,0,0,1,0,1,0,0,283.769,256.082,-2.023,-1.469,0,0,0,0,0,0,0,0,139.86,178.023,339,145.5,0.822,-0.375,0.047,-0.018,71,391,151,2.5,0,24.885,177.876,-2.492,-0.196,0,0,0,0,2258

Main.js:462 361.83,317.931,202.5,202.5,-0.81,-0.48,-0.046,-0.019,47,0,0,1,0,1,0,0,281.746,254.612,-2.023,-1.469,0,0,0,0,0,0,0,0,140.686,177.65,340.5,145.5,0.826,-0.372,0.047,-0.017,70,393.5,151,2.5,0,22.392,177.679,-2.492,-0.196,0,0,0,0,2274

Main.js:462 361.017,317.456,202.5,202.5,-0.813,-0.475,-0.046,-0.019,46,0,0,1,0,1,0,0,279.724,253.143,-2.023,-1.469,0,0,0,0,0,0,0,0,141.515,177.282,342,145.5,0.83,-0.368,0.048,-0.015,69,396,151,2.5,0,19.9,177.483,-2.492,-0.196,0,0,0,0,2290

Main.js:462 360.2,316.987,202.5,202.5,-0.817,-0.469,-0.046,-0.019,45,0,0,1,0,1,0,0,277.701,251.673,-2.023,-1.469,0,0,0,0,0,0,0,0,142.349,176.919,343.5,145.5,0.834,-0.363,0.048,-0.014,68,398.5,151,2.5,0,17.408,177.287,-2.492,-0.196,0,0,0,0,2308

Main.js:462 359.38,316.524,202.5,202.5,-0.82,-0.464,-0.046,-0.019,44,0,0,1,0,1,0,0,275.679,250.204,-2.023,-1.469,0,0,0,0,0,0,0,0,143.187,176.561,345,145.5,0.838,-0.357,0.048,-0.013,67,401,151,2.5,0,14.916,177.091,-2.492,-0.196,0,0,0,0,2323

Main.js:462 358.558,316.065,202.5,202.5,-0.823,-0.459,-0.046,-0.019,43,0,0,1,0,0,0,0,273.656,248.734,-2.023,-1.469,0,0,0,0,0,0,0,0,144.029,176.211,346.5,145.5,0.842,-0.351,0.049,-0.012,66,403.5,151,2.5,0,12.423,176.895,-2.492,-0.196,0,0,0,0,2342

Main.js:462 357.732,315.611,202.5,202.5,-0.825,-0.454,-0.046,-0.019,42,0,0,1,0,0,0,0,271.634,247.265,-2.023,-1.469,0,0,0,0,0,0,0,0,144.876,175.868,348,145.5,0.847,-0.343,0.049,-0.01,65,406,151,2.5,0,9.931,176.699,-2.492,-0.196,0,0,0,0,2358

Main.js:462 356.904,315.162,202.5,202.5,-0.828,-0.449,-0.046,-0.019,41,0,0,1,0,0,0,0,269.611,245.795,-2.023,-1.469,0,0,0,0,0,0,0,0,145.727,175.533,349.5,145.5,0.851,-0.335,0.049,-0.009,64,408.5,151,2.5,0,7.439,176.503,-2.492,-0.196,0,0,0,0,2374

Main.js:462 356.074,314.716,202.5,202.5,-0.83,-0.445,-0.046,-0.019,40,0,0,1,0,0,0,0,267.589,244.326,-2.023,-1.469,0,0,0,0,0,0,0,0,146.582,175.208,351,145.5,0.855,-0.325,0.049,-0.008,63,411,151,2.5,0,4.946,176.306,-2.492,-0.196,0,0,0,0,2391

Main.js:462 355.241,314.275,202.5,202.5,-0.833,-0.441,-0.046,-0.019,39,0,0,1,0,0,0,0,265.566,242.856,-2.023,-1.469,0,0,0,0,0,0,0,0,147.442,174.893,352.5,145.5,0.86,-0.315,0.05,-0.007,62,413.5,151,2.5,0,2.454,176.11,-2.492,-0.196,0,0,0,0,2408

Main.js:462 354.406,313.838,202.5,202.5,-0.835,-0.437,-0.046,-0.019,38,0,0,1,0,0,0,0,263.544,241.387,-2.023,-1.469,0,0,0,0,0,0,0,0,148.305,174.588,354,145.5,0.864,-0.304,0.05,-0.005,61,416,151,2.5,0,0,0,0,0,0,0,0,0,2424

Main.js:462 353.569,313.405,202.5,202.5,-0.837,-0.433,-0.046,-0.019,37,0,0,1,0,0,0,0,261.521,239.918,-2.023,-1.469,0,0,0,0,0,0,0,0,149.173,174.296,355.5,145.5,0.868,-0.293,0.05,-0.004,60,418.5,151,2.5,0,0,0,0,0,0,0,0,0,2441

Main.js:462 352.73,312.975,202.5,202.5,-0.839,-0.43,-0.046,-0.019,36,0,0,1,0,0,0,0,259.498,238.448,-2.023,-1.469,0,0,0,0,0,0,0,0,150.046,174.015,357,145.5,0.872,-0.281,0.05,-0.003,59,421,151,2.5,0,0,0,0,0,0,0,0,0,2458

Main.js:462 351.888,312.548,202.5,202.5,-0.841,-0.427,-0.046,-0.019,35,0,0,1,0,0,0,0,257.476,236.979,-2.023,-1.469,0,0,0,0,0,0,0,0,150.921,173.747,358.5,145.5,0.876,-0.268,0.05,-0.001,58,423.5,151,2.5,0,0,0,0,0,0,0,0,0,2474

Main.js:462 351.045,312.125,202.5,202.5,-0.843,-0.424,-0.046,-0.019,34,0,0,1,0,0,0,0,255.453,235.509,-2.023,-1.469,0,0,0,0,0,0,0,0,151.801,173.492,0,145.5,0.88,-0.255,0.05,0,57,426,151,2.5,0,0,0,0,0,0,0,0,0,2490

Main.js:462 350.201,311.704,202.5,202.5,-0.845,-0.421,-0.046,-0.019,33,0,0,1,0,0,0,0,253.431,234.04,-2.023,-1.469,0,0,0,0,0,0,0,0,152.684,173.252,1.5,145.5,0.883,-0.241,0.05,0.001,56,428.5,151,2.5,0,0,0,0,0,0,0,0,0,2508

Main.js:462 349.354,311.286,202.5,202.5,-0.846,-0.418,-0.046,-0.019,32,0,0,1,0,0,0,0,251.408,232.57,-2.023,-1.469,0,0,0,0,0,0,0,0,153.571,173.025,1.5,144,0.886,-0.227,0.05,0.001,55,431,151,2.5,0,0,0,0,0,0,0,0,0,2525

Main.js:462 348.506,310.871,202.5,202.5,-0.848,-0.415,-0.046,-0.019,31,0,0,1,0,0,0,0,249.386,231.101,-2.023,-1.469,0,0,0,0,0,0,0,0,154.46,172.81,1.5,142.5,0.89,-0.215,0.05,0.001,54,433.5,151,2.5,0,0,0,0,0,0,0,0,0,2541

Main.js:462 347.657,310.459,202.5,202.5,-0.849,-0.412,-0.046,-0.019,30,0,0,1,0,0,0,0,247.363,229.631,-2.023,-1.469,0,0,0,0,0,0,0,0,155.353,172.607,1.5,141,0.893,-0.203,0.05,0.001,53,436,151,2.5,0,0,0,0,0,0,0,0,0,2557

Main.js:462 346.806,310.049,202.5,202.5,-0.851,-0.41,-0.046,-0.019,29,0,0,1,0,0,0,0,245.341,228.162,-2.023,-1.469,0,0,0,0,0,0,0,0,156.248,172.416,1.5,139.5,0.895,-0.191,0.05,0.001,52,438.5,151,2.5,0,0,0,0,0,0,0,0,0,2574

Main.js:462 345.954,309.641,202.5,202.5,-0.852,-0.408,-0.046,-0.019,28,0,0,1,0,0,0,0,243.318,226.692,-2.023,-1.469,0,0,0,0,0,0,0,0,157.147,172.235,1.5,138,0.898,-0.181,0.05,0.001,51,441,151,2.5,0,0,0,0,0,0,0,0,0,2590

Main.js:462 345.101,309.235,204,204,-0.853,-0.407,-0.046,-0.02,27,0,1,1,0,0,0,0,241.296,225.223,-2.023,-1.469,0,0,0,0,0,0,0,0,158.047,172.065,1.5,136.5,0.901,-0.17,0.05,0.001,50,443.5,151,2.5,0,0,0,0,0,0,0,0,0,2607

Main.js:462 344.248,308.828,205.5,205.5,-0.853,-0.407,-0.045,-0.022,26,0,1,1,0,0,0,0,239.273,223.753,-2.023,-1.469,0,0,0,0,0,0,0,0,158.951,171.905,1.5,135,0.903,-0.16,0.05,0.001,49,446,151,2.5,0,0,0,0,0,0,0,0,0,2623

Main.js:462 343.395,308.42,207,207,-0.853,-0.408,-0.045,-0.023,25,0,1,1,0,0,0,0,237.25,222.284,-2.023,-1.469,0,0,0,0,0,0,0,0,159.856,171.753,1.5,133.5,0.906,-0.151,0.05,0.001,48,448.5,151,2.5,0,0,0,0,0,0,0,0,0,2640

Main.js:462 342.542,308.011,207,207,-0.853,-0.409,-0.045,-0.023,24,0,0,1,0,0,0,0,235.228,220.815,-2.023,-1.469,0,0,0,0,0,0,0,0,160.764,171.611,1.5,132,0.908,-0.142,0.05,0.001,47,451,151,2.5,0,0,0,0,0,0,0,0,0,2656

Main.js:462 341.69,307.601,207,207,-0.852,-0.41,-0.045,-0.023,23,0,0,1,0,0,0,0,233.205,219.345,-2.023,-1.469,0,0,0,0,0,0,0,0,161.674,171.477,1.5,130.5,0.91,-0.134,0.05,0.001,46,453.5,151,2.5,0,0,0,0,0,0,0,0,0,2673

Main.js:462 340.838,307.19,207,207,-0.852,-0.411,-0.045,-0.023,22,0,0,1,0,0,0,0,231.183,217.876,-2.023,-1.469,0,0,0,0,0,0,0,0,162.586,171.351,1.5,129,0.912,-0.126,0.05,0.001,45,456,151,2.5,0,0,0,0,0,0,0,0,0,2691

Main.js:462 339.987,306.777,207,207,-0.852,-0.412,-0.045,-0.023,21,0,0,1,0,0,0,0,229.16,216.406,-2.023,-1.469,0,0,0,0,0,0,0,0,163.499,171.232,1.5,127.5,0.914,-0.119,0.05,0.001,44,458.5,151,2.5,0,0,0,0,0,0,0,0,0,2708

Main.js:462 339.135,306.364,207,207,-0.851,-0.413,-0.045,-0.023,20,0,0,1,0,0,0,0,227.138,214.937,-2.023,-1.469,0,0,0,0,0,0,0,0,164.415,171.121,1.5,126,0.916,-0.111,0.05,0.001,43,461,151,2.5,0,0,0,0,0,0,0,0,0,2725

Main.js:462 338.284,305.95,207,207,-0.851,-0.414,-0.045,-0.023,19,0,0,1,0,0,0,0,225.115,213.467,-2.023,-1.469,0,0,0,0,0,0,0,0,165.332,171.016,1.5,124.5,0.917,-0.105,0.05,0.001,42,463.5,151,2.5,0,0,0,0,0,0,0,0,0,2741

Main.js:462 337.433,305.535,207,207,-0.851,-0.415,-0.045,-0.023,18,0,0,1,0,0,0,0,223.093,211.998,-2.023,-1.469,0,0,0,0,0,0,0,0,166.251,170.918,1.5,123,0.919,-0.098,0.05,0.001,41,466,151,2.5,0,0,0,0,0,0,0,0,0,2757

Main.js:462 336.582,305.119,207,207,-0.851,-0.416,-0.045,-0.023,17,0,0,1,0,0,0,0,221.07,210.528,-2.023,-1.469,0,0,0,0,0,0,0,0,167.171,170.826,1.5,121.5,0.92,-0.092,0.05,0.001,40,468.5,151,2.5,0,0,0,0,0,0,0,0,0,2774

Main.js:462 335.732,304.703,207,207,-0.85,-0.417,-0.045,-0.023,16,0,0,1,0,0,0,0,219.048,209.059,-2.023,-1.469,0,0,0,0,0,0,0,0,168.093,170.74,1.5,120,0.922,-0.086,0.05,0.001,39,471,151,2.5,0,0,0,0,0,0,0,0,0,2792

Main.js:462 334.882,304.286,207,207,-0.85,-0.417,-0.045,-0.023,15,0,0,1,0,0,0,0,217.025,207.589,-2.023,-1.469,0,0,0,0,0,0,0,0,169.016,170.66,1.5,118.5,0.923,-0.081,0.05,0.001,38,473.5,151,2.5,0,0,0,0,0,0,0,0,0,2807

Main.js:462 334.032,303.868,207,207,-0.85,-0.418,-0.045,-0.023,14,0,0,1,0,0,0,0,215.002,206.12,-2.023,-1.469,0,0,0,0,0,0,0,0,169.941,170.584,1.5,117,0.925,-0.075,0.05,0.001,37,476,151,2.5,0,0,0,0,0,0,0,0,0,2824

Main.js:462 333.182,303.449,207,207,-0.85,-0.419,-0.045,-0.023,13,0,0,1,0,0,0,0,212.98,204.65,-2.023,-1.469,0,0,0,0,0,0,0,0,170.867,170.514,1.5,115.5,0.926,-0.07,0.05,0.001,36,478.5,151,2.5,0,0,0,0,0,0,0,0,0,2840

Main.js:462 332.332,303.03,207,207,-0.85,-0.419,-0.045,-0.023,12,0,0,1,0,0,0,0,210.957,203.181,-2.023,-1.469,0,0,0,0,0,0,0,0,171.794,170.448,1.5,114,0.927,-0.066,0.05,0.001,35,481,151,2.5,0,0,0,0,0,0,0,0,0,2861

Main.js:462 331.482,302.61,207,207,-0.85,-0.42,-0.045,-0.023,11,0,0,1,0,0,0,0,208.935,201.712,-2.023,-1.469,0,0,0,0,0,0,0,0,172.722,170.387,1.5,112.5,0.928,-0.061,0.05,0.001,34,483.5,151,2.5,0,0,0,0,0,0,0,0,0,2875

Main.js:462 330.633,302.189,207,207,-0.849,-0.42,-0.045,-0.023,10,0,0,1,0,0,0,0,206.912,200.242,-2.023,-1.469,0,0,0,0,0,0,0,0,173.651,170.331,1.5,111,0.929,-0.057,0.05,0.001,33,486,151,2.5,0,0,0,0,0,0,0,0,0,2892

Main.js:462 329.784,301.768,207,207,-0.849,-0.421,-0.045,-0.023,9,0,0,1,0,0,0,0,204.89,198.773,-2.023,-1.469,0,0,0,0,0,0,0,0,174.581,170.278,1.5,109.5,0.93,-0.053,0.05,0.001,32,488.5,151,2.5,0,0,0,0,0,0,0,0,0,2909

Main.js:462 328.935,301.347,207,207,-0.849,-0.422,-0.045,-0.023,8,0,0,1,0,0,0,0,202.867,197.303,-2.023,-1.469,0,0,0,0,0,0,0,0,175.513,170.229,1.5,108,0.931,-0.049,0.05,0.001,31,491,151,2.5,0,0,0,0,0,0,0,0,0,2924

Main.js:462 328.086,300.925,207,207,-0.849,-0.422,-0.045,-0.023,7,0,0,1,0,0,0,0,200.845,195.834,-2.023,-1.469,0,0,0,0,0,0,0,0,176.445,170.184,1.5,106.5,0.932,-0.045,0.05,0.001,30,493.5,151,2.5,0,0,0,0,0,0,0,0,0,2941

Main.js:462 327.237,300.502,207,207,-0.849,-0.422,-0.045,-0.023,6,0,0,1,0,0,0,0,198.822,194.364,-2.023,-1.469,0,0,0,0,0,0,0,0,177.378,170.143,1.5,105,0.933,-0.042,0.05,0.001,29,496,151,2.5,0,0,0,0,0,0,0,0,0,2957

Main.js:462 326.388,300.079,207,207,-0.849,-0.423,-0.045,-0.023,5,0,0,1,0,0,0,0,196.8,192.895,-2.023,-1.469,0,0,0,0,0,0,0,0,178.312,170.104,1.5,103.5,0.934,-0.038,0.05,0.001,28,498.5,151,2.5,0,0,0,0,0,0,0,0,0,2973

Main.js:462 325.539,299.656,207,207,-0.849,-0.423,-0.045,-0.023,4,0,0,1,0,0,0,0,196.8,192.895,-2.023,-1.469,0,0,0,0,0,0,0,0,179.246,170.069,1.5,102,0.935,-0.035,0.05,0.001,27,0,0,0,0,0,0,0,0,0,0,0,0,2991

Main.js:462 324.691,299.232,207,207,-0.849,-0.424,-0.045,-0.023,3,0,0,1,0,0,0,0,194.777,191.425,-2.023,-1.469,0,0,0,0,0,0,0,0,180.182,170.037,1.5,100.5,0.935,-0.032,0.05,0.001,26,0,0,0,0,0,0,0,0,0,0,0,0,3008

Main.js:462 323.843,298.807,208.5,208.5,-0.848,-0.425,-0.044,-0.024,2,0,1,1,0,0,0,0,192.755,189.956,-2.023,-1.469,0,0,0,0,0,0,0,0,181.118,170.007,0,97.5,0.936,-0.03,0.05,0,25,0,0,0,0,0,0,0,0,0,0,0,0,3024

Main.js:462 322.996,298.379,210,210,-0.847,-0.428,-0.043,-0.025,1,0,1,1,0,0,0,0,190.732,188.486,-2.023,-1.469,0,0,0,0,0,0,0,0,182.055,169.976,358.5,94.5,0.937,-0.03,0.05,-0.001,24,0,0,0,0,0,0,0,0,0,0,0,0,3042

Main.js:462 322.152,297.948,211.5,211.5,-0.845,-0.431,-0.043,-0.026,0,0,1,1,0,0,0,0,188.709,187.017,-2.023,-1.469,0,0,0,0,0,0,0,0,182.992,169.945,357,91.5,0.937,-0.031,0.05,-0.003,23,0,0,0,0,0,0,0,0,0,0,0,0,3057

Main.js:462 321.309,297.513,213,213,-0.842,-0.435,-0.042,-0.027,0,0,1,1,0,0,0,0,186.687,185.547,-2.023,-1.469,0,0,0,0,0,0,0,0,183.93,169.912,355.5,88.5,0.938,-0.033,0.05,-0.004,22,0,0,0,0,0,0,0,0,0,0,0,0,3073

Main.js:462 320.47,297.072,214.5,214.5,-0.839,-0.441,-0.041,-0.028,0,0,1,1,0,0,0,0,186.687,185.547,-2.023,-1.469,0,0,0,0,0,0,0,0,184.868,169.875,354,85.5,0.938,-0.037,0.05,-0.005,21,0,0,0,0,0,0,0,0,0,0,0,0,3090

