Main.js:143 myTank.x,myTank.y,myTank.rotation,myTank.cannonRotation,myTank.velocityX,myTank.velocityY,myTank.accelerationX,myTank.accelerationY,myTank.shootCooldown,myTank.controls.turnLeft,myTank.controls.turnRight,myTank.controls.goForward,myTank.controls.goBack,myTank.controls.shoot,myTank.controls.cannonLeft,myTank.controls.cannonRight,myBullet1.x,myBullet1.y,myBullet1.velocityX,myBullet1.velocityY,myBullet2.x,myBullet2.y,myBullet2.velocityX,myBullet2.velocityY,myBullet3.x,myBullet3.y,myBullet3.velocityX,myBullet3.velocityY,enemyTank.x,enemyTank.y,enemyTank.rotation,enemyTank.cannonRotation,enemyTank.velocityX,enemyTank.velocityY,enemyTank.accelerationX,enemyTank.accelerationY,enemyTank.shootCooldown,enemyBullet1.x,enemyBullet1.y,enemyBullet1.velocityX,enemyBullet1.velocityY,enemyBullet2.x,enemyBullet2.y,enemyBullet2.velocityX,enemyBullet2.velocityY,enemyBullet3.x,enemyBullet3.y,enemyBullet3.velocityX,enemyBullet3.velocityY,currentGameTime
Main.js:462 50,153,0,0,0,0,0,0,0,0,0,0,0,0,0,0,0,0,0,0,0,0,0,0,0,0,0,0,450,347,180,180,0,0,0,0,0,0,0,0,0,0,0,0,0,0,0,0,0,6

Main.js:462 50,153,0,0,0,0,0,0,0,0,0,0,0,0,0,0,0,0,0,0,0,0,0,0,0,0,0,0,450,347,180,180,0,0,0,0,0,0,0,0,0,0,0,0,0,0,0,0,0,36

Main.js:462 50,153,0,0,0,0,0,0,0,0,0,0,0,0,0,0,0,0,0,0,0,0,0,0,0,0,0,0,449.953,346.999,181.5,180,-0.047,-0.001,-0.05,-0.001,99,0,0,0,0,0,0,0,0,0,0,0,0,52

Main.js:462 50,153,0,0,0,0,0,0,0,0,0,0,0,0,0,0,0,0,0,0,0,0,0,0,0,0,0,0,449.86,346.995,183,180,-0.093,-0.004,-0.05,-0.003,98,426.5,347,-2.5,0,0,0,0,0,0,0,0,0,67

Main.js:462 50,153,0,0,0,0,0,0,0,0,0,0,0,0,0,0,0,0,0,0,0,0,0,0,0,0,0,0,449.725,346.988,184.5,180,-0.135,-0.007,-0.05,-0.004,97,424,347,-2.5,0,0,0,0,0,0,0,0,0,85

Main.js:462 50.048,153,0,0,0.048,0,0.05,0,0,0,0,1,0,0,0,0,0,0,0,0,0,0,0,0,0,0,0,0,449.549,346.976,186,180,-0.176,-0.012,-0.05,-0.005,96,421.5,347,-2.5,0,0,0,0,0,0,0,0,0,102

Main.js:462 50.14,153,0,0,0.093,0,0.05,0,0,0,0,1,0,0,0,0,0,0,0,0,0,0,0,0,0,0,0,0,449.335,346.959,187.5,180,-0.214,-0.017,-0.05,-0.007,95,419,347,-2.5,0,0,0,0,0,0,0,0,0,117

Main.js:462 50.276,153,0,0,0.135,0,0.05,0,0,0,0,1,0,0,0,0,0,0,0,0,0,0,0,0,0,0,0,0,449.085,346.935,189,180,-0.25,-0.024,-0.049,-0.008,94,416.5,347,-2.5,0,0,0,0,0,0,0,0,0,134

Main.js:462 50.452,153,0,0,0.176,0,0.05,0,0,0,0,1,0,0,0,0,0,0,0,0,0,0,0,0,0,0,0,0,448.8,346.903,190.5,180,-0.284,-0.031,-0.049,-0.009,93,414,347,-2.5,0,0,0,0,0,0,0,0,0,151

Main.js:462 50.667,153,0,0,0.215,0,0.05,0,0,0,0,1,0,0,0,0,0,0,0,0,0,0,0,0,0,0,0,0,448.483,346.863,192,180,-0.317,-0.04,-0.049,-0.01,92,411.5,347,-2.5,0,0,0,0,0,0,0,0,0,169

Main.js:462 50.918,153,0,0,0.252,0,0.05,0,0,0,0,1,0,0,0,0,0,0,0,0,0,0,0,0,0,0,0,0,448.136,346.815,193.5,180,-0.347,-0.049,-0.049,-0.012,91,409,347,-2.5,0,0,0,0,0,0,0,0,0,185

Main.js:462 51.205,153,0,0,0.287,0,0.05,0,0,0,0,1,0,0,0,0,0,0,0,0,0,0,0,0,0,0,0,0,447.761,346.756,195,180,-0.376,-0.059,-0.048,-0.013,90,406.5,347,-2.5,0,0,0,0,0,0,0,0,0,202

Main.js:462 51.525,153,0,0,0.32,0,0.05,0,0,0,0,1,0,0,0,0,0,0,0,0,0,0,0,0,0,0,0,0,447.359,346.687,196.5,180,-0.402,-0.069,-0.048,-0.014,89,404,347,-2.5,0,0,0,0,0,0,0,0,0,217

Main.js:462 51.876,153,0,0,0.351,0,0.05,0,0,0,0,1,0,0,0,0,0,0,0,0,0,0,0,0,0,0,0,0,446.931,346.606,198,180,-0.427,-0.08,-0.048,-0.015,88,401.5,347,-2.5,0,0,0,0,0,0,0,0,0,235

Main.js:462 52.257,153,0,0,0.381,0,0.05,0,0,0,0,1,0,0,0,0,0,0,0,0,0,0,0,0,0,0,0,0,446.48,346.514,199.5,180,-0.451,-0.092,-0.047,-0.017,87,399,347,-2.5,0,0,0,0,0,0,0,0,0,252

Main.js:462 52.667,153,0,0,0.41,0,0.05,0,0,0,0,1,0,0,0,0,0,0,0,0,0,0,0,0,0,0,0,0,446.008,346.409,201,180,-0.473,-0.105,-0.047,-0.018,86,396.5,347,-2.5,0,0,0,0,0,0,0,0,0,268

Main.js:462 53.103,153,0,0,0.437,0,0.05,0,0,0,0,1,0,0,0,0,0,0,0,0,0,0,0,0,0,0,0,0,445.515,346.292,202.5,180,-0.493,-0.118,-0.046,-0.019,85,394,347,-2.5,0,0,0,0,0,0,0,0,0,285

Main.js:462 53.566,153,0,0,0.462,0,0.05,0,0,0,0,1,0,0,0,0,0,0,0,0,0,0,0,0,0,0,0,0,445.003,346.16,204,180,-0.512,-0.131,-0.046,-0.02,84,391.5,347,-2.5,0,0,0,0,0,0,0,0,0,300

Main.js:462 54.053,153.001,1.5,1.5,0.487,0.001,0.05,0.001,0,0,1,1,0,0,0,0,0,0,0,0,0,0,0,0,0,0,0,0,444.474,346.015,205.5,180,-0.529,-0.145,-0.045,-0.022,83,389,347,-2.5,0,0,0,0,0,0,0,0,0,318

Main.js:462 54.562,153.005,3,3,0.51,0.004,0.05,0.003,0,0,1,1,0,0,0,0,0,0,0,0,0,0,0,0,0,0,0,0,443.93,345.856,207,180,-0.545,-0.159,-0.045,-0.023,82,386.5,347,-2.5,0,0,0,0,0,0,0,0,0,334

Main.js:462 55.094,153.012,4.5,4.5,0.532,0.007,0.05,0.004,0,0,1,1,0,0,0,0,0,0,0,0,0,0,0,0,0,0,0,0,443.37,345.682,208.5,180,-0.559,-0.174,-0.044,-0.024,81,384,347,-2.5,0,0,0,0,0,0,0,0,0,352

Main.js:462 55.646,153.024,6,6,0.552,0.012,0.05,0.005,0,0,1,1,0,0,0,0,0,0,0,0,0,0,0,0,0,0,0,0,442.798,345.493,210,180,-0.572,-0.189,-0.043,-0.025,80,381.5,347,-2.5,0,0,0,0,0,0,0,0,0,367

Main.js:462 56.218,153.041,7.5,7.5,0.572,0.017,0.05,0.007,0,0,1,1,0,0,0,0,0,0,0,0,0,0,0,0,0,0,0,0,442.213,345.289,211.5,180,-0.584,-0.204,-0.043,-0.026,79,379,347,-2.5,0,0,0,0,0,0,0,0,0,384

Main.js:462 56.808,153.065,9,9,0.59,0.024,0.049,0.008,0,0,1,1,0,0,0,0,0,0,0,0,0,0,0,0,0,0,0,0,441.618,345.069,213,180,-0.595,-0.22,-0.042,-0.027,78,376.5,347,-2.5,0,0,0,0,0,0,0,0,0,401

Main.js:462 57.416,153.097,10.5,10.5,0.607,0.031,0.049,0.009,0,0,1,1,0,0,0,0,0,0,0,0,0,0,0,0,0,0,0,0,441.014,344.833,214.5,180,-0.604,-0.236,-0.041,-0.028,77,374,347,-2.5,0,0,0,0,0,0,0,0,0,417

Main.js:462 58.039,153.137,12,12,0.623,0.04,0.049,0.01,0,0,1,1,0,0,0,0,0,0,0,0,0,0,0,0,0,0,0,0,440.402,344.581,216,180,-0.613,-0.252,-0.04,-0.029,76,371.5,347,-2.5,0,0,0,0,0,0,0,0,0,434

Main.js:462 58.677,153.185,13.5,13.5,0.638,0.049,0.049,0.012,0,0,1,1,0,0,0,0,0,0,0,0,0,0,0,0,0,0,0,0,439.782,344.312,217.5,180,-0.62,-0.268,-0.04,-0.03,75,369,347,-2.5,0,0,0,0,0,0,0,0,0,451

Main.js:462 59.33,153.244,15,15,0.652,0.059,0.048,0.013,0,0,1,1,0,0,0,0,0,0,0,0,0,0,0,0,0,0,0,0,439.156,344.027,219,180,-0.626,-0.285,-0.039,-0.031,74,366.5,347,-2.5,0,0,0,0,0,0,0,0,0,468

Main.js:462 59.995,153.313,16.5,16.5,0.665,0.069,0.048,0.014,0,0,1,1,0,0,0,0,0,0,0,0,0,0,0,0,0,0,0,0,438.526,343.726,220.5,180,-0.63,-0.301,-0.038,-0.032,73,364,347,-2.5,0,0,0,0,0,0,0,0,0,484

Main.js:462 60.672,153.394,18,18,0.677,0.08,0.048,0.015,0,0,1,1,0,0,0,0,0,0,0,0,0,0,0,0,0,0,0,0,437.892,343.408,222,180,-0.634,-0.318,-0.037,-0.033,72,361.5,347,-2.5,0,0,0,0,0,0,0,0,0,502

Main.js:462 61.36,153.486,19.5,19.5,0.688,0.092,0.047,0.017,0,0,1,1,0,0,0,0,0,0,0,0,0,0,0,0,0,0,0,0,437.254,343.074,222,178.5,-0.638,-0.334,-0.037,-0.033,71,359,347,-2.5,0,0,0,0,0,0,0,0,0,518

Main.js:462 62.058,153.591,21,21,0.698,0.105,0.047,0.018,0,0,1,1,0,0,0,0,0,0,0,0,0,0,0,0,0,0,0,0,436.613,342.724,222,177,-0.641,-0.349,-0.037,-0.033,70,356.5,347,-2.5,0,0,0,0,0,0,0,0,0,534

Main.js:462 62.766,153.707,21,21,0.708,0.116,0.047,0.018,0,0,0,1,0,0,0,0,0,0,0,0,0,0,0,0,0,0,0,0,435.968,342.361,222,175.5,-0.644,-0.363,-0.037,-0.033,69,354,347,-2.5,0,0,0,0,0,0,0,0,0,553

Main.js:462 63.482,153.835,21,21,0.716,0.128,0.047,0.018,0,0,0,1,0,0,0,0,0,0,0,0,0,0,0,0,0,0,0,0,435.321,341.984,222,174,-0.647,-0.377,-0.037,-0.033,68,351.5,347,-2.5,0,0,0,0,0,0,0,0,0,569

Main.js:462 64.207,153.973,21,21,0.725,0.138,0.047,0.018,0,0,0,1,0,0,0,0,0,0,0,0,0,0,0,0,0,0,0,0,434.671,341.594,222,172.5,-0.65,-0.39,-0.037,-0.033,67,349,347,-2.5,0,0,0,0,0,0,0,0,0,584

Main.js:462 64.941,154.122,21,21,0.733,0.148,0.047,0.018,0,0,0,1,0,0,0,0,0,0,0,0,0,0,0,0,0,0,0,0,434.017,341.192,222,171,-0.653,-0.402,-0.037,-0.033,66,346.5,347,-2.5,0,0,0,0,0,0,0,0,0,601

Main.js:462 65.681,154.28,21,21,0.741,0.158,0.047,0.018,0,0,0,1,0,0,0,0,0,0,0,0,0,0,0,0,0,0,0,0,433.361,340.778,222,169.5,-0.656,-0.414,-0.037,-0.033,65,344,347,-2.5,0,0,0,0,0,0,0,0,0,617

Main.js:462 66.429,154.447,21,21,0.748,0.167,0.047,0.018,0,0,0,1,0,0,0,0,0,0,0,0,0,0,0,0,0,0,0,0,432.703,340.353,222,168,-0.658,-0.425,-0.037,-0.033,64,341.5,347,-2.5,0,0,0,0,0,0,0,0,0,635

Main.js:462 67.185,154.623,21,21,0.755,0.176,0.047,0.018,0,0,0,1,0,0,0,0,0,0,0,0,0,0,0,0,0,0,0,0,432.042,339.917,222,166.5,-0.661,-0.436,-0.037,-0.033,63,339,347,-2.5,0,0,0,0,0,0,0,0,0,652

Main.js:462 67.946,154.808,22.5,22.5,0.761,0.185,0.046,0.019,0,0,1,1,0,0,0,0,0,0,0,0,0,0,0,0,0,0,0,0,431.379,339.471,222,165,-0.663,-0.446,-0.037,-0.033,62,336.5,347,-2.5,0,0,0,0,0,0,0,0,0,668

Main.js:462 68.712,155.003,24,24,0.767,0.195,0.046,0.02,0,0,1,1,0,0,0,0,0,0,0,0,0,0,0,0,0,0,0,0,430.714,339.016,222,163.5,-0.665,-0.455,-0.037,-0.033,61,334,347,-2.5,0,0,0,0,0,0,0,0,0,685

Main.js:462 69.483,155.209,25.5,25.5,0.771,0.206,0.045,0.022,0,0,1,1,0,0,0,0,0,0,0,0,0,0,0,0,0,0,0,0,430.047,338.552,222,162,-0.667,-0.464,-0.037,-0.033,60,331.5,347,-2.5,0,0,0,0,0,0,0,0,0,701

Main.js:462 70.258,155.426,27,27,0.775,0.217,0.045,0.023,0,0,1,1,0,0,0,0,0,0,0,0,0,0,0,0,0,0,0,0,429.378,338.08,222,160.5,-0.669,-0.473,-0.037,-0.033,59,329,347,-2.5,0,0,0,0,0,0,0,0,0,750

Main.js:462 71.036,155.655,28.5,28.5,0.778,0.229,0.044,0.024,0,0,1,1,0,0,0,0,0,0,0,0,0,0,0,0,0,0,0,0,428.707,337.599,222,159,-0.671,-0.481,-0.037,-0.033,58,326.5,347,-2.5,0,0,0,0,0,0,0,0,0,766

Main.js:462 71.816,155.897,30,30,0.78,0.241,0.043,0.025,0,0,1,1,0,0,0,0,0,0,0,0,0,0,0,0,0,0,0,0,428.034,337.11,222,157.5,-0.673,-0.489,-0.037,-0.033,57,324,347,-2.5,0,0,0,0,0,0,0,0,0,785

Main.js:462 72.598,156.151,31.5,31.5,0.782,0.254,0.043,0.026,0,0,1,1,0,0,0,0,0,0,0,0,0,0,0,0,0,0,0,0,427.36,336.614,222,156,-0.674,-0.496,-0.037,-0.033,56,321.5,347,-2.5,0,0,0,0,0,0,0,0,0,801

Main.js:462 73.381,156.417,31.5,31.5,0.783,0.266,0.043,0.026,99,0,0,1,0,1,0,0,0,0,0,0,0,0,0,0,0,0,0,0,426.684,336.111,222,154.5,-0.676,-0.503,-0.037,-0.033,55,319,347,-2.5,0,0,0,0,0,0,0,0,0,817

Main.js:462 74.165,156.695,31.5,31.5,0.784,0.278,0.043,0.026,98,0,0,1,0,1,0,0,92.635,168.43,2.132,1.306,0,0,0,0,0,0,0,0,426.006,335.602,222,153,-0.677,-0.51,-0.037,-0.033,54,316.5,347,-2.5,0,0,0,0,0,0,0,0,0,834

Main.js:462 74.95,156.983,31.5,31.5,0.786,0.289,0.043,0.026,97,0,0,1,0,1,0,0,94.766,169.736,2.132,1.306,0,0,0,0,0,0,0,0,425.328,335.086,222,151.5,-0.679,-0.516,-0.037,-0.033,53,314,347,-2.5,0,0,0,0,0,0,0,0,0,850

Main.js:462 75.737,157.282,31.5,31.5,0.787,0.299,0.043,0.026,96,0,0,1,0,1,0,0,96.898,171.042,2.132,1.306,0,0,0,0,0,0,0,0,424.647,334.564,222,150,-0.68,-0.522,-0.037,-0.033,52,311.5,347,-2.5,0,0,0,0,0,0,0,0,0,867

Main.js:462 76.525,157.591,31.5,31.5,0.788,0.309,0.043,0.026,95,0,0,1,0,1,0,0,99.029,172.348,2.132,1.306,0,0,0,0,0,0,0,0,423.966,334.036,222,148.5,-0.682,-0.528,-0.037,-0.033,51,309,347,-2.5,0,0,0,0,0,0,0,0,0,885

Main.js:462 77.314,157.91,31.5,31.5,0.789,0.318,0.043,0.026,94,0,0,1,0,1,0,0,101.161,173.655,2.132,1.306,0,0,0,0,0,0,0,0,423.283,333.503,222,147,-0.683,-0.533,-0.037,-0.033,50,306.5,347,-2.5,0,0,0,0,0,0,0,0,0,900

Main.js:462 78.105,158.237,31.5,31.5,0.79,0.327,0.043,0.026,93,0,0,1,0,0,0,0,103.293,174.961,2.132,1.306,0,0,0,0,0,0,0,0,422.599,332.965,222,145.5,-0.684,-0.538,-0.037,-0.033,49,304,347,-2.5,0,0,0,0,0,0,0,0,0,917

Main.js:462 78.896,158.572,31.5,31.5,0.791,0.336,0.043,0.026,92,0,0,1,0,0,0,0,105.424,176.267,2.132,1.306,0,0,0,0,0,0,0,0,421.914,332.422,222,144,-0.685,-0.543,-0.037,-0.033,48,301.5,347,-2.5,0,0,0,0,0,0,0,0,0,934

Main.js:462 79.688,158.916,31.5,31.5,0.792,0.344,0.043,0.026,91,0,0,1,0,0,0,0,107.556,177.573,2.132,1.306,0,0,0,0,0,0,0,0,421.228,331.875,222,142.5,-0.686,-0.548,-0.037,-0.033,47,299,347,-2.5,0,0,0,0,0,0,0,0,0,950

Main.js:462 80.481,159.267,31.5,31.5,0.793,0.351,0.043,0.026,90,0,0,1,0,0,0,0,109.687,178.88,2.132,1.306,0,0,0,0,0,0,0,0,420.541,331.323,222,141,-0.687,-0.552,-0.037,-0.033,46,296.5,347,-2.5,0,0,0,0,0,0,0,0,0,966

Main.js:462 81.275,159.626,31.5,31.5,0.794,0.359,0.043,0.026,89,0,0,1,0,0,0,0,111.819,180.186,2.132,1.306,0,0,0,0,0,0,0,0,419.853,330.767,222,139.5,-0.688,-0.556,-0.037,-0.033,45,294,347,-2.5,0,0,0,0,0,0,0,0,0,984

Main.js:462 82.069,159.991,31.5,31.5,0.795,0.365,0.043,0.026,88,0,0,1,0,1,0,0,113.951,181.492,2.132,1.306,0,0,0,0,0,0,0,0,419.164,330.206,222,138,-0.689,-0.56,-0.037,-0.033,44,291.5,347,-2.5,0,0,0,0,0,0,0,0,0,1002

Main.js:462 82.865,160.363,31.5,31.5,0.795,0.372,0.043,0.026,87,0,0,1,0,1,0,0,116.082,182.798,2.132,1.306,0,0,0,0,0,0,0,0,418.473,329.643,220.5,135,-0.691,-0.563,-0.038,-0.032,43,289,347,-2.5,0,0,0,0,0,0,0,0,0,1018

Main.js:462 83.661,160.742,31.5,31.5,0.796,0.378,0.043,0.026,86,0,0,1,0,1,0,0,118.214,184.105,2.132,1.306,0,0,0,0,0,0,0,0,417.781,329.079,219,132,-0.693,-0.565,-0.039,-0.031,42,286.5,347,-2.5,0,0,0,0,0,0,0,0,0,1036

Main.js:462 84.458,161.126,31.5,31.5,0.797,0.384,0.043,0.026,85,0,0,1,0,1,0,0,120.345,185.411,2.132,1.306,0,0,0,0,0,0,0,0,417.084,328.513,217.5,129,-0.696,-0.565,-0.04,-0.03,41,284,347,-2.5,0,0,0,0,0,0,0,0,0,1050

Main.js:462 85.255,161.515,31.5,31.5,0.797,0.39,0.043,0.026,84,0,0,1,0,1,0,0,122.477,186.717,2.132,1.306,0,0,0,0,0,0,0,0,416.385,327.948,216,126,-0.7,-0.565,-0.04,-0.029,40,281.5,347,-2.5,0,0,0,0,0,0,0,0,0,1068

Main.js:462 86.053,161.91,31.5,31.5,0.798,0.395,0.043,0.026,83,0,0,1,0,1,0,0,124.609,188.023,2.132,1.306,0,0,0,0,0,0,0,0,415.681,327.384,214.5,123,-0.704,-0.564,-0.041,-0.028,39,279,347,-2.5,0,0,0,0,0,0,0,0,0,1085

Main.js:462 86.852,162.311,31.5,31.5,0.799,0.4,0.043,0.026,82,0,0,1,0,0,0,0,126.74,189.33,2.132,1.306,0,0,0,0,0,0,0,0,414.973,326.823,213,120,-0.708,-0.561,-0.042,-0.027,38,276.5,347,-2.5,0,0,0,0,0,0,0,0,0,1101

Main.js:462 87.651,162.716,31.5,31.5,0.799,0.405,0.043,0.026,81,0,0,1,0,0,0,0,128.872,190.636,2.132,1.306,0,0,0,0,0,0,0,0,414.259,326.265,211.5,117,-0.714,-0.558,-0.043,-0.026,37,274,347,-2.5,0,0,0,0,0,0,0,0,0,1118

Main.js:462 88.451,163.125,31.5,31.5,0.8,0.41,0.043,0.026,80,0,0,1,0,0,0,0,131.003,191.942,2.132,1.306,0,0,0,0,0,0,0,0,413.54,325.711,210,114,-0.719,-0.554,-0.043,-0.025,36,271.5,347,-2.5,0,0,0,0,0,0,0,0,0,1134

Main.js:462 89.251,163.539,31.5,31.5,0.8,0.414,0.043,0.026,79,0,0,1,0,0,0,0,133.135,193.248,2.132,1.306,0,0,0,0,0,0,0,0,412.815,325.162,208.5,111,-0.725,-0.549,-0.044,-0.024,35,269,347,-2.5,0,0,0,0,0,0,0,0,0,1150

Main.js:462 90.052,163.957,31.5,31.5,0.801,0.418,0.043,0.026,78,0,0,1,0,0,0,0,135.267,194.555,2.132,1.306,0,0,0,0,0,0,0,0,412.084,324.619,207,108,-0.731,-0.543,-0.045,-0.023,34,266.5,347,-2.5,0,0,0,0,0,0,0,0,0,1167

Main.js:462 90.853,164.379,31.5,31.5,0.801,0.422,0.043,0.026,77,0,0,1,0,0,0,0,137.398,195.861,2.132,1.306,0,0,0,0,0,0,0,0,411.347,324.082,205.5,105,-0.737,-0.536,-0.045,-0.022,33,264,347,-2.5,0,0,0,0,0,0,0,0,0,1183

Main.js:462 91.655,164.804,31.5,31.5,0.802,0.426,0.043,0.026,76,0,0,1,0,0,0,0,139.53,197.167,2.132,1.306,0,0,0,0,0,0,0,0,410.604,323.554,204,102,-0.744,-0.529,-0.046,-0.02,32,261.5,347,-2.5,0,0,0,0,0,0,0,0,0,1200

Main.js:462 92.457,165.234,31.5,31.5,0.802,0.429,0.043,0.026,75,0,0,1,0,0,0,0,141.661,198.473,2.132,1.306,0,0,0,0,0,0,0,0,409.853,323.033,202.5,99,-0.75,-0.521,-0.046,-0.019,31,259,347,-2.5,0,0,0,0,0,0,0,0,0,1217

Main.js:462 93.26,165.666,31.5,31.5,0.803,0.433,0.043,0.026,74,0,0,1,0,0,0,0,143.793,199.779,2.132,1.306,0,0,0,0,0,0,0,0,409.096,322.521,201,96,-0.757,-0.512,-0.047,-0.018,30,256.5,347,-2.5,0,0,0,0,0,0,0,0,0,1234

Main.js:462 94.063,166.102,31.5,31.5,0.803,0.436,0.043,0.026,73,0,0,1,0,0,0,0,145.925,201.086,2.132,1.306,0,0,0,0,0,0,0,0,408.332,322.019,199.5,93,-0.764,-0.502,-0.047,-0.017,29,254,347,-2.5,0,0,0,0,0,0,0,0,0,1251

Main.js:462 94.866,166.541,31.5,31.5,0.803,0.439,0.043,0.026,72,0,0,1,0,0,0,0,148.056,202.392,2.132,1.306,0,0,0,0,0,0,0,0,407.561,321.528,198,90,-0.771,-0.491,-0.048,-0.015,28,251.5,347,-2.5,0,0,0,0,0,0,0,0,0,1267

Main.js:462 95.67,166.981,30,30,0.804,0.441,0.043,0.025,71,1,0,1,0,0,0,0,150.188,203.698,2.132,1.306,0,0,0,0,0,0,0,0,406.783,321.048,196.5,87,-0.778,-0.48,-0.048,-0.014,27,249,347,-2.5,0,0,0,0,0,0,0,0,0,1285

Main.js:462 96.476,167.422,28.5,28.5,0.806,0.441,0.044,0.024,70,1,0,1,0,0,0,0,152.319,205.004,2.132,1.306,0,0,0,0,0,0,0,0,405.997,320.579,195,84,-0.785,-0.469,-0.048,-0.013,26,246.5,347,-2.5,0,0,0,0,0,0,0,0,0,1301

Main.js:462 97.284,167.863,27,27,0.808,0.441,0.045,0.023,69,1,0,1,0,0,0,0,154.451,206.311,2.132,1.306,0,0,0,0,0,0,0,0,405.205,320.123,193.5,81,-0.792,-0.456,-0.049,-0.012,25,244,347,-2.5,0,0,0,0,0,0,0,0,0,1318

Main.js:462 98.094,168.302,25.5,25.5,0.81,0.439,0.045,0.022,68,1,0,1,0,0,0,0,156.583,207.617,2.132,1.306,0,0,0,0,0,0,0,0,404.407,319.679,192,78,-0.799,-0.443,-0.049,-0.01,24,241.5,347,-2.5,0,0,0,0,0,0,0,0,0,1335

Main.js:462 98.907,168.74,25.5,25.5,0.813,0.438,0.045,0.022,67,0,0,1,0,0,0,0,158.714,208.923,2.132,1.306,0,0,0,0,0,0,0,0,403.601,319.249,190.5,75,-0.806,-0.43,-0.049,-0.009,23,239,347,-2.5,0,0,0,0,0,0,0,0,0,1350

Main.js:462 99.721,169.176,25.5,25.5,0.815,0.436,0.045,0.022,66,0,0,1,0,0,0,0,160.846,210.229,2.132,1.306,0,0,0,0,0,0,0,0,402.789,318.834,189,72,-0.812,-0.416,-0.049,-0.008,22,236.5,347,-2.5,0,0,0,0,0,0,0,0,0,1367

Main.js:462 100.538,169.611,25.5,25.5,0.817,0.435,0.045,0.022,65,0,0,1,0,0,0,0,162.977,211.536,2.132,1.306,0,0,0,0,0,0,0,0,401.97,318.432,187.5,69,-0.819,-0.401,-0.05,-0.007,21,234,347,-2.5,0,0,0,0,0,0,0,0,0,1384

Main.js:462 101.357,170.044,25.5,25.5,0.819,0.434,0.045,0.022,64,0,0,1,0,0,0,0,165.109,212.842,2.132,1.306,0,0,0,0,0,0,0,0,401.145,318.046,186,66,-0.825,-0.386,-0.05,-0.005,20,231.5,347,-2.5,0,0,0,0,0,0,0,0,0,1402

Main.js:462 102.178,170.477,25.5,25.5,0.821,0.432,0.045,0.022,63,0,0,1,0,0,0,0,167.241,214.148,2.132,1.306,0,0,0,0,0,0,0,0,400.314,317.676,184.5,63,-0.831,-0.371,-0.05,-0.004,19,229,347,-2.5,0,0,0,0,0,0,0,0,0,1418

Main.js:462 103.001,170.908,25.5,25.5,0.823,0.431,0.045,0.022,62,0,0,1,0,0,0,0,169.372,215.454,2.132,1.306,0,0,0,0,0,0,0,0,399.477,317.321,183,60,-0.837,-0.354,-0.05,-0.003,18,226.5,347,-2.5,0,0,0,0,0,0,0,0,0,1434

Main.js:462 103.826,171.338,25.5,25.5,0.825,0.43,0.045,0.022,61,0,0,1,0,1,0,0,171.504,216.761,2.132,1.306,0,0,0,0,0,0,0,0,398.634,316.983,181.5,57,-0.843,-0.338,-0.05,-0.001,17,224,347,-2.5,0,0,0,0,0,0,0,0,0,1451

Main.js:462 104.652,171.767,25.5,25.5,0.826,0.429,0.045,0.022,60,0,0,1,0,1,0,0,173.635,218.067,2.132,1.306,0,0,0,0,0,0,0,0,397.786,316.662,180,54,-0.848,-0.321,-0.05,0,16,221.5,347,-2.5,0,0,0,0,0,0,0,0,0,1467

Main.js:462 105.48,172.195,25.5,25.5,0.828,0.428,0.045,0.022,59,0,0,1,0,1,0,0,175.767,219.373,2.132,1.306,0,0,0,0,0,0,0,0,396.933,316.358,178.5,51,-0.853,-0.304,-0.05,0.001,15,219,347,-2.5,0,0,0,0,0,0,0,0,0,1484

Main.js:462 106.309,172.622,25.5,25.5,0.829,0.427,0.045,0.022,58,0,0,1,0,1,0,0,177.899,220.679,2.132,1.306,0,0,0,0,0,0,0,0,396.075,316.072,177,48,-0.858,-0.286,-0.05,0.003,14,216.5,347,-2.5,0,0,0,0,0,0,0,0,0,1500

Main.js:462 107.139,173.048,25.5,25.5,0.831,0.426,0.045,0.022,57,0,0,1,0,1,0,0,180.03,221.986,2.132,1.306,0,0,0,0,0,0,0,0,395.212,315.804,175.5,45,-0.862,-0.268,-0.05,0.004,13,214,347,-2.5,0,0,0,0,0,0,0,0,0,1516

Main.js:462 107.971,173.473,25.5,25.5,0.832,0.425,0.045,0.022,56,0,0,1,0,0,0,0,182.162,223.292,2.132,1.306,0,0,0,0,0,0,0,0,394.346,315.554,174,42,-0.866,-0.25,-0.05,0.005,12,211.5,347,-2.5,0,0,0,0,0,0,0,0,0,1534

Main.js:462 108.805,173.898,25.5,25.5,0.833,0.424,0.045,0.022,55,0,0,1,0,0,0,0,184.293,224.598,2.132,1.306,0,0,0,0,0,0,0,0,393.476,315.323,172.5,39,-0.87,-0.231,-0.05,0.007,11,209,347,-2.5,0,0,0,0,0,0,0,0,0,1550

Main.js:462 109.639,174.321,25.5,25.5,0.834,0.424,0.045,0.022,54,0,0,1,0,0,0,0,186.425,225.904,2.132,1.306,0,0,0,0,0,0,0,0,392.602,315.111,171,36,-0.874,-0.212,-0.049,0.008,10,206.5,347,-2.5,0,0,0,0,0,0,0,0,0,1568

Main.js:462 110.475,174.744,25.5,25.5,0.836,0.423,0.045,0.022,53,0,0,1,0,0,0,0,188.557,227.211,2.132,1.306,0,0,0,0,0,0,0,0,391.725,314.918,169.5,33,-0.877,-0.193,-0.049,0.009,9,204,347,-2.5,0,0,0,0,0,0,0,0,0,1585

Main.js:462 111.311,175.166,25.5,25.5,0.837,0.422,0.045,0.022,52,0,0,1,0,0,0,0,190.688,228.517,2.132,1.306,0,0,0,0,0,0,0,0,390.846,314.745,168,30,-0.879,-0.173,-0.049,0.01,8,201.5,347,-2.5,0,0,0,0,0,0,0,0,0,1602

Main.js:462 112.149,175.588,25.5,25.5,0.838,0.422,0.045,0.022,51,0,0,1,0,0,0,0,192.82,229.823,2.132,1.306,0,0,0,0,0,0,0,0,389.965,314.592,166.5,27,-0.882,-0.154,-0.049,0.012,7,199,347,-2.5,0,0,0,0,0,0,0,0,0,1617

Main.js:462 112.988,176.009,25.5,25.5,0.839,0.421,0.045,0.022,50,0,0,1,0,1,0,0,194.951,231.129,2.132,1.306,0,0,0,0,0,0,0,0,389.081,314.458,165,24,-0.883,-0.134,-0.048,0.013,6,196.5,347,-2.5,0,0,0,0,0,0,0,0,0,1634

Main.js:462 113.827,176.429,25.5,25.5,0.84,0.42,0.045,0.022,49,0,0,1,0,1,0,0,197.083,232.436,2.132,1.306,0,0,0,0,0,0,0,0,388.197,314.345,163.5,21,-0.885,-0.113,-0.048,0.014,5,194,347,-2.5,0,0,0,0,0,0,0,0,0,1651

Main.js:462 114.668,176.849,25.5,25.5,0.841,0.42,0.045,0.022,48,0,0,1,0,1,0,0,199.215,233.742,2.132,1.306,0,0,0,0,0,0,0,0,387.311,314.252,162,18,-0.886,-0.093,-0.048,0.015,4,191.5,347,-2.5,0,0,0,0,0,0,0,0,0,1668

Main.js:462 115.509,177.268,25.5,25.5,0.841,0.419,0.045,0.022,47,0,0,1,0,1,0,0,201.346,235.048,2.132,1.306,0,0,0,0,0,0,0,0,386.425,314.179,160.5,15,-0.886,-0.073,-0.047,0.017,3,189,347,-2.5,0,0,0,0,0,0,0,0,0,1686

Main.js:462 116.351,177.687,25.5,25.5,0.842,0.419,0.045,0.022,46,0,0,1,0,1,0,0,203.478,236.354,2.132,1.306,0,0,0,0,0,0,0,0,385.539,314.127,159,12,-0.886,-0.052,-0.047,0.018,2,186.5,347,-2.5,0,0,0,0,0,0,0,0,0,1702

Main.js:462 117.194,178.105,25.5,25.5,0.843,0.418,0.045,0.022,45,0,0,1,0,1,0,0,205.609,237.661,2.132,1.306,0,0,0,0,0,0,0,0,384.653,314.096,157.5,9,-0.886,-0.031,-0.046,0.019,1,184,347,-2.5,0,0,0,0,0,0,0,0,0,1718

Main.js:462 118.038,178.523,25.5,25.5,0.844,0.418,0.045,0.022,44,0,0,1,0,0,0,0,207.741,238.967,2.132,1.306,0,0,0,0,0,0,0,0,383.768,314.086,156,6,-0.885,-0.01,-0.046,0.02,0,181.5,347,-2.5,0,0,0,0,0,0,0,0,0,1767

Main.js:462 118.882,178.94,25.5,25.5,0.844,0.417,0.045,0.022,43,0,0,1,0,0,0,0,209.873,240.273,2.132,1.306,0,0,0,0,0,0,0,0,382.885,314.097,154.5,3,-0.883,0.011,-0.045,0.022,99,179,347,-2.5,0,0,0,0,0,0,0,0,0,1783

Main.js:462 119.727,179.357,25.5,25.5,0.845,0.417,0.045,0.022,42,0,0,1,0,0,0,0,212.004,241.579,2.132,1.306,0,0,0,0,0,0,0,0,382.003,314.128,153,0,-0.882,0.032,-0.045,0.023,98,176.5,347,-2.5,0,407.236,315.316,2.497,0.131,0,0,0,0,1802

Main.js:462 120.573,179.774,25.5,25.5,0.846,0.417,0.045,0.022,41,0,0,1,0,1,0,0,214.136,242.886,2.132,1.306,0,0,0,0,0,0,0,0,381.124,314.181,151.5,357,-0.879,0.053,-0.044,0.024,97,174,347,-2.5,0,409.732,315.447,2.497,0.131,0,0,0,0,1817

Main.js:462 121.419,180.19,25.5,25.5,0.846,0.416,0.045,0.022,40,0,0,1,0,1,0,0,216.267,244.192,2.132,1.306,0,0,0,0,0,0,0,0,380.247,314.255,150,354,-0.876,0.074,-0.043,0.025,96,171.5,347,-2.5,0,412.229,315.577,2.497,0.131,0,0,0,0,1833

Main.js:462 122.266,180.606,25.5,25.5,0.847,0.416,0.045,0.022,39,0,0,1,0,1,0,0,218.399,245.498,2.132,1.306,0,0,0,0,0,0,0,0,379.374,314.35,148.5,351,-0.873,0.095,-0.043,0.026,95,169,347,-2.5,0,414.726,315.708,2.497,0.131,0,0,0,0,1850

Main.js:462 123.113,181.021,25.5,25.5,0.847,0.415,0.045,0.022,38,0,0,1,0,1,0,0,220.531,246.804,2.132,1.306,0,0,0,0,0,0,0,0,378.505,314.466,147,348,-0.869,0.116,-0.042,0.027,94,166.5,347,-2.5,0,417.222,315.839,2.497,0.131,0,0,0,0,1867

Main.js:462 123.961,181.436,25.5,25.5,0.848,0.415,0.045,0.022,37,0,0,1,0,1,0,0,222.662,248.111,2.132,1.306,0,0,0,0,0,0,0,0,377.64,314.604,145.5,345,-0.865,0.137,-0.041,0.028,93,164,347,-2.5,0,419.719,315.97,2.497,0.131,0,0,0,0,1884

Main.js:462 124.81,181.851,25.5,25.5,0.848,0.415,0.045,0.022,36,0,0,1,0,0,0,0,224.794,249.417,2.132,1.306,0,0,0,0,0,0,0,0,376.779,314.762,144,342,-0.86,0.158,-0.04,0.029,92,161.5,347,-2.5,0,422.215,316.101,2.497,0.131,0,0,0,0,1900

Main.js:462 125.658,182.266,25.5,25.5,0.849,0.415,0.045,0.022,35,0,0,1,0,0,0,0,226.925,250.723,2.132,1.306,0,0,0,0,0,0,0,0,375.925,314.941,142.5,339,-0.855,0.179,-0.04,0.03,91,159,347,-2.5,0,424.712,316.232,2.497,0.131,0,0,0,0,1918

Main.js:462 126.508,182.68,25.5,25.5,0.849,0.414,0.045,0.022,34,0,0,1,0,0,0,0,229.057,252.029,2.132,1.306,0,0,0,0,0,0,0,0,375.076,315.141,141,336,-0.849,0.2,-0.039,0.031,90,156.5,347,-2.5,0,427.208,316.362,2.497,0.131,0,0,0,0,1935

Main.js:462 127.357,183.094,25.5,25.5,0.85,0.414,0.045,0.022,33,0,0,1,0,0,0,0,231.189,253.336,2.132,1.306,0,0,0,0,0,0,0,0,374.233,315.363,139.5,333,-0.843,0.221,-0.038,0.032,89,154,347,-2.5,0,429.705,316.493,2.497,0.131,0,0,0,0,1950

Main.js:462 128.207,183.508,25.5,25.5,0.85,0.414,0.045,0.022,32,0,0,1,0,0,0,0,233.32,254.642,2.132,1.306,0,0,0,0,0,0,0,0,373.397,315.604,138,330,-0.836,0.242,-0.037,0.033,88,151.5,347,-2.5,0,432.202,316.624,2.497,0.131,0,0,0,0,1967

Main.js:462 129.058,183.921,25.5,25.5,0.85,0.414,0.045,0.022,31,0,0,1,0,0,0,0,235.452,255.948,2.132,1.306,0,0,0,0,0,0,0,0,372.568,315.867,136.5,327,-0.829,0.262,-0.036,0.034,87,149,347,-2.5,0,434.698,316.755,2.497,0.131,0,0,0,0,1984

Main.js:462 129.908,184.335,25.5,25.5,0.851,0.413,0.045,0.022,30,0,0,1,0,0,0,0,237.583,257.254,2.132,1.306,0,0,0,0,0,0,0,0,371.748,316.15,135,324,-0.821,0.283,-0.035,0.035,86,146.5,347,-2.5,0,437.195,316.886,2.497,0.131,0,0,0,0,2000

Main.js:462 130.759,184.748,25.5,25.5,0.851,0.413,0.045,0.022,29,0,0,1,0,0,0,0,239.715,258.561,2.132,1.306,0,0,0,0,0,0,0,0,370.934,316.451,136.5,324,-0.814,0.301,-0.036,0.034,85,144,347,-2.5,0,439.691,317.017,2.497,0.131,0,0,0,0,2019

Main.js:462 131.611,185.16,25.5,25.5,0.851,0.413,0.045,0.022,28,0,0,1,0,0,0,0,241.847,259.867,2.132,1.306,0,0,0,0,0,0,0,0,370.125,316.769,138,324,-0.809,0.318,-0.037,0.033,84,141.5,347,-2.5,0,442.188,317.147,2.497,0.131,0,0,0,0,2036

Main.js:462 132.463,185.573,25.5,25.5,0.852,0.413,0.045,0.022,27,0,0,1,0,0,0,0,243.978,261.173,2.132,1.306,0,0,0,0,0,0,0,0,369.321,317.102,139.5,324,-0.804,0.333,-0.038,0.032,83,139,347,-2.5,0,444.684,317.278,2.497,0.131,0,0,0,0,2051

Main.js:462 133.315,185.986,25.5,25.5,0.852,0.412,0.045,0.022,26,0,0,1,0,0,0,0,246.11,262.479,2.132,1.306,0,0,0,0,0,0,0,0,368.52,317.449,141,324,-0.801,0.346,-0.039,0.031,82,136.5,347,-2.5,0,447.181,317.409,2.497,0.131,0,0,0,0,2068

Main.js:462 134.167,186.398,25.5,25.5,0.852,0.412,0.045,0.022,25,0,0,1,0,0,0,0,248.241,263.786,2.132,1.306,0,0,0,0,0,0,0,0,367.721,317.807,142.5,324,-0.799,0.358,-0.04,0.03,81,134,347,-2.5,0,449.678,317.54,2.497,0.131,0,0,0,0,2085

Main.js:462 135.019,186.81,25.5,25.5,0.853,0.412,0.045,0.022,24,0,0,1,0,0,0,0,250.373,265.092,2.132,1.306,0,0,0,0,0,0,0,0,366.924,318.175,144,324,-0.797,0.368,-0.04,0.029,80,131.5,347,-2.5,0,452.174,317.671,2.497,0.131,0,0,0,0,2101

Main.js:462 135.872,187.222,25.5,25.5,0.853,0.412,0.045,0.022,23,0,0,1,0,0,0,0,252.505,266.398,2.132,1.306,0,0,0,0,0,0,0,0,366.127,318.551,145.5,324,-0.796,0.376,-0.041,0.028,79,129,347,-2.5,0,454.671,317.802,2.497,0.131,0,0,0,0,2118

Main.js:462 136.725,187.634,25.5,25.5,0.853,0.412,0.045,0.022,22,0,0,1,0,0,0,0,254.636,267.704,2.132,1.306,0,0,0,0,0,0,0,0,365.331,318.935,147,324,-0.797,0.384,-0.042,0.027,78,126.5,347,-2.5,0,457.167,317.933,2.497,0.131,0,0,0,0,2134

Main.js:462 137.578,188.046,25.5,25.5,0.853,0.412,0.045,0.022,21,0,0,1,0,0,0,0,256.768,269.011,2.132,1.306,0,0,0,0,0,0,0,0,364.533,319.324,148.5,324,-0.797,0.389,-0.043,0.026,77,124,347,-2.5,0,459.664,318.063,2.497,0.131,0,0,0,0,2150

Main.js:462 138.432,188.457,25.5,25.5,0.853,0.412,0.045,0.022,20,0,0,1,0,0,0,0,258.899,270.317,2.132,1.306,0,0,0,0,0,0,0,0,363.735,319.717,150,324,-0.798,0.393,-0.043,0.025,76,121.5,347,-2.5,0,462.16,318.194,2.497,0.131,0,0,0,0,2168

Main.js:462 139.285,188.869,25.5,25.5,0.854,0.411,0.045,0.022,19,0,0,1,0,0,0,0,261.031,271.623,2.132,1.306,0,0,0,0,0,0,0,0,362.935,320.114,151.5,324,-0.8,0.396,-0.044,0.024,75,119,347,-2.5,0,464.657,318.325,2.497,0.131,0,0,0,0,2186

Main.js:462 140.139,189.28,25.5,25.5,0.854,0.411,0.045,0.022,18,0,0,1,0,0,0,0,263.163,272.929,2.132,1.306,0,0,0,0,0,0,0,0,362.132,320.512,153,324,-0.803,0.398,-0.045,0.023,74,116.5,347,-2.5,0,467.154,318.456,2.497,0.131,0,0,0,0,2202

Main.js:462 140.993,189.691,25.5,25.5,0.854,0.411,0.045,0.022,17,0,0,1,0,0,0,0,265.294,274.236,2.132,1.306,0,0,0,0,0,0,0,0,361.327,320.911,154.5,324,-0.805,0.399,-0.045,0.022,73,114,347,-2.5,0,469.65,318.587,2.497,0.131,0,0,0,0,2218

Main.js:462 141.847,190.102,25.5,25.5,0.854,0.411,0.045,0.022,16,0,0,1,0,0,0,0,267.426,275.542,2.132,1.306,0,0,0,0,0,0,0,0,360.518,321.309,156,324,-0.808,0.398,-0.046,0.02,72,111.5,347,-2.5,0,472.147,318.718,2.497,0.131,0,0,0,0,2234

Main.js:462 142.702,190.513,25.5,25.5,0.854,0.411,0.045,0.022,15,0,0,1,0,0,0,0,269.557,276.848,2.132,1.306,0,0,0,0,0,0,0,0,359.706,321.705,157.5,324,-0.812,0.396,-0.046,0.019,71,109,347,-2.5,0,474.643,318.848,2.497,0.131,0,0,0,0,2251

Main.js:462 143.556,190.924,25.5,25.5,0.854,0.411,0.045,0.022,14,0,0,1,0,0,0,0,271.689,278.154,2.132,1.306,0,0,0,0,0,0,0,0,358.891,322.099,159,324,-0.816,0.394,-0.047,0.018,70,106.5,347,-2.5,0,477.14,318.979,2.497,0.131,0,0,0,0,2268

Main.js:462 144.411,191.335,25.5,25.5,0.855,0.411,0.045,0.022,13,0,0,1,0,0,0,0,273.821,279.461,2.132,1.306,0,0,0,0,0,0,0,0,358.071,322.488,160.5,324,-0.82,0.39,-0.047,0.017,69,104,347,-2.5,0,479.636,319.11,2.497,0.131,0,0,0,0,2284

Main.js:462 145.266,191.745,25.5,25.5,0.855,0.411,0.045,0.022,12,0,0,1,0,0,0,0,275.952,280.767,2.132,1.306,0,0,0,0,0,0,0,0,357.247,322.873,162,324,-0.824,0.385,-0.048,0.015,68,101.5,347,-2.5,0,482.133,319.241,2.497,0.131,0,0,0,0,2301

Main.js:462 146.121,192.156,25.5,25.5,0.855,0.411,0.045,0.022,11,0,0,1,0,0,0,0,278.084,282.073,2.132,1.306,0,0,0,0,0,0,0,0,356.419,323.252,163.5,324,-0.828,0.379,-0.048,0.014,67,99,347,-2.5,0,484.63,319.372,2.497,0.131,0,0,0,0,2318

Main.js:462 146.976,192.567,25.5,25.5,0.855,0.411,0.045,0.022,10,0,0,1,0,0,0,0,280.215,283.379,2.132,1.306,0,0,0,0,0,0,0,0,355.586,323.625,165,324,-0.833,0.373,-0.048,0.013,66,96.5,347,-2.5,0,487.126,319.503,2.497,0.131,0,0,0,0,2335

Main.js:462 147.831,192.977,25.5,25.5,0.855,0.41,0.045,0.022,9,0,0,1,0,0,0,0,282.347,284.686,2.132,1.306,0,0,0,0,0,0,0,0,354.749,323.99,166.5,324,-0.837,0.365,-0.049,0.012,65,94,347,-2.5,0,489.623,319.633,2.497,0.131,0,0,0,0,2352

Main.js:462 148.686,193.387,25.5,25.5,0.855,0.41,0.045,0.022,8,0,0,1,0,0,0,0,284.479,285.992,2.132,1.306,0,0,0,0,0,0,0,0,353.907,324.347,168,324,-0.842,0.357,-0.049,0.01,64,91.5,347,-2.5,0,492.119,319.764,2.497,0.131,0,0,0,0,2368

Main.js:462 149.541,193.798,25.5,25.5,0.855,0.41,0.045,0.022,7,0,0,1,0,0,0,0,286.61,287.298,2.132,1.306,0,0,0,0,0,0,0,0,353.061,324.694,169.5,324,-0.846,0.347,-0.049,0.009,63,89,347,-2.5,0,494.616,319.895,2.497,0.131,0,0,0,0,2383

Main.js:462 150.397,194.208,25.5,25.5,0.855,0.41,0.045,0.022,6,0,0,1,0,0,0,0,288.742,288.604,2.132,1.306,0,0,0,0,0,0,0,0,352.21,325.032,171,324,-0.851,0.337,-0.049,0.008,62,86.5,347,-2.5,0,497.112,320.026,2.497,0.131,0,0,0,0,2401

Main.js:462 151.253,194.618,25.5,25.5,0.856,0.41,0.045,0.022,5,0,0,1,0,0,0,0,290.873,289.91,2.132,1.306,0,0,0,0,0,0,0,0,351.354,325.358,172.5,324,-0.856,0.327,-0.05,0.007,61,84,347,-2.5,0,499.609,320.157,2.497,0.131,0,0,0,0,2418

Main.js:462 152.108,195.028,25.5,25.5,0.856,0.41,0.045,0.022,4,0,0,1,0,0,0,0,293.005,291.217,2.132,1.306,0,0,0,0,0,0,0,0,350.494,325.674,174,324,-0.86,0.315,-0.05,0.005,60,81.5,347,-2.5,0,0,0,0,0,0,0,0,0,2435

Main.js:462 152.964,195.438,25.5,25.5,0.856,0.41,0.045,0.022,3,0,0,1,0,0,0,0,295.137,292.523,2.132,1.306,0,0,0,0,0,0,0,0,349.63,325.977,175.5,324,-0.864,0.303,-0.05,0.004,59,79,347,-2.5,0,0,0,0,0,0,0,0,0,2451

Main.js:462 153.82,195.848,25.5,25.5,0.856,0.41,0.045,0.022,2,0,0,1,0,0,0,0,297.268,293.829,2.132,1.306,0,0,0,0,0,0,0,0,348.761,326.268,177,324,-0.869,0.291,-0.05,0.003,58,76.5,347,-2.5,0,0,0,0,0,0,0,0,0,2467

Main.js:462 154.676,196.258,25.5,25.5,0.856,0.41,0.045,0.022,1,0,0,1,0,0,0,0,299.4,295.135,2.132,1.306,0,0,0,0,0,0,0,0,347.889,326.545,178.5,324,-0.873,0.277,-0.05,0.001,57,74,347,-2.5,0,0,0,0,0,0,0,0,0,2483

Main.js:462 155.532,196.668,25.5,25.5,0.856,0.41,0.045,0.022,0,0,0,1,0,0,0,0,301.531,296.442,2.132,1.306,0,0,0,0,0,0,0,0,347.012,326.809,180,324,-0.877,0.264,-0.05,0,56,71.5,347,-2.5,0,0,0,0,0,0,0,0,0,2500

Main.js:462 156.388,197.078,25.5,25.5,0.856,0.41,0.045,0.022,0,0,0,1,0,0,0,0,303.663,297.748,2.132,1.306,0,0,0,0,0,0,0,0,346.132,327.059,180,322.5,-0.88,0.25,-0.05,0,55,69,347,-2.5,0,0,0,0,0,0,0,0,0,2517

Main.js:462 157.244,197.488,25.5,25.5,0.856,0.41,0.045,0.022,0,0,0,1,0,0,0,0,305.795,299.054,2.132,1.306,0,0,0,0,0,0,0,0,345.248,327.297,180,321,-0.884,0.238,-0.05,0,54,66.5,347,-2.5,0,0,0,0,0,0,0,0,0,2534

Main.js:462 158.1,197.898,25.5,25.5,0.856,0.41,0.045,0.022,0,0,0,1,0,0,0,0,307.926,300.36,2.132,1.306,0,0,0,0,0,0,0,0,344.361,327.523,180,319.5,-0.887,0.226,-0.05,0,53,64,347,-2.5,0,0,0,0,0,0,0,0,0,2550

Main.js:462 158.957,198.307,25.5,25.5,0.856,0.41,0.045,0.022,0,0,0,1,0,0,0,0,310.058,301.667,2.132,1.306,0,0,0,0,0,0,0,0,343.471,327.738,180,318,-0.89,0.215,-0.05,0,52,61.5,347,-2.5,0,0,0,0,0,0,0,0,0,2567

Main.js:462 159.813,198.717,25.5,25.5,0.856,0.41,0.045,0.022,0,0,0,1,0,0,0,0,312.189,302.973,2.132,1.306,0,0,0,0,0,0,0,0,342.578,327.942,180,316.5,-0.893,0.204,-0.05,0,51,59,347,-2.5,0,0,0,0,0,0,0,0,0,2583

Main.js:462 160.669,199.127,25.5,25.5,0.856,0.41,0.045,0.022,0,0,0,1,0,0,0,0,314.321,304.279,2.132,1.306,0,0,0,0,0,0,0,0,341.682,328.135,180,315,-0.896,0.194,-0.05,0,50,56.5,347,-2.5,0,0,0,0,0,0,0,0,0,2602

Main.js:462 161.526,199.536,25.5,25.5,0.856,0.41,0.045,0.022,0,0,0,1,0,0,0,0,316.453,305.585,2.132,1.306,0,0,0,0,0,0,0,0,340.783,328.319,180,313.5,-0.899,0.184,-0.05,0,49,54,347,-2.5,0,0,0,0,0,0,0,0,0,2618

Main.js:462 162.382,199.946,25.5,25.5,0.856,0.41,0.045,0.022,0,0,0,1,0,0,0,0,318.584,306.892,2.132,1.306,0,0,0,0,0,0,0,0,339.882,328.494,180,312,-0.901,0.175,-0.05,0,48,51.5,347,-2.5,0,0,0,0,0,0,0,0,0,2634

Main.js:462 163.239,200.355,25.5,25.5,0.857,0.41,0.045,0.022,0,0,0,1,0,0,0,0,320.716,308.198,2.132,1.306,0,0,0,0,0,0,0,0,338.978,328.66,180,310.5,-0.904,0.166,-0.05,0,47,49,347,-2.5,0,0,0,0,0,0,0,0,0,2651

Main.js:462 164.095,200.765,25.5,25.5,0.857,0.41,0.045,0.022,0,0,0,1,0,0,0,0,322.847,309.504,2.132,1.306,0,0,0,0,0,0,0,0,338.072,328.818,180,309,-0.906,0.158,-0.05,0,46,46.5,347,-2.5,0,0,0,0,0,0,0,0,0,2668

Main.js:462 164.952,201.175,25.5,25.5,0.857,0.41,0.045,0.022,0,0,0,1,0,0,0,0,324.979,310.81,2.132,1.306,0,0,0,0,0,0,0,0,337.164,328.968,180,307.5,-0.908,0.15,-0.05,0,45,44,347,-2.5,0,0,0,0,0,0,0,0,0,2685

Main.js:462 165.809,201.584,25.5,25.5,0.857,0.409,0.045,0.022,0,0,0,1,0,0,0,0,327.111,312.117,2.132,1.306,0,0,0,0,0,0,0,0,336.254,329.111,180,306,-0.91,0.142,-0.05,0,44,41.5,347,-2.5,0,0,0,0,0,0,0,0,0,2702

Main.js:462 166.665,201.993,25.5,25.5,0.857,0.409,0.045,0.022,0,0,0,1,0,0,0,0,329.242,313.423,2.132,1.306,0,0,0,0,0,0,0,0,335.341,329.246,180,304.5,-0.912,0.135,-0.05,0,43,39,347,-2.5,0,0,0,0,0,0,0,0,0,2718

Main.js:462 167.522,202.403,25.5,25.5,0.857,0.409,0.045,0.022,0,0,0,1,0,0,0,0,329.242,313.423,2.132,1.306,0,0,0,0,0,0,0,0,334.427,329.374,180,303,-0.914,0.129,-0.05,0,42,39,347,-2.5,0,0,0,0,0,0,0,0,0,2733

