Main.js:143 myTank.x,myTank.y,myTank.rotation,myTank.cannonRotation,myTank.velocityX,myTank.velocityY,myTank.accelerationX,myTank.accelerationY,myTank.shootCooldown,myTank.controls.turnLeft,myTank.controls.turnRight,myTank.controls.goForward,myTank.controls.goBack,myTank.controls.shoot,myTank.controls.cannonLeft,myTank.controls.cannonRight,myBullet1.x,myBullet1.y,myBullet1.velocityX,myBullet1.velocityY,myBullet2.x,myBullet2.y,myBullet2.velocityX,myBullet2.velocityY,myBullet3.x,myBullet3.y,myBullet3.velocityX,myBullet3.velocityY,enemyTank.x,enemyTank.y,enemyTank.rotation,enemyTank.cannonRotation,enemyTank.velocityX,enemyTank.velocityY,enemyTank.accelerationX,enemyTank.accelerationY,enemyTank.shootCooldown,enemyBullet1.x,enemyBullet1.y,enemyBullet1.velocityX,enemyBullet1.velocityY,enemyBullet2.x,enemyBullet2.y,enemyBullet2.velocityX,enemyBullet2.velocityY,enemyBullet3.x,enemyBullet3.y,enemyBullet3.velocityX,enemyBullet3.velocityY,currentGameTime
Main.js:462 450,80,180,180,0,0,0,0,0,0,0,0,0,0,0,0,0,0,0,0,0,0,0,0,0,0,0,0,50,420,0,0,0,0,0,0,0,0,0,0,0,0,0,0,0,0,0,0,0,7

Main.js:462 450,80,180,180,0,0,0,0,0,0,0,0,0,0,0,0,0,0,0,0,0,0,0,0,0,0,0,0,50,420,0,0,0,0,0,0,0,0,0,0,0,0,0,0,0,0,0,0,0,24

Main.js:462 450,80,180,180,0,0,0,0,0,0,0,0,0,0,0,0,0,0,0,0,0,0,0,0,0,0,0,0,50,420,0,0,0,0,0,0,0,0,0,0,0,0,0,0,0,0,0,0,0,40

Main.js:462 450,80,180,180,0,0,0,0,0,0,0,0,0,0,0,0,0,0,0,0,0,0,0,0,0,0,0,0,50.047,420.001,1.5,0,0.047,0.001,0.05,0.001,99,0,0,0,0,0,0,0,0,0,0,0,0,57

Main.js:462 450,80,180,180,0,0,0,0,0,0,0,0,0,0,0,0,0,0,0,0,0,0,0,0,0,0,0,0,50.14,420.005,3,0,0.093,0.004,0.05,0.003,98,73.5,420,2.5,0,0,0,0,0,0,0,0,0,72

Main.js:462 450,80,180,180,0,0,0,0,0,0,0,0,0,0,0,0,0,0,0,0,0,0,0,0,0,0,0,0,50.275,420.012,4.5,0,0.135,0.007,0.05,0.004,97,76,420,2.5,0,0,0,0,0,0,0,0,0,89

Main.js:462 450,80,180,180,0,0,0,0,0,0,0,0,0,0,0,0,0,0,0,0,0,0,0,0,0,0,0,0,50.451,420.024,6,0,0.176,0.012,0.05,0.005,96,78.5,420,2.5,0,0,0,0,0,0,0,0,0,107

Main.js:462 450,80,180,180,0,0,0,0,0,0,0,0,0,0,0,0,0,0,0,0,0,0,0,0,0,0,0,0,50.665,420.041,7.5,0,0.214,0.017,0.05,0.007,95,81,420,2.5,0,0,0,0,0,0,0,0,0,122

Main.js:462 450,80,180,180,0,0,0,0,0,0,0,0,0,0,0,0,0,0,0,0,0,0,0,0,0,0,0,0,50.915,420.065,9,0,0.25,0.024,0.049,0.008,94,83.5,420,2.5,0,0,0,0,0,0,0,0,0,139

Main.js:462 450,80,180,180,0,0,0,0,0,0,0,0,0,0,0,0,0,0,0,0,0,0,0,0,0,0,0,0,51.2,420.097,10.5,0,0.284,0.031,0.049,0.009,93,86,420,2.5,0,0,0,0,0,0,0,0,0,157

Main.js:462 450,80,180,180,0,0,0,0,0,0,0,0,0,0,0,0,0,0,0,0,0,0,0,0,0,0,0,0,51.517,420.137,12,0,0.317,0.04,0.049,0.01,92,88.5,420,2.5,0,0,0,0,0,0,0,0,0,173

Main.js:462 450,80,180,180,0,0,0,0,0,0,0,0,0,0,0,0,0,0,0,0,0,0,0,0,0,0,0,0,51.864,420.185,13.5,0,0.347,0.049,0.049,0.012,91,91,420,2.5,0,0,0,0,0,0,0,0,0,190

Main.js:462 449.953,80,180,180,-0.047,0,-0.05,0,0,0,0,1,0,0,0,0,0,0,0,0,0,0,0,0,0,0,0,0,52.239,420.244,15,0,0.376,0.059,0.048,0.013,90,93.5,420,2.5,0,0,0,0,0,0,0,0,0,206

Main.js:462 449.86,80,180,180,-0.093,0,-0.05,0,0,0,0,1,0,0,0,0,0,0,0,0,0,0,0,0,0,0,0,0,52.641,420.313,16.5,0,0.402,0.069,0.048,0.014,89,96,420,2.5,0,0,0,0,0,0,0,0,0,223

Main.js:462 449.724,80,180,180,-0.135,0,-0.05,0,0,0,0,1,0,0,0,0,0,0,0,0,0,0,0,0,0,0,0,0,53.069,420.394,18,0,0.427,0.08,0.048,0.015,88,98.5,420,2.5,0,0,0,0,0,0,0,0,0,239

Main.js:462 449.548,80,180,180,-0.176,0,-0.05,0,0,0,0,1,0,0,0,0,0,0,0,0,0,0,0,0,0,0,0,0,53.52,420.486,19.5,0,0.451,0.092,0.047,0.017,87,101,420,2.5,0,0,0,0,0,0,0,0,0,256

Main.js:462 449.333,80,180,180,-0.215,0,-0.05,0,0,0,0,1,0,0,0,0,0,0,0,0,0,0,0,0,0,0,0,0,53.992,420.591,21,0,0.473,0.105,0.047,0.018,86,103.5,420,2.5,0,0,0,0,0,0,0,0,0,273

Main.js:462 449.082,80,180,180,-0.252,0,-0.05,0,0,0,0,1,0,0,0,0,0,0,0,0,0,0,0,0,0,0,0,0,54.485,420.708,22.5,0,0.493,0.118,0.046,0.019,85,106,420,2.5,0,0,0,0,0,0,0,0,0,289

Main.js:462 448.795,80,180,180,-0.287,0,-0.05,0,0,0,0,1,0,0,0,0,0,0,0,0,0,0,0,0,0,0,0,0,54.997,420.84,24,0,0.512,0.131,0.046,0.02,84,108.5,420,2.5,0,0,0,0,0,0,0,0,0,306

Main.js:462 448.475,80,180,180,-0.32,0,-0.05,0,0,0,0,1,0,0,0,0,0,0,0,0,0,0,0,0,0,0,0,0,55.526,420.985,25.5,0,0.529,0.145,0.045,0.022,83,111,420,2.5,0,0,0,0,0,0,0,0,0,322

Main.js:462 448.124,80,180,180,-0.351,0,-0.05,0,0,0,0,1,0,0,0,0,0,0,0,0,0,0,0,0,0,0,0,0,56.07,421.144,27,0,0.545,0.159,0.045,0.023,82,113.5,420,2.5,0,0,0,0,0,0,0,0,0,340

Main.js:462 447.743,80,180,180,-0.381,0,-0.05,0,0,0,0,1,0,0,0,0,0,0,0,0,0,0,0,0,0,0,0,0,56.63,421.318,28.5,0,0.559,0.174,0.044,0.024,81,116,420,2.5,0,0,0,0,0,0,0,0,0,357

Main.js:462 447.333,80.001,178.5,178.5,-0.41,0.001,-0.05,0.001,0,1,0,1,0,0,0,0,0,0,0,0,0,0,0,0,0,0,0,0,57.202,421.507,30,0,0.572,0.189,0.043,0.025,80,118.5,420,2.5,0,0,0,0,0,0,0,0,0,373

Main.js:462 446.897,80.005,177,177,-0.437,0.004,-0.05,0.003,0,1,0,1,0,0,0,0,0,0,0,0,0,0,0,0,0,0,0,0,57.787,421.711,31.5,0,0.584,0.204,0.043,0.026,79,121,420,2.5,0,0,0,0,0,0,0,0,0,389

Main.js:462 446.434,80.012,175.5,175.5,-0.462,0.007,-0.05,0.004,0,1,0,1,0,0,0,0,0,0,0,0,0,0,0,0,0,0,0,0,58.382,421.931,33,0,0.595,0.22,0.042,0.027,78,123.5,420,2.5,0,0,0,0,0,0,0,0,0,406

Main.js:462 445.948,80.024,174,174,-0.486,0.012,-0.05,0.005,0,1,0,1,0,0,0,0,0,0,0,0,0,0,0,0,0,0,0,0,58.986,422.167,34.5,0,0.604,0.236,0.041,0.028,77,126,420,2.5,0,0,0,0,0,0,0,0,0,424

Main.js:462 445.439,80.041,172.5,172.5,-0.509,0.017,-0.05,0.007,0,1,0,1,0,0,0,0,0,0,0,0,0,0,0,0,0,0,0,0,59.598,422.419,36,0,0.613,0.252,0.04,0.029,76,128.5,420,2.5,0,0,0,0,0,0,0,0,0,439

Main.js:462 444.909,80.065,171,171,-0.53,0.024,-0.049,0.008,0,1,0,1,0,0,0,0,0,0,0,0,0,0,0,0,0,0,0,0,60.218,422.688,37.5,0,0.62,0.268,0.04,0.03,75,131,420,2.5,0,0,0,0,0,0,0,0,0,456

Main.js:462 444.358,80.097,169.5,169.5,-0.551,0.031,-0.049,0.009,0,1,0,1,0,0,0,0,0,0,0,0,0,0,0,0,0,0,0,0,60.844,422.973,39,0,0.626,0.285,0.039,0.031,74,133.5,420,2.5,0,0,0,0,0,0,0,0,0,472

Main.js:462 443.789,80.137,168,168,-0.57,0.04,-0.049,0.01,0,1,0,1,0,0,0,0,0,0,0,0,0,0,0,0,0,0,0,0,61.474,423.274,40.5,0,0.63,0.301,0.038,0.032,73,136,420,2.5,0,0,0,0,0,0,0,0,0,490

Main.js:462 443.201,80.185,166.5,166.5,-0.587,0.049,-0.049,0.012,0,1,0,1,0,0,0,0,0,0,0,0,0,0,0,0,0,0,0,0,62.108,423.592,42,0,0.634,0.318,0.037,0.033,72,138.5,420,2.5,0,0,0,0,0,0,0,0,0,506

Main.js:462 442.597,80.244,165,165,-0.604,0.059,-0.048,0.013,0,1,0,1,0,0,0,0,0,0,0,0,0,0,0,0,0,0,0,0,62.746,423.926,42,358.5,0.638,0.334,0.037,0.033,71,141,420,2.5,0,0,0,0,0,0,0,0,0,522

Main.js:462 441.978,80.313,163.5,163.5,-0.619,0.069,-0.048,0.014,0,1,0,1,0,0,0,0,0,0,0,0,0,0,0,0,0,0,0,0,63.387,424.276,42,357,0.641,0.349,0.037,0.033,70,143.5,420,2.5,0,0,0,0,0,0,0,0,0,540

Main.js:462 441.345,80.394,162,162,-0.633,0.08,-0.048,0.015,0,1,0,1,0,0,0,0,0,0,0,0,0,0,0,0,0,0,0,0,64.032,424.639,42,355.5,0.644,0.363,0.037,0.033,69,146,420,2.5,0,0,0,0,0,0,0,0,0,556

Main.js:462 440.698,80.486,160.5,160.5,-0.646,0.092,-0.047,0.017,0,1,0,1,0,0,0,0,0,0,0,0,0,0,0,0,0,0,0,0,64.679,425.016,42,354,0.647,0.377,0.037,0.033,68,148.5,420,2.5,0,0,0,0,0,0,0,0,0,573

Main.js:462 440.04,80.591,159,159,-0.659,0.105,-0.047,0.018,0,1,0,1,0,0,0,0,0,0,0,0,0,0,0,0,0,0,0,0,65.329,425.406,42,352.5,0.65,0.39,0.037,0.033,67,151,420,2.5,0,0,0,0,0,0,0,0,0,591

Main.js:462 439.37,80.707,159,159,-0.67,0.116,-0.047,0.018,0,0,0,1,0,0,0,0,0,0,0,0,0,0,0,0,0,0,0,0,65.983,425.808,42,351,0.653,0.402,0.037,0.033,66,153.5,420,2.5,0,0,0,0,0,0,0,0,0,606

Main.js:462 438.689,80.835,159,159,-0.681,0.128,-0.047,0.018,0,0,0,1,0,0,0,0,0,0,0,0,0,0,0,0,0,0,0,0,66.639,426.222,42,349.5,0.656,0.414,0.037,0.033,65,156,420,2.5,0,0,0,0,0,0,0,0,0,622

Main.js:462 437.998,80.973,159,159,-0.691,0.138,-0.047,0.018,0,0,0,1,0,0,0,0,0,0,0,0,0,0,0,0,0,0,0,0,67.297,426.647,42,348,0.658,0.425,0.037,0.033,64,158.5,420,2.5,0,0,0,0,0,0,0,0,0,640

Main.js:462 437.297,81.122,159,159,-0.701,0.148,-0.047,0.018,0,0,0,1,0,0,0,0,0,0,0,0,0,0,0,0,0,0,0,0,67.958,427.083,42,346.5,0.661,0.436,0.037,0.033,63,161,420,2.5,0,0,0,0,0,0,0,0,0,655

Main.js:462 436.587,81.28,159,159,-0.71,0.158,-0.047,0.018,0,0,0,1,0,0,0,0,0,0,0,0,0,0,0,0,0,0,0,0,68.621,427.529,42,345,0.663,0.446,0.037,0.033,62,163.5,420,2.5,0,0,0,0,0,0,0,0,0,674

Main.js:462 435.868,81.447,159,159,-0.719,0.167,-0.047,0.018,0,0,0,1,0,0,0,0,0,0,0,0,0,0,0,0,0,0,0,0,69.286,427.984,42,343.5,0.665,0.455,0.037,0.033,61,166,420,2.5,0,0,0,0,0,0,0,0,0,690

Main.js:462 435.141,81.623,159,159,-0.727,0.176,-0.047,0.018,0,0,0,1,0,0,0,0,0,0,0,0,0,0,0,0,0,0,0,0,69.953,428.448,42,342,0.667,0.464,0.037,0.033,60,168.5,420,2.5,0,0,0,0,0,0,0,0,0,705

Main.js:462 434.405,81.807,159,159,-0.735,0.184,-0.047,0.018,0,0,0,1,0,0,0,0,0,0,0,0,0,0,0,0,0,0,0,0,70.622,428.92,42,340.5,0.669,0.473,0.037,0.033,59,171,420,2.5,0,0,0,0,0,0,0,0,0,723

Main.js:462 433.662,81.999,159,159,-0.743,0.192,-0.047,0.018,0,0,0,1,0,0,0,0,0,0,0,0,0,0,0,0,0,0,0,0,71.293,429.401,42,339,0.671,0.481,0.037,0.033,58,173.5,420,2.5,0,0,0,0,0,0,0,0,0,739

Main.js:462 432.913,82.199,157.5,157.5,-0.75,0.2,-0.046,0.019,0,1,0,1,0,0,0,0,0,0,0,0,0,0,0,0,0,0,0,0,71.966,429.89,42,337.5,0.673,0.489,0.037,0.033,57,176,420,2.5,0,0,0,0,0,0,0,0,0,756

Main.js:462 432.157,82.409,156,156,-0.756,0.21,-0.046,0.02,0,1,0,1,0,0,0,0,0,0,0,0,0,0,0,0,0,0,0,0,72.64,430.386,42,336,0.674,0.496,0.037,0.033,56,178.5,420,2.5,0,0,0,0,0,0,0,0,0,773

Main.js:462 431.396,82.629,154.5,154.5,-0.761,0.22,-0.045,0.022,0,1,0,1,0,0,0,0,0,0,0,0,0,0,0,0,0,0,0,0,73.316,430.889,42,334.5,0.676,0.503,0.037,0.033,55,181,420,2.5,0,0,0,0,0,0,0,0,0,789

Main.js:462 430.631,82.859,153,153,-0.765,0.23,-0.045,0.023,0,1,0,1,0,0,0,0,0,0,0,0,0,0,0,0,0,0,0,0,73.994,431.398,42,333,0.677,0.51,0.037,0.033,54,183.5,420,2.5,0,0,0,0,0,0,0,0,0,806

Main.js:462 429.863,83.1,151.5,151.5,-0.768,0.241,-0.044,0.024,0,1,0,1,0,0,0,0,0,0,0,0,0,0,0,0,0,0,0,0,74.672,431.914,42,331.5,0.679,0.516,0.037,0.033,53,186,420,2.5,0,0,0,0,0,0,0,0,0,823

Main.js:462 429.092,83.354,150,150,-0.771,0.253,-0.043,0.025,0,1,0,1,0,0,0,0,0,0,0,0,0,0,0,0,0,0,0,0,75.353,432.436,42,330,0.68,0.522,0.037,0.033,52,188.5,420,2.5,0,0,0,0,0,0,0,0,0,840

Main.js:462 428.318,83.619,148.5,148.5,-0.773,0.265,-0.043,0.026,0,1,0,1,0,0,0,0,0,0,0,0,0,0,0,0,0,0,0,0,76.034,432.964,42,328.5,0.682,0.528,0.037,0.033,51,191,420,2.5,0,0,0,0,0,0,0,0,0,855

Main.js:462 427.544,83.897,147,147,-0.774,0.278,-0.042,0.027,0,1,0,1,0,0,0,0,0,0,0,0,0,0,0,0,0,0,0,0,76.717,433.497,42,327,0.683,0.533,0.037,0.033,50,193.5,420,2.5,0,0,0,0,0,0,0,0,0,872

Main.js:462 426.769,84.188,145.5,145.5,-0.775,0.291,-0.041,0.028,0,1,0,1,0,0,0,0,0,0,0,0,0,0,0,0,0,0,0,0,77.401,434.035,42,325.5,0.684,0.538,0.037,0.033,49,196,420,2.5,0,0,0,0,0,0,0,0,0,891

Main.js:462 425.994,84.491,145.5,145.5,-0.775,0.303,-0.041,0.028,0,0,0,1,0,0,0,0,0,0,0,0,0,0,0,0,0,0,0,0,78.086,434.578,42,324,0.685,0.543,0.037,0.033,48,198.5,420,2.5,0,0,0,0,0,0,0,0,0,907

Main.js:462 425.219,84.806,145.5,145.5,-0.776,0.315,-0.041,0.028,0,0,0,1,0,0,0,0,0,0,0,0,0,0,0,0,0,0,0,0,78.772,435.125,42,322.5,0.686,0.548,0.037,0.033,47,201,420,2.5,0,0,0,0,0,0,0,0,0,923

Main.js:462 424.443,85.132,145.5,145.5,-0.776,0.326,-0.041,0.028,0,0,0,1,0,0,0,0,0,0,0,0,0,0,0,0,0,0,0,0,79.459,435.677,42,321,0.687,0.552,0.037,0.033,46,203.5,420,2.5,0,0,0,0,0,0,0,0,0,939

Main.js:462 423.666,85.469,145.5,145.5,-0.776,0.337,-0.041,0.028,0,0,0,1,0,0,0,0,0,0,0,0,0,0,0,0,0,0,0,0,80.147,436.233,42,319.5,0.688,0.556,0.037,0.033,45,206,420,2.5,0,0,0,0,0,0,0,0,0,977

Main.js:462 422.89,85.816,145.5,145.5,-0.777,0.347,-0.041,0.028,0,0,0,1,0,0,0,0,0,0,0,0,0,0,0,0,0,0,0,0,80.836,436.794,42,318,0.689,0.56,0.037,0.033,44,208.5,420,2.5,0,0,0,0,0,0,0,0,0,1005

Main.js:462 422.113,86.172,145.5,145.5,-0.777,0.356,-0.041,0.028,0,0,0,1,0,0,0,0,0,0,0,0,0,0,0,0,0,0,0,0,81.527,437.357,40.5,315,0.691,0.563,0.038,0.032,43,211,420,2.5,0,0,0,0,0,0,0,0,0,1022

Main.js:462 421.336,86.537,145.5,145.5,-0.777,0.365,-0.041,0.028,0,0,0,1,0,0,0,0,0,0,0,0,0,0,0,0,0,0,0,0,82.219,437.921,39,312,0.693,0.565,0.039,0.031,42,213.5,420,2.5,0,0,0,0,0,0,0,0,0,1039

Main.js:462 420.558,86.912,145.5,145.5,-0.777,0.374,-0.041,0.028,0,0,0,1,0,0,0,0,0,0,0,0,0,0,0,0,0,0,0,0,82.916,438.487,37.5,309,0.696,0.565,0.04,0.03,41,216,420,2.5,0,0,0,0,0,0,0,0,0,1055

Main.js:462 419.781,87.294,145.5,145.5,-0.778,0.382,-0.041,0.028,0,0,0,1,0,0,0,0,0,0,0,0,0,0,0,0,0,0,0,0,83.615,439.052,36,306,0.7,0.565,0.04,0.029,40,218.5,420,2.5,0,0,0,0,0,0,0,0,0,1072

Main.js:462 419.002,87.684,145.5,145.5,-0.778,0.39,-0.041,0.028,0,0,0,1,0,0,0,0,0,0,0,0,0,0,0,0,0,0,0,0,84.319,439.616,34.5,303,0.704,0.564,0.041,0.028,39,221,420,2.5,0,0,0,0,0,0,0,0,0,1090

Main.js:462 418.225,88.082,144,144,-0.778,0.399,-0.04,0.029,0,1,0,1,0,0,0,0,0,0,0,0,0,0,0,0,0,0,0,0,85.027,440.177,33,300,0.708,0.561,0.042,0.027,38,223.5,420,2.5,0,0,0,0,0,0,0,0,0,1105

Main.js:462 417.449,88.49,142.5,142.5,-0.776,0.407,-0.04,0.03,0,1,0,1,0,0,0,0,0,0,0,0,0,0,0,0,0,0,0,0,85.741,440.735,31.5,297,0.714,0.558,0.043,0.026,37,226,420,2.5,0,0,0,0,0,0,0,0,0,1122

Main.js:462 416.674,88.907,141,141,-0.774,0.417,-0.039,0.031,0,1,0,1,0,0,0,0,0,0,0,0,0,0,0,0,0,0,0,0,86.46,441.289,30,294,0.719,0.554,0.043,0.025,36,228.5,420,2.5,0,0,0,0,0,0,0,0,0,1139

Main.js:462 415.902,89.334,139.5,139.5,-0.772,0.427,-0.038,0.032,0,1,0,1,0,0,0,0,0,0,0,0,0,0,0,0,0,0,0,0,87.185,441.838,28.5,291,0.725,0.549,0.044,0.024,35,231,420,2.5,0,0,0,0,0,0,0,0,0,1156

Main.js:462 415.134,89.771,138,138,-0.769,0.437,-0.037,0.033,99,1,0,1,0,1,0,0,0,0,0,0,0,0,0,0,0,0,0,0,87.916,442.381,27,288,0.731,0.543,0.045,0.023,34,233.5,420,2.5,0,0,0,0,0,0,0,0,0,1172

Main.js:462 414.369,90.22,136.5,136.5,-0.765,0.448,-0.036,0.034,98,1,0,1,0,1,0,0,398.438,105.058,-1.858,1.673,0,0,0,0,0,0,0,0,88.653,442.918,25.5,285,0.737,0.536,0.045,0.022,33,236,420,2.5,0,0,0,0,0,0,0,0,0,1190

Main.js:462 413.608,90.678,136.5,136.5,-0.761,0.459,-0.036,0.034,97,0,0,1,0,1,0,0,396.581,106.731,-1.858,1.673,0,0,0,0,0,0,0,0,89.396,443.446,24,282,0.744,0.529,0.046,0.02,32,238.5,420,2.5,0,0,0,0,0,0,0,0,0,1205

Main.js:462 412.851,91.147,136.5,136.5,-0.757,0.468,-0.036,0.034,96,0,0,1,0,1,0,0,394.723,108.404,-1.858,1.673,0,0,0,0,0,0,0,0,90.147,443.967,22.5,279,0.75,0.521,0.046,0.019,31,241,420,2.5,0,0,0,0,0,0,0,0,0,1223

Main.js:462 412.097,91.624,136.5,136.5,-0.754,0.478,-0.036,0.034,95,0,0,1,0,1,0,0,392.865,110.077,-1.858,1.673,0,0,0,0,0,0,0,0,90.904,444.479,21,276,0.757,0.512,0.047,0.018,30,243.5,420,2.5,0,0,0,0,0,0,0,0,0,1240

Main.js:462 411.347,92.111,136.5,136.5,-0.751,0.486,-0.036,0.034,94,0,0,1,0,0,0,0,391.007,111.75,-1.858,1.673,0,0,0,0,0,0,0,0,91.668,444.981,19.5,273,0.764,0.502,0.047,0.017,29,246,420,2.5,0,0,0,0,0,0,0,0,0,1256

Main.js:462 410.599,92.605,136.5,136.5,-0.748,0.495,-0.036,0.034,93,0,0,1,0,0,0,0,389.149,113.423,-1.858,1.673,0,0,0,0,0,0,0,0,92.439,445.472,18,270,0.771,0.491,0.048,0.015,28,248.5,420,2.5,0,0,0,0,0,0,0,0,0,1273

Main.js:462 409.855,93.108,136.5,136.5,-0.745,0.503,-0.036,0.034,92,0,0,1,0,0,0,0,387.291,115.095,-1.858,1.673,0,0,0,0,0,0,0,0,93.217,445.952,16.5,267,0.778,0.48,0.048,0.014,27,251,420,2.5,0,0,0,0,0,0,0,0,0,1290

Main.js:462 409.113,93.618,136.5,136.5,-0.742,0.51,-0.036,0.034,91,0,0,1,0,0,0,0,385.433,116.768,-1.858,1.673,0,0,0,0,0,0,0,0,94.003,446.421,15,264,0.785,0.469,0.048,0.013,26,253.5,420,2.5,0,0,0,0,0,0,0,0,0,1307

Main.js:462 408.374,94.136,136.5,136.5,-0.739,0.517,-0.036,0.034,90,0,0,1,0,0,0,0,383.575,118.441,-1.858,1.673,0,0,0,0,0,0,0,0,94.795,446.877,13.5,261,0.792,0.456,0.049,0.012,25,256,420,2.5,0,0,0,0,0,0,0,0,0,1324

Main.js:462 407.637,94.66,136.5,136.5,-0.737,0.524,-0.036,0.034,89,0,0,1,0,0,0,0,381.718,120.114,-1.858,1.673,0,0,0,0,0,0,0,0,95.593,447.321,12,258,0.799,0.443,0.049,0.01,24,258.5,420,2.5,0,0,0,0,0,0,0,0,0,1339

Main.js:462 406.903,95.191,136.5,136.5,-0.734,0.531,-0.036,0.034,88,0,0,1,0,1,0,0,379.86,121.787,-1.858,1.673,0,0,0,0,0,0,0,0,96.399,447.751,10.5,255,0.806,0.43,0.049,0.009,23,261,420,2.5,0,0,0,0,0,0,0,0,0,1356

Main.js:462 406.171,95.728,136.5,136.5,-0.732,0.537,-0.036,0.034,87,0,0,1,0,1,0,0,378.002,123.46,-1.858,1.673,0,0,0,0,0,0,0,0,97.211,448.166,9,252,0.812,0.416,0.049,0.008,22,263.5,420,2.5,0,0,0,0,0,0,0,0,0,1372

Main.js:462 405.441,96.271,136.5,136.5,-0.73,0.543,-0.036,0.034,86,0,0,1,0,1,0,0,376.144,125.132,-1.858,1.673,0,0,0,0,0,0,0,0,98.03,448.568,7.5,249,0.819,0.401,0.05,0.007,21,266,420,2.5,0,0,0,0,0,0,0,0,0,1389

Main.js:462 404.713,96.819,136.5,136.5,-0.728,0.548,-0.036,0.034,85,0,0,1,0,1,0,0,374.286,126.805,-1.858,1.673,0,0,0,0,0,0,0,0,98.855,448.954,6,246,0.825,0.386,0.05,0.005,20,268.5,420,2.5,0,0,0,0,0,0,0,0,0,1407

Main.js:462 403.987,97.373,136.5,136.5,-0.726,0.554,-0.036,0.034,84,0,0,1,0,1,0,0,372.428,128.478,-1.858,1.673,0,0,0,0,0,0,0,0,99.686,449.324,4.5,243,0.831,0.371,0.05,0.004,19,271,420,2.5,0,0,0,0,0,0,0,0,0,1421

Main.js:462 403.263,97.931,136.5,136.5,-0.724,0.559,-0.036,0.034,83,0,0,1,0,0,0,0,370.57,130.151,-1.858,1.673,0,0,0,0,0,0,0,0,100.523,449.679,3,240,0.837,0.354,0.05,0.003,18,273.5,420,2.5,0,0,0,0,0,0,0,0,0,1439

Main.js:462 402.541,98.495,136.5,136.5,-0.722,0.563,-0.036,0.034,82,0,0,1,0,0,0,0,368.713,131.824,-1.858,1.673,0,0,0,0,0,0,0,0,101.366,450.017,1.5,237,0.843,0.338,0.05,0.001,17,276,420,2.5,0,0,0,0,0,0,0,0,0,1455

Main.js:462 401.82,99.063,136.5,136.5,-0.721,0.568,-0.036,0.034,81,0,0,1,0,0,0,0,366.855,133.497,-1.858,1.673,0,0,0,0,0,0,0,0,102.214,450.338,0,234,0.848,0.321,0.05,0,16,278.5,420,2.5,0,0,0,0,0,0,0,0,0,1472

Main.js:462 401.101,99.635,136.5,136.5,-0.719,0.572,-0.036,0.034,80,0,0,1,0,0,0,0,364.997,135.169,-1.858,1.673,0,0,0,0,0,0,0,0,103.067,450.642,358.5,231,0.853,0.304,0.05,-0.001,15,281,420,2.5,0,0,0,0,0,0,0,0,0,1490

Main.js:462 400.383,100.211,136.5,136.5,-0.718,0.576,-0.036,0.034,79,0,0,1,0,0,0,0,363.139,136.842,-1.858,1.673,0,0,0,0,0,0,0,0,103.925,450.928,357,228,0.858,0.286,0.05,-0.003,14,283.5,420,2.5,0,0,0,0,0,0,0,0,0,1507

Main.js:462 399.667,100.792,136.5,136.5,-0.716,0.58,-0.036,0.034,78,0,0,1,0,1,0,0,361.281,138.515,-1.858,1.673,0,0,0,0,0,0,0,0,104.788,451.196,355.5,225,0.862,0.268,0.05,-0.004,13,286,420,2.5,0,0,0,0,0,0,0,0,0,1522

Main.js:462 398.952,101.375,136.5,136.5,-0.715,0.584,-0.036,0.034,77,0,0,1,0,1,0,0,359.423,140.188,-1.858,1.673,0,0,0,0,0,0,0,0,105.654,451.446,354,222,0.866,0.25,0.05,-0.005,12,288.5,420,2.5,0,0,0,0,0,0,0,0,0,1540

Main.js:462 398.239,101.963,136.5,136.5,-0.714,0.587,-0.036,0.034,76,0,0,1,0,1,0,0,357.565,141.861,-1.858,1.673,0,0,0,0,0,0,0,0,106.524,451.677,352.5,219,0.87,0.231,0.05,-0.007,11,291,420,2.5,0,0,0,0,0,0,0,0,0,1556

Main.js:462 397.526,102.554,136.5,136.5,-0.712,0.591,-0.036,0.034,75,0,0,1,0,1,0,0,355.708,143.534,-1.858,1.673,0,0,0,0,0,0,0,0,107.398,451.889,351,216,0.874,0.212,0.049,-0.008,10,293.5,420,2.5,0,0,0,0,0,0,0,0,0,1574

Main.js:462 396.815,103.147,136.5,136.5,-0.711,0.594,-0.036,0.034,74,0,0,1,0,1,0,0,353.85,145.206,-1.858,1.673,0,0,0,0,0,0,0,0,108.275,452.082,349.5,213,0.877,0.193,0.049,-0.009,9,296,420,2.5,0,0,0,0,0,0,0,0,0,1590

Main.js:462 396.105,103.744,136.5,136.5,-0.71,0.597,-0.036,0.034,73,0,0,1,0,0,0,0,351.992,146.879,-1.858,1.673,0,0,0,0,0,0,0,0,109.154,452.255,348,210,0.879,0.173,0.049,-0.01,8,298.5,420,2.5,0,0,0,0,0,0,0,0,0,1608

Main.js:462 395.396,104.344,136.5,136.5,-0.709,0.6,-0.036,0.034,72,0,0,1,0,0,0,0,350.134,148.552,-1.858,1.673,0,0,0,0,0,0,0,0,110.035,452.408,346.5,207,0.882,0.154,0.049,-0.012,7,301,420,2.5,0,0,0,0,0,0,0,0,0,1623

Main.js:462 394.688,104.947,136.5,136.5,-0.708,0.602,-0.036,0.034,71,0,0,1,0,0,0,0,348.276,150.225,-1.858,1.673,0,0,0,0,0,0,0,0,110.919,452.542,345,204,0.883,0.134,0.048,-0.013,6,303.5,420,2.5,0,0,0,0,0,0,0,0,0,1640

Main.js:462 393.981,105.552,136.5,136.5,-0.707,0.605,-0.036,0.034,70,0,0,1,0,0,0,0,346.418,151.898,-1.858,1.673,0,0,0,0,0,0,0,0,111.803,452.655,343.5,201,0.885,0.113,0.048,-0.014,5,306,420,2.5,0,0,0,0,0,0,0,0,0,1656

Main.js:462 393.275,106.159,136.5,136.5,-0.706,0.607,-0.036,0.034,69,0,0,1,0,0,0,0,344.56,153.57,-1.858,1.673,0,0,0,0,0,0,0,0,112.689,452.748,342,198,0.886,0.093,0.048,-0.015,4,308.5,420,2.5,0,0,0,0,0,0,0,0,0,1673

Main.js:462 392.57,106.769,136.5,136.5,-0.705,0.61,-0.036,0.034,68,0,0,1,0,1,0,0,342.703,155.243,-1.858,1.673,0,0,0,0,0,0,0,0,113.575,452.821,340.5,195,0.886,0.073,0.047,-0.017,3,311,420,2.5,0,0,0,0,0,0,0,0,0,1689

Main.js:462 391.865,107.381,136.5,136.5,-0.704,0.612,-0.036,0.034,67,0,0,1,0,1,0,0,340.845,156.916,-1.858,1.673,0,0,0,0,0,0,0,0,114.461,452.873,339,192,0.886,0.052,0.047,-0.018,2,313.5,420,2.5,0,0,0,0,0,0,0,0,0,1705

Main.js:462 391.161,107.995,136.5,136.5,-0.704,0.614,-0.036,0.034,66,0,0,1,0,1,0,0,338.987,158.589,-1.858,1.673,0,0,0,0,0,0,0,0,115.347,452.904,337.5,189,0.886,0.031,0.046,-0.019,1,316,420,2.5,0,0,0,0,0,0,0,0,0,1723

Main.js:462 390.458,108.611,136.5,136.5,-0.703,0.616,-0.036,0.034,65,0,0,1,0,1,0,0,337.129,160.262,-1.858,1.673,0,0,0,0,0,0,0,0,116.232,452.914,336,186,0.885,0.01,0.046,-0.02,0,318.5,420,2.5,0,0,0,0,0,0,0,0,0,1740

Main.js:462 389.756,109.229,136.5,136.5,-0.702,0.618,-0.036,0.034,64,0,0,1,0,1,0,0,335.271,161.935,-1.858,1.673,0,0,0,0,0,0,0,0,117.115,452.903,334.5,183,0.883,-0.011,0.045,-0.022,99,321,420,2.5,0,0,0,0,0,0,0,0,0,1757

Main.js:462 389.055,109.849,136.5,136.5,-0.702,0.62,-0.036,0.034,63,0,0,1,0,0,0,0,333.413,163.607,-1.858,1.673,0,0,0,0,0,0,0,0,117.997,452.872,333,180,0.882,-0.032,0.045,-0.023,98,323.5,420,2.5,0,92.764,451.684,-2.497,-0.131,0,0,0,0,1773

Main.js:462 388.353,110.47,136.5,136.5,-0.701,0.621,-0.036,0.034,62,0,0,1,0,0,0,0,331.555,165.28,-1.858,1.673,0,0,0,0,0,0,0,0,118.876,452.819,331.5,177,0.879,-0.053,0.044,-0.024,97,326,420,2.5,0,90.268,451.553,-2.497,-0.131,0,0,0,0,1788

Main.js:462 387.653,111.093,136.5,136.5,-0.7,0.623,-0.036,0.034,61,0,0,1,0,0,0,0,329.697,166.953,-1.858,1.673,0,0,0,0,0,0,0,0,119.753,452.745,330,174,0.876,-0.074,0.043,-0.025,96,328.5,420,2.5,0,87.771,451.423,-2.497,-0.131,0,0,0,0,1806

Main.js:462 386.953,111.718,136.5,136.5,-0.7,0.625,-0.036,0.034,60,0,0,1,0,0,0,0,327.84,168.626,-1.858,1.673,0,0,0,0,0,0,0,0,120.626,452.65,328.5,171,0.873,-0.095,0.043,-0.026,95,331,420,2.5,0,85.274,451.292,-2.497,-0.131,0,0,0,0,1822

Main.js:462 386.254,112.344,136.5,136.5,-0.699,0.626,-0.036,0.034,59,0,0,1,0,0,0,0,325.982,170.299,-1.858,1.673,0,0,0,0,0,0,0,0,121.495,452.534,327,168,0.869,-0.116,0.042,-0.027,94,333.5,420,2.5,0,82.778,451.161,-2.497,-0.131,0,0,0,0,1839

Main.js:462 385.555,112.972,136.5,136.5,-0.699,0.628,-0.036,0.034,58,0,0,1,0,0,0,0,324.124,171.972,-1.858,1.673,0,0,0,0,0,0,0,0,122.36,452.396,325.5,165,0.865,-0.137,0.041,-0.028,93,336,420,2.5,0,80.281,451.03,-2.497,-0.131,0,0,0,0,1857

Main.js:462 384.857,113.6,136.5,136.5,-0.698,0.629,-0.036,0.034,57,0,0,1,0,1,0,0,322.266,173.644,-1.858,1.673,0,0,0,0,0,0,0,0,123.221,452.238,324,162,0.86,-0.158,0.04,-0.029,92,338.5,420,2.5,0,77.785,450.899,-2.497,-0.131,0,0,0,0,1873

Main.js:462 384.159,114.231,136.5,136.5,-0.698,0.63,-0.036,0.034,56,0,0,1,0,1,0,0,320.408,175.317,-1.858,1.673,0,0,0,0,0,0,0,0,124.075,452.059,322.5,159,0.855,-0.179,0.04,-0.03,91,341,420,2.5,0,75.288,450.768,-2.497,-0.131,0,0,0,0,1890

Main.js:462 383.461,114.862,136.5,136.5,-0.697,0.631,-0.036,0.034,55,0,0,1,0,1,0,0,318.55,176.99,-1.858,1.673,0,0,0,0,0,0,0,0,124.924,451.859,321,156,0.849,-0.2,0.039,-0.031,90,343.5,420,2.5,0,72.792,450.638,-2.497,-0.131,0,0,0,0,1906

Main.js:462 382.764,115.494,136.5,136.5,-0.697,0.632,-0.036,0.034,54,0,0,1,0,1,0,0,316.692,178.663,-1.858,1.673,0,0,0,0,0,0,0,0,125.767,451.637,319.5,153,0.843,-0.221,0.038,-0.032,89,346,420,2.5,0,70.295,450.507,-2.497,-0.131,0,0,0,0,1923

Main.js:462 382.068,116.128,136.5,136.5,-0.697,0.633,-0.036,0.034,53,0,0,1,0,1,0,0,314.835,180.336,-1.858,1.673,0,0,0,0,0,0,0,0,126.603,451.396,318,150,0.836,-0.242,0.037,-0.033,88,348.5,420,2.5,0,67.798,450.376,-2.497,-0.131,0,0,0,0,1958

Main.js:462 381.372,116.762,136.5,136.5,-0.696,0.635,-0.036,0.034,52,0,0,1,0,0,0,0,312.977,182.009,-1.858,1.673,0,0,0,0,0,0,0,0,127.432,451.133,316.5,147,0.829,-0.262,0.036,-0.034,87,351,420,2.5,0,65.302,450.245,-2.497,-0.131,0,0,0,0,1989

Main.js:462 380.676,117.398,136.5,136.5,-0.696,0.635,-0.036,0.034,51,0,0,1,0,0,0,0,311.119,183.681,-1.858,1.673,0,0,0,0,0,0,0,0,128.252,450.85,315,144,0.821,-0.283,0.035,-0.035,86,353.5,420,2.5,0,62.805,450.114,-2.497,-0.131,0,0,0,0,2005

Main.js:462 379.98,118.034,136.5,136.5,-0.696,0.636,-0.036,0.034,50,0,0,1,0,0,0,0,309.261,185.354,-1.858,1.673,0,0,0,0,0,0,0,0,129.066,450.549,316.5,144,0.814,-0.301,0.036,-0.034,85,356,420,2.5,0,60.309,449.983,-2.497,-0.131,0,0,0,0,2023

Main.js:462 379.285,118.671,136.5,136.5,-0.695,0.637,-0.036,0.034,49,0,0,1,0,0,0,0,307.403,187.027,-1.858,1.673,0,0,0,0,0,0,0,0,129.875,450.231,318,144,0.809,-0.318,0.037,-0.033,84,358.5,420,2.5,0,57.812,449.853,-2.497,-0.131,0,0,0,0,2040

Main.js:462 378.59,119.309,136.5,136.5,-0.695,0.638,-0.036,0.034,48,0,0,1,0,0,0,0,305.545,188.7,-1.858,1.673,0,0,0,0,0,0,0,0,130.679,449.898,319.5,144,0.804,-0.333,0.038,-0.032,83,361,420,2.5,0,55.316,449.722,-2.497,-0.131,0,0,0,0,2056

Main.js:462 377.895,119.948,136.5,136.5,-0.695,0.639,-0.036,0.034,47,0,0,1,0,1,0,0,303.687,190.373,-1.858,1.673,0,0,0,0,0,0,0,0,131.48,449.551,321,144,0.801,-0.346,0.039,-0.031,82,363.5,420,2.5,0,52.819,449.591,-2.497,-0.131,0,0,0,0,2072

Main.js:462 377.201,120.588,136.5,136.5,-0.694,0.64,-0.036,0.034,46,0,0,1,0,1,0,0,301.83,192.045,-1.858,1.673,0,0,0,0,0,0,0,0,132.279,449.193,322.5,144,0.799,-0.358,0.04,-0.03,81,366,420,2.5,0,50.322,449.46,-2.497,-0.131,0,0,0,0,2089

Main.js:462 376.507,121.228,136.5,136.5,-0.694,0.64,-0.036,0.034,45,0,0,1,0,1,0,0,299.972,193.718,-1.858,1.673,0,0,0,0,0,0,0,0,133.076,448.825,324,144,0.797,-0.368,0.04,-0.029,80,368.5,420,2.5,0,47.826,449.329,-2.497,-0.131,0,0,0,0,2106

Main.js:462 375.813,121.869,136.5,136.5,-0.694,0.641,-0.036,0.034,44,0,0,1,0,1,0,0,298.114,195.391,-1.858,1.673,0,0,0,0,0,0,0,0,133.873,448.449,325.5,144,0.796,-0.376,0.041,-0.028,79,371,420,2.5,0,45.329,449.198,-2.497,-0.131,0,0,0,0,2123

Main.js:462 375.12,122.511,136.5,136.5,-0.694,0.642,-0.036,0.034,43,0,0,1,0,1,0,0,296.256,197.064,-1.858,1.673,0,0,0,0,0,0,0,0,134.669,448.065,327,144,0.797,-0.384,0.042,-0.027,78,373.5,420,2.5,0,42.833,449.067,-2.497,-0.131,0,0,0,0,2141

Main.js:462 374.426,123.153,136.5,136.5,-0.693,0.642,-0.036,0.034,42,0,0,1,0,1,0,0,294.398,198.737,-1.858,1.673,0,0,0,0,0,0,0,0,135.467,447.676,328.5,144,0.797,-0.389,0.043,-0.026,77,376,420,2.5,0,40.336,448.937,-2.497,-0.131,0,0,0,0,2157

Main.js:462 373.733,123.796,136.5,136.5,-0.693,0.643,-0.036,0.034,41,0,0,1,0,0,0,0,292.54,200.41,-1.858,1.673,0,0,0,0,0,0,0,0,136.265,447.283,330,144,0.798,-0.393,0.043,-0.025,76,378.5,420,2.5,0,37.84,448.806,-2.497,-0.131,0,0,0,0,2189

Main.js:462 373.04,124.44,136.5,136.5,-0.693,0.643,-0.036,0.034,40,0,0,1,0,0,0,0,290.682,202.082,-1.858,1.673,0,0,0,0,0,0,0,0,137.065,446.886,331.5,144,0.8,-0.396,0.044,-0.024,75,381,420,2.5,0,35.343,448.675,-2.497,-0.131,0,0,0,0,2205

Main.js:462 372.347,125.084,136.5,136.5,-0.693,0.644,-0.036,0.034,39,0,0,1,0,0,0,0,288.825,203.755,-1.858,1.673,0,0,0,0,0,0,0,0,137.868,446.488,333,144,0.803,-0.398,0.045,-0.023,74,383.5,420,2.5,0,32.846,448.544,-2.497,-0.131,0,0,0,0,2224

Main.js:462 371.655,125.728,136.5,136.5,-0.693,0.644,-0.036,0.034,38,0,0,1,0,0,0,0,286.967,205.428,-1.858,1.673,0,0,0,0,0,0,0,0,138.673,446.089,334.5,144,0.805,-0.399,0.045,-0.022,73,386,420,2.5,0,30.35,448.413,-2.497,-0.131,0,0,0,0,2238

Main.js:462 370.962,126.373,136.5,136.5,-0.692,0.645,-0.036,0.034,37,0,0,1,0,0,0,0,285.109,207.101,-1.858,1.673,0,0,0,0,0,0,0,0,139.482,445.691,336,144,0.808,-0.398,0.046,-0.02,72,388.5,420,2.5,0,27.853,448.282,-2.497,-0.131,0,0,0,0,2255

Main.js:462 370.27,127.018,136.5,136.5,-0.692,0.645,-0.036,0.034,36,0,0,1,0,1,0,0,283.251,208.774,-1.858,1.673,0,0,0,0,0,0,0,0,140.294,445.295,337.5,144,0.812,-0.396,0.046,-0.019,71,391,420,2.5,0,25.357,448.152,-2.497,-0.131,0,0,0,0,2273

Main.js:462 369.578,127.664,136.5,136.5,-0.692,0.646,-0.036,0.034,35,0,0,1,0,1,0,0,281.393,210.447,-1.858,1.673,0,0,0,0,0,0,0,0,141.109,444.901,339,144,0.816,-0.394,0.047,-0.018,70,393.5,420,2.5,0,22.86,448.021,-2.497,-0.131,0,0,0,0,2290

Main.js:462 368.886,128.311,136.5,136.5,-0.692,0.646,-0.036,0.034,34,0,0,1,0,1,0,0,279.535,212.119,-1.858,1.673,0,0,0,0,0,0,0,0,141.929,444.512,340.5,144,0.82,-0.39,0.047,-0.017,69,396,420,2.5,0,20.364,447.89,-2.497,-0.131,0,0,0,0,2307

Main.js:462 368.194,128.957,136.5,136.5,-0.692,0.647,-0.036,0.034,33,0,0,1,0,1,0,0,277.677,213.792,-1.858,1.673,0,0,0,0,0,0,0,0,142.753,444.127,342,144,0.824,-0.385,0.048,-0.015,68,398.5,420,2.5,0,17.867,447.759,-2.497,-0.131,0,0,0,0,2322

Main.js:462 367.503,129.604,136.5,136.5,-0.692,0.647,-0.036,0.034,32,0,0,1,0,1,0,0,275.819,215.465,-1.858,1.673,0,0,0,0,0,0,0,0,143.581,443.748,343.5,144,0.828,-0.379,0.048,-0.014,67,401,420,2.5,0,15.37,447.628,-2.497,-0.131,0,0,0,0,2340

Main.js:462 366.811,130.251,136.5,136.5,-0.692,0.647,-0.036,0.034,31,0,0,1,0,1,0,0,273.962,217.138,-1.858,1.673,0,0,0,0,0,0,0,0,144.414,443.375,345,144,0.833,-0.373,0.048,-0.013,66,403.5,420,2.5,0,12.874,447.497,-2.497,-0.131,0,0,0,0,2357

Main.js:462 366.12,130.899,136.5,136.5,-0.691,0.648,-0.036,0.034,30,0,0,1,0,0,0,0,272.104,218.811,-1.858,1.673,0,0,0,0,0,0,0,0,145.251,443.01,346.5,144,0.837,-0.365,0.049,-0.012,65,406,420,2.5,0,10.377,447.367,-2.497,-0.131,0,0,0,0,2374

Main.js:462 365.428,131.547,136.5,136.5,-0.691,0.648,-0.036,0.034,29,0,0,1,0,0,0,0,270.246,220.484,-1.858,1.673,0,0,0,0,0,0,0,0,146.093,442.653,348,144,0.842,-0.357,0.049,-0.01,64,408.5,420,2.5,0,7.881,447.236,-2.497,-0.131,0,0,0,0,2390

Main.js:462 364.737,132.195,136.5,136.5,-0.691,0.648,-0.036,0.034,28,0,0,1,0,0,0,0,268.388,222.156,-1.858,1.673,0,0,0,0,0,0,0,0,146.939,442.306,349.5,144,0.846,-0.347,0.049,-0.009,63,411,420,2.5,0,5.384,447.105,-2.497,-0.131,0,0,0,0,2407

Main.js:462 364.046,132.844,136.5,136.5,-0.691,0.649,-0.036,0.034,27,0,0,1,0,0,0,0,266.53,223.829,-1.858,1.673,0,0,0,0,0,0,0,0,147.79,441.968,351,144,0.851,-0.337,0.049,-0.008,62,413.5,420,2.5,0,2.888,446.974,-2.497,-0.131,0,0,0,0,2423

Main.js:462 363.355,133.493,136.5,136.5,-0.691,0.649,-0.036,0.034,26,0,0,1,0,0,0,0,264.672,225.502,-1.858,1.673,0,0,0,0,0,0,0,0,148.646,441.642,352.5,144,0.856,-0.327,0.05,-0.007,61,416,420,2.5,0,0.391,446.843,-2.497,-0.131,0,0,0,0,2440

Main.js:462 362.664,134.142,136.5,136.5,-0.691,0.649,-0.036,0.034,25,0,0,1,0,0,0,0,262.814,227.175,-1.858,1.673,0,0,0,0,0,0,0,0,149.506,441.326,354,144,0.86,-0.315,0.05,-0.005,60,418.5,420,2.5,0,0,0,0,0,0,0,0,0,2456

Main.js:462 361.973,134.791,136.5,136.5,-0.691,0.649,-0.036,0.034,24,0,0,1,0,0,0,0,260.957,228.848,-1.858,1.673,0,0,0,0,0,0,0,0,150.37,441.023,355.5,144,0.864,-0.303,0.05,-0.004,59,421,420,2.5,0,0,0,0,0,0,0,0,0,2472

Main.js:462 361.283,135.441,136.5,136.5,-0.691,0.65,-0.036,0.034,23,0,0,1,0,0,0,0,259.099,230.52,-1.858,1.673,0,0,0,0,0,0,0,0,151.239,440.732,357,144,0.869,-0.291,0.05,-0.003,58,423.5,420,2.5,0,0,0,0,0,0,0,0,0,2490

Main.js:462 360.592,136.09,136.5,136.5,-0.691,0.65,-0.036,0.034,22,0,0,1,0,0,0,0,257.241,232.193,-1.858,1.673,0,0,0,0,0,0,0,0,152.111,440.455,358.5,144,0.873,-0.277,0.05,-0.001,57,426,420,2.5,0,0,0,0,0,0,0,0,0,2507

Main.js:462 359.902,136.74,136.5,136.5,-0.691,0.65,-0.036,0.034,21,0,0,1,0,0,0,0,255.383,233.866,-1.858,1.673,0,0,0,0,0,0,0,0,152.988,440.19,358.5,142.5,0.877,-0.265,0.05,-0.001,56,428.5,420,2.5,0,0,0,0,0,0,0,0,0,2522

Main.js:462 359.211,137.391,136.5,136.5,-0.69,0.65,-0.036,0.034,20,0,0,1,0,0,0,0,253.525,235.539,-1.858,1.673,0,0,0,0,0,0,0,0,153.868,439.937,358.5,141,0.88,-0.253,0.05,-0.001,55,431,420,2.5,0,0,0,0,0,0,0,0,0,2540

Main.js:462 358.521,138.041,136.5,136.5,-0.69,0.65,-0.036,0.034,19,0,0,1,0,0,0,0,251.667,237.212,-1.858,1.673,0,0,0,0,0,0,0,0,154.752,439.696,358.5,139.5,0.884,-0.241,0.05,-0.001,54,433.5,420,2.5,0,0,0,0,0,0,0,0,0,2557

Main.js:462 357.83,138.691,136.5,136.5,-0.69,0.651,-0.036,0.034,18,0,0,1,0,0,0,0,249.809,238.885,-1.858,1.673,0,0,0,0,0,0,0,0,155.639,439.465,358.5,138,0.887,-0.231,0.05,-0.001,53,436,420,2.5,0,0,0,0,0,0,0,0,0,2573

Main.js:462 357.14,139.342,136.5,136.5,-0.69,0.651,-0.036,0.034,17,0,0,1,0,0,0,0,247.952,240.557,-1.858,1.673,0,0,0,0,0,0,0,0,156.529,439.245,358.5,136.5,0.89,-0.22,0.05,-0.001,52,438.5,420,2.5,0,0,0,0,0,0,0,0,0,2590

Main.js:462 356.45,139.993,136.5,136.5,-0.69,0.651,-0.036,0.034,16,0,0,1,0,0,0,0,246.094,242.23,-1.858,1.673,0,0,0,0,0,0,0,0,157.422,439.034,358.5,135,0.893,-0.211,0.05,-0.001,51,441,420,2.5,0,0,0,0,0,0,0,0,0,2606

Main.js:462 355.76,140.644,136.5,136.5,-0.69,0.651,-0.036,0.034,15,0,0,1,0,0,0,0,244.236,243.903,-1.858,1.673,0,0,0,0,0,0,0,0,158.318,438.833,358.5,133.5,0.896,-0.201,0.05,-0.001,50,443.5,420,2.5,0,0,0,0,0,0,0,0,0,2624

Main.js:462 355.069,141.295,136.5,136.5,-0.69,0.651,-0.036,0.034,14,0,0,1,0,0,0,0,242.378,245.576,-1.858,1.673,0,0,0,0,0,0,0,0,159.216,438.641,358.5,132,0.899,-0.192,0.05,-0.001,49,446,420,2.5,0,0,0,0,0,0,0,0,0,2639

Main.js:462 354.379,141.947,136.5,136.5,-0.69,0.651,-0.036,0.034,13,0,0,1,0,0,0,0,240.52,247.249,-1.858,1.673,0,0,0,0,0,0,0,0,160.117,438.457,358.5,130.5,0.901,-0.184,0.05,-0.001,48,448.5,420,2.5,0,0,0,0,0,0,0,0,0,2657

Main.js:462 353.689,142.598,136.5,136.5,-0.69,0.651,-0.036,0.034,12,0,0,1,0,0,0,0,238.662,248.922,-1.858,1.673,0,0,0,0,0,0,0,0,161.021,438.28,358.5,129,0.904,-0.176,0.05,-0.001,47,451,420,2.5,0,0,0,0,0,0,0,0,0,2674

Main.js:462 352.999,143.25,136.5,136.5,-0.69,0.652,-0.036,0.034,11,0,0,1,0,0,0,0,236.804,250.594,-1.858,1.673,0,0,0,0,0,0,0,0,161.927,438.112,358.5,127.5,0.906,-0.169,0.05,-0.001,46,453.5,420,2.5,0,0,0,0,0,0,0,0,0,2689

Main.js:462 352.309,143.901,136.5,136.5,-0.69,0.652,-0.036,0.034,10,0,0,1,0,0,0,0,234.947,252.267,-1.858,1.673,0,0,0,0,0,0,0,0,162.835,437.951,358.5,126,0.908,-0.161,0.05,-0.001,45,456,420,2.5,0,0,0,0,0,0,0,0,0,2706

Main.js:462 351.62,144.553,136.5,136.5,-0.69,0.652,-0.036,0.034,9,0,0,1,0,0,0,0,233.089,253.94,-1.858,1.673,0,0,0,0,0,0,0,0,163.745,437.796,358.5,124.5,0.91,-0.155,0.05,-0.001,44,458.5,420,2.5,0,0,0,0,0,0,0,0,0,2724

Main.js:462 350.93,145.205,136.5,136.5,-0.69,0.652,-0.036,0.034,8,0,0,1,0,0,0,0,231.231,255.613,-1.858,1.673,0,0,0,0,0,0,0,0,164.657,437.648,358.5,123,0.912,-0.148,0.05,-0.001,43,461,420,2.5,0,0,0,0,0,0,0,0,0,2741

Main.js:462 350.24,145.857,136.5,136.5,-0.69,0.652,-0.036,0.034,7,0,0,1,0,0,0,0,229.373,257.286,-1.858,1.673,0,0,0,0,0,0,0,0,165.571,437.506,358.5,121.5,0.914,-0.142,0.05,-0.001,42,463.5,420,2.5,0,0,0,0,0,0,0,0,0,2757

Main.js:462 349.55,146.509,136.5,136.5,-0.69,0.652,-0.036,0.034,6,0,0,1,0,0,0,0,227.515,258.959,-1.858,1.673,0,0,0,0,0,0,0,0,166.487,437.37,358.5,120,0.916,-0.136,0.05,-0.001,41,466,420,2.5,0,0,0,0,0,0,0,0,0,2774

Main.js:462 348.86,147.161,136.5,136.5,-0.69,0.652,-0.036,0.034,5,0,0,1,0,0,0,0,225.657,260.631,-1.858,1.673,0,0,0,0,0,0,0,0,167.404,437.24,358.5,118.5,0.917,-0.13,0.05,-0.001,40,468.5,420,2.5,0,0,0,0,0,0,0,0,0,2789

Main.js:462 348.171,147.813,136.5,136.5,-0.69,0.652,-0.036,0.034,4,0,0,1,0,0,0,0,223.799,262.304,-1.858,1.673,0,0,0,0,0,0,0,0,168.323,437.115,358.5,117,0.919,-0.125,0.05,-0.001,39,471,420,2.5,0,0,0,0,0,0,0,0,0,2806

Main.js:462 347.481,148.466,136.5,136.5,-0.69,0.652,-0.036,0.034,3,0,0,1,0,0,0,0,221.941,263.977,-1.858,1.673,0,0,0,0,0,0,0,0,169.244,436.994,358.5,115.5,0.921,-0.12,0.05,-0.001,38,473.5,420,2.5,0,0,0,0,0,0,0,0,0,2827

Main.js:462 346.791,149.118,136.5,136.5,-0.69,0.652,-0.036,0.034,2,0,0,1,0,0,0,0,220.084,265.65,-1.858,1.673,0,0,0,0,0,0,0,0,170.166,436.879,358.5,114,0.922,-0.115,0.05,-0.001,37,476,420,2.5,0,0,0,0,0,0,0,0,0,2839

Main.js:462 346.102,149.771,136.5,136.5,-0.69,0.653,-0.036,0.034,1,0,0,1,0,0,0,0,218.226,267.323,-1.858,1.673,0,0,0,0,0,0,0,0,171.09,436.768,358.5,112.5,0.923,-0.111,0.05,-0.001,36,478.5,420,2.5,0,0,0,0,0,0,0,0,0,2856

Main.js:462 345.412,150.423,136.5,136.5,-0.69,0.653,-0.036,0.034,0,0,0,1,0,0,0,0,216.368,268.995,-1.858,1.673,0,0,0,0,0,0,0,0,172.014,436.661,358.5,111,0.925,-0.107,0.05,-0.001,35,481,420,2.5,0,0,0,0,0,0,0,0,0,2874

Main.js:462 344.723,151.076,136.5,136.5,-0.69,0.653,-0.036,0.034,0,0,0,1,0,0,0,0,214.51,270.668,-1.858,1.673,0,0,0,0,0,0,0,0,172.94,436.559,358.5,109.5,0.926,-0.102,0.05,-0.001,34,483.5,420,2.5,0,0,0,0,0,0,0,0,0,2889

Main.js:462 344.033,151.729,136.5,136.5,-0.69,0.653,-0.036,0.034,0,0,0,1,0,0,0,0,212.652,272.341,-1.858,1.673,0,0,0,0,0,0,0,0,173.868,436.46,358.5,108,0.927,-0.099,0.05,-0.001,33,486,420,2.5,0,0,0,0,0,0,0,0,0,2906

Main.js:462 343.343,152.382,136.5,136.5,-0.69,0.653,-0.036,0.034,0,0,0,1,0,0,0,0,210.794,274.014,-1.858,1.673,0,0,0,0,0,0,0,0,174.796,436.365,358.5,106.5,0.928,-0.095,0.05,-0.001,32,488.5,420,2.5,0,0,0,0,0,0,0,0,0,2923

Main.js:462 342.654,153.034,136.5,136.5,-0.69,0.653,-0.036,0.034,0,0,0,1,0,0,0,0,208.936,275.687,-1.858,1.673,0,0,0,0,0,0,0,0,175.725,436.274,358.5,105,0.929,-0.091,0.05,-0.001,31,491,420,2.5,0,0,0,0,0,0,0,0,0,2939

Main.js:462 341.964,153.687,136.5,136.5,-0.689,0.653,-0.036,0.034,0,0,0,1,0,0,0,0,207.079,277.36,-1.858,1.673,0,0,0,0,0,0,0,0,176.656,436.186,358.5,103.5,0.93,-0.088,0.05,-0.001,30,493.5,420,2.5,0,0,0,0,0,0,0,0,0,2956

Main.js:462 341.275,154.34,136.5,136.5,-0.689,0.653,-0.036,0.034,0,0,0,1,0,0,0,0,205.221,279.032,-1.858,1.673,0,0,0,0,0,0,0,0,177.587,436.101,358.5,102,0.931,-0.085,0.05,-0.001,29,496,420,2.5,0,0,0,0,0,0,0,0,0,2973

Main.js:462 340.585,154.993,136.5,136.5,-0.689,0.653,-0.036,0.034,0,0,0,1,0,0,0,0,203.363,280.705,-1.858,1.673,0,0,0,0,0,0,0,0,178.519,436.019,358.5,100.5,0.932,-0.082,0.05,-0.001,28,498.5,420,2.5,0,0,0,0,0,0,0,0,0,2989

Main.js:462 339.896,155.646,136.5,136.5,-0.689,0.653,-0.036,0.034,0,0,0,1,0,0,0,0,203.363,280.705,-1.858,1.673,0,0,0,0,0,0,0,0,179.452,435.94,358.5,99,0.933,-0.079,0.05,-0.001,27,0,0,0,0,0,0,0,0,0,0,0,0,3007

Main.js:462 339.207,156.299,136.5,136.5,-0.689,0.653,-0.036,0.034,0,0,0,1,0,0,0,0,201.505,282.378,-1.858,1.673,0,0,0,0,0,0,0,0,180.386,435.862,357,96,0.934,-0.078,0.05,-0.003,26,0,0,0,0,0,0,0,0,0,0,0,0,3023

Main.js:462 338.517,156.952,136.5,136.5,-0.689,0.653,-0.036,0.034,0,0,0,1,0,0,0,0,199.647,284.051,-1.858,1.673,0,0,0,0,0,0,0,0,181.321,435.785,355.5,93,0.935,-0.077,0.05,-0.004,25,0,0,0,0,0,0,0,0,0,0,0,0,3038

Main.js:462 337.828,157.606,136.5,136.5,-0.689,0.653,-0.036,0.034,0,0,0,1,0,0,0,0,197.789,285.724,-1.858,1.673,0,0,0,0,0,0,0,0,182.256,435.706,354,90,0.935,-0.079,0.05,-0.005,24,0,0,0,0,0,0,0,0,0,0,0,0,3056

Main.js:462 337.138,158.259,136.5,136.5,-0.689,0.653,-0.036,0.034,0,0,0,1,0,0,0,0,195.931,287.397,-1.858,1.673,0,0,0,0,0,0,0,0,183.191,435.626,352.5,87,0.935,-0.081,0.05,-0.007,23,0,0,0,0,0,0,0,0,0,0,0,0,3072

Main.js:462 336.449,158.912,136.5,136.5,-0.689,0.653,-0.036,0.034,0,0,0,1,0,0,0,0,194.074,289.069,-1.858,1.673,0,0,0,0,0,0,0,0,184.127,435.541,351,84,0.936,-0.084,0.049,-0.008,22,0,0,0,0,0,0,0,0,0,0,0,0,3095

Main.js:462 335.76,159.565,136.5,136.5,-0.689,0.653,-0.036,0.034,0,0,0,1,0,0,0,0,192.216,290.742,-1.858,1.673,0,0,0,0,0,0,0,0,185.062,435.453,349.5,81,0.935,-0.089,0.049,-0.009,21,0,0,0,0,0,0,0,0,0,0,0,0,3107

Main.js:462 335.07,160.219,136.5,136.5,-0.689,0.653,-0.036,0.034,0,0,0,1,0,0,0,0,190.358,292.415,-1.858,1.673,0,0,0,0,0,0,0,0,185.998,435.359,348,78,0.935,-0.094,0.049,-0.01,20,0,0,0,0,0,0,0,0,0,0,0,0,3123

Main.js:462 334.381,160.872,136.5,136.5,-0.689,0.653,-0.036,0.034,0,0,0,1,0,0,0,0,188.5,294.088,-1.858,1.673,0,0,0,0,0,0,0,0,186.932,435.258,346.5,75,0.935,-0.1,0.049,-0.012,19,0,0,0,0,0,0,0,0,0,0,0,0,3140

Main.js:462 333.692,161.525,136.5,136.5,-0.689,0.653,-0.036,0.034,0,0,0,1,0,0,0,0,186.642,295.761,-1.858,1.673,0,0,0,0,0,0,0,0,187.866,435.15,345,72,0.934,-0.108,0.048,-0.013,18,0,0,0,0,0,0,0,0,0,0,0,0,3157

Main.js:462 333.003,162.179,136.5,136.5,-0.689,0.653,-0.036,0.034,0,0,0,1,0,0,0,0,184.784,297.434,-1.858,1.673,0,0,0,0,0,0,0,0,188.799,435.035,343.5,69,0.933,-0.116,0.048,-0.014,17,0,0,0,0,0,0,0,0,0,0,0,0,3174

Main.js:462 332.313,162.832,136.5,136.5,-0.689,0.653,-0.036,0.034,0,0,0,1,0,0,0,0,182.926,299.106,-1.858,1.673,0,0,0,0,0,0,0,0,189.73,434.91,342,66,0.931,-0.125,0.048,-0.015,16,0,0,0,0,0,0,0,0,0,0,0,0,3191

Main.js:462 331.624,163.486,136.5,136.5,-0.689,0.653,-0.036,0.034,0,0,0,1,0,0,0,0,181.069,300.779,-1.858,1.673,0,0,0,0,0,0,0,0,190.659,434.775,340.5,63,0.929,-0.134,0.047,-0.017,15,0,0,0,0,0,0,0,0,0,0,0,0,3207

Main.js:462 330.935,164.139,136.5,136.5,-0.689,0.653,-0.036,0.034,0,0,0,1,0,0,0,0,179.211,302.452,-1.858,1.673,0,0,0,0,0,0,0,0,191.586,434.631,339,60,0.927,-0.145,0.047,-0.018,14,0,0,0,0,0,0,0,0,0,0,0,0,3224

Main.js:462 330.245,164.793,136.5,136.5,-0.689,0.654,-0.036,0.034,0,0,0,1,0,0,0,0,177.353,304.125,-1.858,1.673,0,0,0,0,0,0,0,0,192.511,434.475,337.5,57,0.925,-0.156,0.046,-0.019,13,0,0,0,0,0,0,0,0,0,0,0,0,3240

Main.js:462 329.556,165.446,136.5,136.5,-0.689,0.654,-0.036,0.034,0,0,0,1,0,0,0,0,175.495,305.798,-1.858,1.673,0,0,0,0,0,0,0,0,193.433,434.308,336,54,0.922,-0.167,0.046,-0.02,12,0,0,0,0,0,0,0,0,0,0,0,0,3256

Main.js:462 328.867,166.1,136.5,136.5,-0.689,0.654,-0.036,0.034,0,0,0,1,0,0,0,0,173.637,307.471,-1.858,1.673,0,0,0,0,0,0,0,0,194.352,434.129,334.5,51,0.919,-0.179,0.045,-0.022,11,0,0,0,0,0,0,0,0,0,0,0,0,3273

Main.js:462 328.178,166.753,136.5,136.5,-0.689,0.654,-0.036,0.034,0,0,0,1,0,0,0,0,171.779,309.143,-1.858,1.673,0,0,0,0,0,0,0,0,195.267,433.937,333,48,0.915,-0.192,0.045,-0.023,10,0,0,0,0,0,0,0,0,0,0,0,0,3289

Main.js:462 327.489,167.408,135,135,-0.688,0.654,-0.035,0.035,0,1,0,1,0,0,0,0,169.921,310.816,-1.858,1.673,0,0,0,0,0,0,0,0,196.178,433.732,331.5,45,0.911,-0.205,0.044,-0.024,9,0,0,0,0,0,0,0,0,0,0,0,0,3306

Main.js:462 326.803,168.064,133.5,133.5,-0.687,0.656,-0.034,0.036,0,1,0,1,0,0,0,0,168.063,312.489,-1.858,1.673,0,0,0,0,0,0,0,0,197.085,433.514,330,42,0.907,-0.218,0.043,-0.025,8,0,0,0,0,0,0,0,0,0,0,0,0,3323

Main.js:462 326.119,168.723,132,132,-0.684,0.659,-0.033,0.037,0,1,0,1,0,0,0,0,166.206,314.162,-1.858,1.673,0,0,0,0,0,0,0,0,197.987,433.281,328.5,39,0.902,-0.232,0.043,-0.026,7,0,0,0,0,0,0,0,0,0,0,0,0,3339

Main.js:462 325.438,169.385,130.5,130.5,-0.681,0.662,-0.032,0.038,0,1,0,1,0,0,0,0,164.348,315.835,-1.858,1.673,0,0,0,0,0,0,0,0,198.883,433.035,327,36,0.897,-0.247,0.042,-0.027,6,0,0,0,0,0,0,0,0,0,0,0,0,3356

Main.js:462 324.761,170.05,129,129,-0.677,0.666,-0.031,0.039,0,1,0,1,0,0,0,0,162.49,317.507,-1.858,1.673,0,0,0,0,0,0,0,0,199.774,432.774,325.5,33,0.891,-0.261,0.041,-0.028,5,0,0,0,0,0,0,0,0,0,0,0,0,3372

Main.js:462 324.089,170.72,127.5,127.5,-0.672,0.67,-0.03,0.04,0,1,0,1,0,0,0,0,160.632,319.18,-1.858,1.673,0,0,0,0,0,0,0,0,200.659,432.498,324,30,0.885,-0.276,0.04,-0.029,4,0,0,0,0,0,0,0,0,0,0,0,0,3389

Main.js:462 323.423,171.395,126,126,-0.666,0.675,-0.029,0.04,0,1,0,1,0,0,0,0,158.774,320.853,-1.858,1.673,0,0,0,0,0,0,0,0,201.537,432.206,322.5,27,0.878,-0.291,0.04,-0.03,3,0,0,0,0,0,0,0,0,0,0,0,0,3406

Main.js:462 322.764,172.076,124.5,124.5,-0.66,0.68,-0.028,0.041,0,1,0,1,0,0,0,0,156.916,322.526,-1.858,1.673,0,0,0,0,0,0,0,0,202.408,431.9,321,24,0.871,-0.306,0.039,-0.031,2,0,0,0,0,0,0,0,0,0,0,0,0,3423

Main.js:462 322.111,172.762,123,123,-0.653,0.686,-0.027,0.042,0,1,0,1,0,0,0,0,155.058,324.199,-1.858,1.673,0,0,0,0,0,0,0,0,203.272,431.578,319.5,21,0.864,-0.322,0.038,-0.032,1,0,0,0,0,0,0,0,0,0,0,0,0,3438

Main.js:462 321.467,173.454,121.5,121.5,-0.645,0.692,-0.026,0.043,0,1,0,1,0,0,0,0,153.201,325.872,-1.858,1.673,0,0,0,0,0,0,0,0,204.128,431.24,318,18,0.856,-0.338,0.037,-0.033,0,0,0,0,0,0,0,0,0,0,0,0,0,3457

Main.js:462 320.83,174.153,120,120,-0.636,0.699,-0.025,0.043,0,1,0,1,0,0,0,0,151.343,327.544,-1.858,1.673,0,0,0,0,0,0,0,0,204.976,430.887,316.5,15,0.848,-0.353,0.036,-0.034,99,0,0,0,0,0,0,0,0,0,0,0,0,3473

Main.js:462 320.226,174.817,118.5,118.5,-0.604,0.664,0,0,0,1,0,0,0,0,0,0,149.485,329.217,-1.858,1.673,0,0,0,0,0,0,0,0,205.814,430.517,315,12,0.839,-0.369,0.035,-0.035,98,226.827,437.323,2.415,0.647,0,0,0,0,0,0,0,0,3491

Main.js:462 319.652,175.448,117,117,-0.574,0.631,0,0,0,1,0,0,0,0,0,0,147.627,330.89,-1.858,1.673,0,0,0,0,0,0,0,0,206.644,430.132,313.5,9,0.83,-0.385,0.034,-0.036,97,229.242,437.97,2.415,0.647,0,0,0,0,0,0,0,0,3507

Main.js:462 319.106,176.047,115.5,115.5,-0.545,0.599,0,0,0,1,0,0,0,0,0,0,145.769,332.563,-1.858,1.673,0,0,0,0,0,0,0,0,207.464,429.731,312,6,0.82,-0.401,0.033,-0.037,96,231.657,438.617,2.415,0.647,0,0,0,0,0,0,0,0,3522

Main.js:462 318.588,176.617,114,114,-0.518,0.569,0,0,0,1,0,0,0,0,0,0,143.911,334.236,-1.858,1.673,0,0,0,0,0,0,0,0,208.273,429.313,310.5,3,0.81,-0.417,0.032,-0.038,95,234.072,439.264,2.415,0.647,0,0,0,0,0,0,0,0,3556

Main.js:462 318.096,177.157,112.5,112.5,-0.492,0.541,0,0,0,1,0,0,0,0,0,0,142.053,335.909,-1.858,1.673,0,0,0,0,0,0,0,0,209.072,428.88,309,0,0.799,-0.434,0.031,-0.039,94,236.487,439.911,2.415,0.647,0,0,0,0,0,0,0,0,3571

Main.js:462 317.628,177.671,111,111,-0.468,0.514,0,0,0,1,0,0,0,0,0,0,140.196,337.581,-1.858,1.673,0,0,0,0,0,0,0,0,209.861,428.43,307.5,-3,0.788,-0.45,0.03,-0.04,93,238.901,440.558,2.415,0.647,0,0,0,0,0,0,0,0,3589

Main.js:462 317.184,178.159,111,111,-0.444,0.488,0,0,99,0,0,0,0,1,0,0,138.338,339.254,-1.858,1.673,0,0,0,0,0,0,0,0,210.637,427.965,306,-6,0.777,-0.465,0.029,-0.04,92,241.316,441.205,2.415,0.647,0,0,0,0,0,0,0,0,3605

Main.js:462 316.762,178.623,111,111,-0.422,0.464,0,0,98,0,0,0,0,1,0,0,136.48,340.927,-1.858,1.673,309.207,199.61,-0.896,2.334,0,0,0,0,211.402,427.483,304.5,-9,0.765,-0.481,0.028,-0.041,91,243.731,441.852,2.415,0.647,0,0,0,0,0,0,0,0,3624

Main.js:462 316.361,179.064,111,111,-0.401,0.441,0,0,97,0,0,0,0,1,0,0,134.622,342.6,-1.858,1.673,308.311,201.944,-0.896,2.334,0,0,0,0,212.154,426.986,303,-12,0.752,-0.497,0.027,-0.042,90,246.146,442.499,2.415,0.647,0,0,0,0,0,0,0,0,3639

Main.js:462 315.98,179.482,111,111,-0.381,0.418,0,0,96,0,0,0,0,1,0,0,132.764,344.273,-1.858,1.673,307.415,204.278,-0.896,2.334,0,0,0,0,212.894,426.473,301.5,-15,0.739,-0.513,0.026,-0.043,89,248.561,443.146,2.415,0.647,0,0,0,0,0,0,0,0,3656

Main.js:462 315.618,179.88,111,111,-0.362,0.398,0,0,95,0,0,0,0,1,0,0,130.906,345.946,-1.858,1.673,306.519,206.612,-0.896,2.334,0,0,0,0,213.62,425.945,300,-18,0.726,-0.528,0.025,-0.043,88,250.975,443.793,2.415,0.647,0,0,0,0,0,0,0,0,3673

Main.js:462 315.274,180.257,111,111,-0.344,0.378,0,0,94,0,0,0,0,1,0,0,129.048,347.618,-1.858,1.673,305.623,208.946,-0.896,2.334,0,0,0,0,214.332,425.402,298.5,-21,0.713,-0.544,0.024,-0.044,87,253.39,444.44,2.415,0.647,0,0,0,0,0,0,0,0,3691

Main.js:462 314.948,180.616,111,111,-0.327,0.359,0,0,93,0,0,0,0,0,0,0,127.191,349.291,-1.858,1.673,304.727,211.28,-0.896,2.334,0,0,0,0,215.031,424.843,297,-24,0.699,-0.559,0.023,-0.045,86,255.805,445.087,2.415,0.647,0,0,0,0,0,0,0,0,3708

Main.js:462 314.637,180.957,111,111,-0.31,0.341,0,0,92,0,0,0,0,0,0,0,125.333,350.964,-1.858,1.673,303.831,213.614,-0.896,2.334,0,0,0,0,215.715,424.269,295.5,-27,0.684,-0.574,0.022,-0.045,85,258.22,445.734,2.415,0.647,0,0,0,0,0,0,0,0,3723

Main.js:462 314.343,181.281,111,111,-0.295,0.324,0,0,91,0,0,0,0,0,0,0,123.475,352.637,-1.858,1.673,302.935,215.948,-0.896,2.334,0,0,0,0,216.384,423.681,294,-30,0.669,-0.588,0.02,-0.046,84,260.635,446.381,2.415,0.647,0,0,0,0,0,0,0,0,3739

Main.js:462 314.063,181.588,111,111,-0.28,0.308,0,0,90,0,0,0,0,0,0,0,121.617,354.31,-1.858,1.673,302.039,218.282,-0.896,2.334,0,0,0,0,217.038,423.078,292.5,-33,0.654,-0.603,0.019,-0.046,83,263.049,447.028,2.415,0.647,0,0,0,0,0,0,0,0,3755

Main.js:462 313.797,181.881,111,111,-0.266,0.292,0,0,89,0,0,0,0,0,0,0,119.759,355.982,-1.858,1.673,301.143,220.616,-0.896,2.334,0,0,0,0,217.676,422.461,291,-36,0.638,-0.617,0.018,-0.047,82,265.464,447.675,2.415,0.647,0,0,0,0,0,0,0,0,3772

Main.js:462 313.544,182.158,111,111,-0.253,0.278,0,0,88,0,0,0,0,0,0,0,117.901,357.655,-1.858,1.673,300.247,222.95,-0.896,2.334,0,0,0,0,218.299,421.83,289.5,-39,0.622,-0.631,0.017,-0.047,81,267.879,448.322,2.415,0.647,0,0,0,0,0,0,0,0,3788

Main.js:462 313.304,182.422,111,111,-0.24,0.264,0,0,87,0,0,0,0,1,0,0,116.043,359.328,-1.858,1.673,299.351,225.284,-0.896,2.334,0,0,0,0,218.904,421.185,288,-42,0.606,-0.645,0.015,-0.048,80,270.294,448.969,2.415,0.647,0,0,0,0,0,0,0,0,3805

Main.js:462 313.076,182.673,111,111,-0.228,0.251,0,0,86,0,0,0,0,1,0,0,114.185,361.001,-1.858,1.673,298.455,227.618,-0.896,2.334,0,0,0,0,219.493,420.528,286.5,-45,0.589,-0.658,0.014,-0.048,79,272.709,449.616,2.415,0.647,0,0,0,0,0,0,0,0,3822

Main.js:462 312.859,182.911,111,111,-0.217,0.238,0,0,85,0,0,0,0,1,0,0,112.328,362.674,-1.858,1.673,297.56,229.952,-0.896,2.334,0,0,0,0,220.065,419.857,285,-48,0.572,-0.671,0.013,-0.048,78,275.124,450.263,2.415,0.647,0,0,0,0,0,0,0,0,3840

Main.js:462 312.653,183.137,111,111,-0.206,0.226,0,0,84,0,0,0,0,1,0,0,110.47,364.347,-1.858,1.673,296.664,232.286,-0.896,2.334,0,0,0,0,220.619,419.173,283.5,-51,0.554,-0.684,0.012,-0.049,77,277.538,450.911,2.415,0.647,0,0,0,0,0,0,0,0,3856

Main.js:462 312.458,183.351,111,111,-0.196,0.215,0,0,83,0,0,0,0,1,0,0,108.612,366.019,-1.858,1.673,295.768,234.62,-0.896,2.334,0,0,0,0,221.156,418.477,282,-54,0.536,-0.696,0.01,-0.049,76,279.953,451.558,2.415,0.647,0,0,0,0,0,0,0,0,3874

Main.js:462 312.272,183.556,111,111,-0.186,0.204,0,0,82,0,0,0,0,0,0,0,106.754,367.692,-1.858,1.673,294.872,236.954,-0.896,2.334,0,0,0,0,221.674,417.77,280.5,-57,0.518,-0.708,0.009,-0.049,75,282.368,452.205,2.415,0.647,0,0,0,0,0,0,0,0,3889

Main.js:462 312.095,183.749,111,111,-0.176,0.194,0,0,81,0,0,0,0,0,0,0,104.896,369.365,-1.858,1.673,293.976,239.288,-0.896,2.334,0,0,0,0,222.174,417.05,279,-60,0.5,-0.719,0.008,-0.049,74,284.783,452.852,2.415,0.647,0,0,0,0,0,0,0,0,3905

Main.js:462 311.928,183.934,111,111,-0.168,0.184,0,0,80,0,0,0,0,0,0,0,103.038,371.038,-1.858,1.673,293.08,241.622,-0.896,2.334,0,0,0,0,222.655,416.32,277.5,-63,0.481,-0.73,0.007,-0.05,73,287.198,453.499,2.415,0.647,0,0,0,0,0,0,0,0,3923

Main.js:462 311.768,184.109,111,111,-0.159,0.175,0,0,79,0,0,0,0,0,0,0,101.18,372.711,-1.858,1.673,292.184,243.955,-0.896,2.334,0,0,0,0,223.117,415.579,276,-66,0.462,-0.741,0.005,-0.05,72,289.612,454.146,2.415,0.647,0,0,0,0,0,0,0,0,3939

Main.js:462 311.617,184.275,111,111,-0.151,0.166,0,0,78,0,0,0,0,1,0,0,99.323,374.384,-1.858,1.673,291.288,246.289,-0.896,2.334,0,0,0,0,223.559,414.827,274.5,-69,0.443,-0.751,0.004,-0.05,71,292.027,454.793,2.415,0.647,0,0,0,0,0,0,0,0,4006

Main.js:462 311.473,184.433,111,111,-0.144,0.158,0,0,77,0,0,0,0,1,0,0,97.465,376.056,-1.858,1.673,290.392,248.623,-0.896,2.334,0,0,0,0,223.985,414.066,276,-69,0.425,-0.761,0.005,-0.05,70,294.442,455.44,2.415,0.647,0,0,0,0,0,0,0,0,4022

Main.js:462 311.337,184.583,111,111,-0.137,0.15,0,0,76,0,0,0,0,1,0,0,95.607,377.729,-1.858,1.673,289.496,250.957,-0.896,2.334,0,0,0,0,224.395,413.296,277.5,-69,0.41,-0.77,0.007,-0.05,69,296.857,456.087,2.415,0.647,0,0,0,0,0,0,0,0,4039

Main.js:462 311.207,184.725,111,111,-0.13,0.143,0,0,75,0,0,0,0,1,0,0,93.749,379.402,-1.858,1.673,288.6,253.291,-0.896,2.334,0,0,0,0,224.792,412.518,279,-69,0.397,-0.779,0.008,-0.049,68,299.272,456.734,2.415,0.647,0,0,0,0,0,0,0,0,4055

Main.js:462 311.084,184.861,111,111,-0.123,0.135,0,0,74,0,0,0,0,0,0,0,91.891,381.075,-1.858,1.673,287.704,255.625,-0.896,2.334,0,0,0,0,225.178,411.731,280.5,-69,0.386,-0.786,0.009,-0.049,67,301.686,457.381,2.415,0.647,0,0,0,0,0,0,0,0,4071

Main.js:462 310.967,184.989,111,111,-0.117,0.129,0,0,73,0,0,0,0,0,0,0,90.033,382.748,-1.858,1.673,286.809,257.959,-0.896,2.334,0,0,0,0,225.555,410.938,282,-69,0.377,-0.793,0.01,-0.049,66,304.101,458.028,2.415,0.647,0,0,0,0,0,0,0,0,4089

Main.js:462 310.856,185.111,111,111,-0.111,0.122,0,0,72,0,0,0,0,0,0,0,88.175,384.421,-1.858,1.673,285.913,260.293,-0.896,2.334,0,0,0,0,225.924,410.138,283.5,-69,0.369,-0.8,0.012,-0.049,65,306.516,458.675,2.415,0.647,0,0,0,0,0,0,0,0,4107

Main.js:462 310.75,185.228,111,111,-0.106,0.116,0,0,71,0,0,0,0,0,0,0,86.318,386.093,-1.858,1.673,285.017,262.627,-0.896,2.334,0,0,0,0,226.287,409.332,285,-69,0.363,-0.806,0.013,-0.048,64,308.931,459.322,2.415,0.647,0,0,0,0,0,0,0,0,4123

Main.js:462 310.65,185.338,111,111,-0.1,0.11,0,0,70,0,0,0,0,0,0,0,84.46,387.766,-1.858,1.673,284.121,264.961,-0.896,2.334,0,0,0,0,226.645,408.521,286.5,-69,0.358,-0.811,0.014,-0.048,63,311.346,459.969,2.415,0.647,0,0,0,0,0,0,0,0,4140

Main.js:462 310.554,185.443,111,111,-0.095,0.105,0,0,69,0,0,0,0,0,0,0,82.602,389.439,-1.858,1.673,283.225,267.295,-0.896,2.334,0,0,0,0,227,407.705,288,-69,0.355,-0.816,0.015,-0.048,62,313.761,460.616,2.415,0.647,0,0,0,0,0,0,0,0,4157

Main.js:462 310.464,185.542,111,111,-0.091,0.1,0,0,68,0,0,0,0,0,0,0,80.744,391.112,-1.858,1.673,282.329,269.629,-0.896,2.334,0,0,0,0,227.353,406.885,289.5,-69,0.353,-0.82,0.017,-0.047,61,316.175,461.263,2.415,0.647,0,0,0,0,0,0,0,0,4173

Main.js:462 310.377,185.637,111,111,-0.086,0.095,0,0,67,0,0,0,0,0,0,0,78.886,392.785,-1.858,1.673,281.433,271.963,-0.896,2.334,0,0,0,0,227.705,406.062,291,-69,0.352,-0.823,0.018,-0.047,60,318.59,461.91,2.415,0.647,0,0,0,0,0,0,0,0,4191

Main.js:462 310.296,185.727,111,111,-0.082,0.09,0,0,66,0,0,0,0,0,0,0,77.028,394.457,-1.858,1.673,280.537,274.297,-0.896,2.334,0,0,0,0,228.058,405.237,292.5,-69,0.353,-0.826,0.019,-0.046,59,321.005,462.557,2.415,0.647,0,0,0,0,0,0,0,0,4206

Main.js:462 310.218,185.812,111,111,-0.078,0.085,0,0,65,0,0,0,0,0,0,0,75.17,396.13,-1.858,1.673,279.641,276.631,-0.896,2.334,0,0,0,0,228.412,404.409,294,-69,0.355,-0.828,0.02,-0.046,58,323.42,463.204,2.415,0.647,0,0,0,0,0,0,0,0,4223

Main.js:462 310.144,185.893,111,111,-0.074,0.081,0,0,64,0,0,0,0,1,0,0,73.313,397.803,-1.858,1.673,278.745,278.965,-0.896,2.334,0,0,0,0,228.77,403.579,295.5,-69,0.357,-0.829,0.022,-0.045,57,325.835,463.851,2.415,0.647,0,0,0,0,0,0,0,0,4239

Main.js:462 310.074,185.97,111,111,-0.07,0.077,0,0,63,0,0,0,0,1,0,0,71.455,399.476,-1.858,1.673,277.849,281.299,-0.896,2.334,0,0,0,0,229.131,402.749,297,-69,0.361,-0.83,0.023,-0.045,56,328.249,464.499,2.415,0.647,0,0,0,0,0,0,0,0,4256

Main.js:462 310.008,186.043,111,111,-0.067,0.073,0,0,62,0,0,0,0,1,0,0,69.597,401.149,-1.858,1.673,276.953,283.633,-0.896,2.334,0,0,0,0,229.496,401.919,298.5,-69,0.366,-0.83,0.024,-0.044,55,330.664,465.146,2.415,0.647,0,0,0,0,0,0,0,0,4272

Main.js:462 309.944,186.113,111,111,-0.063,0.07,0,0,61,0,0,0,0,1,0,0,67.739,402.822,-1.858,1.673,276.057,285.967,-0.896,2.334,0,0,0,0,229.867,401.089,300,-69,0.371,-0.83,0.025,-0.043,54,333.079,465.793,2.415,0.647,0,0,0,0,0,0,0,0,4289

Main.js:462 309.884,186.179,111,111,-0.06,0.066,0,0,60,0,0,0,0,1,0,0,65.881,404.494,-1.858,1.673,275.162,288.301,-0.896,2.334,0,0,0,0,230.245,400.259,301.5,-69,0.377,-0.829,0.026,-0.043,53,335.494,466.44,2.415,0.647,0,0,0,0,0,0,0,0,4306

Main.js:462 309.827,186.241,111,111,-0.057,0.063,0,0,59,0,0,0,0,0,0,0,64.023,406.167,-1.858,1.673,274.266,290.634,-0.896,2.334,0,0,0,0,230.629,399.432,303,-69,0.384,-0.827,0.027,-0.042,52,337.909,467.087,2.415,0.647,0,0,0,0,0,0,0,0,4323

Main.js:462 309.773,186.301,111,111,-0.054,0.06,0,0,58,0,0,0,0,0,0,0,62.165,407.84,-1.858,1.673,273.37,292.968,-0.896,2.334,0,0,0,0,231.021,398.607,304.5,-69,0.392,-0.825,0.028,-0.041,51,340.324,467.734,2.415,0.647,0,0,0,0,0,0,0,0,4340

Main.js:462 309.721,186.358,111,111,-0.052,0.057,0,0,57,0,0,0,0,0,0,0,60.307,409.513,-1.858,1.673,272.474,295.302,-0.896,2.334,0,0,0,0,231.421,397.784,306,-69,0.4,-0.822,0.029,-0.04,50,342.738,468.381,2.415,0.647,0,0,0,0,0,0,0,0,4356

Main.js:462 309.672,186.411,111,111,-0.049,0.054,0,0,56,0,0,0,0,0,0,0,58.45,411.186,-1.858,1.673,271.578,297.636,-0.896,2.334,0,0,0,0,231.831,396.965,307.5,-69,0.409,-0.819,0.03,-0.04,49,345.153,469.028,2.415,0.647,0,0,0,0,0,0,0,0,4373

Main.js:462 309.626,186.462,111,111,-0.047,0.051,0,0,55,0,0,0,0,0,0,0,56.592,412.859,-1.858,1.673,270.682,299.97,-0.896,2.334,0,0,0,0,232.249,396.15,309,-69,0.419,-0.815,0.031,-0.039,48,347.568,469.675,2.415,0.647,0,0,0,0,0,0,0,0,4389

Main.js:462 309.582,186.511,111,111,-0.044,0.049,0,0,54,0,0,0,0,1,0,0,54.734,414.531,-1.858,1.673,269.786,302.304,-0.896,2.334,0,0,0,0,232.678,395.34,310.5,-69,0.429,-0.81,0.032,-0.038,47,349.983,470.322,2.415,0.647,0,0,0,0,0,0,0,0,4406

Main.js:462 309.54,186.557,111,111,-0.042,0.046,0,0,53,0,0,0,0,1,0,0,52.876,416.204,-1.858,1.673,268.89,304.638,-0.896,2.334,0,0,0,0,233.117,394.535,312,-69,0.439,-0.805,0.033,-0.037,46,352.398,470.969,2.415,0.647,0,0,0,0,0,0,0,0,4423

Main.js:462 309.5,186.601,111,111,-0.04,0.044,0,0,52,0,0,0,0,1,0,0,51.018,417.877,-1.858,1.673,267.994,306.972,-0.896,2.334,0,0,0,0,233.567,393.736,313.5,-69,0.45,-0.799,0.034,-0.036,45,354.812,471.616,2.415,0.647,0,0,0,0,0,0,0,0,4440

Main.js:462 309.462,186.642,111,111,-0.038,0.042,0,0,51,0,0,0,0,1,0,0,49.16,419.55,-1.858,1.673,267.098,309.306,-0.896,2.334,0,0,0,0,234.027,392.943,315,-69,0.461,-0.793,0.035,-0.035,44,357.227,472.263,2.415,0.647,0,0,0,0,0,0,0,0,4456

Main.js:462 309.426,186.682,111,111,-0.036,0.04,0,0,50,0,0,0,0,1,0,0,47.302,421.223,-1.858,1.673,266.202,311.64,-0.896,2.334,0,0,0,0,234.5,392.157,316.5,-69,0.472,-0.786,0.036,-0.034,43,359.642,472.91,2.415,0.647,0,0,0,0,0,0,0,0,4474

Main.js:462 309.375,186.764,111,111,-0.051,0.082,-0.018,0.047,49,0,0,1,0,1,0,0,45.445,422.896,-1.858,1.673,265.306,313.974,-0.896,2.334,0,0,0,0,234.983,391.378,318,-69,0.484,-0.778,0.037,-0.033,42,362.057,473.557,2.415,0.647,0,0,0,0,0,0,0,0,4490

Main.js:462 309.309,186.886,111,111,-0.066,0.122,-0.018,0.047,48,0,0,1,0,1,0,0,43.587,424.568,-1.858,1.673,264.411,316.308,-0.896,2.334,0,0,0,0,235.479,390.608,319.5,-69,0.496,-0.77,0.038,-0.032,41,364.472,474.204,2.415,0.647,0,0,0,0,0,0,0,0,4506

Main.js:462 309.23,187.046,111,111,-0.079,0.16,-0.018,0.047,47,0,0,1,0,0,0,0,41.729,426.241,-1.858,1.673,263.515,318.642,-0.896,2.334,0,0,0,0,235.986,389.845,319.5,-70.5,0.507,-0.763,0.038,-0.032,40,366.886,474.851,2.415,0.647,0,0,0,0,0,0,0,0,4523

Main.js:462 309.137,187.243,111,111,-0.092,0.197,-0.018,0.047,46,0,0,1,0,0,0,0,39.871,427.914,-1.858,1.673,262.619,320.976,-0.896,2.334,0,0,0,0,236.504,389.09,319.5,-72,0.518,-0.755,0.038,-0.032,39,369.301,475.498,2.415,0.647,0,0,0,0,0,0,0,0,4539

Main.js:462 309.032,187.474,111,111,-0.105,0.231,-0.018,0.047,45,0,0,1,0,0,0,0,38.013,429.587,-1.858,1.673,261.723,323.31,-0.896,2.334,0,0,0,0,237.033,388.341,319.5,-73.5,0.528,-0.748,0.038,-0.032,38,371.716,476.145,2.415,0.647,0,0,0,0,0,0,0,0,4557

Main.js:462 308.916,187.738,111,111,-0.117,0.264,-0.018,0.047,44,0,0,1,0,0,0,0,36.155,431.26,-1.858,1.673,260.827,325.644,-0.896,2.334,0,0,0,0,237.57,387.6,319.5,-75,0.538,-0.742,0.038,-0.032,37,374.131,476.792,2.415,0.647,0,0,0,0,0,0,0,0,4574

Main.js:462 308.788,188.034,111,111,-0.128,0.295,-0.018,0.047,43,0,0,1,0,0,0,0,34.297,432.932,-1.858,1.673,259.931,327.978,-0.896,2.334,0,0,0,0,238.117,386.864,319.5,-76.5,0.547,-0.736,0.038,-0.032,36,376.546,477.439,2.415,0.647,0,0,0,0,0,0,0,0,4590

Main.js:462 308.649,188.358,111,111,-0.138,0.325,-0.018,0.047,42,0,0,1,0,1,0,0,32.44,434.605,-1.858,1.673,259.035,330.312,-0.896,2.334,0,0,0,0,238.673,386.134,319.5,-78,0.556,-0.73,0.038,-0.032,35,378.961,478.087,2.415,0.647,0,0,0,0,0,0,0,0,4606

Main.js:462 308.501,188.711,111,111,-0.149,0.353,-0.018,0.047,41,0,0,1,0,1,0,0,30.582,436.278,-1.858,1.673,258.139,332.646,-0.896,2.334,0,0,0,0,239.237,385.41,319.5,-79.5,0.564,-0.724,0.038,-0.032,34,381.375,478.734,2.415,0.647,0,0,0,0,0,0,0,0,4623

Main.js:462 308.343,189.091,111,111,-0.158,0.38,-0.018,0.047,40,0,0,1,0,1,0,0,28.724,437.951,-1.858,1.673,257.243,334.98,-0.896,2.334,0,0,0,0,239.81,384.691,319.5,-81,0.572,-0.719,0.038,-0.032,33,383.79,479.381,2.415,0.647,0,0,0,0,0,0,0,0,4641

Main.js:462 308.175,189.496,111,111,-0.167,0.405,-0.018,0.047,39,0,0,1,0,1,0,0,26.866,439.624,-1.858,1.673,256.347,337.314,-0.896,2.334,0,0,0,0,240.389,383.978,319.5,-82.5,0.58,-0.714,0.038,-0.032,32,386.205,480.028,2.415,0.647,0,0,0,0,0,0,0,0,4657

Main.js:462 308,189.925,111,111,-0.176,0.429,-0.018,0.047,38,0,0,1,0,1,0,0,25.008,441.297,-1.858,1.673,255.451,339.647,-0.896,2.334,0,0,0,0,240.976,383.269,319.5,-84,0.587,-0.709,0.038,-0.032,31,388.62,480.675,2.415,0.647,0,0,0,0,0,0,0,0,4674

Main.js:462 307.815,190.377,111,111,-0.184,0.452,-0.018,0.047,37,0,0,1,0,1,0,0,23.15,442.969,-1.858,1.673,254.555,341.981,-0.896,2.334,0,0,0,0,241.569,382.565,319.5,-85.5,0.594,-0.704,0.038,-0.032,30,391.035,481.322,2.415,0.647,0,0,0,0,0,0,0,0,4689

Main.js:462 307.623,190.85,111,111,-0.192,0.474,-0.018,0.047,36,0,0,1,0,0,0,0,21.292,444.642,-1.858,1.673,253.659,344.315,-0.896,2.334,0,0,0,0,242.169,381.865,319.5,-87,0.6,-0.7,0.038,-0.032,29,393.449,481.969,2.415,0.647,0,0,0,0,0,0,0,0,4705

Main.js:462 307.424,191.345,111,111,-0.199,0.494,-0.018,0.047,35,0,0,1,0,0,0,0,19.435,446.315,-1.858,1.673,252.764,346.649,-0.896,2.334,0,0,0,0,242.775,381.169,319.5,-88.5,0.606,-0.696,0.038,-0.032,28,395.864,482.616,2.415,0.647,0,0,0,0,0,0,0,0,4723

Main.js:462 307.218,191.858,111,111,-0.206,0.514,-0.018,0.047,34,0,0,1,0,0,0,0,17.577,447.988,-1.858,1.673,251.868,348.983,-0.896,2.334,0,0,0,0,243.387,380.477,319.5,-90,0.612,-0.692,0.038,-0.032,27,398.279,483.263,2.415,0.647,0,0,0,0,0,0,0,0,4741

Main.js:462 307.004,192.391,111,111,-0.213,0.533,-0.018,0.047,33,0,0,1,0,0,0,0,15.719,449.661,-1.858,1.673,250.972,351.317,-0.896,2.334,0,0,0,0,244.005,379.789,319.5,-91.5,0.617,-0.688,0.038,-0.032,26,400.694,483.91,2.415,0.647,0,0,0,0,0,0,0,0,4755

Main.js:462 306.785,192.941,111,111,-0.22,0.55,-0.018,0.047,32,0,0,1,0,0,0,0,13.861,451.334,-1.858,1.673,250.076,353.651,-0.896,2.334,0,0,0,0,244.627,379.105,319.5,-93,0.623,-0.684,0.038,-0.032,25,403.109,484.557,2.415,0.647,0,0,0,0,0,0,0,0,4773

Main.js:462 306.559,193.509,111,111,-0.226,0.567,-0.018,0.047,31,0,0,1,0,0,0,0,12.003,453.006,-1.858,1.673,249.18,355.985,-0.896,2.334,0,0,0,0,245.255,378.424,319.5,-94.5,0.628,-0.681,0.038,-0.032,24,405.524,485.204,2.415,0.647,0,0,0,0,0,0,0,0,4791

Main.js:462 306.328,194.092,111,111,-0.231,0.583,-0.018,0.047,30,0,0,1,0,0,0,0,10.145,454.679,-1.858,1.673,248.284,358.319,-0.896,2.334,0,0,0,0,245.888,377.746,319.5,-96,0.632,-0.678,0.038,-0.032,23,407.938,485.851,2.415,0.647,0,0,0,0,0,0,0,0,4807

Main.js:462 306.091,194.69,111,111,-0.237,0.598,-0.018,0.047,29,0,0,1,0,0,0,0,8.287,456.352,-1.858,1.673,247.388,360.653,-0.896,2.334,0,0,0,0,246.524,377.071,319.5,-97.5,0.637,-0.675,0.038,-0.032,22,410.353,486.498,2.415,0.647,0,0,0,0,0,0,0,0,4833

Main.js:462 305.866,195.258,111,111,-0.225,0.568,0,0,28,0,0,0,0,0,0,0,8.287,456.352,-1.858,1.673,247.388,360.653,-0.896,2.334,0,0,0,0,247.166,376.399,319.5,-99,0.641,-0.672,0.038,-0.032,21,412.768,487.145,2.415,0.647,0,0,0,0,0,0,0,0,4858

