Main.js:143 myTank.x,myTank.y,myTank.rotation,myTank.cannonRotation,myTank.velocityX,myTank.velocityY,myTank.accelerationX,myTank.accelerationY,myTank.shootCooldown,myTank.controls.turnLeft,myTank.controls.turnRight,myTank.controls.goForward,myTank.controls.goBack,myTank.controls.shoot,myTank.controls.cannonLeft,myTank.controls.cannonRight,myBullet1.x,myBullet1.y,myBullet1.velocityX,myBullet1.velocityY,myBullet2.x,myBullet2.y,myBullet2.velocityX,myBullet2.velocityY,myBullet3.x,myBullet3.y,myBullet3.velocityX,myBullet3.velocityY,enemyTank.x,enemyTank.y,enemyTank.rotation,enemyTank.cannonRotation,enemyTank.velocityX,enemyTank.velocityY,enemyTank.accelerationX,enemyTank.accelerationY,enemyTank.shootCooldown,enemyBullet1.x,enemyBullet1.y,enemyBullet1.velocityX,enemyBullet1.velocityY,enemyBullet2.x,enemyBullet2.y,enemyBullet2.velocityX,enemyBullet2.velocityY,enemyBullet3.x,enemyBullet3.y,enemyBullet3.velocityX,enemyBullet3.velocityY,currentGameTime
Main.js:462 50,238,0,0,0,0,0,0,0,0,0,0,0,0,0,0,0,0,0,0,0,0,0,0,0,0,0,0,450,262,180,180,0,0,0,0,0,0,0,0,0,0,0,0,0,0,0,0,0,6

Main.js:462 50,238,0,0,0,0,0,0,0,0,0,0,0,0,0,0,0,0,0,0,0,0,0,0,0,0,0,0,450,262,180,180,0,0,0,0,0,0,0,0,0,0,0,0,0,0,0,0,0,23

Main.js:462 50,238,0,0,0,0,0,0,0,0,0,0,0,0,0,0,0,0,0,0,0,0,0,0,0,0,0,0,450,262,180,180,0,0,0,0,0,0,0,0,0,0,0,0,0,0,0,0,0,39

Main.js:462 50,238,0,0,0,0,0,0,0,0,0,0,0,0,0,0,0,0,0,0,0,0,0,0,0,0,0,0,449.953,261.999,181.5,180,-0.047,-0.001,-0.05,-0.001,99,0,0,0,0,0,0,0,0,0,0,0,0,55

Main.js:462 50,238,0,0,0,0,0,0,0,0,0,0,0,0,0,0,0,0,0,0,0,0,0,0,0,0,0,0,449.86,261.995,183,180,-0.093,-0.004,-0.05,-0.003,98,426.5,262,-2.5,0,0,0,0,0,0,0,0,0,72

Main.js:462 50,238,0,0,0,0,0,0,0,0,0,0,0,0,0,0,0,0,0,0,0,0,0,0,0,0,0,0,449.725,261.988,184.5,180,-0.135,-0.007,-0.05,-0.004,97,424,262,-2.5,0,0,0,0,0,0,0,0,0,88

Main.js:462 50,238,0,0,0,0,0,0,0,0,0,0,0,0,0,0,0,0,0,0,0,0,0,0,0,0,0,0,449.549,261.976,186,180,-0.176,-0.012,-0.05,-0.005,96,421.5,262,-2.5,0,0,0,0,0,0,0,0,0,106

Main.js:462 50,238,0,0,0,0,0,0,0,0,0,0,0,0,0,0,0,0,0,0,0,0,0,0,0,0,0,0,449.335,261.959,187.5,180,-0.214,-0.017,-0.05,-0.007,95,419,262,-2.5,0,0,0,0,0,0,0,0,0,122

Main.js:462 50.048,238,0,0,0.048,0,0.05,0,0,0,0,1,0,0,0,0,0,0,0,0,0,0,0,0,0,0,0,0,449.085,261.935,189,180,-0.25,-0.024,-0.049,-0.008,94,416.5,262,-2.5,0,0,0,0,0,0,0,0,0,138

Main.js:462 50.14,238,0,0,0.093,0,0.05,0,0,0,0,1,0,0,0,0,0,0,0,0,0,0,0,0,0,0,0,0,448.8,261.903,190.5,180,-0.284,-0.031,-0.049,-0.009,93,414,262,-2.5,0,0,0,0,0,0,0,0,0,155

Main.js:462 50.276,238,0,0,0.135,0,0.05,0,0,0,0,1,0,0,0,0,0,0,0,0,0,0,0,0,0,0,0,0,448.483,261.863,192,180,-0.317,-0.04,-0.049,-0.01,92,411.5,262,-2.5,0,0,0,0,0,0,0,0,0,171

Main.js:462 50.452,238,0,0,0.176,0,0.05,0,0,0,0,1,0,0,0,0,0,0,0,0,0,0,0,0,0,0,0,0,448.136,261.815,193.5,180,-0.347,-0.049,-0.049,-0.012,91,409,262,-2.5,0,0,0,0,0,0,0,0,0,188

Main.js:462 50.667,238,0,0,0.215,0,0.05,0,0,0,0,1,0,0,0,0,0,0,0,0,0,0,0,0,0,0,0,0,447.761,261.756,195,180,-0.376,-0.059,-0.048,-0.013,90,406.5,262,-2.5,0,0,0,0,0,0,0,0,0,205

Main.js:462 50.918,238,0,0,0.252,0,0.05,0,0,0,0,1,0,0,0,0,0,0,0,0,0,0,0,0,0,0,0,0,447.359,261.687,196.5,180,-0.402,-0.069,-0.048,-0.014,89,404,262,-2.5,0,0,0,0,0,0,0,0,0,222

Main.js:462 51.205,238,0,0,0.287,0,0.05,0,0,0,0,1,0,0,0,0,0,0,0,0,0,0,0,0,0,0,0,0,446.931,261.606,198,180,-0.427,-0.08,-0.048,-0.015,88,401.5,262,-2.5,0,0,0,0,0,0,0,0,0,238

Main.js:462 51.525,238,0,0,0.32,0,0.05,0,0,0,0,1,0,0,0,0,0,0,0,0,0,0,0,0,0,0,0,0,446.48,261.514,199.5,180,-0.451,-0.092,-0.047,-0.017,87,399,262,-2.5,0,0,0,0,0,0,0,0,0,255

Main.js:462 51.876,238,0,0,0.351,0,0.05,0,0,0,0,1,0,0,0,0,0,0,0,0,0,0,0,0,0,0,0,0,446.008,261.409,201,180,-0.473,-0.105,-0.047,-0.018,86,396.5,262,-2.5,0,0,0,0,0,0,0,0,0,273

Main.js:462 52.257,238,0,0,0.381,0,0.05,0,0,0,0,1,0,0,0,0,0,0,0,0,0,0,0,0,0,0,0,0,445.515,261.292,202.5,180,-0.493,-0.118,-0.046,-0.019,85,394,262,-2.5,0,0,0,0,0,0,0,0,0,287

Main.js:462 52.667,238,0,0,0.41,0,0.05,0,0,0,0,1,0,0,0,0,0,0,0,0,0,0,0,0,0,0,0,0,445.003,261.16,204,180,-0.512,-0.131,-0.046,-0.02,84,391.5,262,-2.5,0,0,0,0,0,0,0,0,0,304

Main.js:462 53.103,238,0,0,0.437,0,0.05,0,0,0,0,1,0,0,0,0,0,0,0,0,0,0,0,0,0,0,0,0,444.474,261.015,205.5,180,-0.529,-0.145,-0.045,-0.022,83,389,262,-2.5,0,0,0,0,0,0,0,0,0,323

Main.js:462 53.566,238,0,0,0.462,0,0.05,0,0,0,0,1,0,0,0,0,0,0,0,0,0,0,0,0,0,0,0,0,443.93,260.856,207,180,-0.545,-0.159,-0.045,-0.023,82,386.5,262,-2.5,0,0,0,0,0,0,0,0,0,340

Main.js:462 54.053,238,0,0,0.487,0,0.05,0,0,0,0,1,0,0,0,0,0,0,0,0,0,0,0,0,0,0,0,0,443.37,260.682,208.5,180,-0.559,-0.174,-0.044,-0.024,81,384,262,-2.5,0,0,0,0,0,0,0,0,0,357

Main.js:462 54.562,238,0,0,0.51,0,0.05,0,0,0,0,1,0,0,0,0,0,0,0,0,0,0,0,0,0,0,0,0,442.798,260.493,210,180,-0.572,-0.189,-0.043,-0.025,80,381.5,262,-2.5,0,0,0,0,0,0,0,0,0,373

Main.js:462 55.094,238,0,0,0.532,0,0.05,0,0,0,0,1,0,0,0,0,0,0,0,0,0,0,0,0,0,0,0,0,442.213,260.289,211.5,180,-0.584,-0.204,-0.043,-0.026,79,379,262,-2.5,0,0,0,0,0,0,0,0,0,438

Main.js:462 55.647,238,0,0,0.553,0,0.05,0,0,0,0,1,0,0,0,0,0,0,0,0,0,0,0,0,0,0,0,0,441.618,260.069,213,180,-0.595,-0.22,-0.042,-0.027,78,376.5,262,-2.5,0,0,0,0,0,0,0,0,0,456

Main.js:462 56.22,238,0,0,0.573,0,0.05,0,0,0,0,1,0,0,0,0,0,0,0,0,0,0,0,0,0,0,0,0,441.014,259.833,214.5,180,-0.604,-0.236,-0.041,-0.028,77,374,262,-2.5,0,0,0,0,0,0,0,0,0,471

Main.js:462 56.811,238,0,0,0.592,0,0.05,0,0,0,0,1,0,0,0,0,0,0,0,0,0,0,0,0,0,0,0,0,440.402,259.581,216,180,-0.613,-0.252,-0.04,-0.029,76,371.5,262,-2.5,0,0,0,0,0,0,0,0,0,487

Main.js:462 57.421,238,0,0,0.609,0,0.05,0,0,0,0,1,0,0,0,0,0,0,0,0,0,0,0,0,0,0,0,0,439.782,259.312,217.5,180,-0.62,-0.268,-0.04,-0.03,75,369,262,-2.5,0,0,0,0,0,0,0,0,0,504

Main.js:462 58.047,238,0,0,0.626,0,0.05,0,0,0,0,1,0,0,0,0,0,0,0,0,0,0,0,0,0,0,0,0,439.156,259.028,217.5,178.5,-0.626,-0.284,-0.04,-0.03,74,366.5,262,-2.5,0,0,0,0,0,0,0,0,0,522

Main.js:462 58.69,238,0,0,0.643,0,0.05,0,0,0,0,1,0,0,0,0,0,0,0,0,0,0,0,0,0,0,0,0,438.523,258.73,217.5,177,-0.633,-0.299,-0.04,-0.03,73,364,262,-2.5,0,0,0,0,0,0,0,0,0,538

Main.js:462 59.348,238,0,0,0.658,0,0.05,0,0,0,0,1,0,0,0,0,0,0,0,0,0,0,0,0,0,0,0,0,437.884,258.417,217.5,175.5,-0.639,-0.313,-0.04,-0.03,72,361.5,262,-2.5,0,0,0,0,0,0,0,0,0,554

Main.js:462 60.02,238,0,0,0.673,0,0.05,0,0,0,0,1,0,0,0,0,0,0,0,0,0,0,0,0,0,0,0,0,437.24,258.091,217.5,174,-0.644,-0.326,-0.04,-0.03,71,359,262,-2.5,0,0,0,0,0,0,0,0,0,572

Main.js:462 60.707,238,0,0,0.686,0,0.05,0,99,0,0,1,0,1,0,0,0,0,0,0,0,0,0,0,0,0,0,0,436.59,257.753,217.5,172.5,-0.65,-0.339,-0.04,-0.03,70,356.5,262,-2.5,0,0,0,0,0,0,0,0,0,590

Main.js:462 61.407,238,0,0,0.7,0,0.05,0,98,0,0,1,0,1,0,0,83.52,238,2.5,0,0,0,0,0,0,0,0,0,435.935,257.402,217.5,171,-0.655,-0.351,-0.04,-0.03,69,354,262,-2.5,0,0,0,0,0,0,0,0,0,606

Main.js:462 62.119,238,0,0,0.712,0,0.05,0,97,0,0,1,0,1,0,0,86.02,238,2.5,0,0,0,0,0,0,0,0,0,435.275,257.04,217.5,169.5,-0.66,-0.362,-0.04,-0.03,68,351.5,262,-2.5,0,0,0,0,0,0,0,0,0,622

Main.js:462 62.843,238,0,0,0.724,0,0.05,0,96,0,0,1,0,1,0,0,88.52,238,2.5,0,0,0,0,0,0,0,0,0,434.61,256.668,217.5,168,-0.665,-0.373,-0.04,-0.03,67,349,262,-2.5,0,0,0,0,0,0,0,0,0,639

Main.js:462 63.578,238,0,0,0.735,0,0.05,0,95,0,0,1,0,1,0,0,91.02,238,2.5,0,0,0,0,0,0,0,0,0,433.941,256.285,217.5,166.5,-0.669,-0.383,-0.04,-0.03,66,346.5,262,-2.5,0,0,0,0,0,0,0,0,0,654

Main.js:462 64.324,238,0,0,0.746,0,0.05,0,94,0,0,1,0,1,0,0,93.52,238,2.5,0,0,0,0,0,0,0,0,0,433.267,255.892,217.5,165,-0.673,-0.393,-0.04,-0.03,65,344,262,-2.5,0,0,0,0,0,0,0,0,0,672

Main.js:462 65.081,238,0,0,0.756,0,0.05,0,93,0,0,1,0,0,0,0,96.02,238,2.5,0,0,0,0,0,0,0,0,0,432.59,255.49,217.5,163.5,-0.677,-0.402,-0.04,-0.03,64,341.5,262,-2.5,0,0,0,0,0,0,0,0,0,688

Main.js:462 65.846,238,0,0,0.766,0,0.05,0,92,0,0,1,0,0,0,0,98.52,238,2.5,0,0,0,0,0,0,0,0,0,431.908,255.079,217.5,162,-0.681,-0.411,-0.04,-0.03,63,339,262,-2.5,0,0,0,0,0,0,0,0,0,705

Main.js:462 66.622,238,0,0,0.775,0,0.05,0,91,0,0,1,0,0,0,0,101.02,238,2.5,0,0,0,0,0,0,0,0,0,431.224,254.66,217.5,160.5,-0.685,-0.419,-0.04,-0.03,62,336.5,262,-2.5,0,0,0,0,0,0,0,0,0,721

Main.js:462 67.406,238,0,0,0.784,0,0.05,0,90,0,0,1,0,0,0,0,103.52,238,2.5,0,0,0,0,0,0,0,0,0,430.535,254.233,217.5,159,-0.688,-0.427,-0.04,-0.03,61,334,262,-2.5,0,0,0,0,0,0,0,0,0,739

Main.js:462 68.198,238,0,0,0.792,0,0.05,0,89,0,0,1,0,0,0,0,106.02,238,2.5,0,0,0,0,0,0,0,0,0,429.844,253.798,217.5,157.5,-0.692,-0.435,-0.04,-0.03,60,331.5,262,-2.5,0,0,0,0,0,0,0,0,0,756

Main.js:462 68.998,238,0,0,0.8,0,0.05,0,88,0,0,1,0,0,0,0,108.52,238,2.5,0,0,0,0,0,0,0,0,0,429.149,253.356,217.5,156,-0.695,-0.442,-0.04,-0.03,59,329,262,-2.5,0,0,0,0,0,0,0,0,0,772

Main.js:462 69.806,238,0,0,0.808,0,0.05,0,87,0,0,1,0,0,0,0,111.02,238,2.5,0,0,0,0,0,0,0,0,0,428.451,252.907,217.5,154.5,-0.698,-0.449,-0.04,-0.03,58,326.5,262,-2.5,0,0,0,0,0,0,0,0,0,789

Main.js:462 70.62,238,0,0,0.815,0,0.05,0,86,0,0,1,0,0,0,0,113.52,238,2.5,0,0,0,0,0,0,0,0,0,427.751,252.452,217.5,153,-0.7,-0.455,-0.04,-0.03,57,324,262,-2.5,0,0,0,0,0,0,0,0,0,807

Main.js:462 71.442,238,0,0,0.821,0,0.05,0,85,0,0,1,0,0,0,0,116.02,238,2.5,0,0,0,0,0,0,0,0,0,427.048,251.991,217.5,151.5,-0.703,-0.461,-0.04,-0.03,56,321.5,262,-2.5,0,0,0,0,0,0,0,0,0,822

Main.js:462 72.27,238,0,0,0.828,0,0.05,0,84,0,0,1,0,0,0,0,118.52,238,2.5,0,0,0,0,0,0,0,0,0,426.342,251.523,217.5,150,-0.706,-0.467,-0.04,-0.03,55,319,262,-2.5,0,0,0,0,0,0,0,0,0,839

Main.js:462 73.104,238,0,0,0.834,0,0.05,0,83,0,0,1,0,0,0,0,121.02,238,2.5,0,0,0,0,0,0,0,0,0,425.634,251.051,217.5,148.5,-0.708,-0.473,-0.04,-0.03,54,316.5,262,-2.5,0,0,0,0,0,0,0,0,0,855

Main.js:462 73.943,238,0,0,0.84,0,0.05,0,82,0,0,1,0,0,0,0,123.52,238,2.5,0,0,0,0,0,0,0,0,0,424.924,250.572,217.5,147,-0.71,-0.478,-0.04,-0.03,53,314,262,-2.5,0,0,0,0,0,0,0,0,0,871

Main.js:462 74.789,238,0,0,0.845,0,0.05,0,81,0,0,1,0,0,0,0,126.02,238,2.5,0,0,0,0,0,0,0,0,0,424.211,250.089,217.5,145.5,-0.712,-0.483,-0.04,-0.03,52,311.5,262,-2.5,0,0,0,0,0,0,0,0,0,889

Main.js:462 75.639,238,0,0,0.851,0,0.05,0,80,0,0,1,0,0,0,0,128.52,238,2.5,0,0,0,0,0,0,0,0,0,423.497,249.602,217.5,144,-0.715,-0.488,-0.04,-0.03,51,309,262,-2.5,0,0,0,0,0,0,0,0,0,904

Main.js:462 76.495,238,0,0,0.856,0,0.05,0,79,0,0,1,0,0,0,0,131.02,238,2.5,0,0,0,0,0,0,0,0,0,422.78,249.109,217.5,142.5,-0.716,-0.492,-0.04,-0.03,50,306.5,262,-2.5,0,0,0,0,0,0,0,0,0,923

Main.js:462 77.355,238,0,0,0.86,0,0.05,0,78,0,0,1,0,0,0,0,133.52,238,2.5,0,0,0,0,0,0,0,0,0,422.062,248.613,217.5,141,-0.718,-0.497,-0.04,-0.03,49,304,262,-2.5,0,0,0,0,0,0,0,0,0,938

Main.js:462 78.22,238,0,0,0.865,0,0.05,0,77,0,0,1,0,0,0,0,136.02,238,2.5,0,0,0,0,0,0,0,0,0,421.342,248.112,217.5,139.5,-0.72,-0.501,-0.04,-0.03,48,301.5,262,-2.5,0,0,0,0,0,0,0,0,0,955

Main.js:462 79.089,238,0,0,0.869,0,0.05,0,76,0,0,1,0,0,0,0,138.52,238,2.5,0,0,0,0,0,0,0,0,0,420.62,247.607,217.5,138,-0.722,-0.505,-0.04,-0.03,47,299,262,-2.5,0,0,0,0,0,0,0,0,0,973

Main.js:462 79.962,238,0,0,0.873,0,0.05,0,75,0,0,1,0,0,0,0,141.02,238,2.5,0,0,0,0,0,0,0,0,0,419.897,247.099,217.5,136.5,-0.723,-0.508,-0.04,-0.03,46,296.5,262,-2.5,0,0,0,0,0,0,0,0,0,989

Main.js:462 80.839,238,0,0,0.877,0,0.05,0,74,0,0,1,0,0,0,0,143.52,238,2.5,0,0,0,0,0,0,0,0,0,419.172,246.587,217.5,135,-0.725,-0.512,-0.04,-0.03,45,294,262,-2.5,0,0,0,0,0,0,0,0,0,1005

Main.js:462 81.719,238,0,0,0.881,0,0.05,0,73,0,0,1,0,0,0,0,146.02,238,2.5,0,0,0,0,0,0,0,0,0,418.445,246.073,216,132,-0.727,-0.514,-0.04,-0.029,44,291.5,262,-2.5,0,0,0,0,0,0,0,0,0,1022

Main.js:462 82.603,237.999,358.5,358.5,0.884,-0.001,0.05,-0.001,72,1,0,1,0,0,0,0,148.52,238,2.5,0,0,0,0,0,0,0,0,0,417.715,245.558,214.5,129,-0.73,-0.515,-0.041,-0.028,43,289,262,-2.5,0,0,0,0,0,0,0,0,0,1039

Main.js:462 83.491,237.995,357,357,0.887,-0.004,0.05,-0.003,71,1,0,1,0,0,0,0,151.02,238,2.5,0,0,0,0,0,0,0,0,0,416.982,245.042,213,126,-0.733,-0.515,-0.042,-0.027,42,286.5,262,-2.5,0,0,0,0,0,0,0,0,0,1054

Main.js:462 84.381,237.988,355.5,355.5,0.89,-0.007,0.05,-0.004,70,1,0,1,0,0,0,0,153.52,238,2.5,0,0,0,0,0,0,0,0,0,416.245,244.528,211.5,123,-0.737,-0.514,-0.043,-0.026,41,284,262,-2.5,0,0,0,0,0,0,0,0,0,1072

Main.js:462 85.274,237.976,354,354,0.893,-0.012,0.05,-0.005,69,1,0,1,0,0,0,0,156.02,238,2.5,0,0,0,0,0,0,0,0,0,415.503,244.015,210,120,-0.741,-0.513,-0.043,-0.025,40,281.5,262,-2.5,0,0,0,0,0,0,0,0,0,1087

Main.js:462 86.169,237.959,352.5,352.5,0.895,-0.017,0.05,-0.007,68,1,0,1,0,0,0,0,158.52,238,2.5,0,0,0,0,0,0,0,0,0,414.757,243.506,208.5,117,-0.746,-0.51,-0.044,-0.024,39,279,262,-2.5,0,0,0,0,0,0,0,0,0,1104

Main.js:462 87.067,237.936,352.5,352.5,0.898,-0.023,0.05,-0.007,67,0,0,1,0,0,0,0,161.02,238,2.5,0,0,0,0,0,0,0,0,0,414.006,243,207,114,-0.751,-0.506,-0.045,-0.023,38,276.5,262,-2.5,0,0,0,0,0,0,0,0,0,1122

Main.js:462 87.967,237.908,352.5,352.5,0.9,-0.028,0.05,-0.007,66,0,0,1,0,0,0,0,163.52,238,2.5,0,0,0,0,0,0,0,0,0,413.25,242.499,205.5,111,-0.756,-0.501,-0.045,-0.022,37,274,262,-2.5,0,0,0,0,0,0,0,0,0,1138

Main.js:462 88.869,237.875,352.5,352.5,0.902,-0.033,0.05,-0.007,65,0,0,1,0,0,0,0,166.02,238,2.5,0,0,0,0,0,0,0,0,0,412.488,242.004,204,108,-0.762,-0.495,-0.046,-0.02,36,271.5,262,-2.5,0,0,0,0,0,0,0,0,0,1156

Main.js:462 89.773,237.838,352.5,352.5,0.904,-0.037,0.05,-0.007,64,0,0,1,0,0,0,0,168.52,238,2.5,0,0,0,0,0,0,0,0,0,411.72,241.516,202.5,105,-0.768,-0.489,-0.046,-0.019,35,269,262,-2.5,0,0,0,0,0,0,0,0,0,1172

Main.js:462 90.679,237.797,352.5,352.5,0.906,-0.042,0.05,-0.007,63,0,0,1,0,0,0,0,171.02,238,2.5,0,0,0,0,0,0,0,0,0,410.946,241.035,201,102,-0.774,-0.481,-0.047,-0.018,34,266.5,262,-2.5,0,0,0,0,0,0,0,0,0,1188

Main.js:462 91.587,237.751,352.5,352.5,0.908,-0.046,0.05,-0.007,62,0,0,1,0,0,0,0,173.52,238,2.5,0,0,0,0,0,0,0,0,0,410.167,240.562,199.5,99,-0.78,-0.473,-0.047,-0.017,33,264,262,-2.5,0,0,0,0,0,0,0,0,0,1205

Main.js:462 92.496,237.701,352.5,352.5,0.909,-0.05,0.05,-0.007,61,0,0,1,0,0,0,0,176.02,238,2.5,0,0,0,0,0,0,0,0,0,409.381,240.098,198,96,-0.786,-0.464,-0.048,-0.015,32,261.5,262,-2.5,0,0,0,0,0,0,0,0,0,1223

Main.js:462 93.407,237.648,352.5,352.5,0.911,-0.053,0.05,-0.007,60,0,0,1,0,0,0,0,178.52,238,2.5,0,0,0,0,0,0,0,0,0,408.588,239.644,196.5,93,-0.792,-0.454,-0.048,-0.014,31,259,262,-2.5,0,0,0,0,0,0,0,0,0,1254

Main.js:462 94.32,237.591,352.5,352.5,0.913,-0.057,0.05,-0.007,59,0,0,1,0,0,0,0,181.02,238,2.5,0,0,0,0,0,0,0,0,0,407.79,239.2,195,90,-0.798,-0.444,-0.048,-0.013,30,256.5,262,-2.5,0,0,0,0,0,0,0,0,0,1271

Main.js:462 95.234,237.531,352.5,352.5,0.914,-0.06,0.05,-0.007,58,0,0,1,0,0,0,0,183.52,238,2.5,0,0,0,0,0,0,0,0,0,406.985,238.767,193.5,87,-0.805,-0.433,-0.049,-0.012,29,254,262,-2.5,0,0,0,0,0,0,0,0,0,1288

Main.js:462 96.149,237.468,352.5,352.5,0.915,-0.063,0.05,-0.007,57,0,0,1,0,0,0,0,186.02,238,2.5,0,0,0,0,0,0,0,0,0,406.174,238.346,192,84,-0.811,-0.421,-0.049,-0.01,28,251.5,262,-2.5,0,0,0,0,0,0,0,0,0,1305

Main.js:462 97.066,237.401,352.5,352.5,0.917,-0.066,0.05,-0.007,56,0,0,1,0,0,0,0,188.52,238,2.5,0,0,0,0,0,0,0,0,0,405.357,237.937,190.5,81,-0.817,-0.409,-0.049,-0.009,27,249,262,-2.5,0,0,0,0,0,0,0,0,0,1321

Main.js:462 97.984,237.332,352.5,352.5,0.918,-0.069,0.05,-0.007,55,0,0,1,0,0,0,0,191.02,238,2.5,0,0,0,0,0,0,0,0,0,404.534,237.542,189,78,-0.823,-0.396,-0.049,-0.008,26,246.5,262,-2.5,0,0,0,0,0,0,0,0,0,1338

Main.js:462 98.903,237.26,352.5,352.5,0.919,-0.072,0.05,-0.007,54,0,0,1,0,0,0,0,193.52,238,2.5,0,0,0,0,0,0,0,0,0,403.705,237.16,187.5,75,-0.829,-0.382,-0.05,-0.007,25,244,262,-2.5,0,0,0,0,0,0,0,0,0,1356

Main.js:462 99.824,237.185,352.5,352.5,0.92,-0.075,0.05,-0.007,53,0,0,1,0,0,0,0,196.02,238,2.5,0,0,0,0,0,0,0,0,0,402.87,236.792,186,72,-0.835,-0.368,-0.05,-0.005,24,241.5,262,-2.5,0,0,0,0,0,0,0,0,0,1372

Main.js:462 100.745,237.108,352.5,352.5,0.921,-0.077,0.05,-0.007,52,0,0,1,0,0,0,0,198.52,238,2.5,0,0,0,0,0,0,0,0,0,402.029,236.439,184.5,69,-0.841,-0.353,-0.05,-0.004,23,239,262,-2.5,0,0,0,0,0,0,0,0,0,1389

Main.js:462 101.668,237.03,354,354,0.923,-0.078,0.05,-0.005,51,0,1,1,0,0,0,0,201.02,238,2.5,0,0,0,0,0,0,0,0,0,401.183,236.101,183,66,-0.846,-0.338,-0.05,-0.003,22,236.5,262,-2.5,0,0,0,0,0,0,0,0,0,1419

Main.js:462 102.591,236.952,355.5,355.5,0.924,-0.078,0.05,-0.004,50,0,1,1,0,0,0,0,203.52,238,2.5,0,0,0,0,0,0,0,0,0,400.332,235.779,181.5,63,-0.851,-0.322,-0.05,-0.001,21,234,262,-2.5,0,0,0,0,0,0,0,0,0,1438

Main.js:462 103.516,236.876,357,357,0.925,-0.077,0.05,-0.003,49,0,1,1,0,0,0,0,206.02,238,2.5,0,0,0,0,0,0,0,0,0,399.476,235.472,180,60,-0.856,-0.306,-0.05,0,20,231.5,262,-2.5,0,0,0,0,0,0,0,0,0,1454

Main.js:462 104.443,236.801,358.5,358.5,0.926,-0.074,0.05,-0.001,48,0,1,1,0,0,0,0,208.52,238,2.5,0,0,0,0,0,0,0,0,0,398.616,235.183,178.5,57,-0.861,-0.29,-0.05,0.001,19,229,262,-2.5,0,0,0,0,0,0,0,0,0,1471

Main.js:462 105.37,236.731,0,0,0.927,-0.07,0.05,0,47,0,1,1,0,0,0,0,211.02,238,2.5,0,0,0,0,0,0,0,0,0,397.75,234.91,177,54,-0.865,-0.273,-0.05,0.003,18,226.5,262,-2.5,0,0,0,0,0,0,0,0,0,1493

Main.js:462 106.299,236.666,1.5,1.5,0.929,-0.066,0.05,0.001,46,0,1,1,0,0,0,0,213.52,238,2.5,0,0,0,0,0,0,0,0,0,396.881,234.655,175.5,51,-0.869,-0.255,-0.05,0.004,17,224,262,-2.5,0,0,0,0,0,0,0,0,0,1505

Main.js:462 107.228,236.606,3,3,0.93,-0.06,0.05,0.003,45,0,1,1,0,0,0,0,216.02,238,2.5,0,0,0,0,0,0,0,0,0,396.008,234.417,174,48,-0.873,-0.238,-0.05,0.005,16,221.5,262,-2.5,0,0,0,0,0,0,0,0,0,1521

Main.js:462 108.159,236.553,4.5,4.5,0.93,-0.053,0.05,0.004,44,0,1,1,0,0,0,0,218.52,238,2.5,0,0,0,0,0,0,0,0,0,395.132,234.197,172.5,45,-0.876,-0.22,-0.05,0.007,15,219,262,-2.5,0,0,0,0,0,0,0,0,0,1540

Main.js:462 109.09,236.507,6,6,0.931,-0.045,0.05,0.005,43,0,1,1,0,0,0,0,221.02,238,2.5,0,0,0,0,0,0,0,0,0,394.252,233.996,171,42,-0.88,-0.201,-0.049,0.008,14,216.5,262,-2.5,0,0,0,0,0,0,0,0,0,1555

Main.js:462 110.022,236.469,6,6,0.932,-0.038,0.05,0.005,42,0,0,1,0,0,0,0,223.52,238,2.5,0,0,0,0,0,0,0,0,0,393.37,233.814,169.5,39,-0.882,-0.182,-0.049,0.009,13,214,262,-2.5,0,0,0,0,0,0,0,0,0,1573

Main.js:462 110.954,236.438,6,6,0.933,-0.031,0.05,0.005,41,0,0,1,0,0,0,0,226.02,238,2.5,0,0,0,0,0,0,0,0,0,392.485,233.65,168,36,-0.885,-0.163,-0.049,0.01,12,211.5,262,-2.5,0,0,0,0,0,0,0,0,0,1590

Main.js:462 111.888,236.413,6,6,0.933,-0.025,0.05,0.005,40,0,0,1,0,0,0,0,228.52,238,2.5,0,0,0,0,0,0,0,0,0,391.599,233.506,166.5,33,-0.887,-0.144,-0.049,0.012,11,209,262,-2.5,0,0,0,0,0,0,0,0,0,1605

Main.js:462 112.821,236.394,6,6,0.934,-0.019,0.05,0.005,39,0,0,1,0,0,0,0,231.02,238,2.5,0,0,0,0,0,0,0,0,0,390.711,233.382,165,30,-0.888,-0.125,-0.048,0.013,10,206.5,262,-2.5,0,0,0,0,0,0,0,0,0,1621

Main.js:462 113.756,236.382,6,6,0.934,-0.013,0.05,0.005,38,0,0,1,0,0,0,0,233.52,238,2.5,0,0,0,0,0,0,0,0,0,389.821,233.277,163.5,27,-0.889,-0.105,-0.048,0.014,9,204,262,-2.5,0,0,0,0,0,0,0,0,0,1638

Main.js:462 114.69,236.374,6,6,0.935,-0.007,0.05,0.005,37,0,0,1,0,0,0,0,236.02,238,2.5,0,0,0,0,0,0,0,0,0,388.931,233.192,162,24,-0.89,-0.085,-0.048,0.015,8,201.5,262,-2.5,0,0,0,0,0,0,0,0,0,1655

Main.js:462 115.626,236.373,6,6,0.935,-0.002,0.05,0.005,36,0,0,1,0,0,0,0,238.52,238,2.5,0,0,0,0,0,0,0,0,0,388.041,233.127,160.5,21,-0.89,-0.065,-0.047,0.017,7,199,262,-2.5,0,0,0,0,0,0,0,0,0,1672

Main.js:462 116.561,236.376,6,6,0.936,0.003,0.05,0.005,35,0,0,1,0,0,0,0,241.02,238,2.5,0,0,0,0,0,0,0,0,0,387.151,233.082,159,18,-0.89,-0.045,-0.047,0.018,6,196.5,262,-2.5,0,0,0,0,0,0,0,0,0,1689

Main.js:462 117.498,236.384,6,6,0.936,0.008,0.05,0.005,34,0,0,1,0,0,0,0,243.52,238,2.5,0,0,0,0,0,0,0,0,0,386.262,233.058,157.5,15,-0.889,-0.024,-0.046,0.019,5,194,262,-2.5,0,0,0,0,0,0,0,0,0,1705

Main.js:462 118.434,236.397,6,6,0.937,0.013,0.05,0.005,33,0,0,1,0,0,0,0,246.02,238,2.5,0,0,0,0,0,0,0,0,0,385.373,233.054,156,12,-0.888,-0.004,-0.046,0.02,4,191.5,262,-2.5,0,0,0,0,0,0,0,0,0,1723

Main.js:462 119.371,236.414,6,6,0.937,0.017,0.05,0.005,32,0,0,1,0,0,0,0,248.52,238,2.5,0,0,0,0,0,0,0,0,0,384.486,233.071,154.5,9,-0.887,0.017,-0.045,0.022,3,189,262,-2.5,0,0,0,0,0,0,0,0,0,1739

Main.js:462 120.309,236.435,6,6,0.937,0.021,0.05,0.005,31,0,0,1,0,0,0,0,251.02,238,2.5,0,0,0,0,0,0,0,0,0,383.602,233.109,153,6,-0.885,0.038,-0.045,0.023,2,186.5,262,-2.5,0,0,0,0,0,0,0,0,0,1757

Main.js:462 121.247,236.46,6,6,0.938,0.025,0.05,0.005,30,0,0,1,0,0,0,0,253.52,238,2.5,0,0,0,0,0,0,0,0,0,382.719,233.167,151.5,3,-0.882,0.058,-0.044,0.024,1,184,262,-2.5,0,0,0,0,0,0,0,0,0,1771

Main.js:462 122.185,236.488,6,6,0.938,0.029,0.05,0.005,29,0,0,1,0,0,0,0,256.02,238,2.5,0,0,0,0,0,0,0,0,0,381.84,233.247,150,0,-0.879,0.079,-0.043,0.025,0,181.5,262,-2.5,0,0,0,0,0,0,0,0,0,1788

Main.js:462 123.123,236.521,6,6,0.938,0.032,0.05,0.005,28,0,0,1,0,0,0,0,258.52,238,2.5,0,0,0,0,0,0,0,0,0,380.964,233.347,148.5,357,-0.876,0.1,-0.043,0.026,99,179,262,-2.5,0,0,0,0,0,0,0,0,0,1806

Main.js:462 124.062,236.556,6,6,0.939,0.036,0.05,0.005,27,0,0,1,0,0,0,0,261.02,238,2.5,0,0,0,0,0,0,0,0,0,380.092,233.468,147,354,-0.872,0.121,-0.042,0.027,98,176.5,262,-2.5,0,405.308,232.017,2.497,-0.131,0,0,0,0,1823

Main.js:462 125.001,236.595,6,6,0.939,0.039,0.05,0.005,26,0,0,1,0,0,0,0,263.52,238,2.5,0,0,0,0,0,0,0,0,0,379.225,233.61,145.5,351,-0.867,0.142,-0.041,0.028,97,174,262,-2.5,0,407.804,231.886,2.497,-0.131,0,0,0,0,1839

Main.js:462 125.94,236.637,6,6,0.939,0.042,0.05,0.005,25,0,0,1,0,0,0,0,266.02,238,2.5,0,0,0,0,0,0,0,0,0,378.362,233.772,144,348,-0.863,0.163,-0.04,0.029,96,171.5,262,-2.5,0,410.301,231.755,2.497,-0.131,0,0,0,0,1855

Main.js:462 126.88,236.681,6,6,0.94,0.045,0.05,0.005,24,0,0,1,0,0,0,0,268.52,238,2.5,0,0,0,0,0,0,0,0,0,377.505,233.956,142.5,345,-0.857,0.183,-0.04,0.03,95,169,262,-2.5,0,412.797,231.624,2.497,-0.131,0,0,0,0,1872

Main.js:462 127.82,236.729,6,6,0.94,0.047,0.05,0.005,23,0,0,1,0,0,0,0,271.02,238,2.5,0,0,0,0,0,0,0,0,0,376.654,234.16,141,342,-0.851,0.204,-0.039,0.031,94,166.5,262,-2.5,0,415.294,231.493,2.497,-0.131,0,0,0,0,1889

Main.js:462 128.76,236.779,6,6,0.94,0.05,0.05,0.005,22,0,0,1,0,0,0,0,273.52,238,2.5,0,0,0,0,0,0,0,0,0,375.809,234.385,139.5,339,-0.845,0.225,-0.038,0.032,93,164,262,-2.5,0,417.791,231.362,2.497,-0.131,0,0,0,0,1906

Main.js:462 129.701,236.831,6,6,0.94,0.052,0.05,0.005,21,0,0,1,0,0,0,0,276.02,238,2.5,0,0,0,0,0,0,0,0,0,374.971,234.63,138,336,-0.838,0.245,-0.037,0.033,92,161.5,262,-2.5,0,420.287,231.232,2.497,-0.131,0,0,0,0,1922

Main.js:462 130.641,236.886,6,6,0.941,0.055,0.05,0.005,20,0,0,1,0,0,0,0,278.52,238,2.5,0,0,0,0,0,0,0,0,0,374.141,234.896,136.5,333,-0.83,0.266,-0.036,0.034,91,159,262,-2.5,0,422.784,231.101,2.497,-0.131,0,0,0,0,1938

Main.js:462 131.582,236.943,6,6,0.941,0.057,0.05,0.005,19,0,0,1,0,0,0,0,281.02,238,2.5,0,0,0,0,0,0,0,0,0,373.319,235.182,135,330,-0.822,0.286,-0.035,0.035,90,156.5,262,-2.5,0,425.28,230.97,2.497,-0.131,0,0,0,0,1955

Main.js:462 132.523,237.002,6,6,0.941,0.059,0.05,0.005,18,0,0,1,0,0,0,0,283.52,238,2.5,0,0,0,0,0,0,0,0,0,372.505,235.488,133.5,327,-0.814,0.306,-0.034,0.036,89,154,262,-2.5,0,427.777,230.839,2.497,-0.131,0,0,0,0,1972

Main.js:462 133.464,237.063,6,6,0.941,0.061,0.05,0.005,17,0,0,1,0,0,0,0,286.02,238,2.5,0,0,0,0,0,0,0,0,0,371.7,235.814,132,324,-0.805,0.326,-0.033,0.037,88,151.5,262,-2.5,0,430.273,230.708,2.497,-0.131,0,0,0,0,1988

Main.js:462 134.406,237.127,6,6,0.941,0.063,0.05,0.005,16,0,0,1,0,0,0,0,288.52,238,2.5,0,0,0,0,0,0,0,0,0,370.904,236.16,130.5,321,-0.796,0.346,-0.032,0.038,87,149,262,-2.5,0,432.77,230.577,2.497,-0.131,0,0,0,0,2005

Main.js:462 135.347,237.191,6,6,0.942,0.065,0.05,0.005,15,0,0,1,0,0,0,0,291.02,238,2.5,0,0,0,0,0,0,0,0,0,370.116,236.524,132,321,-0.788,0.364,-0.033,0.037,86,146.5,262,-2.5,0,435.267,230.447,2.497,-0.131,0,0,0,0,2021

Main.js:462 136.289,237.258,6,6,0.942,0.067,0.05,0.005,14,0,0,1,0,0,0,0,293.52,238,2.5,0,0,0,0,0,0,0,0,0,369.335,236.905,133.5,321,-0.781,0.38,-0.034,0.036,85,144,262,-2.5,0,437.763,230.316,2.497,-0.131,0,0,0,0,2038

Main.js:462 137.231,237.326,6,6,0.942,0.068,0.05,0.005,13,0,0,1,0,0,0,0,296.02,238,2.5,0,0,0,0,0,0,0,0,0,368.56,237.299,135,321,-0.776,0.395,-0.035,0.035,84,141.5,262,-2.5,0,440.26,230.185,2.497,-0.131,0,0,0,0,2055

Main.js:462 138.173,237.396,6,6,0.942,0.07,0.05,0.005,12,0,0,1,0,0,0,0,298.52,238,2.5,0,0,0,0,0,0,0,0,0,367.789,237.707,136.5,321,-0.771,0.408,-0.036,0.034,83,139,262,-2.5,0,442.756,230.054,2.497,-0.131,0,0,0,0,2071

Main.js:462 139.115,237.467,6,6,0.942,0.071,0.05,0.005,11,0,0,1,0,0,0,0,301.02,238,2.5,0,0,0,0,0,0,0,0,0,367.021,238.127,138,321,-0.768,0.419,-0.037,0.033,82,136.5,262,-2.5,0,445.253,229.923,2.497,-0.131,0,0,0,0,2088

Main.js:462 140.057,237.54,6,6,0.942,0.073,0.05,0.005,10,0,0,1,0,0,0,0,303.52,238,2.5,0,0,0,0,0,0,0,0,0,366.255,238.556,139.5,321,-0.766,0.429,-0.038,0.032,81,134,262,-2.5,0,447.749,229.792,2.497,-0.131,0,0,0,0,2105

Main.js:462 141,237.614,6,6,0.942,0.074,0.05,0.005,9,0,0,1,0,0,0,0,306.02,238,2.5,0,0,0,0,0,0,0,0,0,365.491,238.993,141,321,-0.764,0.438,-0.039,0.031,80,131.5,262,-2.5,0,450.246,229.662,2.497,-0.131,0,0,0,0,2121

Main.js:462 141.942,237.689,6,6,0.943,0.075,0.05,0.005,8,0,0,1,0,0,0,0,308.52,238,2.5,0,0,0,0,0,0,0,0,0,364.727,239.438,142.5,321,-0.764,0.445,-0.04,0.03,79,129,262,-2.5,0,452.743,229.531,2.497,-0.131,0,0,0,0,2139

Main.js:462 142.885,237.766,6,6,0.943,0.076,0.05,0.005,7,0,0,1,0,0,0,0,311.02,238,2.5,0,0,0,0,0,0,0,0,0,363.963,239.888,144,321,-0.764,0.45,-0.04,0.029,78,126.5,262,-2.5,0,455.239,229.4,2.497,-0.131,0,0,0,0,2155

Main.js:462 143.828,237.843,6,6,0.943,0.078,0.05,0.005,6,0,0,1,0,0,0,0,313.52,238,2.5,0,0,0,0,0,0,0,0,0,363.198,240.343,145.5,321,-0.765,0.455,-0.041,0.028,77,124,262,-2.5,0,457.736,229.269,2.497,-0.131,0,0,0,0,2172

Main.js:462 144.771,237.922,6,6,0.943,0.079,0.05,0.005,5,0,0,1,0,0,0,0,316.02,238,2.5,0,0,0,0,0,0,0,0,0,362.431,240.8,147,321,-0.767,0.458,-0.042,0.027,76,121.5,262,-2.5,0,460.232,229.138,2.497,-0.131,0,0,0,0,2189

Main.js:462 145.713,238.002,6,6,0.943,0.08,0.05,0.005,4,0,0,1,0,0,0,0,318.52,238,2.5,0,0,0,0,0,0,0,0,0,361.663,241.26,148.5,321,-0.769,0.46,-0.043,0.026,75,119,262,-2.5,0,462.729,229.007,2.497,-0.131,0,0,0,0,2206

Main.js:462 146.657,238.082,6,6,0.943,0.081,0.05,0.005,3,0,0,1,0,0,0,0,321.02,238,2.5,0,0,0,0,0,0,0,0,0,360.891,241.721,150,321,-0.771,0.46,-0.043,0.025,74,116.5,262,-2.5,0,465.225,228.877,2.497,-0.131,0,0,0,0,2222

Main.js:462 147.6,238.164,6,6,0.943,0.082,0.05,0.005,2,0,0,1,0,0,0,0,323.52,238,2.5,0,0,0,0,0,0,0,0,0,360.117,242.181,151.5,321,-0.775,0.46,-0.044,0.024,73,114,262,-2.5,0,467.722,228.746,2.497,-0.131,0,0,0,0,2240

Main.js:462 148.543,238.247,6,6,0.943,0.083,0.05,0.005,1,0,0,1,0,0,0,0,326.02,238,2.5,0,0,0,0,0,0,0,0,0,359.339,242.639,153,321,-0.778,0.459,-0.045,0.023,72,111.5,262,-2.5,0,470.219,228.615,2.497,-0.131,0,0,0,0,2254

Main.js:462 149.486,238.33,6,6,0.943,0.083,0.05,0.005,0,0,0,1,0,0,0,0,328.52,238,2.5,0,0,0,0,0,0,0,0,0,358.556,243.096,154.5,321,-0.782,0.456,-0.045,0.022,71,109,262,-2.5,0,472.715,228.484,2.497,-0.131,0,0,0,0,2272

Main.js:462 150.43,238.414,6,6,0.943,0.084,0.05,0.005,0,0,0,1,0,0,0,0,331.02,238,2.5,0,0,0,0,0,0,0,0,0,357.77,243.548,156,321,-0.786,0.453,-0.046,0.02,70,106.5,262,-2.5,0,475.212,228.353,2.497,-0.131,0,0,0,0,2289

Main.js:462 151.373,238.499,6,6,0.943,0.085,0.05,0.005,0,0,0,1,0,0,0,0,333.52,238,2.5,0,0,0,0,0,0,0,0,0,356.979,243.997,157.5,321,-0.791,0.448,-0.046,0.019,69,104,262,-2.5,0,477.708,228.222,2.497,-0.131,0,0,0,0,2306

Main.js:462 152.316,238.585,6,6,0.944,0.086,0.05,0.005,0,0,0,1,0,0,0,0,336.02,238,2.5,0,0,0,0,0,0,0,0,0,356.183,244.439,159,321,-0.796,0.443,-0.047,0.018,68,101.5,262,-2.5,0,480.205,228.091,2.497,-0.131,0,0,0,0,2323

Main.js:462 153.26,238.671,6,6,0.944,0.086,0.05,0.005,0,0,0,1,0,0,0,0,338.52,238,2.5,0,0,0,0,0,0,0,0,0,355.382,244.876,160.5,321,-0.801,0.437,-0.047,0.017,67,99,262,-2.5,0,482.701,227.961,2.497,-0.131,0,0,0,0,2339

Main.js:462 154.204,238.758,6,6,0.944,0.087,0.05,0.005,0,0,0,1,0,0,0,0,341.02,238,2.5,0,0,0,0,0,0,0,0,0,354.577,245.305,162,321,-0.806,0.429,-0.048,0.015,66,96.5,262,-2.5,0,485.198,227.83,2.497,-0.131,0,0,0,0,2356

Main.js:462 155.147,238.845,6,6,0.944,0.088,0.05,0.005,0,0,0,1,0,0,0,0,341.02,238,2.5,0,0,0,0,0,0,0,0,0,353.765,245.727,163.5,321,-0.811,0.421,-0.048,0.014,65,96.5,262,-2.5,0,487.695,227.699,2.497,-0.131,0,0,0,0,2371

