Main.js:143 myTank.x,myTank.y,myTank.rotation,myTank.cannonRotation,myTank.velocityX,myTank.velocityY,myTank.accelerationX,myTank.accelerationY,myTank.shootCooldown,myTank.controls.turnLeft,myTank.controls.turnRight,myTank.controls.goForward,myTank.controls.goBack,myTank.controls.shoot,myTank.controls.cannonLeft,myTank.controls.cannonRight,myBullet1.x,myBullet1.y,myBullet1.velocityX,myBullet1.velocityY,myBullet2.x,myBullet2.y,myBullet2.velocityX,myBullet2.velocityY,myBullet3.x,myBullet3.y,myBullet3.velocityX,myBullet3.velocityY,enemyTank.x,enemyTank.y,enemyTank.rotation,enemyTank.cannonRotation,enemyTank.velocityX,enemyTank.velocityY,enemyTank.accelerationX,enemyTank.accelerationY,enemyTank.shootCooldown,enemyBullet1.x,enemyBullet1.y,enemyBullet1.velocityX,enemyBullet1.velocityY,enemyBullet2.x,enemyBullet2.y,enemyBullet2.velocityX,enemyBullet2.velocityY,enemyBullet3.x,enemyBullet3.y,enemyBullet3.velocityX,enemyBullet3.velocityY,currentGameTime
Main.js:462 50,347,0,0,0,0,0,0,0,0,0,0,0,0,0,0,0,0,0,0,0,0,0,0,0,0,0,0,450,153,180,180,0,0,0,0,0,0,0,0,0,0,0,0,0,0,0,0,0,10

Main.js:462 50,347,0,0,0,0,0,0,0,0,0,0,0,0,0,0,0,0,0,0,0,0,0,0,0,0,0,0,450,153,180,180,0,0,0,0,0,0,0,0,0,0,0,0,0,0,0,0,0,26

Main.js:462 50,347,0,0,0,0,0,0,0,0,0,0,0,0,0,0,0,0,0,0,0,0,0,0,0,0,0,0,449.953,152.999,181.5,180,-0.047,-0.001,-0.05,-0.001,99,0,0,0,0,0,0,0,0,0,0,0,0,42

Main.js:462 50,347,0,0,0,0,0,0,0,0,0,0,0,0,0,0,0,0,0,0,0,0,0,0,0,0,0,0,449.86,152.995,183,180,-0.093,-0.004,-0.05,-0.003,98,426.5,153,-2.5,0,0,0,0,0,0,0,0,0,58

Main.js:462 50,347,0,0,0,0,0,0,0,0,0,0,0,0,0,0,0,0,0,0,0,0,0,0,0,0,0,0,449.725,152.988,184.5,180,-0.135,-0.007,-0.05,-0.004,97,424,153,-2.5,0,0,0,0,0,0,0,0,0,75

Main.js:462 50,347,0,0,0,0,0,0,0,0,0,0,0,0,0,0,0,0,0,0,0,0,0,0,0,0,0,0,449.549,152.976,186,180,-0.176,-0.012,-0.05,-0.005,96,421.5,153,-2.5,0,0,0,0,0,0,0,0,0,92

Main.js:462 50.048,347,0,0,0.048,0,0.05,0,0,0,0,1,0,0,0,0,0,0,0,0,0,0,0,0,0,0,0,0,449.335,152.959,187.5,180,-0.214,-0.017,-0.05,-0.007,95,419,153,-2.5,0,0,0,0,0,0,0,0,0,109

Main.js:462 50.14,347,0,0,0.093,0,0.05,0,0,0,0,1,0,0,0,0,0,0,0,0,0,0,0,0,0,0,0,0,449.085,152.935,189,180,-0.25,-0.024,-0.049,-0.008,94,416.5,153,-2.5,0,0,0,0,0,0,0,0,0,126

Main.js:462 50.276,347,0,0,0.135,0,0.05,0,0,0,0,1,0,0,0,0,0,0,0,0,0,0,0,0,0,0,0,0,448.8,152.903,190.5,180,-0.284,-0.031,-0.049,-0.009,93,414,153,-2.5,0,0,0,0,0,0,0,0,0,143

Main.js:462 50.452,347,0,0,0.176,0,0.05,0,0,0,0,1,0,0,0,0,0,0,0,0,0,0,0,0,0,0,0,0,448.483,152.863,192,180,-0.317,-0.04,-0.049,-0.01,92,411.5,153,-2.5,0,0,0,0,0,0,0,0,0,159

Main.js:462 50.667,347,0,0,0.215,0,0.05,0,0,0,0,1,0,0,0,0,0,0,0,0,0,0,0,0,0,0,0,0,448.136,152.815,193.5,180,-0.347,-0.049,-0.049,-0.012,91,409,153,-2.5,0,0,0,0,0,0,0,0,0,175

Main.js:462 50.918,347,0,0,0.252,0,0.05,0,0,0,0,1,0,0,0,0,0,0,0,0,0,0,0,0,0,0,0,0,447.761,152.756,195,180,-0.376,-0.059,-0.048,-0.013,90,406.5,153,-2.5,0,0,0,0,0,0,0,0,0,193

Main.js:462 51.205,347,0,0,0.287,0,0.05,0,0,0,0,1,0,0,0,0,0,0,0,0,0,0,0,0,0,0,0,0,447.359,152.687,196.5,180,-0.402,-0.069,-0.048,-0.014,89,404,153,-2.5,0,0,0,0,0,0,0,0,0,209

Main.js:462 51.525,347,0,0,0.32,0,0.05,0,0,0,0,1,0,0,0,0,0,0,0,0,0,0,0,0,0,0,0,0,446.931,152.606,198,180,-0.427,-0.08,-0.048,-0.015,88,401.5,153,-2.5,0,0,0,0,0,0,0,0,0,225

Main.js:462 51.876,347,0,0,0.351,0,0.05,0,0,0,0,1,0,0,0,0,0,0,0,0,0,0,0,0,0,0,0,0,446.48,152.514,199.5,180,-0.451,-0.092,-0.047,-0.017,87,399,153,-2.5,0,0,0,0,0,0,0,0,0,243

Main.js:462 52.257,347,0,0,0.381,0,0.05,0,0,0,0,1,0,0,0,0,0,0,0,0,0,0,0,0,0,0,0,0,446.008,152.409,201,180,-0.473,-0.105,-0.047,-0.018,86,396.5,153,-2.5,0,0,0,0,0,0,0,0,0,259

Main.js:462 52.667,346.999,358.5,358.5,0.41,-0.001,0.05,-0.001,0,1,0,1,0,0,0,0,0,0,0,0,0,0,0,0,0,0,0,0,445.515,152.292,202.5,180,-0.493,-0.118,-0.046,-0.019,85,394,153,-2.5,0,0,0,0,0,0,0,0,0,275

Main.js:462 53.103,346.995,357,357,0.437,-0.004,0.05,-0.003,0,1,0,1,0,0,0,0,0,0,0,0,0,0,0,0,0,0,0,0,445.003,152.16,204,180,-0.512,-0.131,-0.046,-0.02,84,391.5,153,-2.5,0,0,0,0,0,0,0,0,0,292

Main.js:462 53.566,346.988,355.5,355.5,0.462,-0.007,0.05,-0.004,0,1,0,1,0,0,0,0,0,0,0,0,0,0,0,0,0,0,0,0,444.474,152.015,205.5,180,-0.529,-0.145,-0.045,-0.022,83,389,153,-2.5,0,0,0,0,0,0,0,0,0,309

Main.js:462 54.052,346.976,354,354,0.486,-0.012,0.05,-0.005,0,1,0,1,0,0,0,0,0,0,0,0,0,0,0,0,0,0,0,0,443.93,151.856,207,180,-0.545,-0.159,-0.045,-0.023,82,386.5,153,-2.5,0,0,0,0,0,0,0,0,0,324

Main.js:462 54.561,346.959,352.5,352.5,0.509,-0.017,0.05,-0.007,0,1,0,1,0,0,0,0,0,0,0,0,0,0,0,0,0,0,0,0,443.37,151.682,208.5,180,-0.559,-0.174,-0.044,-0.024,81,384,153,-2.5,0,0,0,0,0,0,0,0,0,342

Main.js:462 55.091,346.935,351,351,0.53,-0.024,0.049,-0.008,0,1,0,1,0,0,0,0,0,0,0,0,0,0,0,0,0,0,0,0,442.798,151.493,210,180,-0.572,-0.189,-0.043,-0.025,80,381.5,153,-2.5,0,0,0,0,0,0,0,0,0,359

Main.js:462 55.642,346.903,349.5,349.5,0.551,-0.031,0.049,-0.009,0,1,0,1,0,0,0,0,0,0,0,0,0,0,0,0,0,0,0,0,442.213,151.289,211.5,180,-0.584,-0.204,-0.043,-0.026,79,379,153,-2.5,0,0,0,0,0,0,0,0,0,375

Main.js:462 56.211,346.863,348,348,0.57,-0.04,0.049,-0.01,0,1,0,1,0,0,0,0,0,0,0,0,0,0,0,0,0,0,0,0,441.618,151.069,213,180,-0.595,-0.22,-0.042,-0.027,78,376.5,153,-2.5,0,0,0,0,0,0,0,0,0,392

Main.js:462 56.799,346.815,346.5,346.5,0.587,-0.049,0.049,-0.012,0,1,0,1,0,0,0,0,0,0,0,0,0,0,0,0,0,0,0,0,441.014,150.833,214.5,180,-0.604,-0.236,-0.041,-0.028,77,374,153,-2.5,0,0,0,0,0,0,0,0,0,409

Main.js:462 57.403,346.756,345,345,0.604,-0.059,0.048,-0.013,0,1,0,1,0,0,0,0,0,0,0,0,0,0,0,0,0,0,0,0,440.402,150.581,216,180,-0.613,-0.252,-0.04,-0.029,76,371.5,153,-2.5,0,0,0,0,0,0,0,0,0,426

Main.js:462 58.022,346.687,343.5,343.5,0.619,-0.069,0.048,-0.014,0,1,0,1,0,0,0,0,0,0,0,0,0,0,0,0,0,0,0,0,439.782,150.312,217.5,180,-0.62,-0.268,-0.04,-0.03,75,369,153,-2.5,0,0,0,0,0,0,0,0,0,442

Main.js:462 58.655,346.606,342,342,0.633,-0.08,0.048,-0.015,0,1,0,1,0,0,0,0,0,0,0,0,0,0,0,0,0,0,0,0,439.156,150.027,219,180,-0.626,-0.285,-0.039,-0.031,74,366.5,153,-2.5,0,0,0,0,0,0,0,0,0,460

Main.js:462 59.302,346.514,340.5,340.5,0.646,-0.092,0.047,-0.017,0,1,0,1,0,0,0,0,0,0,0,0,0,0,0,0,0,0,0,0,438.526,149.726,220.5,180,-0.63,-0.301,-0.038,-0.032,73,364,153,-2.5,0,0,0,0,0,0,0,0,0,476

Main.js:462 59.96,346.409,339,339,0.659,-0.105,0.047,-0.018,0,1,0,1,0,0,0,0,0,0,0,0,0,0,0,0,0,0,0,0,437.892,149.408,222,180,-0.634,-0.318,-0.037,-0.033,72,361.5,153,-2.5,0,0,0,0,0,0,0,0,0,493

Main.js:462 60.63,346.292,337.5,337.5,0.669,-0.118,0.046,-0.019,0,1,0,1,0,0,0,0,0,0,0,0,0,0,0,0,0,0,0,0,437.255,149.073,223.5,180,-0.637,-0.335,-0.036,-0.034,71,359,153,-2.5,0,0,0,0,0,0,0,0,0,508

Main.js:462 61.309,346.16,336,336,0.679,-0.131,0.046,-0.02,0,1,0,1,0,0,0,0,0,0,0,0,0,0,0,0,0,0,0,0,436.615,148.722,223.5,178.5,-0.64,-0.351,-0.036,-0.034,70,356.5,153,-2.5,0,0,0,0,0,0,0,0,0,526

Main.js:462 61.997,346.015,334.5,334.5,0.688,-0.145,0.045,-0.022,0,1,0,1,0,0,0,0,0,0,0,0,0,0,0,0,0,0,0,0,435.973,148.356,223.5,177,-0.642,-0.366,-0.036,-0.034,69,354,153,-2.5,0,0,0,0,0,0,0,0,0,542

Main.js:462 62.694,345.857,334.5,334.5,0.697,-0.158,0.045,-0.022,0,0,0,1,0,0,0,0,0,0,0,0,0,0,0,0,0,0,0,0,435.329,147.975,223.5,175.5,-0.644,-0.38,-0.036,-0.034,68,351.5,153,-2.5,0,0,0,0,0,0,0,0,0,610

Main.js:462 63.399,345.687,334.5,334.5,0.705,-0.171,0.045,-0.022,0,0,0,1,0,0,0,0,0,0,0,0,0,0,0,0,0,0,0,0,434.682,147.581,223.5,174,-0.647,-0.394,-0.036,-0.034,67,349,153,-2.5,0,0,0,0,0,0,0,0,0,625

Main.js:462 64.111,345.504,334.5,334.5,0.712,-0.183,0.045,-0.022,0,0,0,1,0,0,0,0,0,0,0,0,0,0,0,0,0,0,0,0,434.034,147.174,223.5,172.5,-0.649,-0.407,-0.036,-0.034,66,346.5,153,-2.5,0,0,0,0,0,0,0,0,0,641

Main.js:462 64.831,345.31,334.5,334.5,0.72,-0.194,0.045,-0.022,99,0,0,1,0,1,0,0,0,0,0,0,0,0,0,0,0,0,0,0,433.383,146.754,223.5,171,-0.651,-0.419,-0.036,-0.034,65,344,153,-2.5,0,0,0,0,0,0,0,0,0,658

Main.js:462 65.558,345.105,334.5,334.5,0.727,-0.205,0.045,-0.022,98,0,0,1,0,1,0,0,85.322,335.387,2.256,-1.076,0,0,0,0,0,0,0,0,432.73,146.323,223.5,169.5,-0.653,-0.431,-0.036,-0.034,64,341.5,153,-2.5,0,0,0,0,0,0,0,0,0,676

Main.js:462 66.291,344.89,334.5,334.5,0.733,-0.215,0.045,-0.022,97,0,0,1,0,1,0,0,87.579,334.311,2.256,-1.076,0,0,0,0,0,0,0,0,432.076,145.881,223.5,168,-0.654,-0.442,-0.036,-0.034,63,339,153,-2.5,0,0,0,0,0,0,0,0,0,692

Main.js:462 67.03,344.666,334.5,334.5,0.739,-0.225,0.045,-0.022,96,0,0,1,0,1,0,0,89.835,333.234,2.256,-1.076,0,0,0,0,0,0,0,0,431.42,145.428,223.5,166.5,-0.656,-0.453,-0.036,-0.034,62,336.5,153,-2.5,0,0,0,0,0,0,0,0,0,709

Main.js:462 67.775,344.432,334.5,334.5,0.745,-0.234,0.045,-0.022,95,0,0,1,0,1,0,0,92.091,332.158,2.256,-1.076,0,0,0,0,0,0,0,0,430.762,144.965,223.5,165,-0.658,-0.463,-0.036,-0.034,61,334,153,-2.5,0,0,0,0,0,0,0,0,0,725

Main.js:462 68.526,344.189,334.5,334.5,0.751,-0.243,0.045,-0.022,94,0,0,1,0,1,0,0,94.348,331.082,2.256,-1.076,0,0,0,0,0,0,0,0,430.102,144.493,223.5,163.5,-0.659,-0.473,-0.036,-0.034,60,331.5,153,-2.5,0,0,0,0,0,0,0,0,0,741

Main.js:462 69.282,343.938,334.5,334.5,0.756,-0.251,0.045,-0.022,93,0,0,1,0,0,0,0,96.604,330.006,2.256,-1.076,0,0,0,0,0,0,0,0,429.441,144.011,223.5,162,-0.661,-0.482,-0.036,-0.034,59,329,153,-2.5,0,0,0,0,0,0,0,0,0,758

Main.js:462 70.043,343.68,334.5,334.5,0.761,-0.259,0.045,-0.022,92,0,0,1,0,0,0,0,98.861,328.929,2.256,-1.076,0,0,0,0,0,0,0,0,428.779,143.521,223.5,160.5,-0.662,-0.49,-0.036,-0.034,58,326.5,153,-2.5,0,0,0,0,0,0,0,0,0,776

Main.js:462 70.809,343.413,334.5,334.5,0.766,-0.266,0.045,-0.022,91,0,0,1,0,0,0,0,101.117,327.853,2.256,-1.076,0,0,0,0,0,0,0,0,428.115,143.022,223.5,159,-0.664,-0.498,-0.036,-0.034,57,324,153,-2.5,0,0,0,0,0,0,0,0,0,793

Main.js:462 71.58,343.14,334.5,334.5,0.771,-0.273,0.045,-0.022,90,0,0,1,0,0,0,0,103.374,326.777,2.256,-1.076,0,0,0,0,0,0,0,0,427.45,142.516,223.5,157.5,-0.665,-0.506,-0.036,-0.034,56,321.5,153,-2.5,0,0,0,0,0,0,0,0,0,809

Main.js:462 72.355,342.86,334.5,334.5,0.775,-0.28,0.045,-0.022,89,0,0,1,0,0,0,0,105.63,325.7,2.256,-1.076,0,0,0,0,0,0,0,0,426.784,142.003,223.5,156,-0.666,-0.514,-0.036,-0.034,55,319,153,-2.5,0,0,0,0,0,0,0,0,0,825

Main.js:462 73.134,342.573,334.5,334.5,0.779,-0.287,0.045,-0.022,88,0,0,1,0,0,0,0,107.887,324.624,2.256,-1.076,0,0,0,0,0,0,0,0,426.117,141.482,223.5,154.5,-0.667,-0.521,-0.036,-0.034,54,316.5,153,-2.5,0,0,0,0,0,0,0,0,0,842

Main.js:462 73.917,342.28,334.5,334.5,0.783,-0.293,0.045,-0.022,87,0,0,1,0,1,0,0,110.143,323.548,2.256,-1.076,0,0,0,0,0,0,0,0,425.449,140.955,223.5,153,-0.668,-0.527,-0.036,-0.034,53,314,153,-2.5,0,0,0,0,0,0,0,0,0,858

Main.js:462 74.704,341.981,334.5,334.5,0.787,-0.299,0.045,-0.022,86,0,0,1,0,1,0,0,112.4,322.472,2.256,-1.076,0,0,0,0,0,0,0,0,424.779,140.421,223.5,151.5,-0.669,-0.534,-0.036,-0.034,52,311.5,153,-2.5,0,0,0,0,0,0,0,0,0,876

Main.js:462 75.494,341.677,334.5,334.5,0.79,-0.304,0.045,-0.022,85,0,0,1,0,1,0,0,114.656,321.395,2.256,-1.076,0,0,0,0,0,0,0,0,424.109,139.882,223.5,150,-0.67,-0.54,-0.036,-0.034,51,309,153,-2.5,0,0,0,0,0,0,0,0,0,891

Main.js:462 76.288,341.368,334.5,334.5,0.794,-0.309,0.045,-0.022,84,0,0,1,0,1,0,0,116.913,320.319,2.256,-1.076,0,0,0,0,0,0,0,0,423.437,139.336,223.5,148.5,-0.671,-0.545,-0.036,-0.034,50,306.5,153,-2.5,0,0,0,0,0,0,0,0,0,909

Main.js:462 77.085,341.054,334.5,334.5,0.797,-0.314,0.045,-0.022,83,0,0,1,0,1,0,0,119.169,319.243,2.256,-1.076,0,0,0,0,0,0,0,0,422.765,138.786,223.5,147,-0.672,-0.551,-0.036,-0.034,49,304,153,-2.5,0,0,0,0,0,0,0,0,0,925

Main.js:462 77.884,340.735,334.5,334.5,0.8,-0.319,0.045,-0.022,82,0,0,1,0,0,0,0,121.425,318.166,2.256,-1.076,0,0,0,0,0,0,0,0,422.092,138.23,223.5,145.5,-0.673,-0.556,-0.036,-0.034,48,301.5,153,-2.5,0,0,0,0,0,0,0,0,0,942

Main.js:462 78.687,340.411,334.5,334.5,0.803,-0.324,0.045,-0.022,81,0,0,1,0,0,0,0,123.682,317.09,2.256,-1.076,0,0,0,0,0,0,0,0,421.418,137.669,223.5,144,-0.674,-0.561,-0.036,-0.034,47,299,153,-2.5,0,0,0,0,0,0,0,0,0,958

Main.js:462 79.493,340.083,334.5,334.5,0.805,-0.328,0.045,-0.022,80,0,0,1,0,0,0,0,125.938,316.014,2.256,-1.076,0,0,0,0,0,0,0,0,420.744,137.103,223.5,142.5,-0.675,-0.565,-0.036,-0.034,46,296.5,153,-2.5,0,0,0,0,0,0,0,0,0,975

Main.js:462 80.301,339.751,334.5,334.5,0.808,-0.332,0.045,-0.022,79,0,0,1,0,0,0,0,128.195,314.938,2.256,-1.076,0,0,0,0,0,0,0,0,420.068,136.534,223.5,141,-0.675,-0.57,-0.036,-0.034,45,294,153,-2.5,0,0,0,0,0,0,0,0,0,993

Main.js:462 81.112,339.417,336,336,0.811,-0.335,0.046,-0.02,78,0,1,1,0,0,0,0,130.451,313.861,2.256,-1.076,0,0,0,0,0,0,0,0,419.392,135.96,223.5,139.5,-0.676,-0.574,-0.036,-0.034,44,291.5,153,-2.5,0,0,0,0,0,0,0,0,0,1008

Main.js:462 81.926,339.081,337.5,337.5,0.814,-0.336,0.046,-0.019,77,0,1,1,0,0,0,0,132.708,312.785,2.256,-1.076,0,0,0,0,0,0,0,0,418.715,135.382,222,136.5,-0.678,-0.577,-0.037,-0.033,43,289,153,-2.5,0,0,0,0,0,0,0,0,0,1026

Main.js:462 82.744,338.744,339,339,0.818,-0.336,0.047,-0.018,76,0,1,1,0,0,0,0,134.964,311.709,2.256,-1.076,0,0,0,0,0,0,0,0,418.035,134.803,220.5,133.5,-0.68,-0.579,-0.038,-0.032,42,286.5,153,-2.5,0,0,0,0,0,0,0,0,0,1043

Main.js:462 83.566,338.409,340.5,340.5,0.822,-0.335,0.047,-0.017,75,0,1,1,0,0,0,0,137.221,310.633,2.256,-1.076,0,0,0,0,0,0,0,0,417.352,134.223,219,130.5,-0.683,-0.58,-0.039,-0.031,41,284,153,-2.5,0,0,0,0,0,0,0,0,0,1058

Main.js:462 84.392,338.076,342,342,0.826,-0.333,0.048,-0.015,74,0,1,1,0,0,0,0,139.477,309.556,2.256,-1.076,0,0,0,0,0,0,0,0,416.666,133.643,217.5,127.5,-0.686,-0.58,-0.04,-0.03,40,281.5,153,-2.5,0,0,0,0,0,0,0,0,0,1075

Main.js:462 85.222,337.746,343.5,343.5,0.83,-0.33,0.048,-0.014,73,0,1,1,0,0,0,0,141.734,308.48,2.256,-1.076,0,0,0,0,0,0,0,0,415.976,133.064,216,124.5,-0.69,-0.579,-0.04,-0.029,39,279,153,-2.5,0,0,0,0,0,0,0,0,0,1093

Main.js:462 86.057,337.42,345,345,0.835,-0.326,0.048,-0.013,72,0,1,1,0,0,0,0,143.99,307.404,2.256,-1.076,0,0,0,0,0,0,0,0,415.281,132.487,214.5,121.5,-0.695,-0.577,-0.041,-0.028,38,276.5,153,-2.5,0,0,0,0,0,0,0,0,0,1109

Main.js:462 86.896,337.099,346.5,346.5,0.839,-0.321,0.049,-0.012,71,0,1,1,0,0,0,0,146.247,306.327,2.256,-1.076,0,0,0,0,0,0,0,0,414.581,131.913,213,118.5,-0.7,-0.574,-0.042,-0.027,37,274,153,-2.5,0,0,0,0,0,0,0,0,0,1125

Main.js:462 87.739,336.785,348,348,0.844,-0.315,0.049,-0.01,70,0,1,1,0,0,0,0,148.503,305.251,2.256,-1.076,0,0,0,0,0,0,0,0,413.875,131.343,211.5,115.5,-0.706,-0.57,-0.043,-0.026,36,271.5,153,-2.5,0,0,0,0,0,0,0,0,0,1141

Main.js:462 88.587,336.477,349.5,349.5,0.848,-0.307,0.049,-0.009,69,0,1,1,0,0,0,0,150.759,304.175,2.256,-1.076,0,0,0,0,0,0,0,0,413.164,130.778,210,112.5,-0.711,-0.565,-0.043,-0.025,35,269,153,-2.5,0,0,0,0,0,0,0,0,0,1158

Main.js:462 89.44,336.178,351,351,0.853,-0.299,0.049,-0.008,68,0,1,1,0,0,0,0,153.016,303.099,2.256,-1.076,0,0,0,0,0,0,0,0,412.446,130.218,208.5,109.5,-0.718,-0.56,-0.044,-0.024,34,266.5,153,-2.5,0,0,0,0,0,0,0,0,0,1176

Main.js:462 90.297,335.887,352.5,352.5,0.857,-0.291,0.05,-0.007,67,0,1,1,0,0,0,0,155.272,302.022,2.256,-1.076,0,0,0,0,0,0,0,0,411.722,129.665,207,106.5,-0.724,-0.553,-0.045,-0.023,33,264,153,-2.5,0,0,0,0,0,0,0,0,0,1192

Main.js:462 91.158,335.605,352.5,352.5,0.861,-0.282,0.05,-0.007,66,0,0,1,0,0,0,0,157.529,300.946,2.256,-1.076,0,0,0,0,0,0,0,0,410.991,129.119,205.5,103.5,-0.731,-0.546,-0.045,-0.022,32,261.5,153,-2.5,0,0,0,0,0,0,0,0,0,1208

Main.js:462 92.024,335.33,352.5,352.5,0.865,-0.274,0.05,-0.007,65,0,0,1,0,0,0,0,159.785,299.87,2.256,-1.076,0,0,0,0,0,0,0,0,410.254,128.581,204,100.5,-0.738,-0.538,-0.046,-0.02,31,259,153,-2.5,0,0,0,0,0,0,0,0,0,1225

Main.js:462 92.893,335.063,352.5,352.5,0.869,-0.267,0.05,-0.007,64,0,0,1,0,0,0,0,162.042,298.793,2.256,-1.076,0,0,0,0,0,0,0,0,409.509,128.052,202.5,97.5,-0.745,-0.529,-0.046,-0.019,30,256.5,153,-2.5,0,0,0,0,0,0,0,0,0,1241

Main.js:462 93.766,334.803,352.5,352.5,0.873,-0.26,0.05,-0.007,63,0,0,1,0,0,0,0,164.298,297.717,2.256,-1.076,0,0,0,0,0,0,0,0,408.757,127.532,201,94.5,-0.752,-0.52,-0.047,-0.018,29,254,153,-2.5,0,0,0,0,0,0,0,0,0,1259

Main.js:462 94.642,334.55,352.5,352.5,0.876,-0.253,0.05,-0.007,62,0,0,1,0,0,0,0,166.555,296.641,2.256,-1.076,0,0,0,0,0,0,0,0,407.998,127.022,199.5,91.5,-0.759,-0.51,-0.047,-0.017,28,251.5,153,-2.5,0,0,0,0,0,0,0,0,0,1277

Main.js:462 95.521,334.304,352.5,352.5,0.88,-0.247,0.05,-0.007,61,0,0,1,0,0,0,0,168.811,295.565,2.256,-1.076,0,0,0,0,0,0,0,0,407.232,126.523,198,88.5,-0.766,-0.499,-0.048,-0.015,27,249,153,-2.5,0,0,0,0,0,0,0,0,0,1292

Main.js:462 96.404,334.063,352.5,352.5,0.883,-0.24,0.05,-0.007,60,0,0,1,0,0,0,0,171.068,294.488,2.256,-1.076,0,0,0,0,0,0,0,0,406.459,126.036,196.5,85.5,-0.773,-0.487,-0.048,-0.014,26,246.5,153,-2.5,0,0,0,0,0,0,0,0,0,1309

Main.js:462 97.29,333.829,352.5,352.5,0.886,-0.235,0.05,-0.007,59,0,0,1,0,0,0,0,173.324,293.412,2.256,-1.076,0,0,0,0,0,0,0,0,405.678,125.56,195,82.5,-0.781,-0.475,-0.048,-0.013,25,244,153,-2.5,0,0,0,0,0,0,0,0,0,1326

Main.js:462 98.178,333.6,352.5,352.5,0.888,-0.229,0.05,-0.007,58,0,0,1,0,0,0,0,175.581,292.336,2.256,-1.076,0,0,0,0,0,0,0,0,404.891,125.097,193.5,79.5,-0.788,-0.463,-0.049,-0.012,24,241.5,153,-2.5,0,0,0,0,0,0,0,0,0,1342

Main.js:462 99.069,333.376,352.5,352.5,0.891,-0.224,0.05,-0.007,57,0,0,1,0,0,0,0,177.837,291.26,2.256,-1.076,0,0,0,0,0,0,0,0,404.096,124.648,192,76.5,-0.795,-0.449,-0.049,-0.01,23,239,153,-2.5,0,0,0,0,0,0,0,0,0,1359

Main.js:462 99.963,333.157,352.5,352.5,0.894,-0.219,0.05,-0.007,56,0,0,1,0,0,0,0,180.094,290.183,2.256,-1.076,0,0,0,0,0,0,0,0,403.294,124.212,190.5,73.5,-0.802,-0.436,-0.049,-0.009,22,236.5,153,-2.5,0,0,0,0,0,0,0,0,0,1376

Main.js:462 100.859,332.943,352.5,352.5,0.896,-0.214,0.05,-0.007,55,0,0,1,0,0,0,0,182.35,289.107,2.256,-1.076,0,0,0,0,0,0,0,0,402.485,123.791,189,70.5,-0.809,-0.421,-0.049,-0.008,21,234,153,-2.5,0,0,0,0,0,0,0,0,0,1392

Main.js:462 101.757,332.733,352.5,352.5,0.898,-0.21,0.05,-0.007,54,0,0,1,0,0,0,0,184.606,288.031,2.256,-1.076,0,0,0,0,0,0,0,0,401.67,123.385,187.5,67.5,-0.815,-0.406,-0.05,-0.007,20,231.5,153,-2.5,0,0,0,0,0,0,0,0,0,1408

Main.js:462 102.658,332.528,352.5,352.5,0.901,-0.205,0.05,-0.007,53,0,0,1,0,0,0,0,186.863,286.954,2.256,-1.076,0,0,0,0,0,0,0,0,400.848,122.994,186,64.5,-0.822,-0.391,-0.05,-0.005,19,229,153,-2.5,0,0,0,0,0,0,0,0,0,1433

Main.js:462 103.56,332.327,352.5,352.5,0.903,-0.201,0.05,-0.007,52,0,0,1,0,0,0,0,189.119,285.878,2.256,-1.076,0,0,0,0,0,0,0,0,400.02,122.618,184.5,61.5,-0.828,-0.375,-0.05,-0.004,18,226.5,153,-2.5,0,0,0,0,0,0,0,0,0,1458

Main.js:462 104.465,332.129,352.5,352.5,0.905,-0.197,0.05,-0.007,51,0,0,1,0,0,0,0,191.376,284.802,2.256,-1.076,0,0,0,0,0,0,0,0,399.186,122.259,183,58.5,-0.834,-0.359,-0.05,-0.003,17,224,153,-2.5,0,0,0,0,0,0,0,0,0,1475

Main.js:462 105.371,331.936,352.5,352.5,0.906,-0.194,0.05,-0.007,50,0,0,1,0,0,0,0,193.632,283.726,2.256,-1.076,0,0,0,0,0,0,0,0,398.347,121.917,181.5,55.5,-0.84,-0.342,-0.05,-0.001,16,221.5,153,-2.5,0,0,0,0,0,0,0,0,0,1492

Main.js:462 106.279,331.746,352.5,352.5,0.908,-0.19,0.05,-0.007,49,0,0,1,0,0,0,0,195.889,282.649,2.256,-1.076,0,0,0,0,0,0,0,0,397.501,121.592,180,52.5,-0.845,-0.325,-0.05,0,15,219,153,-2.5,0,0,0,0,0,0,0,0,0,1508

Main.js:462 107.189,331.559,352.5,352.5,0.91,-0.187,0.05,-0.007,48,0,0,1,0,0,0,0,198.145,281.573,2.256,-1.076,0,0,0,0,0,0,0,0,396.651,121.284,178.5,49.5,-0.851,-0.308,-0.05,0.001,14,216.5,153,-2.5,0,0,0,0,0,0,0,0,0,1525

Main.js:462 108.101,331.375,352.5,352.5,0.911,-0.184,0.05,-0.007,47,0,0,1,0,0,0,0,200.402,280.497,2.256,-1.076,0,0,0,0,0,0,0,0,395.795,120.994,177,46.5,-0.855,-0.29,-0.05,0.003,13,214,153,-2.5,0,0,0,0,0,0,0,0,0,1543

Main.js:462 109.014,331.194,352.5,352.5,0.913,-0.181,0.05,-0.007,46,0,0,1,0,0,0,0,202.658,279.42,2.256,-1.076,0,0,0,0,0,0,0,0,394.935,120.723,175.5,43.5,-0.86,-0.272,-0.05,0.004,12,211.5,153,-2.5,0,0,0,0,0,0,0,0,0,1558

Main.js:462 109.928,331.016,352.5,352.5,0.914,-0.178,0.05,-0.007,45,0,0,1,0,0,0,0,204.915,278.344,2.256,-1.076,0,0,0,0,0,0,0,0,394.071,120.47,174,40.5,-0.864,-0.253,-0.05,0.005,11,209,153,-2.5,0,0,0,0,0,0,0,0,0,1590

Main.js:462 110.844,330.841,352.5,352.5,0.916,-0.175,0.05,-0.007,44,0,0,1,0,0,0,0,207.171,277.268,2.256,-1.076,0,0,0,0,0,0,0,0,393.203,120.236,172.5,37.5,-0.868,-0.234,-0.05,0.007,10,206.5,153,-2.5,0,0,0,0,0,0,0,0,0,1607

Main.js:462 111.761,330.668,352.5,352.5,0.917,-0.173,0.05,-0.007,43,0,0,1,0,0,0,0,209.428,276.192,2.256,-1.076,0,0,0,0,0,0,0,0,392.331,120.021,171,34.5,-0.872,-0.215,-0.049,0.008,9,204,153,-2.5,0,0,0,0,0,0,0,0,0,1624

Main.js:462 112.679,330.498,352.5,352.5,0.918,-0.17,0.05,-0.007,42,0,0,1,0,0,0,0,211.684,275.115,2.256,-1.076,0,0,0,0,0,0,0,0,391.456,119.825,169.5,31.5,-0.875,-0.196,-0.049,0.009,8,201.5,153,-2.5,0,0,0,0,0,0,0,0,0,1643

Main.js:462 113.599,330.33,352.5,352.5,0.92,-0.168,0.05,-0.007,41,0,0,1,0,0,0,0,213.94,274.039,2.256,-1.076,0,0,0,0,0,0,0,0,390.579,119.649,168,28.5,-0.878,-0.176,-0.049,0.01,7,199,153,-2.5,0,0,0,0,0,0,0,0,0,1658

Main.js:462 114.52,330.164,352.5,352.5,0.921,-0.166,0.05,-0.007,40,0,0,1,0,0,0,0,216.197,272.963,2.256,-1.076,0,0,0,0,0,0,0,0,389.699,119.493,166.5,25.5,-0.88,-0.156,-0.049,0.012,6,196.5,153,-2.5,0,0,0,0,0,0,0,0,0,1675

Main.js:462 115.441,330.001,352.5,352.5,0.922,-0.164,0.05,-0.007,39,0,0,1,0,0,0,0,218.453,271.887,2.256,-1.076,0,0,0,0,0,0,0,0,388.817,119.357,165,22.5,-0.882,-0.136,-0.048,0.013,5,194,153,-2.5,0,0,0,0,0,0,0,0,0,1692

Main.js:462 116.364,329.839,352.5,352.5,0.923,-0.162,0.05,-0.007,38,0,0,1,0,0,0,0,220.71,270.81,2.256,-1.076,0,0,0,0,0,0,0,0,387.934,119.241,163.5,19.5,-0.883,-0.116,-0.048,0.014,4,191.5,153,-2.5,0,0,0,0,0,0,0,0,0,1708

Main.js:462 117.288,329.679,352.5,352.5,0.924,-0.16,0.05,-0.007,37,0,0,1,0,0,0,0,222.966,269.734,2.256,-1.076,0,0,0,0,0,0,0,0,387.05,119.146,162,16.5,-0.884,-0.095,-0.048,0.015,3,189,153,-2.5,0,0,0,0,0,0,0,0,0,1725

Main.js:462 118.212,329.521,352.5,352.5,0.925,-0.158,0.05,-0.007,36,0,0,1,0,0,0,0,225.223,268.658,2.256,-1.076,0,0,0,0,0,0,0,0,386.165,119.071,160.5,13.5,-0.885,-0.075,-0.047,0.017,2,186.5,153,-2.5,0,0,0,0,0,0,0,0,0,1743

Main.js:462 119.138,329.365,352.5,352.5,0.925,-0.156,0.05,-0.007,35,0,0,1,0,0,0,0,227.479,267.581,2.256,-1.076,0,0,0,0,0,0,0,0,385.28,119.018,159,10.5,-0.885,-0.054,-0.047,0.018,1,184,153,-2.5,0,0,0,0,0,0,0,0,0,1760

Main.js:462 120.064,329.209,351,351,0.926,-0.156,0.049,-0.008,34,1,0,1,0,0,0,0,229.736,266.505,2.256,-1.076,0,0,0,0,0,0,0,0,384.396,118.985,157.5,7.5,-0.884,-0.033,-0.046,0.019,0,181.5,153,-2.5,0,0,0,0,0,0,0,0,0,1776

Main.js:462 120.99,329.052,349.5,349.5,0.926,-0.157,0.049,-0.009,33,1,0,1,0,0,0,0,231.992,265.429,2.256,-1.076,0,0,0,0,0,0,0,0,383.512,118.973,156,4.5,-0.884,-0.012,-0.046,0.02,99,179,153,-2.5,0,0,0,0,0,0,0,0,0,1793

Main.js:462 121.917,328.893,348,348,0.927,-0.159,0.049,-0.01,32,1,0,1,0,0,0,0,234.249,264.353,2.256,-1.076,0,0,0,0,0,0,0,0,382.63,118.982,154.5,1.5,-0.882,0.009,-0.045,0.022,98,176.5,153,-2.5,0,407.823,120.828,2.492,0.196,0,0,0,0,1809

Main.js:462 122.843,328.731,346.5,346.5,0.926,-0.162,0.049,-0.012,31,1,0,1,0,0,0,0,236.505,263.276,2.256,-1.076,0,0,0,0,0,0,0,0,381.749,119.012,153,358.5,-0.881,0.03,-0.045,0.023,97,174,153,-2.5,0,410.316,121.025,2.492,0.196,0,0,0,0,1825

Main.js:462 123.769,328.565,345,345,0.926,-0.166,0.048,-0.013,30,1,0,1,0,0,0,0,238.762,262.2,2.256,-1.076,0,0,0,0,0,0,0,0,380.871,119.063,151.5,355.5,-0.878,0.051,-0.044,0.024,96,171.5,153,-2.5,0,412.808,121.221,2.492,0.196,0,0,0,0,1842

Main.js:462 124.695,328.394,343.5,343.5,0.925,-0.171,0.048,-0.014,29,1,0,1,0,0,0,0,241.018,261.124,2.256,-1.076,0,0,0,0,0,0,0,0,379.995,119.136,150,352.5,-0.876,0.072,-0.043,0.025,95,169,153,-2.5,0,415.3,121.417,2.492,0.196,0,0,0,0,1858

Main.js:462 125.619,328.217,342,342,0.924,-0.177,0.048,-0.015,28,1,0,1,0,0,0,0,243.274,260.047,2.256,-1.076,0,0,0,0,0,0,0,0,379.123,119.229,148.5,349.5,-0.872,0.094,-0.043,0.026,94,166.5,153,-2.5,0,417.793,121.613,2.492,0.196,0,0,0,0,1876

Main.js:462 126.542,328.032,340.5,340.5,0.923,-0.184,0.047,-0.017,27,1,0,1,0,0,0,0,245.531,258.971,2.256,-1.076,0,0,0,0,0,0,0,0,378.255,119.344,147,346.5,-0.868,0.115,-0.042,0.027,93,164,153,-2.5,0,420.285,121.809,2.492,0.196,0,0,0,0,1891

Main.js:462 127.463,327.84,339,339,0.921,-0.192,0.047,-0.018,26,1,0,1,0,0,0,0,247.787,257.895,2.256,-1.076,0,0,0,0,0,0,0,0,377.391,119.48,145.5,343.5,-0.864,0.136,-0.041,0.028,92,161.5,153,-2.5,0,422.777,122.005,2.492,0.196,0,0,0,0,1909

Main.js:462 128.381,327.639,337.5,337.5,0.919,-0.201,0.046,-0.019,25,1,0,1,0,0,0,0,250.044,256.819,2.256,-1.076,0,0,0,0,0,0,0,0,376.531,119.637,144,340.5,-0.859,0.157,-0.04,0.029,91,159,153,-2.5,0,425.269,122.201,2.492,0.196,0,0,0,0,1925

Main.js:462 129.298,327.429,336,336,0.916,-0.21,0.046,-0.02,24,1,0,1,0,0,0,0,252.3,255.742,2.256,-1.076,0,0,0,0,0,0,0,0,375.677,119.815,142.5,337.5,-0.854,0.178,-0.04,0.03,90,156.5,153,-2.5,0,427.762,122.398,2.492,0.196,0,0,0,0,1942

Main.js:462 130.211,327.209,334.5,334.5,0.913,-0.22,0.045,-0.022,23,1,0,1,0,0,0,0,254.557,254.666,2.256,-1.076,0,0,0,0,0,0,0,0,374.829,120.015,141,334.5,-0.848,0.199,-0.039,0.031,89,154,153,-2.5,0,430.254,122.594,2.492,0.196,0,0,0,0,1959

Main.js:462 131.121,326.98,334.5,334.5,0.911,-0.229,0.045,-0.022,22,0,0,1,0,0,0,0,256.813,253.59,2.256,-1.076,0,0,0,0,0,0,0,0,373.987,120.235,139.5,331.5,-0.842,0.22,-0.038,0.032,88,151.5,153,-2.5,0,432.746,122.79,2.492,0.196,0,0,0,0,1975

Main.js:462 132.029,326.741,334.5,334.5,0.908,-0.238,0.045,-0.022,21,0,0,1,0,0,0,0,259.07,252.514,2.256,-1.076,0,0,0,0,0,0,0,0,373.152,120.476,138,328.5,-0.835,0.241,-0.037,0.033,87,149,153,-2.5,0,435.239,122.986,2.492,0.196,0,0,0,0,1993

Main.js:462 132.935,326.494,334.5,334.5,0.905,-0.247,0.045,-0.022,20,0,0,1,0,0,0,0,261.326,251.437,2.256,-1.076,0,0,0,0,0,0,0,0,372.324,120.737,136.5,325.5,-0.828,0.262,-0.036,0.034,86,146.5,153,-2.5,0,437.731,123.182,2.492,0.196,0,0,0,0,2008

Main.js:462 133.838,326.239,334.5,334.5,0.903,-0.255,0.045,-0.022,19,0,0,1,0,0,0,0,263.583,250.361,2.256,-1.076,0,0,0,0,0,0,0,0,371.502,121.017,138,325.5,-0.822,0.28,-0.037,0.033,85,144,153,-2.5,0,440.223,123.378,2.492,0.196,0,0,0,0,2025

Main.js:462 134.738,325.976,334.5,334.5,0.901,-0.263,0.045,-0.022,18,0,0,1,0,0,0,0,265.839,249.285,2.256,-1.076,0,0,0,0,0,0,0,0,370.685,121.314,139.5,325.5,-0.817,0.297,-0.038,0.032,84,141.5,153,-2.5,0,442.715,123.574,2.492,0.196,0,0,0,0,2043

Main.js:462 135.637,325.706,334.5,334.5,0.899,-0.27,0.045,-0.022,17,0,0,1,0,0,0,0,268.096,248.208,2.256,-1.076,0,0,0,0,0,0,0,0,369.872,121.626,141,325.5,-0.813,0.312,-0.039,0.031,83,139,153,-2.5,0,445.208,123.771,2.492,0.196,0,0,0,0,2058

Main.js:462 136.533,325.429,334.5,334.5,0.896,-0.277,0.045,-0.022,16,0,0,1,0,0,0,0,270.352,247.132,2.256,-1.076,0,0,0,0,0,0,0,0,369.062,121.952,142.5,325.5,-0.81,0.325,-0.04,0.03,82,136.5,153,-2.5,0,447.7,123.967,2.492,0.196,0,0,0,0,2076

Main.js:462 137.428,325.146,334.5,334.5,0.895,-0.284,0.045,-0.022,15,0,0,1,0,0,0,0,272.608,246.056,2.256,-1.076,0,0,0,0,0,0,0,0,368.254,122.289,144,325.5,-0.808,0.337,-0.04,0.029,81,134,153,-2.5,0,450.192,124.163,2.492,0.196,0,0,0,0,2093

Main.js:462 138.32,324.856,334.5,334.5,0.893,-0.29,0.045,-0.022,14,0,0,1,0,0,0,0,274.865,244.98,2.256,-1.076,0,0,0,0,0,0,0,0,367.448,122.636,145.5,325.5,-0.807,0.347,-0.041,0.028,80,131.5,153,-2.5,0,452.685,124.359,2.492,0.196,0,0,0,0,2109

Main.js:462 139.211,324.56,334.5,334.5,0.891,-0.296,0.045,-0.022,13,0,0,1,0,0,0,0,277.121,243.903,2.256,-1.076,0,0,0,0,0,0,0,0,366.641,122.992,147,325.5,-0.806,0.356,-0.042,0.027,79,129,153,-2.5,0,455.177,124.555,2.492,0.196,0,0,0,0,2126

Main.js:462 140.101,324.258,334.5,334.5,0.889,-0.302,0.045,-0.022,12,0,0,1,0,0,0,0,279.378,242.827,2.256,-1.076,0,0,0,0,0,0,0,0,365.835,123.354,148.5,325.5,-0.806,0.363,-0.043,0.026,78,126.5,153,-2.5,0,457.669,124.751,2.492,0.196,0,0,0,0,2142

Main.js:462 140.988,323.951,334.5,334.5,0.888,-0.307,0.045,-0.022,11,0,0,1,0,0,0,0,281.634,241.751,2.256,-1.076,0,0,0,0,0,0,0,0,365.028,123.723,150,325.5,-0.807,0.368,-0.043,0.025,77,124,153,-2.5,0,460.162,124.948,2.492,0.196,0,0,0,0,2159

Main.js:462 141.874,323.639,334.5,334.5,0.886,-0.312,0.045,-0.022,10,0,0,1,0,0,0,0,283.891,240.674,2.256,-1.076,0,0,0,0,0,0,0,0,364.219,124.095,151.5,325.5,-0.809,0.373,-0.044,0.024,76,121.5,153,-2.5,0,462.654,125.144,2.492,0.196,0,0,0,0,2176

Main.js:462 142.758,323.321,333,333,0.884,-0.318,0.045,-0.023,9,1,0,1,0,0,0,0,286.147,239.598,2.256,-1.076,0,0,0,0,0,0,0,0,363.409,124.471,153,325.5,-0.81,0.375,-0.045,0.023,75,119,153,-2.5,0,465.146,125.34,2.492,0.196,0,0,0,0,2192

Main.js:462 143.64,322.997,331.5,331.5,0.882,-0.325,0.044,-0.024,8,1,0,1,0,0,0,0,288.404,238.522,2.256,-1.076,0,0,0,0,0,0,0,0,362.596,124.848,154.5,325.5,-0.813,0.377,-0.045,0.022,74,116.5,153,-2.5,0,467.638,125.536,2.492,0.196,0,0,0,0,2208

Main.js:462 144.519,322.665,330,330,0.879,-0.332,0.043,-0.025,7,1,0,1,0,0,0,0,290.66,237.446,2.256,-1.076,0,0,0,0,0,0,0,0,361.781,125.225,156,325.5,-0.816,0.378,-0.046,0.02,73,114,153,-2.5,0,470.131,125.732,2.492,0.196,0,0,0,0,2226

Main.js:462 145.394,322.324,328.5,328.5,0.875,-0.34,0.043,-0.026,6,1,0,1,0,0,0,0,292.917,236.369,2.256,-1.076,0,0,0,0,0,0,0,0,360.962,125.602,157.5,325.5,-0.819,0.377,-0.046,0.019,72,111.5,153,-2.5,0,472.623,125.928,2.492,0.196,0,0,0,0,2243

Main.js:462 146.266,321.975,327,327,0.871,-0.349,0.042,-0.027,5,1,0,1,0,0,0,0,295.173,235.293,2.256,-1.076,0,0,0,0,0,0,0,0,360.14,125.977,159,325.5,-0.822,0.375,-0.047,0.018,71,109,153,-2.5,0,475.115,126.124,2.492,0.196,0,0,0,0,2259

Main.js:462 147.132,321.616,325.5,325.5,0.867,-0.359,0.041,-0.028,4,1,0,1,0,0,0,0,297.43,234.217,2.256,-1.076,0,0,0,0,0,0,0,0,359.314,126.35,160.5,325.5,-0.826,0.372,-0.047,0.017,70,106.5,153,-2.5,0,477.608,126.321,2.492,0.196,0,0,0,0,2276

Main.js:462 147.995,321.247,324,324,0.862,-0.369,0.04,-0.029,3,1,0,1,0,0,0,0,299.686,233.141,2.256,-1.076,0,0,0,0,0,0,0,0,358.485,126.718,162,325.5,-0.83,0.368,-0.048,0.015,69,104,153,-2.5,0,480.1,126.517,2.492,0.196,0,0,0,0,2293

Main.js:462 148.851,320.868,322.5,322.5,0.857,-0.379,0.04,-0.03,2,1,0,1,0,0,0,0,301.943,232.064,2.256,-1.076,0,0,0,0,0,0,0,0,357.651,127.081,163.5,325.5,-0.834,0.363,-0.048,0.014,68,101.5,153,-2.5,0,482.592,126.713,2.492,0.196,0,0,0,0,2308

Main.js:462 149.703,320.479,322.5,322.5,0.851,-0.389,0.04,-0.03,1,0,0,1,0,0,0,0,304.199,230.988,2.256,-1.076,0,0,0,0,0,0,0,0,356.813,127.439,165,325.5,-0.838,0.357,-0.048,0.013,67,99,153,-2.5,0,485.084,126.909,2.492,0.196,0,0,0,0,2326

Main.js:462 150.549,320.08,322.5,322.5,0.847,-0.399,0.04,-0.03,0,0,0,1,0,0,0,0,306.455,229.912,2.256,-1.076,0,0,0,0,0,0,0,0,355.971,127.789,166.5,325.5,-0.842,0.351,-0.049,0.012,66,96.5,153,-2.5,0,487.577,127.105,2.492,0.196,0,0,0,0,2343

Main.js:462 151.391,319.673,322.5,322.5,0.842,-0.408,0.04,-0.03,0,0,0,1,0,0,0,0,308.712,228.835,2.256,-1.076,0,0,0,0,0,0,0,0,355.124,128.132,168,325.5,-0.847,0.343,-0.049,0.01,65,94,153,-2.5,0,490.069,127.301,2.492,0.196,0,0,0,0,2359

Main.js:462 152.229,319.257,322.5,322.5,0.838,-0.416,0.04,-0.03,0,0,0,1,0,0,0,0,310.968,227.759,2.256,-1.076,0,0,0,0,0,0,0,0,354.273,128.467,169.5,325.5,-0.851,0.335,-0.049,0.009,64,91.5,153,-2.5,0,492.561,127.497,2.492,0.196,0,0,0,0,2375

Main.js:462 153.062,318.832,322.5,322.5,0.833,-0.424,0.04,-0.03,99,0,0,1,0,1,0,0,313.225,226.683,2.256,-1.076,0,0,0,0,0,0,0,0,353.418,128.792,171,325.5,-0.855,0.325,-0.049,0.008,63,89,153,-2.5,0,495.054,127.694,2.492,0.196,0,0,0,0,2393

Main.js:462 153.891,318.401,322.5,322.5,0.829,-0.432,0.04,-0.03,98,0,0,1,0,1,0,0,315.481,225.607,2.256,-1.076,170.872,304.951,1.983,-1.522,0,0,0,0,352.558,129.107,172.5,325.5,-0.86,0.315,-0.05,0.007,62,86.5,153,-2.5,0,497.546,127.89,2.492,0.196,0,0,0,0,2408

Main.js:462 154.717,317.961,322.5,322.5,0.826,-0.439,0.04,-0.03,97,0,0,1,0,1,0,0,317.738,224.53,2.256,-1.076,170.872,304.951,1.983,-1.522,0,0,0,0,351.695,129.412,174,325.5,-0.864,0.304,-0.05,0.005,61,84,153,-2.5,0,0,0,0,0,0,0,0,0,2427

Main.js:462 155.539,317.515,322.5,322.5,0.822,-0.446,0.04,-0.03,96,0,0,1,0,1,0,0,319.994,223.454,2.256,-1.076,172.856,303.429,1.983,-1.522,0,0,0,0,350.827,129.704,175.5,325.5,-0.868,0.293,-0.05,0.004,60,81.5,153,-2.5,0,0,0,0,0,0,0,0,0,2442

Main.js:462 156.357,317.062,322.5,322.5,0.819,-0.453,0.04,-0.03,95,0,0,1,0,1,0,0,322.251,222.378,2.256,-1.076,174.839,301.907,1.983,-1.522,0,0,0,0,349.954,129.985,177,325.5,-0.872,0.281,-0.05,0.003,59,79,153,-2.5,0,0,0,0,0,0,0,0,0,2459

Main.js:462 157.173,316.603,322.5,322.5,0.815,-0.459,0.04,-0.03,94,0,0,1,0,1,0,0,324.507,221.301,2.256,-1.076,176.823,300.385,1.983,-1.522,0,0,0,0,349.079,130.253,178.5,325.5,-0.876,0.268,-0.05,0.001,58,76.5,153,-2.5,0,0,0,0,0,0,0,0,0,2475

Main.js:462 157.985,316.138,322.5,322.5,0.812,-0.465,0.04,-0.03,93,0,0,1,0,1,0,0,326.764,220.225,2.256,-1.076,178.806,298.863,1.983,-1.522,0,0,0,0,348.199,130.508,180,325.5,-0.88,0.255,-0.05,0,57,74,153,-2.5,0,0,0,0,0,0,0,0,0,2493

Main.js:462 158.794,315.667,322.5,322.5,0.809,-0.471,0.04,-0.03,92,0,0,1,0,0,0,0,329.02,219.149,2.256,-1.076,180.789,297.341,1.983,-1.522,0,0,0,0,347.316,130.748,181.5,325.5,-0.883,0.241,-0.05,-0.001,56,71.5,153,-2.5,0,0,0,0,0,0,0,0,0,2509

Main.js:462 159.601,315.191,322.5,322.5,0.807,-0.476,0.04,-0.03,91,0,0,1,0,0,0,0,331.277,218.073,2.256,-1.076,182.773,295.819,1.983,-1.522,0,0,0,0,346.429,130.975,181.5,324,-0.886,0.227,-0.05,-0.001,55,69,153,-2.5,0,0,0,0,0,0,0,0,0,2526

Main.js:462 160.405,314.71,322.5,322.5,0.804,-0.481,0.04,-0.03,90,0,0,1,0,0,0,0,333.533,216.996,2.256,-1.076,184.756,294.297,1.983,-1.522,0,0,0,0,345.54,131.19,181.5,322.5,-0.89,0.215,-0.05,-0.001,54,66.5,153,-2.5,0,0,0,0,0,0,0,0,0,2541

Main.js:462 161.206,314.224,322.5,322.5,0.801,-0.486,0.04,-0.03,89,0,0,1,0,0,0,0,335.789,215.92,2.256,-1.076,186.74,292.776,1.983,-1.522,0,0,0,0,344.647,131.393,181.5,321,-0.893,0.203,-0.05,-0.001,53,64,153,-2.5,0,0,0,0,0,0,0,0,0,2559

Main.js:462 162.005,313.733,322.5,322.5,0.799,-0.491,0.04,-0.03,88,0,0,1,0,1,0,0,338.046,214.844,2.256,-1.076,188.723,291.254,1.983,-1.522,0,0,0,0,343.752,131.584,181.5,319.5,-0.895,0.191,-0.05,-0.001,52,61.5,153,-2.5,0,0,0,0,0,0,0,0,0,2575

Main.js:462 162.802,313.238,322.5,322.5,0.797,-0.495,0.04,-0.03,87,0,0,1,0,1,0,0,340.302,213.768,2.256,-1.076,190.706,289.732,1.983,-1.522,0,0,0,0,342.853,131.765,181.5,318,-0.898,0.181,-0.05,-0.001,51,59,153,-2.5,0,0,0,0,0,0,0,0,0,2592

Main.js:462 163.596,312.739,322.5,322.5,0.795,-0.499,0.04,-0.03,86,0,0,1,0,1,0,0,342.559,212.691,2.256,-1.076,192.69,288.21,1.983,-1.522,0,0,0,0,341.953,131.935,181.5,316.5,-0.901,0.17,-0.05,-0.001,50,56.5,153,-2.5,0,0,0,0,0,0,0,0,0,2608

Main.js:462 164.389,312.236,322.5,322.5,0.793,-0.503,0.04,-0.03,85,0,0,1,0,1,0,0,344.815,211.615,2.256,-1.076,194.673,286.688,1.983,-1.522,0,0,0,0,341.049,132.095,181.5,315,-0.903,0.16,-0.05,-0.001,49,54,153,-2.5,0,0,0,0,0,0,0,0,0,2627

Main.js:462 165.179,311.729,322.5,322.5,0.791,-0.507,0.04,-0.03,84,0,0,1,0,1,0,0,347.072,210.539,2.256,-1.076,196.656,285.166,1.983,-1.522,0,0,0,0,340.144,132.247,181.5,313.5,-0.906,0.151,-0.05,-0.001,48,51.5,153,-2.5,0,0,0,0,0,0,0,0,0,2641

Main.js:462 165.968,311.218,322.5,322.5,0.789,-0.511,0.04,-0.03,83,0,0,1,0,1,0,0,349.328,209.462,2.256,-1.076,198.64,283.644,1.983,-1.522,0,0,0,0,339.236,132.389,181.5,312,-0.908,0.142,-0.05,-0.001,47,49,153,-2.5,0,0,0,0,0,0,0,0,0,2659

Main.js:462 166.755,310.704,322.5,322.5,0.787,-0.514,0.04,-0.03,82,0,0,1,0,1,0,0,351.585,208.386,2.256,-1.076,200.623,282.122,1.983,-1.522,0,0,0,0,338.326,132.523,181.5,310.5,-0.91,0.134,-0.05,-0.001,46,46.5,153,-2.5,0,0,0,0,0,0,0,0,0,2676

Main.js:462 167.54,310.187,322.5,322.5,0.785,-0.517,0.04,-0.03,81,0,0,1,0,0,0,0,353.841,207.31,2.256,-1.076,202.607,280.6,1.983,-1.522,0,0,0,0,337.414,132.649,181.5,309,-0.912,0.126,-0.05,-0.001,45,44,153,-2.5,0,0,0,0,0,0,0,0,0,2708

Main.js:462 168.324,309.667,322.5,322.5,0.784,-0.52,0.04,-0.03,80,0,0,1,0,0,0,0,356.098,206.234,2.256,-1.076,204.59,279.078,1.983,-1.522,0,0,0,0,336.501,132.768,181.5,307.5,-0.914,0.119,-0.05,-0.001,44,41.5,153,-2.5,0,0,0,0,0,0,0,0,0,2725

Main.js:462 169.106,309.144,322.5,322.5,0.782,-0.523,0.04,-0.03,79,0,0,1,0,0,0,0,358.354,205.157,2.256,-1.076,206.573,277.557,1.983,-1.522,0,0,0,0,335.585,132.879,181.5,306,-0.916,0.111,-0.05,-0.001,43,39,153,-2.5,0,0,0,0,0,0,0,0,0,2742

Main.js:462 169.887,308.618,322.5,322.5,0.781,-0.526,0.04,-0.03,78,0,0,1,0,0,0,0,360.611,204.081,2.256,-1.076,208.557,276.035,1.983,-1.522,0,0,0,0,334.668,132.984,181.5,304.5,-0.917,0.105,-0.05,-0.001,42,36.5,153,-2.5,0,0,0,0,0,0,0,0,0,2759

Main.js:462 170.667,308.09,322.5,322.5,0.779,-0.528,0.04,-0.03,77,0,0,1,0,1,0,0,362.867,203.005,2.256,-1.076,210.54,274.513,1.983,-1.522,0,0,0,0,333.749,133.082,181.5,303,-0.919,0.098,-0.05,-0.001,41,34,153,-2.5,0,0,0,0,0,0,0,0,0,2775

Main.js:462 171.445,307.559,322.5,322.5,0.778,-0.531,0.04,-0.03,76,0,0,1,0,1,0,0,365.123,201.928,2.256,-1.076,212.523,272.991,1.983,-1.522,0,0,0,0,332.829,133.174,181.5,301.5,-0.92,0.092,-0.05,-0.001,40,31.5,153,-2.5,0,0,0,0,0,0,0,0,0,2792

Main.js:462 172.222,307.025,322.5,322.5,0.777,-0.533,0.04,-0.03,75,0,0,1,0,1,0,0,367.38,200.852,2.256,-1.076,214.507,271.469,1.983,-1.522,0,0,0,0,331.907,133.26,181.5,300,-0.922,0.086,-0.05,-0.001,39,29,153,-2.5,0,0,0,0,0,0,0,0,0,2809

Main.js:462 172.998,306.49,322.5,322.5,0.776,-0.536,0.04,-0.03,74,0,0,1,0,1,0,0,369.636,199.776,2.256,-1.076,216.49,269.947,1.983,-1.522,0,0,0,0,330.984,133.34,181.5,298.5,-0.923,0.081,-0.05,-0.001,38,26.5,153,-2.5,0,0,0,0,0,0,0,0,0,2826

Main.js:462 173.772,305.952,322.5,322.5,0.775,-0.538,0.04,-0.03,73,0,0,1,0,1,0,0,371.893,198.7,2.256,-1.076,218.474,268.425,1.983,-1.522,0,0,0,0,330.059,133.416,181.5,297,-0.925,0.075,-0.05,-0.001,37,24,153,-2.5,0,0,0,0,0,0,0,0,0,2842

Main.js:462 174.546,305.412,322.5,322.5,0.774,-0.54,0.04,-0.03,72,0,0,1,0,1,0,0,374.149,197.623,2.256,-1.076,220.457,266.903,1.983,-1.522,0,0,0,0,329.133,133.486,181.5,295.5,-0.926,0.07,-0.05,-0.001,36,21.5,153,-2.5,0,0,0,0,0,0,0,0,0,2858

Main.js:462 175.318,304.871,322.5,322.5,0.773,-0.542,0.04,-0.03,71,0,0,1,0,0,0,0,376.406,196.547,2.256,-1.076,222.44,265.381,1.983,-1.522,0,0,0,0,328.206,133.552,181.5,294,-0.927,0.066,-0.05,-0.001,35,19,153,-2.5,0,0,0,0,0,0,0,0,0,2876

Main.js:462 176.09,304.327,322.5,322.5,0.772,-0.544,0.04,-0.03,70,0,0,1,0,0,0,0,378.662,195.471,2.256,-1.076,224.424,263.859,1.983,-1.522,0,0,0,0,327.278,133.613,181.5,292.5,-0.928,0.061,-0.05,-0.001,34,16.5,153,-2.5,0,0,0,0,0,0,0,0,0,2892

Main.js:462 176.861,303.782,322.5,322.5,0.771,-0.545,0.04,-0.03,69,0,0,1,0,0,0,0,380.919,194.395,2.256,-1.076,226.407,262.338,1.983,-1.522,0,0,0,0,326.349,133.669,181.5,291,-0.929,0.057,-0.05,-0.001,33,14,153,-2.5,0,0,0,0,0,0,0,0,0,2909

Main.js:462 177.631,303.235,322.5,322.5,0.77,-0.547,0.04,-0.03,68,0,0,1,0,0,0,0,383.175,193.318,2.256,-1.076,228.391,260.816,1.983,-1.522,0,0,0,0,325.419,133.722,181.5,289.5,-0.93,0.053,-0.05,-0.001,32,11.5,153,-2.5,0,0,0,0,0,0,0,0,0,2926

Main.js:462 178.4,302.687,322.5,322.5,0.769,-0.548,0.04,-0.03,67,0,0,1,0,0,0,0,385.432,192.242,2.256,-1.076,230.374,259.294,1.983,-1.522,0,0,0,0,324.487,133.771,181.5,288,-0.931,0.049,-0.05,-0.001,31,9,153,-2.5,0,0,0,0,0,0,0,0,0,2941

Main.js:462 179.168,302.137,322.5,322.5,0.768,-0.55,0.04,-0.03,66,0,0,1,0,0,0,0,387.688,191.166,2.256,-1.076,232.357,257.772,1.983,-1.522,0,0,0,0,323.555,133.816,181.5,286.5,-0.932,0.045,-0.05,-0.001,30,6.5,153,-2.5,0,0,0,0,0,0,0,0,0,2958

Main.js:462 179.936,301.585,322.5,322.5,0.768,-0.551,0.04,-0.03,65,0,0,1,0,1,0,0,389.945,190.089,2.256,-1.076,234.341,256.25,1.983,-1.522,0,0,0,0,322.622,133.857,181.5,285,-0.933,0.042,-0.05,-0.001,29,4,153,-2.5,0,0,0,0,0,0,0,0,0,2976

Main.js:462 180.703,301.033,322.5,322.5,0.767,-0.553,0.04,-0.03,64,0,0,1,0,1,0,0,392.201,189.013,2.256,-1.076,236.324,254.728,1.983,-1.522,0,0,0,0,321.688,133.896,181.5,283.5,-0.934,0.038,-0.05,-0.001,28,1.5,153,-2.5,0,0,0,0,0,0,0,0,0,2992

Main.js:462 181.469,300.479,322.5,322.5,0.766,-0.554,0.04,-0.03,63,0,0,1,0,1,0,0,392.201,189.013,2.256,-1.076,238.307,253.206,1.983,-1.522,0,0,0,0,320.754,133.931,181.5,282,-0.935,0.035,-0.05,-0.001,27,0,0,0,0,0,0,0,0,0,0,0,0,3009

Main.js:462 182.235,299.923,322.5,322.5,0.766,-0.555,0.04,-0.03,62,0,0,1,0,1,0,0,394.458,187.937,2.256,-1.076,240.291,251.684,1.983,-1.522,0,0,0,0,319.818,133.964,180,279,-0.935,0.033,-0.05,0,26,0,0,0,0,0,0,0,0,0,0,0,0,3024

Main.js:462 183,299.367,322.5,322.5,0.765,-0.556,0.04,-0.03,61,0,0,1,0,1,0,0,396.714,186.861,2.256,-1.076,242.274,250.162,1.983,-1.522,0,0,0,0,318.882,133.997,178.5,276,-0.936,0.033,-0.05,0.001,25,0,0,0,0,0,0,0,0,0,0,0,0,3042

Main.js:462 183.764,298.809,322.5,322.5,0.764,-0.557,0.04,-0.03,60,0,0,1,0,1,0,0,398.97,185.784,2.256,-1.076,244.258,248.64,1.983,-1.522,0,0,0,0,317.945,134.031,177,273,-0.937,0.034,-0.05,0.003,24,0,0,0,0,0,0,0,0,0,0,0,0,3059

Main.js:462 184.528,298.251,322.5,322.5,0.764,-0.559,0.04,-0.03,59,0,0,1,0,1,0,0,401.227,184.708,2.256,-1.076,246.241,247.118,1.983,-1.522,0,0,0,0,317.008,134.067,175.5,270,-0.937,0.036,-0.05,0.004,23,0,0,0,0,0,0,0,0,0,0,0,0,3076

Main.js:462 185.292,297.691,322.5,322.5,0.763,-0.56,0.04,-0.03,58,0,0,1,0,0,0,0,403.483,183.632,2.256,-1.076,248.224,245.597,1.983,-1.522,0,0,0,0,316.07,134.106,174,267,-0.938,0.039,-0.05,0.005,22,0,0,0,0,0,0,0,0,0,0,0,0,3091

Main.js:462 186.054,297.131,322.5,322.5,0.763,-0.56,0.04,-0.03,57,0,0,1,0,0,0,0,405.74,182.555,2.256,-1.076,250.208,244.075,1.983,-1.522,0,0,0,0,315.133,134.149,172.5,264,-0.938,0.043,-0.05,0.007,21,0,0,0,0,0,0,0,0,0,0,0,0,3109

Main.js:462 186.817,296.57,322.5,322.5,0.762,-0.561,0.04,-0.03,56,0,0,1,0,0,0,0,407.996,181.479,2.256,-1.076,252.191,242.553,1.983,-1.522,0,0,0,0,314.195,134.197,171,261,-0.938,0.048,-0.049,0.008,20,0,0,0,0,0,0,0,0,0,0,0,0,3124

Main.js:462 187.579,296.007,322.5,322.5,0.762,-0.562,0.04,-0.03,55,0,0,1,0,0,0,0,410.253,180.403,2.256,-1.076,254.175,241.031,1.983,-1.522,0,0,0,0,313.257,134.252,169.5,258,-0.938,0.055,-0.049,0.009,19,0,0,0,0,0,0,0,0,0,0,0,0,3141

Main.js:462 188.341,295.444,322.5,322.5,0.762,-0.563,0.04,-0.03,54,0,0,1,0,0,0,0,412.509,179.327,2.256,-1.076,256.158,239.509,1.983,-1.522,0,0,0,0,312.32,134.314,168,255,-0.937,0.062,-0.049,0.01,18,0,0,0,0,0,0,0,0,0,0,0,0,3162

Main.js:462 189.102,294.881,322.5,322.5,0.761,-0.564,0.04,-0.03,53,0,0,1,0,0,0,0,414.766,178.25,2.256,-1.076,258.141,237.987,1.983,-1.522,0,0,0,0,311.383,134.384,166.5,252,-0.937,0.07,-0.049,0.012,17,0,0,0,0,0,0,0,0,0,0,0,0,3175

Main.js:462 189.863,294.316,322.5,322.5,0.761,-0.564,0.04,-0.03,52,0,0,1,0,0,0,0,417.022,177.174,2.256,-1.076,260.125,236.465,1.983,-1.522,0,0,0,0,310.448,134.462,165,249,-0.936,0.079,-0.048,0.013,16,0,0,0,0,0,0,0,0,0,0,0,0,3191

Main.js:462 190.623,293.751,322.5,322.5,0.76,-0.565,0.04,-0.03,51,0,0,1,0,1,0,0,419.279,176.098,2.256,-1.076,262.108,234.943,1.983,-1.522,0,0,0,0,309.513,134.551,163.5,246,-0.934,0.088,-0.048,0.014,15,0,0,0,0,0,0,0,0,0,0,0,0,3209

Main.js:462 191.383,293.185,322.5,322.5,0.76,-0.566,0.04,-0.03,50,0,0,1,0,1,0,0,421.535,175.022,2.256,-1.076,264.091,233.421,1.983,-1.522,0,0,0,0,308.58,134.649,162,243,-0.933,0.098,-0.048,0.015,14,0,0,0,0,0,0,0,0,0,0,0,0,3224

Main.js:462 192.143,292.619,322.5,322.5,0.76,-0.566,0.04,-0.03,49,0,0,1,0,1,0,0,423.792,173.945,2.256,-1.076,266.075,231.899,1.983,-1.522,0,0,0,0,307.649,134.759,160.5,240,-0.931,0.109,-0.047,0.017,13,0,0,0,0,0,0,0,0,0,0,0,0,3242

Main.js:462 192.903,292.052,322.5,322.5,0.76,-0.567,0.04,-0.03,48,0,0,1,0,1,0,0,426.048,172.869,2.256,-1.076,268.058,230.378,1.983,-1.522,0,0,0,0,306.72,134.879,159,237,-0.929,0.121,-0.047,0.018,12,0,0,0,0,0,0,0,0,0,0,0,0,3259

Main.js:462 193.662,291.484,322.5,322.5,0.759,-0.568,0.04,-0.03,47,0,0,1,0,1,0,0,428.304,171.793,2.256,-1.076,270.042,228.856,1.983,-1.522,0,0,0,0,305.794,135.013,157.5,234,-0.926,0.133,-0.046,0.019,11,0,0,0,0,0,0,0,0,0,0,0,0,3276

Main.js:462 194.421,290.916,322.5,322.5,0.759,-0.568,0.04,-0.03,46,0,0,1,0,0,0,0,430.561,170.716,2.256,-1.076,272.025,227.334,1.983,-1.522,0,0,0,0,304.871,135.158,156,231,-0.923,0.146,-0.046,0.02,10,0,0,0,0,0,0,0,0,0,0,0,0,3292

Main.js:462 195.179,290.347,322.5,322.5,0.759,-0.569,0.04,-0.03,45,0,0,1,0,0,0,0,432.817,169.64,2.256,-1.076,274.008,225.812,1.983,-1.522,0,0,0,0,303.951,135.317,154.5,228,-0.92,0.159,-0.045,0.022,9,0,0,0,0,0,0,0,0,0,0,0,0,3309

Main.js:462 195.938,289.778,322.5,322.5,0.758,-0.569,0.04,-0.03,44,0,0,1,0,0,0,0,435.074,168.564,2.256,-1.076,275.992,224.29,1.983,-1.522,0,0,0,0,303.035,135.49,153,225,-0.916,0.173,-0.045,0.023,8,0,0,0,0,0,0,0,0,0,0,0,0,3325

Main.js:462 196.696,289.208,322.5,322.5,0.758,-0.57,0.04,-0.03,43,0,0,1,0,0,0,0,437.33,167.488,2.256,-1.076,277.975,222.768,1.983,-1.522,0,0,0,0,302.122,135.676,151.5,222,-0.912,0.187,-0.044,0.024,7,0,0,0,0,0,0,0,0,0,0,0,0,3343

Main.js:462 197.454,288.638,322.5,322.5,0.758,-0.57,0.04,-0.03,42,0,0,1,0,0,0,0,439.587,166.411,2.256,-1.076,279.959,221.246,1.983,-1.522,0,0,0,0,301.215,135.877,150,219,-0.908,0.201,-0.043,0.025,6,0,0,0,0,0,0,0,0,0,0,0,0,3359

Main.js:462 198.212,288.068,322.5,322.5,0.758,-0.57,0.04,-0.03,41,0,0,1,0,0,0,0,441.843,165.335,2.256,-1.076,281.942,219.724,1.983,-1.522,0,0,0,0,300.312,136.093,148.5,216,-0.903,0.216,-0.043,0.026,5,0,0,0,0,0,0,0,0,0,0,0,0,3375

Main.js:462 198.969,287.497,322.5,322.5,0.758,-0.571,0.04,-0.03,40,0,0,1,0,0,0,0,444.1,164.259,2.256,-1.076,283.925,218.202,1.983,-1.522,0,0,0,0,299.414,136.324,147,213,-0.898,0.231,-0.042,0.027,4,0,0,0,0,0,0,0,0,0,0,0,0,3392

Main.js:462 199.727,286.926,322.5,322.5,0.757,-0.571,0.04,-0.03,39,0,0,1,0,0,0,0,446.356,163.182,2.256,-1.076,285.909,216.68,1.983,-1.522,0,0,0,0,298.522,136.57,145.5,210,-0.892,0.246,-0.041,0.028,3,0,0,0,0,0,0,0,0,0,0,0,0,3409

Main.js:462 200.484,286.354,322.5,322.5,0.757,-0.572,0.04,-0.03,38,0,0,1,0,0,0,0,448.613,162.106,2.256,-1.076,287.892,215.159,1.983,-1.522,0,0,0,0,297.636,136.832,144,207,-0.886,0.262,-0.04,0.029,2,0,0,0,0,0,0,0,0,0,0,0,0,3425

Main.js:462 201.241,285.782,322.5,322.5,0.757,-0.572,0.04,-0.03,37,0,0,1,0,0,0,0,450.869,161.03,2.256,-1.076,289.875,213.637,1.983,-1.522,0,0,0,0,296.757,137.11,142.5,204,-0.879,0.278,-0.04,0.03,1,0,0,0,0,0,0,0,0,0,0,0,0,3442

Main.js:462 201.998,285.21,322.5,322.5,0.757,-0.572,0.04,-0.03,36,0,0,1,0,0,0,0,453.126,159.954,2.256,-1.076,291.859,212.115,1.983,-1.522,0,0,0,0,295.885,137.403,141,201,-0.872,0.294,-0.039,0.031,0,0,0,0,0,0,0,0,0,0,0,0,0,3458

Main.js:462 202.754,284.638,322.5,322.5,0.757,-0.573,0.04,-0.03,35,0,0,1,0,0,0,0,455.382,158.877,2.256,-1.076,293.842,210.593,1.983,-1.522,0,0,0,0,295.021,137.713,139.5,198,-0.865,0.31,-0.038,0.032,99,0,0,0,0,0,0,0,0,0,0,0,0,3474

Main.js:462 203.511,284.065,322.5,322.5,0.757,-0.573,0.04,-0.03,34,0,0,1,0,0,0,0,457.638,157.801,2.256,-1.076,295.826,209.071,1.983,-1.522,0,0,0,0,294.164,138.039,138,195,-0.857,0.326,-0.037,0.033,98,273.535,130.141,-2.378,-0.773,0,0,0,0,0,0,0,0,3492

Main.js:462 204.267,283.492,322.5,322.5,0.756,-0.573,0.04,-0.03,33,0,0,1,0,1,0,0,459.895,156.725,2.256,-1.076,297.809,207.549,1.983,-1.522,0,0,0,0,293.316,138.382,136.5,192,-0.848,0.343,-0.036,0.034,97,271.158,129.369,-2.378,-0.773,0,0,0,0,0,0,0,0,3509

Main.js:462 205.023,282.918,322.5,322.5,0.756,-0.573,0.04,-0.03,32,0,0,1,0,1,0,0,462.151,155.649,2.256,-1.076,299.792,206.027,1.983,-1.522,0,0,0,0,292.476,138.741,135,189,-0.839,0.359,-0.035,0.035,96,268.78,128.596,-2.378,-0.773,0,0,0,0,0,0,0,0,3525

Main.js:462 205.742,282.374,322.5,322.5,0.718,-0.545,0,0,31,0,0,0,0,1,0,0,464.408,154.572,2.256,-1.076,301.776,204.505,1.983,-1.522,0,0,0,0,291.646,139.116,133.5,186,-0.83,0.375,-0.034,0.036,95,266.403,127.824,-2.378,-0.773,0,0,0,0,0,0,0,0,3574

Main.js:462 206.424,281.856,321,321,0.683,-0.517,0,0,30,1,0,0,0,0,0,0,466.664,153.496,2.256,-1.076,303.759,202.983,1.983,-1.522,0,0,0,0,290.826,139.508,132,183,-0.82,0.392,-0.033,0.037,94,264.025,127.051,-2.378,-0.773,0,0,0,0,0,0,0,0,3591

Main.js:462 207.073,281.364,319.5,319.5,0.648,-0.492,0,0,29,1,0,0,0,0,0,0,468.921,152.42,2.256,-1.076,305.743,201.461,1.983,-1.522,0,0,0,0,290.015,139.917,130.5,180,-0.81,0.409,-0.032,0.038,93,261.647,126.279,-2.378,-0.773,0,0,0,0,0,0,0,0,3608

Main.js:462 207.689,280.897,318,318,0.616,-0.467,0,0,28,1,0,0,0,0,0,0,471.177,151.343,2.256,-1.076,307.726,199.939,1.983,-1.522,0,0,0,0,289.216,140.342,129,177,-0.8,0.425,-0.031,0.039,92,259.27,125.506,-2.378,-0.773,0,0,0,0,0,0,0,0,3625

Main.js:462 208.274,280.454,316.5,316.5,0.585,-0.444,0,0,27,1,0,0,0,0,0,0,473.434,150.267,2.256,-1.076,309.709,198.418,1.983,-1.522,0,0,0,0,288.427,140.783,127.5,174,-0.789,0.441,-0.03,0.04,91,256.892,124.734,-2.378,-0.773,0,0,0,0,0,0,0,0,3641

Main.js:462 208.83,280.032,315,315,0.556,-0.421,0,0,26,1,0,0,0,0,0,0,475.69,149.191,2.256,-1.076,311.693,196.896,1.983,-1.522,0,0,0,0,287.65,141.241,126,171,-0.777,0.458,-0.029,0.04,90,254.514,123.961,-2.378,-0.773,0,0,0,0,0,0,0,0,3659

Main.js:462 209.358,279.632,313.5,313.5,0.528,-0.4,0,0,25,1,0,0,0,1,0,0,477.947,148.115,2.256,-1.076,313.676,195.374,1.983,-1.522,0,0,0,0,286.885,141.715,124.5,168,-0.765,0.474,-0.028,0.041,89,252.137,123.189,-2.378,-0.773,0,0,0,0,0,0,0,0,3675

Main.js:462 209.86,279.252,312,312,0.502,-0.38,0,0,24,1,0,0,0,1,0,0,480.203,147.038,2.256,-1.076,315.659,193.852,1.983,-1.522,0,0,0,0,286.132,142.205,123,165,-0.753,0.49,-0.027,0.042,88,249.759,122.416,-2.378,-0.773,0,0,0,0,0,0,0,0,3691

Main.js:462 210.336,278.89,310.5,310.5,0.477,-0.361,0,0,23,1,0,0,0,1,0,0,482.46,145.962,2.256,-1.076,317.643,192.33,1.983,-1.522,0,0,0,0,285.392,142.711,121.5,162,-0.74,0.506,-0.026,0.043,87,247.381,121.644,-2.378,-0.773,0,0,0,0,0,0,0,0,3708

Main.js:462 210.789,278.547,309,309,0.453,-0.343,0,0,22,1,0,0,0,1,0,0,484.716,144.886,2.256,-1.076,319.626,190.808,1.983,-1.522,0,0,0,0,284.666,143.233,120,159,-0.727,0.522,-0.025,0.043,86,245.004,120.871,-2.378,-0.773,0,0,0,0,0,0,0,0,3725

Main.js:462 211.219,278.221,307.5,307.5,0.43,-0.326,0,0,21,1,0,0,0,1,0,0,486.973,143.809,2.256,-1.076,321.61,189.286,1.983,-1.522,0,0,0,0,283.953,143.771,118.5,156,-0.713,0.538,-0.024,0.044,85,242.626,120.098,-2.378,-0.773,0,0,0,0,0,0,0,0,3741

Main.js:462 211.628,277.911,306,306,0.409,-0.31,0,0,20,1,0,0,0,1,0,0,489.229,142.733,2.256,-1.076,323.593,187.764,1.983,-1.522,0,0,0,0,283.254,144.324,117,153,-0.699,0.553,-0.023,0.045,84,240.248,119.326,-2.378,-0.773,0,0,0,0,0,0,0,0,3758

Main.js:462 212.016,277.617,304.5,304.5,0.388,-0.294,0,0,19,1,0,0,0,0,0,0,491.485,141.657,2.256,-1.076,325.576,186.242,1.983,-1.522,0,0,0,0,282.569,144.893,115.5,150,-0.684,0.568,-0.022,0.045,83,237.871,118.553,-2.378,-0.773,0,0,0,0,0,0,0,0,3775

Main.js:462 212.385,277.337,303,303,0.369,-0.28,0,0,18,1,0,0,0,0,0,0,493.742,140.581,2.256,-1.076,327.56,184.72,1.983,-1.522,0,0,0,0,281.9,145.476,114,147,-0.67,0.583,-0.02,0.046,82,235.493,117.781,-2.378,-0.773,0,0,0,0,0,0,0,0,3793

Main.js:462 212.735,277.071,301.5,301.5,0.35,-0.266,0,0,17,1,0,0,0,0,0,0,495.998,139.504,2.256,-1.076,329.543,183.199,1.983,-1.522,0,0,0,0,281.246,146.074,112.5,144,-0.654,0.598,-0.019,0.046,81,233.116,117.008,-2.378,-0.773,0,0,0,0,0,0,0,0,3809

Main.js:462 213.068,276.819,300,300,0.333,-0.252,0,0,16,1,0,0,0,0,0,0,498.255,138.428,2.256,-1.076,331.526,181.677,1.983,-1.522,0,0,0,0,280.607,146.686,111,141,-0.639,0.612,-0.018,0.047,80,230.738,116.236,-2.378,-0.773,0,0,0,0,0,0,0,0,3826

Main.js:462 213.384,276.579,298.5,298.5,0.316,-0.24,0,0,15,1,0,0,0,0,0,0,331.526,181.677,1.983,-1.522,0,0,0,0,0,0,0,0,279.985,147.313,109.5,138,-0.622,0.627,-0.017,0.047,79,228.36,115.463,-2.378,-0.773,0,0,0,0,0,0,0,0,3843

Main.js:462 213.685,276.352,298.5,298.5,0.3,-0.228,0,0,14,0,0,0,0,1,0,0,333.51,180.155,1.983,-1.522,0,0,0,0,0,0,0,0,279.379,147.953,108,135,-0.606,0.64,-0.015,0.048,78,225.983,114.691,-2.378,-0.773,0,0,0,0,0,0,0,0,3861

Main.js:462 213.97,276.135,298.5,298.5,0.285,-0.216,0,0,13,0,0,0,0,1,0,0,335.493,178.633,1.983,-1.522,0,0,0,0,0,0,0,0,278.789,148.607,106.5,132,-0.589,0.654,-0.014,0.048,77,223.605,113.918,-2.378,-0.773,0,0,0,0,0,0,0,0,3877

Main.js:462 214.241,275.93,298.5,298.5,0.271,-0.206,0,0,12,0,0,0,0,1,0,0,337.477,177.111,1.983,-1.522,0,0,0,0,0,0,0,0,278.217,149.274,105,129,-0.572,0.667,-0.013,0.048,76,221.227,113.146,-2.378,-0.773,0,0,0,0,0,0,0,0,3891

Main.js:462 214.499,275.734,298.5,298.5,0.258,-0.195,0,0,11,0,0,0,0,1,0,0,339.46,175.589,1.983,-1.522,0,0,0,0,0,0,0,0,277.663,149.954,103.5,126,-0.555,0.68,-0.012,0.049,75,218.85,112.373,-2.378,-0.773,0,0,0,0,0,0,0,0,3908

Main.js:462 214.743,275.549,298.5,298.5,0.245,-0.186,0,0,10,0,0,0,0,1,0,0,341.443,174.067,1.983,-1.522,0,0,0,0,0,0,0,0,277.126,150.647,102,123,-0.537,0.692,-0.01,0.049,74,216.472,111.6,-2.378,-0.773,0,0,0,0,0,0,0,0,3925

Main.js:462 214.976,275.373,298.5,298.5,0.232,-0.176,0,0,9,0,0,0,0,0,0,0,343.427,172.545,1.983,-1.522,0,0,0,0,0,0,0,0,276.608,151.351,100.5,120,-0.518,0.705,-0.009,0.049,73,214.094,110.828,-2.378,-0.773,0,0,0,0,0,0,0,0,3943

Main.js:462 215.197,275.205,298.5,298.5,0.221,-0.167,0,0,8,0,0,0,0,0,0,0,345.41,171.023,1.983,-1.522,0,0,0,0,0,0,0,0,276.108,152.068,99,117,-0.5,0.716,-0.008,0.049,72,211.717,110.055,-2.378,-0.773,0,0,0,0,0,0,0,0,3958

Main.js:462 215.406,275.046,298.5,298.5,0.21,-0.159,0,0,7,0,0,0,0,0,0,0,347.394,169.501,1.983,-1.522,0,0,0,0,0,0,0,0,275.626,152.795,97.5,114,-0.481,0.728,-0.007,0.05,71,209.339,109.283,-2.378,-0.773,0,0,0,0,0,0,0,0,3974

Main.js:462 215.606,274.895,298.5,298.5,0.199,-0.151,0,0,6,0,0,0,0,0,0,0,349.377,167.979,1.983,-1.522,0,0,0,0,0,0,0,0,275.164,153.534,96,111,-0.462,0.738,-0.005,0.05,70,206.962,108.51,-2.378,-0.773,0,0,0,0,0,0,0,0,3992

Main.js:462 215.795,274.752,298.5,298.5,0.189,-0.144,0,0,5,0,0,0,0,0,0,0,351.36,166.458,1.983,-1.522,0,0,0,0,0,0,0,0,274.722,154.282,94.5,108,-0.443,0.749,-0.004,0.05,69,204.584,107.738,-2.378,-0.773,0,0,0,0,0,0,0,0,4007

Main.js:462 215.975,274.615,298.5,298.5,0.18,-0.136,0,0,4,0,0,0,0,1,0,0,353.344,164.936,1.983,-1.522,0,0,0,0,0,0,0,0,274.296,155.041,96,108,-0.426,0.759,-0.005,0.05,68,202.206,106.965,-2.378,-0.773,0,0,0,0,0,0,0,0,4025

Main.js:462 216.146,274.486,298.5,298.5,0.171,-0.13,0,0,3,0,0,0,0,1,0,0,355.327,163.414,1.983,-1.522,0,0,0,0,0,0,0,0,273.886,155.809,97.5,108,-0.41,0.768,-0.007,0.05,67,199.829,106.193,-2.378,-0.773,0,0,0,0,0,0,0,0,4043

Main.js:462 216.308,274.363,298.5,298.5,0.162,-0.123,0,0,2,0,0,0,0,1,0,0,357.31,161.892,1.983,-1.522,0,0,0,0,0,0,0,0,273.488,156.585,99,108,-0.397,0.776,-0.008,0.049,66,197.451,105.42,-2.378,-0.773,0,0,0,0,0,0,0,0,4059

Main.js:462 216.462,274.246,298.5,298.5,0.154,-0.117,0,0,1,0,0,0,0,1,0,0,359.294,160.37,1.983,-1.522,0,0,0,0,0,0,0,0,273.102,157.369,100.5,108,-0.386,0.784,-0.009,0.049,65,195.073,104.648,-2.378,-0.773,0,0,0,0,0,0,0,0,4075

Main.js:462 216.609,274.135,298.5,298.5,0.146,-0.111,0,0,0,0,0,0,0,1,0,0,361.277,158.848,1.983,-1.522,0,0,0,0,0,0,0,0,272.725,158.161,102,108,-0.377,0.791,-0.01,0.049,64,192.696,103.875,-2.378,-0.773,0,0,0,0,0,0,0,0,4093

Main.js:462 216.748,274.029,298.5,298.5,0.139,-0.106,0,0,0,0,0,0,0,0,0,0,363.261,157.326,1.983,-1.522,0,0,0,0,0,0,0,0,272.356,158.959,103.5,108,-0.369,0.798,-0.012,0.049,63,190.318,103.102,-2.378,-0.773,0,0,0,0,0,0,0,0,4108

Main.js:462 216.88,273.929,298.5,298.5,0.132,-0.1,0,0,0,0,0,0,0,0,0,0,365.244,155.804,1.983,-1.522,0,0,0,0,0,0,0,0,271.993,159.763,105,108,-0.363,0.804,-0.013,0.048,62,187.94,102.33,-2.378,-0.773,0,0,0,0,0,0,0,0,4126

Main.js:462 217.006,273.834,298.5,298.5,0.126,-0.095,0,0,0,0,0,0,0,0,0,0,367.227,154.282,1.983,-1.522,0,0,0,0,0,0,0,0,271.635,160.572,106.5,108,-0.358,0.809,-0.014,0.048,61,185.563,101.557,-2.378,-0.773,0,0,0,0,0,0,0,0,4143

Main.js:462 217.125,273.743,298.5,298.5,0.119,-0.09,0,0,0,0,0,0,0,0,0,0,369.211,152.76,1.983,-1.522,0,0,0,0,0,0,0,0,271.28,161.386,108,108,-0.355,0.814,-0.015,0.048,60,183.185,100.785,-2.378,-0.773,0,0,0,0,0,0,0,0,4157

Main.js:462 217.238,273.657,298.5,298.5,0.113,-0.086,0,0,0,0,0,0,0,0,0,0,371.194,151.239,1.983,-1.522,0,0,0,0,0,0,0,0,270.927,162.204,109.5,108,-0.353,0.818,-0.017,0.047,59,180.807,100.012,-2.378,-0.773,0,0,0,0,0,0,0,0,4176

Main.js:462 217.346,273.576,298.5,298.5,0.108,-0.082,0,0,99,0,0,0,0,1,0,0,373.178,149.717,1.983,-1.522,0,0,0,0,0,0,0,0,270.575,163.026,111,108,-0.352,0.822,-0.018,0.047,58,178.43,99.24,-2.378,-0.773,0,0,0,0,0,0,0,0,4193

Main.js:462 217.448,273.498,298.5,298.5,0.102,-0.078,0,0,98,0,0,0,0,1,0,0,375.161,148.195,1.983,-1.522,228.452,253.005,1.193,-2.197,0,0,0,0,270.222,163.85,112.5,108,-0.353,0.824,-0.019,0.046,57,176.052,98.467,-2.378,-0.773,0,0,0,0,0,0,0,0,4207

Main.js:462 217.546,273.424,298.5,298.5,0.097,-0.074,0,0,97,0,0,0,0,1,0,0,377.144,146.673,1.983,-1.522,229.645,250.808,1.193,-2.197,0,0,0,0,269.867,164.677,114,108,-0.355,0.827,-0.02,0.046,56,173.675,97.695,-2.378,-0.773,0,0,0,0,0,0,0,0,4225

Main.js:462 217.638,273.354,298.5,298.5,0.092,-0.07,0,0,96,0,0,0,0,1,0,0,379.128,145.151,1.983,-1.522,230.837,248.611,1.193,-2.197,0,0,0,0,269.51,165.505,115.5,108,-0.357,0.828,-0.022,0.045,55,171.297,96.922,-2.378,-0.773,0,0,0,0,0,0,0,0,4242

Main.js:462 217.726,273.288,298.5,298.5,0.088,-0.067,0,0,95,0,0,0,0,1,0,0,381.111,143.629,1.983,-1.522,232.03,246.414,1.193,-2.197,0,0,0,0,269.149,166.334,117,108,-0.361,0.829,-0.023,0.045,54,168.919,96.15,-2.378,-0.773,0,0,0,0,0,0,0,0,4259

Main.js:462 217.809,273.225,298.5,298.5,0.083,-0.063,0,0,94,0,0,0,0,0,0,0,383.094,142.107,1.983,-1.522,233.223,244.217,1.193,-2.197,0,0,0,0,268.783,167.163,118.5,108,-0.366,0.829,-0.024,0.044,53,166.542,95.377,-2.378,-0.773,0,0,0,0,0,0,0,0,4276

Main.js:462 217.888,273.165,298.5,298.5,0.079,-0.06,0,0,93,0,0,0,0,0,0,0,385.078,140.585,1.983,-1.522,234.416,242.02,1.193,-2.197,0,0,0,0,268.412,167.992,120,108,-0.371,0.829,-0.025,0.043,52,164.164,94.605,-2.378,-0.773,0,0,0,0,0,0,0,0,4291

Main.js:462 217.963,273.108,298.5,298.5,0.075,-0.057,0,0,92,0,0,0,0,0,0,0,387.061,139.063,1.983,-1.522,235.609,239.823,1.193,-2.197,0,0,0,0,268.034,168.82,121.5,108,-0.377,0.828,-0.026,0.043,51,161.786,93.832,-2.378,-0.773,0,0,0,0,0,0,0,0,4308

Main.js:462 218.035,273.053,298.5,298.5,0.071,-0.054,0,0,91,0,0,0,0,0,0,0,389.045,137.541,1.983,-1.522,236.802,237.626,1.193,-2.197,0,0,0,0,267.65,169.647,123,108,-0.384,0.826,-0.027,0.042,50,159.409,93.059,-2.378,-0.773,0,0,0,0,0,0,0,0,4325

Main.js:462 218.103,273.002,298.5,298.5,0.068,-0.051,0,0,90,0,0,0,0,1,0,0,391.028,136.02,1.983,-1.522,237.995,235.429,1.193,-2.197,0,0,0,0,267.258,170.471,124.5,108,-0.392,0.824,-0.028,0.041,49,157.031,92.287,-2.378,-0.773,0,0,0,0,0,0,0,0,4342

Main.js:462 218.167,272.953,298.5,298.5,0.064,-0.049,0,0,89,0,0,0,0,1,0,0,393.011,134.498,1.983,-1.522,239.188,233.232,1.193,-2.197,0,0,0,0,266.858,171.293,126,108,-0.4,0.822,-0.029,0.04,48,154.653,91.514,-2.378,-0.773,0,0,0,0,0,0,0,0,4359

Main.js:462 218.228,272.907,298.5,298.5,0.061,-0.046,0,0,88,0,0,0,0,1,0,0,394.995,132.976,1.983,-1.522,240.381,231.035,1.193,-2.197,0,0,0,0,266.448,172.111,127.5,108,-0.409,0.818,-0.03,0.04,47,152.276,90.742,-2.378,-0.773,0,0,0,0,0,0,0,0,4376

Main.js:462 218.287,272.863,298.5,298.5,0.058,-0.044,0,0,87,0,0,0,0,1,0,0,396.978,131.454,1.983,-1.522,241.573,228.838,1.193,-2.197,0,0,0,0,266.03,172.925,129,108,-0.419,0.814,-0.031,0.039,46,149.898,89.969,-2.378,-0.773,0,0,0,0,0,0,0,0,4391

Main.js:462 218.342,272.821,298.5,298.5,0.055,-0.042,0,0,86,0,0,0,0,1,0,0,398.962,129.932,1.983,-1.522,242.766,226.64,1.193,-2.197,0,0,0,0,265.601,173.734,130.5,108,-0.429,0.81,-0.032,0.038,45,147.52,89.197,-2.378,-0.773,0,0,0,0,0,0,0,0,4409

Main.js:462 218.394,272.781,297,297,0.053,-0.04,0,0,85,1,0,0,0,1,0,0,400.945,128.41,1.983,-1.522,243.959,224.443,1.193,-2.197,0,0,0,0,265.162,174.539,132,108,-0.439,0.804,-0.033,0.037,44,145.143,88.424,-2.378,-0.773,0,0,0,0,0,0,0,0,4427

Main.js:462 218.444,272.743,295.5,295.5,0.05,-0.038,0,0,84,1,0,0,0,1,0,0,402.928,126.888,1.983,-1.522,245.152,222.246,1.193,-2.197,0,0,0,0,264.712,175.337,133.5,108,-0.45,0.799,-0.034,0.036,43,142.765,87.652,-2.378,-0.773,0,0,0,0,0,0,0,0,4441

Main.js:462 218.492,272.707,294,294,0.047,-0.036,0,0,83,1,0,0,0,0,0,0,404.912,125.366,1.983,-1.522,246.345,220.049,1.193,-2.197,0,0,0,0,264.251,176.13,135,108,-0.461,0.792,-0.035,0.035,42,140.388,86.879,-2.378,-0.773,0,0,0,0,0,0,0,0,4459

Main.js:462 218.537,272.673,292.5,292.5,0.045,-0.034,0,0,82,1,0,0,0,0,0,0,406.895,123.844,1.983,-1.522,247.538,217.852,1.193,-2.197,0,0,0,0,263.779,176.915,136.5,108,-0.472,0.785,-0.036,0.034,41,138.01,86.107,-2.378,-0.773,0,0,0,0,0,0,0,0,4475

Main.js:462 218.579,272.64,291,291,0.043,-0.032,0,0,81,1,0,0,0,0,0,0,408.878,122.322,1.983,-1.522,248.731,215.655,1.193,-2.197,0,0,0,0,263.295,177.693,138,108,-0.484,0.778,-0.037,0.033,40,135.632,85.334,-2.378,-0.773,0,0,0,0,0,0,0,0,4491

Main.js:462 218.62,272.61,291,291,0.041,-0.031,0,0,80,0,0,0,0,0,0,0,410.862,120.8,1.983,-1.522,249.924,213.458,1.193,-2.197,0,0,0,0,262.799,178.463,139.5,108,-0.496,0.77,-0.038,0.032,39,133.255,84.561,-2.378,-0.773,0,0,0,0,0,0,0,0,4508

Main.js:462 218.659,272.58,291,291,0.039,-0.029,0,0,79,0,0,0,0,1,0,0,412.845,119.279,1.983,-1.522,251.117,211.261,1.193,-2.197,0,0,0,0,262.292,179.225,139.5,106.5,-0.507,0.762,-0.038,0.032,38,130.877,83.789,-2.378,-0.773,0,0,0,0,0,0,0,0,4526

Main.js:462 218.695,272.553,291,291,0.037,-0.028,0,0,78,0,0,0,0,1,0,0,414.829,117.757,1.983,-1.522,252.31,209.064,1.193,-2.197,0,0,0,0,261.774,179.98,139.5,105,-0.518,0.755,-0.038,0.032,37,128.499,83.016,-2.378,-0.773,0,0,0,0,0,0,0,0,4541

Main.js:462 218.73,272.526,291,291,0.035,-0.026,0,0,77,0,0,0,0,1,0,0,416.812,116.235,1.983,-1.522,253.502,206.867,1.193,-2.197,0,0,0,0,261.246,180.728,139.5,103.5,-0.528,0.748,-0.038,0.032,36,126.122,82.244,-2.378,-0.773,0,0,0,0,0,0,0,0,4591

Main.js:462 218.763,272.501,291,291,0.033,-0.025,0,0,76,0,0,0,0,1,0,0,418.795,114.713,1.983,-1.522,254.695,204.67,1.193,-2.197,0,0,0,0,260.708,181.469,139.5,102,-0.538,0.741,-0.038,0.032,35,123.744,81.471,-2.378,-0.773,0,0,0,0,0,0,0,0,4609

Main.js:462 218.795,272.477,291,291,0.031,-0.024,0,0,75,0,0,0,0,1,0,0,420.779,113.191,1.983,-1.522,255.888,202.473,1.193,-2.197,0,0,0,0,260.161,182.204,139.5,100.5,-0.547,0.735,-0.038,0.032,34,121.366,80.699,-2.378,-0.773,0,0,0,0,0,0,0,0,4624

Main.js:462 218.825,272.455,291,291,0.03,-0.023,0,0,74,0,0,0,0,0,0,0,422.762,111.669,1.983,-1.522,257.081,200.276,1.193,-2.197,0,0,0,0,259.605,182.934,139.5,99,-0.556,0.729,-0.038,0.032,33,118.989,79.926,-2.378,-0.773,0,0,0,0,0,0,0,0,4642

Main.js:462 218.853,272.433,291,291,0.028,-0.022,0,0,73,0,0,0,0,0,0,0,424.746,110.147,1.983,-1.522,258.274,198.079,1.193,-2.197,0,0,0,0,259.041,183.657,139.5,97.5,-0.564,0.724,-0.038,0.032,32,116.611,79.154,-2.378,-0.773,0,0,0,0,0,0,0,0,4659

Main.js:462 218.88,272.413,291,291,0.027,-0.02,0,0,72,0,0,0,0,0,0,0,424.746,110.147,1.983,-1.522,258.274,198.079,1.193,-2.197,0,0,0,0,258.469,184.376,139.5,96,-0.572,0.718,-0.038,0.032,31,114.233,78.381,-2.378,-0.773,0,0,0,0,0,0,0,0,4674

