Main.js:143 myTank.x,myTank.y,myTank.rotation,myTank.cannonRotation,myTank.velocityX,myTank.velocityY,myTank.accelerationX,myTank.accelerationY,myTank.shootCooldown,myTank.controls.turnLeft,myTank.controls.turnRight,myTank.controls.goForward,myTank.controls.goBack,myTank.controls.shoot,myTank.controls.cannonLeft,myTank.controls.cannonRight,myBullet1.x,myBullet1.y,myBullet1.velocityX,myBullet1.velocityY,myBullet2.x,myBullet2.y,myBullet2.velocityX,myBullet2.velocityY,myBullet3.x,myBullet3.y,myBullet3.velocityX,myBullet3.velocityY,enemyTank.x,enemyTank.y,enemyTank.rotation,enemyTank.cannonRotation,enemyTank.velocityX,enemyTank.velocityY,enemyTank.accelerationX,enemyTank.accelerationY,enemyTank.shootCooldown,enemyBullet1.x,enemyBullet1.y,enemyBullet1.velocityX,enemyBullet1.velocityY,enemyBullet2.x,enemyBullet2.y,enemyBullet2.velocityX,enemyBullet2.velocityY,enemyBullet3.x,enemyBullet3.y,enemyBullet3.velocityX,enemyBullet3.velocityY,currentGameTime
Main.js:462 50,432,0,0,0,0,0,0,0,0,0,0,0,0,0,0,0,0,0,0,0,0,0,0,0,0,0,0,450,68,180,180,0,0,0,0,0,0,0,0,0,0,0,0,0,0,0,0,0,5

Main.js:462 50,432,0,0,0,0,0,0,0,0,0,0,0,0,0,0,0,0,0,0,0,0,0,0,0,0,0,0,450,68,180,180,0,0,0,0,0,0,0,0,0,0,0,0,0,0,0,0,0,31

Main.js:462 50,432,0,0,0,0,0,0,0,0,0,0,0,0,0,0,0,0,0,0,0,0,0,0,0,0,0,0,450,68,180,180,0,0,0,0,0,0,0,0,0,0,0,0,0,0,0,0,0,47

Main.js:462 50,432,0,0,0,0,0,0,0,0,0,0,0,0,0,0,0,0,0,0,0,0,0,0,0,0,0,0,449.953,67.999,181.5,180,-0.047,-0.001,-0.05,-0.001,99,0,0,0,0,0,0,0,0,0,0,0,0,63

Main.js:462 50,432,0,0,0,0,0,0,0,0,0,0,0,0,0,0,0,0,0,0,0,0,0,0,0,0,0,0,449.86,67.995,183,180,-0.093,-0.004,-0.05,-0.003,98,426.5,68,-2.5,0,0,0,0,0,0,0,0,0,81

Main.js:462 50,432,0,0,0,0,0,0,0,0,0,0,0,0,0,0,0,0,0,0,0,0,0,0,0,0,0,0,449.725,67.988,184.5,180,-0.135,-0.007,-0.05,-0.004,97,424,68,-2.5,0,0,0,0,0,0,0,0,0,97

Main.js:462 50,432,0,0,0,0,0,0,0,0,0,0,0,0,0,0,0,0,0,0,0,0,0,0,0,0,0,0,449.549,67.976,186,180,-0.176,-0.012,-0.05,-0.005,96,421.5,68,-2.5,0,0,0,0,0,0,0,0,0,115

Main.js:462 50,432,0,0,0,0,0,0,0,0,0,0,0,0,0,0,0,0,0,0,0,0,0,0,0,0,0,0,449.335,67.959,187.5,180,-0.214,-0.017,-0.05,-0.007,95,419,68,-2.5,0,0,0,0,0,0,0,0,0,132

Main.js:462 50,432,0,0,0,0,0,0,0,0,0,0,0,0,0,0,0,0,0,0,0,0,0,0,0,0,0,0,449.085,67.935,189,180,-0.25,-0.024,-0.049,-0.008,94,416.5,68,-2.5,0,0,0,0,0,0,0,0,0,146

Main.js:462 50,432,0,0,0,0,0,0,0,0,0,0,0,0,0,0,0,0,0,0,0,0,0,0,0,0,0,0,448.8,67.903,190.5,180,-0.284,-0.031,-0.049,-0.009,93,414,68,-2.5,0,0,0,0,0,0,0,0,0,163

Main.js:462 50,432,0,0,0,0,0,0,0,0,0,0,0,0,0,0,0,0,0,0,0,0,0,0,0,0,0,0,448.483,67.863,192,180,-0.317,-0.04,-0.049,-0.01,92,411.5,68,-2.5,0,0,0,0,0,0,0,0,0,180

Main.js:462 50,432,0,0,0,0,0,0,0,0,0,0,0,0,0,0,0,0,0,0,0,0,0,0,0,0,0,0,448.136,67.815,193.5,180,-0.347,-0.049,-0.049,-0.012,91,409,68,-2.5,0,0,0,0,0,0,0,0,0,198

Main.js:462 50,432,0,0,0,0,0,0,0,0,0,0,0,0,0,0,0,0,0,0,0,0,0,0,0,0,0,0,447.761,67.756,195,180,-0.376,-0.059,-0.048,-0.013,90,406.5,68,-2.5,0,0,0,0,0,0,0,0,0,215

Main.js:462 50,432,0,0,0,0,0,0,0,0,0,0,0,0,0,0,0,0,0,0,0,0,0,0,0,0,0,0,447.359,67.687,196.5,180,-0.402,-0.069,-0.048,-0.014,89,404,68,-2.5,0,0,0,0,0,0,0,0,0,232

Main.js:462 50,432,0,0,0,0,0,0,0,0,0,0,0,0,0,0,0,0,0,0,0,0,0,0,0,0,0,0,446.931,67.606,198,180,-0.427,-0.08,-0.048,-0.015,88,401.5,68,-2.5,0,0,0,0,0,0,0,0,0,249

Main.js:462 50,432,0,0,0,0,0,0,0,0,0,0,0,0,0,0,0,0,0,0,0,0,0,0,0,0,0,0,446.48,67.514,199.5,180,-0.451,-0.092,-0.047,-0.017,87,399,68,-2.5,0,0,0,0,0,0,0,0,0,264

Main.js:462 50.048,432,0,0,0.048,0,0.05,0,0,0,0,1,0,0,0,0,0,0,0,0,0,0,0,0,0,0,0,0,446.008,67.409,201,180,-0.473,-0.105,-0.047,-0.018,86,396.5,68,-2.5,0,0,0,0,0,0,0,0,0,281

Main.js:462 50.14,432,0,0,0.093,0,0.05,0,0,0,0,1,0,0,0,0,0,0,0,0,0,0,0,0,0,0,0,0,445.515,67.292,202.5,180,-0.493,-0.118,-0.046,-0.019,85,394,68,-2.5,0,0,0,0,0,0,0,0,0,330

Main.js:462 50.276,432,0,0,0.135,0,0.05,0,0,0,0,1,0,0,0,0,0,0,0,0,0,0,0,0,0,0,0,0,445.003,67.16,204,180,-0.512,-0.131,-0.046,-0.02,84,391.5,68,-2.5,0,0,0,0,0,0,0,0,0,347

Main.js:462 50.452,432,0,0,0.176,0,0.05,0,0,0,0,1,0,0,0,0,0,0,0,0,0,0,0,0,0,0,0,0,444.474,67.015,205.5,180,-0.529,-0.145,-0.045,-0.022,83,389,68,-2.5,0,0,0,0,0,0,0,0,0,363

Main.js:462 50.667,432,0,0,0.215,0,0.05,0,0,0,0,1,0,0,0,0,0,0,0,0,0,0,0,0,0,0,0,0,443.93,66.856,207,180,-0.545,-0.159,-0.045,-0.023,82,386.5,68,-2.5,0,0,0,0,0,0,0,0,0,379

Main.js:462 50.918,432,0,0,0.252,0,0.05,0,0,0,0,1,0,0,0,0,0,0,0,0,0,0,0,0,0,0,0,0,443.37,66.682,208.5,180,-0.559,-0.174,-0.044,-0.024,81,384,68,-2.5,0,0,0,0,0,0,0,0,0,397

Main.js:462 51.205,432,0,0,0.287,0,0.05,0,0,0,0,1,0,0,0,0,0,0,0,0,0,0,0,0,0,0,0,0,442.798,66.493,210,180,-0.572,-0.189,-0.043,-0.025,80,381.5,68,-2.5,0,0,0,0,0,0,0,0,0,413

Main.js:462 51.525,432,0,0,0.32,0,0.05,0,0,0,0,1,0,0,0,0,0,0,0,0,0,0,0,0,0,0,0,0,442.213,66.289,211.5,180,-0.584,-0.204,-0.043,-0.026,79,379,68,-2.5,0,0,0,0,0,0,0,0,0,431

Main.js:462 51.876,432,0,0,0.351,0,0.05,0,0,0,0,1,0,0,0,0,0,0,0,0,0,0,0,0,0,0,0,0,441.618,66.069,213,180,-0.595,-0.22,-0.042,-0.027,78,376.5,68,-2.5,0,0,0,0,0,0,0,0,0,447

Main.js:462 52.257,432,0,0,0.381,0,0.05,0,0,0,0,1,0,0,0,0,0,0,0,0,0,0,0,0,0,0,0,0,441.014,65.833,214.5,180,-0.604,-0.236,-0.041,-0.028,77,374,68,-2.5,0,0,0,0,0,0,0,0,0,464

Main.js:462 52.667,432,0,0,0.41,0,0.05,0,0,0,0,1,0,0,0,0,0,0,0,0,0,0,0,0,0,0,0,0,440.402,65.581,216,180,-0.613,-0.252,-0.04,-0.029,76,371.5,68,-2.5,0,0,0,0,0,0,0,0,0,480

Main.js:462 53.103,431.999,358.5,358.5,0.437,-0.001,0.05,-0.001,0,1,0,1,0,0,0,0,0,0,0,0,0,0,0,0,0,0,0,0,439.782,65.312,217.5,180,-0.62,-0.268,-0.04,-0.03,75,369,68,-2.5,0,0,0,0,0,0,0,0,0,497

Main.js:462 53.566,431.995,357,357,0.462,-0.004,0.05,-0.003,0,1,0,1,0,0,0,0,0,0,0,0,0,0,0,0,0,0,0,0,439.156,65.027,219,180,-0.626,-0.285,-0.039,-0.031,74,366.5,68,-2.5,0,0,0,0,0,0,0,0,0,513

Main.js:462 54.052,431.988,355.5,355.5,0.486,-0.007,0.05,-0.004,0,1,0,1,0,0,0,0,0,0,0,0,0,0,0,0,0,0,0,0,438.525,64.727,219,178.5,-0.631,-0.301,-0.039,-0.031,73,364,68,-2.5,0,0,0,0,0,0,0,0,0,530

Main.js:462 54.562,431.976,354,354,0.509,-0.012,0.05,-0.005,0,1,0,1,0,0,0,0,0,0,0,0,0,0,0,0,0,0,0,0,437.889,64.411,219,177,-0.637,-0.315,-0.039,-0.031,72,361.5,68,-2.5,0,0,0,0,0,0,0,0,0,546

Main.js:462 55.093,431.959,352.5,352.5,0.531,-0.017,0.05,-0.007,0,1,0,1,0,0,0,0,0,0,0,0,0,0,0,0,0,0,0,0,437.247,64.082,219,175.5,-0.642,-0.33,-0.039,-0.031,71,359,68,-2.5,0,0,0,0,0,0,0,0,0,564

Main.js:462 55.644,431.935,351,351,0.551,-0.024,0.049,-0.008,0,1,0,1,0,0,0,0,0,0,0,0,0,0,0,0,0,0,0,0,436.601,63.739,219,174,-0.646,-0.343,-0.039,-0.031,70,356.5,68,-2.5,0,0,0,0,0,0,0,0,0,582

Main.js:462 56.215,431.903,349.5,349.5,0.571,-0.031,0.049,-0.009,0,1,0,1,0,0,0,0,0,0,0,0,0,0,0,0,0,0,0,0,435.949,63.383,219,172.5,-0.651,-0.356,-0.039,-0.031,69,354,68,-2.5,0,0,0,0,0,0,0,0,0,598

Main.js:462 56.803,431.863,348,348,0.588,-0.04,0.049,-0.01,0,1,0,1,0,0,0,0,0,0,0,0,0,0,0,0,0,0,0,0,435.294,63.016,219,171,-0.655,-0.368,-0.039,-0.031,68,351.5,68,-2.5,0,0,0,0,0,0,0,0,0,614

Main.js:462 57.408,431.815,346.5,346.5,0.605,-0.049,0.049,-0.012,0,1,0,1,0,0,0,0,0,0,0,0,0,0,0,0,0,0,0,0,434.634,62.636,219,169.5,-0.66,-0.379,-0.039,-0.031,67,349,68,-2.5,0,0,0,0,0,0,0,0,0,632

Main.js:462 58.029,431.756,345,345,0.621,-0.059,0.048,-0.013,0,1,0,1,0,0,0,0,0,0,0,0,0,0,0,0,0,0,0,0,433.971,62.246,219,168,-0.663,-0.39,-0.039,-0.031,66,346.5,68,-2.5,0,0,0,0,0,0,0,0,0,647

Main.js:462 58.665,431.688,345,345,0.636,-0.068,0.048,-0.013,0,0,0,1,0,0,0,0,0,0,0,0,0,0,0,0,0,0,0,0,433.304,61.845,219,166.5,-0.667,-0.401,-0.039,-0.031,65,344,68,-2.5,0,0,0,0,0,0,0,0,0,665

Main.js:462 59.315,431.611,345,345,0.65,-0.077,0.048,-0.013,0,0,0,1,0,0,0,0,0,0,0,0,0,0,0,0,0,0,0,0,432.633,61.435,219,165,-0.671,-0.41,-0.039,-0.031,64,341.5,68,-2.5,0,0,0,0,0,0,0,0,0,680

Main.js:462 59.978,431.526,345,345,0.663,-0.085,0.048,-0.013,0,0,0,1,0,0,0,0,0,0,0,0,0,0,0,0,0,0,0,0,431.959,61.015,219,163.5,-0.674,-0.42,-0.039,-0.031,63,339,68,-2.5,0,0,0,0,0,0,0,0,0,697

Main.js:462 60.654,431.432,345,345,0.676,-0.093,0.048,-0.013,0,0,0,1,0,0,0,0,0,0,0,0,0,0,0,0,0,0,0,0,431.281,60.586,219,162,-0.677,-0.429,-0.039,-0.031,62,336.5,68,-2.5,0,0,0,0,0,0,0,0,0,714

Main.js:462 61.342,431.331,345,345,0.688,-0.101,0.048,-0.013,0,0,0,1,0,0,0,0,0,0,0,0,0,0,0,0,0,0,0,0,430.601,60.149,219,160.5,-0.68,-0.437,-0.039,-0.031,61,334,68,-2.5,0,0,0,0,0,0,0,0,0,732

Main.js:462 62.041,431.223,345,345,0.699,-0.108,0.048,-0.013,0,0,0,1,0,0,0,0,0,0,0,0,0,0,0,0,0,0,0,0,429.918,59.704,219,159,-0.683,-0.445,-0.039,-0.031,60,331.5,68,-2.5,0,0,0,0,0,0,0,0,0,747

Main.js:462 62.751,431.108,345,345,0.71,-0.115,0.048,-0.013,0,0,0,1,0,0,0,0,0,0,0,0,0,0,0,0,0,0,0,0,429.232,59.251,219,157.5,-0.686,-0.453,-0.039,-0.031,59,329,68,-2.5,0,0,0,0,0,0,0,0,0,765

Main.js:462 63.472,430.986,345,345,0.721,-0.122,0.048,-0.013,0,0,0,1,0,0,0,0,0,0,0,0,0,0,0,0,0,0,0,0,428.543,58.791,219,156,-0.689,-0.46,-0.039,-0.031,58,326.5,68,-2.5,0,0,0,0,0,0,0,0,0,780

Main.js:462 64.203,430.858,345,345,0.731,-0.128,0.048,-0.013,0,0,0,1,0,0,0,0,0,0,0,0,0,0,0,0,0,0,0,0,427.852,58.324,219,154.5,-0.691,-0.467,-0.039,-0.031,57,324,68,-2.5,0,0,0,0,0,0,0,0,0,797

Main.js:462 64.943,430.724,345,345,0.74,-0.134,0.048,-0.013,0,0,0,1,0,0,0,0,0,0,0,0,0,0,0,0,0,0,0,0,427.158,57.851,219,153,-0.694,-0.474,-0.039,-0.031,56,321.5,68,-2.5,0,0,0,0,0,0,0,0,0,814

Main.js:462 65.692,430.585,345,345,0.749,-0.139,0.048,-0.013,0,0,0,1,0,0,0,0,0,0,0,0,0,0,0,0,0,0,0,0,426.463,57.371,219,151.5,-0.696,-0.48,-0.039,-0.031,55,319,68,-2.5,0,0,0,0,0,0,0,0,0,830

Main.js:462 66.449,430.44,345,345,0.757,-0.145,0.048,-0.013,0,0,0,1,0,0,0,0,0,0,0,0,0,0,0,0,0,0,0,0,425.765,56.885,219,150,-0.698,-0.486,-0.039,-0.031,54,316.5,68,-2.5,0,0,0,0,0,0,0,0,0,847

Main.js:462 67.214,430.29,345,345,0.765,-0.15,0.048,-0.013,0,0,0,1,0,0,0,0,0,0,0,0,0,0,0,0,0,0,0,0,425.065,56.394,219,148.5,-0.7,-0.491,-0.039,-0.031,53,314,68,-2.5,0,0,0,0,0,0,0,0,0,864

Main.js:462 67.987,430.134,343.5,343.5,0.773,-0.156,0.048,-0.014,0,1,0,1,0,0,0,0,0,0,0,0,0,0,0,0,0,0,0,0,424.363,55.897,219,147,-0.702,-0.497,-0.039,-0.031,52,311.5,68,-2.5,0,0,0,0,0,0,0,0,0,880

Main.js:462 68.766,429.972,342,342,0.779,-0.163,0.048,-0.015,0,1,0,1,0,0,0,0,0,0,0,0,0,0,0,0,0,0,0,0,423.659,55.396,219,145.5,-0.704,-0.502,-0.039,-0.031,51,309,68,-2.5,0,0,0,0,0,0,0,0,0,898

Main.js:462 69.551,429.801,340.5,340.5,0.785,-0.17,0.047,-0.017,0,1,0,1,0,0,0,0,0,0,0,0,0,0,0,0,0,0,0,0,422.954,54.889,219,144,-0.705,-0.506,-0.039,-0.031,50,306.5,68,-2.5,0,0,0,0,0,0,0,0,0,915

Main.js:462 70.341,429.622,339,339,0.79,-0.179,0.047,-0.018,0,1,0,1,0,0,0,0,0,0,0,0,0,0,0,0,0,0,0,0,422.247,54.378,219,142.5,-0.707,-0.511,-0.039,-0.031,49,304,68,-2.5,0,0,0,0,0,0,0,0,0,931

Main.js:462 71.135,429.434,337.5,337.5,0.794,-0.188,0.046,-0.019,0,1,0,1,0,0,0,0,0,0,0,0,0,0,0,0,0,0,0,0,421.538,53.863,219,141,-0.709,-0.515,-0.039,-0.031,48,301.5,68,-2.5,0,0,0,0,0,0,0,0,0,947

Main.js:462 71.933,429.236,336,336,0.798,-0.198,0.046,-0.02,0,1,0,1,0,0,0,0,0,0,0,0,0,0,0,0,0,0,0,0,420.828,53.343,219,139.5,-0.71,-0.52,-0.039,-0.031,47,299,68,-2.5,0,0,0,0,0,0,0,0,0,963

Main.js:462 72.734,429.028,334.5,334.5,0.801,-0.209,0.045,-0.022,0,1,0,1,0,0,0,0,0,0,0,0,0,0,0,0,0,0,0,0,420.117,52.82,219,138,-0.711,-0.523,-0.039,-0.031,46,296.5,68,-2.5,0,0,0,0,0,0,0,0,0,981

Main.js:462 73.538,428.808,333,333,0.803,-0.22,0.045,-0.023,99,1,0,1,0,1,0,0,0,0,0,0,0,0,0,0,0,0,0,0,419.404,52.293,219,136.5,-0.713,-0.527,-0.039,-0.031,45,294,68,-2.5,0,0,0,0,0,0,0,0,0,1001

Main.js:462 74.342,428.577,331.5,331.5,0.805,-0.231,0.044,-0.024,98,1,0,1,0,1,0,0,93.673,418.359,2.228,-1.135,0,0,0,0,0,0,0,0,418.689,51.763,217.5,133.5,-0.715,-0.53,-0.04,-0.03,44,291.5,68,-2.5,0,0,0,0,0,0,0,0,0,1014

Main.js:462 75.148,428.333,330,330,0.806,-0.244,0.043,-0.025,97,1,0,1,0,1,0,0,95.9,417.224,2.228,-1.135,0,0,0,0,0,0,0,0,417.972,51.232,216,130.5,-0.718,-0.531,-0.04,-0.029,43,289,68,-2.5,0,0,0,0,0,0,0,0,0,1030

Main.js:462 75.955,428.078,330,330,0.807,-0.255,0.043,-0.025,96,0,0,1,0,1,0,0,98.128,416.089,2.228,-1.135,0,0,0,0,0,0,0,0,417.251,50.7,214.5,127.5,-0.721,-0.531,-0.041,-0.028,42,286.5,68,-2.5,0,0,0,0,0,0,0,0,0,1046

Main.js:462 76.762,427.812,330,330,0.807,-0.266,0.043,-0.025,95,0,0,1,0,1,0,0,100.355,414.954,2.228,-1.135,0,0,0,0,0,0,0,0,416.526,50.17,213,124.5,-0.725,-0.531,-0.042,-0.027,41,284,68,-2.5,0,0,0,0,0,0,0,0,0,1063

Main.js:462 77.57,427.535,330,330,0.808,-0.277,0.043,-0.025,94,0,0,1,0,1,0,0,102.583,413.819,2.228,-1.135,0,0,0,0,0,0,0,0,415.797,49.64,211.5,121.5,-0.729,-0.529,-0.043,-0.026,40,281.5,68,-2.5,0,0,0,0,0,0,0,0,0,1080

Main.js:462 78.379,427.249,330,330,0.809,-0.287,0.043,-0.025,93,0,0,1,0,0,0,0,104.81,412.684,2.228,-1.135,0,0,0,0,0,0,0,0,415.064,49.114,210,118.5,-0.734,-0.526,-0.043,-0.025,39,279,68,-2.5,0,0,0,0,0,0,0,0,0,1099

Main.js:462 79.189,426.953,330,330,0.81,-0.296,0.043,-0.025,92,0,0,1,0,0,0,0,107.038,411.549,2.228,-1.135,0,0,0,0,0,0,0,0,414.325,48.591,208.5,115.5,-0.739,-0.523,-0.044,-0.024,38,276.5,68,-2.5,0,0,0,0,0,0,0,0,0,1114

Main.js:462 79.999,426.648,330,330,0.81,-0.305,0.043,-0.025,91,0,0,1,0,0,0,0,109.265,410.414,2.228,-1.135,0,0,0,0,0,0,0,0,413.581,48.073,207,112.5,-0.744,-0.518,-0.045,-0.023,37,274,68,-2.5,0,0,0,0,0,0,0,0,0,1130

Main.js:462 80.81,426.334,330,330,0.811,-0.313,0.043,-0.025,90,0,0,1,0,0,0,0,111.493,409.279,2.228,-1.135,0,0,0,0,0,0,0,0,412.831,47.561,205.5,109.5,-0.75,-0.513,-0.045,-0.022,36,271.5,68,-2.5,0,0,0,0,0,0,0,0,0,1147

Main.js:462 81.622,426.013,330,330,0.811,-0.321,0.043,-0.025,89,0,0,1,0,1,0,0,113.72,408.144,2.228,-1.135,0,0,0,0,0,0,0,0,412.076,47.054,204,106.5,-0.756,-0.506,-0.046,-0.02,35,269,68,-2.5,0,0,0,0,0,0,0,0,0,1163

Main.js:462 82.434,425.684,330,330,0.812,-0.329,0.043,-0.025,88,0,0,1,0,1,0,0,115.948,407.009,2.228,-1.135,0,0,0,0,0,0,0,0,411.314,46.555,202.5,103.5,-0.762,-0.499,-0.046,-0.019,34,266.5,68,-2.5,0,0,0,0,0,0,0,0,0,1180

Main.js:462 83.246,425.347,330,330,0.813,-0.336,0.043,-0.025,87,0,0,1,0,1,0,0,118.176,405.874,2.228,-1.135,0,0,0,0,0,0,0,0,410.546,46.064,201,100.5,-0.768,-0.491,-0.047,-0.018,33,264,68,-2.5,0,0,0,0,0,0,0,0,0,1198

Main.js:462 84.059,425.004,330,330,0.813,-0.343,0.043,-0.025,86,0,0,1,0,1,0,0,120.403,404.739,2.228,-1.135,0,0,0,0,0,0,0,0,409.772,45.581,199.5,97.5,-0.774,-0.483,-0.047,-0.017,32,261.5,68,-2.5,0,0,0,0,0,0,0,0,0,1214

Main.js:462 84.873,424.654,330,330,0.814,-0.35,0.043,-0.025,85,0,0,1,0,1,0,0,122.631,403.604,2.228,-1.135,0,0,0,0,0,0,0,0,408.991,45.108,198,94.5,-0.781,-0.473,-0.048,-0.015,31,259,68,-2.5,0,0,0,0,0,0,0,0,0,1230

Main.js:462 85.687,424.298,330,330,0.814,-0.356,0.043,-0.025,84,0,0,1,0,1,0,0,124.858,402.469,2.228,-1.135,0,0,0,0,0,0,0,0,408.204,44.645,196.5,91.5,-0.787,-0.463,-0.048,-0.014,30,256.5,68,-2.5,0,0,0,0,0,0,0,0,0,1247

Main.js:462 86.501,423.936,330,330,0.814,-0.362,0.043,-0.025,83,0,0,1,0,0,0,0,127.086,401.334,2.228,-1.135,0,0,0,0,0,0,0,0,407.41,44.193,195,88.5,-0.794,-0.452,-0.048,-0.013,29,254,68,-2.5,0,0,0,0,0,0,0,0,0,1266

Main.js:462 87.316,423.568,330,330,0.815,-0.368,0.043,-0.025,82,0,0,1,0,0,0,0,129.313,400.199,2.228,-1.135,0,0,0,0,0,0,0,0,406.609,43.752,193.5,85.5,-0.8,-0.441,-0.049,-0.012,28,251.5,68,-2.5,0,0,0,0,0,0,0,0,0,1280

Main.js:462 88.132,423.195,330,330,0.815,-0.373,0.043,-0.025,81,0,0,1,0,0,0,0,131.541,399.064,2.228,-1.135,0,0,0,0,0,0,0,0,405.803,43.324,192,82.5,-0.807,-0.428,-0.049,-0.01,27,249,68,-2.5,0,0,0,0,0,0,0,0,0,1298

Main.js:462 88.947,422.816,330,330,0.816,-0.378,0.043,-0.025,80,0,0,1,0,0,0,0,133.768,397.929,2.228,-1.135,0,0,0,0,0,0,0,0,404.99,42.908,190.5,79.5,-0.813,-0.416,-0.049,-0.009,26,246.5,68,-2.5,0,0,0,0,0,0,0,0,0,1313

Main.js:462 89.763,422.433,330,330,0.816,-0.383,0.043,-0.025,79,0,0,1,0,0,0,0,135.996,396.794,2.228,-1.135,0,0,0,0,0,0,0,0,404.17,42.506,189,76.5,-0.819,-0.402,-0.049,-0.008,25,244,68,-2.5,0,0,0,0,0,0,0,0,0,1330

Main.js:462 90.58,422.046,330,330,0.816,-0.388,0.043,-0.025,78,0,0,1,0,1,0,0,138.223,395.659,2.228,-1.135,0,0,0,0,0,0,0,0,403.345,42.118,187.5,73.5,-0.826,-0.388,-0.05,-0.007,24,241.5,68,-2.5,0,0,0,0,0,0,0,0,0,1346

Main.js:462 91.396,421.654,330,330,0.817,-0.392,0.043,-0.025,77,0,0,1,0,1,0,0,140.451,394.524,2.228,-1.135,0,0,0,0,0,0,0,0,402.513,41.744,186,70.5,-0.831,-0.374,-0.05,-0.005,23,239,68,-2.5,0,0,0,0,0,0,0,0,0,1367

Main.js:462 92.213,421.257,330,330,0.817,-0.396,0.043,-0.025,76,0,0,1,0,1,0,0,142.678,393.389,2.228,-1.135,0,0,0,0,0,0,0,0,401.676,41.385,184.5,67.5,-0.837,-0.359,-0.05,-0.004,22,236.5,68,-2.5,0,0,0,0,0,0,0,0,0,1380

Main.js:462 93.03,420.857,330,330,0.817,-0.4,0.043,-0.025,75,0,0,1,0,1,0,0,144.906,392.254,2.228,-1.135,0,0,0,0,0,0,0,0,400.833,41.041,183,64.5,-0.843,-0.344,-0.05,-0.003,21,234,68,-2.5,0,0,0,0,0,0,0,0,0,1397

Main.js:462 93.848,420.453,330,330,0.818,-0.404,0.043,-0.025,74,0,0,1,0,1,0,0,147.133,391.12,2.228,-1.135,0,0,0,0,0,0,0,0,399.985,40.714,181.5,61.5,-0.848,-0.328,-0.05,-0.001,20,231.5,68,-2.5,0,0,0,0,0,0,0,0,0,1412

Main.js:462 94.666,420.046,330,330,0.818,-0.407,0.043,-0.025,73,0,0,1,0,0,0,0,149.361,389.985,2.228,-1.135,0,0,0,0,0,0,0,0,399.132,40.402,180,58.5,-0.853,-0.311,-0.05,0,19,229,68,-2.5,0,0,0,0,0,0,0,0,0,1431

Main.js:462 95.484,419.635,330,330,0.818,-0.411,0.043,-0.025,72,0,0,1,0,0,0,0,151.588,388.85,2.228,-1.135,0,0,0,0,0,0,0,0,398.273,40.108,178.5,55.5,-0.858,-0.294,-0.05,0.001,18,226.5,68,-2.5,0,0,0,0,0,0,0,0,0,1447

Main.js:462 96.301,419.22,328.5,328.5,0.818,-0.415,0.043,-0.026,71,1,0,1,0,0,0,0,153.816,387.715,2.228,-1.135,0,0,0,0,0,0,0,0,397.411,39.831,177,52.5,-0.863,-0.277,-0.05,0.003,17,224,68,-2.5,0,0,0,0,0,0,0,0,0,1463

Main.js:462 97.118,418.8,327,327,0.817,-0.42,0.042,-0.027,70,1,0,1,0,0,0,0,156.043,386.58,2.228,-1.135,0,0,0,0,0,0,0,0,396.544,39.571,175.5,49.5,-0.867,-0.26,-0.05,0.004,16,221.5,68,-2.5,0,0,0,0,0,0,0,0,0,1481

Main.js:462 97.933,418.374,325.5,325.5,0.815,-0.426,0.041,-0.028,69,1,0,1,0,0,0,0,158.271,385.445,2.228,-1.135,0,0,0,0,0,0,0,0,395.673,39.33,174,46.5,-0.871,-0.242,-0.05,0.005,15,219,68,-2.5,0,0,0,0,0,0,0,0,0,1496

Main.js:462 98.745,417.941,324,324,0.813,-0.433,0.04,-0.029,68,1,0,1,0,1,0,0,160.498,384.31,2.228,-1.135,0,0,0,0,0,0,0,0,394.799,39.106,172.5,43.5,-0.874,-0.223,-0.05,0.007,14,216.5,68,-2.5,0,0,0,0,0,0,0,0,0,1514

Main.js:462 99.555,417.501,322.5,322.5,0.81,-0.44,0.04,-0.03,67,1,0,1,0,1,0,0,162.726,383.175,2.228,-1.135,0,0,0,0,0,0,0,0,393.922,38.901,171,40.5,-0.877,-0.205,-0.049,0.008,13,214,68,-2.5,0,0,0,0,0,0,0,0,0,1531

Main.js:462 100.361,417.053,321,321,0.806,-0.448,0.039,-0.031,66,1,0,1,0,1,0,0,164.953,382.04,2.228,-1.135,0,0,0,0,0,0,0,0,393.041,38.716,169.5,37.5,-0.88,-0.186,-0.049,0.009,12,211.5,68,-2.5,0,0,0,0,0,0,0,0,0,1547

Main.js:462 101.164,416.598,321,321,0.803,-0.455,0.039,-0.031,65,0,0,1,0,1,0,0,167.181,380.905,2.228,-1.135,0,0,0,0,0,0,0,0,392.158,38.549,168,34.5,-0.883,-0.167,-0.049,0.01,11,209,68,-2.5,0,0,0,0,0,0,0,0,0,1564

Main.js:462 101.963,416.135,321,321,0.799,-0.463,0.039,-0.031,64,0,0,1,0,1,0,0,169.408,379.77,2.228,-1.135,0,0,0,0,0,0,0,0,391.274,38.402,166.5,31.5,-0.885,-0.147,-0.049,0.012,10,206.5,68,-2.5,0,0,0,0,0,0,0,0,0,1581

Main.js:462 102.76,415.666,321,321,0.796,-0.469,0.039,-0.031,63,0,0,1,0,1,0,0,171.636,378.635,2.228,-1.135,0,0,0,0,0,0,0,0,390.387,38.274,165,28.5,-0.886,-0.128,-0.048,0.013,9,204,68,-2.5,0,0,0,0,0,0,0,0,0,1597

Main.js:462 103.553,415.19,321,321,0.793,-0.476,0.039,-0.031,62,0,0,1,0,0,0,0,173.863,377.5,2.228,-1.135,0,0,0,0,0,0,0,0,389.499,38.166,163.5,25.5,-0.888,-0.108,-0.048,0.014,8,201.5,68,-2.5,0,0,0,0,0,0,0,0,0,1614

Main.js:462 104.344,414.708,321,321,0.791,-0.482,0.039,-0.031,61,0,0,1,0,0,0,0,176.091,376.365,2.228,-1.135,0,0,0,0,0,0,0,0,388.611,38.078,162,22.5,-0.888,-0.088,-0.048,0.015,7,199,68,-2.5,0,0,0,0,0,0,0,0,0,1630

Main.js:462 105.132,414.221,321,321,0.788,-0.488,0.039,-0.031,60,0,0,1,0,0,0,0,178.318,375.23,2.228,-1.135,0,0,0,0,0,0,0,0,387.722,38.011,160.5,19.5,-0.889,-0.067,-0.047,0.017,6,196.5,68,-2.5,0,0,0,0,0,0,0,0,0,1647

Main.js:462 105.918,413.728,321,321,0.786,-0.493,0.039,-0.031,59,0,0,1,0,0,0,0,180.546,374.095,2.228,-1.135,0,0,0,0,0,0,0,0,386.833,37.964,159,16.5,-0.889,-0.047,-0.047,0.018,5,194,68,-2.5,0,0,0,0,0,0,0,0,0,1663

Main.js:462 106.701,413.229,321,321,0.783,-0.498,0.039,-0.031,58,0,0,1,0,1,0,0,182.773,372.96,2.228,-1.135,0,0,0,0,0,0,0,0,385.945,37.937,157.5,13.5,-0.888,-0.027,-0.046,0.019,4,191.5,68,-2.5,0,0,0,0,0,0,0,0,0,1682

Main.js:462 107.482,412.726,321,321,0.781,-0.503,0.039,-0.031,57,0,0,1,0,1,0,0,185.001,371.825,2.228,-1.135,0,0,0,0,0,0,0,0,385.058,37.932,156,10.5,-0.887,-0.006,-0.046,0.02,3,189,68,-2.5,0,0,0,0,0,0,0,0,0,1698

Main.js:462 108.261,412.218,321,321,0.779,-0.508,0.039,-0.031,56,0,0,1,0,1,0,0,187.229,370.69,2.228,-1.135,0,0,0,0,0,0,0,0,384.172,37.946,154.5,7.5,-0.886,0.015,-0.045,0.022,2,186.5,68,-2.5,0,0,0,0,0,0,0,0,0,1715

Main.js:462 109.038,411.705,321,321,0.777,-0.513,0.039,-0.031,55,0,0,1,0,1,0,0,189.456,369.555,2.228,-1.135,0,0,0,0,0,0,0,0,383.289,37.982,153,4.5,-0.884,0.036,-0.045,0.023,1,184,68,-2.5,0,0,0,0,0,0,0,0,0,1731

Main.js:462 109.813,411.189,321,321,0.775,-0.517,0.039,-0.031,54,0,0,1,0,1,0,0,191.684,368.42,2.228,-1.135,0,0,0,0,0,0,0,0,382.407,38.039,151.5,1.5,-0.881,0.057,-0.044,0.024,0,181.5,68,-2.5,0,0,0,0,0,0,0,0,0,1747

Main.js:462 110.586,410.668,321,321,0.773,-0.521,0.039,-0.031,53,0,0,1,0,1,0,0,193.911,367.285,2.228,-1.135,0,0,0,0,0,0,0,0,381.529,38.116,150,358.5,-0.878,0.077,-0.043,0.025,99,179,68,-2.5,0,0,0,0,0,0,0,0,0,1764

Main.js:462 111.357,410.143,321,321,0.771,-0.525,0.039,-0.031,52,0,0,1,0,0,0,0,196.139,366.15,2.228,-1.135,0,0,0,0,0,0,0,0,380.654,38.215,148.5,355.5,-0.875,0.098,-0.043,0.026,98,176.5,68,-2.5,0,405.899,37.423,2.499,-0.065,0,0,0,0,1781

Main.js:462 112.127,409.615,321,321,0.77,-0.528,0.039,-0.031,51,0,0,1,0,0,0,0,198.366,365.015,2.228,-1.135,0,0,0,0,0,0,0,0,379.783,38.334,147,352.5,-0.871,0.119,-0.042,0.027,97,174,68,-2.5,0,408.399,37.358,2.499,-0.065,0,0,0,0,1802

Main.js:462 112.895,409.083,321,321,0.768,-0.532,0.039,-0.031,50,0,0,1,0,0,0,0,200.594,363.88,2.228,-1.135,0,0,0,0,0,0,0,0,378.917,38.474,145.5,349.5,-0.867,0.14,-0.041,0.028,96,171.5,68,-2.5,0,410.898,37.293,2.499,-0.065,0,0,0,0,1831

Main.js:462 113.661,408.548,321,321,0.767,-0.535,0.039,-0.031,49,0,0,1,0,0,0,0,202.821,362.745,2.228,-1.135,0,0,0,0,0,0,0,0,378.055,38.635,144,346.5,-0.862,0.161,-0.04,0.029,95,169,68,-2.5,0,413.397,37.227,2.499,-0.065,0,0,0,0,1847

Main.js:462 114.427,408.009,321,321,0.765,-0.538,0.039,-0.031,48,0,0,1,0,1,0,0,205.049,361.61,2.228,-1.135,0,0,0,0,0,0,0,0,377.199,38.818,142.5,343.5,-0.856,0.182,-0.04,0.03,94,166.5,68,-2.5,0,415.896,37.162,2.499,-0.065,0,0,0,0,1864

Main.js:462 115.191,407.468,321,321,0.764,-0.541,0.039,-0.031,47,0,0,1,0,1,0,0,207.276,360.475,2.228,-1.135,0,0,0,0,0,0,0,0,376.348,39.02,141,340.5,-0.85,0.203,-0.039,0.031,93,164,68,-2.5,0,418.395,37.096,2.499,-0.065,0,0,0,0,1880

Main.js:462 115.953,406.924,321,321,0.763,-0.544,0.039,-0.031,46,0,0,1,0,1,0,0,209.504,359.34,2.228,-1.135,0,0,0,0,0,0,0,0,375.504,39.244,139.5,337.5,-0.844,0.224,-0.038,0.032,92,161.5,68,-2.5,0,420.894,37.031,2.499,-0.065,0,0,0,0,1897

Main.js:462 116.714,406.377,321,321,0.761,-0.547,0.039,-0.031,45,0,0,1,0,1,0,0,211.731,358.205,2.228,-1.135,0,0,0,0,0,0,0,0,374.667,39.488,138,334.5,-0.837,0.244,-0.037,0.033,91,159,68,-2.5,0,423.393,36.965,2.499,-0.065,0,0,0,0,1913

Main.js:462 117.475,405.828,321,321,0.76,-0.549,0.039,-0.031,44,0,0,1,0,1,0,0,213.959,357.07,2.228,-1.135,0,0,0,0,0,0,0,0,373.837,39.753,136.5,331.5,-0.83,0.265,-0.036,0.034,90,156.5,68,-2.5,0,425.893,36.9,2.499,-0.065,0,0,0,0,1930

Main.js:462 118.234,405.276,321,321,0.759,-0.552,0.039,-0.031,43,0,0,1,0,1,0,0,216.186,355.935,2.228,-1.135,0,0,0,0,0,0,0,0,373.015,40.038,135,328.5,-0.822,0.285,-0.035,0.035,89,154,68,-2.5,0,428.392,36.834,2.499,-0.065,0,0,0,0,1949

Main.js:462 118.992,404.722,321,321,0.758,-0.554,0.039,-0.031,42,0,0,1,0,0,0,0,218.414,354.8,2.228,-1.135,0,0,0,0,0,0,0,0,372.202,40.343,133.5,325.5,-0.813,0.305,-0.034,0.036,88,151.5,68,-2.5,0,430.891,36.769,2.499,-0.065,0,0,0,0,1964

Main.js:462 119.749,404.166,321,321,0.757,-0.556,0.039,-0.031,41,0,0,1,0,0,0,0,220.641,353.665,2.228,-1.135,0,0,0,0,0,0,0,0,371.398,40.668,132,322.5,-0.805,0.325,-0.033,0.037,87,149,68,-2.5,0,433.39,36.704,2.499,-0.065,0,0,0,0,1980

Main.js:462 120.505,403.607,321,321,0.756,-0.558,0.039,-0.031,40,0,0,1,0,0,0,0,222.869,352.53,2.228,-1.135,0,0,0,0,0,0,0,0,370.602,41.013,130.5,319.5,-0.795,0.345,-0.032,0.038,86,146.5,68,-2.5,0,435.889,36.638,2.499,-0.065,0,0,0,0,1998

Main.js:462 121.26,403.047,321,321,0.755,-0.56,0.039,-0.031,39,0,0,1,0,0,0,0,225.096,351.395,2.228,-1.135,0,0,0,0,0,0,0,0,369.817,41.378,129,316.5,-0.785,0.365,-0.031,0.039,85,144,68,-2.5,0,438.388,36.573,2.499,-0.065,0,0,0,0,2015

Main.js:462 122.015,402.485,321,321,0.754,-0.562,0.039,-0.031,38,0,0,1,0,0,0,0,227.324,350.26,2.228,-1.135,0,0,0,0,0,0,0,0,369.04,41.761,130.5,316.5,-0.777,0.383,-0.032,0.038,84,141.5,68,-2.5,0,440.887,36.507,2.499,-0.065,0,0,0,0,2030

Main.js:462 122.768,401.921,321,321,0.754,-0.564,0.039,-0.031,37,0,0,1,0,1,0,0,229.551,349.125,2.228,-1.135,0,0,0,0,0,0,0,0,368.27,42.16,132,316.5,-0.77,0.399,-0.033,0.037,83,139,68,-2.5,0,443.387,36.442,2.499,-0.065,0,0,0,0,2047

Main.js:462 123.521,401.355,321,321,0.753,-0.566,0.039,-0.031,36,0,0,1,0,1,0,0,231.779,347.99,2.228,-1.135,0,0,0,0,0,0,0,0,367.506,42.573,133.5,316.5,-0.764,0.413,-0.034,0.036,82,136.5,68,-2.5,0,445.886,36.376,2.499,-0.065,0,0,0,0,2065

Main.js:462 124.273,400.788,321,321,0.752,-0.567,0.039,-0.031,35,0,0,1,0,1,0,0,234.006,346.855,2.228,-1.135,0,0,0,0,0,0,0,0,366.747,42.999,135,316.5,-0.759,0.426,-0.035,0.035,81,134,68,-2.5,0,448.385,36.311,2.499,-0.065,0,0,0,0,2080

Main.js:462 125.025,400.219,321,321,0.751,-0.569,0.039,-0.031,34,0,0,1,0,1,0,0,236.234,345.72,2.228,-1.135,0,0,0,0,0,0,0,0,365.991,43.437,136.5,316.5,-0.756,0.438,-0.036,0.034,80,131.5,68,-2.5,0,450.884,36.246,2.499,-0.065,0,0,0,0,2097

Main.js:462 125.776,399.649,321,321,0.751,-0.57,0.039,-0.031,33,0,0,1,0,1,0,0,238.461,344.585,2.228,-1.135,0,0,0,0,0,0,0,0,365.238,43.884,138,316.5,-0.753,0.448,-0.037,0.033,79,129,68,-2.5,0,453.383,36.18,2.499,-0.065,0,0,0,0,2114

Main.js:462 126.526,399.077,321,321,0.75,-0.572,0.039,-0.031,32,0,0,1,0,0,0,0,240.689,343.451,2.228,-1.135,0,0,0,0,0,0,0,0,364.486,44.34,139.5,316.5,-0.752,0.456,-0.038,0.032,78,126.5,68,-2.5,0,455.882,36.115,2.499,-0.065,0,0,0,0,2131

Main.js:462 127.275,398.504,321,321,0.75,-0.573,0.039,-0.031,31,0,0,1,0,0,0,0,242.916,342.316,2.228,-1.135,0,0,0,0,0,0,0,0,363.735,44.804,141,316.5,-0.751,0.463,-0.039,0.031,77,124,68,-2.5,0,458.381,36.049,2.499,-0.065,0,0,0,0,2148

Main.js:462 128.024,397.93,321,321,0.749,-0.574,0.039,-0.031,30,0,0,1,0,0,0,0,245.144,341.181,2.228,-1.135,0,0,0,0,0,0,0,0,362.983,45.272,142.5,316.5,-0.751,0.469,-0.04,0.03,76,121.5,68,-2.5,0,460.881,35.984,2.499,-0.065,0,0,0,0,2164

Main.js:462 128.773,397.355,321,321,0.748,-0.575,0.039,-0.031,29,0,0,1,0,0,0,0,247.371,340.046,2.228,-1.135,0,0,0,0,0,0,0,0,362.231,45.746,144,316.5,-0.752,0.473,-0.04,0.029,75,119,68,-2.5,0,463.38,35.918,2.499,-0.065,0,0,0,0,2180

Main.js:462 129.521,396.778,321,321,0.748,-0.576,0.039,-0.031,28,0,0,1,0,0,0,0,249.599,338.911,2.228,-1.135,0,0,0,0,0,0,0,0,361.478,46.222,145.5,316.5,-0.754,0.477,-0.041,0.028,74,116.5,68,-2.5,0,465.879,35.853,2.499,-0.065,0,0,0,0,2198

Main.js:462 130.268,396.201,321,321,0.747,-0.578,0.039,-0.031,27,0,0,1,0,1,0,0,251.827,337.776,2.228,-1.135,0,0,0,0,0,0,0,0,360.722,46.701,147,316.5,-0.756,0.479,-0.042,0.027,73,114,68,-2.5,0,468.378,35.787,2.499,-0.065,0,0,0,0,2214

Main.js:462 131.014,395.621,319.5,319.5,0.746,-0.58,0.038,-0.032,26,1,0,1,0,1,0,0,254.054,336.641,2.228,-1.135,0,0,0,0,0,0,0,0,359.963,47.181,148.5,316.5,-0.759,0.48,-0.043,0.026,72,111.5,68,-2.5,0,470.877,35.722,2.499,-0.065,0,0,0,0,2232

Main.js:462 131.758,395.039,318,318,0.744,-0.582,0.037,-0.033,25,1,0,1,0,1,0,0,256.282,335.506,2.228,-1.135,0,0,0,0,0,0,0,0,359.201,47.66,150,316.5,-0.762,0.479,-0.043,0.025,71,109,68,-2.5,0,473.376,35.657,2.499,-0.065,0,0,0,0,2248

Main.js:462 132.5,394.453,316.5,316.5,0.741,-0.586,0.036,-0.034,24,1,0,1,0,1,0,0,258.509,334.371,2.228,-1.135,0,0,0,0,0,0,0,0,358.436,48.138,151.5,316.5,-0.765,0.478,-0.044,0.024,70,106.5,68,-2.5,0,475.875,35.591,2.499,-0.065,0,0,0,0,2264

Main.js:462 133.238,393.863,315,315,0.738,-0.59,0.035,-0.035,23,1,0,1,0,1,0,0,260.737,333.236,2.228,-1.135,0,0,0,0,0,0,0,0,357.667,48.613,153,316.5,-0.769,0.476,-0.045,0.023,69,104,68,-2.5,0,478.375,35.526,2.499,-0.065,0,0,0,0,2281

Main.js:462 133.972,393.268,315,315,0.735,-0.594,0.035,-0.035,22,0,0,1,0,1,0,0,262.964,332.101,2.228,-1.135,0,0,0,0,0,0,0,0,356.893,49.086,154.5,316.5,-0.774,0.472,-0.045,0.022,68,101.5,68,-2.5,0,480.874,35.46,2.499,-0.065,0,0,0,0,2297

Main.js:462 134.704,392.67,315,315,0.731,-0.598,0.035,-0.035,21,0,0,1,0,0,0,0,265.192,330.966,2.228,-1.135,0,0,0,0,0,0,0,0,356.114,49.554,156,316.5,-0.779,0.468,-0.046,0.02,67,99,68,-2.5,0,483.373,35.395,2.499,-0.065,0,0,0,0,2315

Main.js:462 135.432,392.068,315,315,0.729,-0.602,0.035,-0.035,20,0,0,1,0,0,0,0,267.419,329.831,2.228,-1.135,0,0,0,0,0,0,0,0,355.331,50.017,157.5,316.5,-0.784,0.463,-0.046,0.019,66,96.5,68,-2.5,0,485.872,35.329,2.499,-0.065,0,0,0,0,2331

Main.js:462 136.158,391.463,315,315,0.726,-0.605,0.035,-0.035,19,0,0,1,0,0,0,0,269.647,328.696,2.228,-1.135,0,0,0,0,0,0,0,0,354.542,50.473,159,316.5,-0.789,0.457,-0.047,0.018,65,94,68,-2.5,0,488.371,35.264,2.499,-0.065,0,0,0,0,2348

Main.js:462 136.881,390.854,315,315,0.723,-0.609,0.035,-0.035,18,0,0,1,0,0,0,0,271.874,327.561,2.228,-1.135,0,0,0,0,0,0,0,0,353.748,50.923,160.5,316.5,-0.794,0.45,-0.047,0.017,64,91.5,68,-2.5,0,490.87,35.198,2.499,-0.065,0,0,0,0,2364

Main.js:462 137.602,390.243,315,315,0.72,-0.612,0.035,-0.035,17,0,0,1,0,0,0,0,274.102,326.426,2.228,-1.135,0,0,0,0,0,0,0,0,352.948,51.365,162,316.5,-0.8,0.442,-0.048,0.015,63,89,68,-2.5,0,493.369,35.133,2.499,-0.065,0,0,0,0,2380

Main.js:462 138.32,389.628,315,315,0.718,-0.615,0.035,-0.035,16,0,0,1,0,0,0,0,276.329,325.291,2.228,-1.135,0,0,0,0,0,0,0,0,352.143,51.798,163.5,316.5,-0.805,0.433,-0.048,0.014,62,86.5,68,-2.5,0,495.869,35.068,2.499,-0.065,0,0,0,0,2400

Main.js:462 139.035,389.01,315,315,0.716,-0.618,0.035,-0.035,15,0,0,1,0,1,0,0,278.557,324.156,2.228,-1.135,0,0,0,0,0,0,0,0,351.333,52.222,165,316.5,-0.811,0.424,-0.048,0.013,61,84,68,-2.5,0,498.368,35.002,2.499,-0.065,0,0,0,0,2415

Main.js:462 139.749,388.39,315,315,0.713,-0.62,0.035,-0.035,14,0,0,1,0,1,0,0,280.784,323.021,2.228,-1.135,0,0,0,0,0,0,0,0,350.516,52.636,166.5,316.5,-0.816,0.414,-0.049,0.012,60,81.5,68,-2.5,0,0,0,0,0,0,0,0,0,2431

Main.js:462 140.46,387.767,315,315,0.711,-0.623,0.035,-0.035,13,0,0,1,0,1,0,0,283.012,321.886,2.228,-1.135,0,0,0,0,0,0,0,0,349.694,53.039,168,316.5,-0.822,0.403,-0.049,0.01,59,79,68,-2.5,0,0,0,0,0,0,0,0,0,2449

Main.js:462 141.169,387.142,315,315,0.709,-0.625,0.035,-0.035,12,0,0,1,0,1,0,0,285.239,320.751,2.228,-1.135,0,0,0,0,0,0,0,0,348.867,53.43,169.5,316.5,-0.828,0.392,-0.049,0.009,58,76.5,68,-2.5,0,0,0,0,0,0,0,0,0,2465

Main.js:462 141.877,386.514,315,315,0.708,-0.628,0.035,-0.035,11,0,0,1,0,1,0,0,287.467,319.616,2.228,-1.135,0,0,0,0,0,0,0,0,348.033,53.81,171,316.5,-0.833,0.379,-0.049,0.008,57,74,68,-2.5,0,0,0,0,0,0,0,0,0,2480

Main.js:462 142.583,385.884,315,315,0.706,-0.63,0.035,-0.035,10,0,0,1,0,0,0,0,289.694,318.481,2.228,-1.135,0,0,0,0,0,0,0,0,347.195,54.176,172.5,316.5,-0.839,0.367,-0.05,0.007,56,71.5,68,-2.5,0,0,0,0,0,0,0,0,0,2499

Main.js:462 143.287,385.252,315,315,0.704,-0.632,0.035,-0.035,9,0,0,1,0,0,0,0,291.922,317.346,2.228,-1.135,0,0,0,0,0,0,0,0,346.351,54.53,174,316.5,-0.844,0.353,-0.05,0.005,55,69,68,-2.5,0,0,0,0,0,0,0,0,0,2514

Main.js:462 143.989,384.618,315,315,0.702,-0.634,0.035,-0.035,8,0,0,1,0,0,0,0,294.149,316.211,2.228,-1.135,0,0,0,0,0,0,0,0,345.502,54.87,174,315,-0.849,0.341,-0.05,0.005,54,66.5,68,-2.5,0,0,0,0,0,0,0,0,0,2531

Main.js:462 144.69,383.982,315,315,0.701,-0.636,0.035,-0.035,7,0,0,1,0,0,0,0,296.377,315.076,2.228,-1.135,0,0,0,0,0,0,0,0,344.648,55.199,174,313.5,-0.854,0.328,-0.05,0.005,53,64,68,-2.5,0,0,0,0,0,0,0,0,0,2546

Main.js:462 145.39,383.344,315,315,0.699,-0.638,0.035,-0.035,6,0,0,1,0,0,0,0,298.604,313.941,2.228,-1.135,0,0,0,0,0,0,0,0,343.79,55.516,174,312,-0.858,0.317,-0.05,0.005,52,61.5,68,-2.5,0,0,0,0,0,0,0,0,0,2564

Main.js:462 146.088,382.705,315,315,0.698,-0.639,0.035,-0.035,5,0,0,1,0,0,0,0,300.832,312.806,2.228,-1.135,0,0,0,0,0,0,0,0,342.927,55.822,174,310.5,-0.863,0.306,-0.05,0.005,51,59,68,-2.5,0,0,0,0,0,0,0,0,0,2581

Main.js:462 146.784,382.064,315,315,0.697,-0.641,0.035,-0.035,4,0,0,1,0,1,0,0,303.059,311.671,2.228,-1.135,0,0,0,0,0,0,0,0,342.061,56.117,174,309,-0.867,0.296,-0.05,0.005,50,56.5,68,-2.5,0,0,0,0,0,0,0,0,0,2598

Main.js:462 147.48,381.422,315,315,0.695,-0.643,0.035,-0.035,3,0,0,1,0,1,0,0,305.287,310.536,2.228,-1.135,0,0,0,0,0,0,0,0,341.19,56.403,174,307.5,-0.871,0.286,-0.05,0.005,49,54,68,-2.5,0,0,0,0,0,0,0,0,0,2617

Main.js:462 148.174,380.778,315,315,0.694,-0.644,0.035,-0.035,2,0,0,1,0,1,0,0,307.514,309.401,2.228,-1.135,0,0,0,0,0,0,0,0,340.316,56.68,174,306,-0.874,0.277,-0.05,0.005,48,51.5,68,-2.5,0,0,0,0,0,0,0,0,0,2631

Main.js:462 148.867,380.132,315,315,0.693,-0.645,0.035,-0.035,1,0,0,1,0,1,0,0,309.742,308.266,2.228,-1.135,0,0,0,0,0,0,0,0,339.438,56.948,174,304.5,-0.878,0.268,-0.05,0.005,47,49,68,-2.5,0,0,0,0,0,0,0,0,0,2648

Main.js:462 149.559,379.486,315,315,0.692,-0.647,0.035,-0.035,0,0,0,1,0,1,0,0,311.969,307.131,2.228,-1.135,0,0,0,0,0,0,0,0,338.557,57.207,174,303,-0.881,0.259,-0.05,0.005,46,46.5,68,-2.5,0,0,0,0,0,0,0,0,0,2665

Main.js:462 150.25,378.838,315,315,0.691,-0.648,0.035,-0.035,99,0,0,1,0,1,0,0,314.197,305.996,2.228,-1.135,0,0,0,0,0,0,0,0,337.672,57.459,174,301.5,-0.884,0.251,-0.05,0.005,45,44,68,-2.5,0,0,0,0,0,0,0,0,0,2680

Main.js:462 150.941,378.188,315,315,0.69,-0.649,0.035,-0.035,98,0,0,1,0,0,0,0,316.424,304.861,2.228,-1.135,166.176,362.869,1.768,-1.768,0,0,0,0,336.785,57.702,174,300,-0.887,0.244,-0.05,0.005,44,41.5,68,-2.5,0,0,0,0,0,0,0,0,0,2698

Main.js:462 151.63,377.538,315,315,0.689,-0.65,0.035,-0.035,97,0,0,1,0,0,0,0,318.652,303.726,2.228,-1.135,167.944,361.101,1.768,-1.768,0,0,0,0,335.895,57.939,174,298.5,-0.89,0.237,-0.05,0.005,43,39,68,-2.5,0,0,0,0,0,0,0,0,0,2713

Main.js:462 152.318,376.887,315,315,0.688,-0.651,0.035,-0.035,96,0,0,1,0,0,0,0,320.88,302.591,2.228,-1.135,169.712,359.333,1.768,-1.768,0,0,0,0,335.002,58.168,174,297,-0.893,0.23,-0.05,0.005,42,36.5,68,-2.5,0,0,0,0,0,0,0,0,0,2731

Main.js:462 153.006,376.234,315,315,0.687,-0.652,0.035,-0.035,95,0,0,1,0,0,0,0,323.107,301.456,2.228,-1.135,171.48,357.565,1.768,-1.768,0,0,0,0,334.106,58.392,174,295.5,-0.896,0.223,-0.05,0.005,41,34,68,-2.5,0,0,0,0,0,0,0,0,0,2747

Main.js:462 153.692,375.581,315,315,0.687,-0.653,0.035,-0.035,94,0,0,1,0,0,0,0,325.335,300.321,2.228,-1.135,173.247,355.797,1.768,-1.768,0,0,0,0,333.208,58.608,174,294,-0.898,0.217,-0.05,0.005,40,31.5,68,-2.5,0,0,0,0,0,0,0,0,0,2764

Main.js:462 154.378,374.927,315,315,0.686,-0.654,0.035,-0.035,93,0,0,1,0,1,0,0,327.562,299.186,2.228,-1.135,175.015,354.03,1.768,-1.768,0,0,0,0,332.308,58.82,174,292.5,-0.9,0.211,-0.05,0.005,39,29,68,-2.5,0,0,0,0,0,0,0,0,0,2781

Main.js:462 155.064,374.272,315,315,0.685,-0.655,0.035,-0.035,92,0,0,1,0,1,0,0,329.79,298.051,2.228,-1.135,176.783,352.262,1.768,-1.768,0,0,0,0,331.405,59.025,174,291,-0.903,0.205,-0.05,0.005,38,26.5,68,-2.5,0,0,0,0,0,0,0,0,0,2797

Main.js:462 155.748,373.616,315,315,0.685,-0.656,0.035,-0.035,91,0,0,1,0,1,0,0,332.017,296.916,2.228,-1.135,178.551,350.494,1.768,-1.768,0,0,0,0,330.5,59.225,174,289.5,-0.905,0.2,-0.05,0.005,37,24,68,-2.5,0,0,0,0,0,0,0,0,0,2814

Main.js:462 156.432,372.959,315,315,0.684,-0.657,0.035,-0.035,90,0,0,1,0,1,0,0,334.245,295.782,2.228,-1.135,180.319,348.726,1.768,-1.768,0,0,0,0,329.594,59.42,174,288,-0.907,0.195,-0.05,0.005,36,21.5,68,-2.5,0,0,0,0,0,0,0,0,0,2831

Main.js:462 157.115,372.302,315,315,0.683,-0.657,0.035,-0.035,89,0,0,1,0,1,0,0,336.472,294.647,2.228,-1.135,182.086,346.959,1.768,-1.768,0,0,0,0,328.685,59.611,174,286.5,-0.909,0.19,-0.05,0.005,35,19,68,-2.5,0,0,0,0,0,0,0,0,0,2848

Main.js:462 157.798,371.643,315,315,0.683,-0.658,0.035,-0.035,88,0,0,1,0,1,0,0,338.7,293.512,2.228,-1.135,183.854,345.191,1.768,-1.768,0,0,0,0,327.775,59.796,174,285,-0.91,0.186,-0.05,0.005,34,16.5,68,-2.5,0,0,0,0,0,0,0,0,0,2864

Main.js:462 158.48,370.984,315,315,0.682,-0.659,0.035,-0.035,87,0,0,1,0,0,0,0,340.927,292.377,2.228,-1.135,185.622,343.423,1.768,-1.768,0,0,0,0,326.862,59.978,174,283.5,-0.912,0.181,-0.05,0.005,33,14,68,-2.5,0,0,0,0,0,0,0,0,0,2881

Main.js:462 159.162,370.325,315,315,0.682,-0.66,0.035,-0.035,86,0,0,1,0,0,0,0,343.155,291.242,2.228,-1.135,187.39,341.655,1.768,-1.768,0,0,0,0,325.949,60.155,174,282,-0.914,0.177,-0.05,0.005,32,11.5,68,-2.5,0,0,0,0,0,0,0,0,0,2898

Main.js:462 159.843,369.665,315,315,0.681,-0.66,0.035,-0.035,85,0,0,1,0,0,0,0,345.382,290.107,2.228,-1.135,189.157,339.888,1.768,-1.768,0,0,0,0,325.033,60.329,174,280.5,-0.915,0.173,-0.05,0.005,31,9,68,-2.5,0,0,0,0,0,0,0,0,0,2914

Main.js:462 160.524,369.004,315,315,0.681,-0.661,0.035,-0.035,84,0,0,1,0,0,0,0,347.61,288.972,2.228,-1.135,190.925,338.12,1.768,-1.768,0,0,0,0,324.116,60.498,174,279,-0.917,0.17,-0.05,0.005,30,6.5,68,-2.5,0,0,0,0,0,0,0,0,0,2931

Main.js:462 161.204,368.343,315,315,0.68,-0.661,0.035,-0.035,83,0,0,1,0,0,0,0,349.837,287.837,2.228,-1.135,192.693,336.352,1.768,-1.768,0,0,0,0,323.198,60.665,174,277.5,-0.918,0.166,-0.05,0.005,29,4,68,-2.5,0,0,0,0,0,0,0,0,0,2947

Main.js:462 161.884,367.681,315,315,0.68,-0.662,0.035,-0.035,82,0,0,1,0,1,0,0,352.065,286.702,2.228,-1.135,194.461,334.584,1.768,-1.768,0,0,0,0,322.279,60.827,174,276,-0.92,0.163,-0.05,0.005,28,1.5,68,-2.5,0,0,0,0,0,0,0,0,0,2963

Main.js:462 162.563,367.019,315,315,0.679,-0.662,0.035,-0.035,81,0,0,1,0,1,0,0,352.065,286.702,2.228,-1.135,196.228,332.816,1.768,-1.768,0,0,0,0,321.358,60.987,174,274.5,-0.921,0.16,-0.05,0.005,27,0,0,0,0,0,0,0,0,0,0,0,0,2981

Main.js:462 163.242,366.356,315,315,0.679,-0.663,0.035,-0.035,80,0,0,1,0,1,0,0,354.292,285.567,2.228,-1.135,197.996,331.049,1.768,-1.768,0,0,0,0,320.436,61.144,174,273,-0.922,0.157,-0.05,0.005,26,0,0,0,0,0,0,0,0,0,0,0,0,2997

Main.js:462 163.921,365.693,315,315,0.679,-0.663,0.035,-0.035,79,0,0,1,0,1,0,0,356.52,284.432,2.228,-1.135,199.764,329.281,1.768,-1.768,0,0,0,0,319.513,61.298,174,271.5,-0.923,0.154,-0.05,0.005,25,0,0,0,0,0,0,0,0,0,0,0,0,3014

Main.js:462 164.599,365.029,315,315,0.678,-0.664,0.035,-0.035,78,0,0,1,0,1,0,0,358.747,283.297,2.228,-1.135,201.532,327.513,1.768,-1.768,0,0,0,0,318.589,61.45,172.5,268.5,-0.924,0.152,-0.05,0.007,24,0,0,0,0,0,0,0,0,0,0,0,0,3031

Main.js:462 165.277,364.365,315,315,0.678,-0.664,0.035,-0.035,77,0,0,1,0,1,0,0,360.975,282.162,2.228,-1.135,203.299,325.745,1.768,-1.768,0,0,0,0,317.664,61.602,171,265.5,-0.925,0.152,-0.049,0.008,23,0,0,0,0,0,0,0,0,0,0,0,0,3047

Main.js:462 165.955,363.701,315,315,0.678,-0.664,0.035,-0.035,76,0,0,1,0,0,0,0,363.202,281.027,2.228,-1.135,205.067,323.978,1.768,-1.768,0,0,0,0,316.739,61.755,169.5,262.5,-0.925,0.153,-0.049,0.009,22,0,0,0,0,0,0,0,0,0,0,0,0,3063

Main.js:462 166.633,363.036,315,315,0.677,-0.665,0.035,-0.035,75,0,0,1,0,0,0,0,365.43,279.892,2.228,-1.135,206.835,322.21,1.768,-1.768,0,0,0,0,315.813,61.911,168,259.5,-0.925,0.155,-0.049,0.01,21,0,0,0,0,0,0,0,0,0,0,0,0,3081

Main.js:462 167.31,362.371,315,315,0.677,-0.665,0.035,-0.035,74,0,0,1,0,0,0,0,367.657,278.757,2.228,-1.135,208.603,320.442,1.768,-1.768,0,0,0,0,314.888,62.069,166.5,256.5,-0.925,0.159,-0.049,0.012,20,0,0,0,0,0,0,0,0,0,0,0,0,3096

Main.js:462 167.986,361.705,315,315,0.677,-0.665,0.035,-0.035,73,0,0,1,0,0,0,0,369.885,277.622,2.228,-1.135,210.371,318.674,1.768,-1.768,0,0,0,0,313.963,62.232,165,253.5,-0.925,0.163,-0.048,0.013,19,0,0,0,0,0,0,0,0,0,0,0,0,3114

Main.js:462 168.663,361.039,315,315,0.677,-0.666,0.035,-0.035,72,0,0,1,0,1,0,0,372.112,276.487,2.228,-1.135,212.138,316.907,1.768,-1.768,0,0,0,0,313.039,62.401,163.5,250.5,-0.924,0.168,-0.048,0.014,18,0,0,0,0,0,0,0,0,0,0,0,0,3130

Main.js:462 169.339,360.373,315,315,0.676,-0.666,0.035,-0.035,71,0,0,1,0,1,0,0,374.34,275.352,2.228,-1.135,213.906,315.139,1.768,-1.768,0,0,0,0,312.115,62.576,162,247.5,-0.923,0.175,-0.048,0.015,17,0,0,0,0,0,0,0,0,0,0,0,0,3146

Main.js:462 170.016,359.707,315,315,0.676,-0.666,0.035,-0.035,70,0,0,1,0,1,0,0,376.567,274.217,2.228,-1.135,215.674,313.371,1.768,-1.768,0,0,0,0,311.194,62.757,160.5,244.5,-0.922,0.182,-0.047,0.017,16,0,0,0,0,0,0,0,0,0,0,0,0,3164

Main.js:462 170.691,359.04,315,315,0.676,-0.667,0.035,-0.035,69,0,0,1,0,1,0,0,378.795,273.082,2.228,-1.135,217.442,311.603,1.768,-1.768,0,0,0,0,310.273,62.947,159,241.5,-0.92,0.19,-0.047,0.018,15,0,0,0,0,0,0,0,0,0,0,0,0,3180

Main.js:462 171.367,358.373,315,315,0.676,-0.667,0.035,-0.035,68,0,0,1,0,1,0,0,381.022,271.947,2.228,-1.135,219.209,309.836,1.768,-1.768,0,0,0,0,309.355,63.145,157.5,238.5,-0.918,0.198,-0.046,0.019,14,0,0,0,0,0,0,0,0,0,0,0,0,3197

Main.js:462 172.043,357.706,315,315,0.675,-0.667,0.035,-0.035,67,0,0,1,0,1,0,0,383.25,270.812,2.228,-1.135,220.977,308.068,1.768,-1.768,0,0,0,0,308.44,63.353,156,235.5,-0.915,0.208,-0.046,0.02,13,0,0,0,0,0,0,0,0,0,0,0,0,3215

Main.js:462 172.718,357.039,315,315,0.675,-0.667,0.035,-0.035,66,0,0,1,0,0,0,0,385.477,269.677,2.228,-1.135,222.745,306.3,1.768,-1.768,0,0,0,0,307.527,63.571,154.5,232.5,-0.913,0.218,-0.045,0.022,12,0,0,0,0,0,0,0,0,0,0,0,0,3230

Main.js:462 173.393,356.371,315,315,0.675,-0.668,0.035,-0.035,65,0,0,1,0,0,0,0,387.705,268.542,2.228,-1.135,224.513,304.532,1.768,-1.768,0,0,0,0,306.618,63.8,153,229.5,-0.909,0.229,-0.045,0.023,11,0,0,0,0,0,0,0,0,0,0,0,0,3247

Main.js:462 174.068,355.703,315,315,0.675,-0.668,0.035,-0.035,64,0,0,1,0,0,0,0,389.933,267.407,2.228,-1.135,226.28,302.764,1.768,-1.768,0,0,0,0,305.713,64.039,151.5,226.5,-0.906,0.24,-0.044,0.024,10,0,0,0,0,0,0,0,0,0,0,0,0,3287

Main.js:462 174.743,355.036,315,315,0.675,-0.668,0.035,-0.035,63,0,0,1,0,0,0,0,392.16,266.272,2.228,-1.135,228.048,300.997,1.768,-1.768,0,0,0,0,304.811,64.291,150,223.5,-0.901,0.252,-0.043,0.025,9,0,0,0,0,0,0,0,0,0,0,0,0,3313

Main.js:462 175.417,354.367,315,315,0.675,-0.668,0.035,-0.035,62,0,0,1,0,1,0,0,394.388,265.137,2.228,-1.135,229.816,299.229,1.768,-1.768,0,0,0,0,303.914,64.555,148.5,220.5,-0.897,0.264,-0.043,0.026,8,0,0,0,0,0,0,0,0,0,0,0,0,3329

Main.js:462 176.092,353.699,315,315,0.675,-0.668,0.035,-0.035,61,0,0,1,0,1,0,0,396.615,264.002,2.228,-1.135,231.584,297.461,1.768,-1.768,0,0,0,0,303.023,64.831,147,217.5,-0.892,0.276,-0.042,0.027,7,0,0,0,0,0,0,0,0,0,0,0,0,3348

Main.js:462 176.766,353.03,315,315,0.674,-0.669,0.035,-0.035,60,0,0,1,0,1,0,0,398.843,262.867,2.228,-1.135,233.352,295.693,1.768,-1.768,0,0,0,0,302.136,65.121,145.5,214.5,-0.886,0.29,-0.041,0.028,6,0,0,0,0,0,0,0,0,0,0,0,0,3365

Main.js:462 177.441,352.362,315,315,0.674,-0.669,0.035,-0.035,59,0,0,1,0,1,0,0,401.07,261.732,2.228,-1.135,235.119,293.926,1.768,-1.768,0,0,0,0,301.256,65.424,144,211.5,-0.88,0.303,-0.04,0.029,5,0,0,0,0,0,0,0,0,0,0,0,0,3381

Main.js:462 178.115,351.693,315,315,0.674,-0.669,0.035,-0.035,58,0,0,1,0,1,0,0,403.298,260.597,2.228,-1.135,236.887,292.158,1.768,-1.768,0,0,0,0,300.382,65.741,142.5,208.5,-0.874,0.317,-0.04,0.03,4,0,0,0,0,0,0,0,0,0,0,0,0,3398

Main.js:462 178.789,351.024,315,315,0.674,-0.669,0.035,-0.035,57,0,0,1,0,1,0,0,405.525,259.462,2.228,-1.135,238.655,290.39,1.768,-1.768,0,0,0,0,299.514,66.071,141,205.5,-0.867,0.331,-0.039,0.031,3,0,0,0,0,0,0,0,0,0,0,0,0,3414

Main.js:462 179.463,350.355,315,315,0.674,-0.669,0.035,-0.035,56,0,0,1,0,0,0,0,407.753,258.327,2.228,-1.135,240.423,288.622,1.768,-1.768,0,0,0,0,298.654,66.416,139.5,202.5,-0.86,0.345,-0.038,0.032,2,0,0,0,0,0,0,0,0,0,0,0,0,3431

Main.js:462 180.136,349.686,315,315,0.674,-0.669,0.035,-0.035,55,0,0,1,0,0,0,0,409.98,257.192,2.228,-1.135,242.19,286.855,1.768,-1.768,0,0,0,0,297.802,66.776,138,199.5,-0.852,0.36,-0.037,0.033,1,0,0,0,0,0,0,0,0,0,0,0,0,3448

Main.js:462 180.81,349.016,315,315,0.674,-0.669,0.035,-0.035,54,0,0,1,0,0,0,0,412.208,256.057,2.228,-1.135,243.958,285.087,1.768,-1.768,0,0,0,0,296.957,67.15,136.5,196.5,-0.844,0.374,-0.036,0.034,0,0,0,0,0,0,0,0,0,0,0,0,0,3464

Main.js:462 181.484,348.347,315,315,0.674,-0.67,0.035,-0.035,53,0,0,1,0,0,0,0,414.435,254.922,2.228,-1.135,245.726,283.319,1.768,-1.768,0,0,0,0,296.122,67.54,135,193.5,-0.836,0.389,-0.035,0.035,99,0,0,0,0,0,0,0,0,0,0,0,0,3481

Main.js:462 182.157,347.677,315,315,0.673,-0.67,0.035,-0.035,52,0,0,1,0,0,0,0,416.663,253.787,2.228,-1.135,247.494,281.551,1.768,-1.768,0,0,0,0,295.295,67.944,133.5,190.5,-0.827,0.404,-0.034,0.036,98,274.107,61.665,-2.431,-0.584,0,0,0,0,0,0,0,0,3497

Main.js:462 182.83,347.007,315,315,0.673,-0.67,0.035,-0.035,51,0,0,1,0,1,0,0,418.89,252.652,2.228,-1.135,249.261,279.783,1.768,-1.768,0,0,0,0,294.478,68.363,132,187.5,-0.817,0.419,-0.033,0.037,97,271.676,61.081,-2.431,-0.584,0,0,0,0,0,0,0,0,3514

Main.js:462 183.504,346.337,315,315,0.673,-0.67,0.035,-0.035,50,0,0,1,0,1,0,0,421.118,251.517,2.228,-1.135,251.029,278.016,1.768,-1.768,0,0,0,0,293.671,68.798,130.5,184.5,-0.807,0.434,-0.032,0.038,96,269.245,60.497,-2.431,-0.584,0,0,0,0,0,0,0,0,3531

Main.js:462 184.177,345.668,315,315,0.673,-0.67,0.035,-0.035,49,0,0,1,0,1,0,0,423.345,250.382,2.228,-1.135,252.797,276.248,1.768,-1.768,0,0,0,0,292.875,69.247,129,181.5,-0.797,0.45,-0.031,0.039,95,266.814,59.914,-2.431,-0.584,0,0,0,0,0,0,0,0,3548

Main.js:462 184.85,344.998,315,315,0.673,-0.67,0.035,-0.035,48,0,0,1,0,1,0,0,425.573,249.247,2.228,-1.135,254.565,274.48,1.768,-1.768,0,0,0,0,292.089,69.712,127.5,178.5,-0.786,0.465,-0.03,0.04,94,264.383,59.33,-2.431,-0.584,0,0,0,0,0,0,0,0,3565

Main.js:462 185.523,344.327,315,315,0.673,-0.67,0.035,-0.035,47,0,0,1,0,1,0,0,427.8,248.112,2.228,-1.135,256.332,272.712,1.768,-1.768,0,0,0,0,291.315,70.192,126,175.5,-0.774,0.48,-0.029,0.04,93,261.952,58.746,-2.431,-0.584,0,0,0,0,0,0,0,0,3581

Main.js:462 186.196,343.657,315,315,0.673,-0.67,0.035,-0.035,46,0,0,1,0,1,0,0,430.028,246.978,2.228,-1.135,258.1,270.945,1.768,-1.768,0,0,0,0,290.552,70.687,124.5,172.5,-0.762,0.495,-0.028,0.041,92,259.521,58.163,-2.431,-0.584,0,0,0,0,0,0,0,0,3597

Main.js:462 186.869,342.987,315,315,0.673,-0.67,0.035,-0.035,45,0,0,1,0,1,0,0,432.255,245.843,2.228,-1.135,259.868,269.177,1.768,-1.768,0,0,0,0,289.802,71.198,123,169.5,-0.75,0.51,-0.027,0.042,91,257.09,57.579,-2.431,-0.584,0,0,0,0,0,0,0,0,3613

Main.js:462 187.542,342.317,315,315,0.673,-0.67,0.035,-0.035,44,0,0,1,0,0,0,0,434.483,244.708,2.228,-1.135,261.636,267.409,1.768,-1.768,0,0,0,0,289.065,71.723,121.5,166.5,-0.738,0.525,-0.026,0.043,90,254.659,56.996,-2.431,-0.584,0,0,0,0,0,0,0,0,3631

Main.js:462 188.215,341.646,315,315,0.673,-0.67,0.035,-0.035,43,0,0,1,0,0,0,0,436.71,243.573,2.228,-1.135,263.404,265.641,1.768,-1.768,0,0,0,0,288.34,72.263,120,163.5,-0.724,0.54,-0.025,0.043,89,252.228,56.412,-2.431,-0.584,0,0,0,0,0,0,0,0,3648

Main.js:462 188.888,340.976,315,315,0.673,-0.67,0.035,-0.035,42,0,0,1,0,0,0,0,438.938,242.438,2.228,-1.135,265.171,263.874,1.768,-1.768,0,0,0,0,287.629,72.818,118.5,160.5,-0.711,0.555,-0.024,0.044,88,249.797,55.828,-2.431,-0.584,0,0,0,0,0,0,0,0,3665

Main.js:462 189.561,340.305,315,315,0.673,-0.671,0.035,-0.035,41,0,0,1,0,0,0,0,441.165,241.303,2.228,-1.135,266.939,262.106,1.768,-1.768,0,0,0,0,286.933,73.387,117,157.5,-0.697,0.569,-0.023,0.045,87,247.367,55.245,-2.431,-0.584,0,0,0,0,0,0,0,0,3681

Main.js:462 190.233,339.635,315,315,0.673,-0.671,0.035,-0.035,40,0,0,1,0,0,0,0,443.393,240.168,2.228,-1.135,268.707,260.338,1.768,-1.768,0,0,0,0,286.25,73.971,115.5,154.5,-0.682,0.584,-0.022,0.045,86,244.936,54.661,-2.431,-0.584,0,0,0,0,0,0,0,0,3697

Main.js:462 190.906,338.964,315,315,0.673,-0.671,0.035,-0.035,39,0,0,1,0,1,0,0,445.62,239.033,2.228,-1.135,270.475,258.57,1.768,-1.768,0,0,0,0,285.582,74.569,114,151.5,-0.668,0.598,-0.02,0.046,85,242.505,54.078,-2.431,-0.584,0,0,0,0,0,0,0,0,3714

Main.js:462 191.578,338.293,315,315,0.673,-0.671,0.035,-0.035,38,0,0,1,0,1,0,0,447.848,237.898,2.228,-1.135,272.242,256.802,1.768,-1.768,0,0,0,0,284.93,75.181,112.5,148.5,-0.652,0.612,-0.019,0.046,84,240.074,53.494,-2.431,-0.584,0,0,0,0,0,0,0,0,3731

Main.js:462 192.251,337.623,315,315,0.673,-0.671,0.035,-0.035,37,0,0,1,0,1,0,0,450.075,236.763,2.228,-1.135,274.01,255.035,1.768,-1.768,0,0,0,0,284.293,75.807,111,145.5,-0.637,0.626,-0.018,0.047,83,237.643,52.91,-2.431,-0.584,0,0,0,0,0,0,0,0,3747

Main.js:462 192.924,336.952,315,315,0.673,-0.671,0.035,-0.035,36,0,0,1,0,1,0,0,452.303,235.628,2.228,-1.135,275.778,253.267,1.768,-1.768,0,0,0,0,283.672,76.446,109.5,142.5,-0.621,0.639,-0.017,0.047,82,235.212,52.327,-2.431,-0.584,0,0,0,0,0,0,0,0,3764

Main.js:462 193.596,336.281,315,315,0.672,-0.671,0.035,-0.035,35,0,0,1,0,1,0,0,454.53,234.493,2.228,-1.135,277.546,251.499,1.768,-1.768,0,0,0,0,283.068,77.099,108,139.5,-0.604,0.652,-0.015,0.048,81,232.781,51.743,-2.431,-0.584,0,0,0,0,0,0,0,0,3781

Main.js:462 194.268,335.61,315,315,0.672,-0.671,0.035,-0.035,34,0,0,1,0,1,0,0,456.758,233.358,2.228,-1.135,279.313,249.731,1.768,-1.768,0,0,0,0,282.48,77.764,106.5,136.5,-0.588,0.665,-0.014,0.048,80,230.35,51.159,-2.431,-0.584,0,0,0,0,0,0,0,0,3797

Main.js:462 194.941,334.939,315,315,0.672,-0.671,0.035,-0.035,33,0,0,1,0,0,0,0,458.986,232.223,2.228,-1.135,281.081,247.964,1.768,-1.768,0,0,0,0,281.909,78.442,105,133.5,-0.571,0.678,-0.013,0.048,79,227.919,50.576,-2.431,-0.584,0,0,0,0,0,0,0,0,3814

Main.js:462 195.613,334.268,315,315,0.672,-0.671,0.035,-0.035,32,0,0,1,0,0,0,0,461.213,231.088,2.228,-1.135,282.849,246.196,1.768,-1.768,0,0,0,0,281.356,79.133,103.5,130.5,-0.553,0.69,-0.012,0.049,78,225.488,49.992,-2.431,-0.584,0,0,0,0,0,0,0,0,3830

Main.js:462 196.286,333.597,315,315,0.672,-0.671,0.035,-0.035,31,0,0,1,0,0,0,0,463.441,229.953,2.228,-1.135,284.617,244.428,1.768,-1.768,0,0,0,0,280.821,79.835,102,127.5,-0.535,0.702,-0.01,0.049,77,223.057,49.409,-2.431,-0.584,0,0,0,0,0,0,0,0,3847

Main.js:462 196.958,332.926,315,315,0.672,-0.671,0.035,-0.035,30,0,0,1,0,0,0,0,465.668,228.818,2.228,-1.135,286.385,242.66,1.768,-1.768,0,0,0,0,280.303,80.549,100.5,124.5,-0.517,0.714,-0.009,0.049,76,220.626,48.825,-2.431,-0.584,0,0,0,0,0,0,0,0,3864

Main.js:462 197.63,332.255,315,315,0.672,-0.671,0.035,-0.035,29,0,0,1,0,0,0,0,467.896,227.683,2.228,-1.135,288.152,240.893,1.768,-1.768,0,0,0,0,279.805,81.274,99,121.5,-0.499,0.725,-0.008,0.049,75,218.195,48.241,-2.431,-0.584,0,0,0,0,0,0,0,0,3880

Main.js:462 198.302,331.584,315,315,0.672,-0.671,0.035,-0.035,28,0,0,1,0,0,0,0,470.123,226.548,2.228,-1.135,289.92,239.125,1.768,-1.768,0,0,0,0,279.324,82.01,97.5,118.5,-0.48,0.736,-0.007,0.05,74,215.764,47.658,-2.431,-0.584,0,0,0,0,0,0,0,0,3897

Main.js:462 198.975,330.913,315,315,0.672,-0.671,0.035,-0.035,27,0,0,1,0,1,0,0,472.351,225.413,2.228,-1.135,291.688,237.357,1.768,-1.768,0,0,0,0,278.863,82.756,96,115.5,-0.461,0.746,-0.005,0.05,73,213.334,47.074,-2.431,-0.584,0,0,0,0,0,0,0,0,3913

Main.js:462 199.647,330.241,315,315,0.672,-0.671,0.035,-0.035,26,0,0,1,0,1,0,0,474.578,224.278,2.228,-1.135,293.456,235.589,1.768,-1.768,0,0,0,0,278.421,83.512,94.5,112.5,-0.442,0.756,-0.004,0.05,72,210.903,46.491,-2.431,-0.584,0,0,0,0,0,0,0,0,3930

Main.js:462 200.319,329.57,315,315,0.672,-0.671,0.035,-0.035,25,0,0,1,0,1,0,0,476.806,223.143,2.228,-1.135,295.223,233.822,1.768,-1.768,0,0,0,0,277.999,84.278,93,109.5,-0.422,0.766,-0.003,0.05,71,208.472,45.907,-2.431,-0.584,0,0,0,0,0,0,0,0,3949

Main.js:462 200.991,328.899,315,315,0.672,-0.671,0.035,-0.035,24,0,0,1,0,1,0,0,479.033,222.008,2.228,-1.135,296.991,232.054,1.768,-1.768,0,0,0,0,277.597,85.053,91.5,106.5,-0.402,0.775,-0.001,0.05,70,206.041,45.323,-2.431,-0.584,0,0,0,0,0,0,0,0,3965

Main.js:462 201.663,328.228,315,315,0.672,-0.671,0.035,-0.035,23,0,0,1,0,1,0,0,481.261,220.873,2.228,-1.135,298.759,230.286,1.768,-1.768,0,0,0,0,277.215,85.837,90,103.5,-0.382,0.784,0,0.05,69,203.61,44.74,-2.431,-0.584,0,0,0,0,0,0,0,0,3980

Main.js:462 202.336,327.556,315,315,0.672,-0.671,0.035,-0.035,22,0,0,1,0,1,0,0,483.488,219.738,2.228,-1.135,300.527,228.518,1.768,-1.768,0,0,0,0,276.853,86.63,88.5,100.5,-0.362,0.792,0.001,0.05,68,201.179,44.156,-2.431,-0.584,0,0,0,0,0,0,0,0,3996

Main.js:462 203.008,326.885,315,315,0.672,-0.671,0.035,-0.035,21,0,0,1,0,1,0,0,485.716,218.603,2.228,-1.135,302.294,226.75,1.768,-1.768,0,0,0,0,276.512,87.43,87,97.5,-0.341,0.8,0.003,0.05,67,198.748,43.573,-2.431,-0.584,0,0,0,0,0,0,0,0,4014

Main.js:462 203.68,326.214,315,315,0.672,-0.671,0.035,-0.035,20,0,0,1,0,0,0,0,487.943,217.468,2.228,-1.135,304.062,224.983,1.768,-1.768,0,0,0,0,276.189,88.237,88.5,97.5,-0.323,0.808,0.001,0.05,66,196.317,42.989,-2.431,-0.584,0,0,0,0,0,0,0,0,4031

Main.js:462 204.352,325.542,315,315,0.672,-0.671,0.035,-0.035,19,0,0,1,0,0,0,0,490.171,216.333,2.228,-1.135,305.83,223.215,1.768,-1.768,0,0,0,0,275.882,89.052,90,97.5,-0.307,0.815,0,0.05,65,193.886,42.405,-2.431,-0.584,0,0,0,0,0,0,0,0,4048

Main.js:462 205.024,324.871,315,315,0.672,-0.671,0.035,-0.035,18,0,0,1,0,0,0,0,492.398,215.198,2.228,-1.135,307.598,221.447,1.768,-1.768,0,0,0,0,275.589,89.873,91.5,97.5,-0.293,0.821,-0.001,0.05,64,191.455,41.822,-2.431,-0.584,0,0,0,0,0,0,0,0,4065

Main.js:462 205.696,324.2,315,315,0.672,-0.671,0.035,-0.035,17,0,0,1,0,0,0,0,494.626,214.063,2.228,-1.135,309.365,219.679,1.768,-1.768,0,0,0,0,275.309,90.701,93,97.5,-0.281,0.828,-0.003,0.05,63,189.024,41.238,-2.431,-0.584,0,0,0,0,0,0,0,0,4085

Main.js:462 206.368,323.528,315,315,0.672,-0.671,0.035,-0.035,16,0,0,1,0,0,0,0,496.853,212.928,2.228,-1.135,311.133,217.912,1.768,-1.768,0,0,0,0,275.038,91.535,94.5,97.5,-0.27,0.834,-0.004,0.05,62,186.593,40.654,-2.431,-0.584,0,0,0,0,0,0,0,0,4097

Main.js:462 207.04,322.857,315,315,0.672,-0.671,0.035,-0.035,15,0,0,1,0,0,0,0,499.081,211.793,2.228,-1.135,312.901,216.144,1.768,-1.768,0,0,0,0,274.777,92.374,96,97.5,-0.262,0.839,-0.005,0.05,61,184.162,40.071,-2.431,-0.584,0,0,0,0,0,0,0,0,4114

Main.js:462 207.712,322.185,315,315,0.672,-0.671,0.035,-0.035,14,0,0,1,0,0,0,0,312.901,216.144,1.768,-1.768,0,0,0,0,0,0,0,0,274.522,93.218,97.5,97.5,-0.255,0.844,-0.007,0.05,60,181.732,39.487,-2.431,-0.584,0,0,0,0,0,0,0,0,4131

Main.js:462 208.384,321.514,315,315,0.672,-0.671,0.035,-0.035,13,0,0,1,0,0,0,0,314.669,214.376,1.768,-1.768,0,0,0,0,0,0,0,0,274.272,94.067,99,97.5,-0.25,0.849,-0.008,0.049,59,179.301,38.904,-2.431,-0.584,0,0,0,0,0,0,0,0,4147

Main.js:462 209.056,320.842,315,315,0.672,-0.671,0.035,-0.035,12,0,0,1,0,1,0,0,316.437,212.608,1.768,-1.768,0,0,0,0,0,0,0,0,274.027,94.921,100.5,97.5,-0.246,0.853,-0.009,0.049,58,176.87,38.32,-2.431,-0.584,0,0,0,0,0,0,0,0,4164

Main.js:462 209.728,320.171,315,315,0.672,-0.671,0.035,-0.035,11,0,0,1,0,1,0,0,318.204,210.841,1.768,-1.768,0,0,0,0,0,0,0,0,273.783,95.778,102,97.5,-0.243,0.857,-0.01,0.049,57,174.439,37.736,-2.431,-0.584,0,0,0,0,0,0,0,0,4181

Main.js:462 210.4,319.499,315,315,0.672,-0.672,0.035,-0.035,10,0,0,1,0,1,0,0,319.972,209.073,1.768,-1.768,0,0,0,0,0,0,0,0,273.541,96.638,103.5,97.5,-0.242,0.86,-0.012,0.049,56,172.008,37.153,-2.431,-0.584,0,0,0,0,0,0,0,0,4197

Main.js:462 211.072,318.828,315,315,0.672,-0.672,0.035,-0.035,9,0,0,1,0,1,0,0,321.74,207.305,1.768,-1.768,0,0,0,0,0,0,0,0,273.299,97.502,105,97.5,-0.242,0.863,-0.013,0.048,55,169.577,36.569,-2.431,-0.584,0,0,0,0,0,0,0,0,4213

Main.js:462 211.744,318.156,315,315,0.672,-0.672,0.035,-0.035,8,0,0,1,0,1,0,0,323.508,205.537,1.768,-1.768,0,0,0,0,0,0,0,0,273.055,98.367,106.5,97.5,-0.244,0.866,-0.014,0.048,54,167.146,35.986,-2.431,-0.584,0,0,0,0,0,0,0,0,4230

Main.js:462 212.416,317.485,315,315,0.672,-0.672,0.035,-0.035,7,0,0,1,0,1,0,0,325.275,203.769,1.768,-1.768,0,0,0,0,0,0,0,0,272.809,99.235,108,97.5,-0.246,0.868,-0.015,0.048,53,164.715,35.402,-2.431,-0.584,0,0,0,0,0,0,0,0,4247

Main.js:462 213.087,316.813,315,315,0.672,-0.672,0.035,-0.035,6,0,0,1,0,0,0,0,327.043,202.002,1.768,-1.768,0,0,0,0,0,0,0,0,272.559,100.104,109.5,97.5,-0.25,0.869,-0.017,0.047,52,162.284,34.818,-2.431,-0.584,0,0,0,0,0,0,0,0,4263

Main.js:462 213.759,316.142,315,315,0.672,-0.672,0.035,-0.035,5,0,0,1,0,0,0,0,328.811,200.234,1.768,-1.768,0,0,0,0,0,0,0,0,272.305,100.974,111,97.5,-0.254,0.87,-0.018,0.047,51,159.853,34.235,-2.431,-0.584,0,0,0,0,0,0,0,0,4279

Main.js:462 214.431,315.47,315,315,0.672,-0.672,0.035,-0.035,4,0,0,1,0,0,0,0,330.579,198.466,1.768,-1.768,0,0,0,0,0,0,0,0,272.045,101.844,112.5,97.5,-0.26,0.87,-0.019,0.046,50,157.422,33.651,-2.431,-0.584,0,0,0,0,0,0,0,0,4297

Main.js:462 215.103,314.798,315,315,0.672,-0.672,0.035,-0.035,3,0,0,1,0,0,0,0,332.346,196.698,1.768,-1.768,0,0,0,0,0,0,0,0,271.779,102.714,114,97.5,-0.266,0.87,-0.02,0.046,49,154.991,33.067,-2.431,-0.584,0,0,0,0,0,0,0,0,4313

Main.js:462 215.775,314.127,315,315,0.672,-0.672,0.035,-0.035,2,0,0,1,0,0,0,0,334.114,194.931,1.768,-1.768,0,0,0,0,0,0,0,0,271.505,103.584,115.5,97.5,-0.273,0.87,-0.022,0.045,48,152.56,32.484,-2.431,-0.584,0,0,0,0,0,0,0,0,4330

Main.js:462 216.447,313.455,315,315,0.672,-0.672,0.035,-0.035,1,0,0,1,0,1,0,0,335.882,193.163,1.768,-1.768,0,0,0,0,0,0,0,0,271.224,104.452,117,97.5,-0.281,0.868,-0.023,0.045,47,150.13,31.9,-2.431,-0.584,0,0,0,0,0,0,0,0,4363

Main.js:462 217.119,312.784,315,315,0.672,-0.672,0.035,-0.035,0,0,0,1,0,1,0,0,337.65,191.395,1.768,-1.768,0,0,0,0,0,0,0,0,270.935,105.319,118.5,97.5,-0.29,0.867,-0.024,0.044,46,147.699,31.317,-2.431,-0.584,0,0,0,0,0,0,0,0,4379

Main.js:462 217.791,312.112,315,315,0.672,-0.672,0.035,-0.035,99,0,0,1,0,1,0,0,339.418,189.627,1.768,-1.768,0,0,0,0,0,0,0,0,270.636,106.183,120,97.5,-0.299,0.864,-0.025,0.043,45,145.268,30.733,-2.431,-0.584,0,0,0,0,0,0,0,0,4399

Main.js:462 218.463,311.44,315,315,0.672,-0.672,0.035,-0.035,98,0,0,1,0,1,0,0,341.185,187.86,1.768,-1.768,233.736,296.167,1.768,-1.768,0,0,0,0,270.327,107.045,121.5,97.5,-0.309,0.862,-0.026,0.043,44,142.837,30.149,-2.431,-0.584,0,0,0,0,0,0,0,0,4415

Main.js:462 219.134,310.768,313.5,313.5,0.671,-0.672,0.034,-0.036,97,1,0,1,0,1,0,0,342.953,186.092,1.768,-1.768,235.504,294.399,1.768,-1.768,0,0,0,0,270.007,107.904,123,97.5,-0.319,0.859,-0.027,0.042,43,140.406,29.566,-2.431,-0.584,0,0,0,0,0,0,0,0,4431

Main.js:462 219.803,310.094,312,312,0.669,-0.674,0.033,-0.037,96,1,0,1,0,0,0,0,344.721,184.324,1.768,-1.768,237.271,292.631,1.768,-1.768,0,0,0,0,269.677,108.758,124.5,97.5,-0.33,0.855,-0.028,0.041,42,137.975,28.982,-2.431,-0.584,0,0,0,0,0,0,0,0,4446

Main.js:462 220.469,309.417,310.5,310.5,0.667,-0.677,0.032,-0.038,95,1,0,1,0,0,0,0,346.489,182.556,1.768,-1.768,239.039,290.863,1.768,-1.768,0,0,0,0,269.335,109.609,126,97.5,-0.342,0.85,-0.029,0.04,41,135.544,28.399,-2.431,-0.584,0,0,0,0,0,0,0,0,4464

Main.js:462 221.132,308.738,309,309,0.663,-0.68,0.031,-0.039,94,1,0,1,0,0,0,0,348.256,180.789,1.768,-1.768,240.807,289.096,1.768,-1.768,0,0,0,0,268.982,110.454,127.5,97.5,-0.354,0.846,-0.03,0.04,40,133.113,27.815,-2.431,-0.584,0,0,0,0,0,0,0,0,4481

Main.js:462 221.791,308.054,307.5,307.5,0.659,-0.683,0.03,-0.04,93,1,0,1,0,0,0,0,350.024,179.021,1.768,-1.768,242.575,287.328,1.768,-1.768,0,0,0,0,268.616,111.295,129,97.5,-0.366,0.84,-0.031,0.039,39,130.682,27.231,-2.431,-0.584,0,0,0,0,0,0,0,0,4498

Main.js:462 222.445,307.367,306,306,0.654,-0.688,0.029,-0.04,92,1,0,1,0,0,0,0,351.792,177.253,1.768,-1.768,244.342,285.56,1.768,-1.768,0,0,0,0,268.238,112.129,130.5,97.5,-0.378,0.834,-0.032,0.038,38,128.251,26.648,-2.431,-0.584,0,0,0,0,0,0,0,0,4514

Main.js:462 223.093,306.674,304.5,304.5,0.648,-0.692,0.028,-0.041,91,1,0,1,0,0,0,0,353.56,175.485,1.768,-1.768,246.11,283.792,1.768,-1.768,0,0,0,0,267.848,112.958,130.5,96,-0.39,0.829,-0.032,0.038,37,125.82,26.064,-2.431,-0.584,0,0,0,0,0,0,0,0,4530

Main.js:462 223.709,306.016,303,303,0.616,-0.658,0,0,90,1,0,0,0,1,0,0,355.327,173.717,1.768,-1.768,247.878,282.025,1.768,-1.768,0,0,0,0,267.446,113.781,130.5,94.5,-0.402,0.823,-0.032,0.038,36,123.389,25.48,-2.431,-0.584,0,0,0,0,0,0,0,0,4547

Main.js:462 224.294,305.392,301.5,301.5,0.585,-0.625,0,0,89,1,0,0,0,1,0,0,357.095,171.95,1.768,-1.768,249.646,280.257,1.768,-1.768,0,0,0,0,267.034,114.6,130.5,93,-0.412,0.818,-0.032,0.038,35,120.958,24.897,-2.431,-0.584,0,0,0,0,0,0,0,0,4563

Main.js:462 224.85,304.798,300,300,0.556,-0.594,0,0,88,1,0,0,0,1,0,0,358.863,170.182,1.768,-1.768,251.414,278.489,1.768,-1.768,0,0,0,0,266.611,115.413,130.5,91.5,-0.423,0.814,-0.032,0.038,34,118.527,24.313,-2.431,-0.584,0,0,0,0,0,0,0,0,4582

Main.js:462 225.377,304.234,298.5,298.5,0.528,-0.564,0,0,87,1,0,0,0,1,0,0,360.631,168.414,1.768,-1.768,253.181,276.721,1.768,-1.768,0,0,0,0,266.179,116.222,130.5,90,-0.432,0.809,-0.032,0.038,33,116.097,23.73,-2.431,-0.584,0,0,0,0,0,0,0,0,4598

Main.js:462 225.879,303.698,297,297,0.501,-0.536,0,0,86,1,0,0,0,1,0,0,362.399,166.646,1.768,-1.768,254.949,274.954,1.768,-1.768,0,0,0,0,265.737,117.027,130.5,88.5,-0.442,0.805,-0.032,0.038,32,113.666,23.146,-2.431,-0.584,0,0,0,0,0,0,0,0,4614

Main.js:462 226.355,303.189,295.5,295.5,0.476,-0.509,0,0,85,1,0,0,0,1,0,0,364.166,164.879,1.768,-1.768,256.717,273.186,1.768,-1.768,0,0,0,0,265.287,117.827,130.5,87,-0.45,0.801,-0.032,0.038,31,111.235,22.562,-2.431,-0.584,0,0,0,0,0,0,0,0,4632

Main.js:462 226.808,302.706,294,294,0.453,-0.484,0,0,84,1,0,0,0,1,0,0,365.934,163.111,1.768,-1.768,258.485,271.418,1.768,-1.768,0,0,0,0,264.828,118.624,130.5,85.5,-0.459,0.797,-0.032,0.038,30,108.804,21.979,-2.431,-0.584,0,0,0,0,0,0,0,0,4648

Main.js:462 227.238,302.246,292.5,292.5,0.43,-0.459,0,0,83,1,0,0,0,0,0,0,367.702,161.343,1.768,-1.768,260.252,269.65,1.768,-1.768,0,0,0,0,264.362,119.417,130.5,84,-0.467,0.793,-0.032,0.038,29,106.373,21.395,-2.431,-0.584,0,0,0,0,0,0,0,0,4665

Main.js:462 227.646,301.81,291,291,0.408,-0.436,0,0,82,1,0,0,0,0,0,0,369.47,159.575,1.768,-1.768,262.02,267.882,1.768,-1.768,0,0,0,0,263.888,120.206,130.5,82.5,-0.474,0.789,-0.032,0.038,28,103.942,20.812,-2.431,-0.584,0,0,0,0,0,0,0,0,4680

Main.js:462 228.034,301.395,291,291,0.388,-0.415,0,0,81,0,0,0,0,0,0,0,371.237,157.808,1.768,-1.768,263.788,266.115,1.768,-1.768,0,0,0,0,263.407,120.992,130.5,81,-0.481,0.786,-0.032,0.038,27,101.511,20.228,-2.431,-0.584,0,0,0,0,0,0,0,0,4697

Main.js:462 228.403,301.002,291,291,0.369,-0.394,0,0,80,0,0,0,0,0,0,0,373.005,156.04,1.768,-1.768,265.556,264.347,1.768,-1.768,0,0,0,0,262.919,121.775,130.5,79.5,-0.488,0.783,-0.032,0.038,26,99.08,19.644,-2.431,-0.584,0,0,0,0,0,0,0,0,4714

Main.js:462 228.753,300.627,291,291,0.35,-0.374,0,0,79,0,0,0,0,1,0,0,374.773,154.272,1.768,-1.768,267.323,262.579,1.768,-1.768,0,0,0,0,262.424,122.555,130.5,78,-0.494,0.78,-0.032,0.038,25,96.649,19.061,-2.431,-0.584,0,0,0,0,0,0,0,0,4730

Main.js:462 229.086,300.272,291,291,0.333,-0.355,0,0,78,0,0,0,0,1,0,0,376.541,152.504,1.768,-1.768,269.091,260.811,1.768,-1.768,0,0,0,0,261.924,123.332,130.5,76.5,-0.501,0.777,-0.032,0.038,24,94.218,18.477,-2.431,-0.584,0,0,0,0,0,0,0,0,4747

Main.js:462 229.402,299.934,291,291,0.316,-0.338,0,0,77,0,0,0,0,1,0,0,378.308,150.736,1.768,-1.768,270.859,259.044,1.768,-1.768,0,0,0,0,261.417,124.106,130.5,75,-0.506,0.774,-0.032,0.038,23,91.787,17.894,-2.431,-0.584,0,0,0,0,0,0,0,0,4765

Main.js:462 229.702,299.614,291,291,0.3,-0.321,0,0,76,0,0,0,0,1,0,0,380.076,148.969,1.768,-1.768,272.627,257.276,1.768,-1.768,0,0,0,0,260.905,124.878,130.5,73.5,-0.512,0.772,-0.032,0.038,22,89.356,17.31,-2.431,-0.584,0,0,0,0,0,0,0,0,4781

Main.js:462 229.988,299.309,291,291,0.285,-0.305,0,0,75,0,0,0,0,1,0,0,381.844,147.201,1.768,-1.768,274.394,255.508,1.768,-1.768,0,0,0,0,260.388,125.647,130.5,72,-0.517,0.769,-0.032,0.038,21,86.925,16.726,-2.431,-0.584,0,0,0,0,0,0,0,0,4797

Main.js:462 230.258,299.019,291,291,0.271,-0.29,0,0,74,0,0,0,0,1,0,0,383.612,145.433,1.768,-1.768,276.162,253.74,1.768,-1.768,0,0,0,0,259.866,126.414,130.5,70.5,-0.522,0.767,-0.032,0.038,20,84.495,16.143,-2.431,-0.584,0,0,0,0,0,0,0,0,4815

Main.js:462 230.516,298.744,291,291,0.257,-0.275,0,0,73,0,0,0,0,0,0,0,385.379,143.665,1.768,-1.768,277.93,251.973,1.768,-1.768,0,0,0,0,259.339,127.179,130.5,69,-0.527,0.765,-0.032,0.038,19,82.064,15.559,-2.431,-0.584,0,0,0,0,0,0,0,0,4832

Main.js:462 230.76,298.483,291,291,0.245,-0.261,0,0,72,0,0,0,0,0,0,0,387.147,141.898,1.768,-1.768,279.698,250.205,1.768,-1.768,0,0,0,0,258.808,127.941,130.5,67.5,-0.531,0.763,-0.032,0.038,18,79.633,14.975,-2.431,-0.584,0,0,0,0,0,0,0,0,4847

Main.js:462 230.993,298.235,291,291,0.232,-0.248,0,0,71,0,0,0,0,0,0,0,388.915,140.13,1.768,-1.768,281.466,248.437,1.768,-1.768,0,0,0,0,258.272,128.702,130.5,66,-0.536,0.761,-0.032,0.038,17,77.202,14.392,-2.431,-0.584,0,0,0,0,0,0,0,0,4865

Main.js:462 231.214,297.999,291,291,0.221,-0.236,0,0,70,0,0,0,0,0,0,0,390.683,138.362,1.768,-1.768,283.233,246.669,1.768,-1.768,0,0,0,0,257.732,129.46,130.5,64.5,-0.54,0.759,-0.032,0.038,16,74.771,13.808,-2.431,-0.584,0,0,0,0,0,0,0,0,4880

Main.js:462 231.423,297.775,291,291,0.21,-0.224,0,0,69,0,0,0,0,0,0,0,392.451,136.594,1.768,-1.768,285.001,244.901,1.768,-1.768,0,0,0,0,257.189,130.217,130.5,63,-0.544,0.757,-0.032,0.038,15,72.34,13.225,-2.431,-0.584,0,0,0,0,0,0,0,0,4898

Main.js:462 231.622,297.562,291,291,0.199,-0.213,0,0,68,0,0,0,0,1,0,0,394.218,134.827,1.768,-1.768,286.769,243.134,1.768,-1.768,0,0,0,0,256.641,130.972,130.5,61.5,-0.547,0.755,-0.032,0.038,14,69.909,12.641,-2.431,-0.584,0,0,0,0,0,0,0,0,4913

Main.js:462 231.812,297.36,291,291,0.189,-0.202,0,0,67,0,0,0,0,1,0,0,395.986,133.059,1.768,-1.768,288.537,241.366,1.768,-1.768,0,0,0,0,256.091,131.726,130.5,60,-0.551,0.753,-0.032,0.038,13,67.478,12.057,-2.431,-0.584,0,0,0,0,0,0,0,0,4930

Main.js:462 231.991,297.168,291,291,0.18,-0.192,0,0,66,0,0,0,0,1,0,0,397.754,131.291,1.768,-1.768,290.304,239.598,1.768,-1.768,0,0,0,0,255.537,132.478,130.5,58.5,-0.554,0.752,-0.032,0.038,12,65.047,11.474,-2.431,-0.584,0,0,0,0,0,0,0,0,4948

Main.js:462 232.162,296.986,289.5,289.5,0.171,-0.182,0,0,65,1,0,0,0,1,0,0,399.522,129.523,1.768,-1.768,292.072,237.83,1.768,-1.768,0,0,0,0,254.979,133.228,130.5,57,-0.557,0.75,-0.032,0.038,11,62.616,10.89,-2.431,-0.584,0,0,0,0,0,0,0,0,4965

Main.js:462 232.324,296.812,288,288,0.162,-0.173,0,0,64,1,0,0,0,1,0,0,401.289,127.756,1.768,-1.768,293.84,236.063,1.768,-1.768,0,0,0,0,254.419,133.977,130.5,55.5,-0.56,0.749,-0.032,0.038,10,60.185,10.307,-2.431,-0.584,0,0,0,0,0,0,0,0,4980

Main.js:462 232.479,296.648,286.5,286.5,0.154,-0.165,0,0,63,1,0,0,0,1,0,0,403.057,125.988,1.768,-1.768,295.608,234.295,1.768,-1.768,0,0,0,0,253.856,134.725,130.5,54,-0.563,0.748,-0.032,0.038,9,57.754,9.723,-2.431,-0.584,0,0,0,0,0,0,0,0,4997

Main.js:462 232.625,296.491,285,285,0.146,-0.156,0,0,62,1,0,0,0,0,0,0,404.825,124.22,1.768,-1.768,297.375,232.527,1.768,-1.768,0,0,0,0,253.29,135.471,130.5,52.5,-0.566,0.746,-0.032,0.038,8,55.323,9.139,-2.431,-0.584,0,0,0,0,0,0,0,0,5014

Main.js:462 232.764,296.342,283.5,283.5,0.139,-0.149,0,0,61,1,0,0,0,0,0,0,406.593,122.452,1.768,-1.768,299.143,230.759,1.768,-1.768,0,0,0,0,252.723,136.217,129,49.5,-0.567,0.746,-0.031,0.039,7,52.893,8.556,-2.431,-0.584,0,0,0,0,0,0,0,0,5031

Main.js:462 232.896,296.201,282,282,0.132,-0.141,0,0,60,1,0,0,0,0,0,0,408.36,120.684,1.768,-1.768,300.911,228.992,1.768,-1.768,0,0,0,0,252.155,136.963,127.5,46.5,-0.568,0.746,-0.03,0.04,6,50.462,7.972,-2.431,-0.584,0,0,0,0,0,0,0,0,5048

Main.js:462 233.022,296.067,280.5,280.5,0.126,-0.134,0,0,59,1,0,0,0,0,0,0,410.128,118.917,1.768,-1.768,302.679,227.224,1.768,-1.768,0,0,0,0,251.588,137.711,126,43.5,-0.567,0.748,-0.029,0.04,5,48.031,7.388,-2.431,-0.584,0,0,0,0,0,0,0,0,5065

Main.js:462 233.141,295.94,279,279,0.119,-0.127,0,0,58,1,0,0,0,0,0,0,411.896,117.149,1.768,-1.768,304.447,225.456,1.768,-1.768,0,0,0,0,251.022,138.46,124.5,40.5,-0.566,0.749,-0.028,0.041,4,45.6,6.805,-2.431,-0.584,0,0,0,0,0,0,0,0,5080

Main.js:462 233.254,295.819,277.5,277.5,0.113,-0.121,0,0,57,1,0,0,0,1,0,0,413.664,115.381,1.768,-1.768,306.214,223.688,1.768,-1.768,0,0,0,0,250.458,139.212,123,37.5,-0.564,0.752,-0.027,0.042,3,43.169,6.221,-2.431,-0.584,0,0,0,0,0,0,0,0,5098

Main.js:462 233.362,295.704,276,276,0.108,-0.115,0,0,56,1,0,0,0,1,0,0,415.432,113.613,1.768,-1.768,307.982,221.92,1.768,-1.768,0,0,0,0,249.898,139.966,121.5,34.5,-0.56,0.755,-0.026,0.043,2,40.738,5.638,-2.431,-0.584,0,0,0,0,0,0,0,0,5115

Main.js:462 233.464,295.594,274.5,274.5,0.102,-0.109,0,0,55,1,0,0,0,1,0,0,417.199,111.846,1.768,-1.768,309.75,220.153,1.768,-1.768,0,0,0,0,249.342,140.724,120,31.5,-0.556,0.758,-0.025,0.043,1,38.307,5.054,-2.431,-0.584,0,0,0,0,0,0,0,0,5130

Main.js:462 233.561,295.491,273,273,0.097,-0.104,0,0,54,1,0,0,0,1,0,0,418.967,110.078,1.768,-1.768,311.518,218.385,1.768,-1.768,0,0,0,0,248.791,141.486,118.5,28.5,-0.551,0.762,-0.024,0.044,0,35.876,4.47,-2.431,-0.584,0,0,0,0,0,0,0,0,5147

Main.js:462 233.654,295.392,271.5,271.5,0.092,-0.099,0,0,53,1,0,0,0,1,0,0,420.735,108.31,1.768,-1.768,313.285,216.617,1.768,-1.768,0,0,0,0,248.246,142.252,117,25.5,-0.545,0.766,-0.023,0.045,99,33.445,3.887,-2.431,-0.584,0,0,0,0,0,0,0,0,5165

Main.js:462 233.741,295.298,271.5,271.5,0.088,-0.094,0,0,52,0,0,0,0,1,0,0,422.503,106.542,1.768,-1.768,315.053,214.849,1.768,-1.768,0,0,0,0,247.708,143.023,115.5,22.5,-0.538,0.771,-0.022,0.045,98,31.014,3.303,-2.431,-0.584,270.002,151.603,2.256,1.076,0,0,0,0,5195

Main.js:462 233.825,295.209,271.5,271.5,0.083,-0.089,0,0,51,0,0,0,0,0,0,0,424.27,104.775,1.768,-1.768,316.821,213.082,1.768,-1.768,0,0,0,0,247.178,143.798,114,19.5,-0.53,0.775,-0.02,0.046,97,28.583,2.72,-2.431,-0.584,272.258,152.68,2.256,1.076,0,0,0,0,5213

Main.js:462 233.904,295.125,271.5,271.5,0.079,-0.085,0,0,50,0,0,0,0,0,0,0,426.038,103.007,1.768,-1.768,318.589,211.314,1.768,-1.768,0,0,0,0,246.656,144.579,112.5,16.5,-0.522,0.781,-0.019,0.046,96,26.152,2.136,-2.431,-0.584,274.515,153.756,2.256,1.076,0,0,0,0,5230

Main.js:462 233.979,295.045,271.5,271.5,0.075,-0.08,0,0,49,0,0,0,0,0,0,0,427.806,101.239,1.768,-1.768,320.356,209.546,1.768,-1.768,0,0,0,0,246.143,145.365,111,13.5,-0.513,0.786,-0.018,0.047,95,23.721,1.552,-2.431,-0.584,276.771,154.832,2.256,1.076,0,0,0,0,5247

Main.js:462 234.05,294.968,271.5,271.5,0.071,-0.076,0,0,48,0,0,0,0,0,0,0,429.574,99.471,1.768,-1.768,322.124,207.778,1.768,-1.768,0,0,0,0,245.64,146.156,109.5,10.5,-0.503,0.791,-0.017,0.047,94,21.291,0.969,-2.431,-0.584,279.028,155.908,2.256,1.076,0,0,0,0,5264

Main.js:462 234.118,294.896,271.5,271.5,0.068,-0.072,0,0,47,0,0,0,0,1,0,0,431.341,97.703,1.768,-1.768,323.892,206.011,1.768,-1.768,0,0,0,0,245.147,146.953,108,7.5,-0.493,0.797,-0.015,0.048,93,18.86,0.385,-2.431,-0.584,281.284,156.985,2.256,1.076,0,0,0,0,5280

Main.js:462 234.183,294.827,271.5,271.5,0.064,-0.069,0,0,46,0,0,0,0,1,0,0,433.109,95.936,1.768,-1.768,323.892,206.011,1.768,-1.768,0,0,0,0,244.665,147.756,106.5,4.5,-0.482,0.803,-0.014,0.048,92,283.541,158.061,2.256,1.076,0,0,0,0,0,0,0,0,5296

Main.js:462 234.244,294.762,271.5,271.5,0.061,-0.065,0,0,45,0,0,0,0,1,0,0,434.877,94.168,1.768,-1.768,325.66,204.243,1.768,-1.768,0,0,0,0,244.196,148.564,105,1.5,-0.47,0.808,-0.013,0.048,91,285.797,159.137,2.256,1.076,0,0,0,0,0,0,0,0,5313

Main.js:462 234.302,294.699,271.5,271.5,0.058,-0.062,0,0,44,0,0,0,0,1,0,0,436.645,92.4,1.768,-1.768,327.427,202.475,1.768,-1.768,0,0,0,0,243.738,149.379,103.5,-1.5,-0.457,0.814,-0.012,0.049,90,288.054,160.213,2.256,1.076,0,0,0,0,0,0,0,0,5331

Main.js:462 234.357,294.64,271.5,271.5,0.055,-0.059,0,0,43,0,0,0,0,1,0,0,438.412,90.632,1.768,-1.768,329.195,200.707,1.768,-1.768,0,0,0,0,243.294,150.199,102,-4.5,-0.444,0.82,-0.01,0.049,89,290.31,161.29,2.256,1.076,0,0,0,0,0,0,0,0,5348

Main.js:462 234.41,294.584,271.5,271.5,0.052,-0.056,0,0,42,0,0,0,0,1,0,0,440.18,88.865,1.768,-1.768,330.963,198.94,1.768,-1.768,0,0,0,0,242.863,151.024,100.5,-7.5,-0.431,0.826,-0.009,0.049,88,292.567,162.366,2.256,1.076,0,0,0,0,0,0,0,0,5365

Main.js:462 234.46,294.531,271.5,271.5,0.05,-0.053,0,0,41,0,0,0,0,1,0,0,441.948,87.097,1.768,-1.768,332.731,197.172,1.768,-1.768,0,0,0,0,242.446,151.856,99,-10.5,-0.417,0.831,-0.008,0.049,87,294.823,163.442,2.256,1.076,0,0,0,0,0,0,0,0,5381

Main.js:462 234.507,294.48,271.5,271.5,0.047,-0.051,0,0,40,0,0,0,0,0,0,0,443.716,85.329,1.768,-1.768,334.499,195.404,1.768,-1.768,0,0,0,0,242.044,152.692,97.5,-13.5,-0.402,0.837,-0.007,0.05,86,297.08,164.519,2.256,1.076,0,0,0,0,0,0,0,0,5398

Main.js:462 234.552,294.432,271.5,271.5,0.045,-0.048,0,0,39,0,0,0,0,0,0,0,445.484,83.561,1.768,-1.768,336.266,193.636,1.768,-1.768,0,0,0,0,241.657,153.535,96,-16.5,-0.387,0.842,-0.005,0.05,85,299.336,165.595,2.256,1.076,0,0,0,0,0,0,0,0,5414

Main.js:462 234.595,294.387,271.5,271.5,0.043,-0.046,0,0,38,0,0,0,0,0,0,0,447.251,81.794,1.768,-1.768,338.034,191.868,1.768,-1.768,0,0,0,0,241.286,154.382,94.5,-19.5,-0.371,0.847,-0.004,0.05,84,301.593,166.671,2.256,1.076,0,0,0,0,0,0,0,0,5430

Main.js:462 234.635,294.343,271.5,271.5,0.041,-0.043,0,0,37,0,0,0,0,0,0,0,449.019,80.026,1.768,-1.768,339.802,190.101,1.768,-1.768,0,0,0,0,240.931,155.235,93,-22.5,-0.355,0.853,-0.003,0.05,83,303.849,167.747,2.256,1.076,0,0,0,0,0,0,0,0,5447

Main.js:462 234.674,294.302,271.5,271.5,0.039,-0.041,0,0,36,0,0,0,0,0,0,0,450.787,78.258,1.768,-1.768,341.57,188.333,1.768,-1.768,0,0,0,0,240.592,156.092,91.5,-25.5,-0.339,0.857,-0.001,0.05,82,306.105,168.824,2.256,1.076,0,0,0,0,0,0,0,0,5464

Main.js:462 234.711,294.263,271.5,271.5,0.037,-0.039,0,0,35,0,0,0,0,1,0,0,452.555,76.49,1.768,-1.768,343.337,186.565,1.768,-1.768,0,0,0,0,240.27,156.954,90,-28.5,-0.322,0.862,0,0.05,81,308.362,169.9,2.256,1.076,0,0,0,0,0,0,0,0,5481

Main.js:462 234.745,294.226,271.5,271.5,0.035,-0.037,0,0,34,0,0,0,0,1,0,0,454.322,74.723,1.768,-1.768,345.105,184.797,1.768,-1.768,0,0,0,0,239.966,157.82,88.5,-31.5,-0.304,0.866,0.001,0.05,80,310.618,170.976,2.256,1.076,0,0,0,0,0,0,0,0,5498

Main.js:462 234.779,294.19,271.5,271.5,0.033,-0.035,0,0,33,0,0,0,0,1,0,0,456.09,72.955,1.768,-1.768,346.873,183.03,1.768,-1.768,0,0,0,0,239.679,158.691,87,-34.5,-0.287,0.871,0.003,0.05,79,312.875,172.053,2.256,1.076,0,0,0,0,0,0,0,0,5514

Main.js:462 234.81,294.157,271.5,271.5,0.031,-0.034,0,0,32,0,0,0,0,1,0,0,457.858,71.187,1.768,-1.768,348.641,181.262,1.768,-1.768,0,0,0,0,239.41,159.565,85.5,-37.5,-0.269,0.874,0.004,0.05,78,315.131,173.129,2.256,1.076,0,0,0,0,0,0,0,0,5530

Main.js:462 234.84,294.125,271.5,271.5,0.03,-0.032,0,0,31,0,0,0,0,1,0,0,459.626,69.419,1.768,-1.768,350.408,179.494,1.768,-1.768,0,0,0,0,239.16,160.443,84,-40.5,-0.25,0.878,0.005,0.05,77,317.388,174.205,2.256,1.076,0,0,0,0,0,0,0,0,5547

Main.js:462 234.868,294.095,271.5,271.5,0.028,-0.03,0,0,30,0,0,0,0,1,0,0,461.393,67.651,1.768,-1.768,352.176,177.726,1.768,-1.768,0,0,0,0,238.928,161.324,82.5,-43.5,-0.232,0.881,0.007,0.05,76,319.644,175.281,2.256,1.076,0,0,0,0,0,0,0,0,5563

Main.js:462 234.895,294.066,271.5,271.5,0.027,-0.029,0,0,29,0,0,0,0,0,0,0,463.161,65.884,1.768,-1.768,353.944,175.959,1.768,-1.768,0,0,0,0,238.716,162.208,81,-46.5,-0.213,0.884,0.008,0.049,75,321.901,176.358,2.256,1.076,0,0,0,0,0,0,0,0,5581

Main.js:462 234.921,294.038,271.5,271.5,0.026,-0.027,0,0,28,0,0,0,0,0,0,0,464.929,64.116,1.768,-1.768,355.712,174.191,1.768,-1.768,0,0,0,0,238.522,163.094,79.5,-49.5,-0.193,0.886,0.009,0.049,74,324.157,177.434,2.256,1.076,0,0,0,0,0,0,0,0,5597

Main.js:462 234.945,294.012,271.5,271.5,0.024,-0.026,0,0,27,0,0,0,0,0,0,0,466.697,62.348,1.768,-1.768,357.48,172.423,1.768,-1.768,0,0,0,0,238.349,163.983,78,-52.5,-0.174,0.889,0.01,0.049,73,326.414,178.51,2.256,1.076,0,0,0,0,0,0,0,0,5614

Main.js:462 234.968,293.988,271.5,271.5,0.023,-0.025,0,0,26,0,0,0,0,0,0,0,468.465,60.58,1.768,-1.768,359.247,170.655,1.768,-1.768,0,0,0,0,238.195,164.873,76.5,-55.5,-0.154,0.89,0.012,0.049,72,328.67,179.586,2.256,1.076,0,0,0,0,0,0,0,0,5631

Main.js:462 234.99,293.964,271.5,271.5,0.022,-0.023,0,0,25,0,0,0,0,1,0,0,470.232,58.813,1.768,-1.768,361.015,168.887,1.768,-1.768,0,0,0,0,238.061,165.765,75,-58.5,-0.134,0.892,0.013,0.048,71,330.927,180.663,2.256,1.076,0,0,0,0,0,0,0,0,5648

Main.js:462 235.011,293.942,271.5,271.5,0.021,-0.022,0,0,24,0,0,0,0,1,0,0,472,57.045,1.768,-1.768,362.783,167.12,1.768,-1.768,0,0,0,0,237.947,166.658,73.5,-61.5,-0.114,0.893,0.014,0.048,70,333.183,181.739,2.256,1.076,0,0,0,0,0,0,0,0,5665

Main.js:462 235.031,293.921,271.5,271.5,0.02,-0.021,0,0,23,0,0,0,0,1,0,0,473.768,55.277,1.768,-1.768,364.551,165.352,1.768,-1.768,0,0,0,0,237.854,167.551,72,-64.5,-0.093,0.893,0.015,0.048,69,335.439,182.815,2.256,1.076,0,0,0,0,0,0,0,0,5681

Main.js:462 235.05,293.901,271.5,271.5,0.019,-0.02,0,0,22,0,0,0,0,1,0,0,475.536,53.509,1.768,-1.768,366.318,163.584,1.768,-1.768,0,0,0,0,237.781,168.444,70.5,-67.5,-0.073,0.893,0.017,0.047,68,337.696,183.892,2.256,1.076,0,0,0,0,0,0,0,0,5697

Main.js:462 235.067,293.882,271.5,271.5,0.018,-0.019,0,0,21,0,0,0,0,1,0,0,477.303,51.742,1.768,-1.768,368.086,161.816,1.768,-1.768,0,0,0,0,237.728,169.337,69,-70.5,-0.052,0.893,0.018,0.047,67,339.952,184.968,2.256,1.076,0,0,0,0,0,0,0,0,5715

Main.js:462 235.084,293.864,271.5,271.5,0.017,-0.018,0,0,20,0,0,0,0,1,0,0,479.071,49.974,1.768,-1.768,369.854,160.049,1.768,-1.768,0,0,0,0,237.697,170.229,67.5,-73.5,-0.031,0.892,0.019,0.046,66,342.209,186.044,2.256,1.076,0,0,0,0,0,0,0,0,5731

Main.js:462 235.101,293.846,271.5,271.5,0.016,-0.017,0,0,19,0,0,0,0,0,0,0,480.839,48.206,1.768,-1.768,371.622,158.281,1.768,-1.768,0,0,0,0,237.686,171.12,66,-76.5,-0.011,0.891,0.02,0.046,65,344.465,187.12,2.256,1.076,0,0,0,0,0,0,0,0,5747

Main.js:462 235.116,293.83,271.5,271.5,0.015,-0.016,0,0,18,0,0,0,0,0,0,0,482.607,46.438,1.768,-1.768,373.389,156.513,1.768,-1.768,0,0,0,0,237.697,172.01,64.5,-79.5,0.01,0.889,0.022,0.045,64,346.722,188.197,2.256,1.076,0,0,0,0,0,0,0,0,5764

Main.js:462 235.13,293.814,271.5,271.5,0.015,-0.016,0,0,17,0,0,0,0,0,0,0,484.374,44.67,1.768,-1.768,375.157,154.745,1.768,-1.768,0,0,0,0,237.728,172.897,63,-82.5,0.031,0.887,0.023,0.045,63,348.978,189.273,2.256,1.076,0,0,0,0,0,0,0,0,5781

Main.js:462 235.144,293.8,271.5,271.5,0.014,-0.015,0,0,16,0,0,0,0,0,0,0,486.142,42.903,1.768,-1.768,376.925,152.978,1.768,-1.768,0,0,0,0,237.781,173.782,61.5,-85.5,0.053,0.885,0.024,0.044,62,351.235,190.349,2.256,1.076,0,0,0,0,0,0,0,0,5817

Main.js:462 235.157,293.786,271.5,271.5,0.013,-0.014,0,0,15,0,0,0,0,1,0,0,487.91,41.135,1.768,-1.768,378.693,151.21,1.768,-1.768,0,0,0,0,237.855,174.663,60,-88.5,0.074,0.881,0.025,0.043,61,353.491,191.426,2.256,1.076,0,0,0,0,0,0,0,0,5831

Main.js:462 235.17,293.772,271.5,271.5,0.012,-0.013,0,0,14,0,0,0,0,1,0,0,489.678,39.367,1.768,-1.768,380.46,149.442,1.768,-1.768,0,0,0,0,237.949,175.541,58.5,-91.5,0.095,0.878,0.026,0.043,60,355.748,192.502,2.256,1.076,0,0,0,0,0,0,0,0,5847

Main.js:462 235.182,293.76,271.5,271.5,0.012,-0.013,0,0,13,0,0,0,0,1,0,0,491.445,37.599,1.768,-1.768,382.228,147.674,1.768,-1.768,0,0,0,0,238.065,176.415,57,-94.5,0.116,0.874,0.027,0.042,59,358.004,193.578,2.256,1.076,0,0,0,0,0,0,0,0,5863

Main.js:462 235.193,293.748,271.5,271.5,0.011,-0.012,0,0,12,0,0,0,0,1,0,0,493.213,35.832,1.768,-1.768,383.996,145.907,1.768,-1.768,0,0,0,0,238.202,177.284,55.5,-97.5,0.137,0.869,0.028,0.041,58,360.261,194.654,2.256,1.076,0,0,0,0,0,0,0,0,5880

Main.js:462 235.204,293.736,271.5,271.5,0.011,-0.011,0,0,11,0,0,0,0,1,0,0,494.981,34.064,1.768,-1.768,385.764,144.139,1.768,-1.768,0,0,0,0,238.361,178.148,54,-100.5,0.158,0.864,0.029,0.04,57,362.517,195.731,2.256,1.076,0,0,0,0,0,0,0,0,5899

Main.js:462 235.214,293.725,271.5,271.5,0.01,-0.011,0,0,10,0,0,0,0,1,0,0,496.749,32.296,1.768,-1.768,387.532,142.371,1.768,-1.768,0,0,0,0,238.54,179.007,52.5,-103.5,0.179,0.859,0.03,0.04,56,364.773,196.807,2.256,1.076,0,0,0,0,0,0,0,0,5915

Main.js:462 235.224,293.715,271.5,271.5,0.01,-0.01,0,0,9,0,0,0,0,0,0,0,498.517,30.528,1.768,-1.768,389.299,140.603,1.768,-1.768,0,0,0,0,238.74,179.86,51,-106.5,0.2,0.853,0.031,0.039,55,367.03,197.883,2.256,1.076,0,0,0,0,0,0,0,0,5930

Main.js:462 235.233,293.705,271.5,271.5,0.009,-0.01,0,0,8,0,0,0,0,0,0,0,389.299,140.603,1.768,-1.768,0,0,0,0,0,0,0,0,238.961,180.706,49.5,-109.5,0.221,0.846,0.032,0.038,54,369.286,198.959,2.256,1.076,0,0,0,0,0,0,0,0,5948

Main.js:462 235.242,293.696,271.5,271.5,0.009,-0.009,0,0,7,0,0,0,0,0,0,0,391.067,138.835,1.768,-1.768,0,0,0,0,0,0,0,0,239.202,181.545,48,-112.5,0.242,0.839,0.033,0.037,53,371.543,200.036,2.256,1.076,0,0,0,0,0,0,0,0,5965

Main.js:462 235.25,293.687,271.5,271.5,0.008,-0.009,0,0,6,0,0,0,0,0,0,0,392.835,137.068,1.768,-1.768,0,0,0,0,0,0,0,0,239.465,182.377,46.5,-115.5,0.262,0.832,0.034,0.036,52,373.799,201.112,2.256,1.076,0,0,0,0,0,0,0,0,5980

Main.js:462 235.258,293.679,271.5,271.5,0.008,-0.008,0,0,5,0,0,0,0,0,0,0,394.603,135.3,1.768,-1.768,0,0,0,0,0,0,0,0,239.747,183.201,45,-118.5,0.283,0.824,0.035,0.035,51,376.056,202.188,2.256,1.076,0,0,0,0,0,0,0,0,5997

Main.js:462 235.265,293.671,271.5,271.5,0.007,-0.008,0,0,4,0,0,0,0,1,0,0,396.37,133.532,1.768,-1.768,0,0,0,0,0,0,0,0,240.05,184.016,43.5,-121.5,0.303,0.815,0.036,0.034,50,378.312,203.265,2.256,1.076,0,0,0,0,0,0,0,0,6015

Main.js:462 235.272,293.663,271.5,271.5,0.007,-0.008,0,0,3,0,0,0,0,1,0,0,398.138,131.764,1.768,-1.768,0,0,0,0,0,0,0,0,240.372,184.824,45,-121.5,0.321,0.808,0.035,0.035,49,380.569,204.341,2.256,1.076,0,0,0,0,0,0,0,0,6030

Main.js:462 235.279,293.656,271.5,271.5,0.007,-0.007,0,0,2,0,0,0,0,1,0,0,399.906,129.997,1.768,-1.768,0,0,0,0,0,0,0,0,240.71,185.626,46.5,-121.5,0.338,0.802,0.034,0.036,48,382.825,205.417,2.256,1.076,0,0,0,0,0,0,0,0,6047

Main.js:462 235.285,293.649,271.5,271.5,0.006,-0.007,0,0,1,0,0,0,0,1,0,0,401.674,128.229,1.768,-1.768,0,0,0,0,0,0,0,0,241.063,186.423,48,-121.5,0.353,0.797,0.033,0.037,47,385.082,206.493,2.256,1.076,0,0,0,0,0,0,0,0,6064

Main.js:462 235.291,293.642,271.5,271.5,0.006,-0.007,0,0,0,0,0,0,0,1,0,0,403.441,126.461,1.768,-1.768,0,0,0,0,0,0,0,0,241.429,187.217,49.5,-121.5,0.366,0.794,0.032,0.038,46,387.338,207.57,2.256,1.076,0,0,0,0,0,0,0,0,6081

Main.js:462 235.297,293.636,271.5,271.5,0.006,-0.006,0,0,0,0,0,0,0,0,0,0,405.209,124.693,1.768,-1.768,0,0,0,0,0,0,0,0,241.807,188.007,51,-121.5,0.378,0.791,0.031,0.039,45,389.595,208.646,2.256,1.076,0,0,0,0,0,0,0,0,6097

Main.js:462 235.303,293.63,271.5,271.5,0.005,-0.006,0,0,0,0,0,0,0,0,0,0,406.977,122.926,1.768,-1.768,0,0,0,0,0,0,0,0,242.195,188.796,52.5,-121.5,0.388,0.789,0.03,0.04,44,391.851,209.722,2.256,1.076,0,0,0,0,0,0,0,0,6114

Main.js:462 235.308,293.625,273,273,0.005,-0.006,0,0,0,0,1,0,0,0,0,0,408.745,121.158,1.768,-1.768,0,0,0,0,0,0,0,0,242.591,189.584,54,-121.5,0.396,0.788,0.029,0.04,43,394.108,210.799,2.256,1.076,0,0,0,0,0,0,0,0,6130

Main.js:462 235.313,293.619,274.5,274.5,0.005,-0.005,0,0,0,0,1,0,0,0,0,0,410.513,119.39,1.768,-1.768,0,0,0,0,0,0,0,0,242.995,190.372,55.5,-121.5,0.403,0.788,0.028,0.041,42,396.364,211.875,2.256,1.076,0,0,0,0,0,0,0,0,6148

Main.js:462 235.318,293.614,276,276,0.005,-0.005,0,0,0,0,1,0,0,0,0,0,412.28,117.622,1.768,-1.768,0,0,0,0,0,0,0,0,243.404,191.16,57,-121.5,0.409,0.788,0.027,0.042,41,398.62,212.951,2.256,1.076,0,0,0,0,0,0,0,0,6163

Main.js:462 235.322,293.61,277.5,277.5,0.004,-0.005,0,0,0,0,1,0,0,0,0,0,414.048,115.854,1.768,-1.768,0,0,0,0,0,0,0,0,243.817,191.949,58.5,-121.5,0.413,0.789,0.026,0.043,40,400.877,214.027,2.256,1.076,0,0,0,0,0,0,0,0,6180

Main.js:462 235.326,293.605,279,279,0.004,-0.005,0,0,0,0,1,0,0,0,0,0,415.816,114.087,1.768,-1.768,0,0,0,0,0,0,0,0,244.234,192.74,60,-121.5,0.417,0.791,0.025,0.043,39,403.133,215.104,2.256,1.076,0,0,0,0,0,0,0,0,6198

Main.js:462 235.33,293.601,280.5,280.5,0.004,-0.004,0,0,0,0,1,0,0,0,0,0,417.584,112.319,1.768,-1.768,0,0,0,0,0,0,0,0,244.652,193.533,61.5,-121.5,0.418,0.793,0.024,0.044,38,405.39,216.18,2.256,1.076,0,0,0,0,0,0,0,0,6215

Main.js:462 235.334,293.597,282,282,0.004,-0.004,0,0,0,0,1,0,0,0,0,0,419.351,110.551,1.768,-1.768,0,0,0,0,0,0,0,0,245.071,194.329,63,-121.5,0.419,0.796,0.023,0.045,37,407.646,217.256,2.256,1.076,0,0,0,0,0,0,0,0,6231

Main.js:462 235.338,293.593,283.5,283.5,0.004,-0.004,0,0,99,0,1,0,0,1,0,0,421.119,108.783,1.768,-1.768,0,0,0,0,0,0,0,0,245.49,195.128,64.5,-121.5,0.419,0.799,0.022,0.045,36,409.903,218.332,2.256,1.076,0,0,0,0,0,0,0,0,6248

Main.js:462 235.341,293.589,285,285,0.003,-0.004,0,0,98,0,1,0,0,1,0,0,422.887,107.016,1.768,-1.768,240.82,270.746,0.584,-2.431,0,0,0,0,245.907,195.93,66,-121.5,0.417,0.802,0.02,0.046,35,412.159,219.409,2.256,1.076,0,0,0,0,0,0,0,0,6265

Main.js:462 235.345,293.586,286.5,286.5,0.003,-0.004,0,0,97,0,1,0,0,1,0,0,424.655,105.248,1.768,-1.768,241.404,268.315,0.584,-2.431,0,0,0,0,246.321,196.736,67.5,-121.5,0.414,0.806,0.019,0.046,34,414.416,220.485,2.256,1.076,0,0,0,0,0,0,0,0,6320

Main.js:462 235.348,293.582,286.5,286.5,0.003,-0.003,0,0,96,0,0,0,0,0,0,0,426.422,103.48,1.768,-1.768,241.987,265.884,0.584,-2.431,0,0,0,0,246.732,197.546,69,-121.5,0.411,0.81,0.018,0.047,33,416.672,221.561,2.256,1.076,0,0,0,0,0,0,0,0,6346

Main.js:462 235.351,293.579,286.5,286.5,0.003,-0.003,0,0,95,0,0,0,0,0,0,0,428.19,101.712,1.768,-1.768,242.571,263.453,0.584,-2.431,0,0,0,0,247.137,198.361,70.5,-121.5,0.406,0.814,0.017,0.047,32,418.929,222.638,2.256,1.076,0,0,0,0,0,0,0,0,6363

Main.js:462 235.354,293.576,286.5,286.5,0.003,-0.003,0,0,94,0,0,0,0,0,0,0,429.958,99.945,1.768,-1.768,243.155,261.022,0.584,-2.431,0,0,0,0,247.538,199.179,72,-121.5,0.4,0.819,0.015,0.048,31,421.185,223.714,2.256,1.076,0,0,0,0,0,0,0,0,6380

Main.js:462 235.356,293.573,286.5,286.5,0.003,-0.003,0,0,93,0,0,0,0,0,0,0,431.726,98.177,1.768,-1.768,243.738,258.591,0.584,-2.431,0,0,0,0,247.931,200.003,73.5,-121.5,0.394,0.823,0.014,0.048,30,423.442,224.79,2.256,1.076,0,0,0,0,0,0,0,0,6397

Main.js:462 235.359,293.57,286.5,286.5,0.003,-0.003,0,0,92,0,0,0,0,1,0,0,433.494,96.409,1.768,-1.768,244.322,256.16,0.584,-2.431,0,0,0,0,248.318,200.831,75,-121.5,0.386,0.828,0.013,0.048,29,425.698,225.866,2.256,1.076,0,0,0,0,0,0,0,0,6414

Main.js:462 235.361,293.568,286.5,286.5,0.002,-0.003,0,0,91,0,0,0,0,1,0,0,435.261,94.641,1.768,-1.768,244.906,253.73,0.584,-2.431,0,0,0,0,248.696,201.664,76.5,-121.5,0.378,0.833,0.012,0.049,28,427.954,226.943,2.256,1.076,0,0,0,0,0,0,0,0,6430

Main.js:462 235.363,293.565,286.5,286.5,0.002,-0.002,0,0,90,0,0,0,0,1,0,0,437.029,92.874,1.768,-1.768,245.489,251.299,0.584,-2.431,0,0,0,0,249.065,202.502,78,-121.5,0.369,0.838,0.01,0.049,27,430.211,228.019,2.256,1.076,0,0,0,0,0,0,0,0,6447

Main.js:462 235.366,293.563,286.5,286.5,0.002,-0.002,0,0,89,0,0,0,0,1,0,0,438.797,91.106,1.768,-1.768,246.073,248.868,0.584,-2.431,0,0,0,0,249.424,203.344,79.5,-121.5,0.359,0.843,0.009,0.049,26,432.467,229.095,2.256,1.076,0,0,0,0,0,0,0,0,6464

Main.js:462 235.368,293.561,286.5,286.5,0.002,-0.002,0,0,88,0,0,0,0,1,0,0,440.565,89.338,1.768,-1.768,246.656,246.437,0.584,-2.431,0,0,0,0,249.773,204.191,81,-121.5,0.349,0.847,0.008,0.049,25,434.724,230.172,2.256,1.076,0,0,0,0,0,0,0,0,6480

Main.js:462 235.37,293.559,286.5,286.5,0.002,-0.002,0,0,87,0,0,0,0,1,0,0,442.332,87.57,1.768,-1.768,247.24,244.006,0.584,-2.431,0,0,0,0,250.111,205.043,82.5,-121.5,0.338,0.852,0.007,0.05,24,436.98,231.248,2.256,1.076,0,0,0,0,0,0,0,0,6496

Main.js:462 235.372,293.557,286.5,286.5,0.002,-0.002,0,0,86,0,0,0,0,0,0,0,444.1,85.802,1.768,-1.768,247.824,241.575,0.584,-2.431,0,0,0,0,250.436,205.9,84,-121.5,0.326,0.857,0.005,0.05,23,439.237,232.324,2.256,1.076,0,0,0,0,0,0,0,0,6531

Main.js:462 235.373,293.555,286.5,286.5,0.002,-0.002,0,0,85,0,0,0,0,0,0,0,445.868,84.035,1.768,-1.768,248.407,239.144,0.584,-2.431,0,0,0,0,250.751,206.761,84,-123,0.314,0.861,0.005,0.05,22,441.493,233.4,2.256,1.076,0,0,0,0,0,0,0,0,6546

Main.js:462 235.375,293.553,286.5,286.5,0.002,-0.002,0,0,84,0,0,0,0,0,0,0,447.636,82.267,1.768,-1.768,248.991,236.713,0.584,-2.431,0,0,0,0,251.054,207.627,84,-124.5,0.304,0.865,0.005,0.05,21,443.75,234.477,2.256,1.076,0,0,0,0,0,0,0,0,6563

Main.js:462 235.377,293.551,286.5,286.5,0.002,-0.002,0,0,83,0,0,0,0,0,0,0,449.403,80.499,1.768,-1.768,249.574,234.282,0.584,-2.431,0,0,0,0,251.347,208.496,84,-126,0.293,0.869,0.005,0.05,20,446.006,235.553,2.256,1.076,0,0,0,0,0,0,0,0,6581

Main.js:462 235.378,293.55,286.5,286.5,0.002,-0.002,0,0,82,0,0,0,0,0,0,0,451.171,78.731,1.768,-1.768,250.158,231.851,0.584,-2.431,0,0,0,0,251.631,209.369,84,-127.5,0.284,0.873,0.005,0.05,19,448.263,236.629,2.256,1.076,0,0,0,0,0,0,0,0,6599

Main.js:462 235.38,293.548,286.5,286.5,0.001,-0.002,0,0,81,0,0,0,0,0,0,0,452.939,76.964,1.768,-1.768,250.742,229.42,0.584,-2.431,0,0,0,0,251.906,210.246,84,-129,0.274,0.877,0.005,0.05,18,450.519,237.705,2.256,1.076,0,0,0,0,0,0,0,0,6614

Main.js:462 235.381,293.547,286.5,286.5,0.001,-0.001,0,0,80,0,0,0,0,0,0,0,454.707,75.196,1.768,-1.768,251.325,226.989,0.584,-2.431,0,0,0,0,252.171,211.126,84,-130.5,0.266,0.88,0.005,0.05,17,452.776,238.782,2.256,1.076,0,0,0,0,0,0,0,0,6629

Main.js:462 235.382,293.545,286.5,286.5,0.001,-0.001,0,0,79,0,0,0,0,1,0,0,454.707,75.196,1.768,-1.768,251.325,226.989,0.584,-2.431,0,0,0,0,252.429,212.009,84,-132,0.257,0.883,0.005,0.05,16,455.032,239.858,2.256,1.076,0,0,0,0,0,0,0,0,6647

