Main.js:143 myTank.x,myTank.y,myTank.rotation,myTank.cannonRotation,myTank.velocityX,myTank.velocityY,myTank.accelerationX,myTank.accelerationY,myTank.shootCooldown,myTank.controls.turnLeft,myTank.controls.turnRight,myTank.controls.goForward,myTank.controls.goBack,myTank.controls.shoot,myTank.controls.cannonLeft,myTank.controls.cannonRight,myBullet1.x,myBullet1.y,myBullet1.velocityX,myBullet1.velocityY,myBullet2.x,myBullet2.y,myBullet2.velocityX,myBullet2.velocityY,myBullet3.x,myBullet3.y,myBullet3.velocityX,myBullet3.velocityY,enemyTank.x,enemyTank.y,enemyTank.rotation,enemyTank.cannonRotation,enemyTank.velocityX,enemyTank.velocityY,enemyTank.accelerationX,enemyTank.accelerationY,enemyTank.shootCooldown,enemyBullet1.x,enemyBullet1.y,enemyBullet1.velocityX,enemyBullet1.velocityY,enemyBullet2.x,enemyBullet2.y,enemyBullet2.velocityX,enemyBullet2.velocityY,enemyBullet3.x,enemyBullet3.y,enemyBullet3.velocityX,enemyBullet3.velocityY,currentGameTime
Main.js:462 50,407,0,0,0,0,0,0,0,0,0,0,0,0,0,0,0,0,0,0,0,0,0,0,0,0,0,0,450,93,180,180,0,0,0,0,0,0,0,0,0,0,0,0,0,0,0,0,0,10

Main.js:462 50,407,0,0,0,0,0,0,0,0,0,0,0,0,0,0,0,0,0,0,0,0,0,0,0,0,0,0,449.953,92.999,181.5,180,-0.047,-0.001,-0.05,-0.001,99,0,0,0,0,0,0,0,0,0,0,0,0,39

Main.js:462 50,407,0,0,0,0,0,0,0,0,0,0,0,0,0,0,0,0,0,0,0,0,0,0,0,0,0,0,449.86,92.995,183,180,-0.093,-0.004,-0.05,-0.003,98,426.5,93,-2.5,0,0,0,0,0,0,0,0,0,56

Main.js:462 50,407,0,0,0,0,0,0,0,0,0,0,0,0,0,0,0,0,0,0,0,0,0,0,0,0,0,0,449.725,92.988,184.5,180,-0.135,-0.007,-0.05,-0.004,97,424,93,-2.5,0,0,0,0,0,0,0,0,0,72

Main.js:462 50,407,0,0,0,0,0,0,0,0,0,0,0,0,0,0,0,0,0,0,0,0,0,0,0,0,0,0,449.549,92.976,186,180,-0.176,-0.012,-0.05,-0.005,96,421.5,93,-2.5,0,0,0,0,0,0,0,0,0,89

Main.js:462 50,407,0,0,0,0,0,0,0,0,0,0,0,0,0,0,0,0,0,0,0,0,0,0,0,0,0,0,449.335,92.959,187.5,180,-0.214,-0.017,-0.05,-0.007,95,419,93,-2.5,0,0,0,0,0,0,0,0,0,140

Main.js:462 50.048,407,0,0,0.048,0,0.05,0,0,0,0,1,0,0,0,0,0,0,0,0,0,0,0,0,0,0,0,0,449.085,92.935,189,180,-0.25,-0.024,-0.049,-0.008,94,416.5,93,-2.5,0,0,0,0,0,0,0,0,0,172

Main.js:462 50.14,407,0,0,0.093,0,0.05,0,0,0,0,1,0,0,0,0,0,0,0,0,0,0,0,0,0,0,0,0,448.8,92.903,190.5,180,-0.284,-0.031,-0.049,-0.009,93,414,93,-2.5,0,0,0,0,0,0,0,0,0,189

Main.js:462 50.276,407,0,0,0.135,0,0.05,0,0,0,0,1,0,0,0,0,0,0,0,0,0,0,0,0,0,0,0,0,448.483,92.863,192,180,-0.317,-0.04,-0.049,-0.01,92,411.5,93,-2.5,0,0,0,0,0,0,0,0,0,206

Main.js:462 50.452,407,0,0,0.176,0,0.05,0,0,0,0,1,0,0,0,0,0,0,0,0,0,0,0,0,0,0,0,0,448.136,92.815,193.5,180,-0.347,-0.049,-0.049,-0.012,91,409,93,-2.5,0,0,0,0,0,0,0,0,0,222

Main.js:462 50.667,407,0,0,0.215,0,0.05,0,0,0,0,1,0,0,0,0,0,0,0,0,0,0,0,0,0,0,0,0,447.761,92.756,195,180,-0.376,-0.059,-0.048,-0.013,90,406.5,93,-2.5,0,0,0,0,0,0,0,0,0,239

Main.js:462 50.918,407,0,0,0.252,0,0.05,0,0,0,0,1,0,0,0,0,0,0,0,0,0,0,0,0,0,0,0,0,447.359,92.687,196.5,180,-0.402,-0.069,-0.048,-0.014,89,404,93,-2.5,0,0,0,0,0,0,0,0,0,256

Main.js:462 51.205,407,0,0,0.287,0,0.05,0,0,0,0,1,0,0,0,0,0,0,0,0,0,0,0,0,0,0,0,0,446.931,92.606,198,180,-0.427,-0.08,-0.048,-0.015,88,401.5,93,-2.5,0,0,0,0,0,0,0,0,0,273

Main.js:462 51.525,406.999,358.5,358.5,0.32,-0.001,0.05,-0.001,0,1,0,1,0,0,0,0,0,0,0,0,0,0,0,0,0,0,0,0,446.48,92.514,199.5,180,-0.451,-0.092,-0.047,-0.017,87,399,93,-2.5,0,0,0,0,0,0,0,0,0,289

Main.js:462 51.876,406.995,357,357,0.351,-0.004,0.05,-0.003,0,1,0,1,0,0,0,0,0,0,0,0,0,0,0,0,0,0,0,0,446.008,92.409,201,180,-0.473,-0.105,-0.047,-0.018,86,396.5,93,-2.5,0,0,0,0,0,0,0,0,0,306

Main.js:462 52.257,406.988,355.5,355.5,0.381,-0.007,0.05,-0.004,0,1,0,1,0,0,0,0,0,0,0,0,0,0,0,0,0,0,0,0,445.515,92.292,202.5,180,-0.493,-0.118,-0.046,-0.019,85,394,93,-2.5,0,0,0,0,0,0,0,0,0,323

Main.js:462 52.666,406.976,354,354,0.409,-0.012,0.05,-0.005,0,1,0,1,0,0,0,0,0,0,0,0,0,0,0,0,0,0,0,0,445.003,92.16,204,180,-0.512,-0.131,-0.046,-0.02,84,391.5,93,-2.5,0,0,0,0,0,0,0,0,0,341

Main.js:462 53.102,406.959,352.5,352.5,0.436,-0.017,0.05,-0.007,0,1,0,1,0,0,0,0,0,0,0,0,0,0,0,0,0,0,0,0,444.474,92.015,205.5,180,-0.529,-0.145,-0.045,-0.022,83,389,93,-2.5,0,0,0,0,0,0,0,0,0,357

Main.js:462 53.563,406.935,351,351,0.461,-0.024,0.049,-0.008,0,1,0,1,0,0,0,0,0,0,0,0,0,0,0,0,0,0,0,0,443.93,91.856,207,180,-0.545,-0.159,-0.045,-0.023,82,386.5,93,-2.5,0,0,0,0,0,0,0,0,0,372

Main.js:462 54.047,406.903,349.5,349.5,0.485,-0.031,0.049,-0.009,0,1,0,1,0,0,0,0,0,0,0,0,0,0,0,0,0,0,0,0,443.37,91.682,208.5,180,-0.559,-0.174,-0.044,-0.024,81,384,93,-2.5,0,0,0,0,0,0,0,0,0,389

Main.js:462 54.554,406.863,348,348,0.507,-0.04,0.049,-0.01,0,1,0,1,0,0,0,0,0,0,0,0,0,0,0,0,0,0,0,0,442.798,91.493,210,180,-0.572,-0.189,-0.043,-0.025,80,381.5,93,-2.5,0,0,0,0,0,0,0,0,0,406

Main.js:462 55.082,406.815,346.5,346.5,0.528,-0.049,0.049,-0.012,0,1,0,1,0,0,0,0,0,0,0,0,0,0,0,0,0,0,0,0,442.213,91.289,211.5,180,-0.584,-0.204,-0.043,-0.026,79,379,93,-2.5,0,0,0,0,0,0,0,0,0,422

Main.js:462 55.629,406.756,345,345,0.547,-0.059,0.048,-0.013,0,1,0,1,0,0,0,0,0,0,0,0,0,0,0,0,0,0,0,0,441.618,91.069,213,180,-0.595,-0.22,-0.042,-0.027,78,376.5,93,-2.5,0,0,0,0,0,0,0,0,0,439

Main.js:462 56.194,406.687,343.5,343.5,0.565,-0.069,0.048,-0.014,0,1,0,1,0,0,0,0,0,0,0,0,0,0,0,0,0,0,0,0,441.014,90.833,214.5,180,-0.604,-0.236,-0.041,-0.028,77,374,93,-2.5,0,0,0,0,0,0,0,0,0,457

Main.js:462 56.777,406.606,342,342,0.582,-0.08,0.048,-0.015,0,1,0,1,0,0,0,0,0,0,0,0,0,0,0,0,0,0,0,0,440.402,90.581,216,180,-0.613,-0.252,-0.04,-0.029,76,371.5,93,-2.5,0,0,0,0,0,0,0,0,0,472

Main.js:462 57.375,406.514,340.5,340.5,0.598,-0.092,0.047,-0.017,0,1,0,1,0,0,0,0,0,0,0,0,0,0,0,0,0,0,0,0,439.782,90.312,217.5,180,-0.62,-0.268,-0.04,-0.03,75,369,93,-2.5,0,0,0,0,0,0,0,0,0,490

Main.js:462 57.987,406.41,340.5,340.5,0.613,-0.104,0.047,-0.017,0,0,0,1,0,0,0,0,0,0,0,0,0,0,0,0,0,0,0,0,439.156,90.027,219,180,-0.626,-0.285,-0.039,-0.031,74,366.5,93,-2.5,0,0,0,0,0,0,0,0,0,507

Main.js:462 58.614,406.296,340.5,340.5,0.627,-0.114,0.047,-0.017,0,0,0,1,0,0,0,0,0,0,0,0,0,0,0,0,0,0,0,0,438.525,89.727,219,178.5,-0.631,-0.301,-0.039,-0.031,73,364,93,-2.5,0,0,0,0,0,0,0,0,0,523

Main.js:462 59.255,406.172,340.5,340.5,0.64,-0.124,0.047,-0.017,0,0,0,1,0,0,0,0,0,0,0,0,0,0,0,0,0,0,0,0,437.889,89.411,219,177,-0.637,-0.315,-0.039,-0.031,72,361.5,93,-2.5,0,0,0,0,0,0,0,0,0,539

Main.js:462 59.908,406.038,340.5,340.5,0.653,-0.134,0.047,-0.017,0,0,0,1,0,0,0,0,0,0,0,0,0,0,0,0,0,0,0,0,437.247,89.082,219,175.5,-0.642,-0.33,-0.039,-0.031,71,359,93,-2.5,0,0,0,0,0,0,0,0,0,557

Main.js:462 60.573,405.895,340.5,340.5,0.665,-0.143,0.047,-0.017,0,0,0,1,0,0,0,0,0,0,0,0,0,0,0,0,0,0,0,0,436.601,88.739,219,174,-0.646,-0.343,-0.039,-0.031,70,356.5,93,-2.5,0,0,0,0,0,0,0,0,0,574

Main.js:462 61.25,405.743,340.5,340.5,0.677,-0.152,0.047,-0.017,0,0,0,1,0,0,0,0,0,0,0,0,0,0,0,0,0,0,0,0,435.949,88.383,219,172.5,-0.651,-0.356,-0.039,-0.031,69,354,93,-2.5,0,0,0,0,0,0,0,0,0,590

Main.js:462 61.937,405.583,340.5,340.5,0.688,-0.16,0.047,-0.017,0,0,0,1,0,0,0,0,0,0,0,0,0,0,0,0,0,0,0,0,435.294,88.016,219,171,-0.655,-0.368,-0.039,-0.031,68,351.5,93,-2.5,0,0,0,0,0,0,0,0,0,606

Main.js:462 62.636,405.415,340.5,340.5,0.698,-0.168,0.047,-0.017,99,0,0,1,0,1,0,0,0,0,0,0,0,0,0,0,0,0,0,0,434.634,87.636,219,169.5,-0.66,-0.379,-0.039,-0.031,67,349,93,-2.5,0,0,0,0,0,0,0,0,0,622

Main.js:462 63.343,405.239,340.5,340.5,0.708,-0.175,0.047,-0.017,98,0,0,1,0,1,0,0,84.09,397.738,2.357,-0.835,0,0,0,0,0,0,0,0,433.971,87.246,219,168,-0.663,-0.39,-0.039,-0.031,66,346.5,93,-2.5,0,0,0,0,0,0,0,0,0,640

Main.js:462 64.061,405.057,340.5,340.5,0.717,-0.183,0.047,-0.017,97,0,0,1,0,1,0,0,86.446,396.904,2.357,-0.835,0,0,0,0,0,0,0,0,433.304,86.845,219,166.5,-0.667,-0.401,-0.039,-0.031,65,344,93,-2.5,0,0,0,0,0,0,0,0,0,657

Main.js:462 64.787,404.867,340.5,340.5,0.726,-0.189,0.047,-0.017,96,0,0,1,0,1,0,0,88.803,396.069,2.357,-0.835,0,0,0,0,0,0,0,0,432.633,86.435,219,165,-0.671,-0.41,-0.039,-0.031,64,341.5,93,-2.5,0,0,0,0,0,0,0,0,0,672

Main.js:462 65.522,404.672,340.5,340.5,0.735,-0.196,0.047,-0.017,95,0,0,1,0,1,0,0,91.159,395.235,2.357,-0.835,0,0,0,0,0,0,0,0,431.959,86.015,219,163.5,-0.674,-0.42,-0.039,-0.031,63,339,93,-2.5,0,0,0,0,0,0,0,0,0,690

Main.js:462 66.265,404.47,340.5,340.5,0.743,-0.202,0.047,-0.017,94,0,0,1,0,1,0,0,93.516,394.4,2.357,-0.835,0,0,0,0,0,0,0,0,431.281,85.586,219,162,-0.677,-0.429,-0.039,-0.031,62,336.5,93,-2.5,0,0,0,0,0,0,0,0,0,706

Main.js:462 67.015,404.263,340.5,340.5,0.75,-0.207,0.047,-0.017,93,0,0,1,0,0,0,0,95.873,393.566,2.357,-0.835,0,0,0,0,0,0,0,0,430.601,85.149,219,160.5,-0.68,-0.437,-0.039,-0.031,61,334,93,-2.5,0,0,0,0,0,0,0,0,0,723

Main.js:462 67.773,404.05,340.5,340.5,0.758,-0.213,0.047,-0.017,92,0,0,1,0,0,0,0,98.229,392.731,2.357,-0.835,0,0,0,0,0,0,0,0,429.918,84.704,219,159,-0.683,-0.445,-0.039,-0.031,60,331.5,93,-2.5,0,0,0,0,0,0,0,0,0,741

Main.js:462 68.537,403.832,340.5,340.5,0.765,-0.218,0.047,-0.017,91,0,0,1,0,0,0,0,100.586,391.897,2.357,-0.835,0,0,0,0,0,0,0,0,429.232,84.251,219,157.5,-0.686,-0.453,-0.039,-0.031,59,329,93,-2.5,0,0,0,0,0,0,0,0,0,756

Main.js:462 69.308,403.608,340.5,340.5,0.771,-0.223,0.047,-0.017,90,0,0,1,0,0,0,0,102.942,391.062,2.357,-0.835,0,0,0,0,0,0,0,0,428.543,83.791,219,156,-0.689,-0.46,-0.039,-0.031,58,326.5,93,-2.5,0,0,0,0,0,0,0,0,0,773

Main.js:462 70.085,403.381,340.5,340.5,0.777,-0.228,0.047,-0.017,89,0,0,1,0,0,0,0,105.299,390.228,2.357,-0.835,0,0,0,0,0,0,0,0,427.852,83.324,219,154.5,-0.691,-0.467,-0.039,-0.031,57,324,93,-2.5,0,0,0,0,0,0,0,0,0,790

Main.js:462 70.869,403.148,340.5,340.5,0.783,-0.232,0.047,-0.017,88,0,0,1,0,1,0,0,107.656,389.393,2.357,-0.835,0,0,0,0,0,0,0,0,427.158,82.851,219,153,-0.694,-0.474,-0.039,-0.031,56,321.5,93,-2.5,0,0,0,0,0,0,0,0,0,806

Main.js:462 71.657,402.912,340.5,340.5,0.789,-0.237,0.047,-0.017,87,0,0,1,0,1,0,0,110.012,388.558,2.357,-0.835,0,0,0,0,0,0,0,0,426.463,82.371,219,151.5,-0.696,-0.48,-0.039,-0.031,55,319,93,-2.5,0,0,0,0,0,0,0,0,0,823

Main.js:462 72.452,402.671,340.5,340.5,0.794,-0.241,0.047,-0.017,86,0,0,1,0,1,0,0,112.369,387.724,2.357,-0.835,0,0,0,0,0,0,0,0,425.765,81.885,219,150,-0.698,-0.486,-0.039,-0.031,54,316.5,93,-2.5,0,0,0,0,0,0,0,0,0,840

Main.js:462 73.251,402.427,340.5,340.5,0.799,-0.244,0.047,-0.017,85,0,0,1,0,1,0,0,114.725,386.889,2.357,-0.835,0,0,0,0,0,0,0,0,425.065,81.394,219,148.5,-0.7,-0.491,-0.039,-0.031,53,314,93,-2.5,0,0,0,0,0,0,0,0,0,856

Main.js:462 74.055,402.179,340.5,340.5,0.804,-0.248,0.047,-0.017,84,0,0,1,0,1,0,0,117.082,386.055,2.357,-0.835,0,0,0,0,0,0,0,0,424.363,80.897,219,147,-0.702,-0.497,-0.039,-0.031,52,311.5,93,-2.5,0,0,0,0,0,0,0,0,0,874

Main.js:462 74.864,401.927,340.5,340.5,0.809,-0.251,0.047,-0.017,83,0,0,1,0,1,0,0,119.439,385.22,2.357,-0.835,0,0,0,0,0,0,0,0,423.659,80.396,219,145.5,-0.704,-0.502,-0.039,-0.031,51,309,93,-2.5,0,0,0,0,0,0,0,0,0,889

Main.js:462 75.676,401.673,340.5,340.5,0.813,-0.255,0.047,-0.017,82,0,0,1,0,1,0,0,121.795,384.386,2.357,-0.835,0,0,0,0,0,0,0,0,422.954,79.889,219,144,-0.705,-0.506,-0.039,-0.031,50,306.5,93,-2.5,0,0,0,0,0,0,0,0,0,907

Main.js:462 76.494,401.415,340.5,340.5,0.817,-0.258,0.047,-0.017,81,0,0,1,0,0,0,0,124.152,383.551,2.357,-0.835,0,0,0,0,0,0,0,0,422.247,79.378,219,142.5,-0.707,-0.511,-0.039,-0.031,49,304,93,-2.5,0,0,0,0,0,0,0,0,0,922

Main.js:462 77.315,401.154,340.5,340.5,0.821,-0.261,0.047,-0.017,80,0,0,1,0,0,0,0,126.508,382.717,2.357,-0.835,0,0,0,0,0,0,0,0,421.538,78.863,219,141,-0.709,-0.515,-0.039,-0.031,48,301.5,93,-2.5,0,0,0,0,0,0,0,0,0,941

Main.js:462 78.139,400.89,340.5,340.5,0.825,-0.264,0.047,-0.017,79,0,0,1,0,0,0,0,128.865,381.882,2.357,-0.835,0,0,0,0,0,0,0,0,420.828,78.343,219,139.5,-0.71,-0.52,-0.039,-0.031,47,299,93,-2.5,0,0,0,0,0,0,0,0,0,957

Main.js:462 78.968,400.624,340.5,340.5,0.828,-0.266,0.047,-0.017,78,0,0,1,0,0,0,0,131.222,381.048,2.357,-0.835,0,0,0,0,0,0,0,0,420.117,77.82,219,138,-0.711,-0.523,-0.039,-0.031,46,296.5,93,-2.5,0,0,0,0,0,0,0,0,0,974

Main.js:462 79.799,400.355,340.5,340.5,0.832,-0.269,0.047,-0.017,77,0,0,1,0,0,0,0,133.578,380.213,2.357,-0.835,0,0,0,0,0,0,0,0,419.404,77.293,219,136.5,-0.713,-0.527,-0.039,-0.031,45,294,93,-2.5,0,0,0,0,0,0,0,0,0,990

Main.js:462 80.634,400.084,340.5,340.5,0.835,-0.271,0.047,-0.017,76,0,0,1,0,1,0,0,135.935,379.379,2.357,-0.835,0,0,0,0,0,0,0,0,418.69,76.762,219,135,-0.714,-0.531,-0.039,-0.031,44,291.5,93,-2.5,0,0,0,0,0,0,0,0,0,1008

Main.js:462 81.472,399.81,340.5,340.5,0.838,-0.274,0.047,-0.017,75,0,0,1,0,1,0,0,138.291,378.544,2.357,-0.835,0,0,0,0,0,0,0,0,417.974,76.229,217.5,132,-0.716,-0.533,-0.04,-0.03,43,289,93,-2.5,0,0,0,0,0,0,0,0,0,1022

Main.js:462 82.313,399.534,340.5,340.5,0.841,-0.276,0.047,-0.017,74,0,0,1,0,1,0,0,140.648,377.71,2.357,-0.835,0,0,0,0,0,0,0,0,417.255,75.695,216,129,-0.719,-0.534,-0.04,-0.029,42,286.5,93,-2.5,0,0,0,0,0,0,0,0,0,1039

Main.js:462 83.156,399.257,340.5,340.5,0.843,-0.278,0.047,-0.017,73,0,0,1,0,1,0,0,143.005,376.875,2.357,-0.835,0,0,0,0,0,0,0,0,416.533,75.16,214.5,126,-0.722,-0.535,-0.041,-0.028,41,284,93,-2.5,0,0,0,0,0,0,0,0,0,1056

Main.js:462 84.002,398.977,340.5,340.5,0.846,-0.28,0.047,-0.017,72,0,0,1,0,1,0,0,145.361,376.041,2.357,-0.835,0,0,0,0,0,0,0,0,415.808,74.626,213,123,-0.726,-0.534,-0.042,-0.027,40,281.5,93,-2.5,0,0,0,0,0,0,0,0,0,1073

Main.js:462 84.851,398.695,340.5,340.5,0.849,-0.282,0.047,-0.017,71,0,0,1,0,1,0,0,147.718,375.206,2.357,-0.835,0,0,0,0,0,0,0,0,415.078,74.095,211.5,120,-0.73,-0.532,-0.043,-0.026,39,279,93,-2.5,0,0,0,0,0,0,0,0,0,1089

Main.js:462 85.702,398.412,340.5,340.5,0.851,-0.283,0.047,-0.017,70,0,0,1,0,0,0,0,150.074,374.372,2.357,-0.835,0,0,0,0,0,0,0,0,414.343,73.566,210,117,-0.735,-0.529,-0.043,-0.025,38,276.5,93,-2.5,0,0,0,0,0,0,0,0,0,1133

Main.js:462 86.555,398.127,340.5,340.5,0.853,-0.285,0.047,-0.017,69,0,0,1,0,0,0,0,152.431,373.537,2.357,-0.835,0,0,0,0,0,0,0,0,413.604,73.04,208.5,114,-0.74,-0.525,-0.044,-0.024,37,274,93,-2.5,0,0,0,0,0,0,0,0,0,1156

Main.js:462 87.41,397.84,340.5,340.5,0.855,-0.287,0.047,-0.017,68,0,0,1,0,0,0,0,154.788,372.703,2.357,-0.835,0,0,0,0,0,0,0,0,412.859,72.52,207,111,-0.745,-0.52,-0.045,-0.023,36,271.5,93,-2.5,0,0,0,0,0,0,0,0,0,1174

Main.js:462 88.267,397.552,340.5,340.5,0.857,-0.288,0.047,-0.017,67,0,0,1,0,1,0,0,157.144,371.868,2.357,-0.835,0,0,0,0,0,0,0,0,412.108,72.005,205.5,108,-0.751,-0.515,-0.045,-0.022,35,269,93,-2.5,0,0,0,0,0,0,0,0,0,1189

Main.js:462 89.127,397.262,340.5,340.5,0.859,-0.29,0.047,-0.017,66,0,0,1,0,1,0,0,159.501,371.034,2.357,-0.835,0,0,0,0,0,0,0,0,411.352,71.497,204,105,-0.756,-0.508,-0.046,-0.02,34,266.5,93,-2.5,0,0,0,0,0,0,0,0,0,1205

Main.js:462 89.988,396.971,340.5,340.5,0.861,-0.291,0.047,-0.017,65,0,0,1,0,1,0,0,161.857,370.199,2.357,-0.835,0,0,0,0,0,0,0,0,410.589,70.995,202.5,102,-0.762,-0.501,-0.046,-0.019,33,264,93,-2.5,0,0,0,0,0,0,0,0,0,1222

Main.js:462 90.85,396.679,340.5,340.5,0.863,-0.292,0.047,-0.017,64,0,0,1,0,1,0,0,164.214,369.365,2.357,-0.835,0,0,0,0,0,0,0,0,409.821,70.502,201,99,-0.769,-0.493,-0.047,-0.018,32,261.5,93,-2.5,0,0,0,0,0,0,0,0,0,1241

Main.js:462 91.715,396.385,340.5,340.5,0.864,-0.294,0.047,-0.017,63,0,0,1,0,1,0,0,166.571,368.53,2.357,-0.835,0,0,0,0,0,0,0,0,409.046,70.018,199.5,96,-0.775,-0.484,-0.047,-0.017,31,259,93,-2.5,0,0,0,0,0,0,0,0,0,1256

Main.js:462 92.581,396.09,340.5,340.5,0.866,-0.295,0.047,-0.017,62,0,0,1,0,1,0,0,168.927,367.696,2.357,-0.835,0,0,0,0,0,0,0,0,408.264,69.543,198,93,-0.781,-0.475,-0.048,-0.015,30,256.5,93,-2.5,0,0,0,0,0,0,0,0,0,1273

Main.js:462 93.448,395.795,340.5,340.5,0.867,-0.296,0.047,-0.017,61,0,0,1,0,0,0,0,171.284,366.861,2.357,-0.835,0,0,0,0,0,0,0,0,407.476,69.078,196.5,90,-0.788,-0.465,-0.048,-0.014,29,254,93,-2.5,0,0,0,0,0,0,0,0,0,1291

Main.js:462 94.317,395.498,340.5,340.5,0.869,-0.297,0.047,-0.017,60,0,0,1,0,0,0,0,173.64,366.027,2.357,-0.835,0,0,0,0,0,0,0,0,406.682,68.625,195,87,-0.794,-0.454,-0.048,-0.013,28,251.5,93,-2.5,0,0,0,0,0,0,0,0,0,1306

Main.js:462 95.187,395.2,340.5,340.5,0.87,-0.298,0.047,-0.017,59,0,0,1,0,0,0,0,175.997,365.192,2.357,-0.835,0,0,0,0,0,0,0,0,405.881,68.183,193.5,84,-0.801,-0.442,-0.049,-0.012,27,249,93,-2.5,0,0,0,0,0,0,0,0,0,1323

Main.js:462 96.058,394.901,340.5,340.5,0.871,-0.299,0.047,-0.017,58,0,0,1,0,0,0,0,178.354,364.357,2.357,-0.835,0,0,0,0,0,0,0,0,405.074,67.753,192,81,-0.807,-0.43,-0.049,-0.01,26,246.5,93,-2.5,0,0,0,0,0,0,0,0,0,1339

Main.js:462 96.931,394.601,340.5,340.5,0.873,-0.3,0.047,-0.017,57,0,0,1,0,0,0,0,180.71,363.523,2.357,-0.835,0,0,0,0,0,0,0,0,404.26,67.336,190.5,78,-0.814,-0.417,-0.049,-0.009,25,244,93,-2.5,0,0,0,0,0,0,0,0,0,1357

Main.js:462 97.805,394.3,340.5,340.5,0.874,-0.301,0.047,-0.017,56,0,0,1,0,1,0,0,183.067,362.688,2.357,-0.835,0,0,0,0,0,0,0,0,403.44,66.932,189,75,-0.82,-0.404,-0.049,-0.008,24,241.5,93,-2.5,0,0,0,0,0,0,0,0,0,1374

Main.js:462 98.679,393.999,340.5,340.5,0.875,-0.302,0.047,-0.017,55,0,0,1,0,1,0,0,185.423,361.854,2.357,-0.835,0,0,0,0,0,0,0,0,402.615,66.543,187.5,72,-0.826,-0.39,-0.05,-0.007,23,239,93,-2.5,0,0,0,0,0,0,0,0,0,1390

Main.js:462 99.555,393.696,340.5,340.5,0.876,-0.302,0.047,-0.017,54,0,0,1,0,1,0,0,187.78,361.019,2.357,-0.835,0,0,0,0,0,0,0,0,401.783,66.168,186,69,-0.832,-0.375,-0.05,-0.005,22,236.5,93,-2.5,0,0,0,0,0,0,0,0,0,1408

Main.js:462 100.432,393.393,340.5,340.5,0.877,-0.303,0.047,-0.017,53,0,0,1,0,1,0,0,190.137,360.185,2.357,-0.835,0,0,0,0,0,0,0,0,400.945,65.807,184.5,66,-0.838,-0.36,-0.05,-0.004,21,234,93,-2.5,0,0,0,0,0,0,0,0,0,1423

Main.js:462 101.31,393.09,340.5,340.5,0.878,-0.304,0.047,-0.017,52,0,0,1,0,1,0,0,192.493,359.35,2.357,-0.835,0,0,0,0,0,0,0,0,400.102,65.463,183,63,-0.843,-0.345,-0.05,-0.003,20,231.5,93,-2.5,0,0,0,0,0,0,0,0,0,1440

Main.js:462 102.189,392.785,340.5,340.5,0.879,-0.304,0.047,-0.017,51,0,0,1,0,1,0,0,194.85,358.516,2.357,-0.835,0,0,0,0,0,0,0,0,399.253,65.134,181.5,60,-0.849,-0.329,-0.05,-0.001,19,229,93,-2.5,0,0,0,0,0,0,0,0,0,1457

Main.js:462 103.068,392.48,340.5,340.5,0.88,-0.305,0.047,-0.017,50,0,0,1,0,1,0,0,197.207,357.681,2.357,-0.835,0,0,0,0,0,0,0,0,398.4,64.822,180,57,-0.854,-0.312,-0.05,0,18,226.5,93,-2.5,0,0,0,0,0,0,0,0,0,1473

Main.js:462 103.949,392.175,340.5,340.5,0.88,-0.306,0.047,-0.017,49,0,0,1,0,0,0,0,199.563,356.847,2.357,-0.835,0,0,0,0,0,0,0,0,397.541,64.527,178.5,54,-0.858,-0.295,-0.05,0.001,17,224,93,-2.5,0,0,0,0,0,0,0,0,0,1490

Main.js:462 104.83,391.868,340.5,340.5,0.881,-0.306,0.047,-0.017,48,0,0,1,0,0,0,0,201.92,356.012,2.357,-0.835,0,0,0,0,0,0,0,0,396.678,64.249,177,51,-0.863,-0.278,-0.05,0.003,16,221.5,93,-2.5,0,0,0,0,0,0,0,0,0,1506

Main.js:462 105.711,391.562,340.5,340.5,0.882,-0.307,0.047,-0.017,47,0,0,1,0,0,0,0,204.276,355.178,2.357,-0.835,0,0,0,0,0,0,0,0,395.811,63.989,175.5,48,-0.867,-0.26,-0.05,0.004,15,219,93,-2.5,0,0,0,0,0,0,0,0,0,1524

Main.js:462 106.594,391.254,340.5,340.5,0.882,-0.307,0.047,-0.017,46,0,0,1,0,0,0,0,206.633,354.343,2.357,-0.835,0,0,0,0,0,0,0,0,394.94,63.746,174,45,-0.871,-0.242,-0.05,0.005,14,216.5,93,-2.5,0,0,0,0,0,0,0,0,0,1541

Main.js:462 107.477,390.947,340.5,340.5,0.883,-0.308,0.047,-0.017,45,0,0,1,0,0,0,0,208.99,353.509,2.357,-0.835,0,0,0,0,0,0,0,0,394.066,63.522,172.5,42,-0.875,-0.224,-0.05,0.007,13,214,93,-2.5,0,0,0,0,0,0,0,0,0,1557

Main.js:462 108.361,390.638,340.5,340.5,0.884,-0.308,0.047,-0.017,44,0,0,1,0,1,0,0,211.346,352.674,2.357,-0.835,0,0,0,0,0,0,0,0,393.188,63.317,171,39,-0.878,-0.205,-0.049,0.008,12,211.5,93,-2.5,0,0,0,0,0,0,0,0,0,1573

Main.js:462 109.245,390.33,340.5,340.5,0.884,-0.309,0.047,-0.017,43,0,0,1,0,1,0,0,213.703,351.84,2.357,-0.835,0,0,0,0,0,0,0,0,392.307,63.13,169.5,36,-0.881,-0.187,-0.049,0.009,11,209,93,-2.5,0,0,0,0,0,0,0,0,0,1589

Main.js:462 110.13,390.021,340.5,340.5,0.885,-0.309,0.047,-0.017,42,0,0,1,0,1,0,0,216.059,351.005,2.357,-0.835,0,0,0,0,0,0,0,0,391.424,62.963,168,33,-0.883,-0.167,-0.049,0.01,10,206.5,93,-2.5,0,0,0,0,0,0,0,0,0,1606

Main.js:462 111.015,389.711,340.5,340.5,0.885,-0.31,0.047,-0.017,41,0,0,1,0,1,0,0,218.416,350.171,2.357,-0.835,0,0,0,0,0,0,0,0,390.539,62.815,166.5,30,-0.885,-0.148,-0.049,0.012,9,204,93,-2.5,0,0,0,0,0,0,0,0,0,1622

Main.js:462 111.901,389.401,340.5,340.5,0.886,-0.31,0.047,-0.017,40,0,0,1,0,1,0,0,220.773,349.336,2.357,-0.835,0,0,0,0,0,0,0,0,389.653,62.687,165,27,-0.887,-0.128,-0.048,0.013,8,201.5,93,-2.5,0,0,0,0,0,0,0,0,0,1640

Main.js:462 112.788,389.091,340.5,340.5,0.886,-0.31,0.047,-0.017,39,0,0,1,0,1,0,0,223.129,348.502,2.357,-0.835,0,0,0,0,0,0,0,0,388.765,62.578,163.5,24,-0.888,-0.108,-0.048,0.014,7,199,93,-2.5,0,0,0,0,0,0,0,0,0,1656

Main.js:462 113.675,388.78,340.5,340.5,0.887,-0.311,0.047,-0.017,38,0,0,1,0,1,0,0,225.486,347.667,2.357,-0.835,0,0,0,0,0,0,0,0,387.876,62.49,162,21,-0.889,-0.088,-0.048,0.015,6,196.5,93,-2.5,0,0,0,0,0,0,0,0,0,1673

Main.js:462 114.562,388.469,340.5,340.5,0.887,-0.311,0.047,-0.017,37,0,0,1,0,0,0,0,227.842,346.833,2.357,-0.835,0,0,0,0,0,0,0,0,386.987,62.422,160.5,18,-0.889,-0.068,-0.047,0.017,5,194,93,-2.5,0,0,0,0,0,0,0,0,0,1690

Main.js:462 115.45,388.158,340.5,340.5,0.888,-0.311,0.047,-0.017,36,0,0,1,0,0,0,0,230.199,345.998,2.357,-0.835,0,0,0,0,0,0,0,0,386.098,62.375,159,15,-0.889,-0.048,-0.047,0.018,4,191.5,93,-2.5,0,0,0,0,0,0,0,0,0,1707

Main.js:462 116.338,387.847,340.5,340.5,0.888,-0.312,0.047,-0.017,35,0,0,1,0,0,0,0,232.556,345.164,2.357,-0.835,0,0,0,0,0,0,0,0,385.21,62.348,157.5,12,-0.888,-0.027,-0.046,0.019,3,189,93,-2.5,0,0,0,0,0,0,0,0,0,1727

Main.js:462 117.226,387.535,340.5,340.5,0.888,-0.312,0.047,-0.017,34,0,0,1,0,0,0,0,234.912,344.329,2.357,-0.835,0,0,0,0,0,0,0,0,384.323,62.341,156,9,-0.887,-0.006,-0.046,0.02,2,186.5,93,-2.5,0,0,0,0,0,0,0,0,0,1741

Main.js:462 118.115,387.223,340.5,340.5,0.889,-0.312,0.047,-0.017,33,0,0,1,0,0,0,0,237.269,343.495,2.357,-0.835,0,0,0,0,0,0,0,0,383.437,62.356,154.5,6,-0.886,0.014,-0.045,0.022,1,184,93,-2.5,0,0,0,0,0,0,0,0,0,1757

Main.js:462 119.004,386.91,340.5,340.5,0.889,-0.312,0.047,-0.017,32,0,0,1,0,1,0,0,239.625,342.66,2.357,-0.835,0,0,0,0,0,0,0,0,382.553,62.391,153,3,-0.884,0.035,-0.045,0.023,0,181.5,93,-2.5,0,0,0,0,0,0,0,0,0,1773

Main.js:462 119.894,386.598,340.5,340.5,0.889,-0.313,0.047,-0.017,31,0,0,1,0,1,0,0,241.982,341.826,2.357,-0.835,0,0,0,0,0,0,0,0,381.672,62.447,151.5,0,-0.881,0.056,-0.044,0.024,99,179,93,-2.5,0,0,0,0,0,0,0,0,0,1791

Main.js:462 120.783,386.285,340.5,340.5,0.89,-0.313,0.047,-0.017,30,0,0,1,0,1,0,0,244.339,340.991,2.357,-0.835,0,0,0,0,0,0,0,0,380.793,62.525,150,357,-0.878,0.077,-0.043,0.025,98,176.5,93,-2.5,0,406.053,62.391,2.5,0,0,0,0,0,1807

Main.js:462 121.674,385.972,340.5,340.5,0.89,-0.313,0.047,-0.017,29,0,0,1,0,1,0,0,246.695,340.156,2.357,-0.835,0,0,0,0,0,0,0,0,379.918,62.623,148.5,354,-0.875,0.098,-0.043,0.026,97,174,93,-2.5,0,408.553,62.391,2.5,0,0,0,0,0,1823

Main.js:462 122.564,385.659,340.5,340.5,0.89,-0.313,0.047,-0.017,28,0,0,1,0,1,0,0,249.052,339.322,2.357,-0.835,0,0,0,0,0,0,0,0,379.047,62.742,147,351,-0.871,0.119,-0.042,0.027,96,171.5,93,-2.5,0,411.053,62.391,2.5,0,0,0,0,0,1840

Main.js:462 123.454,385.346,340.5,340.5,0.891,-0.313,0.047,-0.017,27,0,0,1,0,1,0,0,251.408,338.487,2.357,-0.835,0,0,0,0,0,0,0,0,378.18,62.882,145.5,348,-0.867,0.14,-0.041,0.028,95,169,93,-2.5,0,413.553,62.391,2.5,0,0,0,0,0,1857

Main.js:462 124.345,385.032,340.5,340.5,0.891,-0.314,0.047,-0.017,26,0,0,1,0,1,0,0,253.765,337.653,2.357,-0.835,0,0,0,0,0,0,0,0,377.318,63.043,144,345,-0.862,0.161,-0.04,0.029,94,166.5,93,-2.5,0,416.053,62.391,2.5,0,0,0,0,0,1873

Main.js:462 125.236,384.718,340.5,340.5,0.891,-0.314,0.047,-0.017,25,0,0,1,0,0,0,0,256.122,336.818,2.357,-0.835,0,0,0,0,0,0,0,0,376.462,63.225,142.5,342,-0.856,0.182,-0.04,0.03,93,164,93,-2.5,0,418.553,62.391,2.5,0,0,0,0,0,1891

Main.js:462 126.128,384.404,340.5,340.5,0.891,-0.314,0.047,-0.017,24,0,0,1,0,0,0,0,258.478,335.984,2.357,-0.835,0,0,0,0,0,0,0,0,375.611,63.427,141,339,-0.85,0.203,-0.039,0.031,92,161.5,93,-2.5,0,421.053,62.391,2.5,0,0,0,0,0,1908

Main.js:462 127.019,384.09,340.5,340.5,0.892,-0.314,0.047,-0.017,23,0,0,1,0,0,0,0,260.835,335.149,2.357,-0.835,0,0,0,0,0,0,0,0,374.767,63.651,139.5,336,-0.844,0.223,-0.038,0.032,91,159,93,-2.5,0,423.553,62.391,2.5,0,0,0,0,0,1922

Main.js:462 127.911,383.776,340.5,340.5,0.892,-0.314,0.047,-0.017,22,0,0,1,0,0,0,0,263.191,334.315,2.357,-0.835,0,0,0,0,0,0,0,0,373.93,63.895,138,333,-0.837,0.244,-0.037,0.033,90,156.5,93,-2.5,0,426.053,62.391,2.5,0,0,0,0,0,1939

Main.js:462 128.803,383.462,340.5,340.5,0.892,-0.314,0.047,-0.017,21,0,0,1,0,0,0,0,265.548,333.48,2.357,-0.835,0,0,0,0,0,0,0,0,373.1,64.159,136.5,330,-0.83,0.264,-0.036,0.034,89,154,93,-2.5,0,428.553,62.391,2.5,0,0,0,0,0,1956

Main.js:462 129.695,383.147,340.5,340.5,0.892,-0.315,0.047,-0.017,20,0,0,1,0,1,0,0,267.905,332.646,2.357,-0.835,0,0,0,0,0,0,0,0,372.279,64.444,135,327,-0.822,0.285,-0.035,0.035,88,151.5,93,-2.5,0,431.053,62.391,2.5,0,0,0,0,0,1975

Main.js:462 130.587,382.832,340.5,340.5,0.892,-0.315,0.047,-0.017,19,0,0,1,0,1,0,0,270.261,331.811,2.357,-0.835,0,0,0,0,0,0,0,0,371.465,64.749,133.5,324,-0.813,0.305,-0.034,0.036,87,149,93,-2.5,0,433.553,62.391,2.5,0,0,0,0,0,1990

Main.js:462 131.48,382.518,340.5,340.5,0.892,-0.315,0.047,-0.017,18,0,0,1,0,1,0,0,272.618,330.977,2.357,-0.835,0,0,0,0,0,0,0,0,370.66,65.074,132,321,-0.805,0.325,-0.033,0.037,86,146.5,93,-2.5,0,436.053,62.391,2.5,0,0,0,0,0,2005

Main.js:462 132.372,382.203,340.5,340.5,0.893,-0.315,0.047,-0.017,17,0,0,1,0,1,0,0,274.974,330.142,2.357,-0.835,0,0,0,0,0,0,0,0,369.863,65.417,133.5,321,-0.797,0.343,-0.034,0.036,85,144,93,-2.5,0,438.553,62.391,2.5,0,0,0,0,0,2022

Main.js:462 133.265,381.888,340.5,340.5,0.893,-0.315,0.047,-0.017,16,0,0,1,0,1,0,0,277.331,329.308,2.357,-0.835,0,0,0,0,0,0,0,0,369.073,65.777,135,321,-0.791,0.36,-0.035,0.035,84,141.5,93,-2.5,0,441.053,62.391,2.5,0,0,0,0,0,2040

Main.js:462 134.157,381.571,339,339,0.892,-0.316,0.047,-0.018,15,1,0,1,0,1,0,0,279.688,328.473,2.357,-0.835,0,0,0,0,0,0,0,0,368.287,66.151,136.5,321,-0.786,0.374,-0.036,0.034,83,139,93,-2.5,0,443.553,62.391,2.5,0,0,0,0,0,2057

Main.js:462 135.049,381.253,337.5,337.5,0.892,-0.319,0.046,-0.019,14,1,0,1,0,1,0,0,282.044,327.639,2.357,-0.835,0,0,0,0,0,0,0,0,367.505,66.539,138,321,-0.782,0.387,-0.037,0.033,82,136.5,93,-2.5,0,446.053,62.391,2.5,0,0,0,0,0,2074

Main.js:462 135.939,380.931,336,336,0.89,-0.322,0.046,-0.02,13,1,0,1,0,0,0,0,284.401,326.804,2.357,-0.835,0,0,0,0,0,0,0,0,366.726,66.938,139.5,321,-0.779,0.399,-0.038,0.032,81,134,93,-2.5,0,448.553,62.391,2.5,0,0,0,0,0,2089

Main.js:462 136.828,380.604,334.5,334.5,0.889,-0.326,0.045,-0.022,12,1,0,1,0,0,0,0,286.757,325.97,2.357,-0.835,0,0,0,0,0,0,0,0,365.95,67.347,141,321,-0.777,0.409,-0.039,0.031,80,131.5,93,-2.5,0,451.053,62.391,2.5,0,0,0,0,0,2106

Main.js:462 137.715,380.273,333,333,0.887,-0.332,0.045,-0.023,11,1,0,1,0,0,0,0,289.114,325.135,2.357,-0.835,0,0,0,0,0,0,0,0,365.174,67.764,142.5,321,-0.776,0.417,-0.04,0.03,79,129,93,-2.5,0,453.553,62.391,2.5,0,0,0,0,0,2123

Main.js:462 138.6,379.936,333,333,0.885,-0.337,0.045,-0.023,10,0,0,1,0,0,0,0,291.471,324.301,2.357,-0.835,0,0,0,0,0,0,0,0,364.399,68.188,144,321,-0.775,0.424,-0.04,0.029,78,126.5,93,-2.5,0,456.053,62.391,2.5,0,0,0,0,0,2140

Main.js:462 139.482,379.595,333,333,0.883,-0.341,0.045,-0.023,9,0,0,1,0,0,0,0,293.827,323.466,2.357,-0.835,0,0,0,0,0,0,0,0,363.623,68.619,145.5,321,-0.776,0.43,-0.041,0.028,77,124,93,-2.5,0,458.553,62.391,2.5,0,0,0,0,0,2156

Main.js:462 140.363,379.249,333,333,0.881,-0.346,0.045,-0.023,8,0,0,1,0,0,0,0,296.184,322.632,2.357,-0.835,0,0,0,0,0,0,0,0,362.847,69.053,147,321,-0.777,0.434,-0.042,0.027,76,121.5,93,-2.5,0,461.053,62.391,2.5,0,0,0,0,0,2173

Main.js:462 141.243,378.899,333,333,0.879,-0.35,0.045,-0.023,7,0,0,1,0,1,0,0,298.54,321.797,2.357,-0.835,0,0,0,0,0,0,0,0,362.068,69.491,148.5,321,-0.778,0.438,-0.043,0.026,75,119,93,-2.5,0,463.553,62.391,2.5,0,0,0,0,0,2189

Main.js:462 142.12,378.545,333,333,0.878,-0.354,0.045,-0.023,6,0,0,1,0,1,0,0,300.897,320.963,2.357,-0.835,0,0,0,0,0,0,0,0,361.288,69.93,150,321,-0.781,0.439,-0.043,0.025,74,116.5,93,-2.5,0,466.053,62.391,2.5,0,0,0,0,0,2206

Main.js:462 142.996,378.187,333,333,0.876,-0.358,0.045,-0.023,5,0,0,1,0,1,0,0,303.254,320.128,2.357,-0.835,0,0,0,0,0,0,0,0,360.504,70.37,151.5,321,-0.783,0.44,-0.044,0.024,73,114,93,-2.5,0,468.553,62.391,2.5,0,0,0,0,0,2222

Main.js:462 143.871,377.825,333,333,0.875,-0.362,0.045,-0.023,4,0,0,1,0,1,0,0,305.61,319.294,2.357,-0.835,0,0,0,0,0,0,0,0,359.718,70.81,153,321,-0.786,0.44,-0.045,0.023,72,111.5,93,-2.5,0,471.053,62.391,2.5,0,0,0,0,0,2240

Main.js:462 144.744,377.46,333,333,0.873,-0.365,0.045,-0.023,3,0,0,1,0,1,0,0,307.967,318.459,2.357,-0.835,0,0,0,0,0,0,0,0,358.928,71.248,154.5,321,-0.79,0.438,-0.045,0.022,71,109,93,-2.5,0,473.553,62.391,2.5,0,0,0,0,0,2256

Main.js:462 145.616,377.091,333,333,0.872,-0.368,0.045,-0.023,2,0,0,1,0,1,0,0,310.323,317.625,2.357,-0.835,0,0,0,0,0,0,0,0,358.134,71.684,156,321,-0.794,0.436,-0.046,0.02,70,106.5,93,-2.5,0,476.053,62.391,2.5,0,0,0,0,0,2274

Main.js:462 146.487,376.72,333,333,0.871,-0.372,0.045,-0.023,1,0,0,1,0,1,0,0,312.68,316.79,2.357,-0.835,0,0,0,0,0,0,0,0,357.336,72.115,157.5,321,-0.798,0.432,-0.046,0.019,69,104,93,-2.5,0,478.553,62.391,2.5,0,0,0,0,0,2289

Main.js:462 147.356,376.345,333,333,0.869,-0.375,0.045,-0.023,0,0,0,1,0,0,0,0,315.037,315.955,2.357,-0.835,0,0,0,0,0,0,0,0,356.534,72.543,159,321,-0.803,0.427,-0.047,0.018,68,101.5,93,-2.5,0,481.053,62.391,2.5,0,0,0,0,0,2308

Main.js:462 148.224,375.968,333,333,0.868,-0.377,0.045,-0.023,0,0,0,1,0,0,0,0,317.393,315.121,2.357,-0.835,0,0,0,0,0,0,0,0,355.726,72.965,160.5,321,-0.807,0.422,-0.047,0.017,67,99,93,-2.5,0,483.553,62.391,2.5,0,0,0,0,0,2323

Main.js:462 149.091,375.588,333,333,0.867,-0.38,0.045,-0.023,0,0,0,1,0,0,0,0,319.75,314.286,2.357,-0.835,0,0,0,0,0,0,0,0,354.914,73.38,162,321,-0.812,0.415,-0.048,0.015,66,96.5,93,-2.5,0,486.053,62.391,2.5,0,0,0,0,0,2339

Main.js:462 149.957,375.205,333,333,0.866,-0.383,0.045,-0.023,0,0,0,1,0,0,0,0,322.106,313.452,2.357,-0.835,0,0,0,0,0,0,0,0,354.097,73.788,163.5,321,-0.817,0.408,-0.048,0.014,65,94,93,-2.5,0,488.553,62.391,2.5,0,0,0,0,0,2356

Main.js:462 150.822,374.82,333,333,0.865,-0.385,0.045,-0.023,99,0,0,1,0,1,0,0,324.463,312.617,2.357,-0.835,0,0,0,0,0,0,0,0,353.276,74.188,165,321,-0.822,0.4,-0.048,0.013,64,91.5,93,-2.5,0,491.053,62.391,2.5,0,0,0,0,0,2373

Main.js:462 151.687,374.432,333,333,0.864,-0.387,0.045,-0.023,98,0,0,1,0,1,0,0,326.82,311.783,2.357,-0.835,170.896,364.536,2.228,-1.135,0,0,0,0,352.448,74.58,166.5,321,-0.827,0.391,-0.049,0.012,63,89,93,-2.5,0,493.553,62.391,2.5,0,0,0,0,0,2391

Main.js:462 152.55,374.043,333,333,0.863,-0.39,0.045,-0.023,97,0,0,1,0,1,0,0,329.176,310.948,2.357,-0.835,173.124,363.401,2.228,-1.135,0,0,0,0,351.616,74.961,168,321,-0.832,0.381,-0.049,0.01,62,86.5,93,-2.5,0,496.053,62.391,2.5,0,0,0,0,0,2407

Main.js:462 153.412,373.651,333,333,0.862,-0.392,0.045,-0.023,96,0,0,1,0,1,0,0,331.533,310.114,2.357,-0.835,175.351,362.266,2.228,-1.135,0,0,0,0,350.779,75.332,169.5,321,-0.837,0.371,-0.049,0.009,61,84,93,-2.5,0,498.553,62.391,2.5,0,0,0,0,0,2424

Main.js:462 154.274,373.257,333,333,0.862,-0.394,0.045,-0.023,95,0,0,1,0,1,0,0,333.89,309.279,2.357,-0.835,175.351,362.266,2.228,-1.135,0,0,0,0,349.937,75.692,171,321,-0.842,0.36,-0.049,0.008,60,81.5,93,-2.5,0,0,0,0,0,0,0,0,0,2440

Main.js:462 155.134,372.861,331.5,331.5,0.86,-0.397,0.044,-0.024,94,1,0,1,0,1,0,0,336.246,308.445,2.357,-0.835,177.579,361.131,2.228,-1.135,0,0,0,0,349.089,76.04,172.5,321,-0.847,0.348,-0.05,0.007,59,79,93,-2.5,0,0,0,0,0,0,0,0,0,2457

Main.js:462 155.993,372.46,330,330,0.858,-0.401,0.043,-0.025,93,1,0,1,0,0,0,0,338.603,307.61,2.357,-0.835,179.806,359.996,2.228,-1.135,0,0,0,0,348.237,76.376,174,321,-0.852,0.336,-0.05,0.005,58,76.5,93,-2.5,0,0,0,0,0,0,0,0,0,2474

Main.js:462 156.849,372.055,328.5,328.5,0.856,-0.405,0.043,-0.026,92,1,0,1,0,0,0,0,340.959,306.776,2.357,-0.835,182.034,358.861,2.228,-1.135,0,0,0,0,347.38,76.699,175.5,321,-0.857,0.323,-0.05,0.004,57,74,93,-2.5,0,0,0,0,0,0,0,0,0,2490

Main.js:462 157.702,371.644,327,327,0.853,-0.411,0.042,-0.027,91,1,0,1,0,0,0,0,343.316,305.941,2.357,-0.835,184.261,357.726,2.228,-1.135,0,0,0,0,346.519,77.007,177,321,-0.861,0.309,-0.05,0.003,56,71.5,93,-2.5,0,0,0,0,0,0,0,0,0,2508

Main.js:462 158.551,371.226,325.5,325.5,0.85,-0.417,0.041,-0.028,90,1,0,1,0,0,0,0,345.673,305.107,2.357,-0.835,186.489,356.591,2.228,-1.135,0,0,0,0,345.653,77.304,177,319.5,-0.866,0.296,-0.05,0.003,55,69,93,-2.5,0,0,0,0,0,0,0,0,0,2525

Main.js:462 159.397,370.802,324,324,0.845,-0.424,0.04,-0.029,89,1,0,1,0,0,0,0,348.029,304.272,2.357,-0.835,188.716,355.456,2.228,-1.135,0,0,0,0,344.783,77.587,177,318,-0.87,0.284,-0.05,0.003,54,66.5,93,-2.5,0,0,0,0,0,0,0,0,0,2541

Main.js:462 160.238,370.37,322.5,322.5,0.841,-0.432,0.04,-0.03,88,1,0,1,0,0,0,0,350.386,303.438,2.357,-0.835,190.944,354.321,2.228,-1.135,0,0,0,0,343.909,77.859,177,316.5,-0.874,0.272,-0.05,0.003,53,64,93,-2.5,0,0,0,0,0,0,0,0,0,2556

Main.js:462 161.074,369.93,321,321,0.836,-0.44,0.039,-0.031,87,1,0,1,0,1,0,0,352.742,302.603,2.357,-0.835,193.171,353.186,2.228,-1.135,0,0,0,0,343.031,78.12,177,315,-0.878,0.261,-0.05,0.003,52,61.5,93,-2.5,0,0,0,0,0,0,0,0,0,2574

Main.js:462 161.904,369.481,321,321,0.831,-0.448,0.039,-0.031,86,0,0,1,0,1,0,0,355.099,301.769,2.357,-0.835,195.399,352.051,2.228,-1.135,0,0,0,0,342.15,78.37,177,313.5,-0.881,0.25,-0.05,0.003,51,59,93,-2.5,0,0,0,0,0,0,0,0,0,2590

Main.js:462 162.731,369.026,321,321,0.826,-0.456,0.039,-0.031,85,0,0,1,0,1,0,0,357.456,300.934,2.357,-0.835,197.626,350.916,2.228,-1.135,0,0,0,0,341.266,78.611,177,312,-0.885,0.24,-0.05,0.003,50,56.5,93,-2.5,0,0,0,0,0,0,0,0,0,2607

Main.js:462 163.553,368.563,321,321,0.822,-0.463,0.039,-0.031,84,0,0,1,0,1,0,0,359.812,300.1,2.357,-0.835,199.854,349.781,2.228,-1.135,0,0,0,0,340.378,78.842,177,310.5,-0.888,0.231,-0.05,0.003,49,54,93,-2.5,0,0,0,0,0,0,0,0,0,2622

Main.js:462 164.37,368.093,321,321,0.818,-0.47,0.039,-0.031,83,0,0,1,0,1,0,0,362.169,299.265,2.357,-0.835,202.081,348.646,2.228,-1.135,0,0,0,0,339.487,79.063,177,309,-0.891,0.222,-0.05,0.003,48,51.5,93,-2.5,0,0,0,0,0,0,0,0,0,2640

Main.js:462 165.184,367.617,321,321,0.814,-0.476,0.039,-0.031,82,0,0,1,0,1,0,0,364.525,298.431,2.357,-0.835,204.309,347.511,2.228,-1.135,0,0,0,0,338.593,79.276,177,307.5,-0.894,0.213,-0.05,0.003,47,49,93,-2.5,0,0,0,0,0,0,0,0,0,2656

Main.js:462 165.994,367.135,321,321,0.81,-0.482,0.039,-0.031,81,0,0,1,0,1,0,0,366.882,297.596,2.357,-0.835,206.536,346.376,2.228,-1.135,0,0,0,0,337.697,79.481,177,306,-0.896,0.205,-0.05,0.003,46,46.5,93,-2.5,0,0,0,0,0,0,0,0,0,2672

Main.js:462 166.8,366.647,321,321,0.806,-0.488,0.039,-0.031,80,0,0,1,0,0,0,0,369.239,296.762,2.357,-0.835,208.764,345.241,2.228,-1.135,0,0,0,0,336.798,79.679,177,304.5,-0.899,0.197,-0.05,0.003,45,44,93,-2.5,0,0,0,0,0,0,0,0,0,2689

Main.js:462 167.603,366.154,321,321,0.803,-0.493,0.039,-0.031,79,0,0,1,0,0,0,0,371.595,295.927,2.357,-0.835,210.991,344.106,2.228,-1.135,0,0,0,0,335.896,79.868,177,303,-0.902,0.19,-0.05,0.003,44,41.5,93,-2.5,0,0,0,0,0,0,0,0,0,2706

Main.js:462 168.403,365.655,321,321,0.8,-0.499,0.039,-0.031,78,0,0,1,0,0,0,0,373.952,295.093,2.357,-0.835,213.219,342.972,2.228,-1.135,0,0,0,0,334.992,80.051,177,301.5,-0.904,0.183,-0.05,0.003,43,39,93,-2.5,0,0,0,0,0,0,0,0,0,2722

Main.js:462 169.2,365.152,321,321,0.797,-0.504,0.039,-0.031,77,0,0,1,0,0,0,0,376.308,294.258,2.357,-0.835,215.446,341.837,2.228,-1.135,0,0,0,0,334.086,80.227,177,300,-0.906,0.176,-0.05,0.003,42,36.5,93,-2.5,0,0,0,0,0,0,0,0,0,2739

Main.js:462 169.993,364.643,321,321,0.794,-0.508,0.039,-0.031,76,0,0,1,0,1,0,0,378.665,293.424,2.357,-0.835,217.674,340.702,2.228,-1.135,0,0,0,0,333.178,80.397,177,298.5,-0.908,0.17,-0.05,0.003,41,34,93,-2.5,0,0,0,0,0,0,0,0,0,2755

Main.js:462 170.784,364.131,321,321,0.791,-0.513,0.039,-0.031,75,0,0,1,0,1,0,0,381.022,292.589,2.357,-0.835,219.901,339.567,2.228,-1.135,0,0,0,0,332.267,80.561,177,297,-0.91,0.164,-0.05,0.003,40,31.5,93,-2.5,0,0,0,0,0,0,0,0,0,2774

Main.js:462 171.572,363.613,319.5,319.5,0.788,-0.518,0.038,-0.032,74,1,0,1,0,1,0,0,383.378,291.754,2.357,-0.835,222.129,338.432,2.228,-1.135,0,0,0,0,331.355,80.719,177,295.5,-0.912,0.158,-0.05,0.003,39,29,93,-2.5,0,0,0,0,0,0,0,0,0,2790

Main.js:462 172.355,363.089,318,318,0.783,-0.524,0.037,-0.033,73,1,0,1,0,1,0,0,385.735,290.92,2.357,-0.835,224.356,337.297,2.228,-1.135,0,0,0,0,330.441,80.872,177,294,-0.914,0.153,-0.05,0.003,38,26.5,93,-2.5,0,0,0,0,0,0,0,0,0,2806

Main.js:462 173.134,362.559,316.5,316.5,0.779,-0.53,0.036,-0.034,72,1,0,1,0,1,0,0,388.091,290.085,2.357,-0.835,226.584,336.162,2.228,-1.135,0,0,0,0,329.525,81.019,177,292.5,-0.916,0.148,-0.05,0.003,37,24,93,-2.5,0,0,0,0,0,0,0,0,0,2824

Main.js:462 173.907,362.021,315,315,0.773,-0.537,0.035,-0.035,71,1,0,1,0,1,0,0,390.448,289.251,2.357,-0.835,228.811,335.027,2.228,-1.135,0,0,0,0,328.608,81.162,177,291,-0.917,0.143,-0.05,0.003,36,21.5,93,-2.5,0,0,0,0,0,0,0,0,0,2840

Main.js:462 174.675,361.476,313.5,313.5,0.767,-0.545,0.034,-0.036,70,1,0,1,0,1,0,0,392.805,288.416,2.357,-0.835,231.039,333.892,2.228,-1.135,0,0,0,0,327.689,81.3,177,289.5,-0.919,0.138,-0.05,0.003,35,19,93,-2.5,0,0,0,0,0,0,0,0,0,2856

Main.js:462 175.436,360.923,312,312,0.761,-0.553,0.033,-0.037,69,1,0,1,0,0,0,0,395.161,287.582,2.357,-0.835,233.266,332.757,2.228,-1.135,0,0,0,0,326.768,81.434,177,288,-0.92,0.134,-0.05,0.003,34,16.5,93,-2.5,0,0,0,0,0,0,0,0,0,2873

Main.js:462 176.19,360.362,312,312,0.755,-0.561,0.033,-0.037,68,0,0,1,0,0,0,0,397.518,286.747,2.357,-0.835,235.494,331.622,2.228,-1.135,0,0,0,0,325.846,81.563,177,286.5,-0.922,0.129,-0.05,0.003,33,14,93,-2.5,0,0,0,0,0,0,0,0,0,2889

Main.js:462 176.939,359.794,312,312,0.749,-0.568,0.033,-0.037,67,0,0,1,0,0,0,0,399.874,285.913,2.357,-0.835,237.721,330.487,2.228,-1.135,0,0,0,0,324.923,81.688,177,285,-0.923,0.125,-0.05,0.003,32,11.5,93,-2.5,0,0,0,0,0,0,0,0,0,2905

Main.js:462 177.682,359.219,312,312,0.743,-0.575,0.033,-0.037,66,0,0,1,0,0,0,0,402.231,285.078,2.357,-0.835,239.949,329.352,2.228,-1.135,0,0,0,0,323.999,81.81,177,283.5,-0.925,0.122,-0.05,0.003,31,9,93,-2.5,0,0,0,0,0,0,0,0,0,2922

Main.js:462 178.42,358.638,312,312,0.738,-0.581,0.033,-0.037,65,0,0,1,0,0,0,0,404.588,284.244,2.357,-0.835,242.177,328.217,2.228,-1.135,0,0,0,0,323.073,81.928,177,282,-0.926,0.118,-0.05,0.003,30,6.5,93,-2.5,0,0,0,0,0,0,0,0,0,2939

Main.js:462 179.152,358.05,312,312,0.733,-0.588,0.033,-0.037,64,0,0,1,0,1,0,0,406.944,283.409,2.357,-0.835,244.404,327.082,2.228,-1.135,0,0,0,0,322.146,82.043,177,280.5,-0.927,0.115,-0.05,0.003,29,4,93,-2.5,0,0,0,0,0,0,0,0,0,2956

Main.js:462 179.88,357.457,312,312,0.728,-0.594,0.033,-0.037,63,0,0,1,0,1,0,0,409.301,282.575,2.357,-0.835,246.632,325.947,2.228,-1.135,0,0,0,0,321.218,82.154,177,279,-0.928,0.111,-0.05,0.003,28,1.5,93,-2.5,0,0,0,0,0,0,0,0,0,2972

Main.js:462 180.603,356.858,312,312,0.723,-0.599,0.033,-0.037,62,0,0,1,0,1,0,0,409.301,282.575,2.357,-0.835,248.859,324.812,2.228,-1.135,0,0,0,0,320.289,82.262,177,277.5,-0.929,0.108,-0.05,0.003,27,0,0,0,0,0,0,0,0,0,0,0,0,2989

Main.js:462 181.322,356.253,312,312,0.719,-0.605,0.033,-0.037,61,0,0,1,0,1,0,0,411.657,281.74,2.357,-0.835,251.087,323.677,2.228,-1.135,0,0,0,0,319.359,82.368,177,276,-0.93,0.105,-0.05,0.003,26,0,0,0,0,0,0,0,0,0,0,0,0,3005

Main.js:462 182.036,355.644,312,312,0.715,-0.61,0.033,-0.037,60,0,0,1,0,1,0,0,414.014,280.906,2.357,-0.835,253.314,322.542,2.228,-1.135,0,0,0,0,318.428,82.472,175.5,273,-0.931,0.104,-0.05,0.004,25,0,0,0,0,0,0,0,0,0,0,0,0,3022

Main.js:462 182.747,355.029,312,312,0.711,-0.614,0.033,-0.037,59,0,0,1,0,1,0,0,416.371,280.071,2.357,-0.835,255.542,321.407,2.228,-1.135,0,0,0,0,317.497,82.575,174,270,-0.932,0.104,-0.05,0.005,24,0,0,0,0,0,0,0,0,0,0,0,0,3038

Main.js:462 183.454,354.41,312,312,0.707,-0.619,0.033,-0.037,58,0,0,1,0,1,0,0,418.727,279.237,2.357,-0.835,257.769,320.272,2.228,-1.135,0,0,0,0,316.565,82.68,172.5,267,-0.932,0.105,-0.05,0.007,23,0,0,0,0,0,0,0,0,0,0,0,0,3057

Main.js:462 184.157,353.787,312,312,0.703,-0.623,0.033,-0.037,57,0,0,1,0,0,0,0,421.084,278.402,2.357,-0.835,259.997,319.137,2.228,-1.135,0,0,0,0,315.632,82.787,171,264,-0.932,0.107,-0.049,0.008,22,0,0,0,0,0,0,0,0,0,0,0,0,3072

Main.js:462 184.857,353.159,312,312,0.7,-0.627,0.033,-0.037,56,0,0,1,0,0,0,0,423.44,277.568,2.357,-0.835,262.224,318.002,2.228,-1.135,0,0,0,0,314.7,82.897,169.5,261,-0.932,0.11,-0.049,0.009,21,0,0,0,0,0,0,0,0,0,0,0,0,3089

Main.js:462 185.553,352.528,312,312,0.697,-0.631,0.033,-0.037,55,0,0,1,0,0,0,0,425.797,276.733,2.357,-0.835,264.452,316.867,2.228,-1.135,0,0,0,0,313.768,83.011,168,258,-0.932,0.115,-0.049,0.01,20,0,0,0,0,0,0,0,0,0,0,0,0,3106

Main.js:462 186.247,351.893,312,312,0.694,-0.635,0.033,-0.037,54,0,0,1,0,1,0,0,428.154,275.899,2.357,-0.835,266.679,315.732,2.228,-1.135,0,0,0,0,312.836,83.131,166.5,255,-0.932,0.12,-0.049,0.012,19,0,0,0,0,0,0,0,0,0,0,0,0,3156

Main.js:462 186.938,351.254,312,312,0.691,-0.639,0.033,-0.037,53,0,0,1,0,1,0,0,430.51,275.064,2.357,-0.835,268.907,314.597,2.228,-1.135,0,0,0,0,311.905,83.257,165,252,-0.931,0.126,-0.048,0.013,18,0,0,0,0,0,0,0,0,0,0,0,0,3172

Main.js:462 187.626,350.612,312,312,0.688,-0.642,0.033,-0.037,52,0,0,1,0,1,0,0,432.867,274.23,2.357,-0.835,271.134,313.462,2.228,-1.135,0,0,0,0,310.975,83.391,163.5,249,-0.93,0.133,-0.048,0.014,17,0,0,0,0,0,0,0,0,0,0,0,0,3190

Main.js:462 188.311,349.967,312,312,0.685,-0.645,0.033,-0.037,51,0,0,1,0,1,0,0,435.223,273.395,2.357,-0.835,273.362,312.327,2.228,-1.135,0,0,0,0,310.046,83.532,162,246,-0.929,0.141,-0.048,0.015,16,0,0,0,0,0,0,0,0,0,0,0,0,3206

Main.js:462 188.994,349.318,312,312,0.683,-0.648,0.033,-0.037,50,0,0,1,0,1,0,0,437.58,272.561,2.357,-0.835,275.589,311.192,2.228,-1.135,0,0,0,0,309.119,83.682,160.5,243,-0.927,0.15,-0.047,0.017,15,0,0,0,0,0,0,0,0,0,0,0,0,3222

Main.js:462 189.675,348.667,312,312,0.681,-0.651,0.033,-0.037,49,0,0,1,0,1,0,0,439.937,271.726,2.357,-0.835,277.817,310.057,2.228,-1.135,0,0,0,0,308.193,83.842,159,240,-0.925,0.16,-0.047,0.018,14,0,0,0,0,0,0,0,0,0,0,0,0,3239

Main.js:462 190.353,348.013,312,312,0.678,-0.654,0.033,-0.037,48,0,0,1,0,0,0,0,442.293,270.892,2.357,-0.835,280.044,308.922,2.228,-1.135,0,0,0,0,307.271,84.012,157.5,237,-0.923,0.17,-0.046,0.019,13,0,0,0,0,0,0,0,0,0,0,0,0,3257

Main.js:462 191.029,347.357,312,312,0.676,-0.657,0.033,-0.037,47,0,0,1,0,0,0,0,444.65,270.057,2.357,-0.835,282.272,307.787,2.228,-1.135,0,0,0,0,306.351,84.192,156,234,-0.92,0.181,-0.046,0.02,12,0,0,0,0,0,0,0,0,0,0,0,0,3272

Main.js:462 191.703,346.698,312,312,0.674,-0.659,0.033,-0.037,46,0,0,1,0,0,0,0,447.006,269.223,2.357,-0.835,284.499,306.652,2.228,-1.135,0,0,0,0,305.434,84.385,154.5,231,-0.917,0.192,-0.045,0.022,11,0,0,0,0,0,0,0,0,0,0,0,0,3289

Main.js:462 192.376,346.037,312,312,0.672,-0.661,0.033,-0.037,45,0,0,1,0,0,0,0,449.363,268.388,2.357,-0.835,286.727,305.517,2.228,-1.135,0,0,0,0,304.52,84.589,153,228,-0.913,0.204,-0.045,0.023,10,0,0,0,0,0,0,0,0,0,0,0,0,3307

Main.js:462 193.046,345.373,312,312,0.67,-0.664,0.033,-0.037,44,0,0,1,0,0,0,0,451.72,267.553,2.357,-0.835,288.954,304.382,2.228,-1.135,0,0,0,0,303.611,84.805,151.5,225,-0.909,0.217,-0.044,0.024,9,0,0,0,0,0,0,0,0,0,0,0,0,3323

Main.js:462 193.715,344.707,312,312,0.669,-0.666,0.033,-0.037,43,0,0,1,0,1,0,0,454.076,266.719,2.357,-0.835,291.182,303.247,2.228,-1.135,0,0,0,0,302.706,85.035,150,222,-0.905,0.229,-0.043,0.025,8,0,0,0,0,0,0,0,0,0,0,0,0,3339

Main.js:462 194.382,344.04,312,312,0.667,-0.668,0.033,-0.037,42,0,0,1,0,1,0,0,456.433,265.884,2.357,-0.835,293.409,302.112,2.228,-1.135,0,0,0,0,301.806,85.277,148.5,219,-0.9,0.243,-0.043,0.026,7,0,0,0,0,0,0,0,0,0,0,0,0,3356

Main.js:462 195.047,343.37,312,312,0.665,-0.67,0.033,-0.037,41,0,0,1,0,1,0,0,458.79,265.05,2.357,-0.835,295.637,300.977,2.228,-1.135,0,0,0,0,300.91,85.534,147,216,-0.895,0.257,-0.042,0.027,6,0,0,0,0,0,0,0,0,0,0,0,0,3372

Main.js:462 195.711,342.699,312,312,0.664,-0.671,0.033,-0.037,40,0,0,1,0,1,0,0,461.146,264.215,2.357,-0.835,297.864,299.842,2.228,-1.135,0,0,0,0,300.021,85.804,145.5,213,-0.89,0.271,-0.041,0.028,5,0,0,0,0,0,0,0,0,0,0,0,0,3388

Main.js:462 196.374,342.025,312,312,0.663,-0.673,0.033,-0.037,39,0,0,1,0,1,0,0,463.503,263.381,2.357,-0.835,300.092,298.707,2.228,-1.135,0,0,0,0,299.137,86.089,144,210,-0.884,0.285,-0.04,0.029,4,0,0,0,0,0,0,0,0,0,0,0,0,3406

Main.js:462 197.035,341.351,312,312,0.661,-0.675,0.033,-0.037,38,0,0,1,0,1,0,0,465.859,262.546,2.357,-0.835,302.319,297.572,2.228,-1.135,0,0,0,0,298.26,86.389,142.5,207,-0.877,0.3,-0.04,0.03,3,0,0,0,0,0,0,0,0,0,0,0,0,3424

Main.js:462 197.695,340.674,312,312,0.66,-0.676,0.033,-0.037,37,0,0,1,0,0,0,0,468.216,261.712,2.357,-0.835,304.547,296.437,2.228,-1.135,0,0,0,0,297.39,86.704,141,204,-0.87,0.315,-0.039,0.031,2,0,0,0,0,0,0,0,0,0,0,0,0,3439

Main.js:462 198.353,339.996,312,312,0.659,-0.678,0.033,-0.037,36,0,0,1,0,0,0,0,470.573,260.877,2.357,-0.835,306.774,295.303,2.228,-1.135,0,0,0,0,296.528,87.033,139.5,201,-0.863,0.33,-0.038,0.032,1,0,0,0,0,0,0,0,0,0,0,0,0,3460

Main.js:462 199.011,339.317,312,312,0.658,-0.679,0.033,-0.037,35,0,0,1,0,0,0,0,472.929,260.043,2.357,-0.835,309.002,294.168,2.228,-1.135,0,0,0,0,295.673,87.378,138,198,-0.855,0.345,-0.037,0.033,0,0,0,0,0,0,0,0,0,0,0,0,0,3474

Main.js:462 199.667,338.637,312,312,0.656,-0.681,0.033,-0.037,34,0,0,1,0,0,0,0,475.286,259.208,2.357,-0.835,311.23,293.033,2.228,-1.135,0,0,0,0,294.826,87.739,136.5,195,-0.847,0.36,-0.036,0.034,99,0,0,0,0,0,0,0,0,0,0,0,0,3489

Main.js:462 200.323,337.955,312,312,0.655,-0.682,0.033,-0.037,33,0,0,1,0,0,0,0,477.642,258.374,2.357,-0.835,313.457,291.898,2.228,-1.135,0,0,0,0,293.988,88.115,135,192,-0.838,0.376,-0.035,0.035,98,272.973,81.296,-2.415,-0.647,0,0,0,0,0,0,0,0,3507

Main.js:462 200.977,337.272,312,312,0.654,-0.683,0.033,-0.037,32,0,0,1,0,0,0,0,479.999,257.539,2.357,-0.835,315.685,290.763,2.228,-1.135,0,0,0,0,293.16,88.506,133.5,189,-0.829,0.392,-0.034,0.036,97,270.559,80.649,-2.415,-0.647,0,0,0,0,0,0,0,0,3522

Main.js:462 201.631,336.587,312,312,0.653,-0.684,0.033,-0.037,31,0,0,1,0,1,0,0,482.356,256.705,2.357,-0.835,317.912,289.628,2.228,-1.135,0,0,0,0,292.341,88.914,132,186,-0.819,0.407,-0.033,0.037,96,268.144,80.002,-2.415,-0.647,0,0,0,0,0,0,0,0,3539

Main.js:462 202.283,335.902,312,312,0.653,-0.685,0.033,-0.037,30,0,0,1,0,1,0,0,484.712,255.87,2.357,-0.835,320.14,288.493,2.228,-1.135,0,0,0,0,291.532,89.337,130.5,183,-0.809,0.423,-0.032,0.038,95,265.729,79.355,-2.415,-0.647,0,0,0,0,0,0,0,0,3558

Main.js:462 202.935,335.216,312,312,0.652,-0.686,0.033,-0.037,29,0,0,1,0,1,0,0,487.069,255.036,2.357,-0.835,322.367,287.358,2.228,-1.135,0,0,0,0,290.733,89.776,129,180,-0.798,0.439,-0.031,0.039,94,263.314,78.708,-2.415,-0.647,0,0,0,0,0,0,0,0,3573

Main.js:462 203.586,334.528,312,312,0.651,-0.687,0.033,-0.037,28,0,0,1,0,1,0,0,489.425,254.201,2.357,-0.835,324.595,286.223,2.228,-1.135,0,0,0,0,289.946,90.23,127.5,177,-0.787,0.455,-0.03,0.04,93,260.899,78.061,-2.415,-0.647,0,0,0,0,0,0,0,0,3589

Main.js:462 204.236,333.84,312,312,0.65,-0.688,0.033,-0.037,27,0,0,1,0,1,0,0,491.782,253.367,2.357,-0.835,326.822,285.088,2.228,-1.135,0,0,0,0,289.17,90.701,126,174,-0.776,0.47,-0.029,0.04,92,258.485,77.414,-2.415,-0.647,0,0,0,0,0,0,0,0,3606

Main.js:462 204.886,333.151,312,312,0.649,-0.689,0.033,-0.037,26,0,0,1,0,1,0,0,494.139,252.532,2.357,-0.835,329.05,283.953,2.228,-1.135,0,0,0,0,288.406,91.187,124.5,171,-0.764,0.486,-0.028,0.041,91,256.07,76.767,-2.415,-0.647,0,0,0,0,0,0,0,0,3622

Main.js:462 205.534,332.461,312,312,0.649,-0.69,0.033,-0.037,25,0,0,1,0,1,0,0,496.495,251.698,2.357,-0.835,331.277,282.818,2.228,-1.135,0,0,0,0,287.655,91.688,123,168,-0.752,0.501,-0.027,0.042,90,253.655,76.12,-2.415,-0.647,0,0,0,0,0,0,0,0,3639

Main.js:462 206.183,331.77,312,312,0.648,-0.691,0.033,-0.037,24,0,0,1,0,0,0,0,498.852,250.863,2.357,-0.835,333.505,281.683,2.228,-1.135,0,0,0,0,286.916,92.205,121.5,165,-0.739,0.517,-0.026,0.043,89,251.24,75.473,-2.415,-0.647,0,0,0,0,0,0,0,0,3656

Main.js:462 206.83,331.079,312,312,0.647,-0.692,0.033,-0.037,23,0,0,1,0,0,0,0,333.505,281.683,2.228,-1.135,0,0,0,0,0,0,0,0,286.19,92.737,120,162,-0.726,0.532,-0.025,0.043,88,248.825,74.826,-2.415,-0.647,0,0,0,0,0,0,0,0,3672

Main.js:462 207.477,330.387,312,312,0.647,-0.692,0.033,-0.037,22,0,0,1,0,0,0,0,335.732,280.548,2.228,-1.135,0,0,0,0,0,0,0,0,285.478,93.285,118.5,159,-0.712,0.547,-0.024,0.044,87,246.41,74.179,-2.415,-0.647,0,0,0,0,0,0,0,0,3689

Main.js:462 208.123,329.694,312,312,0.646,-0.693,0.033,-0.037,21,0,0,1,0,0,0,0,337.96,279.413,2.228,-1.135,0,0,0,0,0,0,0,0,284.78,93.847,117,156,-0.698,0.562,-0.023,0.045,86,243.996,73.532,-2.415,-0.647,0,0,0,0,0,0,0,0,3706

Main.js:462 208.769,329,312,312,0.646,-0.694,0.033,-0.037,20,0,0,1,0,0,0,0,340.187,278.278,2.228,-1.135,0,0,0,0,0,0,0,0,284.096,94.424,115.5,153,-0.684,0.577,-0.022,0.045,85,241.581,72.884,-2.415,-0.647,0,0,0,0,0,0,0,0,3722

Main.js:462 209.414,328.306,312,312,0.645,-0.694,0.033,-0.037,19,0,0,1,0,1,0,0,342.415,277.143,2.228,-1.135,0,0,0,0,0,0,0,0,283.427,95.016,114,150,-0.669,0.592,-0.02,0.046,84,239.166,72.237,-2.415,-0.647,0,0,0,0,0,0,0,0,3738

Main.js:462 210.059,327.611,312,312,0.645,-0.695,0.033,-0.037,18,0,0,1,0,1,0,0,344.642,276.008,2.228,-1.135,0,0,0,0,0,0,0,0,282.774,95.621,112.5,147,-0.653,0.606,-0.019,0.046,83,236.751,71.59,-2.415,-0.647,0,0,0,0,0,0,0,0,3755

Main.js:462 210.704,326.916,312,312,0.644,-0.695,0.033,-0.037,17,0,0,1,0,1,0,0,346.87,274.873,2.228,-1.135,0,0,0,0,0,0,0,0,282.136,96.241,111,144,-0.638,0.62,-0.018,0.047,82,234.336,70.943,-2.415,-0.647,0,0,0,0,0,0,0,0,3773

Main.js:462 211.348,326.22,312,312,0.644,-0.696,0.033,-0.037,16,0,0,1,0,1,0,0,349.097,273.738,2.228,-1.135,0,0,0,0,0,0,0,0,281.514,96.875,109.5,141,-0.622,0.634,-0.017,0.047,81,231.922,70.296,-2.415,-0.647,0,0,0,0,0,0,0,0,3790

Main.js:462 211.991,325.523,312,312,0.644,-0.696,0.033,-0.037,15,0,0,1,0,1,0,0,351.325,272.603,2.228,-1.135,0,0,0,0,0,0,0,0,280.909,97.522,108,138,-0.605,0.647,-0.015,0.048,80,229.507,69.649,-2.415,-0.647,0,0,0,0,0,0,0,0,3806

Main.js:462 212.634,324.826,312,312,0.643,-0.697,0.033,-0.037,14,0,0,1,0,1,0,0,353.552,271.468,2.228,-1.135,0,0,0,0,0,0,0,0,280.32,98.183,106.5,135,-0.589,0.66,-0.014,0.048,79,227.092,69.002,-2.415,-0.647,0,0,0,0,0,0,0,0,3822

Main.js:462 213.245,324.164,312,312,0.611,-0.662,0,0,13,0,0,0,0,1,0,0,355.78,270.333,2.228,-1.135,0,0,0,0,0,0,0,0,279.749,98.856,105,132,-0.571,0.673,-0.013,0.048,78,224.677,68.355,-2.415,-0.647,0,0,0,0,0,0,0,0,3839

Main.js:462 213.826,323.535,312,312,0.58,-0.629,0,0,12,0,0,0,0,0,0,0,358.007,269.198,2.228,-1.135,0,0,0,0,0,0,0,0,279.195,99.542,103.5,129,-0.554,0.686,-0.012,0.049,77,222.262,67.708,-2.415,-0.647,0,0,0,0,0,0,0,0,3857

Main.js:462 214.377,322.938,312,312,0.551,-0.597,0,0,11,0,0,0,0,0,0,0,360.235,268.063,2.228,-1.135,0,0,0,0,0,0,0,0,278.659,100.24,102,126,-0.536,0.698,-0.01,0.049,76,219.848,67.061,-2.415,-0.647,0,0,0,0,0,0,0,0,3873

Main.js:462 214.901,322.37,310.5,310.5,0.524,-0.568,0,0,10,1,0,0,0,0,0,0,362.462,266.928,2.228,-1.135,0,0,0,0,0,0,0,0,278.141,100.95,100.5,123,-0.518,0.71,-0.009,0.049,75,217.433,66.414,-2.415,-0.647,0,0,0,0,0,0,0,0,3891

Main.js:462 215.398,321.831,309,309,0.498,-0.539,0,0,9,1,0,0,0,0,0,0,364.69,265.793,2.228,-1.135,0,0,0,0,0,0,0,0,277.641,101.671,99,120,-0.5,0.721,-0.008,0.049,74,215.018,65.767,-2.415,-0.647,0,0,0,0,0,0,0,0,3907

Main.js:462 215.871,321.319,307.5,307.5,0.473,-0.512,0,0,8,1,0,0,0,0,0,0,366.917,264.658,2.228,-1.135,0,0,0,0,0,0,0,0,277.161,102.403,97.5,117,-0.481,0.732,-0.007,0.05,73,212.603,65.12,-2.415,-0.647,0,0,0,0,0,0,0,0,3922

Main.js:462 216.32,320.832,306,306,0.449,-0.487,0,0,7,1,0,0,0,1,0,0,369.145,263.523,2.228,-1.135,0,0,0,0,0,0,0,0,276.699,103.146,96,114,-0.462,0.743,-0.005,0.05,72,210.188,64.473,-2.415,-0.647,0,0,0,0,0,0,0,0,3939

Main.js:462 216.747,320.37,304.5,304.5,0.427,-0.462,0,0,6,1,0,0,0,1,0,0,371.372,262.388,2.228,-1.135,0,0,0,0,0,0,0,0,276.257,103.899,94.5,111,-0.442,0.753,-0.004,0.05,71,207.773,63.826,-2.415,-0.647,0,0,0,0,0,0,0,0,3956

Main.js:462 217.152,319.931,303,303,0.405,-0.439,0,0,5,1,0,0,0,1,0,0,373.6,261.253,2.228,-1.135,0,0,0,0,0,0,0,0,275.834,104.662,93,108,-0.423,0.763,-0.003,0.05,70,205.359,63.179,-2.415,-0.647,0,0,0,0,0,0,0,0,3974

Main.js:462 217.537,319.513,301.5,301.5,0.385,-0.417,0,0,4,1,0,0,0,1,0,0,375.828,260.118,2.228,-1.135,0,0,0,0,0,0,0,0,275.431,105.434,91.5,105,-0.403,0.772,-0.001,0.05,69,202.944,62.532,-2.415,-0.647,0,0,0,0,0,0,0,0,3990

Main.js:462 217.903,319.117,300,300,0.366,-0.396,0,0,3,1,0,0,0,1,0,0,378.055,258.983,2.228,-1.135,0,0,0,0,0,0,0,0,275.048,106.215,90,102,-0.383,0.781,0,0.05,68,200.529,61.885,-2.415,-0.647,0,0,0,0,0,0,0,0,4007

Main.js:462 218.251,318.74,298.5,298.5,0.348,-0.377,0,0,2,1,0,0,0,1,0,0,380.283,257.848,2.228,-1.135,0,0,0,0,0,0,0,0,274.684,107.004,91.5,102,-0.365,0.79,-0.001,0.05,67,198.114,61.238,-2.415,-0.647,0,0,0,0,0,0,0,0,4023

Main.js:462 218.581,318.383,297,297,0.33,-0.358,0,0,1,1,0,0,0,1,0,0,382.51,256.713,2.228,-1.135,0,0,0,0,0,0,0,0,274.335,107.802,93,102,-0.349,0.797,-0.003,0.05,66,195.699,60.591,-2.415,-0.647,0,0,0,0,0,0,0,0,4040

Main.js:462 218.895,318.043,297,297,0.314,-0.34,0,0,0,0,0,0,0,0,0,0,384.738,255.578,2.228,-1.135,0,0,0,0,0,0,0,0,273.999,108.607,94.5,102,-0.335,0.805,-0.004,0.05,65,193.285,59.944,-2.415,-0.647,0,0,0,0,0,0,0,0,4056

Main.js:462 219.192,317.72,297,297,0.298,-0.323,0,0,0,0,0,0,0,0,0,0,386.965,254.443,2.228,-1.135,0,0,0,0,0,0,0,0,273.676,109.419,96,102,-0.323,0.812,-0.005,0.05,64,190.87,59.296,-2.415,-0.647,0,0,0,0,0,0,0,0,4073

Main.js:462 219.476,317.413,297,297,0.283,-0.307,0,0,0,0,0,0,0,0,0,0,389.193,253.308,2.228,-1.135,0,0,0,0,0,0,0,0,273.362,110.237,97.5,102,-0.314,0.818,-0.007,0.05,63,188.455,58.649,-2.415,-0.647,0,0,0,0,0,0,0,0,4089

Main.js:462 219.744,317.122,297,297,0.269,-0.291,0,0,0,0,0,0,0,0,0,0,391.42,252.173,2.228,-1.135,0,0,0,0,0,0,0,0,273.057,111.062,99,102,-0.305,0.824,-0.008,0.049,62,186.04,58.002,-2.415,-0.647,0,0,0,0,0,0,0,0,4136

Main.js:462 220,316.845,297,297,0.255,-0.277,0,0,99,0,0,0,0,1,0,0,393.648,251.038,2.228,-1.135,0,0,0,0,0,0,0,0,272.758,111.892,100.5,102,-0.299,0.83,-0.009,0.049,61,183.625,57.355,-2.415,-0.647,0,0,0,0,0,0,0,0,4156

Main.js:462 220.243,316.582,297,297,0.243,-0.263,0,0,98,0,0,0,0,1,0,0,395.875,249.903,2.228,-1.135,230.413,296.183,1.135,-2.228,0,0,0,0,272.465,112.727,102,102,-0.294,0.835,-0.01,0.049,60,181.21,56.708,-2.415,-0.647,0,0,0,0,0,0,0,0,4171

Main.js:462 220.473,316.332,297,297,0.231,-0.25,0,0,97,0,0,0,0,1,0,0,398.103,248.768,2.228,-1.135,231.548,293.956,1.135,-2.228,0,0,0,0,272.175,113.566,103.5,102,-0.29,0.839,-0.012,0.049,59,178.796,56.061,-2.415,-0.647,0,0,0,0,0,0,0,0,4190

Main.js:462 220.692,316.095,297,297,0.219,-0.237,0,0,96,0,0,0,0,1,0,0,400.33,247.634,2.228,-1.135,232.683,291.728,1.135,-2.228,0,0,0,0,271.887,114.409,105,102,-0.288,0.843,-0.013,0.048,58,176.381,55.414,-2.415,-0.647,0,0,0,0,0,0,0,0,4205

Main.js:462 220.9,315.869,297,297,0.208,-0.225,0,0,95,0,0,0,0,1,0,0,402.558,246.499,2.228,-1.135,233.818,289.501,1.135,-2.228,0,0,0,0,271.6,115.256,106.5,102,-0.287,0.847,-0.014,0.048,57,173.966,54.767,-2.415,-0.647,0,0,0,0,0,0,0,0,4223

Main.js:462 221.098,315.655,297,297,0.198,-0.214,0,0,94,0,0,0,0,0,0,0,404.785,245.364,2.228,-1.135,234.953,287.273,1.135,-2.228,0,0,0,0,271.313,116.105,108,102,-0.287,0.849,-0.015,0.048,56,171.551,54.12,-2.415,-0.647,0,0,0,0,0,0,0,0,4240

Main.js:462 221.286,315.452,297,297,0.188,-0.203,0,0,93,0,0,0,0,0,0,0,407.013,244.229,2.228,-1.135,236.088,285.046,1.135,-2.228,0,0,0,0,271.024,116.957,109.5,102,-0.289,0.852,-0.017,0.047,55,169.136,53.473,-2.415,-0.647,0,0,0,0,0,0,0,0,4256

Main.js:462 221.464,315.258,297,297,0.178,-0.193,0,0,92,0,0,0,0,0,0,0,409.24,243.094,2.228,-1.135,237.223,282.818,1.135,-2.228,0,0,0,0,270.733,117.81,111,102,-0.291,0.854,-0.018,0.047,54,166.722,52.826,-2.415,-0.647,0,0,0,0,0,0,0,0,4272

Main.js:462 221.655,315.033,297,297,0.191,-0.226,0.023,-0.045,91,0,0,1,0,0,0,0,411.468,241.959,2.228,-1.135,238.358,280.591,1.135,-2.228,0,0,0,0,270.438,118.665,112.5,102,-0.295,0.855,-0.019,0.046,53,164.307,52.179,-2.415,-0.647,0,0,0,0,0,0,0,0,4289

Main.js:462 221.858,314.776,297,297,0.203,-0.257,0.023,-0.045,90,0,0,1,0,0,0,0,413.695,240.824,2.228,-1.135,239.493,278.363,1.135,-2.228,0,0,0,0,270.138,119.521,114,102,-0.3,0.855,-0.02,0.046,52,161.892,51.532,-2.415,-0.647,0,0,0,0,0,0,0,0,4307

Main.js:462 222.073,314.489,297,297,0.214,-0.286,0.023,-0.045,89,0,0,1,0,0,0,0,415.923,239.689,2.228,-1.135,240.628,276.136,1.135,-2.228,0,0,0,0,269.833,120.376,115.5,102,-0.305,0.855,-0.022,0.045,51,159.477,50.885,-2.415,-0.647,0,0,0,0,0,0,0,0,4322

Main.js:462 222.298,314.175,297,297,0.225,-0.314,0.023,-0.045,88,0,0,1,0,1,0,0,418.15,238.554,2.228,-1.135,241.763,273.908,1.135,-2.228,0,0,0,0,269.522,121.231,117,102,-0.311,0.855,-0.023,0.045,50,157.062,50.238,-2.415,-0.647,0,0,0,0,0,0,0,0,4340

Main.js:462 222.534,313.834,297,297,0.236,-0.341,0.023,-0.045,87,0,0,1,0,1,0,0,420.378,237.419,2.228,-1.135,242.898,271.681,1.135,-2.228,0,0,0,0,269.203,122.085,118.5,102,-0.318,0.854,-0.024,0.044,49,154.648,49.591,-2.415,-0.647,0,0,0,0,0,0,0,0,4356

Main.js:462 222.779,313.467,297,297,0.245,-0.366,0.023,-0.045,86,0,0,1,0,1,0,0,422.605,236.284,2.228,-1.135,244.033,269.453,1.135,-2.228,0,0,0,0,268.877,122.938,120,102,-0.326,0.852,-0.025,0.043,48,152.233,48.944,-2.415,-0.647,0,0,0,0,0,0,0,0,4373

Main.js:462 223.034,313.077,297,297,0.255,-0.39,0.023,-0.045,85,0,0,1,0,1,0,0,424.833,235.149,2.228,-1.135,245.168,267.225,1.135,-2.228,0,0,0,0,268.543,123.788,121.5,102,-0.335,0.85,-0.026,0.043,47,149.818,48.297,-2.415,-0.647,0,0,0,0,0,0,0,0,4389

Main.js:462 223.297,312.664,297,297,0.264,-0.413,0.023,-0.045,84,0,0,1,0,1,0,0,427.06,234.014,2.228,-1.135,246.303,264.998,1.135,-2.228,0,0,0,0,268.199,124.636,123,102,-0.344,0.848,-0.027,0.042,46,147.403,47.65,-2.415,-0.647,0,0,0,0,0,0,0,0,4406

Main.js:462 223.569,312.229,297,297,0.272,-0.435,0.023,-0.045,83,0,0,1,0,1,0,0,429.288,232.879,2.228,-1.135,247.438,262.77,1.135,-2.228,0,0,0,0,267.845,125.48,124.5,102,-0.354,0.844,-0.028,0.041,45,144.988,47.003,-2.415,-0.647,0,0,0,0,0,0,0,0,4422

Main.js:462 223.849,311.774,297,297,0.28,-0.455,0.023,-0.045,82,0,0,1,0,1,0,0,431.515,231.744,2.228,-1.135,248.573,260.543,1.135,-2.228,0,0,0,0,267.481,126.321,126,102,-0.364,0.841,-0.029,0.04,44,142.573,46.356,-2.415,-0.647,0,0,0,0,0,0,0,0,4438

Main.js:462 224.136,311.299,297,297,0.287,-0.475,0.023,-0.045,81,0,0,1,0,0,0,0,433.743,230.609,2.228,-1.135,249.708,258.315,1.135,-2.228,0,0,0,0,267.107,127.157,127.5,102,-0.375,0.836,-0.03,0.04,43,140.159,45.708,-2.415,-0.647,0,0,0,0,0,0,0,0,4456

Main.js:462 224.431,310.805,297,297,0.295,-0.494,0.023,-0.045,80,0,0,1,0,0,0,0,435.97,229.474,2.228,-1.135,250.843,256.088,1.135,-2.228,0,0,0,0,266.721,127.988,129,102,-0.386,0.831,-0.031,0.039,42,137.744,45.061,-2.415,-0.647,0,0,0,0,0,0,0,0,4474

Main.js:462 224.732,310.294,297,297,0.301,-0.511,0.023,-0.045,79,0,0,1,0,0,0,0,438.198,228.339,2.228,-1.135,251.978,253.86,1.135,-2.228,0,0,0,0,266.324,128.814,130.5,102,-0.397,0.826,-0.032,0.038,41,135.329,44.414,-2.415,-0.647,0,0,0,0,0,0,0,0,4490

Main.js:462 225.04,309.766,297,297,0.308,-0.528,0.023,-0.045,78,0,0,1,0,0,0,0,440.425,227.204,2.228,-1.135,253.113,251.633,1.135,-2.228,0,0,0,0,265.915,129.634,132,102,-0.409,0.82,-0.033,0.037,40,132.914,43.767,-2.415,-0.647,0,0,0,0,0,0,0,0,4507

Main.js:462 225.353,309.222,295.5,295.5,0.313,-0.544,0.022,-0.045,77,1,0,1,0,0,0,0,442.653,226.069,2.228,-1.135,254.248,249.405,1.135,-2.228,0,0,0,0,265.494,130.448,132,100.5,-0.421,0.814,-0.033,0.037,39,130.499,43.12,-2.415,-0.647,0,0,0,0,0,0,0,0,4523

Main.js:462 225.67,308.661,294,294,0.317,-0.561,0.02,-0.046,76,1,0,1,0,0,0,0,444.881,224.934,2.228,-1.135,255.383,247.178,1.135,-2.228,0,0,0,0,265.063,131.257,132,99,-0.431,0.809,-0.033,0.037,38,128.085,42.473,-2.415,-0.647,0,0,0,0,0,0,0,0,4539

Main.js:462 225.989,308.085,292.5,292.5,0.319,-0.576,0.019,-0.046,75,1,0,1,0,1,0,0,447.108,223.799,2.228,-1.135,256.518,244.95,1.135,-2.228,0,0,0,0,264.621,132.061,132,97.5,-0.441,0.804,-0.033,0.037,37,125.67,41.826,-2.415,-0.647,0,0,0,0,0,0,0,0,4557

Main.js:462 226.309,307.493,291,291,0.32,-0.592,0.018,-0.047,74,1,0,1,0,1,0,0,449.336,222.664,2.228,-1.135,257.653,242.723,1.135,-2.228,0,0,0,0,264.17,132.86,132,96,-0.451,0.799,-0.033,0.037,36,123.255,41.179,-2.415,-0.647,0,0,0,0,0,0,0,0,4573

Main.js:462 226.629,306.885,289.5,289.5,0.32,-0.607,0.017,-0.047,73,1,0,1,0,1,0,0,451.563,221.529,2.228,-1.135,258.788,240.495,1.135,-2.228,0,0,0,0,263.71,133.654,132,94.5,-0.46,0.794,-0.033,0.037,35,120.84,40.532,-2.415,-0.647,0,0,0,0,0,0,0,0,4589

Main.js:462 226.948,306.263,288,288,0.319,-0.622,0.015,-0.048,72,1,0,1,0,1,0,0,453.791,220.394,2.228,-1.135,259.923,238.268,1.135,-2.228,0,0,0,0,263.24,134.444,132,93,-0.469,0.79,-0.033,0.037,34,118.425,39.885,-2.415,-0.647,0,0,0,0,0,0,0,0,4606

Main.js:462 227.264,305.627,286.5,286.5,0.316,-0.636,0.014,-0.048,71,1,0,1,0,1,0,0,456.018,219.259,2.228,-1.135,261.058,236.04,1.135,-2.228,0,0,0,0,262.763,135.229,132,91.5,-0.478,0.786,-0.033,0.037,33,116.01,39.238,-2.415,-0.647,0,0,0,0,0,0,0,0,4623

Main.js:462 227.578,304.977,286.5,286.5,0.314,-0.65,0.014,-0.048,70,0,0,1,0,1,0,0,458.246,218.124,2.228,-1.135,262.193,233.813,1.135,-2.228,0,0,0,0,262.277,136.011,132,90,-0.485,0.782,-0.033,0.037,32,113.596,38.591,-2.415,-0.647,0,0,0,0,0,0,0,0,4638

Main.js:462 227.89,304.314,286.5,286.5,0.312,-0.663,0.014,-0.048,69,0,0,1,0,0,0,0,460.473,216.989,2.228,-1.135,263.328,231.585,1.135,-2.228,0,0,0,0,261.785,136.789,132,88.5,-0.493,0.778,-0.033,0.037,31,111.181,37.944,-2.415,-0.647,0,0,0,0,0,0,0,0,4656

Main.js:462 228.199,303.638,286.5,286.5,0.31,-0.676,0.014,-0.048,68,0,0,1,0,0,0,0,462.701,215.854,2.228,-1.135,264.462,229.358,1.135,-2.228,0,0,0,0,261.284,137.563,132,87,-0.5,0.774,-0.033,0.037,30,108.766,37.297,-2.415,-0.647,0,0,0,0,0,0,0,0,4673

Main.js:462 228.507,302.951,286.5,286.5,0.308,-0.687,0.014,-0.048,67,0,0,1,0,0,0,0,464.928,214.719,2.228,-1.135,265.597,227.13,1.135,-2.228,0,0,0,0,260.778,138.334,132,85.5,-0.507,0.771,-0.033,0.037,29,106.351,36.65,-2.415,-0.647,0,0,0,0,0,0,0,0,4690

Main.js:462 228.812,302.252,286.5,286.5,0.306,-0.698,0.014,-0.048,66,0,0,1,0,0,0,0,467.156,213.584,2.228,-1.135,266.732,224.903,1.135,-2.228,0,0,0,0,260.264,139.101,132,84,-0.513,0.768,-0.033,0.037,28,103.936,36.003,-2.415,-0.647,0,0,0,0,0,0,0,0,4706

Main.js:462 229.116,301.543,286.5,286.5,0.304,-0.709,0.014,-0.048,65,0,0,1,0,0,0,0,469.383,212.449,2.228,-1.135,267.867,222.675,1.135,-2.228,0,0,0,0,259.745,139.866,132,82.5,-0.519,0.764,-0.033,0.037,27,101.522,35.356,-2.415,-0.647,0,0,0,0,0,0,0,0,4722

Main.js:462 229.418,300.824,286.5,286.5,0.302,-0.719,0.014,-0.048,64,0,0,1,0,1,0,0,471.611,211.314,2.228,-1.135,269.002,220.448,1.135,-2.228,0,0,0,0,259.22,140.627,132,81,-0.525,0.762,-0.033,0.037,26,99.107,34.709,-2.415,-0.647,0,0,0,0,0,0,0,0,4739

Main.js:462 229.719,300.095,286.5,286.5,0.301,-0.729,0.014,-0.048,63,0,0,1,0,1,0,0,473.838,210.179,2.228,-1.135,270.137,218.22,1.135,-2.228,0,0,0,0,258.689,141.386,132,79.5,-0.531,0.759,-0.033,0.037,25,96.692,34.062,-2.415,-0.647,0,0,0,0,0,0,0,0,4755

Main.js:462 230.018,299.357,286.5,286.5,0.299,-0.738,0.014,-0.048,62,0,0,1,0,1,0,0,476.066,209.044,2.228,-1.135,271.272,215.993,1.135,-2.228,0,0,0,0,258.153,142.142,132,78,-0.536,0.756,-0.033,0.037,24,94.277,33.415,-2.415,-0.647,0,0,0,0,0,0,0,0,4773

Main.js:462 230.316,298.611,286.5,286.5,0.298,-0.747,0.014,-0.048,61,0,0,1,0,1,0,0,478.293,207.909,2.228,-1.135,272.407,213.765,1.135,-2.228,0,0,0,0,257.612,142.896,132,76.5,-0.541,0.754,-0.033,0.037,23,91.862,32.768,-2.415,-0.647,0,0,0,0,0,0,0,0,4789

Main.js:462 230.612,297.856,286.5,286.5,0.296,-0.755,0.014,-0.048,60,0,0,1,0,1,0,0,480.521,206.774,2.228,-1.135,273.542,211.538,1.135,-2.228,0,0,0,0,257.066,143.647,132,75,-0.546,0.751,-0.033,0.037,22,89.448,32.12,-2.415,-0.647,0,0,0,0,0,0,0,0,4805

Main.js:462 230.907,297.094,286.5,286.5,0.295,-0.763,0.014,-0.048,59,0,0,1,0,1,0,0,482.748,205.639,2.228,-1.135,274.677,209.31,1.135,-2.228,0,0,0,0,256.516,144.396,132,73.5,-0.55,0.749,-0.033,0.037,21,87.033,31.473,-2.415,-0.647,0,0,0,0,0,0,0,0,4823

Main.js:462 231.2,296.324,286.5,286.5,0.294,-0.77,0.014,-0.048,58,0,0,1,0,1,0,0,484.976,204.504,2.228,-1.135,275.812,207.083,1.135,-2.228,0,0,0,0,255.962,145.143,132,72,-0.554,0.747,-0.033,0.037,20,84.618,30.826,-2.415,-0.647,0,0,0,0,0,0,0,0,4841

Main.js:462 231.493,295.547,286.5,286.5,0.292,-0.777,0.014,-0.048,57,0,0,1,0,0,0,0,487.203,203.369,2.228,-1.135,276.947,204.855,1.135,-2.228,0,0,0,0,255.403,145.888,132,70.5,-0.559,0.745,-0.033,0.037,19,82.203,30.179,-2.415,-0.647,0,0,0,0,0,0,0,0,4857

Main.js:462 231.784,294.763,286.5,286.5,0.291,-0.784,0.014,-0.048,56,0,0,1,0,0,0,0,489.431,202.234,2.228,-1.135,278.082,202.628,1.135,-2.228,0,0,0,0,254.841,146.631,132,69,-0.562,0.743,-0.033,0.037,18,79.788,29.532,-2.415,-0.647,0,0,0,0,0,0,0,0,4873

Main.js:462 232.074,293.973,286.5,286.5,0.29,-0.79,0.014,-0.048,55,0,0,1,0,0,0,0,491.658,201.099,2.228,-1.135,279.217,200.4,1.135,-2.228,0,0,0,0,254.275,147.372,132,67.5,-0.566,0.741,-0.033,0.037,17,77.373,28.885,-2.415,-0.647,0,0,0,0,0,0,0,0,4889

Main.js:462 232.364,293.177,286.5,286.5,0.289,-0.796,0.014,-0.048,54,0,0,1,0,0,0,0,493.886,199.965,2.228,-1.135,280.352,198.172,1.135,-2.228,0,0,0,0,253.705,148.111,132,66,-0.57,0.739,-0.033,0.037,16,74.959,28.238,-2.415,-0.647,0,0,0,0,0,0,0,0,4906

Main.js:462 232.652,292.375,286.5,286.5,0.288,-0.802,0.014,-0.048,53,0,0,1,0,0,0,0,496.113,198.83,2.228,-1.135,281.487,195.945,1.135,-2.228,0,0,0,0,253.132,148.848,132,64.5,-0.573,0.738,-0.033,0.037,15,72.544,27.591,-2.415,-0.647,0,0,0,0,0,0,0,0,4923

Main.js:462 232.926,291.613,286.5,286.5,0.274,-0.762,0,0,52,0,0,0,0,0,0,0,498.341,197.695,2.228,-1.135,282.622,193.717,1.135,-2.228,0,0,0,0,252.556,149.584,132,63,-0.576,0.736,-0.033,0.037,14,70.129,26.944,-2.415,-0.647,0,0,0,0,0,0,0,0,4939

Main.js:462 233.186,290.889,286.5,286.5,0.26,-0.724,0,0,51,0,0,0,0,1,0,0,283.757,191.49,1.135,-2.228,0,0,0,0,0,0,0,0,251.977,150.319,132,61.5,-0.579,0.735,-0.033,0.037,13,70.129,26.944,-2.415,-0.647,0,0,0,0,0,0,0,0,4957

Main.js:462 233.433,290.202,286.5,286.5,0.247,-0.687,0,0,50,0,0,0,0,1,0,0,284.892,189.262,1.135,-2.228,0,0,0,0,0,0,0,0,251.395,151.052,132,60,-0.582,0.733,-0.033,0.037,12,67.714,26.297,-2.415,-0.647,0,0,0,0,0,0,0,0,4973

Main.js:462 233.668,289.549,286.5,286.5,0.235,-0.653,0,0,49,0,0,0,0,1,0,0,286.027,187.035,1.135,-2.228,0,0,0,0,0,0,0,0,250.811,151.784,132,58.5,-0.585,0.732,-0.033,0.037,11,65.299,25.65,-2.415,-0.647,0,0,0,0,0,0,0,0,4990

Main.js:462 233.891,288.928,286.5,286.5,0.223,-0.62,0,0,48,0,0,0,0,1,0,0,287.162,184.807,1.135,-2.228,0,0,0,0,0,0,0,0,250.224,152.514,132,57,-0.587,0.73,-0.033,0.037,10,62.885,25.003,-2.415,-0.647,0,0,0,0,0,0,0,0,5007

Main.js:462 234.103,288.339,286.5,286.5,0.212,-0.589,0,0,47,0,0,0,0,1,0,0,288.297,182.58,1.135,-2.228,0,0,0,0,0,0,0,0,249.635,153.244,130.5,54,-0.589,0.73,-0.032,0.038,9,60.47,24.356,-2.415,-0.647,0,0,0,0,0,0,0,0,5022

Main.js:462 234.304,287.779,286.5,286.5,0.201,-0.56,0,0,46,0,0,0,0,1,0,0,289.432,180.352,1.135,-2.228,0,0,0,0,0,0,0,0,249.046,153.975,129,51,-0.589,0.73,-0.031,0.039,8,58.055,23.709,-2.415,-0.647,0,0,0,0,0,0,0,0,5039

Main.js:462 234.495,287.247,286.5,286.5,0.191,-0.532,0,0,45,0,0,0,0,0,0,0,290.567,178.125,1.135,-2.228,0,0,0,0,0,0,0,0,248.458,154.706,127.5,48,-0.588,0.732,-0.03,0.04,7,55.64,23.062,-2.415,-0.647,0,0,0,0,0,0,0,0,5056

Main.js:462 234.677,286.742,286.5,286.5,0.182,-0.505,0,0,44,0,0,0,0,0,0,0,291.702,175.897,1.135,-2.228,0,0,0,0,0,0,0,0,247.871,155.44,126,45,-0.587,0.733,-0.029,0.04,6,53.225,22.415,-2.415,-0.647,0,0,0,0,0,0,0,0,5072

Main.js:462 234.849,286.261,286.5,286.5,0.173,-0.48,0,0,43,0,0,0,0,0,0,0,292.837,173.67,1.135,-2.228,0,0,0,0,0,0,0,0,247.286,156.176,124.5,42,-0.585,0.736,-0.028,0.041,5,50.81,21.768,-2.415,-0.647,0,0,0,0,0,0,0,0,5090

Main.js:462 235.013,285.805,286.5,286.5,0.164,-0.456,0,0,42,0,0,0,0,0,0,0,293.972,171.442,1.135,-2.228,0,0,0,0,0,0,0,0,246.705,156.915,123,39,-0.581,0.739,-0.027,0.042,4,48.396,21.121,-2.415,-0.647,0,0,0,0,0,0,0,0,5106

Main.js:462 235.169,285.372,285,285,0.156,-0.433,0,0,41,1,0,0,0,0,0,0,295.107,169.215,1.135,-2.228,0,0,0,0,0,0,0,0,246.128,157.657,121.5,36,-0.577,0.743,-0.026,0.043,3,45.981,20.474,-2.415,-0.647,0,0,0,0,0,0,0,0,5122

Main.js:462 235.317,284.96,283.5,283.5,0.148,-0.412,0,0,40,1,0,0,0,1,0,0,296.242,166.987,1.135,-2.228,0,0,0,0,0,0,0,0,245.556,158.404,120,33,-0.572,0.747,-0.025,0.043,2,43.566,19.827,-2.415,-0.647,0,0,0,0,0,0,0,0,5139

Main.js:462 235.457,284.569,282,282,0.141,-0.391,0,0,39,1,0,0,0,1,0,0,297.377,164.76,1.135,-2.228,0,0,0,0,0,0,0,0,244.99,159.155,118.5,30,-0.566,0.751,-0.024,0.044,1,41.151,19.18,-2.415,-0.647,0,0,0,0,0,0,0,0,5155

Main.js:462 235.591,284.198,280.5,280.5,0.134,-0.371,0,0,38,1,0,0,0,1,0,0,298.512,162.532,1.135,-2.228,0,0,0,0,0,0,0,0,244.431,159.91,117,27,-0.559,0.756,-0.023,0.045,0,38.736,18.532,-2.415,-0.647,0,0,0,0,0,0,0,0,5173

Main.js:462 235.718,283.845,279,279,0.127,-0.353,0,0,37,1,0,0,0,1,0,0,299.647,160.305,1.135,-2.228,0,0,0,0,0,0,0,0,243.879,160.671,115.5,24,-0.552,0.761,-0.022,0.045,99,36.322,17.885,-2.415,-0.647,0,0,0,0,0,0,0,0,5189

Main.js:462 235.838,283.51,277.5,277.5,0.121,-0.335,0,0,36,1,0,0,0,1,0,0,300.782,158.077,1.135,-2.228,0,0,0,0,0,0,0,0,243.336,161.437,114,21,-0.543,0.766,-0.02,0.046,98,33.907,17.238,-2.415,-0.647,265.899,169.469,2.284,1.017,0,0,0,0,5206

Main.js:462 235.953,283.191,276,276,0.114,-0.319,0,0,35,1,0,0,0,1,0,0,301.917,155.85,1.135,-2.228,0,0,0,0,0,0,0,0,242.802,162.209,112.5,18,-0.534,0.772,-0.019,0.046,97,31.492,16.591,-2.415,-0.647,268.183,170.486,2.284,1.017,0,0,0,0,5223

Main.js:462 236.062,282.889,276,276,0.109,-0.303,0,0,34,0,0,0,0,1,0,0,303.052,153.622,1.135,-2.228,0,0,0,0,0,0,0,0,242.277,162.987,111,15,-0.525,0.778,-0.018,0.047,96,29.077,15.944,-2.415,-0.647,270.467,171.502,2.284,1.017,0,0,0,0,5239

Main.js:462 236.165,282.601,276,276,0.103,-0.287,0,0,33,0,0,0,0,0,0,0,304.187,151.395,1.135,-2.228,0,0,0,0,0,0,0,0,241.763,163.77,109.5,12,-0.514,0.783,-0.017,0.047,95,26.662,15.297,-2.415,-0.647,272.751,172.519,2.284,1.017,0,0,0,0,5256

Main.js:462 236.263,282.328,276,276,0.098,-0.273,0,0,32,0,0,0,0,0,0,0,305.322,149.167,1.135,-2.228,0,0,0,0,0,0,0,0,241.259,164.559,108,9,-0.503,0.789,-0.015,0.048,94,24.248,14.65,-2.415,-0.647,275.035,173.536,2.284,1.017,0,0,0,0,5274

Main.js:462 236.356,282.069,276,276,0.093,-0.259,0,0,31,0,0,0,0,0,0,0,306.457,146.94,1.135,-2.228,0,0,0,0,0,0,0,0,240.768,165.355,106.5,6,-0.492,0.795,-0.014,0.048,93,21.833,14.003,-2.415,-0.647,277.319,174.553,2.284,1.017,0,0,0,0,5290

Main.js:462 236.445,281.822,276,276,0.089,-0.246,0,0,30,0,0,0,0,0,0,0,307.592,144.712,1.135,-2.228,0,0,0,0,0,0,0,0,240.288,166.157,105,3,-0.479,0.802,-0.013,0.048,92,19.418,13.356,-2.415,-0.647,279.603,175.57,2.284,1.017,0,0,0,0,5306

Main.js:462 236.529,281.588,276,276,0.084,-0.234,0,0,29,0,0,0,0,0,0,0,308.727,142.485,1.135,-2.228,0,0,0,0,0,0,0,0,239.822,166.964,103.5,0,-0.466,0.808,-0.012,0.049,91,17.003,12.709,-2.415,-0.647,281.886,176.587,2.284,1.017,0,0,0,0,5324

Main.js:462 236.609,281.366,274.5,274.5,0.08,-0.222,0,0,28,1,0,0,0,1,0,0,309.862,140.257,1.135,-2.228,0,0,0,0,0,0,0,0,239.369,167.778,102,-3,-0.453,0.814,-0.01,0.049,90,14.588,12.062,-2.415,-0.647,284.17,177.603,2.284,1.017,0,0,0,0,5357

Main.js:462 236.685,281.154,273,273,0.076,-0.211,0,0,27,1,0,0,0,1,0,0,310.997,138.03,1.135,-2.228,0,0,0,0,0,0,0,0,238.93,168.598,100.5,-6,-0.439,0.82,-0.009,0.049,89,12.173,11.415,-2.415,-0.647,286.454,178.62,2.284,1.017,0,0,0,0,5373

Main.js:462 236.757,280.954,271.5,271.5,0.072,-0.201,0,0,26,1,0,0,0,1,0,0,312.131,135.802,1.135,-2.228,0,0,0,0,0,0,0,0,238.505,169.424,99,-9,-0.424,0.826,-0.008,0.049,88,9.759,10.768,-2.415,-0.647,288.738,179.637,2.284,1.017,0,0,0,0,5390

Main.js:462 236.826,280.763,270,270,0.069,-0.191,0,0,25,1,0,0,0,1,0,0,313.266,133.575,1.135,-2.228,0,0,0,0,0,0,0,0,238.096,170.255,97.5,-12,-0.409,0.832,-0.007,0.05,87,7.344,10.121,-2.415,-0.647,291.022,180.654,2.284,1.017,0,0,0,0,5407

Main.js:462 236.891,280.582,268.5,268.5,0.065,-0.181,0,0,24,1,0,0,0,1,0,0,314.401,131.347,1.135,-2.228,0,0,0,0,0,0,0,0,237.702,171.092,96,-15,-0.394,0.837,-0.005,0.05,86,4.929,9.474,-2.415,-0.647,293.306,181.671,2.284,1.017,0,0,0,0,5424

Main.js:462 236.953,280.41,267,267,0.062,-0.172,0,0,23,1,0,0,0,0,0,0,315.536,129.119,1.135,-2.228,0,0,0,0,0,0,0,0,237.324,171.935,94.5,-18,-0.378,0.843,-0.004,0.05,85,2.514,8.827,-2.415,-0.647,295.59,182.688,2.284,1.017,0,0,0,0,5441

Main.js:462 237.012,280.246,265.5,265.5,0.059,-0.164,0,0,22,1,0,0,0,0,0,0,316.671,126.892,1.135,-2.228,0,0,0,0,0,0,0,0,236.962,172.783,93,-21,-0.362,0.848,-0.003,0.05,84,0.099,8.18,-2.415,-0.647,297.874,183.705,2.284,1.017,0,0,0,0,5456

Main.js:462 237.067,280.091,264,264,0.056,-0.155,0,0,21,1,0,0,0,0,0,0,316.671,126.892,1.135,-2.228,0,0,0,0,0,0,0,0,236.618,173.636,91.5,-24,-0.345,0.853,-0.001,0.05,83,300.157,184.721,2.284,1.017,0,0,0,0,0,0,0,0,5474

Main.js:462 237.12,279.943,264,264,0.053,-0.148,0,0,20,0,0,0,0,0,0,0,317.806,124.664,1.135,-2.228,0,0,0,0,0,0,0,0,236.29,174.494,90,-27,-0.328,0.858,0,0.05,82,302.441,185.738,2.284,1.017,0,0,0,0,0,0,0,0,5490

Main.js:462 237.171,279.803,264,264,0.05,-0.14,0,0,19,0,0,0,0,0,0,0,318.941,122.437,1.135,-2.228,0,0,0,0,0,0,0,0,235.98,175.356,88.5,-30,-0.31,0.863,0.001,0.05,81,304.725,186.755,2.284,1.017,0,0,0,0,0,0,0,0,5505

Main.js:462 237.219,279.67,264,264,0.048,-0.133,0,0,18,0,0,0,0,1,0,0,320.076,120.209,1.135,-2.228,0,0,0,0,0,0,0,0,235.688,176.223,87,-33,-0.292,0.867,0.003,0.05,80,307.009,187.772,2.284,1.017,0,0,0,0,0,0,0,0,5522

Main.js:462 237.264,279.543,264,264,0.045,-0.127,0,0,17,0,0,0,0,1,0,0,321.211,117.982,1.135,-2.228,0,0,0,0,0,0,0,0,235.415,177.094,85.5,-36,-0.274,0.871,0.004,0.05,79,309.293,188.789,2.284,1.017,0,0,0,0,0,0,0,0,5539

Main.js:462 237.307,279.423,264,264,0.043,-0.12,0,0,16,0,0,0,0,1,0,0,322.346,115.754,1.135,-2.228,0,0,0,0,0,0,0,0,235.16,177.969,84,-39,-0.255,0.875,0.005,0.05,78,311.577,189.806,2.284,1.017,0,0,0,0,0,0,0,0,5556

Main.js:462 237.348,279.309,264,264,0.041,-0.114,0,0,15,0,0,0,0,1,0,0,323.481,113.527,1.135,-2.228,0,0,0,0,0,0,0,0,234.924,178.846,82.5,-42,-0.236,0.878,0.007,0.05,77,313.861,190.822,2.284,1.017,0,0,0,0,0,0,0,0,5572

Main.js:462 237.387,279.201,264,264,0.039,-0.108,0,0,14,0,0,0,0,1,0,0,324.616,111.299,1.135,-2.228,0,0,0,0,0,0,0,0,234.707,179.727,81,-45,-0.217,0.881,0.008,0.049,76,316.144,191.839,2.284,1.017,0,0,0,0,0,0,0,0,5589

Main.js:462 237.424,279.098,264,264,0.037,-0.103,0,0,13,0,0,0,0,1,0,0,325.751,109.072,1.135,-2.228,0,0,0,0,0,0,0,0,234.51,180.611,79.5,-48,-0.197,0.884,0.009,0.049,75,318.428,192.856,2.284,1.017,0,0,0,0,0,0,0,0,5606

Main.js:462 237.46,279,264,264,0.035,-0.098,0,0,12,0,0,0,0,0,0,0,326.886,106.844,1.135,-2.228,0,0,0,0,0,0,0,0,234.332,181.497,78,-51,-0.178,0.886,0.01,0.049,74,320.712,193.873,2.284,1.017,0,0,0,0,0,0,0,0,5622

Main.js:462 237.493,278.907,264,264,0.033,-0.093,0,0,11,0,0,0,0,0,0,0,328.021,104.617,1.135,-2.228,0,0,0,0,0,0,0,0,234.175,182.385,76.5,-54,-0.158,0.888,0.012,0.049,73,322.996,194.89,2.284,1.017,0,0,0,0,0,0,0,0,5640

Main.js:462 237.525,278.818,264,264,0.032,-0.088,0,0,10,0,0,0,0,0,0,0,329.156,102.389,1.135,-2.228,0,0,0,0,0,0,0,0,234.037,183.274,75,-57,-0.137,0.889,0.013,0.048,72,325.28,195.907,2.284,1.017,0,0,0,0,0,0,0,0,5655

Main.js:462 237.555,278.734,264,264,0.03,-0.084,0,0,9,0,0,0,0,0,0,0,330.291,100.162,1.135,-2.228,0,0,0,0,0,0,0,0,233.92,184.164,73.5,-60,-0.117,0.89,0.014,0.048,71,327.564,196.923,2.284,1.017,0,0,0,0,0,0,0,0,5673

Main.js:462 237.584,278.655,264,264,0.029,-0.08,0,0,8,0,0,0,0,0,0,0,331.426,97.934,1.135,-2.228,0,0,0,0,0,0,0,0,233.824,185.055,72,-63,-0.097,0.891,0.015,0.048,70,329.848,197.94,2.284,1.017,0,0,0,0,0,0,0,0,5689

Main.js:462 237.611,278.579,264,264,0.027,-0.076,0,0,7,0,0,0,0,1,0,0,332.561,95.707,1.135,-2.228,0,0,0,0,0,0,0,0,233.748,185.946,70.5,-66,-0.076,0.891,0.017,0.047,69,332.131,198.957,2.284,1.017,0,0,0,0,0,0,0,0,5705

Main.js:462 237.637,278.507,264,264,0.026,-0.072,0,0,6,0,0,0,0,1,0,0,333.696,93.479,1.135,-2.228,0,0,0,0,0,0,0,0,233.693,186.837,69,-69,-0.055,0.891,0.018,0.047,68,334.415,199.974,2.284,1.017,0,0,0,0,0,0,0,0,5722

Main.js:462 237.661,278.439,264,264,0.025,-0.068,0,0,5,0,0,0,0,1,0,0,334.831,91.252,1.135,-2.228,0,0,0,0,0,0,0,0,233.659,187.728,67.5,-72,-0.034,0.89,0.019,0.046,67,336.699,200.991,2.284,1.017,0,0,0,0,0,0,0,0,5739

Main.js:462 237.685,278.374,264,264,0.023,-0.065,0,0,4,0,0,0,0,1,0,0,335.966,89.024,1.135,-2.228,0,0,0,0,0,0,0,0,233.646,188.617,66,-75,-0.013,0.889,0.02,0.046,66,338.983,202.008,2.284,1.017,0,0,0,0,0,0,0,0,5756

Main.js:462 237.707,278.312,264,264,0.022,-0.062,0,0,3,0,0,0,0,1,0,0,337.101,86.797,1.135,-2.228,0,0,0,0,0,0,0,0,233.654,189.504,64.5,-78,0.008,0.888,0.022,0.045,65,341.267,203.025,2.284,1.017,0,0,0,0,0,0,0,0,5773

Main.js:462 237.728,278.253,264,264,0.021,-0.059,0,0,2,0,0,0,0,1,0,0,338.236,84.569,1.135,-2.228,0,0,0,0,0,0,0,0,233.683,190.39,63,-81,0.029,0.886,0.023,0.045,64,343.551,204.041,2.284,1.017,0,0,0,0,0,0,0,0,5790

Main.js:462 237.748,278.198,264,264,0.02,-0.056,0,0,1,0,0,0,0,0,0,0,339.371,82.342,1.135,-2.228,0,0,0,0,0,0,0,0,233.733,191.273,61.5,-84,0.05,0.883,0.024,0.044,63,345.835,205.058,2.284,1.017,0,0,0,0,0,0,0,0,5806

Main.js:462 237.767,278.145,264,264,0.019,-0.053,0,0,0,0,0,0,0,0,0,0,340.506,80.114,1.135,-2.228,0,0,0,0,0,0,0,0,233.805,192.153,60,-87,0.072,0.88,0.025,0.043,62,348.119,206.075,2.284,1.017,0,0,0,0,0,0,0,0,5822

Main.js:462 237.785,278.094,264,264,0.018,-0.05,0,0,0,0,0,0,0,0,0,0,341.641,77.887,1.135,-2.228,0,0,0,0,0,0,0,0,233.898,193.03,58.5,-90,0.093,0.877,0.026,0.043,61,350.402,207.092,2.284,1.017,0,0,0,0,0,0,0,0,5839

Main.js:462 237.802,278.047,264,264,0.017,-0.048,0,0,0,0,0,0,0,0,0,0,342.776,75.659,1.135,-2.228,0,0,0,0,0,0,0,0,234.012,193.902,57,-93,0.114,0.873,0.027,0.042,60,352.686,208.109,2.284,1.017,0,0,0,0,0,0,0,0,5855

Main.js:462 237.818,278.001,264,264,0.016,-0.045,0,0,0,0,0,0,0,0,0,0,343.911,73.432,1.135,-2.228,0,0,0,0,0,0,0,0,234.147,194.77,55.5,-96,0.135,0.868,0.028,0.041,59,354.97,209.126,2.284,1.017,0,0,0,0,0,0,0,0,5872

Main.js:462 237.834,277.958,264,264,0.015,-0.043,0,0,0,0,0,0,0,0,0,0,345.046,71.204,1.135,-2.228,0,0,0,0,0,0,0,0,234.304,195.633,54,-99,0.156,0.863,0.029,0.04,58,357.254,210.142,2.284,1.017,0,0,0,0,0,0,0,0,5889

Main.js:462 237.849,277.917,264,264,0.015,-0.041,0,0,99,0,0,0,0,1,0,0,346.181,68.977,1.135,-2.228,0,0,0,0,0,0,0,0,234.481,196.491,52.5,-102,0.178,0.858,0.03,0.04,57,359.538,211.159,2.284,1.017,0,0,0,0,0,0,0,0,5906

Main.js:462 237.863,277.878,264,264,0.014,-0.039,0,0,98,0,0,0,0,1,0,0,347.316,66.749,1.135,-2.228,235.378,254.587,-0.261,-2.486,0,0,0,0,234.68,197.342,51,-105,0.199,0.852,0.031,0.039,56,361.822,212.176,2.284,1.017,0,0,0,0,0,0,0,0,5923

Main.js:462 237.876,277.842,264,264,0.013,-0.037,0,0,97,0,0,0,0,1,0,0,348.451,64.522,1.135,-2.228,235.116,252.101,-0.261,-2.486,0,0,0,0,234.899,198.188,49.5,-108,0.219,0.845,0.032,0.038,55,364.106,213.193,2.284,1.017,0,0,0,0,0,0,0,0,5940

Main.js:462 237.889,277.806,264,264,0.013,-0.035,0,0,96,0,0,0,0,1,0,0,349.586,62.294,1.135,-2.228,234.855,249.614,-0.261,-2.486,0,0,0,0,235.14,199.026,48,-111,0.24,0.838,0.033,0.037,54,366.389,214.21,2.284,1.017,0,0,0,0,0,0,0,0,5957

Main.js:462 237.901,277.773,264,264,0.012,-0.033,0,0,95,0,0,0,0,1,0,0,350.721,60.066,1.135,-2.228,234.594,247.128,-0.261,-2.486,0,0,0,0,235.401,199.857,46.5,-114,0.261,0.831,0.034,0.036,53,368.673,215.227,2.284,1.017,0,0,0,0,0,0,0,0,5974

Main.js:462 237.912,277.741,264,264,0.011,-0.032,0,0,94,0,0,0,0,1,0,0,351.856,57.839,1.135,-2.228,234.332,244.642,-0.261,-2.486,0,0,0,0,235.682,200.679,45,-117,0.282,0.823,0.035,0.035,52,370.957,216.243,2.284,1.017,0,0,0,0,0,0,0,0,5989

Main.js:462 237.923,277.711,264,264,0.011,-0.03,0,0,93,0,0,0,0,0,0,0,352.991,55.611,1.135,-2.228,234.071,242.155,-0.261,-2.486,0,0,0,0,235.984,201.494,43.5,-120,0.302,0.814,0.036,0.034,51,373.241,217.26,2.284,1.017,0,0,0,0,0,0,0,0,6007

Main.js:462 237.933,277.683,264,264,0.01,-0.029,0,0,92,0,0,0,0,0,0,0,354.126,53.384,1.135,-2.228,233.81,239.669,-0.261,-2.486,0,0,0,0,236.304,202.301,45,-120,0.32,0.807,0.035,0.035,50,375.525,218.277,2.284,1.017,0,0,0,0,0,0,0,0,6024

Main.js:462 237.943,277.656,264,264,0.01,-0.027,0,0,91,0,0,0,0,0,0,0,355.261,51.156,1.135,-2.228,233.548,237.183,-0.261,-2.486,0,0,0,0,236.641,203.102,46.5,-120,0.337,0.801,0.034,0.036,49,377.809,219.294,2.284,1.017,0,0,0,0,0,0,0,0,6040

Main.js:462 237.952,277.63,264,264,0.009,-0.026,0,0,90,0,0,0,0,0,0,0,356.396,48.929,1.135,-2.228,233.287,234.697,-0.261,-2.486,0,0,0,0,236.993,203.899,48,-120,0.352,0.797,0.033,0.037,48,380.093,220.311,2.284,1.017,0,0,0,0,0,0,0,0,6056

Main.js:462 237.961,277.605,264,264,0.009,-0.025,0,0,89,0,0,0,0,0,0,0,357.531,46.701,1.135,-2.228,233.026,232.21,-0.261,-2.486,0,0,0,0,237.359,204.692,49.5,-120,0.365,0.793,0.032,0.038,47,382.376,221.328,2.284,1.017,0,0,0,0,0,0,0,0,6073

Main.js:462 237.969,277.582,264,264,0.008,-0.023,0,0,88,0,0,0,0,1,0,0,358.666,44.474,1.135,-2.228,232.764,229.724,-0.261,-2.486,0,0,0,0,237.736,205.482,51,-120,0.377,0.79,0.031,0.039,46,384.66,222.345,2.284,1.017,0,0,0,0,0,0,0,0,6089

Main.js:462 237.977,277.56,264,264,0.008,-0.022,0,0,87,0,0,0,0,1,0,0,359.8,42.246,1.135,-2.228,232.503,227.238,-0.261,-2.486,0,0,0,0,238.123,206.27,52.5,-120,0.387,0.788,0.03,0.04,45,386.944,223.361,2.284,1.017,0,0,0,0,0,0,0,0,6131

Main.js:462 237.985,277.539,264,264,0.008,-0.021,0,0,86,0,0,0,0,1,0,0,360.935,40.019,1.135,-2.228,232.242,224.751,-0.261,-2.486,0,0,0,0,238.518,207.057,54,-120,0.396,0.787,0.029,0.04,44,389.228,224.378,2.284,1.017,0,0,0,0,0,0,0,0,6157

Main.js:462 237.992,277.519,264,264,0.007,-0.02,0,0,85,0,0,0,0,1,0,0,362.07,37.791,1.135,-2.228,231.98,222.265,-0.261,-2.486,0,0,0,0,238.921,207.845,55.5,-120,0.403,0.787,0.028,0.041,43,391.512,225.395,2.284,1.017,0,0,0,0,0,0,0,0,6173

Main.js:462 237.999,277.5,264,264,0.007,-0.019,0,0,84,0,0,0,0,0,0,0,362.07,37.791,1.135,-2.228,231.98,222.265,-0.261,-2.486,0,0,0,0,239.329,208.632,57,-120,0.408,0.788,0.027,0.042,42,393.796,226.412,2.284,1.017,0,0,0,0,0,0,0,0,6189

