Main.js:143 myTank.x,myTank.y,myTank.rotation,myTank.cannonRotation,myTank.velocityX,myTank.velocityY,myTank.accelerationX,myTank.accelerationY,myTank.shootCooldown,myTank.controls.turnLeft,myTank.controls.turnRight,myTank.controls.goForward,myTank.controls.goBack,myTank.controls.shoot,myTank.controls.cannonLeft,myTank.controls.cannonRight,myBullet1.x,myBullet1.y,myBullet1.velocityX,myBullet1.velocityY,myBullet2.x,myBullet2.y,myBullet2.velocityX,myBullet2.velocityY,myBullet3.x,myBullet3.y,myBullet3.velocityX,myBullet3.velocityY,enemyTank.x,enemyTank.y,enemyTank.rotation,enemyTank.cannonRotation,enemyTank.velocityX,enemyTank.velocityY,enemyTank.accelerationX,enemyTank.accelerationY,enemyTank.shootCooldown,enemyBullet1.x,enemyBullet1.y,enemyBullet1.velocityX,enemyBullet1.velocityY,enemyBullet2.x,enemyBullet2.y,enemyBullet2.velocityX,enemyBullet2.velocityY,enemyBullet3.x,enemyBullet3.y,enemyBullet3.velocityX,enemyBullet3.velocityY,currentGameTime
Main.js:462 50,379,0,0,0,0,0,0,0,0,0,0,0,0,0,0,0,0,0,0,0,0,0,0,0,0,0,0,450,121,180,180,0,0,0,0,0,0,0,0,0,0,0,0,0,0,0,0,0,6

Main.js:462 50,379,0,0,0,0,0,0,0,0,0,0,0,0,0,0,0,0,0,0,0,0,0,0,0,0,0,0,450,121,180,180,0,0,0,0,0,0,0,0,0,0,0,0,0,0,0,0,0,36

Main.js:462 50,379,0,0,0,0,0,0,0,0,0,0,0,0,0,0,0,0,0,0,0,0,0,0,0,0,0,0,449.953,120.999,181.5,180,-0.047,-0.001,-0.05,-0.001,99,0,0,0,0,0,0,0,0,0,0,0,0,52

Main.js:462 50,379,0,0,0,0,0,0,0,0,0,0,0,0,0,0,0,0,0,0,0,0,0,0,0,0,0,0,449.86,120.995,183,180,-0.093,-0.004,-0.05,-0.003,98,426.5,121,-2.5,0,0,0,0,0,0,0,0,0,69

Main.js:462 50,379,0,0,0,0,0,0,0,0,0,0,0,0,0,0,0,0,0,0,0,0,0,0,0,0,0,0,449.725,120.988,184.5,180,-0.135,-0.007,-0.05,-0.004,97,424,121,-2.5,0,0,0,0,0,0,0,0,0,85

Main.js:462 50,379,0,0,0,0,0,0,0,0,0,0,0,0,0,0,0,0,0,0,0,0,0,0,0,0,0,0,449.549,120.976,186,180,-0.176,-0.012,-0.05,-0.005,96,421.5,121,-2.5,0,0,0,0,0,0,0,0,0,102

Main.js:462 50,379,0,0,0,0,0,0,0,0,0,0,0,0,0,0,0,0,0,0,0,0,0,0,0,0,0,0,449.335,120.959,187.5,180,-0.214,-0.017,-0.05,-0.007,95,419,121,-2.5,0,0,0,0,0,0,0,0,0,120

Main.js:462 50,379,0,0,0,0,0,0,0,0,0,0,0,0,0,0,0,0,0,0,0,0,0,0,0,0,0,0,449.085,120.935,189,180,-0.25,-0.024,-0.049,-0.008,94,416.5,121,-2.5,0,0,0,0,0,0,0,0,0,135

Main.js:462 50.048,379,0,0,0.048,0,0.05,0,0,0,0,1,0,0,0,0,0,0,0,0,0,0,0,0,0,0,0,0,448.8,120.903,190.5,180,-0.284,-0.031,-0.049,-0.009,93,414,121,-2.5,0,0,0,0,0,0,0,0,0,153

Main.js:462 50.14,379,0,0,0.093,0,0.05,0,0,0,0,1,0,0,0,0,0,0,0,0,0,0,0,0,0,0,0,0,448.483,120.863,192,180,-0.317,-0.04,-0.049,-0.01,92,411.5,121,-2.5,0,0,0,0,0,0,0,0,0,169

Main.js:462 50.276,379,0,0,0.135,0,0.05,0,0,0,0,1,0,0,0,0,0,0,0,0,0,0,0,0,0,0,0,0,448.136,120.815,193.5,180,-0.347,-0.049,-0.049,-0.012,91,409,121,-2.5,0,0,0,0,0,0,0,0,0,185

Main.js:462 50.452,379,0,0,0.176,0,0.05,0,0,0,0,1,0,0,0,0,0,0,0,0,0,0,0,0,0,0,0,0,447.761,120.756,195,180,-0.376,-0.059,-0.048,-0.013,90,406.5,121,-2.5,0,0,0,0,0,0,0,0,0,202

Main.js:462 50.667,379,0,0,0.215,0,0.05,0,0,0,0,1,0,0,0,0,0,0,0,0,0,0,0,0,0,0,0,0,447.359,120.687,196.5,180,-0.402,-0.069,-0.048,-0.014,89,404,121,-2.5,0,0,0,0,0,0,0,0,0,219

Main.js:462 50.918,379,0,0,0.252,0,0.05,0,0,0,0,1,0,0,0,0,0,0,0,0,0,0,0,0,0,0,0,0,446.931,120.606,198,180,-0.427,-0.08,-0.048,-0.015,88,401.5,121,-2.5,0,0,0,0,0,0,0,0,0,236

Main.js:462 51.205,379,0,0,0.287,0,0.05,0,0,0,0,1,0,0,0,0,0,0,0,0,0,0,0,0,0,0,0,0,446.48,120.514,199.5,180,-0.451,-0.092,-0.047,-0.017,87,399,121,-2.5,0,0,0,0,0,0,0,0,0,253

Main.js:462 51.525,379,0,0,0.32,0,0.05,0,0,0,0,1,0,0,0,0,0,0,0,0,0,0,0,0,0,0,0,0,446.008,120.409,201,180,-0.473,-0.105,-0.047,-0.018,86,396.5,121,-2.5,0,0,0,0,0,0,0,0,0,269

Main.js:462 51.876,379,0,0,0.351,0,0.05,0,0,0,0,1,0,0,0,0,0,0,0,0,0,0,0,0,0,0,0,0,445.515,120.292,202.5,180,-0.493,-0.118,-0.046,-0.019,85,394,121,-2.5,0,0,0,0,0,0,0,0,0,285

Main.js:462 52.257,379,0,0,0.381,0,0.05,0,0,0,0,1,0,0,0,0,0,0,0,0,0,0,0,0,0,0,0,0,445.003,120.16,204,180,-0.512,-0.131,-0.046,-0.02,84,391.5,121,-2.5,0,0,0,0,0,0,0,0,0,303

Main.js:462 52.667,379,0,0,0.41,0,0.05,0,0,0,0,1,0,0,0,0,0,0,0,0,0,0,0,0,0,0,0,0,444.474,120.015,205.5,180,-0.529,-0.145,-0.045,-0.022,83,389,121,-2.5,0,0,0,0,0,0,0,0,0,319

Main.js:462 53.103,378.999,358.5,358.5,0.437,-0.001,0.05,-0.001,0,1,0,1,0,0,0,0,0,0,0,0,0,0,0,0,0,0,0,0,443.93,119.856,207,180,-0.545,-0.159,-0.045,-0.023,82,386.5,121,-2.5,0,0,0,0,0,0,0,0,0,336

Main.js:462 53.566,378.995,357,357,0.462,-0.004,0.05,-0.003,0,1,0,1,0,0,0,0,0,0,0,0,0,0,0,0,0,0,0,0,443.37,119.682,208.5,180,-0.559,-0.174,-0.044,-0.024,81,384,121,-2.5,0,0,0,0,0,0,0,0,0,352

Main.js:462 54.052,378.988,355.5,355.5,0.486,-0.007,0.05,-0.004,0,1,0,1,0,0,0,0,0,0,0,0,0,0,0,0,0,0,0,0,442.798,119.493,210,180,-0.572,-0.189,-0.043,-0.025,80,381.5,121,-2.5,0,0,0,0,0,0,0,0,0,369

Main.js:462 54.562,378.976,354,354,0.509,-0.012,0.05,-0.005,0,1,0,1,0,0,0,0,0,0,0,0,0,0,0,0,0,0,0,0,442.213,119.289,211.5,180,-0.584,-0.204,-0.043,-0.026,79,379,121,-2.5,0,0,0,0,0,0,0,0,0,385

Main.js:462 55.093,378.959,352.5,352.5,0.531,-0.017,0.05,-0.007,0,1,0,1,0,0,0,0,0,0,0,0,0,0,0,0,0,0,0,0,441.618,119.069,213,180,-0.595,-0.22,-0.042,-0.027,78,376.5,121,-2.5,0,0,0,0,0,0,0,0,0,403

Main.js:462 55.644,378.935,351,351,0.551,-0.024,0.049,-0.008,0,1,0,1,0,0,0,0,0,0,0,0,0,0,0,0,0,0,0,0,441.014,118.833,214.5,180,-0.604,-0.236,-0.041,-0.028,77,374,121,-2.5,0,0,0,0,0,0,0,0,0,420

Main.js:462 56.215,378.903,349.5,349.5,0.571,-0.031,0.049,-0.009,0,1,0,1,0,0,0,0,0,0,0,0,0,0,0,0,0,0,0,0,440.402,118.581,216,180,-0.613,-0.252,-0.04,-0.029,76,371.5,121,-2.5,0,0,0,0,0,0,0,0,0,436

Main.js:462 56.803,378.863,348,348,0.588,-0.04,0.049,-0.01,0,1,0,1,0,0,0,0,0,0,0,0,0,0,0,0,0,0,0,0,439.782,118.312,217.5,180,-0.62,-0.268,-0.04,-0.03,75,369,121,-2.5,0,0,0,0,0,0,0,0,0,452

Main.js:462 57.408,378.815,346.5,346.5,0.605,-0.049,0.049,-0.012,0,1,0,1,0,0,0,0,0,0,0,0,0,0,0,0,0,0,0,0,439.156,118.027,219,180,-0.626,-0.285,-0.039,-0.031,74,366.5,121,-2.5,0,0,0,0,0,0,0,0,0,469

Main.js:462 58.029,378.756,345,345,0.621,-0.059,0.048,-0.013,0,1,0,1,0,0,0,0,0,0,0,0,0,0,0,0,0,0,0,0,438.526,117.726,220.5,180,-0.63,-0.301,-0.038,-0.032,73,364,121,-2.5,0,0,0,0,0,0,0,0,0,485

Main.js:462 58.664,378.687,343.5,343.5,0.635,-0.069,0.048,-0.014,0,1,0,1,0,0,0,0,0,0,0,0,0,0,0,0,0,0,0,0,437.892,117.408,222,180,-0.634,-0.318,-0.037,-0.033,72,361.5,121,-2.5,0,0,0,0,0,0,0,0,0,501

Main.js:462 59.313,378.606,342,342,0.649,-0.08,0.048,-0.015,0,1,0,1,0,0,0,0,0,0,0,0,0,0,0,0,0,0,0,0,437.254,117.074,222,178.5,-0.638,-0.334,-0.037,-0.033,71,359,121,-2.5,0,0,0,0,0,0,0,0,0,519

Main.js:462 59.974,378.514,340.5,340.5,0.661,-0.092,0.047,-0.017,0,1,0,1,0,0,0,0,0,0,0,0,0,0,0,0,0,0,0,0,436.613,116.724,222,177,-0.641,-0.349,-0.037,-0.033,70,356.5,121,-2.5,0,0,0,0,0,0,0,0,0,537

Main.js:462 60.647,378.409,339,339,0.672,-0.105,0.047,-0.018,0,1,0,1,0,0,0,0,0,0,0,0,0,0,0,0,0,0,0,0,435.968,116.361,222,175.5,-0.644,-0.363,-0.037,-0.033,69,354,121,-2.5,0,0,0,0,0,0,0,0,0,553

Main.js:462 61.33,378.293,339,339,0.683,-0.116,0.047,-0.018,0,0,0,1,0,0,0,0,0,0,0,0,0,0,0,0,0,0,0,0,435.321,115.984,222,174,-0.647,-0.377,-0.037,-0.033,68,351.5,121,-2.5,0,0,0,0,0,0,0,0,0,571

Main.js:462 62.023,378.165,339,339,0.693,-0.128,0.047,-0.018,0,0,0,1,0,0,0,0,0,0,0,0,0,0,0,0,0,0,0,0,434.671,115.594,222,172.5,-0.65,-0.39,-0.037,-0.033,67,349,121,-2.5,0,0,0,0,0,0,0,0,0,587

Main.js:462 62.726,378.027,339,339,0.703,-0.138,0.047,-0.018,0,0,0,1,0,0,0,0,0,0,0,0,0,0,0,0,0,0,0,0,434.017,115.192,222,171,-0.653,-0.402,-0.037,-0.033,66,346.5,121,-2.5,0,0,0,0,0,0,0,0,0,601

Main.js:462 63.438,377.878,339,339,0.712,-0.148,0.047,-0.018,0,0,0,1,0,0,0,0,0,0,0,0,0,0,0,0,0,0,0,0,433.361,114.778,222,169.5,-0.656,-0.414,-0.037,-0.033,65,344,121,-2.5,0,0,0,0,0,0,0,0,0,619

Main.js:462 64.159,377.72,339,339,0.721,-0.158,0.047,-0.018,0,0,0,1,0,0,0,0,0,0,0,0,0,0,0,0,0,0,0,0,432.703,114.353,222,168,-0.658,-0.425,-0.037,-0.033,64,341.5,121,-2.5,0,0,0,0,0,0,0,0,0,636

Main.js:462 64.888,377.553,339,339,0.729,-0.167,0.047,-0.018,0,0,0,1,0,0,0,0,0,0,0,0,0,0,0,0,0,0,0,0,432.042,113.917,222,166.5,-0.661,-0.436,-0.037,-0.033,63,339,121,-2.5,0,0,0,0,0,0,0,0,0,652

Main.js:462 65.625,377.377,339,339,0.737,-0.176,0.047,-0.018,0,0,0,1,0,0,0,0,0,0,0,0,0,0,0,0,0,0,0,0,431.379,113.471,222,165,-0.663,-0.446,-0.037,-0.033,62,336.5,121,-2.5,0,0,0,0,0,0,0,0,0,669

Main.js:462 66.37,377.193,339,339,0.745,-0.184,0.047,-0.018,0,0,0,1,0,0,0,0,0,0,0,0,0,0,0,0,0,0,0,0,430.714,113.016,222,163.5,-0.665,-0.455,-0.037,-0.033,61,334,121,-2.5,0,0,0,0,0,0,0,0,0,686

Main.js:462 67.122,377.001,339,339,0.752,-0.192,0.047,-0.018,0,0,0,1,0,0,0,0,0,0,0,0,0,0,0,0,0,0,0,0,430.047,112.552,222,162,-0.667,-0.464,-0.037,-0.033,60,331.5,121,-2.5,0,0,0,0,0,0,0,0,0,702

Main.js:462 67.88,376.802,339,339,0.758,-0.199,0.047,-0.018,0,0,0,1,0,0,0,0,0,0,0,0,0,0,0,0,0,0,0,0,429.378,112.08,222,160.5,-0.669,-0.473,-0.037,-0.033,59,329,121,-2.5,0,0,0,0,0,0,0,0,0,719

Main.js:462 68.645,376.596,339,339,0.765,-0.206,0.047,-0.018,0,0,0,1,0,0,0,0,0,0,0,0,0,0,0,0,0,0,0,0,428.707,111.599,222,159,-0.671,-0.481,-0.037,-0.033,58,326.5,121,-2.5,0,0,0,0,0,0,0,0,0,736

Main.js:462 69.416,376.383,339,339,0.771,-0.213,0.047,-0.018,0,0,0,1,0,0,0,0,0,0,0,0,0,0,0,0,0,0,0,0,428.034,111.11,222,157.5,-0.673,-0.489,-0.037,-0.033,57,324,121,-2.5,0,0,0,0,0,0,0,0,0,752

Main.js:462 70.193,376.163,339,339,0.777,-0.219,0.047,-0.018,0,0,0,1,0,0,0,0,0,0,0,0,0,0,0,0,0,0,0,0,427.36,110.614,222,156,-0.674,-0.496,-0.037,-0.033,56,321.5,121,-2.5,0,0,0,0,0,0,0,0,0,769

Main.js:462 70.975,375.938,339,339,0.782,-0.225,0.047,-0.018,0,0,0,1,0,0,0,0,0,0,0,0,0,0,0,0,0,0,0,0,426.684,110.111,222,154.5,-0.676,-0.503,-0.037,-0.033,55,319,121,-2.5,0,0,0,0,0,0,0,0,0,786

Main.js:462 71.763,375.706,339,339,0.788,-0.231,0.047,-0.018,0,0,0,1,0,0,0,0,0,0,0,0,0,0,0,0,0,0,0,0,426.006,109.602,222,153,-0.677,-0.51,-0.037,-0.033,54,316.5,121,-2.5,0,0,0,0,0,0,0,0,0,802

Main.js:462 72.555,375.47,339,339,0.792,-0.237,0.047,-0.018,0,0,0,1,0,0,0,0,0,0,0,0,0,0,0,0,0,0,0,0,425.328,109.086,222,151.5,-0.679,-0.516,-0.037,-0.033,53,314,121,-2.5,0,0,0,0,0,0,0,0,0,819

Main.js:462 73.352,375.228,339,339,0.797,-0.242,0.047,-0.018,0,0,0,1,0,0,0,0,0,0,0,0,0,0,0,0,0,0,0,0,424.647,108.564,222,150,-0.68,-0.522,-0.037,-0.033,52,311.5,121,-2.5,0,0,0,0,0,0,0,0,0,835

Main.js:462 74.154,374.981,339,339,0.802,-0.247,0.047,-0.018,0,0,0,1,0,0,0,0,0,0,0,0,0,0,0,0,0,0,0,0,423.966,108.036,222,148.5,-0.682,-0.528,-0.037,-0.033,51,309,121,-2.5,0,0,0,0,0,0,0,0,0,853

Main.js:462 74.96,374.728,337.5,337.5,0.805,-0.253,0.046,-0.019,0,1,0,1,0,0,0,0,0,0,0,0,0,0,0,0,0,0,0,0,423.283,107.503,222,147,-0.683,-0.533,-0.037,-0.033,50,306.5,121,-2.5,0,0,0,0,0,0,0,0,0,869

Main.js:462 75.768,374.469,336,336,0.809,-0.259,0.046,-0.02,0,1,0,1,0,0,0,0,0,0,0,0,0,0,0,0,0,0,0,0,422.599,106.965,222,145.5,-0.684,-0.538,-0.037,-0.033,49,304,121,-2.5,0,0,0,0,0,0,0,0,0,886

Main.js:462 76.579,374.202,334.5,334.5,0.811,-0.267,0.045,-0.022,0,1,0,1,0,0,0,0,0,0,0,0,0,0,0,0,0,0,0,0,421.914,106.422,222,144,-0.685,-0.543,-0.037,-0.033,48,301.5,121,-2.5,0,0,0,0,0,0,0,0,0,902

Main.js:462 77.392,373.927,333,333,0.813,-0.275,0.045,-0.023,0,1,0,1,0,0,0,0,0,0,0,0,0,0,0,0,0,0,0,0,421.228,105.875,222,142.5,-0.686,-0.548,-0.037,-0.033,47,299,121,-2.5,0,0,0,0,0,0,0,0,0,919

Main.js:462 78.206,373.643,331.5,331.5,0.814,-0.284,0.044,-0.024,0,1,0,1,0,0,0,0,0,0,0,0,0,0,0,0,0,0,0,0,420.541,105.323,222,141,-0.687,-0.552,-0.037,-0.033,46,296.5,121,-2.5,0,0,0,0,0,0,0,0,0,936

Main.js:462 79.021,373.351,331.5,331.5,0.815,-0.292,0.044,-0.024,0,0,0,1,0,0,0,0,0,0,0,0,0,0,0,0,0,0,0,0,419.853,104.767,222,139.5,-0.688,-0.556,-0.037,-0.033,45,294,121,-2.5,0,0,0,0,0,0,0,0,0,953

Main.js:462 79.837,373.05,331.5,331.5,0.816,-0.3,0.044,-0.024,0,0,0,1,0,0,0,0,0,0,0,0,0,0,0,0,0,0,0,0,419.164,104.206,222,138,-0.689,-0.56,-0.037,-0.033,44,291.5,121,-2.5,0,0,0,0,0,0,0,0,0,969

Main.js:462 80.654,372.742,331.5,331.5,0.817,-0.308,0.044,-0.024,0,0,0,1,0,0,0,0,0,0,0,0,0,0,0,0,0,0,0,0,418.474,103.642,222,136.5,-0.69,-0.564,-0.037,-0.033,43,289,121,-2.5,0,0,0,0,0,0,0,0,0,986

Main.js:462 81.472,372.427,331.5,331.5,0.818,-0.315,0.044,-0.024,0,0,0,1,0,0,0,0,0,0,0,0,0,0,0,0,0,0,0,0,417.784,103.075,222,135,-0.691,-0.568,-0.037,-0.033,42,286.5,121,-2.5,0,0,0,0,0,0,0,0,0,1003

Main.js:462 82.29,372.105,331.5,331.5,0.819,-0.322,0.044,-0.024,0,0,0,1,0,0,0,0,0,0,0,0,0,0,0,0,0,0,0,0,417.092,102.505,220.5,132,-0.692,-0.57,-0.038,-0.032,41,284,121,-2.5,0,0,0,0,0,0,0,0,0,1020

Main.js:462 83.11,371.776,331.5,331.5,0.819,-0.329,0.044,-0.024,0,0,0,1,0,0,0,0,0,0,0,0,0,0,0,0,0,0,0,0,416.397,101.934,219,129,-0.694,-0.571,-0.039,-0.031,40,281.5,121,-2.5,0,0,0,0,0,0,0,0,0,1052

Main.js:462 83.93,371.441,331.5,331.5,0.82,-0.335,0.044,-0.024,0,0,0,1,0,0,0,0,0,0,0,0,0,0,0,0,0,0,0,0,415.7,101.362,217.5,126,-0.697,-0.572,-0.04,-0.03,39,279,121,-2.5,0,0,0,0,0,0,0,0,0,1070

Main.js:462 84.751,371.1,331.5,331.5,0.821,-0.341,0.044,-0.024,0,0,0,1,0,0,0,0,0,0,0,0,0,0,0,0,0,0,0,0,414.999,100.791,216,123,-0.701,-0.571,-0.04,-0.029,38,276.5,121,-2.5,0,0,0,0,0,0,0,0,0,1086

Main.js:462 85.573,370.753,331.5,331.5,0.822,-0.347,0.044,-0.024,0,0,0,1,0,0,0,0,0,0,0,0,0,0,0,0,0,0,0,0,414.294,100.221,214.5,120,-0.705,-0.569,-0.041,-0.028,37,274,121,-2.5,0,0,0,0,0,0,0,0,0,1103

Main.js:462 86.395,370.401,331.5,331.5,0.822,-0.352,0.044,-0.024,0,0,0,1,0,0,0,0,0,0,0,0,0,0,0,0,0,0,0,0,413.584,99.654,213,117,-0.71,-0.567,-0.042,-0.027,36,271.5,121,-2.5,0,0,0,0,0,0,0,0,0,1120

Main.js:462 87.217,370.043,330,330,0.822,-0.358,0.043,-0.025,0,1,0,1,0,0,0,0,0,0,0,0,0,0,0,0,0,0,0,0,412.869,99.091,211.5,114,-0.715,-0.563,-0.043,-0.026,35,269,121,-2.5,0,0,0,0,0,0,0,0,0,1137

Main.js:462 88.039,369.678,328.5,328.5,0.822,-0.365,0.043,-0.026,0,1,0,1,0,0,0,0,0,0,0,0,0,0,0,0,0,0,0,0,412.149,98.532,210,111,-0.72,-0.559,-0.043,-0.025,34,266.5,121,-2.5,0,0,0,0,0,0,0,0,0,1152

Main.js:462 88.86,369.306,327,327,0.82,-0.373,0.042,-0.027,0,1,0,1,0,0,0,0,0,0,0,0,0,0,0,0,0,0,0,0,411.423,97.979,208.5,108,-0.726,-0.554,-0.044,-0.024,33,264,121,-2.5,0,0,0,0,0,0,0,0,0,1170

Main.js:462 89.678,368.925,325.5,325.5,0.819,-0.381,0.041,-0.028,0,1,0,1,0,0,0,0,0,0,0,0,0,0,0,0,0,0,0,0,410.691,97.431,207,105,-0.732,-0.547,-0.045,-0.023,32,261.5,121,-2.5,0,0,0,0,0,0,0,0,0,1186

Main.js:462 90.494,368.535,324,324,0.816,-0.39,0.04,-0.029,0,1,0,1,0,0,0,0,0,0,0,0,0,0,0,0,0,0,0,0,409.953,96.891,205.5,102,-0.738,-0.541,-0.045,-0.022,31,259,121,-2.5,0,0,0,0,0,0,0,0,0,1204

Main.js:462 91.307,368.136,322.5,322.5,0.813,-0.399,0.04,-0.03,0,1,0,1,0,0,0,0,0,0,0,0,0,0,0,0,0,0,0,0,409.209,96.358,204,99,-0.745,-0.533,-0.046,-0.02,30,256.5,121,-2.5,0,0,0,0,0,0,0,0,0,1219

Main.js:462 92.116,367.727,321,321,0.809,-0.409,0.039,-0.031,0,1,0,1,0,0,0,0,0,0,0,0,0,0,0,0,0,0,0,0,408.457,95.833,202.5,96,-0.751,-0.524,-0.046,-0.019,29,254,121,-2.5,0,0,0,0,0,0,0,0,0,1236

Main.js:462 92.921,367.307,319.5,319.5,0.805,-0.42,0.038,-0.032,0,1,0,1,0,0,0,0,0,0,0,0,0,0,0,0,0,0,0,0,407.699,95.318,201,93,-0.758,-0.515,-0.047,-0.018,28,251.5,121,-2.5,0,0,0,0,0,0,0,0,0,1252

Main.js:462 93.721,366.877,318,318,0.8,-0.43,0.037,-0.033,0,1,0,1,0,0,0,0,0,0,0,0,0,0,0,0,0,0,0,0,406.934,94.813,199.5,90,-0.765,-0.505,-0.047,-0.017,27,249,121,-2.5,0,0,0,0,0,0,0,0,0,1269

Main.js:462 94.516,366.435,316.5,316.5,0.794,-0.441,0.036,-0.034,0,1,0,1,0,0,0,0,0,0,0,0,0,0,0,0,0,0,0,0,406.163,94.318,198,87,-0.772,-0.495,-0.048,-0.015,26,246.5,121,-2.5,0,0,0,0,0,0,0,0,0,1286

Main.js:462 95.305,365.983,316.5,316.5,0.789,-0.452,0.036,-0.034,0,0,0,1,0,0,0,0,0,0,0,0,0,0,0,0,0,0,0,0,405.384,93.835,196.5,84,-0.779,-0.483,-0.048,-0.014,25,244,121,-2.5,0,0,0,0,0,0,0,0,0,1302

Main.js:462 96.089,365.521,316.5,316.5,0.784,-0.462,0.036,-0.034,0,0,0,1,0,0,0,0,0,0,0,0,0,0,0,0,0,0,0,0,404.598,93.363,195,81,-0.786,-0.472,-0.048,-0.013,24,241.5,121,-2.5,0,0,0,0,0,0,0,0,0,1319

Main.js:462 96.868,365.049,316.5,316.5,0.779,-0.472,0.036,-0.034,0,0,0,1,0,0,0,0,0,0,0,0,0,0,0,0,0,0,0,0,403.805,92.904,193.5,78,-0.793,-0.459,-0.049,-0.012,23,239,121,-2.5,0,0,0,0,0,0,0,0,0,1335

Main.js:462 97.643,364.568,316.5,316.5,0.775,-0.481,0.036,-0.034,0,0,0,1,0,0,0,0,0,0,0,0,0,0,0,0,0,0,0,0,403.006,92.458,192,75,-0.799,-0.446,-0.049,-0.01,22,236.5,121,-2.5,0,0,0,0,0,0,0,0,0,1351

Main.js:462 98.414,364.079,316.5,316.5,0.771,-0.49,0.036,-0.034,0,0,0,1,0,0,0,0,0,0,0,0,0,0,0,0,0,0,0,0,402.2,92.026,190.5,72,-0.806,-0.432,-0.049,-0.009,21,234,121,-2.5,0,0,0,0,0,0,0,0,0,1368

Main.js:462 99.18,363.581,316.5,316.5,0.767,-0.498,0.036,-0.034,0,0,0,1,0,0,0,0,0,0,0,0,0,0,0,0,0,0,0,0,401.387,91.608,189,69,-0.813,-0.418,-0.049,-0.008,20,231.5,121,-2.5,0,0,0,0,0,0,0,0,0,1386

Main.js:462 99.943,363.076,316.5,316.5,0.763,-0.506,0.036,-0.034,0,0,0,1,0,0,0,0,0,0,0,0,0,0,0,0,0,0,0,0,400.568,91.204,187.5,66,-0.819,-0.403,-0.05,-0.007,19,229,121,-2.5,0,0,0,0,0,0,0,0,0,1403

Main.js:462 100.702,362.563,316.5,316.5,0.759,-0.513,0.036,-0.034,0,0,0,1,0,0,0,0,0,0,0,0,0,0,0,0,0,0,0,0,399.742,90.816,186,63,-0.826,-0.388,-0.05,-0.005,18,226.5,121,-2.5,0,0,0,0,0,0,0,0,0,1420

Main.js:462 101.458,362.042,316.5,316.5,0.755,-0.52,0.036,-0.034,0,0,0,1,0,0,0,0,0,0,0,0,0,0,0,0,0,0,0,0,398.91,90.443,184.5,60,-0.832,-0.373,-0.05,-0.004,17,224,121,-2.5,0,0,0,0,0,0,0,0,0,1435

Main.js:462 102.21,361.516,316.5,316.5,0.752,-0.527,0.036,-0.034,0,0,0,1,0,0,0,0,0,0,0,0,0,0,0,0,0,0,0,0,398.073,90.087,183,57,-0.837,-0.356,-0.05,-0.003,16,221.5,121,-2.5,0,0,0,0,0,0,0,0,0,1452

Main.js:462 102.959,360.983,316.5,316.5,0.749,-0.533,0.036,-0.034,0,0,0,1,0,0,0,0,0,0,0,0,0,0,0,0,0,0,0,0,397.23,89.747,181.5,54,-0.843,-0.34,-0.05,-0.001,15,219,121,-2.5,0,0,0,0,0,0,0,0,0,1470

Main.js:462 103.705,360.444,316.5,316.5,0.746,-0.539,0.036,-0.034,0,0,0,1,0,0,0,0,0,0,0,0,0,0,0,0,0,0,0,0,396.381,89.424,180,51,-0.848,-0.323,-0.05,0,14,216.5,121,-2.5,0,0,0,0,0,0,0,0,0,1486

Main.js:462 104.448,359.899,316.5,316.5,0.743,-0.545,0.036,-0.034,0,0,0,1,0,0,0,0,0,0,0,0,0,0,0,0,0,0,0,0,395.528,89.119,178.5,48,-0.853,-0.305,-0.05,0.001,13,214,121,-2.5,0,0,0,0,0,0,0,0,0,1503

Main.js:462 105.188,359.348,316.5,316.5,0.74,-0.55,0.036,-0.034,0,0,0,1,0,0,0,0,0,0,0,0,0,0,0,0,0,0,0,0,394.67,88.831,177,45,-0.858,-0.288,-0.05,0.003,12,211.5,121,-2.5,0,0,0,0,0,0,0,0,0,1520

Main.js:462 105.926,358.793,316.5,316.5,0.738,-0.556,0.036,-0.034,0,0,0,1,0,0,0,0,0,0,0,0,0,0,0,0,0,0,0,0,393.807,88.561,175.5,42,-0.863,-0.27,-0.05,0.004,11,209,121,-2.5,0,0,0,0,0,0,0,0,0,1536

Main.js:462 106.662,358.232,316.5,316.5,0.735,-0.56,0.036,-0.034,0,0,0,1,0,0,0,0,0,0,0,0,0,0,0,0,0,0,0,0,392.94,88.31,174,39,-0.867,-0.251,-0.05,0.005,10,206.5,121,-2.5,0,0,0,0,0,0,0,0,0,1553

Main.js:462 107.395,357.667,316.5,316.5,0.733,-0.565,0.036,-0.034,0,0,0,1,0,0,0,0,0,0,0,0,0,0,0,0,0,0,0,0,392.07,88.078,172.5,36,-0.871,-0.232,-0.05,0.007,9,204,121,-2.5,0,0,0,0,0,0,0,0,0,1570

Main.js:462 108.126,357.098,316.5,316.5,0.731,-0.57,0.036,-0.034,0,0,0,1,0,0,0,0,0,0,0,0,0,0,0,0,0,0,0,0,391.196,87.864,171,33,-0.874,-0.213,-0.049,0.008,8,201.5,121,-2.5,0,0,0,0,0,0,0,0,0,1587

Main.js:462 108.855,356.524,316.5,316.5,0.729,-0.574,0.036,-0.034,0,0,0,1,0,0,0,0,0,0,0,0,0,0,0,0,0,0,0,0,390.319,87.67,169.5,30,-0.877,-0.194,-0.049,0.009,7,199,121,-2.5,0,0,0,0,0,0,0,0,0,1602

Main.js:462 109.581,355.946,316.5,316.5,0.727,-0.578,0.036,-0.034,0,0,0,1,0,0,0,0,0,0,0,0,0,0,0,0,0,0,0,0,389.439,87.496,168,27,-0.88,-0.174,-0.049,0.01,6,196.5,121,-2.5,0,0,0,0,0,0,0,0,0,1620

Main.js:462 110.306,355.365,316.5,316.5,0.725,-0.582,0.036,-0.034,0,0,0,1,0,0,0,0,0,0,0,0,0,0,0,0,0,0,0,0,388.557,87.341,166.5,24,-0.882,-0.155,-0.049,0.012,5,194,121,-2.5,0,0,0,0,0,0,0,0,0,1636

Main.js:462 111.03,354.779,316.5,316.5,0.723,-0.585,0.036,-0.034,0,0,0,1,0,0,0,0,0,0,0,0,0,0,0,0,0,0,0,0,387.674,87.207,165,21,-0.884,-0.135,-0.048,0.013,4,191.5,121,-2.5,0,0,0,0,0,0,0,0,0,1653

Main.js:462 111.751,354.191,316.5,316.5,0.721,-0.589,0.036,-0.034,0,0,0,1,0,0,0,0,0,0,0,0,0,0,0,0,0,0,0,0,386.789,87.092,163.5,18,-0.885,-0.114,-0.048,0.014,3,189,121,-2.5,0,0,0,0,0,0,0,0,0,1670

Main.js:462 112.471,353.599,316.5,316.5,0.72,-0.592,0.036,-0.034,0,0,0,1,0,0,0,0,0,0,0,0,0,0,0,0,0,0,0,0,385.903,86.998,162,15,-0.886,-0.094,-0.048,0.015,2,186.5,121,-2.5,0,0,0,0,0,0,0,0,0,1687

Main.js:462 113.189,353.004,316.5,316.5,0.718,-0.595,0.036,-0.034,0,0,0,1,0,0,0,0,0,0,0,0,0,0,0,0,0,0,0,0,385.017,86.925,160.5,12,-0.886,-0.073,-0.047,0.017,1,184,121,-2.5,0,0,0,0,0,0,0,0,0,1702

Main.js:462 113.906,352.406,316.5,316.5,0.717,-0.598,0.036,-0.034,0,0,0,1,0,0,0,0,0,0,0,0,0,0,0,0,0,0,0,0,384.13,86.872,159,9,-0.886,-0.053,-0.047,0.018,0,181.5,121,-2.5,0,0,0,0,0,0,0,0,0,1719

Main.js:462 114.622,351.805,316.5,316.5,0.715,-0.601,0.036,-0.034,0,0,0,1,0,0,0,0,0,0,0,0,0,0,0,0,0,0,0,0,383.244,86.84,157.5,6,-0.886,-0.032,-0.046,0.019,99,179,121,-2.5,0,0,0,0,0,0,0,0,0,1735

Main.js:462 115.336,351.202,316.5,316.5,0.714,-0.603,0.036,-0.034,0,0,0,1,0,0,0,0,0,0,0,0,0,0,0,0,0,0,0,0,382.359,86.829,156,3,-0.885,-0.011,-0.046,0.02,98,176.5,121,-2.5,0,407.502,89.328,2.486,0.261,0,0,0,0,1754

Main.js:462 116.049,350.596,316.5,316.5,0.713,-0.606,0.036,-0.034,0,0,0,1,0,0,0,0,0,0,0,0,0,0,0,0,0,0,0,0,381.476,86.839,154.5,0,-0.884,0.01,-0.045,0.022,97,174,121,-2.5,0,409.988,89.59,2.486,0.261,0,0,0,0,1770

Main.js:462 116.76,349.987,316.5,316.5,0.712,-0.608,0.036,-0.034,0,0,0,1,0,0,0,0,0,0,0,0,0,0,0,0,0,0,0,0,380.594,86.87,153,357,-0.882,0.031,-0.045,0.023,96,171.5,121,-2.5,0,412.474,89.851,2.486,0.261,0,0,0,0,1787

Main.js:462 117.471,349.377,316.5,316.5,0.711,-0.611,0.036,-0.034,0,0,0,1,0,0,0,0,0,0,0,0,0,0,0,0,0,0,0,0,379.714,86.922,151.5,354,-0.879,0.052,-0.044,0.024,95,169,121,-2.5,0,414.961,90.112,2.486,0.261,0,0,0,0,1804

Main.js:462 118.18,348.764,316.5,316.5,0.71,-0.613,0.036,-0.034,0,0,0,1,0,0,0,0,0,0,0,0,0,0,0,0,0,0,0,0,378.838,86.996,150,351,-0.877,0.073,-0.043,0.025,94,166.5,121,-2.5,0,417.447,90.374,2.486,0.261,0,0,0,0,1821

Main.js:462 118.889,348.149,316.5,316.5,0.708,-0.615,0.036,-0.034,0,0,0,1,0,0,0,0,0,0,0,0,0,0,0,0,0,0,0,0,377.965,87.09,148.5,348,-0.873,0.094,-0.043,0.026,93,164,121,-2.5,0,419.933,90.635,2.486,0.261,0,0,0,0,1835

Main.js:462 119.596,347.532,316.5,316.5,0.708,-0.617,0.036,-0.034,0,0,0,1,0,0,0,0,0,0,0,0,0,0,0,0,0,0,0,0,377.095,87.206,147,345,-0.869,0.116,-0.042,0.027,92,161.5,121,-2.5,0,422.419,90.896,2.486,0.261,0,0,0,0,1852

Main.js:462 120.303,346.914,316.5,316.5,0.707,-0.619,0.036,-0.034,0,0,0,1,0,0,0,0,0,0,0,0,0,0,0,0,0,0,0,0,376.23,87.342,145.5,342,-0.865,0.137,-0.041,0.028,91,159,121,-2.5,0,424.906,91.158,2.486,0.261,0,0,0,0,1868

Main.js:462 121.009,346.293,316.5,316.5,0.706,-0.62,0.036,-0.034,0,0,0,1,0,0,0,0,0,0,0,0,0,0,0,0,0,0,0,0,375.37,87.5,144,339,-0.86,0.158,-0.04,0.029,90,156.5,121,-2.5,0,427.392,91.419,2.486,0.261,0,0,0,0,1885

Main.js:462 121.713,345.67,315,315,0.704,-0.623,0.035,-0.035,0,1,0,1,0,0,0,0,0,0,0,0,0,0,0,0,0,0,0,0,374.515,87.679,142.5,336,-0.855,0.179,-0.04,0.03,89,154,121,-2.5,0,429.878,91.68,2.486,0.261,0,0,0,0,1903

Main.js:462 122.414,345.044,313.5,313.5,0.702,-0.626,0.034,-0.036,0,1,0,1,0,0,0,0,0,0,0,0,0,0,0,0,0,0,0,0,373.666,87.879,141,333,-0.849,0.2,-0.039,0.031,88,151.5,121,-2.5,0,432.365,91.942,2.486,0.261,0,0,0,0,1918

Main.js:462 123.113,344.414,312,312,0.698,-0.63,0.033,-0.037,0,1,0,1,0,0,0,0,0,0,0,0,0,0,0,0,0,0,0,0,372.823,88.1,139.5,330,-0.843,0.221,-0.038,0.032,87,149,121,-2.5,0,434.851,92.203,2.486,0.261,0,0,0,0,1935

Main.js:462 123.807,343.779,310.5,310.5,0.694,-0.635,0.032,-0.038,0,1,0,1,0,0,0,0,0,0,0,0,0,0,0,0,0,0,0,0,371.987,88.341,138,327,-0.836,0.241,-0.037,0.033,86,146.5,121,-2.5,0,437.337,92.464,2.486,0.261,0,0,0,0,1953

Main.js:462 124.496,343.139,309,309,0.689,-0.64,0.031,-0.039,0,1,0,1,0,0,0,0,0,0,0,0,0,0,0,0,0,0,0,0,371.158,88.603,136.5,324,-0.829,0.262,-0.036,0.034,85,144,121,-2.5,0,439.824,92.726,2.486,0.261,0,0,0,0,1969

Main.js:462 125.18,342.493,307.5,307.5,0.684,-0.646,0.03,-0.04,0,1,0,1,0,0,0,0,0,0,0,0,0,0,0,0,0,0,0,0,370.337,88.885,135,321,-0.821,0.283,-0.035,0.035,84,141.5,121,-2.5,0,442.31,92.987,2.486,0.261,0,0,0,0,1985

Main.js:462 125.858,341.842,307.5,307.5,0.679,-0.651,0.03,-0.04,0,0,0,1,0,0,0,0,0,0,0,0,0,0,0,0,0,0,0,0,369.525,89.188,133.5,318,-0.812,0.303,-0.034,0.036,83,139,121,-2.5,0,444.796,93.248,2.486,0.261,0,0,0,0,2002

Main.js:462 126.532,341.186,307.5,307.5,0.674,-0.656,0.03,-0.04,0,0,0,1,0,0,0,0,0,0,0,0,0,0,0,0,0,0,0,0,368.72,89.51,135,318,-0.805,0.321,-0.035,0.035,82,136.5,121,-2.5,0,447.282,93.51,2.486,0.261,0,0,0,0,2019

Main.js:462 127.201,340.525,307.5,307.5,0.669,-0.661,0.03,-0.04,0,0,0,1,0,0,0,0,0,0,0,0,0,0,0,0,0,0,0,0,367.92,89.848,136.5,318,-0.8,0.338,-0.036,0.034,81,134,121,-2.5,0,449.769,93.771,2.486,0.261,0,0,0,0,2037

Main.js:462 127.865,339.859,307.5,307.5,0.664,-0.666,0.03,-0.04,0,0,0,1,0,0,0,0,0,0,0,0,0,0,0,0,0,0,0,0,367.125,90.2,138,318,-0.795,0.353,-0.037,0.033,80,131.5,121,-2.5,0,452.255,94.032,2.486,0.261,0,0,0,0,2052

Main.js:462 128.525,339.189,307.5,307.5,0.66,-0.67,0.03,-0.04,0,0,0,1,0,0,0,0,0,0,0,0,0,0,0,0,0,0,0,0,366.334,90.566,139.5,318,-0.791,0.366,-0.038,0.032,79,129,121,-2.5,0,454.741,94.294,2.486,0.261,0,0,0,0,2070

Main.js:462 129.152,338.552,307.5,307.5,0.627,-0.637,0,0,0,0,0,0,0,0,0,0,0,0,0,0,0,0,0,0,0,0,0,0,365.545,90.944,141,318,-0.789,0.378,-0.039,0.031,78,126.5,121,-2.5,0,457.228,94.555,2.486,0.261,0,0,0,0,2087

Main.js:462 129.747,337.947,307.5,307.5,0.596,-0.605,0,0,0,0,0,0,0,0,0,0,0,0,0,0,0,0,0,0,0,0,0,0,364.758,91.332,142.5,318,-0.787,0.388,-0.04,0.03,77,124,121,-2.5,0,459.714,94.816,2.486,0.261,0,0,0,0,2103

Main.js:462 130.313,337.373,307.5,307.5,0.566,-0.575,0,0,0,0,0,0,0,0,0,0,0,0,0,0,0,0,0,0,0,0,0,0,363.972,91.728,144,318,-0.786,0.396,-0.04,0.029,76,121.5,121,-2.5,0,462.2,95.078,2.486,0.261,0,0,0,0,2119

Main.js:462 130.851,336.827,307.5,307.5,0.538,-0.546,0,0,0,0,0,0,0,0,0,0,0,0,0,0,0,0,0,0,0,0,0,0,363.187,92.131,145.5,318,-0.786,0.403,-0.041,0.028,75,119,121,-2.5,0,464.687,95.339,2.486,0.261,0,0,0,0,2135

Main.js:462 131.361,336.308,307.5,307.5,0.511,-0.519,0,0,0,0,0,0,0,0,0,0,0,0,0,0,0,0,0,0,0,0,0,0,362.4,92.54,147,318,-0.786,0.409,-0.042,0.027,74,116.5,121,-2.5,0,467.173,95.6,2.486,0.261,0,0,0,0,2152

Main.js:462 131.846,335.816,307.5,307.5,0.485,-0.493,0,0,0,0,0,0,0,0,0,0,0,0,0,0,0,0,0,0,0,0,0,0,361.613,92.953,148.5,318,-0.788,0.413,-0.043,0.026,73,114,121,-2.5,0,469.659,95.862,2.486,0.261,0,0,0,0,2169

Main.js:462 132.307,335.348,307.5,307.5,0.461,-0.468,0,0,0,0,0,0,0,0,0,0,0,0,0,0,0,0,0,0,0,0,0,0,360.823,93.37,150,318,-0.789,0.416,-0.043,0.025,72,111.5,121,-2.5,0,472.146,96.123,2.486,0.261,0,0,0,0,2187

Main.js:462 132.745,334.903,307.5,307.5,0.438,-0.445,0,0,0,0,0,0,0,0,0,0,0,0,0,0,0,0,0,0,0,0,0,0,360.032,93.788,151.5,318,-0.792,0.418,-0.044,0.024,71,109,121,-2.5,0,474.632,96.384,2.486,0.261,0,0,0,0,2202

Main.js:462 133.161,334.481,307.5,307.5,0.416,-0.422,0,0,99,0,0,0,0,1,0,0,0,0,0,0,0,0,0,0,0,0,0,0,359.237,94.207,153,318,-0.794,0.419,-0.045,0.023,70,106.5,121,-2.5,0,477.118,96.645,2.486,0.261,0,0,0,0,2220

Main.js:462 133.556,334.079,307.5,307.5,0.395,-0.401,0,0,98,0,0,0,0,1,0,0,147.051,316.259,1.522,-1.983,0,0,0,0,0,0,0,0,358.44,94.625,154.5,318,-0.797,0.418,-0.045,0.022,69,104,121,-2.5,0,479.604,96.907,2.486,0.261,0,0,0,0,2235

Main.js:462 133.932,333.698,307.5,307.5,0.375,-0.381,0,0,97,0,0,0,0,1,0,0,148.573,314.276,1.522,-1.983,0,0,0,0,0,0,0,0,357.639,95.042,156,318,-0.801,0.417,-0.046,0.02,68,101.5,121,-2.5,0,482.091,97.168,2.486,0.261,0,0,0,0,2252

Main.js:462 134.288,333.336,307.5,307.5,0.357,-0.362,0,0,96,0,0,0,0,1,0,0,150.095,312.292,1.522,-1.983,0,0,0,0,0,0,0,0,356.834,95.456,157.5,318,-0.805,0.414,-0.046,0.019,67,99,121,-2.5,0,484.577,97.429,2.486,0.261,0,0,0,0,2269

Main.js:462 134.627,332.992,307.5,307.5,0.339,-0.344,0,0,95,0,0,0,0,1,0,0,151.617,310.309,1.522,-1.983,0,0,0,0,0,0,0,0,356.025,95.867,159,318,-0.809,0.41,-0.047,0.018,66,96.5,121,-2.5,0,487.063,97.691,2.486,0.261,0,0,0,0,2287

Main.js:462 134.949,332.665,307.5,307.5,0.322,-0.327,0,0,94,0,0,0,0,1,0,0,153.139,308.326,1.522,-1.983,0,0,0,0,0,0,0,0,355.212,96.273,160.5,318,-0.813,0.406,-0.047,0.017,65,94,121,-2.5,0,489.55,97.952,2.486,0.261,0,0,0,0,2302

Main.js:462 135.254,332.355,307.5,307.5,0.306,-0.31,0,0,93,0,0,0,0,1,0,0,154.661,306.342,1.522,-1.983,0,0,0,0,0,0,0,0,354.394,96.673,162,318,-0.818,0.4,-0.048,0.015,64,91.5,121,-2.5,0,492.036,98.213,2.486,0.261,0,0,0,0,2320

Main.js:462 135.545,332.06,307.5,307.5,0.29,-0.295,0,0,92,0,0,0,0,0,0,0,156.182,304.359,1.522,-1.983,0,0,0,0,0,0,0,0,353.572,97.067,163.5,318,-0.822,0.394,-0.048,0.014,63,89,121,-2.5,0,494.522,98.475,2.486,0.261,0,0,0,0,2337

Main.js:462 135.821,331.78,307.5,307.5,0.276,-0.28,0,0,91,0,0,0,0,0,0,0,157.704,302.376,1.522,-1.983,0,0,0,0,0,0,0,0,352.745,97.453,165,318,-0.827,0.386,-0.048,0.013,62,86.5,121,-2.5,0,497.009,98.736,2.486,0.261,0,0,0,0,2353

Main.js:462 136.083,331.513,307.5,307.5,0.262,-0.266,0,0,90,0,0,0,0,0,0,0,159.226,300.392,1.522,-1.983,0,0,0,0,0,0,0,0,351.913,97.831,166.5,318,-0.832,0.378,-0.049,0.012,61,84,121,-2.5,0,499.495,98.997,2.486,0.261,0,0,0,0,2370

Main.js:462 136.332,331.261,307.5,307.5,0.249,-0.253,0,0,89,0,0,0,0,0,0,0,159.226,300.392,1.522,-1.983,0,0,0,0,0,0,0,0,351.076,98.2,168,318,-0.837,0.369,-0.049,0.01,60,81.5,121,-2.5,0,0,0,0,0,0,0,0,0,2386

Main.js:462 136.569,331.02,307.5,307.5,0.237,-0.24,0,0,88,0,0,0,0,0,0,0,160.748,298.409,1.522,-1.983,0,0,0,0,0,0,0,0,350.234,98.559,169.5,318,-0.842,0.359,-0.049,0.009,59,79,121,-2.5,0,0,0,0,0,0,0,0,0,2403

Main.js:462 136.793,330.792,307.5,307.5,0.225,-0.228,0,0,87,0,0,0,0,0,0,0,162.27,296.425,1.522,-1.983,0,0,0,0,0,0,0,0,349.387,98.908,171,318,-0.847,0.349,-0.049,0.008,58,76.5,121,-2.5,0,0,0,0,0,0,0,0,0,2420

Main.js:462 137.007,330.575,307.5,307.5,0.214,-0.217,0,0,86,0,0,0,0,0,0,0,163.792,294.442,1.522,-1.983,0,0,0,0,0,0,0,0,348.536,99.245,172.5,318,-0.851,0.337,-0.05,0.007,57,74,121,-2.5,0,0,0,0,0,0,0,0,0,2436

Main.js:462 137.21,330.369,307.5,307.5,0.203,-0.206,0,0,85,0,0,0,0,0,0,0,165.314,292.459,1.522,-1.983,0,0,0,0,0,0,0,0,347.68,99.571,174,318,-0.856,0.326,-0.05,0.005,56,71.5,121,-2.5,0,0,0,0,0,0,0,0,0,2453

Main.js:462 137.402,330.174,307.5,307.5,0.193,-0.196,0,0,84,0,0,0,0,0,0,0,166.836,290.475,1.522,-1.983,0,0,0,0,0,0,0,0,346.819,99.884,175.5,318,-0.861,0.313,-0.05,0.004,55,69,121,-2.5,0,0,0,0,0,0,0,0,0,2469

Main.js:462 137.585,329.988,307.5,307.5,0.183,-0.186,0,0,83,0,0,0,0,0,0,0,168.358,288.492,1.522,-1.983,0,0,0,0,0,0,0,0,345.954,100.184,177,318,-0.865,0.3,-0.05,0.003,54,66.5,121,-2.5,0,0,0,0,0,0,0,0,0,2486

Main.js:462 137.759,329.811,307.5,307.5,0.174,-0.177,0,0,82,0,0,0,0,0,0,0,169.88,286.508,1.522,-1.983,0,0,0,0,0,0,0,0,345.085,100.47,178.5,318,-0.869,0.286,-0.05,0.001,53,64,121,-2.5,0,0,0,0,0,0,0,0,0,2503

Main.js:462 137.925,329.643,307.5,307.5,0.165,-0.168,0,0,81,0,0,0,0,0,0,0,171.401,284.525,1.522,-1.983,0,0,0,0,0,0,0,0,344.212,100.743,178.5,316.5,-0.873,0.273,-0.05,0.001,52,61.5,121,-2.5,0,0,0,0,0,0,0,0,0,2519

Main.js:462 138.082,329.484,307.5,307.5,0.157,-0.159,0,0,80,0,0,0,0,0,0,0,172.923,282.542,1.522,-1.983,0,0,0,0,0,0,0,0,343.335,101.004,178.5,315,-0.877,0.261,-0.05,0.001,51,59,121,-2.5,0,0,0,0,0,0,0,0,0,2536

Main.js:462 138.231,329.333,307.5,307.5,0.149,-0.151,0,0,79,0,0,0,0,0,0,0,174.445,280.558,1.522,-1.983,0,0,0,0,0,0,0,0,342.454,101.253,178.5,313.5,-0.881,0.249,-0.05,0.001,50,56.5,121,-2.5,0,0,0,0,0,0,0,0,0,2553

Main.js:462 138.372,329.189,307.5,307.5,0.142,-0.144,0,0,78,0,0,0,0,0,0,0,175.967,278.575,1.522,-1.983,0,0,0,0,0,0,0,0,341.57,101.49,178.5,312,-0.884,0.238,-0.05,0.001,49,54,121,-2.5,0,0,0,0,0,0,0,0,0,2570

Main.js:462 138.507,329.052,307.5,307.5,0.135,-0.137,0,0,77,0,0,0,0,0,0,0,177.489,276.592,1.522,-1.983,0,0,0,0,0,0,0,0,340.683,101.717,178.5,310.5,-0.887,0.227,-0.05,0.001,48,51.5,121,-2.5,0,0,0,0,0,0,0,0,0,2586

Main.js:462 138.635,328.922,307.5,307.5,0.128,-0.13,0,0,76,0,0,0,0,0,0,0,179.011,274.608,1.522,-1.983,0,0,0,0,0,0,0,0,339.792,101.934,178.5,309,-0.891,0.217,-0.05,0.001,47,49,121,-2.5,0,0,0,0,0,0,0,0,0,2603

Main.js:462 138.756,328.799,307.5,307.5,0.121,-0.123,0,0,75,0,0,0,0,0,0,0,180.533,272.625,1.522,-1.983,0,0,0,0,0,0,0,0,338.899,102.141,178.5,307.5,-0.893,0.207,-0.05,0.001,46,46.5,121,-2.5,0,0,0,0,0,0,0,0,0,2619

Main.js:462 138.872,328.682,307.5,307.5,0.115,-0.117,0,0,74,0,0,0,0,0,0,0,182.055,270.641,1.522,-1.983,0,0,0,0,0,0,0,0,338.003,102.34,178.5,306,-0.896,0.198,-0.05,0.001,45,44,121,-2.5,0,0,0,0,0,0,0,0,0,2635

Main.js:462 138.981,328.57,307.5,307.5,0.11,-0.111,0,0,73,0,0,0,0,0,0,0,183.577,268.658,1.522,-1.983,0,0,0,0,0,0,0,0,337.104,102.529,178.5,304.5,-0.899,0.19,-0.05,0.001,44,41.5,121,-2.5,0,0,0,0,0,0,0,0,0,2653

Main.js:462 139.085,328.465,307.5,307.5,0.104,-0.106,0,0,72,0,0,0,0,0,0,0,185.099,266.675,1.522,-1.983,0,0,0,0,0,0,0,0,336.202,102.71,178.5,303,-0.901,0.181,-0.05,0.001,43,39,121,-2.5,0,0,0,0,0,0,0,0,0,2669

Main.js:462 139.184,328.364,307.5,307.5,0.099,-0.1,0,0,71,0,0,0,0,0,0,0,186.62,264.691,1.522,-1.983,0,0,0,0,0,0,0,0,335.298,102.884,178.5,301.5,-0.904,0.173,-0.05,0.001,42,36.5,121,-2.5,0,0,0,0,0,0,0,0,0,2687

Main.js:462 139.278,328.269,307.5,307.5,0.094,-0.095,0,0,70,0,0,0,0,0,0,0,188.142,262.708,1.522,-1.983,0,0,0,0,0,0,0,0,334.392,103.05,178.5,300,-0.906,0.166,-0.05,0.001,41,34,121,-2.5,0,0,0,0,0,0,0,0,0,2702

Main.js:462 139.367,328.178,307.5,307.5,0.089,-0.091,0,0,69,0,0,0,0,0,0,0,189.664,260.724,1.522,-1.983,0,0,0,0,0,0,0,0,333.484,103.209,178.5,298.5,-0.908,0.159,-0.05,0.001,40,31.5,121,-2.5,0,0,0,0,0,0,0,0,0,2719

Main.js:462 139.452,328.092,307.5,307.5,0.085,-0.086,0,0,68,0,0,0,0,0,0,0,191.186,258.741,1.522,-1.983,0,0,0,0,0,0,0,0,332.573,103.361,178.5,297,-0.91,0.152,-0.05,0.001,39,29,121,-2.5,0,0,0,0,0,0,0,0,0,2737

Main.js:462 139.533,328.01,307.5,307.5,0.081,-0.082,0,0,67,0,0,0,0,0,0,0,192.708,256.758,1.522,-1.983,0,0,0,0,0,0,0,0,331.661,103.507,178.5,295.5,-0.912,0.146,-0.05,0.001,38,26.5,121,-2.5,0,0,0,0,0,0,0,0,0,2753

Main.js:462 139.609,327.933,307.5,307.5,0.077,-0.078,0,0,66,0,0,0,0,0,0,0,194.23,254.774,1.522,-1.983,0,0,0,0,0,0,0,0,330.747,103.647,178.5,294,-0.914,0.14,-0.05,0.001,37,24,121,-2.5,0,0,0,0,0,0,0,0,0,2770

Main.js:462 139.682,327.859,307.5,307.5,0.073,-0.074,0,0,65,0,0,0,0,0,0,0,195.752,252.791,1.522,-1.983,0,0,0,0,0,0,0,0,329.83,103.781,178.5,292.5,-0.916,0.134,-0.05,0.001,36,21.5,121,-2.5,0,0,0,0,0,0,0,0,0,2787

Main.js:462 139.751,327.789,307.5,307.5,0.069,-0.07,0,0,64,0,0,0,0,0,0,0,197.274,250.808,1.522,-1.983,0,0,0,0,0,0,0,0,328.913,103.91,178.5,291,-0.918,0.129,-0.05,0.001,35,19,121,-2.5,0,0,0,0,0,0,0,0,0,2803

Main.js:462 139.817,327.722,307.5,307.5,0.066,-0.067,0,0,63,0,0,0,0,0,0,0,198.796,248.824,1.522,-1.983,0,0,0,0,0,0,0,0,327.993,104.033,178.5,289.5,-0.919,0.123,-0.05,0.001,34,16.5,121,-2.5,0,0,0,0,0,0,0,0,0,2819

Main.js:462 139.879,327.659,307.5,307.5,0.062,-0.063,0,0,62,0,0,0,0,0,0,0,200.318,246.841,1.522,-1.983,0,0,0,0,0,0,0,0,327.073,104.151,178.5,288,-0.921,0.119,-0.05,0.001,33,14,121,-2.5,0,0,0,0,0,0,0,0,0,2836

Main.js:462 139.938,327.598,307.5,307.5,0.059,-0.06,0,0,61,0,0,0,0,0,0,0,201.84,244.857,1.522,-1.983,0,0,0,0,0,0,0,0,326.15,104.265,178.5,286.5,-0.922,0.114,-0.05,0.001,32,11.5,121,-2.5,0,0,0,0,0,0,0,0,0,2852

Main.js:462 139.995,327.541,307.5,307.5,0.056,-0.057,0,0,60,0,0,0,0,0,0,0,203.361,242.874,1.522,-1.983,0,0,0,0,0,0,0,0,325.227,104.375,178.5,285,-0.924,0.109,-0.05,0.001,31,9,121,-2.5,0,0,0,0,0,0,0,0,0,2870

Main.js:462 140.048,327.487,307.5,307.5,0.053,-0.054,0,0,59,0,0,0,0,0,0,0,204.883,240.891,1.522,-1.983,0,0,0,0,0,0,0,0,324.302,104.48,178.5,283.5,-0.925,0.105,-0.05,0.001,30,6.5,121,-2.5,0,0,0,0,0,0,0,0,0,2891

Main.js:462 140.099,327.435,307.5,307.5,0.051,-0.052,0,0,58,0,0,0,0,0,0,0,206.405,238.907,1.522,-1.983,0,0,0,0,0,0,0,0,323.376,104.581,178.5,282,-0.926,0.101,-0.05,0.001,29,4,121,-2.5,0,0,0,0,0,0,0,0,0,2902

Main.js:462 140.147,327.386,307.5,307.5,0.048,-0.049,0,0,57,0,0,0,0,0,0,0,207.927,236.924,1.522,-1.983,0,0,0,0,0,0,0,0,322.448,104.678,178.5,280.5,-0.927,0.097,-0.05,0.001,28,1.5,121,-2.5,0,0,0,0,0,0,0,0,0,2919

Main.js:462 140.193,327.34,307.5,307.5,0.046,-0.047,0,0,56,0,0,0,0,0,0,0,207.927,236.924,1.522,-1.983,0,0,0,0,0,0,0,0,321.52,104.772,178.5,279,-0.928,0.094,-0.05,0.001,27,0,0,0,0,0,0,0,0,0,0,0,0,2936

Main.js:462 140.236,327.296,307.5,307.5,0.044,-0.044,0,0,55,0,0,0,0,0,0,0,209.449,234.94,1.522,-1.983,0,0,0,0,0,0,0,0,320.59,104.862,178.5,277.5,-0.93,0.09,-0.05,0.001,26,0,0,0,0,0,0,0,0,0,0,0,0,2952

Main.js:462 140.278,327.254,307.5,307.5,0.041,-0.042,0,0,54,0,0,0,0,0,0,0,210.971,232.957,1.522,-1.983,0,0,0,0,0,0,0,0,319.66,104.949,178.5,276,-0.931,0.087,-0.05,0.001,25,0,0,0,0,0,0,0,0,0,0,0,0,2970

Main.js:462 140.317,327.214,307.5,307.5,0.039,-0.04,0,0,53,0,0,0,0,0,0,0,212.493,230.974,1.522,-1.983,0,0,0,0,0,0,0,0,318.728,105.033,178.5,274.5,-0.931,0.084,-0.05,0.001,24,0,0,0,0,0,0,0,0,0,0,0,0,2986

Main.js:462 140.354,327.176,307.5,307.5,0.037,-0.038,0,0,52,0,0,0,0,0,0,0,214.015,228.99,1.522,-1.983,0,0,0,0,0,0,0,0,317.796,105.114,178.5,273,-0.932,0.081,-0.05,0.001,23,0,0,0,0,0,0,0,0,0,0,0,0,3004

Main.js:462 140.39,327.14,307.5,307.5,0.035,-0.036,0,0,51,0,0,0,0,0,0,0,215.537,227.007,1.522,-1.983,0,0,0,0,0,0,0,0,316.863,105.194,177,270,-0.933,0.079,-0.05,0.003,22,0,0,0,0,0,0,0,0,0,0,0,0,3020

Main.js:462 140.424,327.106,307.5,307.5,0.034,-0.034,0,0,50,0,0,0,0,0,0,0,217.059,225.024,1.522,-1.983,0,0,0,0,0,0,0,0,315.929,105.273,175.5,267,-0.934,0.079,-0.05,0.004,21,0,0,0,0,0,0,0,0,0,0,0,0,3037

Main.js:462 140.484,327.036,307.5,307.5,0.061,-0.07,0.03,-0.04,49,0,0,1,0,0,0,0,218.58,223.04,1.522,-1.983,0,0,0,0,0,0,0,0,314.994,105.353,174,264,-0.934,0.08,-0.05,0.005,20,0,0,0,0,0,0,0,0,0,0,0,0,3052

Main.js:462 140.571,326.931,307.5,307.5,0.087,-0.104,0.03,-0.04,48,0,0,1,0,0,0,0,220.102,221.057,1.522,-1.983,0,0,0,0,0,0,0,0,314.059,105.435,172.5,261,-0.935,0.082,-0.05,0.007,19,0,0,0,0,0,0,0,0,0,0,0,0,3070

Main.js:462 140.683,326.794,307.5,307.5,0.111,-0.137,0.03,-0.04,47,0,0,1,0,0,0,0,221.624,219.073,1.522,-1.983,0,0,0,0,0,0,0,0,313.124,105.521,171,258,-0.935,0.086,-0.049,0.008,18,0,0,0,0,0,0,0,0,0,0,0,0,3086

Main.js:462 140.817,326.627,307.5,307.5,0.135,-0.168,0.03,-0.04,46,0,0,1,0,0,0,0,223.146,217.09,1.522,-1.983,0,0,0,0,0,0,0,0,312.189,105.611,169.5,255,-0.935,0.09,-0.049,0.009,17,0,0,0,0,0,0,0,0,0,0,0,0,3102

Main.js:462 140.974,326.43,307.5,307.5,0.157,-0.197,0.03,-0.04,45,0,0,1,0,0,0,0,224.668,215.107,1.522,-1.983,0,0,0,0,0,0,0,0,311.255,105.706,168,252,-0.935,0.095,-0.049,0.01,16,0,0,0,0,0,0,0,0,0,0,0,0,3120

Main.js:462 141.151,326.204,306,306,0.177,-0.226,0.029,-0.04,44,1,0,1,0,0,0,0,226.19,213.123,1.522,-1.983,0,0,0,0,0,0,0,0,310.321,105.808,166.5,249,-0.934,0.102,-0.049,0.012,15,0,0,0,0,0,0,0,0,0,0,0,0,3137

Main.js:462 141.346,325.951,304.5,304.5,0.195,-0.253,0.028,-0.041,43,1,0,1,0,0,0,0,227.712,211.14,1.522,-1.983,0,0,0,0,0,0,0,0,309.387,105.917,165,246,-0.933,0.109,-0.048,0.013,14,0,0,0,0,0,0,0,0,0,0,0,0,3152

Main.js:462 141.557,325.67,303,303,0.211,-0.281,0.027,-0.042,42,1,0,1,0,0,0,0,229.234,209.156,1.522,-1.983,0,0,0,0,0,0,0,0,308.455,106.034,163.5,243,-0.932,0.117,-0.048,0.014,13,0,0,0,0,0,0,0,0,0,0,0,0,3175

Main.js:462 141.783,325.363,301.5,301.5,0.225,-0.307,0.026,-0.043,41,1,0,1,0,0,0,0,230.756,207.173,1.522,-1.983,0,0,0,0,0,0,0,0,307.524,106.16,162,240,-0.931,0.126,-0.048,0.015,12,0,0,0,0,0,0,0,0,0,0,0,0,3187

Main.js:462 142.021,325.03,300,300,0.238,-0.333,0.025,-0.043,40,1,0,1,0,0,0,0,232.278,205.19,1.522,-1.983,0,0,0,0,0,0,0,0,306.595,106.295,160.5,237,-0.929,0.135,-0.047,0.017,11,0,0,0,0,0,0,0,0,0,0,0,0,3203

Main.js:462 142.269,324.672,298.5,298.5,0.249,-0.358,0.024,-0.044,39,1,0,1,0,0,0,0,233.799,203.206,1.522,-1.983,0,0,0,0,0,0,0,0,305.669,106.441,159,234,-0.927,0.146,-0.047,0.018,10,0,0,0,0,0,0,0,0,0,0,0,0,3220

Main.js:462 142.527,324.29,297,297,0.258,-0.382,0.023,-0.045,38,1,0,1,0,0,0,0,235.321,201.223,1.522,-1.983,0,0,0,0,0,0,0,0,304.744,106.597,157.5,231,-0.924,0.157,-0.046,0.019,9,0,0,0,0,0,0,0,0,0,0,0,0,3235

Main.js:462 142.794,323.884,297,297,0.266,-0.406,0.023,-0.045,37,0,0,1,0,0,0,0,236.843,199.24,1.522,-1.983,0,0,0,0,0,0,0,0,303.823,106.765,156,228,-0.922,0.168,-0.046,0.02,8,0,0,0,0,0,0,0,0,0,0,0,0,3252

Main.js:462 143.068,323.457,297,297,0.275,-0.428,0.023,-0.045,36,0,0,1,0,0,0,0,238.365,197.256,1.522,-1.983,0,0,0,0,0,0,0,0,302.904,106.945,154.5,225,-0.918,0.18,-0.045,0.022,7,0,0,0,0,0,0,0,0,0,0,0,0,3269

Main.js:462 143.329,323.051,297,297,0.261,-0.406,0,0,35,0,0,0,0,0,0,0,239.887,195.273,1.522,-1.983,0,0,0,0,0,0,0,0,301.989,107.138,153,222,-0.915,0.193,-0.045,0.023,6,0,0,0,0,0,0,0,0,0,0,0,0,3286

Main.js:462 143.577,322.665,297,297,0.248,-0.386,0,0,34,0,0,0,0,0,0,0,241.409,193.289,1.522,-1.983,0,0,0,0,0,0,0,0,301.079,107.343,151.5,219,-0.911,0.206,-0.044,0.024,5,0,0,0,0,0,0,0,0,0,0,0,0,3302

Main.js:462 143.813,322.298,297,297,0.236,-0.367,0,0,33,0,0,0,0,0,0,0,242.931,191.306,1.522,-1.983,0,0,0,0,0,0,0,0,300.172,107.563,150,216,-0.906,0.219,-0.043,0.025,4,0,0,0,0,0,0,0,0,0,0,0,0,3318

Main.js:462 144.036,321.95,297,297,0.224,-0.348,0,0,32,0,0,0,0,0,0,0,244.453,189.323,1.522,-1.983,0,0,0,0,0,0,0,0,299.271,107.796,148.5,213,-0.902,0.233,-0.043,0.026,3,0,0,0,0,0,0,0,0,0,0,0,0,3336

Main.js:462 144.249,321.619,297,297,0.213,-0.331,0,0,31,0,0,0,0,0,0,0,245.975,187.339,1.522,-1.983,0,0,0,0,0,0,0,0,298.374,108.043,147,210,-0.896,0.247,-0.042,0.027,2,0,0,0,0,0,0,0,0,0,0,0,0,3352

Main.js:462 144.451,321.304,297,297,0.202,-0.314,0,0,30,0,0,0,0,0,0,0,247.497,185.356,1.522,-1.983,0,0,0,0,0,0,0,0,297.484,108.305,145.5,207,-0.891,0.262,-0.041,0.028,1,0,0,0,0,0,0,0,0,0,0,0,0,3369

Main.js:462 144.643,321.006,297,297,0.192,-0.299,0,0,29,0,0,0,0,0,0,0,249.019,183.373,1.522,-1.983,0,0,0,0,0,0,0,0,296.599,108.581,144,204,-0.885,0.277,-0.04,0.029,0,0,0,0,0,0,0,0,0,0,0,0,0,3386

Main.js:462 144.825,320.722,297,297,0.182,-0.284,0,0,28,0,0,0,0,0,0,0,250.54,181.389,1.522,-1.983,0,0,0,0,0,0,0,0,295.721,108.873,142.5,201,-0.878,0.292,-0.04,0.03,99,0,0,0,0,0,0,0,0,0,0,0,0,3403

Main.js:462 144.998,320.453,297,297,0.173,-0.27,0,0,27,0,0,0,0,0,0,0,252.062,179.406,1.522,-1.983,0,0,0,0,0,0,0,0,294.85,109.18,141,198,-0.871,0.307,-0.039,0.031,98,274.66,100.159,-2.334,-0.896,0,0,0,0,0,0,0,0,3420

Main.js:462 145.163,320.197,297,297,0.164,-0.256,0,0,26,0,0,0,0,0,0,0,253.584,177.422,1.522,-1.983,0,0,0,0,0,0,0,0,293.987,109.502,139.5,195,-0.864,0.322,-0.038,0.032,97,272.326,99.264,-2.334,-0.896,0,0,0,0,0,0,0,0,3436

Main.js:462 145.319,319.953,297,297,0.156,-0.243,0,0,25,0,0,0,0,0,0,0,255.106,175.439,1.522,-1.983,0,0,0,0,0,0,0,0,293.131,109.84,138,192,-0.856,0.338,-0.037,0.033,96,269.992,98.368,-2.334,-0.896,0,0,0,0,0,0,0,0,3452

Main.js:462 145.467,319.722,297,297,0.148,-0.231,0,0,24,0,0,0,0,0,0,0,256.628,173.456,1.522,-1.983,0,0,0,0,0,0,0,0,292.283,110.194,136.5,189,-0.847,0.354,-0.036,0.034,95,267.658,97.472,-2.334,-0.896,0,0,0,0,0,0,0,0,3469

Main.js:462 145.608,319.503,297,297,0.141,-0.22,0,0,23,0,0,0,0,0,0,0,258.15,171.472,1.522,-1.983,0,0,0,0,0,0,0,0,291.445,110.564,135,186,-0.839,0.37,-0.035,0.035,94,265.324,96.576,-2.334,-0.896,0,0,0,0,0,0,0,0,3485

Main.js:462 145.742,319.294,297,297,0.134,-0.209,0,0,22,0,0,0,0,0,0,0,259.672,169.489,1.522,-1.983,0,0,0,0,0,0,0,0,290.615,110.95,133.5,183,-0.829,0.386,-0.034,0.036,93,262.99,95.68,-2.334,-0.896,0,0,0,0,0,0,0,0,3502

Main.js:462 145.87,319.096,297,297,0.127,-0.198,0,0,21,0,0,0,0,0,0,0,261.194,167.505,1.522,-1.983,0,0,0,0,0,0,0,0,289.796,111.352,132,180,-0.82,0.402,-0.033,0.037,92,260.656,94.784,-2.334,-0.896,0,0,0,0,0,0,0,0,3518

Main.js:462 145.99,318.908,297,297,0.121,-0.188,0,0,20,0,0,0,0,0,0,0,262.716,165.522,1.522,-1.983,0,0,0,0,0,0,0,0,288.986,111.77,130.5,177,-0.81,0.418,-0.032,0.038,91,258.322,93.888,-2.334,-0.896,0,0,0,0,0,0,0,0,3537

Main.js:462 146.105,318.729,297,297,0.115,-0.179,0,0,19,0,0,0,0,1,0,0,264.238,163.539,1.522,-1.983,0,0,0,0,0,0,0,0,288.187,112.203,129,174,-0.799,0.434,-0.031,0.039,90,255.988,92.992,-2.334,-0.896,0,0,0,0,0,0,0,0,3552

Main.js:462 146.214,318.559,297,297,0.109,-0.17,0,0,18,0,0,0,0,1,0,0,265.759,161.555,1.522,-1.983,0,0,0,0,0,0,0,0,287.399,112.653,127.5,171,-0.788,0.45,-0.03,0.04,89,253.654,92.096,-2.334,-0.896,0,0,0,0,0,0,0,0,3569

Main.js:462 146.318,318.398,297,297,0.104,-0.161,0,0,17,0,0,0,0,1,0,0,267.281,159.572,1.522,-1.983,0,0,0,0,0,0,0,0,286.623,113.119,126,168,-0.776,0.466,-0.029,0.04,88,251.321,91.2,-2.334,-0.896,0,0,0,0,0,0,0,0,3586

Main.js:462 146.417,318.245,297,297,0.098,-0.153,0,0,16,0,0,0,0,0,0,0,268.803,157.589,1.522,-1.983,0,0,0,0,0,0,0,0,285.858,113.601,124.5,165,-0.765,0.482,-0.028,0.041,87,248.987,90.304,-2.334,-0.896,0,0,0,0,0,0,0,0,3602

Main.js:462 146.51,318.099,297,297,0.094,-0.146,0,0,15,0,0,0,0,0,0,0,270.325,155.605,1.522,-1.983,0,0,0,0,0,0,0,0,285.106,114.098,123,162,-0.752,0.497,-0.027,0.042,86,246.653,89.408,-2.334,-0.896,0,0,0,0,0,0,0,0,3618

Main.js:462 146.599,317.961,297,297,0.089,-0.138,0,0,14,0,0,0,0,0,0,0,271.847,153.622,1.522,-1.983,0,0,0,0,0,0,0,0,284.367,114.611,121.5,159,-0.739,0.513,-0.026,0.043,85,244.319,88.513,-2.334,-0.896,0,0,0,0,0,0,0,0,3635

Main.js:462 146.683,317.829,297,297,0.084,-0.131,0,0,13,0,0,0,0,0,0,0,273.369,151.638,1.522,-1.983,0,0,0,0,0,0,0,0,283.641,115.14,120,156,-0.726,0.529,-0.025,0.043,84,241.985,87.617,-2.334,-0.896,0,0,0,0,0,0,0,0,3652

Main.js:462 146.764,317.704,297,297,0.08,-0.125,0,0,12,0,0,0,0,0,0,0,274.891,149.655,1.522,-1.983,0,0,0,0,0,0,0,0,282.928,115.683,118.5,153,-0.713,0.544,-0.024,0.044,83,239.651,86.721,-2.334,-0.896,0,0,0,0,0,0,0,0,3670

Main.js:462 146.84,317.586,297,297,0.076,-0.119,0,0,11,0,0,0,0,0,0,0,276.413,147.672,1.522,-1.983,0,0,0,0,0,0,0,0,282.23,116.242,117,150,-0.698,0.559,-0.023,0.045,82,237.317,85.825,-2.334,-0.896,0,0,0,0,0,0,0,0,3685

Main.js:462 146.912,317.473,297,297,0.072,-0.113,0,0,10,0,0,0,0,0,0,0,277.935,145.688,1.522,-1.983,0,0,0,0,0,0,0,0,281.546,116.816,115.5,147,-0.684,0.574,-0.022,0.045,81,234.983,84.929,-2.334,-0.896,0,0,0,0,0,0,0,0,3702

Main.js:462 146.981,317.366,297,297,0.069,-0.107,0,0,9,0,0,0,0,1,0,0,279.457,143.705,1.522,-1.983,0,0,0,0,0,0,0,0,280.877,117.405,114,144,-0.669,0.589,-0.02,0.046,80,232.649,84.033,-2.334,-0.896,0,0,0,0,0,0,0,0,3719

Main.js:462 147.046,317.264,297,297,0.065,-0.102,0,0,8,0,0,0,0,1,0,0,280.979,141.721,1.522,-1.983,0,0,0,0,0,0,0,0,280.223,118.008,112.5,141,-0.654,0.603,-0.019,0.046,79,230.315,83.137,-2.334,-0.896,0,0,0,0,0,0,0,0,3736

Main.js:462 147.108,317.168,297,297,0.062,-0.097,0,0,7,0,0,0,0,1,0,0,282.5,139.738,1.522,-1.983,0,0,0,0,0,0,0,0,279.585,118.625,111,138,-0.638,0.617,-0.018,0.047,78,227.981,82.241,-2.334,-0.896,0,0,0,0,0,0,0,0,3754

Main.js:462 147.167,317.076,297,297,0.059,-0.092,0,0,6,0,0,0,0,1,0,0,284.022,137.755,1.522,-1.983,0,0,0,0,0,0,0,0,278.962,119.256,109.5,135,-0.622,0.631,-0.017,0.047,77,225.647,81.345,-2.334,-0.896,0,0,0,0,0,0,0,0,3769

Main.js:462 147.223,316.989,297,297,0.056,-0.087,0,0,5,0,0,0,0,0,0,0,285.544,135.771,1.522,-1.983,0,0,0,0,0,0,0,0,278.357,119.901,108,132,-0.606,0.645,-0.015,0.048,76,223.313,80.449,-2.334,-0.896,0,0,0,0,0,0,0,0,3786

Main.js:462 147.277,316.906,297,297,0.053,-0.083,0,0,4,0,0,0,0,0,0,0,285.544,135.771,1.522,-1.983,0,0,0,0,0,0,0,0,277.768,120.559,106.5,129,-0.589,0.658,-0.014,0.048,75,223.313,80.449,-2.334,-0.896,0,0,0,0,0,0,0,0,3803

