Main.js:143 myTank.x,myTank.y,myTank.rotation,myTank.cannonRotation,myTank.velocityX,myTank.velocityY,myTank.accelerationX,myTank.accelerationY,myTank.shootCooldown,myTank.controls.turnLeft,myTank.controls.turnRight,myTank.controls.goForward,myTank.controls.goBack,myTank.controls.shoot,myTank.controls.cannonLeft,myTank.controls.cannonRight,myBullet1.x,myBullet1.y,myBullet1.velocityX,myBullet1.velocityY,myBullet2.x,myBullet2.y,myBullet2.velocityX,myBullet2.velocityY,myBullet3.x,myBullet3.y,myBullet3.velocityX,myBullet3.velocityY,enemyTank.x,enemyTank.y,enemyTank.rotation,enemyTank.cannonRotation,enemyTank.velocityX,enemyTank.velocityY,enemyTank.accelerationX,enemyTank.accelerationY,enemyTank.shootCooldown,enemyBullet1.x,enemyBullet1.y,enemyBullet1.velocityX,enemyBullet1.velocityY,enemyBullet2.x,enemyBullet2.y,enemyBullet2.velocityX,enemyBullet2.velocityY,enemyBullet3.x,enemyBullet3.y,enemyBullet3.velocityX,enemyBullet3.velocityY,currentGameTime
Main.js:462 450,173,180,180,0,0,0,0,0,0,0,0,0,0,0,0,0,0,0,0,0,0,0,0,0,0,0,0,50,327,0,0,0,0,0,0,0,0,0,0,0,0,0,0,0,0,0,0,0,6

Main.js:462 450,173,180,180,0,0,0,0,0,0,0,0,0,0,0,0,0,0,0,0,0,0,0,0,0,0,0,0,50,327,0,0,0,0,0,0,0,0,0,0,0,0,0,0,0,0,0,0,0,22

Main.js:462 450,173,180,180,0,0,0,0,0,0,0,0,0,0,0,0,0,0,0,0,0,0,0,0,0,0,0,0,50,327,0,0,0,0,0,0,0,0,0,0,0,0,0,0,0,0,0,0,0,39

Main.js:462 450,173,180,180,0,0,0,0,0,0,0,0,0,0,0,0,0,0,0,0,0,0,0,0,0,0,0,0,50.047,327.001,1.5,0,0.047,0.001,0.05,0.001,99,0,0,0,0,0,0,0,0,0,0,0,0,56

Main.js:462 450,173,180,180,0,0,0,0,0,0,0,0,0,0,0,0,0,0,0,0,0,0,0,0,0,0,0,0,50.14,327.005,3,0,0.093,0.004,0.05,0.003,98,73.5,327,2.5,0,0,0,0,0,0,0,0,0,70

Main.js:462 450,173,180,180,0,0,0,0,0,0,0,0,0,0,0,0,0,0,0,0,0,0,0,0,0,0,0,0,50.275,327.012,4.5,0,0.135,0.007,0.05,0.004,97,76,327,2.5,0,0,0,0,0,0,0,0,0,88

Main.js:462 450,173,180,180,0,0,0,0,0,0,0,0,0,0,0,0,0,0,0,0,0,0,0,0,0,0,0,0,50.451,327.024,6,0,0.176,0.012,0.05,0.005,96,78.5,327,2.5,0,0,0,0,0,0,0,0,0,104

Main.js:462 450,173,180,180,0,0,0,0,0,0,0,0,0,0,0,0,0,0,0,0,0,0,0,0,0,0,0,0,50.665,327.041,7.5,0,0.214,0.017,0.05,0.007,95,81,327,2.5,0,0,0,0,0,0,0,0,0,121

Main.js:462 450,173,180,180,0,0,0,0,0,0,0,0,0,0,0,0,0,0,0,0,0,0,0,0,0,0,0,0,50.915,327.065,9,0,0.25,0.024,0.049,0.008,94,83.5,327,2.5,0,0,0,0,0,0,0,0,0,138

Main.js:462 450,173,180,180,0,0,0,0,0,0,0,0,0,0,0,0,0,0,0,0,0,0,0,0,0,0,0,0,51.2,327.097,10.5,0,0.284,0.031,0.049,0.009,93,86,327,2.5,0,0,0,0,0,0,0,0,0,155

Main.js:462 450,173,180,180,0,0,0,0,0,0,0,0,0,0,0,0,0,0,0,0,0,0,0,0,0,0,0,0,51.517,327.137,12,0,0.317,0.04,0.049,0.01,92,88.5,327,2.5,0,0,0,0,0,0,0,0,0,172

Main.js:462 449.953,173,180,180,-0.047,0,-0.05,0,0,0,0,1,0,0,0,0,0,0,0,0,0,0,0,0,0,0,0,0,51.864,327.185,13.5,0,0.347,0.049,0.049,0.012,91,91,327,2.5,0,0,0,0,0,0,0,0,0,188

Main.js:462 449.86,173,180,180,-0.093,0,-0.05,0,0,0,0,1,0,0,0,0,0,0,0,0,0,0,0,0,0,0,0,0,52.239,327.244,15,0,0.376,0.059,0.048,0.013,90,93.5,327,2.5,0,0,0,0,0,0,0,0,0,204

Main.js:462 449.724,173,180,180,-0.135,0,-0.05,0,0,0,0,1,0,0,0,0,0,0,0,0,0,0,0,0,0,0,0,0,52.641,327.313,16.5,0,0.402,0.069,0.048,0.014,89,96,327,2.5,0,0,0,0,0,0,0,0,0,222

Main.js:462 449.548,173,180,180,-0.176,0,-0.05,0,0,0,0,1,0,0,0,0,0,0,0,0,0,0,0,0,0,0,0,0,53.069,327.394,18,0,0.427,0.08,0.048,0.015,88,98.5,327,2.5,0,0,0,0,0,0,0,0,0,239

Main.js:462 449.333,173,180,180,-0.215,0,-0.05,0,0,0,0,1,0,0,0,0,0,0,0,0,0,0,0,0,0,0,0,0,53.52,327.486,19.5,0,0.451,0.092,0.047,0.017,87,101,327,2.5,0,0,0,0,0,0,0,0,0,256

Main.js:462 449.082,173,180,180,-0.252,0,-0.05,0,0,0,0,1,0,0,0,0,0,0,0,0,0,0,0,0,0,0,0,0,53.992,327.591,21,0,0.473,0.105,0.047,0.018,86,103.5,327,2.5,0,0,0,0,0,0,0,0,0,272

Main.js:462 448.795,173,180,180,-0.287,0,-0.05,0,0,0,0,1,0,0,0,0,0,0,0,0,0,0,0,0,0,0,0,0,54.485,327.708,22.5,0,0.493,0.118,0.046,0.019,85,106,327,2.5,0,0,0,0,0,0,0,0,0,288

Main.js:462 448.475,173,180,180,-0.32,0,-0.05,0,0,0,0,1,0,0,0,0,0,0,0,0,0,0,0,0,0,0,0,0,54.997,327.84,24,0,0.512,0.131,0.046,0.02,84,108.5,327,2.5,0,0,0,0,0,0,0,0,0,304

Main.js:462 448.124,173.001,178.5,178.5,-0.351,0.001,-0.05,0.001,0,1,0,1,0,0,0,0,0,0,0,0,0,0,0,0,0,0,0,0,55.526,327.985,25.5,0,0.529,0.145,0.045,0.022,83,111,327,2.5,0,0,0,0,0,0,0,0,0,321

Main.js:462 447.743,173.005,177,177,-0.381,0.004,-0.05,0.003,0,1,0,1,0,0,0,0,0,0,0,0,0,0,0,0,0,0,0,0,56.07,328.144,27,0,0.545,0.159,0.045,0.023,82,113.5,327,2.5,0,0,0,0,0,0,0,0,0,339

Main.js:462 447.333,173.012,175.5,175.5,-0.409,0.007,-0.05,0.004,0,1,0,1,0,0,0,0,0,0,0,0,0,0,0,0,0,0,0,0,56.63,328.318,28.5,0,0.559,0.174,0.044,0.024,81,116,327,2.5,0,0,0,0,0,0,0,0,0,356

Main.js:462 446.897,173.024,174,174,-0.436,0.012,-0.05,0.005,0,1,0,1,0,0,0,0,0,0,0,0,0,0,0,0,0,0,0,0,57.202,328.507,30,0,0.572,0.189,0.043,0.025,80,118.5,327,2.5,0,0,0,0,0,0,0,0,0,372

Main.js:462 446.436,173.041,172.5,172.5,-0.461,0.017,-0.05,0.007,0,1,0,1,0,0,0,0,0,0,0,0,0,0,0,0,0,0,0,0,57.787,328.711,31.5,0,0.584,0.204,0.043,0.026,79,121,327,2.5,0,0,0,0,0,0,0,0,0,389

Main.js:462 445.951,173.065,171,171,-0.485,0.024,-0.049,0.008,0,1,0,1,0,0,0,0,0,0,0,0,0,0,0,0,0,0,0,0,58.382,328.931,33,0,0.595,0.22,0.042,0.027,78,123.5,327,2.5,0,0,0,0,0,0,0,0,0,404

Main.js:462 445.443,173.097,169.5,169.5,-0.508,0.031,-0.049,0.009,0,1,0,1,0,0,0,0,0,0,0,0,0,0,0,0,0,0,0,0,58.986,329.167,34.5,0,0.604,0.236,0.041,0.028,77,126,327,2.5,0,0,0,0,0,0,0,0,0,420

Main.js:462 444.914,173.137,168,168,-0.529,0.04,-0.049,0.01,0,1,0,1,0,0,0,0,0,0,0,0,0,0,0,0,0,0,0,0,59.598,329.419,36,0,0.613,0.252,0.04,0.029,76,128.5,327,2.5,0,0,0,0,0,0,0,0,0,438

Main.js:462 444.365,173.184,168,168,-0.549,0.048,-0.049,0.01,0,0,0,1,0,0,0,0,0,0,0,0,0,0,0,0,0,0,0,0,60.218,329.688,37.5,0,0.62,0.268,0.04,0.03,75,131,327,2.5,0,0,0,0,0,0,0,0,0,454

Main.js:462 443.797,173.239,168,168,-0.568,0.055,-0.049,0.01,0,0,0,1,0,0,0,0,0,0,0,0,0,0,0,0,0,0,0,0,60.844,329.973,39,0,0.626,0.285,0.039,0.031,74,133.5,327,2.5,0,0,0,0,0,0,0,0,0,471

Main.js:462 443.211,173.302,168,168,-0.586,0.062,-0.049,0.01,0,0,0,1,0,0,0,0,0,0,0,0,0,0,0,0,0,0,0,0,61.474,330.274,40.5,0,0.63,0.301,0.038,0.032,73,136,327,2.5,0,0,0,0,0,0,0,0,0,488

Main.js:462 442.608,173.371,168,168,-0.603,0.069,-0.049,0.01,0,0,0,1,0,0,0,0,0,0,0,0,0,0,0,0,0,0,0,0,62.108,330.592,42,0,0.634,0.318,0.037,0.033,72,138.5,327,2.5,0,0,0,0,0,0,0,0,0,504

Main.js:462 441.989,173.446,168,168,-0.619,0.075,-0.049,0.01,0,0,0,1,0,0,0,0,0,0,0,0,0,0,0,0,0,0,0,0,62.746,330.926,42,358.5,0.638,0.334,0.037,0.033,71,141,327,2.5,0,0,0,0,0,0,0,0,0,520

Main.js:462 441.354,173.528,168,168,-0.635,0.082,-0.049,0.01,0,0,0,1,0,0,0,0,0,0,0,0,0,0,0,0,0,0,0,0,63.387,331.276,42,357,0.641,0.349,0.037,0.033,70,143.5,327,2.5,0,0,0,0,0,0,0,0,0,539

Main.js:462 440.704,173.615,168,168,-0.65,0.087,-0.049,0.01,0,0,0,1,0,0,0,0,0,0,0,0,0,0,0,0,0,0,0,0,64.032,331.639,42,355.5,0.644,0.363,0.037,0.033,69,146,327,2.5,0,0,0,0,0,0,0,0,0,555

Main.js:462 440.041,173.708,168,168,-0.664,0.093,-0.049,0.01,0,0,0,1,0,0,0,0,0,0,0,0,0,0,0,0,0,0,0,0,64.679,332.016,42,354,0.647,0.377,0.037,0.033,68,148.5,327,2.5,0,0,0,0,0,0,0,0,0,571

Main.js:462 439.364,173.807,166.5,166.5,-0.677,0.099,-0.049,0.012,0,1,0,1,0,0,0,0,0,0,0,0,0,0,0,0,0,0,0,0,65.329,332.406,42,352.5,0.65,0.39,0.037,0.033,67,151,327,2.5,0,0,0,0,0,0,0,0,0,588

Main.js:462 438.675,173.914,165,165,-0.689,0.107,-0.048,0.013,0,1,0,1,0,0,0,0,0,0,0,0,0,0,0,0,0,0,0,0,65.983,332.808,42,351,0.653,0.402,0.037,0.033,66,153.5,327,2.5,0,0,0,0,0,0,0,0,0,604

Main.js:462 437.976,174.028,163.5,163.5,-0.7,0.115,-0.048,0.014,0,1,0,1,0,0,0,0,0,0,0,0,0,0,0,0,0,0,0,0,66.639,333.222,42,349.5,0.656,0.414,0.037,0.033,65,156,327,2.5,0,0,0,0,0,0,0,0,0,621

Main.js:462 437.266,174.152,162,162,-0.71,0.124,-0.048,0.015,0,1,0,1,0,0,0,0,0,0,0,0,0,0,0,0,0,0,0,0,67.297,333.647,42,348,0.658,0.425,0.037,0.033,64,158.5,327,2.5,0,0,0,0,0,0,0,0,0,638

Main.js:462 436.546,174.286,160.5,160.5,-0.719,0.133,-0.047,0.017,0,1,0,1,0,0,0,0,0,0,0,0,0,0,0,0,0,0,0,0,67.958,334.083,42,346.5,0.661,0.436,0.037,0.033,63,161,327,2.5,0,0,0,0,0,0,0,0,0,655

Main.js:462 435.819,174.429,159,159,-0.728,0.144,-0.047,0.018,0,1,0,1,0,0,0,0,0,0,0,0,0,0,0,0,0,0,0,0,68.621,334.529,42,345,0.663,0.446,0.037,0.033,62,163.5,327,2.5,0,0,0,0,0,0,0,0,0,671

Main.js:462 435.084,174.584,157.5,157.5,-0.735,0.155,-0.046,0.019,0,1,0,1,0,0,0,0,0,0,0,0,0,0,0,0,0,0,0,0,69.286,334.984,42,343.5,0.665,0.455,0.037,0.033,61,166,327,2.5,0,0,0,0,0,0,0,0,0,688

Main.js:462 434.342,174.75,156,156,-0.742,0.166,-0.046,0.02,0,1,0,1,0,0,0,0,0,0,0,0,0,0,0,0,0,0,0,0,69.953,335.448,42,342,0.667,0.464,0.037,0.033,60,168.5,327,2.5,0,0,0,0,0,0,0,0,0,706

Main.js:462 433.594,174.929,154.5,154.5,-0.748,0.178,-0.045,0.022,0,1,0,1,0,0,0,0,0,0,0,0,0,0,0,0,0,0,0,0,70.622,335.92,42,340.5,0.669,0.473,0.037,0.033,59,171,327,2.5,0,0,0,0,0,0,0,0,0,720

Main.js:462 432.841,175.119,154.5,154.5,-0.753,0.19,-0.045,0.022,0,0,0,1,0,0,0,0,0,0,0,0,0,0,0,0,0,0,0,0,71.293,336.401,42,339,0.671,0.481,0.037,0.033,58,173.5,327,2.5,0,0,0,0,0,0,0,0,0,738

Main.js:462 432.083,175.32,154.5,154.5,-0.758,0.201,-0.045,0.022,0,0,0,1,0,0,0,0,0,0,0,0,0,0,0,0,0,0,0,0,71.966,336.89,42,337.5,0.673,0.489,0.037,0.033,57,176,327,2.5,0,0,0,0,0,0,0,0,0,755

Main.js:462 431.32,175.531,154.5,154.5,-0.763,0.211,-0.045,0.022,0,0,0,1,0,0,0,0,0,0,0,0,0,0,0,0,0,0,0,0,72.64,337.386,42,336,0.674,0.496,0.037,0.033,56,178.5,327,2.5,0,0,0,0,0,0,0,0,0,771

Main.js:462 430.552,175.752,154.5,154.5,-0.768,0.221,-0.045,0.022,99,0,0,1,0,1,0,0,0,0,0,0,0,0,0,0,0,0,0,0,73.316,337.889,42,334.5,0.676,0.503,0.037,0.033,55,181,327,2.5,0,0,0,0,0,0,0,0,0,788

Main.js:462 429.78,175.983,154.5,154.5,-0.772,0.231,-0.045,0.022,98,0,0,1,0,1,0,0,410.109,185.648,-2.256,1.076,0,0,0,0,0,0,0,0,73.994,338.398,42,333,0.677,0.51,0.037,0.033,54,183.5,327,2.5,0,0,0,0,0,0,0,0,0,806

Main.js:462 429.003,176.222,154.5,154.5,-0.777,0.24,-0.045,0.022,97,0,0,1,0,1,0,0,407.853,186.724,-2.256,1.076,0,0,0,0,0,0,0,0,74.672,338.914,42,331.5,0.679,0.516,0.037,0.033,53,186,327,2.5,0,0,0,0,0,0,0,0,0,822

Main.js:462 428.222,176.47,154.5,154.5,-0.781,0.248,-0.045,0.022,96,0,0,1,0,1,0,0,405.596,187.801,-2.256,1.076,0,0,0,0,0,0,0,0,75.353,339.436,42,330,0.68,0.522,0.037,0.033,52,188.5,327,2.5,0,0,0,0,0,0,0,0,0,839

Main.js:462 427.438,176.726,154.5,154.5,-0.785,0.256,-0.045,0.022,95,0,0,1,0,1,0,0,403.34,188.877,-2.256,1.076,0,0,0,0,0,0,0,0,76.034,339.964,42,328.5,0.682,0.528,0.037,0.033,51,191,327,2.5,0,0,0,0,0,0,0,0,0,855

Main.js:462 426.65,176.99,154.5,154.5,-0.788,0.264,-0.045,0.022,94,0,0,1,0,1,0,0,401.083,189.953,-2.256,1.076,0,0,0,0,0,0,0,0,76.717,340.497,42,327,0.683,0.533,0.037,0.033,50,193.5,327,2.5,0,0,0,0,0,0,0,0,0,871

Main.js:462 425.858,177.261,154.5,154.5,-0.792,0.271,-0.045,0.022,93,0,0,1,0,0,0,0,398.827,191.029,-2.256,1.076,0,0,0,0,0,0,0,0,77.401,341.035,42,325.5,0.684,0.538,0.037,0.033,49,196,327,2.5,0,0,0,0,0,0,0,0,0,888

Main.js:462 425.063,177.539,154.5,154.5,-0.795,0.278,-0.045,0.022,92,0,0,1,0,0,0,0,396.57,192.106,-2.256,1.076,0,0,0,0,0,0,0,0,78.086,341.578,42,324,0.685,0.543,0.037,0.033,48,198.5,327,2.5,0,0,0,0,0,0,0,0,0,905

Main.js:462 424.265,177.823,154.5,154.5,-0.798,0.284,-0.045,0.022,91,0,0,1,0,0,0,0,394.314,193.182,-2.256,1.076,0,0,0,0,0,0,0,0,78.772,342.125,42,322.5,0.686,0.548,0.037,0.033,47,201,327,2.5,0,0,0,0,0,0,0,0,0,923

Main.js:462 423.464,178.114,154.5,154.5,-0.801,0.291,-0.045,0.022,90,0,0,1,0,0,0,0,392.057,194.258,-2.256,1.076,0,0,0,0,0,0,0,0,79.459,342.677,42,321,0.687,0.552,0.037,0.033,46,203.5,327,2.5,0,0,0,0,0,0,0,0,0,938

Main.js:462 422.66,178.411,154.5,154.5,-0.804,0.297,-0.045,0.022,89,0,0,1,0,0,0,0,389.801,195.335,-2.256,1.076,0,0,0,0,0,0,0,0,80.147,343.233,42,319.5,0.688,0.556,0.037,0.033,45,206,327,2.5,0,0,0,0,0,0,0,0,0,954

Main.js:462 421.853,178.713,154.5,154.5,-0.807,0.302,-0.045,0.022,88,0,0,1,0,1,0,0,387.545,196.411,-2.256,1.076,0,0,0,0,0,0,0,0,80.836,343.794,42,318,0.689,0.56,0.037,0.033,44,208.5,327,2.5,0,0,0,0,0,0,0,0,0,970

Main.js:462 421.044,179.02,154.5,154.5,-0.809,0.308,-0.045,0.022,87,0,0,1,0,1,0,0,385.288,197.487,-2.256,1.076,0,0,0,0,0,0,0,0,81.526,344.358,42,316.5,0.69,0.564,0.037,0.033,43,211,327,2.5,0,0,0,0,0,0,0,0,0,987

Main.js:462 420.233,179.333,154.5,154.5,-0.811,0.313,-0.045,0.022,86,0,0,1,0,1,0,0,383.032,198.563,-2.256,1.076,0,0,0,0,0,0,0,0,82.216,344.925,42,315,0.691,0.568,0.037,0.033,42,213.5,327,2.5,0,0,0,0,0,0,0,0,0,1006

Main.js:462 419.419,179.65,154.5,154.5,-0.814,0.317,-0.045,0.022,85,0,0,1,0,1,0,0,380.775,199.64,-2.256,1.076,0,0,0,0,0,0,0,0,82.908,345.495,40.5,312,0.692,0.57,0.038,0.032,41,216,327,2.5,0,0,0,0,0,0,0,0,0,1022

Main.js:462 418.603,179.972,154.5,154.5,-0.816,0.322,-0.045,0.022,84,0,0,1,0,1,0,0,378.519,200.716,-2.256,1.076,0,0,0,0,0,0,0,0,83.603,346.066,39,309,0.694,0.571,0.039,0.031,40,218.5,327,2.5,0,0,0,0,0,0,0,0,0,1038

Main.js:462 417.785,180.299,154.5,154.5,-0.818,0.326,-0.045,0.022,83,0,0,1,0,0,0,0,376.262,201.792,-2.256,1.076,0,0,0,0,0,0,0,0,84.3,346.638,37.5,306,0.697,0.572,0.04,0.03,39,221,327,2.5,0,0,0,0,0,0,0,0,0,1055

Main.js:462 416.965,180.629,154.5,154.5,-0.82,0.33,-0.045,0.022,82,0,0,1,0,0,0,0,374.006,202.868,-2.256,1.076,0,0,0,0,0,0,0,0,85.001,347.209,36,303,0.701,0.571,0.04,0.029,38,223.5,327,2.5,0,0,0,0,0,0,0,0,0,1070

Main.js:462 416.143,180.963,154.5,154.5,-0.822,0.334,-0.045,0.022,81,0,0,1,0,0,0,0,371.749,203.945,-2.256,1.076,0,0,0,0,0,0,0,0,85.706,347.779,34.5,300,0.705,0.569,0.041,0.028,37,226,327,2.5,0,0,0,0,0,0,0,0,0,1087

Main.js:462 415.319,181.302,154.5,154.5,-0.824,0.338,-0.045,0.022,80,0,0,1,0,0,0,0,369.493,205.021,-2.256,1.076,0,0,0,0,0,0,0,0,86.416,348.346,33,297,0.71,0.567,0.042,0.027,36,228.5,327,2.5,0,0,0,0,0,0,0,0,0,1105

Main.js:462 414.494,181.643,154.5,154.5,-0.825,0.342,-0.045,0.022,79,0,0,1,0,0,0,0,367.236,206.097,-2.256,1.076,0,0,0,0,0,0,0,0,87.131,348.909,31.5,294,0.715,0.563,0.043,0.026,35,231,327,2.5,0,0,0,0,0,0,0,0,0,1120

Main.js:462 413.667,181.988,154.5,154.5,-0.827,0.345,-0.045,0.022,78,0,0,1,0,0,0,0,364.98,207.174,-2.256,1.076,0,0,0,0,0,0,0,0,87.851,349.468,30,291,0.72,0.559,0.043,0.025,34,233.5,327,2.5,0,0,0,0,0,0,0,0,0,1139

Main.js:462 412.839,182.336,154.5,154.5,-0.828,0.348,-0.045,0.022,77,0,0,1,0,1,0,0,362.723,208.25,-2.256,1.076,0,0,0,0,0,0,0,0,88.577,350.021,28.5,288,0.726,0.554,0.044,0.024,33,236,327,2.5,0,0,0,0,0,0,0,0,0,1155

Main.js:462 412.009,182.688,154.5,154.5,-0.83,0.351,-0.045,0.022,76,0,0,1,0,1,0,0,360.467,209.326,-2.256,1.076,0,0,0,0,0,0,0,0,89.309,350.569,27,285,0.732,0.547,0.045,0.023,32,238.5,327,2.5,0,0,0,0,0,0,0,0,0,1171

Main.js:462 411.177,183.042,154.5,154.5,-0.831,0.354,-0.045,0.022,75,0,0,1,0,1,0,0,358.211,210.402,-2.256,1.076,0,0,0,0,0,0,0,0,90.047,351.109,25.5,282,0.738,0.541,0.045,0.022,31,241,327,2.5,0,0,0,0,0,0,0,0,0,1188

Main.js:462 410.345,183.399,154.5,154.5,-0.833,0.357,-0.045,0.022,74,0,0,1,0,1,0,0,355.954,211.479,-2.256,1.076,0,0,0,0,0,0,0,0,90.791,351.642,24,279,0.745,0.533,0.046,0.02,30,243.5,327,2.5,0,0,0,0,0,0,0,0,0,1205

Main.js:462 409.511,183.758,154.5,154.5,-0.834,0.36,-0.045,0.022,73,0,0,1,0,1,0,0,353.698,212.555,-2.256,1.076,0,0,0,0,0,0,0,0,91.543,352.167,22.5,276,0.751,0.524,0.046,0.019,29,246,327,2.5,0,0,0,0,0,0,0,0,0,1222

Main.js:462 408.676,184.12,154.5,154.5,-0.835,0.362,-0.045,0.022,72,0,0,1,0,0,0,0,351.441,213.631,-2.256,1.076,0,0,0,0,0,0,0,0,92.301,352.682,21,273,0.758,0.515,0.047,0.018,28,248.5,327,2.5,0,0,0,0,0,0,0,0,0,1240

Main.js:462 407.84,184.485,154.5,154.5,-0.836,0.364,-0.045,0.022,71,0,0,1,0,0,0,0,349.185,214.708,-2.256,1.076,0,0,0,0,0,0,0,0,93.066,353.187,19.5,270,0.765,0.505,0.047,0.017,27,251,327,2.5,0,0,0,0,0,0,0,0,0,1304

Main.js:462 407.002,184.851,154.5,154.5,-0.837,0.367,-0.045,0.022,70,0,0,1,0,0,0,0,346.928,215.784,-2.256,1.076,0,0,0,0,0,0,0,0,93.837,353.682,18,267,0.772,0.495,0.048,0.015,26,253.5,327,2.5,0,0,0,0,0,0,0,0,0,1321

Main.js:462 406.164,185.22,154.5,154.5,-0.838,0.369,-0.045,0.022,69,0,0,1,0,0,0,0,344.672,216.86,-2.256,1.076,0,0,0,0,0,0,0,0,94.616,354.165,16.5,264,0.779,0.483,0.048,0.014,25,256,327,2.5,0,0,0,0,0,0,0,0,0,1337

Main.js:462 405.325,185.591,154.5,154.5,-0.839,0.371,-0.045,0.022,68,0,0,1,0,1,0,0,342.415,217.936,-2.256,1.076,0,0,0,0,0,0,0,0,95.402,354.637,15,261,0.786,0.472,0.048,0.013,24,258.5,327,2.5,0,0,0,0,0,0,0,0,0,1354

Main.js:462 404.485,185.963,154.5,154.5,-0.84,0.373,-0.045,0.022,67,0,0,1,0,1,0,0,340.159,219.013,-2.256,1.076,0,0,0,0,0,0,0,0,96.195,355.096,13.5,258,0.793,0.459,0.049,0.012,23,261,327,2.5,0,0,0,0,0,0,0,0,0,1371

Main.js:462 403.644,186.338,154.5,154.5,-0.841,0.374,-0.045,0.022,66,0,0,1,0,1,0,0,337.902,220.089,-2.256,1.076,0,0,0,0,0,0,0,0,96.994,355.542,12,255,0.799,0.446,0.049,0.01,22,263.5,327,2.5,0,0,0,0,0,0,0,0,0,1387

Main.js:462 402.802,186.714,154.5,154.5,-0.842,0.376,-0.045,0.022,65,0,0,1,0,1,0,0,335.646,221.165,-2.256,1.076,0,0,0,0,0,0,0,0,97.8,355.974,10.5,252,0.806,0.432,0.049,0.009,21,266,327,2.5,0,0,0,0,0,0,0,0,0,1405

Main.js:462 401.96,187.092,154.5,154.5,-0.843,0.378,-0.045,0.022,64,0,0,1,0,1,0,0,333.389,222.241,-2.256,1.076,0,0,0,0,0,0,0,0,98.613,356.392,9,249,0.813,0.418,0.049,0.008,20,268.5,327,2.5,0,0,0,0,0,0,0,0,0,1421

Main.js:462 401.116,187.471,154.5,154.5,-0.843,0.379,-0.045,0.022,63,0,0,1,0,0,0,0,331.133,223.318,-2.256,1.076,0,0,0,0,0,0,0,0,99.432,356.796,7.5,246,0.819,0.403,0.05,0.007,19,271,327,2.5,0,0,0,0,0,0,0,0,0,1438

Main.js:462 400.272,187.852,154.5,154.5,-0.844,0.381,-0.045,0.022,62,0,0,1,0,0,0,0,328.876,224.394,-2.256,1.076,0,0,0,0,0,0,0,0,100.258,357.184,6,243,0.826,0.388,0.05,0.005,18,273.5,327,2.5,0,0,0,0,0,0,0,0,0,1455

Main.js:462 399.427,188.234,154.5,154.5,-0.845,0.382,-0.045,0.022,61,0,0,1,0,0,0,0,326.62,225.47,-2.256,1.076,0,0,0,0,0,0,0,0,101.09,357.557,4.5,240,0.832,0.373,0.05,0.004,17,276,327,2.5,0,0,0,0,0,0,0,0,0,1471

Main.js:462 398.582,188.618,154.5,154.5,-0.845,0.384,-0.045,0.022,60,0,0,1,0,0,0,0,324.364,226.547,-2.256,1.076,0,0,0,0,0,0,0,0,101.927,357.913,3,237,0.837,0.356,0.05,0.003,16,278.5,327,2.5,0,0,0,0,0,0,0,0,0,1488

Main.js:462 397.736,189.002,154.5,154.5,-0.846,0.385,-0.045,0.022,59,0,0,1,0,0,0,0,322.107,227.623,-2.256,1.076,0,0,0,0,0,0,0,0,102.77,358.253,1.5,234,0.843,0.34,0.05,0.001,15,281,327,2.5,0,0,0,0,0,0,0,0,0,1505

Main.js:462 396.89,189.389,154.5,154.5,-0.847,0.386,-0.045,0.022,58,0,0,1,0,0,0,0,319.851,228.699,-2.256,1.076,0,0,0,0,0,0,0,0,103.619,358.576,0,231,0.848,0.323,0.05,0,14,283.5,327,2.5,0,0,0,0,0,0,0,0,0,1522

Main.js:462 396.043,189.776,154.5,154.5,-0.847,0.387,-0.045,0.022,57,0,0,1,0,0,0,0,317.594,229.775,-2.256,1.076,0,0,0,0,0,0,0,0,104.472,358.881,358.5,228,0.853,0.305,0.05,-0.001,13,286,327,2.5,0,0,0,0,0,0,0,0,0,1539

Main.js:462 395.195,190.164,154.5,154.5,-0.848,0.388,-0.045,0.022,56,0,0,1,0,0,0,0,315.338,230.852,-2.256,1.076,0,0,0,0,0,0,0,0,105.33,359.169,357,225,0.858,0.288,0.05,-0.003,12,288.5,327,2.5,0,0,0,0,0,0,0,0,0,1554

Main.js:462 394.347,190.553,154.5,154.5,-0.848,0.389,-0.045,0.022,55,0,0,1,0,1,0,0,313.081,231.928,-2.256,1.076,0,0,0,0,0,0,0,0,106.193,359.439,355.5,222,0.863,0.27,0.05,-0.004,11,291,327,2.5,0,0,0,0,0,0,0,0,0,1571

Main.js:462 393.498,190.944,154.5,154.5,-0.849,0.39,-0.045,0.022,54,0,0,1,0,1,0,0,310.825,233.004,-2.256,1.076,0,0,0,0,0,0,0,0,107.06,359.69,354,219,0.867,0.251,0.05,-0.005,10,293.5,327,2.5,0,0,0,0,0,0,0,0,0,1588

Main.js:462 392.649,191.335,154.5,154.5,-0.849,0.391,-0.045,0.022,53,0,0,1,0,1,0,0,308.568,234.081,-2.256,1.076,0,0,0,0,0,0,0,0,107.93,359.922,352.5,216,0.871,0.232,0.05,-0.007,9,296,327,2.5,0,0,0,0,0,0,0,0,0,1605

Main.js:462 391.8,191.727,154.5,154.5,-0.849,0.392,-0.045,0.022,52,0,0,1,0,1,0,0,306.312,235.157,-2.256,1.076,0,0,0,0,0,0,0,0,108.804,360.136,351,213,0.874,0.213,0.049,-0.008,8,298.5,327,2.5,0,0,0,0,0,0,0,0,0,1621

Main.js:462 390.95,192.12,154.5,154.5,-0.85,0.393,-0.045,0.022,51,0,0,1,0,1,0,0,304.055,236.233,-2.256,1.076,0,0,0,0,0,0,0,0,109.681,360.33,349.5,210,0.877,0.194,0.049,-0.009,7,301,327,2.5,0,0,0,0,0,0,0,0,0,1637

Main.js:462 390.1,192.514,154.5,154.5,-0.85,0.394,-0.045,0.022,50,0,0,1,0,1,0,0,301.799,237.309,-2.256,1.076,0,0,0,0,0,0,0,0,110.561,360.504,348,207,0.88,0.174,0.049,-0.01,6,303.5,327,2.5,0,0,0,0,0,0,0,0,0,1655

Main.js:462 389.249,192.908,154.5,154.5,-0.851,0.395,-0.045,0.022,49,0,0,1,0,0,0,0,299.542,238.386,-2.256,1.076,0,0,0,0,0,0,0,0,111.443,360.659,346.5,204,0.882,0.155,0.049,-0.012,5,306,327,2.5,0,0,0,0,0,0,0,0,0,1673

Main.js:462 388.398,193.304,154.5,154.5,-0.851,0.395,-0.045,0.022,48,0,0,1,0,0,0,0,297.286,239.462,-2.256,1.076,0,0,0,0,0,0,0,0,112.326,360.793,345,201,0.884,0.135,0.048,-0.013,4,308.5,327,2.5,0,0,0,0,0,0,0,0,0,1689

Main.js:462 387.547,193.7,154.5,154.5,-0.851,0.396,-0.045,0.022,47,0,0,1,0,0,0,0,295.03,240.538,-2.256,1.076,0,0,0,0,0,0,0,0,113.211,360.908,343.5,198,0.885,0.114,0.048,-0.014,3,311,327,2.5,0,0,0,0,0,0,0,0,0,1704

Main.js:462 386.696,194.096,154.5,154.5,-0.852,0.397,-0.045,0.022,46,0,0,1,0,0,0,0,292.773,241.614,-2.256,1.076,0,0,0,0,0,0,0,0,114.097,361.002,342,195,0.886,0.094,0.048,-0.015,2,313.5,327,2.5,0,0,0,0,0,0,0,0,0,1721

Main.js:462 385.844,194.493,154.5,154.5,-0.852,0.397,-0.045,0.022,45,0,0,1,0,0,0,0,290.517,242.691,-2.256,1.076,0,0,0,0,0,0,0,0,114.983,361.075,340.5,192,0.886,0.073,0.047,-0.017,1,316,327,2.5,0,0,0,0,0,0,0,0,0,1738

Main.js:462 384.992,194.891,154.5,154.5,-0.852,0.398,-0.045,0.022,44,0,0,1,0,0,0,0,288.26,243.767,-2.256,1.076,0,0,0,0,0,0,0,0,115.87,361.128,339,189,0.886,0.053,0.047,-0.018,0,318.5,327,2.5,0,0,0,0,0,0,0,0,0,1754

Main.js:462 384.139,195.29,154.5,154.5,-0.852,0.398,-0.045,0.022,43,0,0,1,0,1,0,0,286.004,244.843,-2.256,1.076,0,0,0,0,0,0,0,0,116.756,361.16,337.5,186,0.886,0.032,0.046,-0.019,99,321,327,2.5,0,0,0,0,0,0,0,0,0,1771

Main.js:462 383.287,195.688,154.5,154.5,-0.853,0.399,-0.045,0.022,42,0,0,1,0,1,0,0,283.747,245.92,-2.256,1.076,0,0,0,0,0,0,0,0,117.641,361.171,336,183,0.885,0.011,0.046,-0.02,98,323.5,327,2.5,0,92.498,358.672,-2.486,-0.261,0,0,0,0,1788

Main.js:462 382.434,196.088,154.5,154.5,-0.853,0.399,-0.045,0.022,41,0,0,1,0,1,0,0,281.491,246.996,-2.256,1.076,0,0,0,0,0,0,0,0,118.524,361.161,334.5,180,0.884,-0.01,0.045,-0.022,97,326,327,2.5,0,90.012,358.41,-2.486,-0.261,0,0,0,0,1804

Main.js:462 381.581,196.488,154.5,154.5,-0.853,0.4,-0.045,0.022,40,0,0,1,0,1,0,0,279.234,248.072,-2.256,1.076,0,0,0,0,0,0,0,0,119.406,361.13,333,177,0.882,-0.031,0.045,-0.023,96,328.5,327,2.5,0,87.526,358.149,-2.486,-0.261,0,0,0,0,1822

Main.js:462 380.727,196.888,154.5,154.5,-0.853,0.4,-0.045,0.022,39,0,0,1,0,1,0,0,276.978,249.148,-2.256,1.076,0,0,0,0,0,0,0,0,120.286,361.078,331.5,174,0.879,-0.052,0.044,-0.024,95,331,327,2.5,0,85.039,357.888,-2.486,-0.261,0,0,0,0,1839

Main.js:462 379.874,197.289,154.5,154.5,-0.854,0.401,-0.045,0.022,38,0,0,1,0,0,0,0,274.721,250.225,-2.256,1.076,0,0,0,0,0,0,0,0,121.162,361.004,330,171,0.877,-0.073,0.043,-0.025,94,333.5,327,2.5,0,82.553,357.626,-2.486,-0.261,0,0,0,0,1855

Main.js:462 379.02,197.69,154.5,154.5,-0.854,0.401,-0.045,0.022,37,0,0,1,0,0,0,0,272.465,251.301,-2.256,1.076,0,0,0,0,0,0,0,0,122.035,360.91,328.5,168,0.873,-0.094,0.043,-0.026,93,336,327,2.5,0,80.067,357.365,-2.486,-0.261,0,0,0,0,1871

Main.js:462 378.166,198.092,154.5,154.5,-0.854,0.402,-0.045,0.022,36,0,0,1,0,0,0,0,270.208,252.377,-2.256,1.076,0,0,0,0,0,0,0,0,122.905,360.794,327,165,0.869,-0.116,0.042,-0.027,92,338.5,327,2.5,0,77.581,357.104,-2.486,-0.261,0,0,0,0,1889

Main.js:462 377.312,198.494,154.5,154.5,-0.854,0.402,-0.045,0.022,35,0,0,1,0,0,0,0,267.952,253.454,-2.256,1.076,0,0,0,0,0,0,0,0,123.77,360.658,325.5,162,0.865,-0.137,0.041,-0.028,91,341,327,2.5,0,75.094,356.842,-2.486,-0.261,0,0,0,0,1904

Main.js:462 376.458,198.896,154.5,154.5,-0.854,0.402,-0.045,0.022,34,0,0,1,0,0,0,0,265.696,254.53,-2.256,1.076,0,0,0,0,0,0,0,0,124.63,360.5,324,159,0.86,-0.158,0.04,-0.029,90,343.5,327,2.5,0,72.608,356.581,-2.486,-0.261,0,0,0,0,1922

Main.js:462 375.603,199.298,154.5,154.5,-0.854,0.403,-0.045,0.022,33,0,0,1,0,0,0,0,263.439,255.606,-2.256,1.076,0,0,0,0,0,0,0,0,125.485,360.321,322.5,156,0.855,-0.179,0.04,-0.03,89,346,327,2.5,0,70.122,356.32,-2.486,-0.261,0,0,0,0,1939

Main.js:462 374.749,199.701,154.5,154.5,-0.855,0.403,-0.045,0.022,32,0,0,1,0,0,0,0,261.183,256.682,-2.256,1.076,0,0,0,0,0,0,0,0,126.334,360.121,321,153,0.849,-0.2,0.039,-0.031,88,348.5,327,2.5,0,67.635,356.058,-2.486,-0.261,0,0,0,0,1955

Main.js:462 373.894,200.105,154.5,154.5,-0.855,0.403,-0.045,0.022,31,0,0,1,0,0,0,0,258.926,257.759,-2.256,1.076,0,0,0,0,0,0,0,0,127.177,359.9,319.5,150,0.843,-0.221,0.038,-0.032,87,351,327,2.5,0,65.149,355.797,-2.486,-0.261,0,0,0,0,1971

Main.js:462 373.039,200.508,154.5,154.5,-0.855,0.404,-0.045,0.022,30,0,0,1,0,0,0,0,256.67,258.835,-2.256,1.076,0,0,0,0,0,0,0,0,128.013,359.659,318,147,0.836,-0.241,0.037,-0.033,86,353.5,327,2.5,0,62.663,355.536,-2.486,-0.261,0,0,0,0,1988

Main.js:462 372.184,200.912,154.5,154.5,-0.855,0.404,-0.045,0.022,29,0,0,1,0,0,0,0,254.413,259.911,-2.256,1.076,0,0,0,0,0,0,0,0,128.842,359.397,316.5,144,0.829,-0.262,0.036,-0.034,85,356,327,2.5,0,60.176,355.274,-2.486,-0.261,0,0,0,0,2005

Main.js:462 371.329,201.316,154.5,154.5,-0.855,0.404,-0.045,0.022,28,0,0,1,0,0,0,0,252.157,260.987,-2.256,1.076,0,0,0,0,0,0,0,0,129.664,359.116,318,144,0.822,-0.281,0.037,-0.033,84,358.5,327,2.5,0,57.69,355.013,-2.486,-0.261,0,0,0,0,2021

Main.js:462 370.474,201.72,154.5,154.5,-0.855,0.404,-0.045,0.022,27,0,0,1,0,0,0,0,249.9,262.064,-2.256,1.076,0,0,0,0,0,0,0,0,130.482,358.819,319.5,144,0.817,-0.298,0.038,-0.032,83,361,327,2.5,0,55.204,354.752,-2.486,-0.261,0,0,0,0,2046

Main.js:462 369.618,202.125,154.5,154.5,-0.855,0.405,-0.045,0.022,26,0,0,1,0,0,0,0,247.644,263.14,-2.256,1.076,0,0,0,0,0,0,0,0,131.295,358.506,321,144,0.814,-0.313,0.039,-0.031,82,363.5,327,2.5,0,52.718,354.49,-2.486,-0.261,0,0,0,0,2056

Main.js:462 368.763,202.53,154.5,154.5,-0.855,0.405,-0.045,0.022,25,0,0,1,0,0,0,0,245.387,264.216,-2.256,1.076,0,0,0,0,0,0,0,0,132.106,358.18,322.5,144,0.811,-0.326,0.04,-0.03,81,366,327,2.5,0,50.231,354.229,-2.486,-0.261,0,0,0,0,2071

Main.js:462 367.907,202.935,154.5,154.5,-0.856,0.405,-0.045,0.022,24,0,0,1,0,0,0,0,243.131,265.293,-2.256,1.076,0,0,0,0,0,0,0,0,132.914,357.843,324,144,0.808,-0.337,0.04,-0.029,80,368.5,327,2.5,0,47.745,353.968,-2.486,-0.261,0,0,0,0,2087

Main.js:462 367.052,203.34,154.5,154.5,-0.856,0.405,-0.045,0.022,23,0,0,1,0,0,0,0,240.874,266.369,-2.256,1.076,0,0,0,0,0,0,0,0,133.721,357.495,325.5,144,0.807,-0.347,0.041,-0.028,79,371,327,2.5,0,45.259,353.706,-2.486,-0.261,0,0,0,0,2104

Main.js:462 366.196,203.745,154.5,154.5,-0.856,0.405,-0.045,0.022,22,0,0,1,0,0,0,0,238.618,267.445,-2.256,1.076,0,0,0,0,0,0,0,0,134.528,357.14,327,144,0.807,-0.356,0.042,-0.027,78,373.5,327,2.5,0,42.772,353.445,-2.486,-0.261,0,0,0,0,2122

Main.js:462 365.341,204.152,153,153,-0.855,0.407,-0.045,0.023,21,1,0,1,0,0,0,0,236.361,268.521,-2.256,1.076,0,0,0,0,0,0,0,0,135.335,356.777,328.5,144,0.807,-0.363,0.043,-0.026,77,376,327,2.5,0,40.286,353.184,-2.486,-0.261,0,0,0,0,2137

Main.js:462 364.487,204.561,151.5,151.5,-0.854,0.409,-0.044,0.024,20,1,0,1,0,0,0,0,234.105,269.598,-2.256,1.076,0,0,0,0,0,0,0,0,136.142,356.408,330,144,0.808,-0.369,0.043,-0.025,76,378.5,327,2.5,0,37.8,352.922,-2.486,-0.261,0,0,0,0,2154

Main.js:462 363.634,204.973,150,150,-0.853,0.412,-0.043,0.025,19,1,0,1,0,0,0,0,231.849,270.674,-2.256,1.076,0,0,0,0,0,0,0,0,136.951,356.035,331.5,144,0.809,-0.373,0.044,-0.024,75,381,327,2.5,0,35.313,352.661,-2.486,-0.261,0,0,0,0,2171

Main.js:462 362.783,205.39,148.5,148.5,-0.851,0.417,-0.043,0.026,18,1,0,1,0,0,0,0,229.592,271.75,-2.256,1.076,0,0,0,0,0,0,0,0,137.762,355.659,333,144,0.811,-0.376,0.045,-0.023,74,383.5,327,2.5,0,32.827,352.4,-2.486,-0.261,0,0,0,0,2189

Main.js:462 361.935,205.81,148.5,148.5,-0.849,0.42,-0.043,0.026,17,0,0,1,0,0,0,0,227.336,272.827,-2.256,1.076,0,0,0,0,0,0,0,0,138.575,355.282,334.5,144,0.813,-0.377,0.045,-0.022,73,386,327,2.5,0,30.341,352.138,-2.486,-0.261,0,0,0,0,2213

Main.js:462 361.088,206.234,148.5,148.5,-0.847,0.424,-0.043,0.026,16,0,0,1,0,0,0,0,225.079,273.903,-2.256,1.076,0,0,0,0,0,0,0,0,139.391,354.904,336,144,0.816,-0.378,0.046,-0.02,72,388.5,327,2.5,0,27.854,351.877,-2.486,-0.261,0,0,0,0,2221

Main.js:462 360.244,206.662,148.5,148.5,-0.845,0.428,-0.043,0.026,15,0,0,1,0,0,0,0,222.823,274.979,-2.256,1.076,0,0,0,0,0,0,0,0,140.21,354.527,337.5,144,0.819,-0.377,0.046,-0.019,71,391,327,2.5,0,25.368,351.616,-2.486,-0.261,0,0,0,0,2263

Main.js:462 359.401,207.094,148.5,148.5,-0.843,0.431,-0.043,0.026,14,0,0,1,0,0,0,0,220.566,276.055,-2.256,1.076,0,0,0,0,0,0,0,0,141.033,354.152,339,144,0.822,-0.375,0.047,-0.018,70,393.5,327,2.5,0,22.882,351.355,-2.486,-0.261,0,0,0,0,2288

Main.js:462 358.559,207.528,148.5,148.5,-0.841,0.435,-0.043,0.026,13,0,0,1,0,0,0,0,218.31,277.132,-2.256,1.076,0,0,0,0,0,0,0,0,141.859,353.779,340.5,144,0.826,-0.372,0.047,-0.017,69,396,327,2.5,0,20.396,351.093,-2.486,-0.261,0,0,0,0,2304

Main.js:462 357.719,207.966,148.5,148.5,-0.84,0.438,-0.043,0.026,12,0,0,1,0,0,0,0,216.053,278.208,-2.256,1.076,0,0,0,0,0,0,0,0,142.689,353.411,342,144,0.83,-0.368,0.048,-0.015,68,398.5,327,2.5,0,17.909,350.832,-2.486,-0.261,0,0,0,0,2321

Main.js:462 356.881,208.406,148.5,148.5,-0.838,0.441,-0.043,0.026,11,0,0,1,0,0,0,0,213.797,279.284,-2.256,1.076,0,0,0,0,0,0,0,0,143.523,353.047,343.5,144,0.834,-0.364,0.048,-0.014,67,401,327,2.5,0,15.423,350.571,-2.486,-0.261,0,0,0,0,2337

Main.js:462 356.044,208.85,148.5,148.5,-0.837,0.443,-0.043,0.026,10,0,0,1,0,0,0,0,211.54,280.36,-2.256,1.076,0,0,0,0,0,0,0,0,144.361,352.689,345,144,0.838,-0.358,0.048,-0.013,66,403.5,327,2.5,0,12.937,350.309,-2.486,-0.261,0,0,0,0,2355

Main.js:462 355.209,209.296,148.5,148.5,-0.836,0.446,-0.043,0.026,9,0,0,1,0,1,0,0,209.284,281.437,-2.256,1.076,0,0,0,0,0,0,0,0,145.203,352.339,346.5,144,0.842,-0.351,0.049,-0.012,65,406,327,2.5,0,10.45,350.048,-2.486,-0.261,0,0,0,0,2371

Main.js:462 354.374,209.744,148.5,148.5,-0.834,0.449,-0.043,0.026,8,0,0,1,0,1,0,0,207.027,282.513,-2.256,1.076,0,0,0,0,0,0,0,0,146.05,351.995,348,144,0.847,-0.343,0.049,-0.01,64,408.5,327,2.5,0,7.964,349.787,-2.486,-0.261,0,0,0,0,2388

Main.js:462 353.541,210.195,148.5,148.5,-0.833,0.451,-0.043,0.026,7,0,0,1,0,1,0,0,204.771,283.589,-2.256,1.076,0,0,0,0,0,0,0,0,146.901,351.661,349.5,144,0.851,-0.335,0.049,-0.009,63,411,327,2.5,0,5.478,349.525,-2.486,-0.261,0,0,0,0,2404

Main.js:462 352.709,210.649,148.5,148.5,-0.832,0.453,-0.043,0.026,6,0,0,1,0,1,0,0,202.515,284.666,-2.256,1.076,0,0,0,0,0,0,0,0,147.757,351.335,351,144,0.855,-0.325,0.049,-0.008,62,413.5,327,2.5,0,2.991,349.264,-2.486,-0.261,0,0,0,0,2421

Main.js:462 351.879,211.104,148.5,148.5,-0.831,0.455,-0.043,0.026,5,0,0,1,0,0,0,0,200.258,285.742,-2.256,1.076,0,0,0,0,0,0,0,0,148.616,351.02,352.5,144,0.86,-0.315,0.05,-0.007,61,416,327,2.5,0,0.505,349.003,-2.486,-0.261,0,0,0,0,2437

Main.js:462 351.049,211.561,148.5,148.5,-0.83,0.457,-0.043,0.026,4,0,0,1,0,0,0,0,198.002,286.818,-2.256,1.076,0,0,0,0,0,0,0,0,149.48,350.716,354,144,0.864,-0.305,0.05,-0.005,60,418.5,327,2.5,0,0,0,0,0,0,0,0,0,2454

Main.js:462 350.22,212.021,148.5,148.5,-0.829,0.459,-0.043,0.026,3,0,0,1,0,0,0,0,195.745,287.894,-2.256,1.076,0,0,0,0,0,0,0,0,150.349,350.422,355.5,144,0.868,-0.293,0.05,-0.004,59,421,327,2.5,0,0,0,0,0,0,0,0,0,2470

Main.js:462 349.392,212.482,148.5,148.5,-0.828,0.461,-0.043,0.026,2,0,0,1,0,0,0,0,193.489,288.971,-2.256,1.076,0,0,0,0,0,0,0,0,151.221,350.142,357,144,0.872,-0.281,0.05,-0.003,58,423.5,327,2.5,0,0,0,0,0,0,0,0,0,2488

Main.js:462 348.565,212.945,148.5,148.5,-0.827,0.463,-0.043,0.026,1,0,0,1,0,0,0,0,191.232,290.047,-2.256,1.076,0,0,0,0,0,0,0,0,152.097,349.874,358.5,144,0.876,-0.268,0.05,-0.001,57,426,327,2.5,0,0,0,0,0,0,0,0,0,2506

Main.js:462 347.739,213.41,148.5,148.5,-0.826,0.465,-0.043,0.026,0,0,0,1,0,0,0,0,188.976,291.123,-2.256,1.076,0,0,0,0,0,0,0,0,152.977,349.618,358.5,142.5,0.88,-0.256,0.05,-0.001,56,428.5,327,2.5,0,0,0,0,0,0,0,0,0,2521

Main.js:462 346.914,213.876,148.5,148.5,-0.825,0.466,-0.043,0.026,0,0,0,1,0,0,0,0,186.719,292.2,-2.256,1.076,0,0,0,0,0,0,0,0,153.86,349.373,358.5,141,0.883,-0.244,0.05,-0.001,55,431,327,2.5,0,0,0,0,0,0,0,0,0,2540

Main.js:462 346.089,214.344,148.5,148.5,-0.825,0.468,-0.043,0.026,99,0,0,1,0,1,0,0,184.463,293.276,-2.256,1.076,0,0,0,0,0,0,0,0,154.747,349.14,358.5,139.5,0.887,-0.233,0.05,-0.001,54,433.5,327,2.5,0,0,0,0,0,0,0,0,0,2554

Main.js:462 345.265,214.813,148.5,148.5,-0.824,0.469,-0.043,0.026,98,0,0,1,0,1,0,0,182.206,294.352,-2.256,1.076,326.877,226.155,-2.132,1.306,0,0,0,0,155.636,348.917,358.5,138,0.89,-0.223,0.05,-0.001,53,436,327,2.5,0,0,0,0,0,0,0,0,0,2571

Main.js:462 344.442,215.283,148.5,148.5,-0.823,0.471,-0.043,0.026,97,0,0,1,0,1,0,0,179.95,295.428,-2.256,1.076,324.745,227.461,-2.132,1.306,0,0,0,0,156.529,348.704,358.5,136.5,0.893,-0.213,0.05,-0.001,52,438.5,327,2.5,0,0,0,0,0,0,0,0,0,2588

Main.js:462 343.62,215.755,148.5,148.5,-0.822,0.472,-0.043,0.026,96,0,0,1,0,1,0,0,177.693,296.505,-2.256,1.076,322.613,228.767,-2.132,1.306,0,0,0,0,157.425,348.5,358.5,135,0.896,-0.204,0.05,-0.001,51,441,327,2.5,0,0,0,0,0,0,0,0,0,2605

Main.js:462 342.798,216.228,148.5,148.5,-0.822,0.473,-0.043,0.026,95,0,0,1,0,1,0,0,175.437,297.581,-2.256,1.076,320.482,230.073,-2.132,1.306,0,0,0,0,158.323,348.306,358.5,133.5,0.898,-0.195,0.05,-0.001,50,443.5,327,2.5,0,0,0,0,0,0,0,0,0,2622

Main.js:462 341.977,216.702,148.5,148.5,-0.821,0.474,-0.043,0.026,94,0,0,1,0,0,0,0,173.181,298.657,-2.256,1.076,318.35,231.38,-2.132,1.306,0,0,0,0,159.224,348.119,358.5,132,0.901,-0.186,0.05,-0.001,49,446,327,2.5,0,0,0,0,0,0,0,0,0,2639

Main.js:462 341.156,217.178,148.5,148.5,-0.821,0.475,-0.043,0.026,93,0,0,1,0,0,0,0,170.924,299.733,-2.256,1.076,316.219,232.686,-2.132,1.306,0,0,0,0,160.127,347.941,358.5,130.5,0.903,-0.178,0.05,-0.001,48,448.5,327,2.5,0,0,0,0,0,0,0,0,0,2655

Main.js:462 340.336,217.654,148.5,148.5,-0.82,0.476,-0.043,0.026,92,0,0,1,0,0,0,0,168.668,300.81,-2.256,1.076,314.087,233.992,-2.132,1.306,0,0,0,0,161.033,347.771,358.5,129,0.906,-0.17,0.05,-0.001,47,451,327,2.5,0,0,0,0,0,0,0,0,0,2671

Main.js:462 339.516,218.131,148.5,148.5,-0.82,0.477,-0.043,0.026,91,0,0,1,0,0,0,0,166.411,301.886,-2.256,1.076,311.955,235.298,-2.132,1.306,0,0,0,0,161.941,347.608,358.5,127.5,0.908,-0.163,0.05,-0.001,46,453.5,327,2.5,0,0,0,0,0,0,0,0,0,2687

Main.js:462 338.697,218.61,148.5,148.5,-0.819,0.478,-0.043,0.026,90,0,0,1,0,0,0,0,164.155,302.962,-2.256,1.076,309.824,236.604,-2.132,1.306,0,0,0,0,162.851,347.451,358.5,126,0.91,-0.156,0.05,-0.001,45,456,327,2.5,0,0,0,0,0,0,0,0,0,2705

Main.js:462 337.878,219.089,148.5,148.5,-0.819,0.479,-0.043,0.026,89,0,0,1,0,0,0,0,161.898,304.039,-2.256,1.076,307.692,237.911,-2.132,1.306,0,0,0,0,163.763,347.302,358.5,124.5,0.912,-0.15,0.05,-0.001,44,458.5,327,2.5,0,0,0,0,0,0,0,0,0,2723

Main.js:462 337.06,219.569,148.5,148.5,-0.818,0.48,-0.043,0.026,88,0,0,1,0,1,0,0,159.642,305.115,-2.256,1.076,305.561,239.217,-2.132,1.306,0,0,0,0,164.676,347.158,358.5,123,0.914,-0.143,0.05,-0.001,43,461,327,2.5,0,0,0,0,0,0,0,0,0,2738

Main.js:462 336.242,220.05,148.5,148.5,-0.818,0.481,-0.043,0.026,87,0,0,1,0,1,0,0,157.385,306.191,-2.256,1.076,303.429,240.523,-2.132,1.306,0,0,0,0,165.592,347.021,358.5,121.5,0.916,-0.138,0.05,-0.001,42,463.5,327,2.5,0,0,0,0,0,0,0,0,0,2754

Main.js:462 335.425,220.532,148.5,148.5,-0.817,0.482,-0.043,0.026,86,0,0,1,0,1,0,0,155.129,307.267,-2.256,1.076,301.297,241.829,-2.132,1.306,0,0,0,0,166.509,346.889,358.5,120,0.917,-0.132,0.05,-0.001,41,466,327,2.5,0,0,0,0,0,0,0,0,0,2772

Main.js:462 334.608,221.014,148.5,148.5,-0.817,0.482,-0.043,0.026,85,0,0,1,0,1,0,0,152.872,308.344,-2.256,1.076,299.166,243.136,-2.132,1.306,0,0,0,0,167.428,346.762,358.5,118.5,0.919,-0.127,0.05,-0.001,40,468.5,327,2.5,0,0,0,0,0,0,0,0,0,2787

Main.js:462 333.791,221.497,148.5,148.5,-0.817,0.483,-0.043,0.026,84,0,0,1,0,1,0,0,150.616,309.42,-2.256,1.076,297.034,244.442,-2.132,1.306,0,0,0,0,168.349,346.641,358.5,117,0.92,-0.121,0.05,-0.001,39,471,327,2.5,0,0,0,0,0,0,0,0,0,2805

Main.js:462 332.975,221.981,148.5,148.5,-0.816,0.484,-0.043,0.026,83,0,0,1,0,0,0,0,148.359,310.496,-2.256,1.076,294.903,245.748,-2.132,1.306,0,0,0,0,169.27,346.524,358.5,115.5,0.922,-0.117,0.05,-0.001,38,473.5,327,2.5,0,0,0,0,0,0,0,0,0,2821

Main.js:462 332.158,222.465,148.5,148.5,-0.816,0.484,-0.043,0.026,82,0,0,1,0,0,0,0,146.103,311.573,-2.256,1.076,292.771,247.054,-2.132,1.306,0,0,0,0,170.194,346.412,358.5,114,0.923,-0.112,0.05,-0.001,37,476,327,2.5,0,0,0,0,0,0,0,0,0,2837

Main.js:462 331.343,222.95,148.5,148.5,-0.816,0.485,-0.043,0.026,81,0,0,1,0,0,0,0,143.847,312.649,-2.256,1.076,290.639,248.361,-2.132,1.306,0,0,0,0,171.118,346.304,358.5,112.5,0.925,-0.108,0.05,-0.001,36,478.5,327,2.5,0,0,0,0,0,0,0,0,0,2854

Main.js:462 330.527,223.436,148.5,148.5,-0.815,0.486,-0.043,0.026,80,0,0,1,0,0,0,0,141.59,313.725,-2.256,1.076,288.508,249.667,-2.132,1.306,0,0,0,0,172.044,346.201,358.5,111,0.926,-0.104,0.05,-0.001,35,481,327,2.5,0,0,0,0,0,0,0,0,0,2870

Main.js:462 329.712,223.922,148.5,148.5,-0.815,0.486,-0.043,0.026,79,0,0,1,0,0,0,0,139.334,314.801,-2.256,1.076,286.376,250.973,-2.132,1.306,0,0,0,0,172.971,346.101,358.5,109.5,0.927,-0.1,0.05,-0.001,34,483.5,327,2.5,0,0,0,0,0,0,0,0,0,2888

Main.js:462 328.897,224.409,148.5,148.5,-0.815,0.487,-0.043,0.026,78,0,0,1,0,0,0,0,137.077,315.878,-2.256,1.076,284.245,252.279,-2.132,1.306,0,0,0,0,173.9,346.005,358.5,108,0.928,-0.096,0.05,-0.001,33,486,327,2.5,0,0,0,0,0,0,0,0,0,2904

Main.js:462 328.082,224.896,148.5,148.5,-0.815,0.487,-0.043,0.026,77,0,0,1,0,0,0,0,134.821,316.954,-2.256,1.076,282.113,253.586,-2.132,1.306,0,0,0,0,174.829,345.913,358.5,106.5,0.929,-0.092,0.05,-0.001,32,488.5,327,2.5,0,0,0,0,0,0,0,0,0,2922

Main.js:462 327.268,225.383,148.5,148.5,-0.814,0.488,-0.043,0.026,76,0,0,1,0,0,0,0,132.564,318.03,-2.256,1.076,279.981,254.892,-2.132,1.306,0,0,0,0,175.759,345.824,358.5,105,0.93,-0.089,0.05,-0.001,31,491,327,2.5,0,0,0,0,0,0,0,0,0,2938

Main.js:462 326.454,225.871,148.5,148.5,-0.814,0.488,-0.043,0.026,75,0,0,1,0,0,0,0,130.308,319.106,-2.256,1.076,277.85,256.198,-2.132,1.306,0,0,0,0,176.69,345.738,358.5,103.5,0.931,-0.086,0.05,-0.001,30,493.5,327,2.5,0,0,0,0,0,0,0,0,0,2955

Main.js:462 325.64,226.36,148.5,148.5,-0.814,0.488,-0.043,0.026,74,0,0,1,0,0,0,0,128.051,320.183,-2.256,1.076,275.718,257.504,-2.132,1.306,0,0,0,0,177.623,345.656,358.5,102,0.932,-0.083,0.05,-0.001,29,496,327,2.5,0,0,0,0,0,0,0,0,0,2972

Main.js:462 324.826,226.849,148.5,148.5,-0.814,0.489,-0.043,0.026,73,0,0,1,0,0,0,0,125.795,321.259,-2.256,1.076,273.587,258.811,-2.132,1.306,0,0,0,0,178.556,345.576,358.5,100.5,0.933,-0.08,0.05,-0.001,28,498.5,327,2.5,0,0,0,0,0,0,0,0,0,2987

Main.js:462 324.012,227.338,148.5,148.5,-0.814,0.489,-0.043,0.026,72,0,0,1,0,0,0,0,125.795,321.259,-2.256,1.076,271.455,260.117,-2.132,1.306,0,0,0,0,179.489,345.499,358.5,99,0.934,-0.077,0.05,-0.001,27,0,0,0,0,0,0,0,0,0,0,0,0,3004

Main.js:462 323.199,227.827,148.5,148.5,-0.813,0.49,-0.043,0.026,71,0,0,1,0,0,0,0,123.538,322.335,-2.256,1.076,269.323,261.423,-2.132,1.306,0,0,0,0,180.424,345.423,357,96,0.935,-0.076,0.05,-0.003,26,0,0,0,0,0,0,0,0,0,0,0,0,3022

Main.js:462 322.385,228.317,148.5,148.5,-0.813,0.49,-0.043,0.026,70,0,0,1,0,0,0,0,121.282,323.412,-2.256,1.076,267.192,262.729,-2.132,1.306,0,0,0,0,181.359,345.347,355.5,93,0.935,-0.076,0.05,-0.004,25,0,0,0,0,0,0,0,0,0,0,0,0,3039

Main.js:462 321.572,228.807,148.5,148.5,-0.813,0.49,-0.043,0.026,69,0,0,1,0,0,0,0,119.025,324.488,-2.256,1.076,265.06,264.036,-2.132,1.306,0,0,0,0,182.295,345.271,354,90,0.936,-0.077,0.05,-0.005,24,0,0,0,0,0,0,0,0,0,0,0,0,3055

Main.js:462 320.759,229.298,148.5,148.5,-0.813,0.491,-0.043,0.026,68,0,0,1,0,0,0,0,116.769,325.564,-2.256,1.076,262.929,265.342,-2.132,1.306,0,0,0,0,183.231,345.191,352.5,87,0.936,-0.079,0.05,-0.007,23,0,0,0,0,0,0,0,0,0,0,0,0,3072

Main.js:462 319.946,229.789,148.5,148.5,-0.813,0.491,-0.043,0.026,67,0,0,1,0,0,0,0,114.512,326.64,-2.256,1.076,260.797,266.648,-2.132,1.306,0,0,0,0,184.167,345.109,351,84,0.936,-0.083,0.049,-0.008,22,0,0,0,0,0,0,0,0,0,0,0,0,3089

Main.js:462 319.134,230.28,148.5,148.5,-0.813,0.491,-0.043,0.026,66,0,0,1,0,0,0,0,112.256,327.717,-2.256,1.076,258.665,267.954,-2.132,1.306,0,0,0,0,185.103,345.022,349.5,81,0.936,-0.087,0.049,-0.009,21,0,0,0,0,0,0,0,0,0,0,0,0,3106

Main.js:462 318.321,230.771,148.5,148.5,-0.813,0.491,-0.043,0.026,65,0,0,1,0,0,0,0,110,328.793,-2.256,1.076,256.534,269.261,-2.132,1.306,0,0,0,0,186.039,344.929,348,78,0.936,-0.093,0.049,-0.01,20,0,0,0,0,0,0,0,0,0,0,0,0,3122

Main.js:462 317.509,231.263,148.5,148.5,-0.812,0.492,-0.043,0.026,64,0,0,1,0,0,0,0,107.743,329.869,-2.256,1.076,254.402,270.567,-2.132,1.306,0,0,0,0,186.974,344.83,346.5,75,0.935,-0.099,0.049,-0.012,19,0,0,0,0,0,0,0,0,0,0,0,0,3139

Main.js:462 316.696,231.755,148.5,148.5,-0.812,0.492,-0.043,0.026,63,0,0,1,0,0,0,0,105.487,330.946,-2.256,1.076,252.271,271.873,-2.132,1.306,0,0,0,0,187.908,344.723,345,72,0.934,-0.106,0.048,-0.013,18,0,0,0,0,0,0,0,0,0,0,0,0,3154

Main.js:462 315.925,232.222,148.5,148.5,-0.772,0.467,0,0,62,0,0,0,0,0,0,0,103.23,332.022,-2.256,1.076,250.139,273.179,-2.132,1.306,0,0,0,0,188.841,344.609,343.5,69,0.933,-0.115,0.048,-0.014,17,0,0,0,0,0,0,0,0,0,0,0,0,3171

Main.js:462 315.192,232.666,148.5,148.5,-0.733,0.444,0,0,61,0,0,0,0,0,0,0,100.974,333.098,-2.256,1.076,248.007,274.486,-2.132,1.306,0,0,0,0,189.773,344.485,342,66,0.932,-0.124,0.048,-0.015,16,0,0,0,0,0,0,0,0,0,0,0,0,3188

Main.js:462 314.495,233.088,148.5,148.5,-0.696,0.422,0,0,60,0,0,0,0,0,0,0,98.717,334.174,-2.256,1.076,245.876,275.792,-2.132,1.306,0,0,0,0,190.703,344.352,340.5,63,0.93,-0.133,0.047,-0.017,15,0,0,0,0,0,0,0,0,0,0,0,0,3204

Main.js:462 313.834,233.488,148.5,148.5,-0.662,0.401,0,0,59,0,0,0,0,0,0,0,96.461,335.251,-2.256,1.076,243.744,277.098,-2.132,1.306,0,0,0,0,191.63,344.208,339,60,0.928,-0.144,0.047,-0.018,14,0,0,0,0,0,0,0,0,0,0,0,0,3222

Main.js:462 313.205,233.869,148.5,148.5,-0.629,0.381,0,0,58,0,0,0,0,0,0,0,94.204,336.327,-2.256,1.076,241.613,278.404,-2.132,1.306,0,0,0,0,192.556,344.054,337.5,57,0.925,-0.155,0.046,-0.019,13,0,0,0,0,0,0,0,0,0,0,0,0,3239

Main.js:462 312.608,234.23,147,147,-0.597,0.362,0,0,57,1,0,0,0,0,0,0,91.948,337.403,-2.256,1.076,239.481,279.711,-2.132,1.306,0,0,0,0,193.478,343.887,336,54,0.922,-0.166,0.046,-0.02,12,0,0,0,0,0,0,0,0,0,0,0,0,3254

Main.js:462 312.041,234.574,145.5,145.5,-0.567,0.343,0,0,56,1,0,0,0,0,0,0,89.691,338.479,-2.256,1.076,237.349,281.017,-2.132,1.306,0,0,0,0,194.397,343.709,334.5,51,0.919,-0.178,0.045,-0.022,11,0,0,0,0,0,0,0,0,0,0,0,0,3271

Main.js:462 311.502,234.9,144,144,-0.539,0.326,0,0,55,1,0,0,0,0,0,0,87.435,339.556,-2.256,1.076,235.218,282.323,-2.132,1.306,0,0,0,0,195.312,343.518,333,48,0.915,-0.191,0.045,-0.023,10,0,0,0,0,0,0,0,0,0,0,0,0,3289

Main.js:462 310.99,235.21,142.5,142.5,-0.512,0.31,0,0,54,1,0,0,0,0,0,0,85.178,340.632,-2.256,1.076,233.086,283.629,-2.132,1.306,0,0,0,0,196.224,343.314,331.5,45,0.911,-0.204,0.044,-0.024,9,0,0,0,0,0,0,0,0,0,0,0,0,3305

Main.js:462 310.503,235.505,141,141,-0.486,0.294,0,0,53,1,0,0,0,0,0,0,82.922,341.708,-2.256,1.076,230.955,284.936,-2.132,1.306,0,0,0,0,197.131,343.096,330,42,0.907,-0.218,0.043,-0.025,8,0,0,0,0,0,0,0,0,0,0,0,0,3322

Main.js:462 310.041,235.784,139.5,139.5,-0.462,0.28,0,0,52,1,0,0,0,0,0,0,80.666,342.785,-2.256,1.076,228.823,286.242,-2.132,1.306,0,0,0,0,198.033,342.865,328.5,39,0.902,-0.232,0.043,-0.026,7,0,0,0,0,0,0,0,0,0,0,0,0,3338

Main.js:462 309.602,236.05,138,138,-0.439,0.266,0,0,51,1,0,0,0,0,0,0,78.409,343.861,-2.256,1.076,226.691,287.548,-2.132,1.306,0,0,0,0,198.929,342.619,327,36,0.897,-0.246,0.042,-0.027,6,0,0,0,0,0,0,0,0,0,0,0,0,3354

Main.js:462 309.185,236.303,136.5,136.5,-0.417,0.252,0,0,50,1,0,0,0,0,0,0,76.153,344.937,-2.256,1.076,224.56,288.854,-2.132,1.306,0,0,0,0,199.821,342.358,325.5,33,0.891,-0.26,0.041,-0.028,5,0,0,0,0,0,0,0,0,0,0,0,0,3371

Main.js:462 308.789,236.543,135,135,-0.396,0.24,0,0,49,1,0,0,0,0,0,0,73.896,346.013,-2.256,1.076,222.428,290.161,-2.132,1.306,0,0,0,0,200.706,342.083,324,30,0.885,-0.275,0.04,-0.029,4,0,0,0,0,0,0,0,0,0,0,0,0,3388

Main.js:462 308.413,236.77,133.5,133.5,-0.376,0.228,0,0,48,1,0,0,0,0,0,0,71.64,347.09,-2.256,1.076,220.297,291.467,-2.132,1.306,0,0,0,0,201.584,341.792,322.5,27,0.878,-0.291,0.04,-0.03,3,0,0,0,0,0,0,0,0,0,0,0,0,3404

Main.js:462 308.055,236.987,132,132,-0.358,0.216,0,0,47,1,0,0,0,0,0,0,69.383,348.166,-2.256,1.076,218.165,292.773,-2.132,1.306,0,0,0,0,202.456,341.486,321,24,0.871,-0.306,0.039,-0.031,2,0,0,0,0,0,0,0,0,0,0,0,0,3421

Main.js:462 307.716,237.193,130.5,130.5,-0.34,0.206,0,0,46,1,0,0,0,0,0,0,67.127,349.242,-2.256,1.076,216.033,294.079,-2.132,1.306,0,0,0,0,203.32,341.165,319.5,21,0.864,-0.321,0.038,-0.032,1,0,0,0,0,0,0,0,0,0,0,0,0,3440

Main.js:462 307.393,237.388,129,129,-0.323,0.195,0,0,45,1,0,0,0,1,0,0,64.87,350.319,-2.256,1.076,213.902,295.386,-2.132,1.306,0,0,0,0,204.176,340.828,318,18,0.856,-0.337,0.037,-0.033,0,0,0,0,0,0,0,0,0,0,0,0,0,3455

Main.js:462 307.087,237.574,127.5,127.5,-0.307,0.186,0,0,44,1,0,0,0,1,0,0,62.614,351.395,-2.256,1.076,211.77,296.692,-2.132,1.306,0,0,0,0,205.023,340.475,316.5,15,0.848,-0.353,0.036,-0.034,99,0,0,0,0,0,0,0,0,0,0,0,0,3472

Main.js:462 306.795,237.75,126,126,-0.291,0.176,0,0,43,1,0,0,0,1,0,0,60.357,352.471,-2.256,1.076,209.639,297.998,-2.132,1.306,0,0,0,0,205.862,340.106,315,12,0.839,-0.369,0.035,-0.035,98,226.875,346.91,2.415,0.647,0,0,0,0,0,0,0,0,3488

Main.js:462 306.519,237.917,124.5,124.5,-0.277,0.168,0,0,42,1,0,0,0,1,0,0,58.101,353.547,-2.256,1.076,207.507,299.304,-2.132,1.306,0,0,0,0,206.692,339.721,313.5,9,0.83,-0.385,0.034,-0.036,97,229.29,347.557,2.415,0.647,0,0,0,0,0,0,0,0,3503

Main.js:462 306.256,238.077,123,123,-0.263,0.159,0,0,41,1,0,0,0,1,0,0,55.844,354.624,-2.256,1.076,205.375,300.611,-2.132,1.306,0,0,0,0,207.512,339.32,312,6,0.82,-0.401,0.033,-0.037,96,231.704,348.204,2.415,0.647,0,0,0,0,0,0,0,0,3521

Main.js:462 306.006,238.228,121.5,121.5,-0.25,0.151,0,0,40,1,0,0,0,1,0,0,53.588,355.7,-2.256,1.076,203.244,301.917,-2.132,1.306,0,0,0,0,208.322,338.903,310.5,3,0.81,-0.417,0.032,-0.038,95,234.119,348.851,2.415,0.647,0,0,0,0,0,0,0,0,3539

Main.js:462 305.769,238.371,120,120,-0.237,0.144,0,0,39,1,0,0,0,0,0,0,51.332,356.776,-2.256,1.076,201.112,303.223,-2.132,1.306,0,0,0,0,209.121,338.47,309,0,0.799,-0.433,0.031,-0.039,94,236.534,349.498,2.415,0.647,0,0,0,0,0,0,0,0,3554

Main.js:462 305.544,238.508,118.5,118.5,-0.225,0.136,0,0,38,1,0,0,0,0,0,0,49.075,357.852,-2.256,1.076,198.981,304.529,-2.132,1.306,0,0,0,0,209.909,338.02,307.5,-3,0.788,-0.449,0.03,-0.04,93,238.949,350.145,2.415,0.647,0,0,0,0,0,0,0,0,3572

Main.js:462 305.33,238.637,117,117,-0.214,0.13,0,0,37,1,0,0,0,0,0,0,46.819,358.929,-2.256,1.076,196.849,305.836,-2.132,1.306,0,0,0,0,210.686,337.555,306,-6,0.777,-0.465,0.029,-0.04,92,241.364,350.792,2.415,0.647,0,0,0,0,0,0,0,0,3588

Main.js:462 305.126,238.761,115.5,115.5,-0.203,0.123,0,0,36,1,0,0,0,0,0,0,44.562,360.005,-2.256,1.076,194.717,307.142,-2.132,1.306,0,0,0,0,211.451,337.074,304.5,-9,0.765,-0.481,0.028,-0.041,91,243.779,351.439,2.415,0.647,0,0,0,0,0,0,0,0,3606

Main.js:462 304.933,238.878,115.5,115.5,-0.193,0.117,0,0,35,0,0,0,0,0,0,0,42.306,361.081,-2.256,1.076,192.586,308.448,-2.132,1.306,0,0,0,0,212.203,336.578,303,-12,0.752,-0.497,0.027,-0.042,90,246.193,352.086,2.415,0.647,0,0,0,0,0,0,0,0,3622

Main.js:462 304.75,238.989,115.5,115.5,-0.184,0.111,0,0,34,0,0,0,0,1,0,0,40.049,362.158,-2.256,1.076,190.454,309.754,-2.132,1.306,0,0,0,0,212.943,336.065,301.5,-15,0.74,-0.512,0.026,-0.043,89,248.608,352.733,2.415,0.647,0,0,0,0,0,0,0,0,3640

Main.js:462 304.575,239.094,115.5,115.5,-0.174,0.106,0,0,33,0,0,0,0,1,0,0,37.793,363.234,-2.256,1.076,188.323,311.061,-2.132,1.306,0,0,0,0,213.669,335.537,300,-18,0.726,-0.528,0.025,-0.043,88,251.023,353.38,2.415,0.647,0,0,0,0,0,0,0,0,3656

Main.js:462 304.41,239.194,115.5,115.5,-0.166,0.1,0,0,32,0,0,0,0,1,0,0,35.536,364.31,-2.256,1.076,186.191,312.367,-2.132,1.306,0,0,0,0,214.382,334.994,298.5,-21,0.713,-0.543,0.024,-0.044,87,253.438,354.028,2.415,0.647,0,0,0,0,0,0,0,0,3671

Main.js:462 304.252,239.29,115.5,115.5,-0.157,0.095,0,0,31,0,0,0,0,1,0,0,33.28,365.386,-2.256,1.076,184.059,313.673,-2.132,1.306,0,0,0,0,215.08,334.435,297,-24,0.699,-0.558,0.023,-0.045,86,255.853,354.675,2.415,0.647,0,0,0,0,0,0,0,0,3688

Main.js:462 304.103,239.38,115.5,115.5,-0.149,0.091,0,0,30,0,0,0,0,1,0,0,31.023,366.463,-2.256,1.076,181.928,314.979,-2.132,1.306,0,0,0,0,215.765,333.862,295.5,-27,0.684,-0.573,0.022,-0.045,85,258.267,355.322,2.415,0.647,0,0,0,0,0,0,0,0,3706

Main.js:462 303.961,239.466,115.5,115.5,-0.142,0.086,0,0,29,0,0,0,0,0,0,0,28.767,367.539,-2.256,1.076,179.796,316.286,-2.132,1.306,0,0,0,0,216.434,333.274,294,-30,0.669,-0.588,0.02,-0.046,84,260.682,355.969,2.415,0.647,0,0,0,0,0,0,0,0,3722

Main.js:462 303.826,239.548,115.5,115.5,-0.135,0.082,0,0,28,0,0,0,0,0,0,0,26.51,368.615,-2.256,1.076,177.665,317.592,-2.132,1.306,0,0,0,0,217.088,332.671,292.5,-33,0.654,-0.603,0.019,-0.046,83,263.097,356.616,2.415,0.647,0,0,0,0,0,0,0,0,3737

Main.js:462 303.698,239.626,115.5,115.5,-0.128,0.078,0,0,27,0,0,0,0,0,0,0,24.254,369.692,-2.256,1.076,175.533,318.898,-2.132,1.306,0,0,0,0,217.726,332.054,291,-36,0.638,-0.617,0.018,-0.047,82,265.512,357.263,2.415,0.647,0,0,0,0,0,0,0,0,3755

Main.js:462 303.576,239.699,115.5,115.5,-0.122,0.074,0,0,26,0,0,0,0,0,0,0,21.997,370.768,-2.256,1.076,173.401,320.204,-2.132,1.306,0,0,0,0,218.348,331.423,289.5,-39,0.622,-0.631,0.017,-0.047,81,267.927,357.91,2.415,0.647,0,0,0,0,0,0,0,0,3771

Main.js:462 303.46,239.769,115.5,115.5,-0.116,0.07,0,0,25,0,0,0,0,0,0,0,19.741,371.844,-2.256,1.076,171.27,321.511,-2.132,1.306,0,0,0,0,218.954,330.779,288,-42,0.606,-0.644,0.015,-0.048,80,270.342,358.557,2.415,0.647,0,0,0,0,0,0,0,0,3788

Main.js:462 303.35,239.836,115.5,115.5,-0.11,0.067,0,0,24,0,0,0,0,0,0,0,17.485,372.92,-2.256,1.076,169.138,322.817,-2.132,1.306,0,0,0,0,219.543,330.121,286.5,-45,0.589,-0.658,0.014,-0.048,79,272.756,359.204,2.415,0.647,0,0,0,0,0,0,0,0,3804

Main.js:462 303.246,239.899,115.5,115.5,-0.104,0.063,0,0,23,0,0,0,0,1,0,0,15.228,373.997,-2.256,1.076,167.007,324.123,-2.132,1.306,0,0,0,0,220.115,329.451,285,-48,0.572,-0.671,0.013,-0.048,78,275.171,359.851,2.415,0.647,0,0,0,0,0,0,0,0,3821

Main.js:462 303.147,239.959,115.5,115.5,-0.099,0.06,0,0,22,0,0,0,0,1,0,0,12.972,375.073,-2.256,1.076,164.875,325.429,-2.132,1.306,0,0,0,0,220.669,328.767,283.5,-51,0.554,-0.683,0.012,-0.049,77,277.586,360.498,2.415,0.647,0,0,0,0,0,0,0,0,3837

Main.js:462 303.053,240.016,115.5,115.5,-0.094,0.057,0,0,21,0,0,0,0,1,0,0,10.715,376.149,-2.256,1.076,162.743,326.735,-2.132,1.306,0,0,0,0,221.206,328.071,282,-54,0.537,-0.696,0.01,-0.049,76,280.001,361.145,2.415,0.647,0,0,0,0,0,0,0,0,3854

Main.js:462 302.963,240.07,115.5,115.5,-0.09,0.054,0,0,20,0,0,0,0,1,0,0,8.459,377.225,-2.256,1.076,160.612,328.042,-2.132,1.306,0,0,0,0,221.724,327.364,280.5,-57,0.518,-0.708,0.009,-0.049,75,282.416,361.792,2.415,0.647,0,0,0,0,0,0,0,0,3872

Main.js:462 302.878,240.122,115.5,115.5,-0.085,0.051,0,0,19,0,0,0,0,1,0,0,6.202,378.302,-2.256,1.076,158.48,329.348,-2.132,1.306,0,0,0,0,222.224,326.645,279,-60,0.5,-0.719,0.008,-0.049,74,284.83,362.439,2.415,0.647,0,0,0,0,0,0,0,0,3889

Main.js:462 302.797,240.171,115.5,115.5,-0.081,0.049,0,0,18,0,0,0,0,0,0,0,3.946,379.378,-2.256,1.076,156.349,330.654,-2.132,1.306,0,0,0,0,222.705,325.915,277.5,-63,0.481,-0.73,0.007,-0.05,73,287.245,363.086,2.415,0.647,0,0,0,0,0,0,0,0,3904

Main.js:462 302.721,240.217,115.5,115.5,-0.077,0.046,0,0,17,0,0,0,0,0,0,0,1.689,380.454,-2.256,1.076,154.217,331.96,-2.132,1.306,0,0,0,0,223.167,325.174,276,-66,0.462,-0.741,0.005,-0.05,72,289.66,363.733,2.415,0.647,0,0,0,0,0,0,0,0,3922

Main.js:462 302.648,240.261,115.5,115.5,-0.073,0.044,0,0,16,0,0,0,0,0,0,0,154.217,331.96,-2.132,1.306,0,0,0,0,0,0,0,0,223.61,324.422,274.5,-69,0.443,-0.751,0.004,-0.05,71,292.075,364.38,2.415,0.647,0,0,0,0,0,0,0,0,3938

Main.js:462 302.579,240.303,115.5,115.5,-0.069,0.042,0,0,15,0,0,0,0,0,0,0,152.085,333.267,-2.132,1.306,0,0,0,0,0,0,0,0,224.033,323.661,273,-72,0.423,-0.761,0.003,-0.05,70,294.49,365.027,2.415,0.647,0,0,0,0,0,0,0,0,3955

Main.js:462 302.513,240.343,115.5,115.5,-0.066,0.04,0,0,14,0,0,0,0,0,0,0,149.954,334.573,-2.132,1.306,0,0,0,0,0,0,0,0,224.436,322.89,271.5,-75,0.403,-0.771,0.001,-0.05,69,296.904,365.674,2.415,0.647,0,0,0,0,0,0,0,0,3971

Main.js:462 302.45,240.381,115.5,115.5,-0.063,0.038,0,0,13,0,0,0,0,0,0,0,147.822,335.879,-2.132,1.306,0,0,0,0,0,0,0,0,224.819,322.111,270,-78,0.383,-0.78,0,-0.05,68,299.319,366.321,2.415,0.647,0,0,0,0,0,0,0,0,3988

Main.js:462 302.391,240.417,117,117,-0.059,0.036,0,0,12,0,1,0,0,0,0,0,145.691,337.185,-2.132,1.306,0,0,0,0,0,0,0,0,225.181,321.323,268.5,-81,0.363,-0.788,-0.001,-0.05,67,301.734,366.968,2.415,0.647,0,0,0,0,0,0,0,0,4005

Main.js:462 302.334,240.451,118.5,118.5,-0.056,0.034,0,0,11,0,1,0,0,0,0,0,143.559,338.492,-2.132,1.306,0,0,0,0,0,0,0,0,225.526,320.527,270,-81,0.344,-0.796,0,-0.05,66,304.149,367.616,2.415,0.647,0,0,0,0,0,0,0,0,4021

Main.js:462 302.281,240.484,120,120,-0.054,0.032,0,0,10,0,1,0,0,0,0,0,141.427,339.798,-2.132,1.306,0,0,0,0,0,0,0,0,225.854,319.723,271.5,-81,0.328,-0.804,0.001,-0.05,65,306.564,368.263,2.415,0.647,0,0,0,0,0,0,0,0,4039

Main.js:462 302.23,240.514,121.5,121.5,-0.051,0.031,0,0,9,0,1,0,0,0,0,0,139.296,341.104,-2.132,1.306,0,0,0,0,0,0,0,0,226.168,318.912,273,-81,0.314,-0.811,0.003,-0.05,64,308.979,368.91,2.415,0.647,0,0,0,0,0,0,0,0,4057

Main.js:462 302.182,240.544,123,123,-0.048,0.029,0,0,8,0,1,0,0,0,0,0,137.164,342.41,-2.132,1.306,0,0,0,0,0,0,0,0,226.471,318.094,274.5,-81,0.302,-0.818,0.004,-0.05,63,311.393,369.557,2.415,0.647,0,0,0,0,0,0,0,0,4088

Main.js:462 302.136,240.571,124.5,124.5,-0.046,0.028,0,0,7,0,1,0,0,0,0,0,135.033,343.717,-2.132,1.306,0,0,0,0,0,0,0,0,226.763,317.27,276,-81,0.292,-0.824,0.005,-0.05,62,313.808,370.204,2.415,0.647,0,0,0,0,0,0,0,0,4104

Main.js:462 302.092,240.598,126,126,-0.044,0.026,0,0,6,0,1,0,0,1,0,0,132.901,345.023,-2.132,1.306,0,0,0,0,0,0,0,0,227.047,316.44,277.5,-81,0.284,-0.83,0.007,-0.05,61,316.223,370.851,2.415,0.647,0,0,0,0,0,0,0,0,4122

Main.js:462 302.051,240.623,127.5,127.5,-0.041,0.025,0,0,5,0,1,0,0,1,0,0,130.769,346.329,-2.132,1.306,0,0,0,0,0,0,0,0,227.324,315.604,279,-81,0.277,-0.836,0.008,-0.049,60,318.638,371.498,2.415,0.647,0,0,0,0,0,0,0,0,4138

Main.js:462 302.011,240.647,129,129,-0.039,0.024,0,0,4,0,1,0,0,1,0,0,128.638,347.635,-2.132,1.306,0,0,0,0,0,0,0,0,227.596,314.764,280.5,-81,0.272,-0.84,0.009,-0.049,59,321.053,372.145,2.415,0.647,0,0,0,0,0,0,0,0,4155

Main.js:462 301.974,240.67,130.5,130.5,-0.037,0.023,0,0,3,0,1,0,0,1,0,0,126.506,348.942,-2.132,1.306,0,0,0,0,0,0,0,0,227.864,313.919,282,-81,0.268,-0.845,0.01,-0.049,58,323.467,372.792,2.415,0.647,0,0,0,0,0,0,0,0,4172

Main.js:462 301.938,240.691,132,132,-0.036,0.022,0,0,2,0,1,0,0,1,0,0,124.375,350.248,-2.132,1.306,0,0,0,0,0,0,0,0,228.13,313.07,283.5,-81,0.266,-0.849,0.012,-0.049,57,325.882,373.439,2.415,0.647,0,0,0,0,0,0,0,0,4188

Main.js:462 301.904,240.712,133.5,133.5,-0.034,0.02,0,0,1,0,1,0,0,1,0,0,122.243,351.554,-2.132,1.306,0,0,0,0,0,0,0,0,228.395,312.218,285,-81,0.265,-0.852,0.013,-0.048,56,328.297,374.086,2.415,0.647,0,0,0,0,0,0,0,0,4205

Main.js:462 301.872,240.731,135,135,-0.032,0.019,0,0,0,0,1,0,0,1,0,0,120.111,352.86,-2.132,1.306,0,0,0,0,0,0,0,0,228.66,311.362,286.5,-81,0.265,-0.855,0.014,-0.048,55,330.712,374.733,2.415,0.647,0,0,0,0,0,0,0,0,4221

Main.js:462 301.842,240.749,135,135,-0.03,0.018,0,0,0,0,0,0,0,0,0,0,117.98,354.167,-2.132,1.306,0,0,0,0,0,0,0,0,228.927,310.505,288,-81,0.267,-0.858,0.015,-0.048,54,333.127,375.38,2.415,0.647,0,0,0,0,0,0,0,0,4238

Main.js:462 301.813,240.767,135,135,-0.029,0.018,0,0,0,0,0,0,0,0,0,0,115.848,355.473,-2.132,1.306,0,0,0,0,0,0,0,0,229.196,309.645,289.5,-81,0.269,-0.86,0.017,-0.047,53,335.541,376.027,2.415,0.647,0,0,0,0,0,0,0,0,4287

Main.js:462 301.785,240.784,135,135,-0.028,0.017,0,0,0,0,0,0,0,0,0,0,113.717,356.779,-2.132,1.306,0,0,0,0,0,0,0,0,229.469,308.784,291,-81,0.273,-0.861,0.018,-0.047,52,337.956,376.674,2.415,0.647,0,0,0,0,0,0,0,0,4308

Main.js:462 301.759,240.799,135,135,-0.026,0.016,0,0,99,0,0,0,0,1,0,0,111.585,358.085,-2.132,1.306,0,0,0,0,0,0,0,0,229.746,307.923,292.5,-81,0.277,-0.862,0.019,-0.046,51,340.371,377.321,2.415,0.647,0,0,0,0,0,0,0,0,4321

Main.js:462 301.734,240.814,135,135,-0.025,0.015,0,0,98,0,0,0,0,1,0,0,109.453,359.392,-2.132,1.306,285.168,257.401,-1.768,1.768,0,0,0,0,230.029,307.061,294,-81,0.283,-0.862,0.02,-0.046,50,342.786,377.968,2.415,0.647,0,0,0,0,0,0,0,0,4338

Main.js:462 301.711,240.829,135,135,-0.024,0.014,0,0,97,0,0,0,0,1,0,0,107.322,360.698,-2.132,1.306,283.401,259.168,-1.768,1.768,0,0,0,0,230.318,306.199,295.5,-81,0.289,-0.862,0.022,-0.045,49,345.201,378.615,2.415,0.647,0,0,0,0,0,0,0,0,4354

Main.js:462 301.688,240.842,135,135,-0.022,0.014,0,0,96,0,0,0,0,1,0,0,105.19,362.004,-2.132,1.306,281.633,260.936,-1.768,1.768,0,0,0,0,230.614,305.338,297,-81,0.296,-0.861,0.023,-0.045,48,347.616,379.262,2.415,0.647,0,0,0,0,0,0,0,0,4371

Main.js:462 301.667,240.855,135,135,-0.021,0.013,0,0,95,0,0,0,0,1,0,0,103.059,363.31,-2.132,1.306,279.865,262.704,-1.768,1.768,0,0,0,0,230.918,304.478,298.5,-81,0.304,-0.86,0.024,-0.044,47,350.03,379.909,2.415,0.647,0,0,0,0,0,0,0,0,4388

Main.js:462 301.647,240.867,135,135,-0.02,0.012,0,0,94,0,0,0,0,1,0,0,100.927,364.617,-2.132,1.306,278.097,264.472,-1.768,1.768,0,0,0,0,231.23,303.62,300,-81,0.313,-0.858,0.025,-0.043,46,352.445,380.556,2.415,0.647,0,0,0,0,0,0,0,0,4404

Main.js:462 301.628,240.879,135,135,-0.019,0.012,0,0,93,0,0,0,0,1,0,0,98.795,365.923,-2.132,1.306,276.33,266.239,-1.768,1.768,0,0,0,0,231.552,302.765,301.5,-81,0.322,-0.855,0.026,-0.043,45,354.86,381.204,2.415,0.647,0,0,0,0,0,0,0,0,4422

Main.js:462 301.609,240.89,135,135,-0.018,0.011,0,0,92,0,0,0,0,0,0,0,96.664,367.229,-2.132,1.306,274.562,268.007,-1.768,1.768,0,0,0,0,231.883,301.912,303,-81,0.331,-0.853,0.027,-0.042,44,357.275,381.851,2.415,0.647,0,0,0,0,0,0,0,0,4438

Main.js:462 301.592,240.901,135,135,-0.017,0.01,0,0,91,0,0,0,0,0,0,0,94.532,368.535,-2.132,1.306,272.794,269.775,-1.768,1.768,0,0,0,0,232.225,301.063,304.5,-81,0.342,-0.849,0.028,-0.041,43,359.69,382.498,2.415,0.647,0,0,0,0,0,0,0,0,4455

Main.js:462 301.576,240.911,135,135,-0.016,0.01,0,0,90,0,0,0,0,0,0,0,92.401,369.842,-2.132,1.306,271.026,271.543,-1.768,1.768,0,0,0,0,232.578,300.218,306,-81,0.353,-0.845,0.029,-0.04,42,362.104,383.145,2.415,0.647,0,0,0,0,0,0,0,0,4472

Main.js:462 301.56,240.92,135,135,-0.016,0.009,0,0,89,0,0,0,0,0,0,0,90.269,371.148,-2.132,1.306,269.258,273.31,-1.768,1.768,0,0,0,0,232.942,299.378,307.5,-81,0.364,-0.84,0.03,-0.04,41,364.519,383.792,2.415,0.647,0,0,0,0,0,0,0,0,4489

Main.js:462 301.545,240.929,135,135,-0.015,0.009,0,0,88,0,0,0,0,1,0,0,88.137,372.454,-2.132,1.306,267.491,275.078,-1.768,1.768,0,0,0,0,233.317,298.542,309,-81,0.376,-0.835,0.031,-0.039,40,366.934,384.439,2.415,0.647,0,0,0,0,0,0,0,0,4506

Main.js:462 301.531,240.938,135,135,-0.014,0.009,0,0,87,0,0,0,0,1,0,0,86.006,373.76,-2.132,1.306,265.723,276.846,-1.768,1.768,0,0,0,0,233.704,297.712,309,-82.5,0.387,-0.831,0.031,-0.039,39,369.349,385.086,2.415,0.647,0,0,0,0,0,0,0,0,4523

Main.js:462 301.518,240.946,135,135,-0.013,0.008,0,0,86,0,0,0,0,1,0,0,83.874,375.067,-2.132,1.306,263.955,278.614,-1.768,1.768,0,0,0,0,234.101,296.886,309,-84,0.397,-0.826,0.031,-0.039,38,371.764,385.733,2.415,0.647,0,0,0,0,0,0,0,0,4537

Main.js:462 301.505,240.953,135,135,-0.013,0.008,0,0,85,0,0,0,0,1,0,0,81.743,376.373,-2.132,1.306,262.187,280.382,-1.768,1.768,0,0,0,0,234.509,296.064,309,-85.5,0.407,-0.822,0.031,-0.039,37,374.179,386.38,2.415,0.647,0,0,0,0,0,0,0,0,4555

Main.js:462 301.493,240.961,135,135,-0.012,0.007,0,0,84,0,0,0,0,1,0,0,79.611,377.679,-2.132,1.306,260.42,282.149,-1.768,1.768,0,0,0,0,234.926,295.247,309,-87,0.417,-0.817,0.031,-0.039,36,376.593,387.027,2.415,0.647,0,0,0,0,0,0,0,0,4572

Main.js:462 301.481,240.968,135,135,-0.012,0.007,0,0,83,0,0,0,0,1,0,0,77.479,378.985,-2.132,1.306,258.652,283.917,-1.768,1.768,0,0,0,0,235.351,294.434,309,-88.5,0.426,-0.813,0.031,-0.039,35,379.008,387.674,2.415,0.647,0,0,0,0,0,0,0,0,4589

Main.js:462 301.47,240.974,135,135,-0.011,0.007,0,0,82,0,0,0,0,1,0,0,75.348,380.292,-2.132,1.306,256.884,285.685,-1.768,1.768,0,0,0,0,235.786,293.624,309,-90,0.434,-0.81,0.031,-0.039,34,381.423,388.321,2.415,0.647,0,0,0,0,0,0,0,0,4605

Main.js:462 301.46,240.981,135,135,-0.01,0.006,0,0,81,0,0,0,0,0,0,0,73.216,381.598,-2.132,1.306,255.116,287.453,-1.768,1.768,0,0,0,0,236.229,292.818,309,-91.5,0.443,-0.806,0.031,-0.039,33,383.838,388.968,2.415,0.647,0,0,0,0,0,0,0,0,4622

Main.js:462 301.45,240.987,135,135,-0.01,0.006,0,0,80,0,0,0,0,0,0,0,71.085,382.904,-2.132,1.306,253.349,289.22,-1.768,1.768,0,0,0,0,236.679,292.015,309,-93,0.45,-0.803,0.031,-0.039,32,386.253,389.615,2.415,0.647,0,0,0,0,0,0,0,0,4638

Main.js:462 301.441,240.992,135,135,-0.009,0.006,0,0,79,0,0,0,0,0,0,0,68.953,384.21,-2.132,1.306,251.581,290.988,-1.768,1.768,0,0,0,0,237.137,291.216,309,-94.5,0.458,-0.799,0.031,-0.039,31,388.667,390.262,2.415,0.647,0,0,0,0,0,0,0,0,4655

Main.js:462 301.432,240.998,135,135,-0.009,0.005,0,0,78,0,0,0,0,0,0,0,68.953,384.21,-2.132,1.306,251.581,290.988,-1.768,1.768,0,0,0,0,237.602,290.419,309,-96,0.465,-0.796,0.031,-0.039,30,391.082,390.909,2.415,0.647,0,0,0,0,0,0,0,0,4672

