Main.js:143 myTank.x,myTank.y,myTank.rotation,myTank.cannonRotation,myTank.velocityX,myTank.velocityY,myTank.accelerationX,myTank.accelerationY,myTank.shootCooldown,myTank.controls.turnLeft,myTank.controls.turnRight,myTank.controls.goForward,myTank.controls.goBack,myTank.controls.shoot,myTank.controls.cannonLeft,myTank.controls.cannonRight,myBullet1.x,myBullet1.y,myBullet1.velocityX,myBullet1.velocityY,myBullet2.x,myBullet2.y,myBullet2.velocityX,myBullet2.velocityY,myBullet3.x,myBullet3.y,myBullet3.velocityX,myBullet3.velocityY,enemyTank.x,enemyTank.y,enemyTank.rotation,enemyTank.cannonRotation,enemyTank.velocityX,enemyTank.velocityY,enemyTank.accelerationX,enemyTank.accelerationY,enemyTank.shootCooldown,enemyBullet1.x,enemyBullet1.y,enemyBullet1.velocityX,enemyBullet1.velocityY,enemyBullet2.x,enemyBullet2.y,enemyBullet2.velocityX,enemyBullet2.velocityY,enemyBullet3.x,enemyBullet3.y,enemyBullet3.velocityX,enemyBullet3.velocityY,currentGameTime
Main.js:462 50,296,0,0,0,0,0,0,0,0,0,0,0,0,0,0,0,0,0,0,0,0,0,0,0,0,0,0,450,204,180,180,0,0,0,0,0,0,0,0,0,0,0,0,0,0,0,0,0,10

Main.js:462 50,296,0,0,0,0,0,0,0,0,0,0,0,0,0,0,0,0,0,0,0,0,0,0,0,0,0,0,450,204,180,180,0,0,0,0,0,0,0,0,0,0,0,0,0,0,0,0,0,27

Main.js:462 50,296,0,0,0,0,0,0,0,0,0,0,0,0,0,0,0,0,0,0,0,0,0,0,0,0,0,0,449.953,203.999,181.5,180,-0.047,-0.001,-0.05,-0.001,99,0,0,0,0,0,0,0,0,0,0,0,0,44

Main.js:462 50,296,0,0,0,0,0,0,0,0,0,0,0,0,0,0,0,0,0,0,0,0,0,0,0,0,0,0,449.86,203.995,183,180,-0.093,-0.004,-0.05,-0.003,98,426.5,204,-2.5,0,0,0,0,0,0,0,0,0,59

Main.js:462 50,296,0,0,0,0,0,0,0,0,0,0,0,0,0,0,0,0,0,0,0,0,0,0,0,0,0,0,449.725,203.988,184.5,180,-0.135,-0.007,-0.05,-0.004,97,424,204,-2.5,0,0,0,0,0,0,0,0,0,76

Main.js:462 50,296,0,0,0,0,0,0,0,0,0,0,0,0,0,0,0,0,0,0,0,0,0,0,0,0,0,0,449.549,203.976,186,180,-0.176,-0.012,-0.05,-0.005,96,421.5,204,-2.5,0,0,0,0,0,0,0,0,0,93

Main.js:462 50,296,0,0,0,0,0,0,0,0,0,0,0,0,0,0,0,0,0,0,0,0,0,0,0,0,0,0,449.335,203.959,187.5,180,-0.214,-0.017,-0.05,-0.007,95,419,204,-2.5,0,0,0,0,0,0,0,0,0,109

Main.js:462 50,296,0,0,0,0,0,0,0,0,0,0,0,0,0,0,0,0,0,0,0,0,0,0,0,0,0,0,449.085,203.935,189,180,-0.25,-0.024,-0.049,-0.008,94,416.5,204,-2.5,0,0,0,0,0,0,0,0,0,126

Main.js:462 50.048,296,0,0,0.048,0,0.05,0,0,0,0,1,0,0,0,0,0,0,0,0,0,0,0,0,0,0,0,0,448.8,203.903,190.5,180,-0.284,-0.031,-0.049,-0.009,93,414,204,-2.5,0,0,0,0,0,0,0,0,0,143

Main.js:462 50.14,296,0,0,0.093,0,0.05,0,0,0,0,1,0,0,0,0,0,0,0,0,0,0,0,0,0,0,0,0,448.483,203.863,192,180,-0.317,-0.04,-0.049,-0.01,92,411.5,204,-2.5,0,0,0,0,0,0,0,0,0,161

Main.js:462 50.276,296,0,0,0.135,0,0.05,0,0,0,0,1,0,0,0,0,0,0,0,0,0,0,0,0,0,0,0,0,448.136,203.815,193.5,180,-0.347,-0.049,-0.049,-0.012,91,409,204,-2.5,0,0,0,0,0,0,0,0,0,176

Main.js:462 50.452,296,0,0,0.176,0,0.05,0,0,0,0,1,0,0,0,0,0,0,0,0,0,0,0,0,0,0,0,0,447.761,203.756,195,180,-0.376,-0.059,-0.048,-0.013,90,406.5,204,-2.5,0,0,0,0,0,0,0,0,0,193

Main.js:462 50.667,296,0,0,0.215,0,0.05,0,0,0,0,1,0,0,0,0,0,0,0,0,0,0,0,0,0,0,0,0,447.359,203.687,196.5,180,-0.402,-0.069,-0.048,-0.014,89,404,204,-2.5,0,0,0,0,0,0,0,0,0,210

Main.js:462 50.918,296,0,0,0.252,0,0.05,0,0,0,0,1,0,0,0,0,0,0,0,0,0,0,0,0,0,0,0,0,446.931,203.606,198,180,-0.427,-0.08,-0.048,-0.015,88,401.5,204,-2.5,0,0,0,0,0,0,0,0,0,226

Main.js:462 51.205,296,0,0,0.287,0,0.05,0,0,0,0,1,0,0,0,0,0,0,0,0,0,0,0,0,0,0,0,0,446.48,203.514,199.5,180,-0.451,-0.092,-0.047,-0.017,87,399,204,-2.5,0,0,0,0,0,0,0,0,0,243

Main.js:462 51.525,296,0,0,0.32,0,0.05,0,0,0,0,1,0,0,0,0,0,0,0,0,0,0,0,0,0,0,0,0,446.008,203.409,201,180,-0.473,-0.105,-0.047,-0.018,86,396.5,204,-2.5,0,0,0,0,0,0,0,0,0,261

Main.js:462 51.876,295.999,358.5,358.5,0.351,-0.001,0.05,-0.001,0,1,0,1,0,0,0,0,0,0,0,0,0,0,0,0,0,0,0,0,445.515,203.292,202.5,180,-0.493,-0.118,-0.046,-0.019,85,394,204,-2.5,0,0,0,0,0,0,0,0,0,277

Main.js:462 52.257,295.995,357,357,0.381,-0.004,0.05,-0.003,0,1,0,1,0,0,0,0,0,0,0,0,0,0,0,0,0,0,0,0,445.003,203.16,204,180,-0.512,-0.131,-0.046,-0.02,84,391.5,204,-2.5,0,0,0,0,0,0,0,0,0,293

Main.js:462 52.667,295.988,355.5,355.5,0.409,-0.007,0.05,-0.004,0,1,0,1,0,0,0,0,0,0,0,0,0,0,0,0,0,0,0,0,444.474,203.015,205.5,180,-0.529,-0.145,-0.045,-0.022,83,389,204,-2.5,0,0,0,0,0,0,0,0,0,310

Main.js:462 53.103,295.976,354,354,0.436,-0.012,0.05,-0.005,0,1,0,1,0,0,0,0,0,0,0,0,0,0,0,0,0,0,0,0,443.93,202.856,207,180,-0.545,-0.159,-0.045,-0.023,82,386.5,204,-2.5,0,0,0,0,0,0,0,0,0,326

Main.js:462 53.564,295.959,352.5,352.5,0.461,-0.017,0.05,-0.007,0,1,0,1,0,0,0,0,0,0,0,0,0,0,0,0,0,0,0,0,443.37,202.682,208.5,180,-0.559,-0.174,-0.044,-0.024,81,384,204,-2.5,0,0,0,0,0,0,0,0,0,343

Main.js:462 54.049,295.935,351,351,0.485,-0.024,0.049,-0.008,0,1,0,1,0,0,0,0,0,0,0,0,0,0,0,0,0,0,0,0,442.798,202.493,210,180,-0.572,-0.189,-0.043,-0.025,80,381.5,204,-2.5,0,0,0,0,0,0,0,0,0,360

Main.js:462 54.557,295.903,349.5,349.5,0.508,-0.031,0.049,-0.009,0,1,0,1,0,0,0,0,0,0,0,0,0,0,0,0,0,0,0,0,442.213,202.289,211.5,180,-0.584,-0.204,-0.043,-0.026,79,379,204,-2.5,0,0,0,0,0,0,0,0,0,376

Main.js:462 55.086,295.863,348,348,0.529,-0.04,0.049,-0.01,0,1,0,1,0,0,0,0,0,0,0,0,0,0,0,0,0,0,0,0,441.618,202.069,213,180,-0.595,-0.22,-0.042,-0.027,78,376.5,204,-2.5,0,0,0,0,0,0,0,0,0,392

Main.js:462 55.635,295.815,346.5,346.5,0.549,-0.049,0.049,-0.012,0,1,0,1,0,0,0,0,0,0,0,0,0,0,0,0,0,0,0,0,441.014,201.833,214.5,180,-0.604,-0.236,-0.041,-0.028,77,374,204,-2.5,0,0,0,0,0,0,0,0,0,409

Main.js:462 56.202,295.757,346.5,346.5,0.567,-0.057,0.049,-0.012,0,0,0,1,0,0,0,0,0,0,0,0,0,0,0,0,0,0,0,0,440.402,201.581,216,180,-0.613,-0.252,-0.04,-0.029,76,371.5,204,-2.5,0,0,0,0,0,0,0,0,0,425

Main.js:462 56.787,295.691,346.5,346.5,0.585,-0.066,0.049,-0.012,99,0,0,1,0,1,0,0,0,0,0,0,0,0,0,0,0,0,0,0,439.782,201.312,217.5,180,-0.62,-0.268,-0.04,-0.03,75,369,204,-2.5,0,0,0,0,0,0,0,0,0,443

Main.js:462 57.389,295.618,346.5,346.5,0.602,-0.074,0.049,-0.012,98,0,0,1,0,1,0,0,79.053,290.271,2.431,-0.584,0,0,0,0,0,0,0,0,439.156,201.027,219,180,-0.626,-0.285,-0.039,-0.031,74,366.5,204,-2.5,0,0,0,0,0,0,0,0,0,461

Main.js:462 58.007,295.537,346.5,346.5,0.618,-0.081,0.049,-0.012,97,0,0,1,0,1,0,0,81.484,289.688,2.431,-0.584,0,0,0,0,0,0,0,0,438.526,200.726,220.5,180,-0.63,-0.301,-0.038,-0.032,73,364,204,-2.5,0,0,0,0,0,0,0,0,0,476

Main.js:462 58.641,295.449,346.5,346.5,0.633,-0.088,0.049,-0.012,96,0,0,1,0,1,0,0,83.915,289.104,2.431,-0.584,0,0,0,0,0,0,0,0,437.892,200.408,222,180,-0.634,-0.318,-0.037,-0.033,72,361.5,204,-2.5,0,0,0,0,0,0,0,0,0,493

Main.js:462 59.289,295.354,346.5,346.5,0.648,-0.095,0.049,-0.012,95,0,0,1,0,1,0,0,86.345,288.52,2.431,-0.584,0,0,0,0,0,0,0,0,437.255,200.073,223.5,180,-0.637,-0.335,-0.036,-0.034,71,359,204,-2.5,0,0,0,0,0,0,0,0,0,510

Main.js:462 59.951,295.253,346.5,346.5,0.662,-0.101,0.049,-0.012,94,0,0,1,0,0,0,0,88.776,287.937,2.431,-0.584,0,0,0,0,0,0,0,0,436.615,199.722,223.5,178.5,-0.64,-0.351,-0.036,-0.034,70,356.5,204,-2.5,0,0,0,0,0,0,0,0,0,527

Main.js:462 60.625,295.146,346.5,346.5,0.675,-0.107,0.049,-0.012,93,0,0,1,0,0,0,0,91.207,287.353,2.431,-0.584,0,0,0,0,0,0,0,0,435.973,199.356,223.5,177,-0.642,-0.366,-0.036,-0.034,69,354,204,-2.5,0,0,0,0,0,0,0,0,0,543

Main.js:462 61.313,295.034,346.5,346.5,0.687,-0.113,0.049,-0.012,92,0,0,1,0,0,0,0,93.638,286.769,2.431,-0.584,0,0,0,0,0,0,0,0,435.329,198.975,223.5,175.5,-0.644,-0.38,-0.036,-0.034,68,351.5,204,-2.5,0,0,0,0,0,0,0,0,0,560

Main.js:462 62.012,294.915,346.5,346.5,0.699,-0.118,0.049,-0.012,91,0,0,1,0,0,0,0,96.069,286.186,2.431,-0.584,0,0,0,0,0,0,0,0,434.682,198.581,223.5,174,-0.647,-0.394,-0.036,-0.034,67,349,204,-2.5,0,0,0,0,0,0,0,0,0,575

Main.js:462 62.722,294.792,346.5,346.5,0.71,-0.123,0.049,-0.012,90,0,0,1,0,0,0,0,98.5,285.602,2.431,-0.584,0,0,0,0,0,0,0,0,434.034,198.174,223.5,172.5,-0.649,-0.407,-0.036,-0.034,66,346.5,204,-2.5,0,0,0,0,0,0,0,0,0,593

Main.js:462 63.443,294.664,346.5,346.5,0.721,-0.128,0.049,-0.012,89,0,0,1,0,1,0,0,100.931,285.019,2.431,-0.584,0,0,0,0,0,0,0,0,433.383,197.754,223.5,171,-0.651,-0.419,-0.036,-0.034,65,344,204,-2.5,0,0,0,0,0,0,0,0,0,609

Main.js:462 64.174,294.531,346.5,346.5,0.731,-0.133,0.049,-0.012,88,0,0,1,0,1,0,0,103.362,284.435,2.431,-0.584,0,0,0,0,0,0,0,0,432.73,197.323,223.5,169.5,-0.653,-0.431,-0.036,-0.034,64,341.5,204,-2.5,0,0,0,0,0,0,0,0,0,627

Main.js:462 64.915,294.393,346.5,346.5,0.741,-0.137,0.049,-0.012,87,0,0,1,0,1,0,0,105.793,283.851,2.431,-0.584,0,0,0,0,0,0,0,0,432.076,196.881,223.5,168,-0.654,-0.442,-0.036,-0.034,63,339,204,-2.5,0,0,0,0,0,0,0,0,0,642

Main.js:462 65.665,294.251,346.5,346.5,0.75,-0.142,0.049,-0.012,86,0,0,1,0,1,0,0,108.224,283.268,2.431,-0.584,0,0,0,0,0,0,0,0,431.42,196.428,223.5,166.5,-0.656,-0.453,-0.036,-0.034,62,336.5,204,-2.5,0,0,0,0,0,0,0,0,0,661

Main.js:462 66.424,294.106,346.5,346.5,0.759,-0.146,0.049,-0.012,85,0,0,1,0,1,0,0,110.655,282.684,2.431,-0.584,0,0,0,0,0,0,0,0,430.762,195.965,223.5,165,-0.658,-0.463,-0.036,-0.034,61,334,204,-2.5,0,0,0,0,0,0,0,0,0,678

Main.js:462 67.191,293.956,346.5,346.5,0.767,-0.149,0.049,-0.012,84,0,0,1,0,0,0,0,113.086,282.101,2.431,-0.584,0,0,0,0,0,0,0,0,430.102,195.493,223.5,163.5,-0.659,-0.473,-0.036,-0.034,60,331.5,204,-2.5,0,0,0,0,0,0,0,0,0,693

Main.js:462 67.965,293.803,346.5,346.5,0.775,-0.153,0.049,-0.012,83,0,0,1,0,0,0,0,115.517,281.517,2.431,-0.584,0,0,0,0,0,0,0,0,429.441,195.011,223.5,162,-0.661,-0.482,-0.036,-0.034,59,329,204,-2.5,0,0,0,0,0,0,0,0,0,710

Main.js:462 68.747,293.647,346.5,346.5,0.782,-0.157,0.049,-0.012,82,0,0,1,0,0,0,0,117.947,280.933,2.431,-0.584,0,0,0,0,0,0,0,0,428.779,194.521,223.5,160.5,-0.662,-0.49,-0.036,-0.034,58,326.5,204,-2.5,0,0,0,0,0,0,0,0,0,726

Main.js:462 69.537,293.487,346.5,346.5,0.789,-0.16,0.049,-0.012,81,0,0,1,0,0,0,0,120.378,280.35,2.431,-0.584,0,0,0,0,0,0,0,0,428.115,194.022,223.5,159,-0.664,-0.498,-0.036,-0.034,57,324,204,-2.5,0,0,0,0,0,0,0,0,0,743

Main.js:462 70.333,293.324,346.5,346.5,0.796,-0.163,0.049,-0.012,80,0,0,1,0,0,0,0,122.809,279.766,2.431,-0.584,0,0,0,0,0,0,0,0,427.45,193.516,223.5,157.5,-0.665,-0.506,-0.036,-0.034,56,321.5,204,-2.5,0,0,0,0,0,0,0,0,0,760

Main.js:462 71.135,293.158,346.5,346.5,0.802,-0.166,0.049,-0.012,79,0,0,1,0,1,0,0,125.24,279.183,2.431,-0.584,0,0,0,0,0,0,0,0,426.784,193.003,223.5,156,-0.666,-0.514,-0.036,-0.034,55,319,204,-2.5,0,0,0,0,0,0,0,0,0,775

Main.js:462 71.943,292.99,346.5,346.5,0.808,-0.169,0.049,-0.012,78,0,0,1,0,1,0,0,127.671,278.599,2.431,-0.584,0,0,0,0,0,0,0,0,426.117,192.482,223.5,154.5,-0.667,-0.521,-0.036,-0.034,54,316.5,204,-2.5,0,0,0,0,0,0,0,0,0,794

Main.js:462 72.758,292.818,346.5,346.5,0.814,-0.171,0.049,-0.012,77,0,0,1,0,1,0,0,130.102,278.015,2.431,-0.584,0,0,0,0,0,0,0,0,425.449,191.955,223.5,153,-0.668,-0.527,-0.036,-0.034,53,314,204,-2.5,0,0,0,0,0,0,0,0,0,810

Main.js:462 73.577,292.645,346.5,346.5,0.82,-0.174,0.049,-0.012,76,0,0,1,0,1,0,0,132.533,277.432,2.431,-0.584,0,0,0,0,0,0,0,0,424.779,191.421,223.5,151.5,-0.669,-0.534,-0.036,-0.034,52,311.5,204,-2.5,0,0,0,0,0,0,0,0,0,826

Main.js:462 74.402,292.468,346.5,346.5,0.825,-0.176,0.049,-0.012,75,0,0,1,0,1,0,0,134.964,276.848,2.431,-0.584,0,0,0,0,0,0,0,0,424.109,190.882,223.5,150,-0.67,-0.54,-0.036,-0.034,51,309,204,-2.5,0,0,0,0,0,0,0,0,0,842

Main.js:462 75.232,292.29,346.5,346.5,0.83,-0.178,0.049,-0.012,74,0,0,1,0,1,0,0,137.395,276.264,2.431,-0.584,0,0,0,0,0,0,0,0,423.437,190.336,223.5,148.5,-0.671,-0.545,-0.036,-0.034,50,306.5,204,-2.5,0,0,0,0,0,0,0,0,0,859

Main.js:462 76.067,292.109,346.5,346.5,0.835,-0.181,0.049,-0.012,73,0,0,1,0,0,0,0,139.826,275.681,2.431,-0.584,0,0,0,0,0,0,0,0,422.765,189.786,223.5,147,-0.672,-0.551,-0.036,-0.034,49,304,204,-2.5,0,0,0,0,0,0,0,0,0,877

Main.js:462 76.906,291.926,346.5,346.5,0.839,-0.183,0.049,-0.012,72,0,0,1,0,0,0,0,142.257,275.097,2.431,-0.584,0,0,0,0,0,0,0,0,422.092,189.23,223.5,145.5,-0.673,-0.556,-0.036,-0.034,48,301.5,204,-2.5,0,0,0,0,0,0,0,0,0,893

Main.js:462 77.749,291.742,346.5,346.5,0.843,-0.185,0.049,-0.012,71,0,0,1,0,0,0,0,144.688,274.514,2.431,-0.584,0,0,0,0,0,0,0,0,421.418,188.669,223.5,144,-0.674,-0.561,-0.036,-0.034,47,299,204,-2.5,0,0,0,0,0,0,0,0,0,909

Main.js:462 78.596,291.555,346.5,346.5,0.847,-0.187,0.049,-0.012,70,0,0,1,0,0,0,0,147.119,273.93,2.431,-0.584,0,0,0,0,0,0,0,0,420.744,188.103,223.5,142.5,-0.675,-0.565,-0.036,-0.034,46,296.5,204,-2.5,0,0,0,0,0,0,0,0,0,927

Main.js:462 79.447,291.367,346.5,346.5,0.851,-0.188,0.049,-0.012,69,0,0,1,0,0,0,0,149.549,273.346,2.431,-0.584,0,0,0,0,0,0,0,0,420.068,187.534,223.5,141,-0.675,-0.57,-0.036,-0.034,45,294,204,-2.5,0,0,0,0,0,0,0,0,0,945

Main.js:462 80.302,291.177,346.5,346.5,0.855,-0.19,0.049,-0.012,68,0,0,1,0,0,0,0,151.98,272.763,2.431,-0.584,0,0,0,0,0,0,0,0,419.392,186.96,223.5,139.5,-0.676,-0.574,-0.036,-0.034,44,291.5,204,-2.5,0,0,0,0,0,0,0,0,0,962

Main.js:462 81.16,290.986,346.5,346.5,0.858,-0.192,0.049,-0.012,67,0,0,1,0,0,0,0,154.411,272.179,2.431,-0.584,0,0,0,0,0,0,0,0,418.716,186.381,223.5,138,-0.677,-0.578,-0.036,-0.034,43,289,204,-2.5,0,0,0,0,0,0,0,0,0,977

Main.js:462 82.021,290.792,346.5,346.5,0.861,-0.193,0.049,-0.012,66,0,0,1,0,0,0,0,156.842,271.596,2.431,-0.584,0,0,0,0,0,0,0,0,418.038,185.8,223.5,136.5,-0.677,-0.582,-0.036,-0.034,42,286.5,204,-2.5,0,0,0,0,0,0,0,0,0,992

Main.js:462 82.886,290.598,346.5,346.5,0.865,-0.194,0.049,-0.012,65,0,0,1,0,0,0,0,159.273,271.012,2.431,-0.584,0,0,0,0,0,0,0,0,417.36,185.214,223.5,135,-0.678,-0.585,-0.036,-0.034,41,284,204,-2.5,0,0,0,0,0,0,0,0,0,1009

Main.js:462 83.754,290.402,346.5,346.5,0.868,-0.196,0.049,-0.012,64,0,0,1,0,0,0,0,161.704,270.428,2.431,-0.584,0,0,0,0,0,0,0,0,416.681,184.626,222,132,-0.679,-0.588,-0.037,-0.033,40,281.5,204,-2.5,0,0,0,0,0,0,0,0,0,1027

Main.js:462 84.624,290.205,346.5,346.5,0.87,-0.197,0.049,-0.012,63,0,0,1,0,0,0,0,164.135,269.845,2.431,-0.584,0,0,0,0,0,0,0,0,416,184.037,220.5,129,-0.681,-0.589,-0.038,-0.032,39,279,204,-2.5,0,0,0,0,0,0,0,0,0,1045

Main.js:462 85.497,290.007,346.5,346.5,0.873,-0.198,0.049,-0.012,62,0,0,1,0,0,0,0,166.566,269.261,2.431,-0.584,0,0,0,0,0,0,0,0,415.315,183.447,219,126,-0.684,-0.59,-0.039,-0.031,38,276.5,204,-2.5,0,0,0,0,0,0,0,0,0,1060

Main.js:462 86.372,289.807,346.5,346.5,0.876,-0.2,0.049,-0.012,61,0,0,1,0,0,0,0,168.997,268.677,2.431,-0.584,0,0,0,0,0,0,0,0,414.628,182.858,217.5,123,-0.688,-0.589,-0.04,-0.03,37,274,204,-2.5,0,0,0,0,0,0,0,0,0,1077

Main.js:462 87.25,289.606,346.5,346.5,0.878,-0.201,0.049,-0.012,60,0,0,1,0,0,0,0,171.428,268.094,2.431,-0.584,0,0,0,0,0,0,0,0,413.936,182.27,216,120,-0.692,-0.588,-0.04,-0.029,36,271.5,204,-2.5,0,0,0,0,0,0,0,0,0,1093

Main.js:462 88.131,289.405,346.5,346.5,0.88,-0.202,0.049,-0.012,59,0,0,1,0,0,0,0,173.859,267.51,2.431,-0.584,0,0,0,0,0,0,0,0,413.239,181.685,214.5,117,-0.696,-0.585,-0.041,-0.028,35,269,204,-2.5,0,0,0,0,0,0,0,0,0,1110

Main.js:462 89.013,289.202,346.5,346.5,0.882,-0.203,0.049,-0.012,58,0,0,1,0,0,0,0,176.29,266.927,2.431,-0.584,0,0,0,0,0,0,0,0,412.538,181.103,213,114,-0.701,-0.582,-0.042,-0.027,34,266.5,204,-2.5,0,0,0,0,0,0,0,0,0,1126

Main.js:462 89.897,288.998,346.5,346.5,0.884,-0.204,0.049,-0.012,57,0,0,1,0,0,0,0,178.721,266.343,2.431,-0.584,0,0,0,0,0,0,0,0,411.831,180.525,211.5,111,-0.707,-0.578,-0.043,-0.026,33,264,204,-2.5,0,0,0,0,0,0,0,0,0,1142

Main.js:462 90.784,288.794,346.5,346.5,0.886,-0.205,0.049,-0.012,56,0,0,1,0,0,0,0,181.152,265.759,2.431,-0.584,0,0,0,0,0,0,0,0,411.119,179.953,210,108,-0.713,-0.572,-0.043,-0.025,32,261.5,204,-2.5,0,0,0,0,0,0,0,0,0,1159

Main.js:462 91.672,288.59,348,348,0.889,-0.204,0.049,-0.01,55,0,1,1,0,0,0,0,183.582,265.176,2.431,-0.584,0,0,0,0,0,0,0,0,410.4,179.386,208.5,105,-0.719,-0.566,-0.044,-0.024,31,259,204,-2.5,0,0,0,0,0,0,0,0,0,1178

Main.js:462 92.563,288.387,349.5,349.5,0.891,-0.203,0.049,-0.009,54,0,1,1,0,0,0,0,186.013,264.592,2.431,-0.584,0,0,0,0,0,0,0,0,409.675,178.826,207,102,-0.725,-0.56,-0.045,-0.023,30,256.5,204,-2.5,0,0,0,0,0,0,0,0,0,1194

Main.js:462 93.457,288.187,351,351,0.893,-0.2,0.049,-0.008,53,0,1,1,0,0,0,0,188.444,264.009,2.431,-0.584,0,0,0,0,0,0,0,0,408.943,178.274,205.5,99,-0.732,-0.552,-0.045,-0.022,29,254,204,-2.5,0,0,0,0,0,0,0,0,0,1211

Main.js:462 94.352,287.991,352.5,352.5,0.896,-0.196,0.05,-0.007,52,0,1,1,0,0,0,0,190.875,263.425,2.431,-0.584,0,0,0,0,0,0,0,0,408.204,177.73,204,96,-0.739,-0.544,-0.046,-0.02,28,251.5,204,-2.5,0,0,0,0,0,0,0,0,0,1228

Main.js:462 95.25,287.799,354,354,0.898,-0.191,0.05,-0.005,51,0,1,1,0,0,0,0,193.306,262.841,2.431,-0.584,0,0,0,0,0,0,0,0,407.459,177.195,202.5,93,-0.745,-0.535,-0.046,-0.019,27,249,204,-2.5,0,0,0,0,0,0,0,0,0,1242

Main.js:462 96.151,287.614,355.5,355.5,0.901,-0.185,0.05,-0.004,50,0,1,1,0,0,0,0,195.737,262.258,2.431,-0.584,0,0,0,0,0,0,0,0,406.706,176.67,201,90,-0.753,-0.525,-0.047,-0.018,26,246.5,204,-2.5,0,0,0,0,0,0,0,0,0,1261

Main.js:462 97.054,287.435,357,357,0.903,-0.179,0.05,-0.003,49,0,1,1,0,0,0,0,198.168,261.674,2.431,-0.584,0,0,0,0,0,0,0,0,405.947,176.155,199.5,87,-0.76,-0.515,-0.047,-0.017,25,244,204,-2.5,0,0,0,0,0,0,0,0,0,1277

Main.js:462 97.959,287.264,358.5,358.5,0.905,-0.171,0.05,-0.001,48,0,1,1,0,0,0,0,200.599,261.09,2.431,-0.584,0,0,0,0,0,0,0,0,405.18,175.652,198,84,-0.767,-0.504,-0.048,-0.015,24,241.5,204,-2.5,0,0,0,0,0,0,0,0,0,1293

Main.js:462 98.867,287.102,0,0,0.908,-0.162,0.05,0,47,0,1,1,0,0,0,0,203.03,260.507,2.431,-0.584,0,0,0,0,0,0,0,0,404.406,175.16,196.5,81,-0.774,-0.492,-0.048,-0.014,23,239,204,-2.5,0,0,0,0,0,0,0,0,0,1311

Main.js:462 99.776,286.949,1.5,1.5,0.91,-0.153,0.05,0.001,46,0,1,1,0,0,0,0,205.461,259.923,2.431,-0.584,0,0,0,0,0,0,0,0,403.624,174.68,195,78,-0.781,-0.48,-0.048,-0.013,22,236.5,204,-2.5,0,0,0,0,0,0,0,0,0,1326

Main.js:462 100.688,286.806,3,3,0.912,-0.143,0.05,0.003,45,0,1,1,0,0,0,0,207.892,259.34,2.431,-0.584,0,0,0,0,0,0,0,0,402.836,174.213,193.5,75,-0.788,-0.467,-0.049,-0.012,21,234,204,-2.5,0,0,0,0,0,0,0,0,0,1343

Main.js:462 101.601,286.674,4.5,4.5,0.913,-0.132,0.05,0.004,44,0,1,1,0,0,0,0,210.323,258.756,2.431,-0.584,0,0,0,0,0,0,0,0,402.041,173.76,192,72,-0.795,-0.453,-0.049,-0.01,20,231.5,204,-2.5,0,0,0,0,0,0,0,0,0,1360

Main.js:462 102.516,286.553,6,6,0.915,-0.121,0.05,0.005,43,0,1,1,0,0,0,0,212.754,258.172,2.431,-0.584,0,0,0,0,0,0,0,0,401.238,173.321,190.5,69,-0.802,-0.439,-0.049,-0.009,19,229,204,-2.5,0,0,0,0,0,0,0,0,0,1375

Main.js:462 103.433,286.444,6,6,0.916,-0.11,0.05,0.005,42,0,0,1,0,0,0,0,215.184,257.589,2.431,-0.584,0,0,0,0,0,0,0,0,400.429,172.896,189,66,-0.809,-0.425,-0.049,-0.008,18,226.5,204,-2.5,0,0,0,0,0,0,0,0,0,1392

Main.js:462 104.351,286.345,6,6,0.918,-0.099,0.05,0.005,41,0,0,1,0,0,0,0,217.615,257.005,2.431,-0.584,0,0,0,0,0,0,0,0,399.613,172.486,187.5,63,-0.816,-0.41,-0.05,-0.007,17,224,204,-2.5,0,0,0,0,0,0,0,0,0,1410

Main.js:462 105.27,286.255,6,6,0.919,-0.089,0.05,0.005,40,0,0,1,0,1,0,0,220.046,256.422,2.431,-0.584,0,0,0,0,0,0,0,0,398.791,172.092,186,60,-0.822,-0.394,-0.05,-0.005,16,221.5,204,-2.5,0,0,0,0,0,0,0,0,0,1426

Main.js:462 106.19,286.176,6,6,0.92,-0.08,0.05,0.005,39,0,0,1,0,1,0,0,222.477,255.838,2.431,-0.584,0,0,0,0,0,0,0,0,397.962,171.714,184.5,57,-0.828,-0.378,-0.05,-0.004,15,219,204,-2.5,0,0,0,0,0,0,0,0,0,1444

Main.js:462 107.112,286.105,6,6,0.922,-0.071,0.05,0.005,38,0,0,1,0,1,0,0,224.908,255.254,2.431,-0.584,0,0,0,0,0,0,0,0,397.128,171.352,183,54,-0.835,-0.362,-0.05,-0.003,14,216.5,204,-2.5,0,0,0,0,0,0,0,0,0,1460

Main.js:462 108.035,286.043,6,6,0.923,-0.062,0.05,0.005,37,0,0,1,0,0,0,0,227.339,254.671,2.431,-0.584,0,0,0,0,0,0,0,0,396.288,171.007,181.5,51,-0.84,-0.345,-0.05,-0.001,13,214,204,-2.5,0,0,0,0,0,0,0,0,0,1477

Main.js:462 108.959,285.988,6,6,0.924,-0.054,0.05,0.005,36,0,0,1,0,0,0,0,229.77,254.087,2.431,-0.584,0,0,0,0,0,0,0,0,395.442,170.679,180,48,-0.846,-0.328,-0.05,0,12,211.5,204,-2.5,0,0,0,0,0,0,0,0,0,1494

Main.js:462 109.884,285.942,6,6,0.925,-0.047,0.05,0.005,35,0,0,1,0,0,0,0,232.201,253.504,2.431,-0.584,0,0,0,0,0,0,0,0,394.591,170.369,178.5,45,-0.851,-0.31,-0.05,0.001,11,209,204,-2.5,0,0,0,0,0,0,0,0,0,1510

Main.js:462 110.81,285.903,6,6,0.926,-0.039,0.05,0.005,34,0,0,1,0,0,0,0,234.632,252.92,2.431,-0.584,0,0,0,0,0,0,0,0,393.735,170.077,177,42,-0.856,-0.292,-0.05,0.003,10,206.5,204,-2.5,0,0,0,0,0,0,0,0,0,1528

Main.js:462 111.737,285.87,6,6,0.927,-0.032,0.05,0.005,33,0,0,1,0,0,0,0,237.063,252.336,2.431,-0.584,0,0,0,0,0,0,0,0,392.875,169.803,175.5,39,-0.86,-0.274,-0.05,0.004,9,204,204,-2.5,0,0,0,0,0,0,0,0,0,1542

Main.js:462 112.665,285.845,6,6,0.928,-0.026,0.05,0.005,32,0,0,1,0,0,0,0,239.494,251.753,2.431,-0.584,0,0,0,0,0,0,0,0,392.01,169.548,174,36,-0.865,-0.255,-0.05,0.005,8,201.5,204,-2.5,0,0,0,0,0,0,0,0,0,1561

Main.js:462 113.593,285.825,6,6,0.929,-0.019,0.05,0.005,31,0,0,1,0,0,0,0,241.925,251.169,2.431,-0.584,0,0,0,0,0,0,0,0,391.142,169.312,172.5,33,-0.868,-0.236,-0.05,0.007,7,199,204,-2.5,0,0,0,0,0,0,0,0,0,1577

Main.js:462 114.523,285.812,6,6,0.929,-0.014,0.05,0.005,30,0,0,1,0,0,0,0,244.356,250.585,2.431,-0.584,0,0,0,0,0,0,0,0,390.27,169.095,171,30,-0.872,-0.217,-0.049,0.008,6,196.5,204,-2.5,0,0,0,0,0,0,0,0,0,1593

Main.js:462 115.453,285.804,6,6,0.93,-0.008,0.05,0.005,29,0,0,1,0,0,0,0,246.786,250.002,2.431,-0.584,0,0,0,0,0,0,0,0,389.395,168.897,169.5,27,-0.875,-0.197,-0.049,0.009,5,194,204,-2.5,0,0,0,0,0,0,0,0,0,1609

Main.js:462 116.384,285.801,6,6,0.931,-0.003,0.05,0.005,28,0,0,1,0,0,0,0,249.217,249.418,2.431,-0.584,0,0,0,0,0,0,0,0,388.517,168.72,168,24,-0.878,-0.178,-0.049,0.01,4,191.5,204,-2.5,0,0,0,0,0,0,0,0,0,1626

Main.js:462 117.316,285.804,6,6,0.932,0.003,0.05,0.005,27,0,0,1,0,0,0,0,251.648,248.835,2.431,-0.584,0,0,0,0,0,0,0,0,387.637,168.562,166.5,21,-0.88,-0.158,-0.049,0.012,3,189,204,-2.5,0,0,0,0,0,0,0,0,0,1643

Main.js:462 118.248,285.811,6,6,0.932,0.007,0.05,0.005,26,0,0,1,0,0,0,0,254.079,248.251,2.431,-0.584,0,0,0,0,0,0,0,0,386.755,168.424,165,18,-0.882,-0.138,-0.048,0.013,2,186.5,204,-2.5,0,0,0,0,0,0,0,0,0,1659

Main.js:462 119.181,285.822,4.5,4.5,0.933,0.011,0.05,0.004,25,1,0,1,0,0,0,0,256.51,247.667,2.431,-0.584,0,0,0,0,0,0,0,0,385.871,168.307,163.5,15,-0.883,-0.117,-0.048,0.014,1,184,204,-2.5,0,0,0,0,0,0,0,0,0,1676

Main.js:462 120.115,285.835,3,3,0.934,0.013,0.05,0.003,24,1,0,1,0,0,0,0,258.941,247.084,2.431,-0.584,0,0,0,0,0,0,0,0,384.987,168.211,162,12,-0.884,-0.097,-0.048,0.015,0,181.5,204,-2.5,0,0,0,0,0,0,0,0,0,1694

Main.js:462 121.049,285.848,1.5,1.5,0.935,0.013,0.05,0.001,23,1,0,1,0,0,0,0,261.372,246.5,2.431,-0.584,0,0,0,0,0,0,0,0,384.102,168.135,160.5,9,-0.885,-0.076,-0.047,0.017,99,179,204,-2.5,0,0,0,0,0,0,0,0,0,1735

Main.js:462 121.985,285.861,0,0,0.935,0.013,0.05,0,22,1,0,1,0,0,0,0,263.803,245.917,2.431,-0.584,0,0,0,0,0,0,0,0,383.217,168.08,159,6,-0.885,-0.055,-0.047,0.018,98,176.5,204,-2.5,0,408.198,171.887,2.469,0.391,0,0,0,0,1759

Main.js:462 122.921,285.873,0,0,0.936,0.012,0.05,0,21,0,0,1,0,0,0,0,266.234,245.333,2.431,-0.584,0,0,0,0,0,0,0,0,382.332,168.045,157.5,3,-0.885,-0.034,-0.046,0.019,97,174,204,-2.5,0,410.667,172.278,2.469,0.391,0,0,0,0,1777

Main.js:462 123.858,285.884,0,0,0.937,0.011,0.05,0,20,0,0,1,0,0,0,0,268.665,244.749,2.431,-0.584,0,0,0,0,0,0,0,0,381.448,168.032,156,0,-0.884,-0.013,-0.046,0.02,96,171.5,204,-2.5,0,413.136,172.669,2.469,0.391,0,0,0,0,1793

Main.js:462 124.795,285.895,0,0,0.937,0.011,0.05,0,19,0,0,1,0,1,0,0,271.096,244.166,2.431,-0.584,0,0,0,0,0,0,0,0,380.566,168.04,154.5,357,-0.883,0.008,-0.045,0.022,95,169,204,-2.5,0,415.605,173.06,2.469,0.391,0,0,0,0,1810

Main.js:462 125.733,285.905,0,0,0.938,0.01,0.05,0,18,0,0,1,0,1,0,0,273.527,243.582,2.431,-0.584,0,0,0,0,0,0,0,0,379.685,168.069,153,354,-0.881,0.029,-0.045,0.023,94,166.5,204,-2.5,0,418.074,173.451,2.469,0.391,0,0,0,0,1827

Main.js:462 126.672,285.915,0,0,0.939,0.01,0.05,0,17,0,0,1,0,1,0,0,275.958,242.998,2.431,-0.584,0,0,0,0,0,0,0,0,378.807,168.12,151.5,351,-0.878,0.05,-0.044,0.024,93,164,204,-2.5,0,420.544,173.842,2.469,0.391,0,0,0,0,1845

Main.js:462 127.611,285.924,0,0,0.939,0.009,0.05,0,16,0,0,1,0,1,0,0,278.388,242.415,2.431,-0.584,0,0,0,0,0,0,0,0,377.931,168.191,150,348,-0.876,0.072,-0.043,0.025,92,161.5,204,-2.5,0,423.013,174.233,2.469,0.391,0,0,0,0,1859

Main.js:462 128.551,285.933,0,0,0.94,0.009,0.05,0,15,0,0,1,0,1,0,0,280.819,241.831,2.431,-0.584,0,0,0,0,0,0,0,0,377.059,168.284,148.5,345,-0.872,0.093,-0.043,0.026,91,159,204,-2.5,0,425.482,174.625,2.469,0.391,0,0,0,0,1876

Main.js:462 129.491,285.941,0,0,0.94,0.008,0.05,0,14,0,0,1,0,1,0,0,283.25,241.248,2.431,-0.584,0,0,0,0,0,0,0,0,376.19,168.398,147,342,-0.869,0.114,-0.042,0.027,90,156.5,204,-2.5,0,427.951,175.016,2.469,0.391,0,0,0,0,1894

Main.js:462 130.432,285.949,0,0,0.941,0.008,0.05,0,13,0,0,1,0,1,0,0,285.681,240.664,2.431,-0.584,0,0,0,0,0,0,0,0,375.326,168.533,145.5,339,-0.864,0.135,-0.041,0.028,89,154,204,-2.5,0,430.421,175.407,2.469,0.391,0,0,0,0,1910

Main.js:462 131.373,285.957,0,0,0.941,0.008,0.05,0,12,0,0,1,0,0,0,0,288.112,240.08,2.431,-0.584,0,0,0,0,0,0,0,0,374.466,168.69,144,336,-0.86,0.156,-0.04,0.029,88,151.5,204,-2.5,0,432.89,175.798,2.469,0.391,0,0,0,0,1926

Main.js:462 132.315,285.964,0,0,0.942,0.007,0.05,0,11,0,0,1,0,0,0,0,290.543,239.497,2.431,-0.584,0,0,0,0,0,0,0,0,373.612,168.867,142.5,333,-0.854,0.177,-0.04,0.03,87,149,204,-2.5,0,435.359,176.189,2.469,0.391,0,0,0,0,1943

Main.js:462 133.257,285.971,0,0,0.942,0.007,0.05,0,10,0,0,1,0,0,0,0,292.974,238.913,2.431,-0.584,0,0,0,0,0,0,0,0,372.764,169.066,141,330,-0.848,0.199,-0.039,0.031,86,146.5,204,-2.5,0,437.828,176.58,2.469,0.391,0,0,0,0,1959

Main.js:462 134.2,285.977,0,0,0.943,0.006,0.05,0,9,0,0,1,0,0,0,0,295.405,238.33,2.431,-0.584,0,0,0,0,0,0,0,0,371.921,169.285,139.5,327,-0.842,0.219,-0.038,0.032,85,144,204,-2.5,0,440.297,176.971,2.469,0.391,0,0,0,0,1976

Main.js:462 135.143,285.984,0,0,0.943,0.006,0.05,0,8,0,0,1,0,0,0,0,297.836,237.746,2.431,-0.584,0,0,0,0,0,0,0,0,371.086,169.525,138,324,-0.835,0.24,-0.037,0.033,84,141.5,204,-2.5,0,442.767,177.362,2.469,0.391,0,0,0,0,1993

Main.js:462 136.086,285.989,0,0,0.943,0.006,0.05,0,7,0,0,1,0,1,0,0,300.267,237.162,2.431,-0.584,0,0,0,0,0,0,0,0,370.258,169.786,136.5,321,-0.828,0.261,-0.036,0.034,83,139,204,-2.5,0,445.236,177.753,2.469,0.391,0,0,0,0,2011

Main.js:462 137.029,285.995,0,0,0.944,0.006,0.05,0,6,0,0,1,0,1,0,0,302.698,236.579,2.431,-0.584,0,0,0,0,0,0,0,0,369.436,170.066,138,321,-0.822,0.28,-0.037,0.033,82,136.5,204,-2.5,0,447.705,178.144,2.469,0.391,0,0,0,0,2027

Main.js:462 137.973,286,0,0,0.944,0.005,0.05,0,5,0,0,1,0,1,0,0,305.129,235.995,2.431,-0.584,0,0,0,0,0,0,0,0,368.619,170.363,139.5,321,-0.817,0.297,-0.038,0.032,81,134,204,-2.5,0,450.174,178.535,2.469,0.391,0,0,0,0,2045

Main.js:462 138.917,286.005,0,0,0.944,0.005,0.05,0,4,0,0,1,0,1,0,0,307.56,235.412,2.431,-0.584,0,0,0,0,0,0,0,0,367.806,170.674,141,321,-0.813,0.312,-0.039,0.031,80,131.5,204,-2.5,0,452.644,178.926,2.469,0.391,0,0,0,0,2061

Main.js:462 139.862,286.01,0,0,0.944,0.005,0.05,0,3,0,0,1,0,1,0,0,309.991,234.828,2.431,-0.584,0,0,0,0,0,0,0,0,366.996,170.999,142.5,321,-0.81,0.325,-0.04,0.03,79,129,204,-2.5,0,455.113,179.318,2.469,0.391,0,0,0,0,2077

Main.js:462 140.807,286.015,0,0,0.945,0.005,0.05,0,2,0,0,1,0,1,0,0,312.421,234.244,2.431,-0.584,0,0,0,0,0,0,0,0,366.188,171.336,144,321,-0.808,0.337,-0.04,0.029,78,126.5,204,-2.5,0,457.582,179.709,2.469,0.391,0,0,0,0,2093

Main.js:462 141.752,286.019,0,0,0.945,0.004,0.05,0,1,0,0,1,0,0,0,0,314.852,233.661,2.431,-0.584,0,0,0,0,0,0,0,0,365.382,171.682,145.5,321,-0.807,0.347,-0.041,0.028,77,124,204,-2.5,0,460.051,180.1,2.469,0.391,0,0,0,0,2111

Main.js:462 142.697,286.023,0,0,0.945,0.004,0.05,0,0,0,0,1,0,0,0,0,317.283,233.077,2.431,-0.584,0,0,0,0,0,0,0,0,364.575,172.038,147,321,-0.806,0.355,-0.042,0.027,76,121.5,204,-2.5,0,462.52,180.491,2.469,0.391,0,0,0,0,2127

Main.js:462 143.643,286.027,0,0,0.946,0.004,0.05,0,0,0,0,1,0,0,0,0,319.714,232.493,2.431,-0.584,0,0,0,0,0,0,0,0,363.769,172.4,148.5,321,-0.806,0.362,-0.043,0.026,75,119,204,-2.5,0,464.99,180.882,2.469,0.391,0,0,0,0,2143

Main.js:462 144.588,286.031,0,0,0.946,0.004,0.05,0,0,0,0,1,0,0,0,0,322.145,231.91,2.431,-0.584,0,0,0,0,0,0,0,0,362.962,172.768,150,321,-0.807,0.368,-0.043,0.025,74,116.5,204,-2.5,0,467.459,181.273,2.469,0.391,0,0,0,0,2160

Main.js:462 145.534,286.034,0,0,0.946,0.004,0.05,0,0,0,0,1,0,0,0,0,324.576,231.326,2.431,-0.584,0,0,0,0,0,0,0,0,362.153,173.14,151.5,321,-0.809,0.372,-0.044,0.024,73,114,204,-2.5,0,469.928,181.664,2.469,0.391,0,0,0,0,2177

Main.js:462 146.48,286.037,0,0,0.946,0.003,0.05,0,0,0,0,1,0,0,0,0,327.007,230.743,2.431,-0.584,0,0,0,0,0,0,0,0,361.343,173.515,153,321,-0.81,0.375,-0.045,0.023,72,111.5,204,-2.5,0,472.397,182.055,2.469,0.391,0,0,0,0,2194

Main.js:462 147.427,286.041,0,0,0.946,0.003,0.05,0,0,0,0,1,0,0,0,0,329.438,230.159,2.431,-0.584,0,0,0,0,0,0,0,0,360.53,173.892,154.5,321,-0.813,0.377,-0.045,0.022,71,109,204,-2.5,0,474.867,182.446,2.469,0.391,0,0,0,0,2210

Main.js:462 148.373,286.044,0,0,0.947,0.003,0.05,0,0,0,0,1,0,0,0,0,331.869,229.575,2.431,-0.584,0,0,0,0,0,0,0,0,359.714,174.269,156,321,-0.816,0.377,-0.046,0.02,70,106.5,204,-2.5,0,477.336,182.837,2.469,0.391,0,0,0,0,2227

Main.js:462 149.32,286.046,0,0,0.947,0.003,0.05,0,0,0,0,1,0,0,0,0,334.3,228.992,2.431,-0.584,0,0,0,0,0,0,0,0,358.895,174.646,157.5,321,-0.819,0.377,-0.046,0.019,69,104,204,-2.5,0,479.805,183.228,2.469,0.391,0,0,0,0,2244

Main.js:462 150.267,286.049,0,0,0.947,0.003,0.05,0,0,0,0,1,0,0,0,0,336.731,228.408,2.431,-0.584,0,0,0,0,0,0,0,0,358.073,175.021,159,321,-0.822,0.375,-0.047,0.018,68,101.5,204,-2.5,0,482.274,183.619,2.469,0.391,0,0,0,0,2261

Main.js:462 151.214,286.052,0,0,0.947,0.003,0.05,0,0,0,0,1,0,0,0,0,339.162,227.825,2.431,-0.584,0,0,0,0,0,0,0,0,357.248,175.393,160.5,321,-0.826,0.372,-0.047,0.017,67,99,204,-2.5,0,484.743,184.011,2.469,0.391,0,0,0,0,2277

Main.js:462 152.161,286.054,0,0,0.947,0.002,0.05,0,0,0,0,1,0,0,0,0,341.593,227.241,2.431,-0.584,0,0,0,0,0,0,0,0,356.418,175.761,162,321,-0.83,0.368,-0.048,0.015,66,96.5,204,-2.5,0,487.213,184.402,2.469,0.391,0,0,0,0,2294

Main.js:462 153.108,286.057,0,0,0.947,0.002,0.05,0,0,0,0,1,0,0,0,0,344.023,226.657,2.431,-0.584,0,0,0,0,0,0,0,0,355.584,176.124,163.5,321,-0.834,0.363,-0.048,0.014,65,94,204,-2.5,0,489.682,184.793,2.469,0.391,0,0,0,0,2310

Main.js:462 154.056,286.059,0,0,0.947,0.002,0.05,0,0,0,0,1,0,0,0,0,346.454,226.074,2.431,-0.584,0,0,0,0,0,0,0,0,354.746,176.481,165,321,-0.838,0.357,-0.048,0.013,64,91.5,204,-2.5,0,492.151,185.184,2.469,0.391,0,0,0,0,2326

Main.js:462 155.003,286.061,0,0,0.948,0.002,0.05,0,0,0,0,1,0,0,0,0,348.885,225.49,2.431,-0.584,0,0,0,0,0,0,0,0,353.904,176.831,166.5,321,-0.842,0.35,-0.049,0.012,63,89,204,-2.5,0,494.62,185.575,2.469,0.391,0,0,0,0,2344

Main.js:462 155.951,286.062,358.5,358.5,0.948,0.001,0.05,-0.001,0,1,0,1,0,0,0,0,351.316,224.906,2.431,-0.584,0,0,0,0,0,0,0,0,353.058,177.174,168,321,-0.847,0.343,-0.049,0.01,62,86.5,204,-2.5,0,497.09,185.966,2.469,0.391,0,0,0,0,2361

Main.js:462 156.899,286.06,357,357,0.948,-0.002,0.05,-0.003,0,1,0,1,0,0,0,0,353.747,224.323,2.431,-0.584,0,0,0,0,0,0,0,0,352.207,177.509,169.5,321,-0.851,0.334,-0.049,0.009,61,84,204,-2.5,0,499.559,186.357,2.469,0.391,0,0,0,0,2376

Main.js:462 157.846,286.054,355.5,355.5,0.948,-0.005,0.05,-0.004,0,1,0,1,0,0,0,0,356.178,223.739,2.431,-0.584,0,0,0,0,0,0,0,0,351.351,177.834,171,321,-0.855,0.325,-0.049,0.008,60,81.5,204,-2.5,0,0,0,0,0,0,0,0,0,2394

Main.js:462 158.794,286.044,354,354,0.948,-0.01,0.05,-0.005,0,1,0,1,0,0,0,0,358.609,223.156,2.431,-0.584,0,0,0,0,0,0,0,0,350.492,178.149,172.5,321,-0.86,0.315,-0.05,0.007,59,79,204,-2.5,0,0,0,0,0,0,0,0,0,2411

Main.js:462 159.741,286.029,352.5,352.5,0.947,-0.016,0.05,-0.007,0,1,0,1,0,0,0,0,361.04,222.572,2.431,-0.584,0,0,0,0,0,0,0,0,349.628,178.453,174,321,-0.864,0.304,-0.05,0.005,58,76.5,204,-2.5,0,0,0,0,0,0,0,0,0,2426

Main.js:462 160.688,286.006,351,351,0.947,-0.022,0.049,-0.008,0,1,0,1,0,0,0,0,363.471,221.988,2.431,-0.584,0,0,0,0,0,0,0,0,348.76,178.746,175.5,321,-0.868,0.293,-0.05,0.004,57,74,204,-2.5,0,0,0,0,0,0,0,0,0,2443

Main.js:462 161.634,285.976,349.5,349.5,0.946,-0.03,0.049,-0.009,0,1,0,1,0,0,0,0,365.902,221.405,2.431,-0.584,0,0,0,0,0,0,0,0,347.888,179.026,177,321,-0.872,0.281,-0.05,0.003,56,71.5,204,-2.5,0,0,0,0,0,0,0,0,0,2464

Main.js:462 162.58,285.938,348,348,0.945,-0.038,0.049,-0.01,0,1,0,1,0,0,0,0,368.333,220.821,2.431,-0.584,0,0,0,0,0,0,0,0,347.012,179.294,178.5,321,-0.876,0.268,-0.05,0.001,55,69,204,-2.5,0,0,0,0,0,0,0,0,0,2477

Main.js:462 163.524,285.89,346.5,346.5,0.944,-0.048,0.049,-0.012,0,1,0,1,0,0,0,0,370.764,220.238,2.431,-0.584,0,0,0,0,0,0,0,0,346.132,179.548,180,321,-0.88,0.254,-0.05,0,54,66.5,204,-2.5,0,0,0,0,0,0,0,0,0,2492

Main.js:462 164.467,285.833,345,345,0.943,-0.057,0.048,-0.013,99,1,0,1,0,1,0,0,373.195,219.654,2.431,-0.584,0,0,0,0,0,0,0,0,345.249,179.789,181.5,321,-0.883,0.24,-0.05,-0.001,53,64,204,-2.5,0,0,0,0,0,0,0,0,0,2509

Main.js:462 165.408,285.765,343.5,343.5,0.941,-0.068,0.048,-0.014,98,1,0,1,0,1,0,0,375.625,219.07,2.431,-0.584,186.223,279.808,2.415,-0.647,0,0,0,0,344.362,180.016,181.5,319.5,-0.886,0.227,-0.05,-0.001,52,61.5,204,-2.5,0,0,0,0,0,0,0,0,0,2525

Main.js:462 166.348,285.685,342,342,0.939,-0.079,0.048,-0.015,97,1,0,1,0,1,0,0,378.056,218.487,2.431,-0.584,188.638,279.161,2.415,-0.647,0,0,0,0,343.473,180.23,181.5,318,-0.89,0.215,-0.05,-0.001,51,59,204,-2.5,0,0,0,0,0,0,0,0,0,2545

Main.js:462 167.285,285.595,342,342,0.938,-0.09,0.048,-0.015,96,0,0,1,0,1,0,0,380.487,217.903,2.431,-0.584,191.053,278.514,2.415,-0.647,0,0,0,0,342.58,180.433,181.5,316.5,-0.893,0.203,-0.05,-0.001,50,56.5,204,-2.5,0,0,0,0,0,0,0,0,0,2560

Main.js:462 168.221,285.495,342,342,0.936,-0.1,0.048,-0.015,95,0,0,1,0,1,0,0,382.918,217.319,2.431,-0.584,193.468,277.867,2.415,-0.647,0,0,0,0,341.685,180.624,181.5,315,-0.896,0.191,-0.05,-0.001,49,54,204,-2.5,0,0,0,0,0,0,0,0,0,2575

Main.js:462 169.155,285.385,342,342,0.934,-0.11,0.048,-0.015,94,0,0,1,0,1,0,0,385.349,216.736,2.431,-0.584,195.882,277.22,2.415,-0.647,0,0,0,0,340.786,180.805,181.5,313.5,-0.898,0.18,-0.05,-0.001,48,51.5,204,-2.5,0,0,0,0,0,0,0,0,0,2594

Main.js:462 170.088,285.265,340.5,340.5,0.932,-0.12,0.047,-0.017,93,1,0,1,0,1,0,0,387.78,216.152,2.431,-0.584,198.297,276.573,2.415,-0.647,0,0,0,0,339.886,180.975,181.5,312,-0.901,0.17,-0.05,-0.001,47,49,204,-2.5,0,0,0,0,0,0,0,0,0,2611

Main.js:462 170.974,285.151,339,339,0.886,-0.114,0,0,92,1,0,0,0,0,0,0,390.211,215.569,2.431,-0.584,200.712,275.926,2.415,-0.647,0,0,0,0,338.982,181.135,181.5,310.5,-0.903,0.16,-0.05,-0.001,46,46.5,204,-2.5,0,0,0,0,0,0,0,0,0,2626

Main.js:462 171.815,285.042,337.5,337.5,0.841,-0.109,0,0,91,1,0,0,0,0,0,0,392.642,214.985,2.431,-0.584,203.127,275.279,2.415,-0.647,0,0,0,0,338.077,181.286,181.5,309,-0.906,0.151,-0.05,-0.001,45,44,204,-2.5,0,0,0,0,0,0,0,0,0,2643

Main.js:462 172.614,284.939,336,336,0.799,-0.103,0,0,90,1,0,0,0,0,0,0,395.073,214.401,2.431,-0.584,205.542,274.632,2.415,-0.647,0,0,0,0,337.169,181.429,181.5,307.5,-0.908,0.142,-0.05,-0.001,44,41.5,204,-2.5,0,0,0,0,0,0,0,0,0,2660

Main.js:462 173.374,284.841,336,336,0.759,-0.098,0,0,89,0,0,0,0,0,0,0,397.504,213.818,2.431,-0.584,207.956,273.985,2.415,-0.647,0,0,0,0,336.259,181.563,181.5,306,-0.91,0.134,-0.05,-0.001,43,39,204,-2.5,0,0,0,0,0,0,0,0,0,2677

Main.js:462 174.095,284.748,336,336,0.721,-0.093,0,0,88,0,0,0,0,1,0,0,399.935,213.234,2.431,-0.584,210.371,273.338,2.415,-0.647,0,0,0,0,335.347,181.689,181.5,304.5,-0.912,0.126,-0.05,-0.001,42,36.5,204,-2.5,0,0,0,0,0,0,0,0,0,2693

Main.js:462 174.781,284.66,336,336,0.685,-0.088,0,0,87,0,0,0,0,1,0,0,402.366,212.651,2.431,-0.584,212.786,272.69,2.415,-0.647,0,0,0,0,334.434,181.807,181.5,303,-0.914,0.118,-0.05,-0.001,41,34,204,-2.5,0,0,0,0,0,0,0,0,0,2748

Main.js:462 175.432,284.576,336,336,0.651,-0.084,0,0,86,0,0,0,0,1,0,0,404.797,212.067,2.431,-0.584,215.201,272.043,2.415,-0.647,0,0,0,0,333.518,181.919,181.5,301.5,-0.916,0.111,-0.05,-0.001,40,31.5,204,-2.5,0,0,0,0,0,0,0,0,0,2777

Main.js:462 176.05,284.496,336,336,0.619,-0.08,0,0,85,0,0,0,0,1,0,0,407.228,211.483,2.431,-0.584,217.616,271.396,2.415,-0.647,0,0,0,0,332.601,182.023,181.5,300,-0.917,0.105,-0.05,-0.001,39,29,204,-2.5,0,0,0,0,0,0,0,0,0,2793

Main.js:462 176.638,284.42,336,336,0.588,-0.076,0,0,84,0,0,0,0,0,0,0,409.658,210.9,2.431,-0.584,220.031,270.749,2.415,-0.647,0,0,0,0,331.682,182.121,181.5,298.5,-0.919,0.098,-0.05,-0.001,38,26.5,204,-2.5,0,0,0,0,0,0,0,0,0,2809

Main.js:462 177.196,284.348,336,336,0.558,-0.072,0,0,83,0,0,0,0,0,0,0,412.089,210.316,2.431,-0.584,222.445,270.102,2.415,-0.647,0,0,0,0,330.762,182.213,181.5,297,-0.92,0.092,-0.05,-0.001,37,24,204,-2.5,0,0,0,0,0,0,0,0,0,2829

Main.js:462 177.727,284.28,334.5,334.5,0.53,-0.068,0,0,82,1,0,0,0,0,0,0,414.52,209.733,2.431,-0.584,224.86,269.455,2.415,-0.647,0,0,0,0,329.84,182.299,181.5,295.5,-0.922,0.086,-0.05,-0.001,36,21.5,204,-2.5,0,0,0,0,0,0,0,0,0,2842

Main.js:462 178.23,284.215,333,333,0.504,-0.065,0,0,81,1,0,0,0,0,0,0,416.951,209.149,2.431,-0.584,227.275,268.808,2.415,-0.647,0,0,0,0,328.916,182.38,181.5,294,-0.923,0.081,-0.05,-0.001,35,19,204,-2.5,0,0,0,0,0,0,0,0,0,2860

Main.js:462 178.709,284.153,331.5,331.5,0.479,-0.062,0,0,80,1,0,0,0,0,0,0,419.382,208.565,2.431,-0.584,229.69,268.161,2.415,-0.647,0,0,0,0,327.992,182.455,181.5,292.5,-0.925,0.075,-0.05,-0.001,34,16.5,204,-2.5,0,0,0,0,0,0,0,0,0,2876

Main.js:462 179.164,284.094,330,330,0.455,-0.059,0,0,79,1,0,0,0,1,0,0,421.813,207.982,2.431,-0.584,232.105,267.514,2.415,-0.647,0,0,0,0,327.066,182.525,181.5,291,-0.926,0.07,-0.05,-0.001,33,14,204,-2.5,0,0,0,0,0,0,0,0,0,2894

Main.js:462 179.596,284.039,328.5,328.5,0.432,-0.056,0,0,78,1,0,0,0,1,0,0,424.244,207.398,2.431,-0.584,234.519,266.867,2.415,-0.647,0,0,0,0,326.139,182.591,181.5,289.5,-0.927,0.065,-0.05,-0.001,32,11.5,204,-2.5,0,0,0,0,0,0,0,0,0,2911

Main.js:462 180.006,283.986,327,327,0.41,-0.053,0,0,77,1,0,0,0,1,0,0,426.675,206.814,2.431,-0.584,236.934,266.22,2.415,-0.647,0,0,0,0,325.211,182.652,181.5,288,-0.928,0.061,-0.05,-0.001,31,9,204,-2.5,0,0,0,0,0,0,0,0,0,2926

Main.js:462 180.396,283.936,325.5,325.5,0.39,-0.05,0,0,76,1,0,0,0,1,0,0,429.106,206.231,2.431,-0.584,239.349,265.573,2.415,-0.647,0,0,0,0,324.282,182.708,181.5,286.5,-0.929,0.057,-0.05,-0.001,30,6.5,204,-2.5,0,0,0,0,0,0,0,0,0,2943

Main.js:462 180.766,283.888,324,324,0.37,-0.048,0,0,75,1,0,0,0,1,0,0,431.537,205.647,2.431,-0.584,241.764,264.926,2.415,-0.647,0,0,0,0,323.351,182.761,181.5,285,-0.93,0.053,-0.05,-0.001,29,4,204,-2.5,0,0,0,0,0,0,0,0,0,2961

Main.js:462 181.118,283.842,324,324,0.352,-0.045,0,0,74,0,0,0,0,1,0,0,433.968,205.064,2.431,-0.584,244.179,264.279,2.415,-0.647,0,0,0,0,322.42,182.81,181.5,283.5,-0.931,0.049,-0.05,-0.001,28,1.5,204,-2.5,0,0,0,0,0,0,0,0,0,2976

Main.js:462 181.452,283.799,324,324,0.334,-0.043,0,0,73,0,0,0,0,0,0,0,433.968,205.064,2.431,-0.584,246.594,263.632,2.415,-0.647,0,0,0,0,321.488,182.855,181.5,282,-0.932,0.045,-0.05,-0.001,27,0,0,0,0,0,0,0,0,0,0,0,0,2994

Main.js:462 181.77,283.758,324,324,0.318,-0.041,0,0,72,0,0,0,0,0,0,0,436.399,204.48,2.431,-0.584,249.008,262.985,2.415,-0.647,0,0,0,0,320.555,182.896,181.5,280.5,-0.933,0.042,-0.05,-0.001,26,0,0,0,0,0,0,0,0,0,0,0,0,3011

Main.js:462 182.071,283.719,324,324,0.302,-0.039,0,0,71,0,0,0,0,0,0,0,438.83,203.896,2.431,-0.584,251.423,262.338,2.415,-0.647,0,0,0,0,319.621,182.936,180,277.5,-0.934,0.039,-0.05,0,25,0,0,0,0,0,0,0,0,0,0,0,0,3026

Main.js:462 182.358,283.682,324,324,0.287,-0.037,0,0,70,0,0,0,0,0,0,0,441.26,203.313,2.431,-0.584,253.838,261.691,2.415,-0.647,0,0,0,0,318.686,182.974,178.5,274.5,-0.935,0.039,-0.05,0.001,24,0,0,0,0,0,0,0,0,0,0,0,0,3043

Main.js:462 182.63,283.647,324,324,0.272,-0.035,0,0,69,0,0,0,0,0,0,0,443.691,202.729,2.431,-0.584,256.253,261.044,2.415,-0.647,0,0,0,0,317.751,183.014,177,271.5,-0.935,0.039,-0.05,0.003,23,0,0,0,0,0,0,0,0,0,0,0,0,3061

Main.js:462 182.889,283.614,324,324,0.259,-0.033,0,0,68,0,0,0,0,0,0,0,446.122,202.146,2.431,-0.584,258.668,260.397,2.415,-0.647,0,0,0,0,316.815,183.055,175.5,268.5,-0.936,0.041,-0.05,0.004,22,0,0,0,0,0,0,0,0,0,0,0,0,3078

Main.js:462 183.135,283.582,324,324,0.246,-0.032,0,0,67,0,0,0,0,1,0,0,448.553,201.562,2.431,-0.584,261.082,259.75,2.415,-0.647,0,0,0,0,315.879,183.099,174,265.5,-0.936,0.044,-0.05,0.005,21,0,0,0,0,0,0,0,0,0,0,0,0,3094

Main.js:462 183.368,283.552,324,324,0.233,-0.03,0,0,66,0,0,0,0,1,0,0,450.984,200.978,2.431,-0.584,263.497,259.102,2.415,-0.647,0,0,0,0,314.942,183.147,172.5,262.5,-0.937,0.048,-0.05,0.007,20,0,0,0,0,0,0,0,0,0,0,0,0,3110

Main.js:462 183.59,283.524,324,324,0.222,-0.029,0,0,65,0,0,0,0,1,0,0,453.415,200.395,2.431,-0.584,265.912,258.455,2.415,-0.647,0,0,0,0,314.005,183.2,171,259.5,-0.937,0.053,-0.049,0.008,19,0,0,0,0,0,0,0,0,0,0,0,0,3128

Main.js:462 183.839,283.469,324,324,0.249,-0.055,0.04,-0.029,64,0,0,1,0,1,0,0,455.846,199.811,2.431,-0.584,268.327,257.808,2.415,-0.647,0,0,0,0,313.069,183.259,169.5,256.5,-0.937,0.059,-0.049,0.009,18,0,0,0,0,0,0,0,0,0,0,0,0,3143

Main.js:462 184.114,283.388,324,324,0.275,-0.08,0.04,-0.029,63,0,0,1,0,1,0,0,458.277,199.227,2.431,-0.584,270.742,257.161,2.415,-0.647,0,0,0,0,312.132,183.325,168,253.5,-0.936,0.066,-0.049,0.01,17,0,0,0,0,0,0,0,0,0,0,0,0,3159

Main.js:462 184.414,283.284,324,324,0.3,-0.104,0.04,-0.029,62,0,0,1,0,0,0,0,460.708,198.644,2.431,-0.584,273.156,256.514,2.415,-0.647,0,0,0,0,311.197,183.398,166.5,250.5,-0.936,0.074,-0.049,0.012,16,0,0,0,0,0,0,0,0,0,0,0,0,3177

Main.js:462 184.737,283.157,324,324,0.323,-0.127,0.04,-0.029,61,0,0,1,0,0,0,0,463.139,198.06,2.431,-0.584,275.571,255.867,2.415,-0.647,0,0,0,0,310.262,183.481,165,247.5,-0.935,0.082,-0.048,0.013,15,0,0,0,0,0,0,0,0,0,0,0,0,3193

Main.js:462 185.082,283.009,324,324,0.345,-0.148,0.04,-0.029,60,0,0,1,0,0,0,0,465.57,197.477,2.431,-0.584,277.986,255.22,2.415,-0.647,0,0,0,0,309.329,183.572,163.5,244.5,-0.934,0.092,-0.048,0.014,14,0,0,0,0,0,0,0,0,0,0,0,0,3211

Main.js:462 185.449,282.84,324,324,0.367,-0.169,0.04,-0.029,59,0,0,1,0,0,0,0,468.001,196.893,2.431,-0.584,280.401,254.573,2.415,-0.647,0,0,0,0,308.397,183.674,162,241.5,-0.932,0.102,-0.048,0.015,13,0,0,0,0,0,0,0,0,0,0,0,0,3228

Main.js:462 185.835,282.651,324,324,0.387,-0.188,0.04,-0.029,58,0,0,1,0,0,0,0,470.432,196.309,2.431,-0.584,282.816,253.926,2.415,-0.647,0,0,0,0,307.466,183.787,160.5,238.5,-0.93,0.113,-0.047,0.017,12,0,0,0,0,0,0,0,0,0,0,0,0,3244

Main.js:462 186.241,282.445,324,324,0.406,-0.207,0.04,-0.029,57,0,0,1,0,0,0,0,472.862,195.726,2.431,-0.584,285.231,253.279,2.415,-0.647,0,0,0,0,306.538,183.911,159,235.5,-0.928,0.124,-0.047,0.018,11,0,0,0,0,0,0,0,0,0,0,0,0,3260

Main.js:462 186.665,282.22,324,324,0.424,-0.224,0.04,-0.029,56,0,0,1,0,0,0,0,475.293,195.142,2.431,-0.584,287.645,252.632,2.415,-0.647,0,0,0,0,305.613,184.047,157.5,232.5,-0.926,0.136,-0.046,0.019,10,0,0,0,0,0,0,0,0,0,0,0,0,3276

Main.js:462 187.106,281.979,324,324,0.441,-0.241,0.04,-0.029,55,0,0,1,0,0,0,0,477.724,194.559,2.431,-0.584,290.06,251.985,2.415,-0.647,0,0,0,0,304.69,184.195,156,229.5,-0.923,0.148,-0.046,0.02,9,0,0,0,0,0,0,0,0,0,0,0,0,3292

Main.js:462 187.564,281.722,324,324,0.458,-0.257,0.04,-0.029,54,0,0,1,0,0,0,0,480.155,193.975,2.431,-0.584,292.475,251.338,2.415,-0.647,0,0,0,0,303.771,184.357,154.5,226.5,-0.919,0.161,-0.045,0.022,8,0,0,0,0,0,0,0,0,0,0,0,0,3310

Main.js:462 188.037,281.45,324,324,0.473,-0.272,0.04,-0.029,53,0,0,1,0,0,0,0,482.586,193.391,2.431,-0.584,294.89,250.691,2.415,-0.647,0,0,0,0,302.855,184.532,153,223.5,-0.916,0.175,-0.045,0.023,7,0,0,0,0,0,0,0,0,0,0,0,0,3329

Main.js:462 188.525,281.163,324,324,0.488,-0.286,0.04,-0.029,52,0,0,1,0,0,0,0,485.017,192.808,2.431,-0.584,297.305,250.044,2.415,-0.647,0,0,0,0,301.943,184.72,151.5,220.5,-0.912,0.189,-0.044,0.024,6,0,0,0,0,0,0,0,0,0,0,0,0,3343

Main.js:462 189.027,280.863,324,324,0.502,-0.3,0.04,-0.029,51,0,0,1,0,0,0,0,487.448,192.224,2.431,-0.584,299.719,249.397,2.415,-0.647,0,0,0,0,301.036,184.924,150,217.5,-0.907,0.203,-0.043,0.025,5,0,0,0,0,0,0,0,0,0,0,0,0,3360

Main.js:462 189.542,280.55,324,324,0.515,-0.313,0.04,-0.029,50,0,0,1,0,1,0,0,489.879,191.64,2.431,-0.584,302.134,248.75,2.415,-0.647,0,0,0,0,300.134,185.141,148.5,214.5,-0.902,0.218,-0.043,0.026,4,0,0,0,0,0,0,0,0,0,0,0,0,3377

Main.js:462 190.07,280.225,324,324,0.528,-0.325,0.04,-0.029,49,0,0,1,0,1,0,0,492.31,191.057,2.431,-0.584,304.549,248.103,2.415,-0.647,0,0,0,0,299.237,185.374,147,211.5,-0.897,0.233,-0.042,0.027,3,0,0,0,0,0,0,0,0,0,0,0,0,3394

Main.js:462 190.61,279.888,324,324,0.54,-0.337,0.04,-0.029,48,0,0,1,0,1,0,0,494.741,190.473,2.431,-0.584,306.964,247.456,2.415,-0.647,0,0,0,0,298.345,185.622,145.5,208.5,-0.891,0.248,-0.041,0.028,2,0,0,0,0,0,0,0,0,0,0,0,0,3409

Main.js:462 191.161,279.54,324,324,0.551,-0.348,0.04,-0.029,47,0,0,1,0,1,0,0,497.172,189.89,2.431,-0.584,309.379,246.809,2.415,-0.647,0,0,0,0,297.46,185.886,144,205.5,-0.885,0.264,-0.04,0.029,1,0,0,0,0,0,0,0,0,0,0,0,0,3426

Main.js:462 191.723,279.182,324,324,0.562,-0.358,0.04,-0.029,46,0,0,1,0,1,0,0,499.603,189.306,2.431,-0.584,311.794,246.162,2.415,-0.647,0,0,0,0,296.581,186.165,142.5,202.5,-0.879,0.279,-0.04,0.03,0,0,0,0,0,0,0,0,0,0,0,0,0,3443

Main.js:462 192.296,278.813,324,324,0.573,-0.368,0.04,-0.029,45,0,0,1,0,0,0,0,311.794,246.162,2.415,-0.647,0,0,0,0,0,0,0,0,295.71,186.461,141,199.5,-0.872,0.295,-0.039,0.031,99,0,0,0,0,0,0,0,0,0,0,0,0,3460

Main.js:462 192.878,278.435,324,324,0.582,-0.378,0.04,-0.029,44,0,0,1,0,0,0,0,314.208,245.514,2.415,-0.647,0,0,0,0,0,0,0,0,294.845,186.772,139.5,196.5,-0.864,0.311,-0.038,0.032,98,0,0,0,0,0,0,0,0,0,0,0,0,3476

Main.js:462 193.47,278.048,324,324,0.592,-0.387,0.04,-0.029,43,0,0,1,0,0,0,0,316.623,244.867,2.415,-0.647,0,0,0,0,0,0,0,0,293.989,187.1,138,193.5,-0.856,0.328,-0.037,0.033,97,0,0,0,0,0,0,0,0,0,0,0,0,3494

Main.js:462 194.07,277.653,324,324,0.6,-0.396,0.04,-0.029,42,0,0,1,0,0,0,0,319.038,244.22,2.415,-0.647,0,0,0,0,0,0,0,0,293.141,187.443,136.5,190.5,-0.848,0.344,-0.036,0.034,96,0,0,0,0,0,0,0,0,0,0,0,0,3510

Main.js:462 194.679,277.249,324,324,0.609,-0.404,0.04,-0.029,41,0,0,1,0,0,0,0,321.453,243.573,2.415,-0.647,0,0,0,0,0,0,0,0,292.302,187.804,135,187.5,-0.839,0.36,-0.035,0.035,95,0,0,0,0,0,0,0,0,0,0,0,0,3527

Main.js:462 195.296,276.838,324,324,0.617,-0.411,0.04,-0.029,40,0,0,1,0,0,0,0,323.868,242.926,2.415,-0.647,0,0,0,0,0,0,0,0,291.472,188.18,133.5,184.5,-0.83,0.377,-0.034,0.036,94,0,0,0,0,0,0,0,0,0,0,0,0,3543

Main.js:462 195.921,276.419,324,324,0.624,-0.419,0.04,-0.029,39,0,0,1,0,0,0,0,326.282,242.279,2.415,-0.647,0,0,0,0,0,0,0,0,290.652,188.574,132,181.5,-0.82,0.393,-0.033,0.037,93,0,0,0,0,0,0,0,0,0,0,0,0,3560

Main.js:462 196.552,275.993,324,324,0.632,-0.426,0.04,-0.029,38,0,0,1,0,1,0,0,328.697,241.632,2.415,-0.647,0,0,0,0,0,0,0,0,289.842,188.983,130.5,178.5,-0.81,0.41,-0.032,0.038,92,0,0,0,0,0,0,0,0,0,0,0,0,3577

Main.js:462 197.191,275.561,324,324,0.639,-0.432,0.04,-0.029,37,0,0,1,0,1,0,0,331.112,240.985,2.415,-0.647,0,0,0,0,0,0,0,0,289.043,189.409,129,175.5,-0.799,0.426,-0.031,0.039,91,0,0,0,0,0,0,0,0,0,0,0,0,3592

Main.js:462 197.836,275.122,324,324,0.645,-0.439,0.04,-0.029,36,0,0,1,0,1,0,0,333.527,240.338,2.415,-0.647,0,0,0,0,0,0,0,0,288.254,189.852,127.5,172.5,-0.788,0.442,-0.03,0.04,90,0,0,0,0,0,0,0,0,0,0,0,0,3609

Main.js:462 198.487,274.677,324,324,0.651,-0.445,0.04,-0.029,35,0,0,1,0,1,0,0,335.942,239.691,2.415,-0.647,0,0,0,0,0,0,0,0,287.478,190.311,126,169.5,-0.777,0.459,-0.029,0.04,89,0,0,0,0,0,0,0,0,0,0,0,0,3627

Main.js:462 199.144,274.227,324,324,0.657,-0.45,0.04,-0.029,34,0,0,1,0,1,0,0,338.356,239.044,2.415,-0.647,0,0,0,0,0,0,0,0,286.713,190.786,124.5,166.5,-0.765,0.475,-0.028,0.041,88,0,0,0,0,0,0,0,0,0,0,0,0,3644

Main.js:462 199.807,273.771,324,324,0.663,-0.456,0.04,-0.029,33,0,0,1,0,0,0,0,340.771,238.397,2.415,-0.647,0,0,0,0,0,0,0,0,285.96,191.277,123,163.5,-0.753,0.491,-0.027,0.042,87,0,0,0,0,0,0,0,0,0,0,0,0,3660

Main.js:462 200.475,273.31,324,324,0.668,-0.461,0.04,-0.029,32,0,0,1,0,0,0,0,343.186,237.75,2.415,-0.647,0,0,0,0,0,0,0,0,285.221,191.784,121.5,160.5,-0.74,0.507,-0.026,0.043,86,0,0,0,0,0,0,0,0,0,0,0,0,3677

Main.js:462 201.148,272.844,324,324,0.673,-0.466,0.04,-0.029,31,0,0,1,0,0,0,0,345.601,237.103,2.415,-0.647,0,0,0,0,0,0,0,0,284.494,192.306,120,157.5,-0.726,0.523,-0.025,0.043,85,0,0,0,0,0,0,0,0,0,0,0,0,3694

Main.js:462 201.825,272.374,324,324,0.678,-0.47,0.04,-0.029,30,0,0,1,0,0,0,0,348.016,236.456,2.415,-0.647,0,0,0,0,0,0,0,0,283.781,192.845,118.5,154.5,-0.713,0.538,-0.024,0.044,84,0,0,0,0,0,0,0,0,0,0,0,0,3710

Main.js:462 202.508,271.899,324,324,0.682,-0.475,0.04,-0.029,29,0,0,1,0,0,0,0,350.431,235.809,2.415,-0.647,0,0,0,0,0,0,0,0,283.082,193.399,117,151.5,-0.699,0.554,-0.023,0.045,83,0,0,0,0,0,0,0,0,0,0,0,0,3726

Main.js:462 203.194,271.42,324,324,0.687,-0.479,0.04,-0.029,28,0,0,1,0,0,0,0,352.845,235.162,2.415,-0.647,0,0,0,0,0,0,0,0,282.398,193.968,115.5,148.5,-0.684,0.569,-0.022,0.045,82,0,0,0,0,0,0,0,0,0,0,0,0,3744

Main.js:462 203.885,270.937,324,324,0.691,-0.483,0.04,-0.029,27,0,0,1,0,0,0,0,355.26,234.515,2.415,-0.647,0,0,0,0,0,0,0,0,281.729,194.552,114,145.5,-0.669,0.584,-0.02,0.046,81,0,0,0,0,0,0,0,0,0,0,0,0,3761

Main.js:462 204.58,270.451,324,324,0.695,-0.487,0.04,-0.029,26,0,0,1,0,1,0,0,357.675,233.868,2.415,-0.647,0,0,0,0,0,0,0,0,281.075,195.15,112.5,142.5,-0.654,0.599,-0.019,0.046,80,0,0,0,0,0,0,0,0,0,0,0,0,3776

Main.js:462 205.278,269.96,324,324,0.698,-0.49,0.04,-0.029,25,0,0,1,0,1,0,0,360.09,233.221,2.415,-0.647,0,0,0,0,0,0,0,0,280.436,195.763,111,139.5,-0.638,0.613,-0.018,0.047,79,0,0,0,0,0,0,0,0,0,0,0,0,3793

Main.js:462 205.98,269.467,324,324,0.702,-0.494,0.04,-0.029,24,0,0,1,0,1,0,0,362.505,232.574,2.415,-0.647,0,0,0,0,0,0,0,0,279.814,196.39,109.5,136.5,-0.622,0.627,-0.017,0.047,78,0,0,0,0,0,0,0,0,0,0,0,0,3810

Main.js:462 206.685,268.97,324,324,0.705,-0.497,0.04,-0.029,23,0,0,1,0,1,0,0,364.919,231.926,2.415,-0.647,0,0,0,0,0,0,0,0,279.208,197.031,108,133.5,-0.606,0.641,-0.015,0.048,77,0,0,0,0,0,0,0,0,0,0,0,0,3827

Main.js:462 207.393,268.47,324,324,0.708,-0.5,0.04,-0.029,22,0,0,1,0,1,0,0,367.334,231.279,2.415,-0.647,0,0,0,0,0,0,0,0,278.619,197.686,106.5,130.5,-0.589,0.654,-0.014,0.048,76,0,0,0,0,0,0,0,0,0,0,0,0,3843

Main.js:462 208.066,267.995,324,324,0.673,-0.475,0,0,21,0,0,0,0,0,0,0,369.749,230.632,2.415,-0.647,0,0,0,0,0,0,0,0,278.047,198.353,105,127.5,-0.572,0.668,-0.013,0.048,75,0,0,0,0,0,0,0,0,0,0,0,0,3861

Main.js:462 208.705,267.543,324,324,0.639,-0.451,0,0,20,0,0,0,0,0,0,0,372.164,229.985,2.415,-0.647,0,0,0,0,0,0,0,0,277.493,199.034,103.5,124.5,-0.554,0.68,-0.012,0.049,74,0,0,0,0,0,0,0,0,0,0,0,0,3877

Main.js:462 209.313,267.115,324,324,0.607,-0.429,0,0,19,0,0,0,0,0,0,0,374.579,229.338,2.415,-0.647,0,0,0,0,0,0,0,0,276.956,199.727,102,121.5,-0.537,0.693,-0.01,0.049,73,0,0,0,0,0,0,0,0,0,0,0,0,3893

Main.js:462 209.89,266.707,324,324,0.577,-0.407,0,0,18,0,0,0,0,0,0,0,376.993,228.691,2.415,-0.647,0,0,0,0,0,0,0,0,276.438,200.432,100.5,118.5,-0.518,0.705,-0.009,0.049,72,0,0,0,0,0,0,0,0,0,0,0,0,3909

Main.js:462 210.438,266.32,324,324,0.548,-0.387,0,0,17,0,0,0,0,0,0,0,379.408,228.044,2.415,-0.647,0,0,0,0,0,0,0,0,275.938,201.148,99,115.5,-0.5,0.717,-0.008,0.049,71,0,0,0,0,0,0,0,0,0,0,0,0,3927

Main.js:462 210.958,265.953,324,324,0.521,-0.368,0,0,16,0,0,0,0,1,0,0,381.823,227.397,2.415,-0.647,0,0,0,0,0,0,0,0,275.457,201.876,97.5,112.5,-0.481,0.728,-0.007,0.05,70,0,0,0,0,0,0,0,0,0,0,0,0,3943

Main.js:462 211.453,265.604,324,324,0.495,-0.349,0,0,15,0,0,0,0,1,0,0,384.238,226.75,2.415,-0.647,0,0,0,0,0,0,0,0,274.995,202.615,96,109.5,-0.462,0.739,-0.005,0.05,69,0,0,0,0,0,0,0,0,0,0,0,0,3960

Main.js:462 211.923,265.272,324,324,0.47,-0.332,0,0,14,0,0,0,0,1,0,0,386.653,226.103,2.415,-0.647,0,0,0,0,0,0,0,0,274.552,203.364,94.5,106.5,-0.443,0.749,-0.004,0.05,68,0,0,0,0,0,0,0,0,0,0,0,0,3977

Main.js:462 212.369,264.957,324,324,0.446,-0.315,0,0,13,0,0,0,0,1,0,0,389.068,225.456,2.415,-0.647,0,0,0,0,0,0,0,0,274.129,204.123,93,103.5,-0.423,0.759,-0.003,0.05,67,0,0,0,0,0,0,0,0,0,0,0,0,3993

Main.js:462 212.793,264.657,324,324,0.424,-0.299,0,0,12,0,0,0,0,1,0,0,391.482,224.809,2.415,-0.647,0,0,0,0,0,0,0,0,273.726,204.892,91.5,100.5,-0.403,0.769,-0.001,0.05,66,0,0,0,0,0,0,0,0,0,0,0,0,4010

Main.js:462 213.196,264.373,324,324,0.403,-0.284,0,0,11,0,0,0,0,0,0,0,393.897,224.162,2.415,-0.647,0,0,0,0,0,0,0,0,273.341,205.669,93,100.5,-0.385,0.778,-0.003,0.05,65,0,0,0,0,0,0,0,0,0,0,0,0,4026

Main.js:462 213.579,264.103,324,324,0.383,-0.27,0,0,10,0,0,0,0,0,0,0,396.312,223.515,2.415,-0.647,0,0,0,0,0,0,0,0,272.971,206.455,94.5,100.5,-0.37,0.786,-0.004,0.05,64,0,0,0,0,0,0,0,0,0,0,0,0,4043

Main.js:462 213.943,263.846,324,324,0.364,-0.257,0,0,9,0,0,0,0,0,0,0,398.727,222.868,2.415,-0.647,0,0,0,0,0,0,0,0,272.614,207.25,96,100.5,-0.356,0.794,-0.005,0.05,63,0,0,0,0,0,0,0,0,0,0,0,0,4060

Main.js:462 214.288,263.602,324,324,0.345,-0.244,0,0,8,0,0,0,0,0,0,0,401.142,222.221,2.415,-0.647,0,0,0,0,0,0,0,0,272.27,208.051,97.5,100.5,-0.345,0.801,-0.007,0.05,62,0,0,0,0,0,0,0,0,0,0,0,0,4078

Main.js:462 214.616,263.371,324,324,0.328,-0.232,0,0,7,0,0,0,0,0,0,0,403.556,221.574,2.415,-0.647,0,0,0,0,0,0,0,0,271.935,208.859,99,100.5,-0.335,0.808,-0.008,0.049,61,0,0,0,0,0,0,0,0,0,0,0,0,4093

Main.js:462 214.928,263.151,324,324,0.312,-0.22,0,0,6,0,0,0,0,0,0,0,405.971,220.927,2.415,-0.647,0,0,0,0,0,0,0,0,271.608,209.674,100.5,100.5,-0.327,0.815,-0.009,0.049,60,0,0,0,0,0,0,0,0,0,0,0,0,4110

Main.js:462 215.224,262.942,324,324,0.296,-0.209,0,0,5,0,0,0,0,1,0,0,408.386,220.28,2.415,-0.647,0,0,0,0,0,0,0,0,271.287,210.494,102,100.5,-0.32,0.82,-0.01,0.049,59,0,0,0,0,0,0,0,0,0,0,0,0,4126

Main.js:462 215.505,262.743,324,324,0.281,-0.199,0,0,4,0,0,0,0,1,0,0,410.801,219.633,2.415,-0.647,0,0,0,0,0,0,0,0,270.972,211.32,103.5,100.5,-0.315,0.825,-0.012,0.049,58,0,0,0,0,0,0,0,0,0,0,0,0,4142

Main.js:462 215.773,262.554,324,324,0.267,-0.189,0,0,3,0,0,0,0,1,0,0,413.216,218.986,2.415,-0.647,0,0,0,0,0,0,0,0,270.66,212.15,105,100.5,-0.312,0.83,-0.013,0.048,57,0,0,0,0,0,0,0,0,0,0,0,0,4159

Main.js:462 216.027,262.375,324,324,0.254,-0.179,0,0,2,0,0,0,0,1,0,0,415.631,218.338,2.415,-0.647,0,0,0,0,0,0,0,0,270.35,212.984,106.5,100.5,-0.31,0.834,-0.014,0.048,56,0,0,0,0,0,0,0,0,0,0,0,0,4176

Main.js:462 216.268,262.205,324,324,0.241,-0.17,0,0,1,0,0,0,0,1,0,0,418.045,217.691,2.415,-0.647,0,0,0,0,0,0,0,0,270.041,213.821,108,100.5,-0.309,0.838,-0.015,0.048,55,0,0,0,0,0,0,0,0,0,0,0,0,4193

Main.js:462 216.497,262.043,324,324,0.229,-0.162,0,0,0,0,0,0,0,0,0,0,420.46,217.044,2.415,-0.647,0,0,0,0,0,0,0,0,269.732,214.662,109.5,100.5,-0.309,0.84,-0.017,0.047,54,0,0,0,0,0,0,0,0,0,0,0,0,4209

Main.js:462 216.715,261.889,324,324,0.218,-0.154,0,0,0,0,0,0,0,0,0,0,422.875,216.397,2.415,-0.647,0,0,0,0,0,0,0,0,269.421,215.505,111,100.5,-0.311,0.843,-0.018,0.047,53,0,0,0,0,0,0,0,0,0,0,0,0,4227

Main.js:462 216.922,261.743,324,324,0.207,-0.146,0,0,0,0,0,0,0,0,0,0,425.29,215.75,2.415,-0.647,0,0,0,0,0,0,0,0,269.107,216.349,112.5,100.5,-0.314,0.845,-0.019,0.046,52,0,0,0,0,0,0,0,0,0,0,0,0,4244

Main.js:462 217.118,261.605,324,324,0.196,-0.139,0,0,0,0,0,0,0,0,0,0,427.705,215.103,2.415,-0.647,0,0,0,0,0,0,0,0,268.79,217.195,114,100.5,-0.317,0.846,-0.02,0.046,51,0,0,0,0,0,0,0,0,0,0,0,0,4260

Main.js:462 217.305,261.473,324,324,0.187,-0.132,0,0,99,0,0,0,0,1,0,0,430.119,214.456,2.415,-0.647,0,0,0,0,0,0,0,0,268.468,218.041,115.5,100.5,-0.322,0.846,-0.022,0.045,50,0,0,0,0,0,0,0,0,0,0,0,0,4277

Main.js:462 217.482,261.348,324,324,0.177,-0.125,0,0,98,0,0,0,0,1,0,0,432.534,213.809,2.415,-0.647,236.13,247.792,2.023,-1.469,0,0,0,0,268.141,218.888,117,100.5,-0.327,0.846,-0.023,0.045,49,0,0,0,0,0,0,0,0,0,0,0,0,4295

Main.js:462 217.65,261.229,324,324,0.168,-0.119,0,0,97,0,0,0,0,1,0,0,434.949,213.162,2.415,-0.647,238.152,246.322,2.023,-1.469,0,0,0,0,267.807,219.733,118.5,100.5,-0.334,0.846,-0.024,0.044,48,0,0,0,0,0,0,0,0,0,0,0,0,4310

Main.js:462 217.811,261.116,324,324,0.16,-0.113,0,0,96,0,0,0,0,1,0,0,437.364,212.515,2.415,-0.647,240.175,244.853,2.023,-1.469,0,0,0,0,267.466,220.578,120,100.5,-0.341,0.845,-0.025,0.043,47,0,0,0,0,0,0,0,0,0,0,0,0,4327

Main.js:462 217.963,261.008,324,324,0.152,-0.107,0,0,95,0,0,0,0,1,0,0,439.779,211.868,2.415,-0.647,242.198,243.383,2.023,-1.469,0,0,0,0,267.118,221.421,121.5,100.5,-0.348,0.843,-0.026,0.043,46,0,0,0,0,0,0,0,0,0,0,0,0,4343

Main.js:462 218.107,260.906,324,324,0.144,-0.102,0,0,94,0,0,0,0,1,0,0,442.193,211.221,2.415,-0.647,244.22,241.914,2.023,-1.469,0,0,0,0,266.761,222.261,123,100.5,-0.357,0.841,-0.027,0.042,45,0,0,0,0,0,0,0,0,0,0,0,0,4359

Main.js:462 218.244,260.81,324,324,0.137,-0.097,0,0,93,0,0,0,0,0,0,0,444.608,210.574,2.415,-0.647,246.243,240.444,2.023,-1.469,0,0,0,0,266.395,223.099,124.5,100.5,-0.366,0.838,-0.028,0.041,44,0,0,0,0,0,0,0,0,0,0,0,0,4376

Main.js:462 218.375,260.718,324,324,0.13,-0.092,0,0,92,0,0,0,0,0,0,0,447.023,209.927,2.415,-0.647,248.265,238.975,2.023,-1.469,0,0,0,0,266.019,223.933,126,100.5,-0.376,0.834,-0.029,0.04,43,0,0,0,0,0,0,0,0,0,0,0,0,4394

Main.js:462 218.498,260.63,324,324,0.124,-0.087,0,0,91,0,0,0,0,0,0,0,449.438,209.28,2.415,-0.647,250.288,237.505,2.023,-1.469,0,0,0,0,265.634,224.763,127.5,100.5,-0.386,0.83,-0.03,0.04,42,0,0,0,0,0,0,0,0,0,0,0,0,4410

Main.js:462 218.616,260.547,324,324,0.118,-0.083,0,0,90,0,0,0,0,0,0,0,449.438,209.28,2.415,-0.647,250.288,237.505,2.023,-1.469,0,0,0,0,265.237,225.589,129,100.5,-0.396,0.826,-0.031,0.039,41,0,0,0,0,0,0,0,0,0,0,0,0,4426

