Main.js:143 myTank.x,myTank.y,myTank.rotation,myTank.cannonRotation,myTank.velocityX,myTank.velocityY,myTank.accelerationX,myTank.accelerationY,myTank.shootCooldown,myTank.controls.turnLeft,myTank.controls.turnRight,myTank.controls.goForward,myTank.controls.goBack,myTank.controls.shoot,myTank.controls.cannonLeft,myTank.controls.cannonRight,myBullet1.x,myBullet1.y,myBullet1.velocityX,myBullet1.velocityY,myBullet2.x,myBullet2.y,myBullet2.velocityX,myBullet2.velocityY,myBullet3.x,myBullet3.y,myBullet3.velocityX,myBullet3.velocityY,enemyTank.x,enemyTank.y,enemyTank.rotation,enemyTank.cannonRotation,enemyTank.velocityX,enemyTank.velocityY,enemyTank.accelerationX,enemyTank.accelerationY,enemyTank.shootCooldown,enemyBullet1.x,enemyBullet1.y,enemyBullet1.velocityX,enemyBullet1.velocityY,enemyBullet2.x,enemyBullet2.y,enemyBullet2.velocityX,enemyBullet2.velocityY,enemyBullet3.x,enemyBullet3.y,enemyBullet3.velocityX,enemyBullet3.velocityY,currentGameTime
Main.js:462 450,164,180,180,0,0,0,0,0,0,0,0,0,0,0,0,0,0,0,0,0,0,0,0,0,0,0,0,50,336,0,0,0,0,0,0,0,0,0,0,0,0,0,0,0,0,0,0,0,6

Main.js:462 450,164,180,180,0,0,0,0,0,0,0,0,0,0,0,0,0,0,0,0,0,0,0,0,0,0,0,0,50,336,0,0,0,0,0,0,0,0,0,0,0,0,0,0,0,0,0,0,0,35

Main.js:462 450,164,180,180,0,0,0,0,0,0,0,0,0,0,0,0,0,0,0,0,0,0,0,0,0,0,0,0,50.047,336.001,1.5,0,0.047,0.001,0.05,0.001,99,0,0,0,0,0,0,0,0,0,0,0,0,50

Main.js:462 450,164,180,180,0,0,0,0,0,0,0,0,0,0,0,0,0,0,0,0,0,0,0,0,0,0,0,0,50.14,336.005,3,0,0.093,0.004,0.05,0.003,98,73.5,336,2.5,0,0,0,0,0,0,0,0,0,67

Main.js:462 450,164,180,180,0,0,0,0,0,0,0,0,0,0,0,0,0,0,0,0,0,0,0,0,0,0,0,0,50.275,336.012,4.5,0,0.135,0.007,0.05,0.004,97,76,336,2.5,0,0,0,0,0,0,0,0,0,84

Main.js:462 450,164,180,180,0,0,0,0,0,0,0,0,0,0,0,0,0,0,0,0,0,0,0,0,0,0,0,0,50.451,336.024,6,0,0.176,0.012,0.05,0.005,96,78.5,336,2.5,0,0,0,0,0,0,0,0,0,101

Main.js:462 450,164,180,180,0,0,0,0,0,0,0,0,0,0,0,0,0,0,0,0,0,0,0,0,0,0,0,0,50.665,336.041,7.5,0,0.214,0.017,0.05,0.007,95,81,336,2.5,0,0,0,0,0,0,0,0,0,118

Main.js:462 450,164,180,180,0,0,0,0,0,0,0,0,0,0,0,0,0,0,0,0,0,0,0,0,0,0,0,0,50.915,336.065,9,0,0.25,0.024,0.049,0.008,94,83.5,336,2.5,0,0,0,0,0,0,0,0,0,135

Main.js:462 450,164,180,180,0,0,0,0,0,0,0,0,0,0,0,0,0,0,0,0,0,0,0,0,0,0,0,0,51.2,336.097,10.5,0,0.284,0.031,0.049,0.009,93,86,336,2.5,0,0,0,0,0,0,0,0,0,149

Main.js:462 450,164,180,180,0,0,0,0,0,0,0,0,0,0,0,0,0,0,0,0,0,0,0,0,0,0,0,0,51.517,336.137,12,0,0.317,0.04,0.049,0.01,92,88.5,336,2.5,0,0,0,0,0,0,0,0,0,168

Main.js:462 450,164,180,180,0,0,0,0,0,0,0,0,0,0,0,0,0,0,0,0,0,0,0,0,0,0,0,0,51.864,336.185,13.5,0,0.347,0.049,0.049,0.012,91,91,336,2.5,0,0,0,0,0,0,0,0,0,186

Main.js:462 450,164,180,180,0,0,0,0,0,0,0,0,0,0,0,0,0,0,0,0,0,0,0,0,0,0,0,0,52.239,336.244,15,0,0.376,0.059,0.048,0.013,90,93.5,336,2.5,0,0,0,0,0,0,0,0,0,201

Main.js:462 450,164,180,180,0,0,0,0,0,0,0,0,0,0,0,0,0,0,0,0,0,0,0,0,0,0,0,0,52.641,336.313,16.5,0,0.402,0.069,0.048,0.014,89,96,336,2.5,0,0,0,0,0,0,0,0,0,218

Main.js:462 449.953,164,180,180,-0.047,0,-0.05,0,0,0,0,1,0,0,0,0,0,0,0,0,0,0,0,0,0,0,0,0,53.069,336.394,18,0,0.427,0.08,0.048,0.015,88,98.5,336,2.5,0,0,0,0,0,0,0,0,0,234

Main.js:462 449.86,164,180,180,-0.093,0,-0.05,0,0,0,0,1,0,0,0,0,0,0,0,0,0,0,0,0,0,0,0,0,53.52,336.486,19.5,0,0.451,0.092,0.047,0.017,87,101,336,2.5,0,0,0,0,0,0,0,0,0,251

Main.js:462 449.724,164,180,180,-0.135,0,-0.05,0,0,0,0,1,0,0,0,0,0,0,0,0,0,0,0,0,0,0,0,0,53.992,336.591,21,0,0.473,0.105,0.047,0.018,86,103.5,336,2.5,0,0,0,0,0,0,0,0,0,268

Main.js:462 449.548,164,180,180,-0.176,0,-0.05,0,0,0,0,1,0,0,0,0,0,0,0,0,0,0,0,0,0,0,0,0,54.485,336.708,22.5,0,0.493,0.118,0.046,0.019,85,106,336,2.5,0,0,0,0,0,0,0,0,0,285

Main.js:462 449.333,164,180,180,-0.215,0,-0.05,0,0,0,0,1,0,0,0,0,0,0,0,0,0,0,0,0,0,0,0,0,54.997,336.84,24,0,0.512,0.131,0.046,0.02,84,108.5,336,2.5,0,0,0,0,0,0,0,0,0,300

Main.js:462 449.082,164,180,180,-0.252,0,-0.05,0,0,0,0,1,0,0,0,0,0,0,0,0,0,0,0,0,0,0,0,0,55.526,336.985,25.5,0,0.529,0.145,0.045,0.022,83,111,336,2.5,0,0,0,0,0,0,0,0,0,317

Main.js:462 448.795,164,180,180,-0.287,0,-0.05,0,0,0,0,1,0,0,0,0,0,0,0,0,0,0,0,0,0,0,0,0,56.07,337.144,27,0,0.545,0.159,0.045,0.023,82,113.5,336,2.5,0,0,0,0,0,0,0,0,0,333

Main.js:462 448.475,164.001,178.5,178.5,-0.32,0.001,-0.05,0.001,0,1,0,1,0,0,0,0,0,0,0,0,0,0,0,0,0,0,0,0,56.63,337.318,28.5,0,0.559,0.174,0.044,0.024,81,116,336,2.5,0,0,0,0,0,0,0,0,0,350

Main.js:462 448.124,164.005,177,177,-0.351,0.004,-0.05,0.003,0,1,0,1,0,0,0,0,0,0,0,0,0,0,0,0,0,0,0,0,57.202,337.507,30,0,0.572,0.189,0.043,0.025,80,118.5,336,2.5,0,0,0,0,0,0,0,0,0,368

Main.js:462 447.743,164.012,175.5,175.5,-0.381,0.007,-0.05,0.004,0,1,0,1,0,0,0,0,0,0,0,0,0,0,0,0,0,0,0,0,57.787,337.711,31.5,0,0.584,0.204,0.043,0.026,79,121,336,2.5,0,0,0,0,0,0,0,0,0,383

Main.js:462 447.334,164.024,174,174,-0.409,0.012,-0.05,0.005,0,1,0,1,0,0,0,0,0,0,0,0,0,0,0,0,0,0,0,0,58.382,337.931,33,0,0.595,0.22,0.042,0.027,78,123.5,336,2.5,0,0,0,0,0,0,0,0,0,400

Main.js:462 446.898,164.041,172.5,172.5,-0.436,0.017,-0.05,0.007,0,1,0,1,0,0,0,0,0,0,0,0,0,0,0,0,0,0,0,0,58.986,338.167,34.5,0,0.604,0.236,0.041,0.028,77,126,336,2.5,0,0,0,0,0,0,0,0,0,416

Main.js:462 446.437,164.065,171,171,-0.461,0.024,-0.049,0.008,0,1,0,1,0,0,0,0,0,0,0,0,0,0,0,0,0,0,0,0,59.598,338.419,36,0,0.613,0.252,0.04,0.029,76,128.5,336,2.5,0,0,0,0,0,0,0,0,0,434

Main.js:462 445.953,164.097,169.5,169.5,-0.485,0.031,-0.049,0.009,0,1,0,1,0,0,0,0,0,0,0,0,0,0,0,0,0,0,0,0,60.218,338.688,37.5,0,0.62,0.268,0.04,0.03,75,131,336,2.5,0,0,0,0,0,0,0,0,0,451

Main.js:462 445.446,164.137,168,168,-0.507,0.04,-0.049,0.01,0,1,0,1,0,0,0,0,0,0,0,0,0,0,0,0,0,0,0,0,60.844,338.973,39,0,0.626,0.285,0.039,0.031,74,133.5,336,2.5,0,0,0,0,0,0,0,0,0,467

Main.js:462 444.918,164.185,166.5,166.5,-0.528,0.049,-0.049,0.012,0,1,0,1,0,0,0,0,0,0,0,0,0,0,0,0,0,0,0,0,61.474,339.274,40.5,0,0.63,0.301,0.038,0.032,73,136,336,2.5,0,0,0,0,0,0,0,0,0,484

Main.js:462 444.371,164.243,166.5,166.5,-0.547,0.057,-0.049,0.012,0,0,0,1,0,0,0,0,0,0,0,0,0,0,0,0,0,0,0,0,62.108,339.592,42,0,0.634,0.318,0.037,0.033,72,138.5,336,2.5,0,0,0,0,0,0,0,0,0,500

Main.js:462 443.804,164.309,166.5,166.5,-0.566,0.066,-0.049,0.012,0,0,0,1,0,0,0,0,0,0,0,0,0,0,0,0,0,0,0,0,62.746,339.926,42,358.5,0.638,0.334,0.037,0.033,71,141,336,2.5,0,0,0,0,0,0,0,0,0,517

Main.js:462 443.22,164.382,166.5,166.5,-0.584,0.074,-0.049,0.012,0,0,0,1,0,0,0,0,0,0,0,0,0,0,0,0,0,0,0,0,63.387,340.276,42,357,0.641,0.349,0.037,0.033,70,143.5,336,2.5,0,0,0,0,0,0,0,0,0,534

Main.js:462 442.619,164.463,166.5,166.5,-0.601,0.081,-0.049,0.012,0,0,0,1,0,0,0,0,0,0,0,0,0,0,0,0,0,0,0,0,64.032,340.639,42,355.5,0.644,0.363,0.037,0.033,69,146,336,2.5,0,0,0,0,0,0,0,0,0,551

Main.js:462 442.002,164.551,166.5,166.5,-0.617,0.088,-0.049,0.012,0,0,0,1,0,0,0,0,0,0,0,0,0,0,0,0,0,0,0,0,64.679,341.016,42,354,0.647,0.377,0.037,0.033,68,148.5,336,2.5,0,0,0,0,0,0,0,0,0,567

Main.js:462 441.369,164.646,166.5,166.5,-0.633,0.095,-0.049,0.012,0,0,0,1,0,0,0,0,0,0,0,0,0,0,0,0,0,0,0,0,65.329,341.406,42,352.5,0.65,0.39,0.037,0.033,67,151,336,2.5,0,0,0,0,0,0,0,0,0,583

Main.js:462 440.722,164.747,166.5,166.5,-0.647,0.101,-0.049,0.012,0,0,0,1,0,0,0,0,0,0,0,0,0,0,0,0,0,0,0,0,65.983,341.808,42,351,0.653,0.402,0.037,0.033,66,153.5,336,2.5,0,0,0,0,0,0,0,0,0,600

Main.js:462 440.061,164.854,166.5,166.5,-0.661,0.107,-0.049,0.012,99,0,0,1,0,1,0,0,0,0,0,0,0,0,0,0,0,0,0,0,66.639,342.222,42,349.5,0.656,0.414,0.037,0.033,65,156,336,2.5,0,0,0,0,0,0,0,0,0,618

Main.js:462 439.387,164.966,166.5,166.5,-0.674,0.113,-0.049,0.012,98,0,0,1,0,1,0,0,417.871,170.233,-2.431,0.584,0,0,0,0,0,0,0,0,67.297,342.647,42,348,0.658,0.425,0.037,0.033,64,158.5,336,2.5,0,0,0,0,0,0,0,0,0,635

Main.js:462 438.7,165.085,166.5,166.5,-0.687,0.118,-0.049,0.012,97,0,0,1,0,1,0,0,415.44,170.816,-2.431,0.584,0,0,0,0,0,0,0,0,67.958,343.083,42,346.5,0.661,0.436,0.037,0.033,63,161,336,2.5,0,0,0,0,0,0,0,0,0,650

Main.js:462 438.002,165.208,166.5,166.5,-0.698,0.123,-0.049,0.012,96,0,0,1,0,1,0,0,413.01,171.4,-2.431,0.584,0,0,0,0,0,0,0,0,68.621,343.529,42,345,0.663,0.446,0.037,0.033,62,163.5,336,2.5,0,0,0,0,0,0,0,0,0,667

Main.js:462 437.292,165.336,166.5,166.5,-0.71,0.128,-0.049,0.012,95,0,0,1,0,1,0,0,410.579,171.983,-2.431,0.584,0,0,0,0,0,0,0,0,69.286,343.984,42,343.5,0.665,0.455,0.037,0.033,61,166,336,2.5,0,0,0,0,0,0,0,0,0,684

Main.js:462 436.572,165.469,166.5,166.5,-0.72,0.133,-0.049,0.012,94,0,0,1,0,0,0,0,408.148,172.567,-2.431,0.584,0,0,0,0,0,0,0,0,69.953,344.448,42,342,0.667,0.464,0.037,0.033,60,168.5,336,2.5,0,0,0,0,0,0,0,0,0,701

Main.js:462 435.841,165.607,166.5,166.5,-0.731,0.137,-0.049,0.012,93,0,0,1,0,0,0,0,405.717,173.151,-2.431,0.584,0,0,0,0,0,0,0,0,70.622,344.92,42,340.5,0.669,0.473,0.037,0.033,59,171,336,2.5,0,0,0,0,0,0,0,0,0,718

Main.js:462 435.101,165.749,166.5,166.5,-0.74,0.142,-0.049,0.012,92,0,0,1,0,0,0,0,403.286,173.734,-2.431,0.584,0,0,0,0,0,0,0,0,71.293,345.401,42,339,0.671,0.481,0.037,0.033,58,173.5,336,2.5,0,0,0,0,0,0,0,0,0,736

Main.js:462 434.352,165.894,166.5,166.5,-0.749,0.146,-0.049,0.012,91,0,0,1,0,0,0,0,400.855,174.318,-2.431,0.584,0,0,0,0,0,0,0,0,71.966,345.89,42,337.5,0.673,0.489,0.037,0.033,57,176,336,2.5,0,0,0,0,0,0,0,0,0,751

Main.js:462 433.593,166.044,166.5,166.5,-0.758,0.149,-0.049,0.012,90,0,0,1,0,0,0,0,398.424,174.902,-2.431,0.584,0,0,0,0,0,0,0,0,72.64,346.386,42,336,0.674,0.496,0.037,0.033,56,178.5,336,2.5,0,0,0,0,0,0,0,0,0,767

Main.js:462 432.827,166.197,166.5,166.5,-0.766,0.153,-0.049,0.012,89,0,0,1,0,1,0,0,395.993,175.485,-2.431,0.584,0,0,0,0,0,0,0,0,73.316,346.889,42,334.5,0.676,0.503,0.037,0.033,55,181,336,2.5,0,0,0,0,0,0,0,0,0,783

Main.js:462 432.053,166.353,166.5,166.5,-0.774,0.157,-0.049,0.012,88,0,0,1,0,1,0,0,393.562,176.069,-2.431,0.584,0,0,0,0,0,0,0,0,73.994,347.398,42,333,0.677,0.51,0.037,0.033,54,183.5,336,2.5,0,0,0,0,0,0,0,0,0,800

Main.js:462 431.271,166.513,166.5,166.5,-0.782,0.16,-0.049,0.012,87,0,0,1,0,1,0,0,391.131,176.652,-2.431,0.584,0,0,0,0,0,0,0,0,74.672,347.914,42,331.5,0.679,0.516,0.037,0.033,53,186,336,2.5,0,0,0,0,0,0,0,0,0,817

Main.js:462 430.482,166.676,166.5,166.5,-0.789,0.163,-0.049,0.012,86,0,0,1,0,1,0,0,388.7,177.236,-2.431,0.584,0,0,0,0,0,0,0,0,75.353,348.436,42,330,0.68,0.522,0.037,0.033,52,188.5,336,2.5,0,0,0,0,0,0,0,0,0,834

Main.js:462 429.686,166.842,166.5,166.5,-0.796,0.166,-0.049,0.012,85,0,0,1,0,1,0,0,386.269,177.82,-2.431,0.584,0,0,0,0,0,0,0,0,76.034,348.964,42,328.5,0.682,0.528,0.037,0.033,51,191,336,2.5,0,0,0,0,0,0,0,0,0,850

Main.js:462 428.884,167.01,166.5,166.5,-0.802,0.169,-0.049,0.012,84,0,0,1,0,1,0,0,383.838,178.403,-2.431,0.584,0,0,0,0,0,0,0,0,76.717,349.497,42,327,0.683,0.533,0.037,0.033,50,193.5,336,2.5,0,0,0,0,0,0,0,0,0,885

Main.js:462 428.077,167.183,165,165,-0.808,0.172,-0.048,0.013,83,1,0,1,0,0,0,0,381.408,178.987,-2.431,0.584,0,0,0,0,0,0,0,0,77.401,350.035,42,325.5,0.684,0.538,0.037,0.033,49,196,336,2.5,0,0,0,0,0,0,0,0,0,917

Main.js:462 427.264,167.36,163.5,163.5,-0.813,0.177,-0.048,0.014,82,1,0,1,0,0,0,0,378.977,179.57,-2.431,0.584,0,0,0,0,0,0,0,0,78.086,350.578,42,324,0.685,0.543,0.037,0.033,48,198.5,336,2.5,0,0,0,0,0,0,0,0,0,932

Main.js:462 426.446,167.542,163.5,163.5,-0.818,0.182,-0.048,0.014,81,0,0,1,0,0,0,0,376.546,180.154,-2.431,0.584,0,0,0,0,0,0,0,0,78.772,351.125,42,322.5,0.686,0.548,0.037,0.033,47,201,336,2.5,0,0,0,0,0,0,0,0,0,950

Main.js:462 425.623,167.729,163.5,163.5,-0.822,0.186,-0.048,0.014,80,0,0,1,0,0,0,0,374.115,180.738,-2.431,0.584,0,0,0,0,0,0,0,0,79.459,351.677,42,321,0.687,0.552,0.037,0.033,46,203.5,336,2.5,0,0,0,0,0,0,0,0,0,968

Main.js:462 424.796,167.919,163.5,163.5,-0.827,0.191,-0.048,0.014,79,0,0,1,0,1,0,0,371.684,181.321,-2.431,0.584,0,0,0,0,0,0,0,0,80.147,352.233,42,319.5,0.688,0.556,0.037,0.033,45,206,336,2.5,0,0,0,0,0,0,0,0,0,984

Main.js:462 423.965,168.114,163.5,163.5,-0.831,0.195,-0.048,0.014,78,0,0,1,0,1,0,0,369.253,181.905,-2.431,0.584,0,0,0,0,0,0,0,0,80.836,352.794,42,318,0.689,0.56,0.037,0.033,44,208.5,336,2.5,0,0,0,0,0,0,0,0,0,1000

Main.js:462 423.13,168.312,163.5,163.5,-0.835,0.198,-0.048,0.014,77,0,0,1,0,1,0,0,366.822,182.488,-2.431,0.584,0,0,0,0,0,0,0,0,81.526,353.358,42,316.5,0.69,0.564,0.037,0.033,43,211,336,2.5,0,0,0,0,0,0,0,0,0,1017

Main.js:462 422.291,168.514,163.5,163.5,-0.839,0.202,-0.048,0.014,76,0,0,1,0,1,0,0,364.391,183.072,-2.431,0.584,0,0,0,0,0,0,0,0,82.217,353.924,40.5,313.5,0.691,0.567,0.038,0.032,42,213.5,336,2.5,0,0,0,0,0,0,0,0,0,1035

Main.js:462 421.449,168.719,163.5,163.5,-0.842,0.205,-0.048,0.014,75,0,0,1,0,0,0,0,361.96,183.656,-2.431,0.584,0,0,0,0,0,0,0,0,82.911,354.492,39,310.5,0.694,0.568,0.039,0.031,41,216,336,2.5,0,0,0,0,0,0,0,0,0,1051

Main.js:462 420.603,168.927,163.5,163.5,-0.846,0.208,-0.048,0.014,74,0,0,1,0,0,0,0,359.529,184.239,-2.431,0.584,0,0,0,0,0,0,0,0,83.608,355.061,37.5,307.5,0.697,0.569,0.04,0.03,40,218.5,336,2.5,0,0,0,0,0,0,0,0,0,1067

Main.js:462 419.754,169.139,163.5,163.5,-0.849,0.212,-0.048,0.014,73,0,0,1,0,0,0,0,357.098,184.823,-2.431,0.584,0,0,0,0,0,0,0,0,84.308,355.629,36,304.5,0.7,0.568,0.04,0.029,39,221,336,2.5,0,0,0,0,0,0,0,0,0,1084

Main.js:462 418.902,169.353,163.5,163.5,-0.852,0.214,-0.048,0.014,72,0,0,1,0,0,0,0,354.667,185.407,-2.431,0.584,0,0,0,0,0,0,0,0,85.012,356.196,34.5,301.5,0.704,0.567,0.041,0.028,38,223.5,336,2.5,0,0,0,0,0,0,0,0,0,1101

Main.js:462 418.046,169.571,163.5,163.5,-0.855,0.217,-0.048,0.014,71,0,0,1,0,0,0,0,352.236,185.99,-2.431,0.584,0,0,0,0,0,0,0,0,85.721,356.76,33,298.5,0.709,0.564,0.042,0.027,37,226,336,2.5,0,0,0,0,0,0,0,0,0,1117

Main.js:462 417.188,169.791,163.5,163.5,-0.858,0.22,-0.048,0.014,70,0,0,1,0,0,0,0,349.806,186.574,-2.431,0.584,0,0,0,0,0,0,0,0,86.436,357.321,31.5,295.5,0.714,0.561,0.043,0.026,36,228.5,336,2.5,0,0,0,0,0,0,0,0,0,1134

Main.js:462 416.328,170.013,163.5,163.5,-0.861,0.222,-0.048,0.014,69,0,0,1,0,1,0,0,347.375,187.157,-2.431,0.584,0,0,0,0,0,0,0,0,87.155,357.877,30,292.5,0.72,0.557,0.043,0.025,35,231,336,2.5,0,0,0,0,0,0,0,0,0,1153

Main.js:462 415.465,170.238,163.5,163.5,-0.863,0.225,-0.048,0.014,68,0,0,1,0,1,0,0,344.944,187.741,-2.431,0.584,0,0,0,0,0,0,0,0,87.88,358.429,28.5,289.5,0.725,0.551,0.044,0.024,34,233.5,336,2.5,0,0,0,0,0,0,0,0,0,1168

Main.js:462 414.599,170.465,163.5,163.5,-0.866,0.227,-0.048,0.014,67,0,0,1,0,1,0,0,342.513,188.325,-2.431,0.584,0,0,0,0,0,0,0,0,88.612,358.974,27,286.5,0.731,0.545,0.045,0.023,33,236,336,2.5,0,0,0,0,0,0,0,0,0,1185

Main.js:462 413.731,170.694,163.5,163.5,-0.868,0.229,-0.048,0.014,66,0,0,1,0,1,0,0,340.082,188.908,-2.431,0.584,0,0,0,0,0,0,0,0,89.349,359.512,25.5,283.5,0.738,0.539,0.045,0.022,32,238.5,336,2.5,0,0,0,0,0,0,0,0,0,1201

Main.js:462 412.861,170.925,163.5,163.5,-0.87,0.231,-0.048,0.014,65,0,0,1,0,1,0,0,337.651,189.492,-2.431,0.584,0,0,0,0,0,0,0,0,90.094,360.043,24,280.5,0.744,0.531,0.046,0.02,31,241,336,2.5,0,0,0,0,0,0,0,0,0,1218

Main.js:462 411.989,171.158,163.5,163.5,-0.872,0.233,-0.048,0.014,64,0,0,1,0,0,0,0,335.22,190.075,-2.431,0.584,0,0,0,0,0,0,0,0,90.845,360.566,22.5,277.5,0.751,0.523,0.046,0.019,30,243.5,336,2.5,0,0,0,0,0,0,0,0,0,1235

Main.js:462 411.116,171.393,163.5,163.5,-0.874,0.235,-0.048,0.014,63,0,0,1,0,0,0,0,332.789,190.659,-2.431,0.584,0,0,0,0,0,0,0,0,91.602,361.079,21,274.5,0.758,0.513,0.047,0.018,29,246,336,2.5,0,0,0,0,0,0,0,0,0,1251

Main.js:462 410.24,171.63,163.5,163.5,-0.876,0.237,-0.048,0.014,62,0,0,1,0,0,0,0,330.358,191.243,-2.431,0.584,0,0,0,0,0,0,0,0,92.367,361.583,19.5,271.5,0.765,0.504,0.047,0.017,28,248.5,336,2.5,0,0,0,0,0,0,0,0,0,1267

Main.js:462 409.362,171.868,163.5,163.5,-0.878,0.238,-0.048,0.014,61,0,0,1,0,0,0,0,327.927,191.826,-2.431,0.584,0,0,0,0,0,0,0,0,93.138,362.076,18,268.5,0.772,0.493,0.048,0.015,27,251,336,2.5,0,0,0,0,0,0,0,0,0,1285

Main.js:462 408.483,172.108,163.5,163.5,-0.879,0.24,-0.048,0.014,60,0,0,1,0,0,0,0,325.496,192.41,-2.431,0.584,0,0,0,0,0,0,0,0,93.917,362.558,16.5,265.5,0.778,0.482,0.048,0.014,26,253.5,336,2.5,0,0,0,0,0,0,0,0,0,1300

Main.js:462 407.602,172.349,163.5,163.5,-0.881,0.241,-0.048,0.014,59,0,0,1,0,0,0,0,323.065,192.994,-2.431,0.584,0,0,0,0,0,0,0,0,94.702,363.028,15,262.5,0.785,0.47,0.048,0.013,25,256,336,2.5,0,0,0,0,0,0,0,0,0,1318

Main.js:462 406.72,172.592,163.5,163.5,-0.882,0.243,-0.048,0.014,58,0,0,1,0,1,0,0,320.634,193.577,-2.431,0.584,0,0,0,0,0,0,0,0,95.494,363.486,13.5,259.5,0.792,0.458,0.049,0.012,24,258.5,336,2.5,0,0,0,0,0,0,0,0,0,1335

Main.js:462 405.836,172.836,163.5,163.5,-0.884,0.244,-0.048,0.014,57,0,0,1,0,1,0,0,318.203,194.161,-2.431,0.584,0,0,0,0,0,0,0,0,96.294,363.931,12,256.5,0.799,0.445,0.049,0.01,23,261,336,2.5,0,0,0,0,0,0,0,0,0,1350

Main.js:462 404.951,173.082,163.5,163.5,-0.885,0.245,-0.048,0.014,56,0,0,1,0,1,0,0,315.773,194.744,-2.431,0.584,0,0,0,0,0,0,0,0,97.1,364.362,10.5,253.5,0.806,0.431,0.049,0.009,22,263.5,336,2.5,0,0,0,0,0,0,0,0,0,1367

Main.js:462 404.065,173.328,163.5,163.5,-0.886,0.247,-0.048,0.014,55,0,0,1,0,1,0,0,313.342,195.328,-2.431,0.584,0,0,0,0,0,0,0,0,97.912,364.779,9,250.5,0.813,0.417,0.049,0.008,21,266,336,2.5,0,0,0,0,0,0,0,0,0,1383

Main.js:462 403.177,173.576,163.5,163.5,-0.888,0.248,-0.048,0.014,54,0,0,1,0,1,0,0,310.911,195.912,-2.431,0.584,0,0,0,0,0,0,0,0,98.731,365.181,7.5,247.5,0.819,0.402,0.05,0.007,20,268.5,336,2.5,0,0,0,0,0,0,0,0,0,1400

Main.js:462 402.289,173.825,163.5,163.5,-0.889,0.249,-0.048,0.014,53,0,0,1,0,1,0,0,308.48,196.495,-2.431,0.584,0,0,0,0,0,0,0,0,99.556,365.568,6,244.5,0.825,0.387,0.05,0.005,19,271,336,2.5,0,0,0,0,0,0,0,0,0,1417

Main.js:462 401.399,174.075,163.5,163.5,-0.89,0.25,-0.048,0.014,52,0,0,1,0,0,0,0,306.049,197.079,-2.431,0.584,0,0,0,0,0,0,0,0,100.388,365.94,4.5,241.5,0.831,0.372,0.05,0.004,18,273.5,336,2.5,0,0,0,0,0,0,0,0,0,1434

Main.js:462 400.508,174.326,163.5,163.5,-0.891,0.251,-0.048,0.014,51,0,0,1,0,0,0,0,303.618,197.662,-2.431,0.584,0,0,0,0,0,0,0,0,101.225,366.296,3,238.5,0.837,0.355,0.05,0.003,17,276,336,2.5,0,0,0,0,0,0,0,0,0,1451

Main.js:462 399.616,174.578,163.5,163.5,-0.892,0.252,-0.048,0.014,50,0,0,1,0,0,0,0,301.187,198.246,-2.431,0.584,0,0,0,0,0,0,0,0,102.068,366.634,1.5,235.5,0.843,0.339,0.05,0.001,16,278.5,336,2.5,0,0,0,0,0,0,0,0,0,1468

Main.js:462 398.723,174.831,163.5,163.5,-0.893,0.253,-0.048,0.014,49,0,0,1,0,0,0,0,298.756,198.83,-2.431,0.584,0,0,0,0,0,0,0,0,102.916,366.956,0,232.5,0.848,0.322,0.05,0,15,281,336,2.5,0,0,0,0,0,0,0,0,0,1485

Main.js:462 397.829,175.084,163.5,163.5,-0.894,0.254,-0.048,0.014,48,0,0,1,0,0,0,0,296.325,199.413,-2.431,0.584,0,0,0,0,0,0,0,0,103.77,367.261,358.5,229.5,0.853,0.305,0.05,-0.001,14,283.5,336,2.5,0,0,0,0,0,0,0,0,0,1501

Main.js:462 396.935,175.339,163.5,163.5,-0.895,0.254,-0.048,0.014,47,0,0,1,0,1,0,0,293.894,199.997,-2.431,0.584,0,0,0,0,0,0,0,0,104.628,367.548,357,226.5,0.858,0.287,0.05,-0.003,13,286,336,2.5,0,0,0,0,0,0,0,0,0,1517

Main.js:462 396.039,175.594,163.5,163.5,-0.895,0.255,-0.048,0.014,46,0,0,1,0,1,0,0,291.463,200.581,-2.431,0.584,0,0,0,0,0,0,0,0,105.49,367.817,355.5,223.5,0.863,0.269,0.05,-0.004,12,288.5,336,2.5,0,0,0,0,0,0,0,0,0,1535

Main.js:462 395.143,175.85,163.5,163.5,-0.896,0.256,-0.048,0.014,45,0,0,1,0,1,0,0,289.032,201.164,-2.431,0.584,0,0,0,0,0,0,0,0,106.357,368.067,354,220.5,0.867,0.25,0.05,-0.005,11,291,336,2.5,0,0,0,0,0,0,0,0,0,1551

Main.js:462 394.246,176.107,163.5,163.5,-0.897,0.257,-0.048,0.014,44,0,0,1,0,1,0,0,286.601,201.748,-2.431,0.584,0,0,0,0,0,0,0,0,107.227,368.299,352.5,217.5,0.87,0.232,0.05,-0.007,10,293.5,336,2.5,0,0,0,0,0,0,0,0,0,1567

Main.js:462 393.348,176.364,163.5,163.5,-0.898,0.257,-0.048,0.014,43,0,0,1,0,1,0,0,284.171,202.331,-2.431,0.584,0,0,0,0,0,0,0,0,108.101,368.512,351,214.5,0.874,0.213,0.049,-0.008,9,296,336,2.5,0,0,0,0,0,0,0,0,0,1583

Main.js:462 392.45,176.622,163.5,163.5,-0.898,0.258,-0.048,0.014,42,0,0,1,0,1,0,0,281.74,202.915,-2.431,0.584,0,0,0,0,0,0,0,0,108.978,368.705,349.5,211.5,0.877,0.193,0.049,-0.009,8,298.5,336,2.5,0,0,0,0,0,0,0,0,0,1601

Main.js:462 391.551,176.88,163.5,163.5,-0.899,0.259,-0.048,0.014,41,0,0,1,0,0,0,0,279.309,203.499,-2.431,0.584,0,0,0,0,0,0,0,0,109.857,368.879,348,208.5,0.879,0.174,0.049,-0.01,7,301,336,2.5,0,0,0,0,0,0,0,0,0,1617

Main.js:462 390.652,177.139,163.5,163.5,-0.9,0.259,-0.048,0.014,40,0,0,1,0,0,0,0,276.878,204.082,-2.431,0.584,0,0,0,0,0,0,0,0,110.739,369.033,346.5,205.5,0.882,0.154,0.049,-0.012,6,303.5,336,2.5,0,0,0,0,0,0,0,0,0,1634

Main.js:462 389.752,177.399,163.5,163.5,-0.9,0.26,-0.048,0.014,39,0,0,1,0,0,0,0,274.447,204.666,-2.431,0.584,0,0,0,0,0,0,0,0,111.622,369.167,345,202.5,0.883,0.134,0.048,-0.013,5,306,336,2.5,0,0,0,0,0,0,0,0,0,1651

Main.js:462 388.851,177.659,163.5,163.5,-0.901,0.26,-0.048,0.014,38,0,0,1,0,0,0,0,272.016,205.249,-2.431,0.584,0,0,0,0,0,0,0,0,112.507,369.281,343.5,199.5,0.885,0.114,0.048,-0.014,4,308.5,336,2.5,0,0,0,0,0,0,0,0,0,1667

Main.js:462 387.95,177.92,163.5,163.5,-0.901,0.261,-0.048,0.014,37,0,0,1,0,0,0,0,269.585,205.833,-2.431,0.584,0,0,0,0,0,0,0,0,113.393,369.375,342,196.5,0.886,0.094,0.048,-0.015,3,311,336,2.5,0,0,0,0,0,0,0,0,0,1684

Main.js:462 387.048,178.181,163.5,163.5,-0.902,0.261,-0.048,0.014,36,0,0,1,0,1,0,0,267.154,206.417,-2.431,0.584,0,0,0,0,0,0,0,0,114.279,369.448,340.5,193.5,0.886,0.073,0.047,-0.017,2,313.5,336,2.5,0,0,0,0,0,0,0,0,0,1701

Main.js:462 386.146,178.442,163.5,163.5,-0.902,0.262,-0.048,0.014,35,0,0,1,0,1,0,0,264.723,207,-2.431,0.584,0,0,0,0,0,0,0,0,115.165,369.5,339,190.5,0.886,0.052,0.047,-0.018,1,316,336,2.5,0,0,0,0,0,0,0,0,0,1717

Main.js:462 385.244,178.704,163.5,163.5,-0.903,0.262,-0.048,0.014,34,0,0,1,0,1,0,0,262.292,207.584,-2.431,0.584,0,0,0,0,0,0,0,0,116.051,369.532,337.5,187.5,0.886,0.032,0.046,-0.019,0,318.5,336,2.5,0,0,0,0,0,0,0,0,0,1733

Main.js:462 384.341,178.967,163.5,163.5,-0.903,0.262,-0.048,0.014,33,0,0,1,0,1,0,0,259.861,208.167,-2.431,0.584,0,0,0,0,0,0,0,0,116.936,369.542,336,184.5,0.885,0.011,0.046,-0.02,99,321,336,2.5,0,0,0,0,0,0,0,0,0,1750

Main.js:462 383.438,179.231,162,162,-0.903,0.264,-0.048,0.015,32,1,0,1,0,1,0,0,257.43,208.751,-2.431,0.584,0,0,0,0,0,0,0,0,117.82,369.532,334.5,181.5,0.884,-0.01,0.045,-0.022,98,323.5,336,2.5,0,92.624,367.688,-2.492,-0.196,0,0,0,0,1767

Main.js:462 382.535,179.497,160.5,160.5,-0.903,0.267,-0.047,0.017,31,1,0,1,0,0,0,0,254.999,209.335,-2.431,0.584,0,0,0,0,0,0,0,0,118.702,369.501,333,178.5,0.882,-0.031,0.045,-0.023,97,326,336,2.5,0,90.131,367.492,-2.492,-0.196,0,0,0,0,1783

Main.js:462 381.633,179.767,159,159,-0.902,0.27,-0.047,0.018,30,1,0,1,0,0,0,0,252.569,209.918,-2.431,0.584,0,0,0,0,0,0,0,0,119.581,369.448,331.5,175.5,0.879,-0.052,0.044,-0.024,96,328.5,336,2.5,0,87.639,367.296,-2.492,-0.196,0,0,0,0,1800

Main.js:462 380.733,180.042,157.5,157.5,-0.901,0.275,-0.046,0.019,29,1,0,1,0,0,0,0,250.138,210.502,-2.431,0.584,0,0,0,0,0,0,0,0,120.457,369.375,330,172.5,0.877,-0.074,0.043,-0.025,95,331,336,2.5,0,85.147,367.099,-2.492,-0.196,0,0,0,0,1816

Main.js:462 379.834,180.323,156,156,-0.899,0.28,-0.046,0.02,28,1,0,1,0,0,0,0,247.707,211.086,-2.431,0.584,0,0,0,0,0,0,0,0,121.331,369.28,328.5,169.5,0.873,-0.095,0.043,-0.026,94,333.5,336,2.5,0,82.655,366.903,-2.492,-0.196,0,0,0,0,1833

Main.js:462 378.937,180.61,154.5,154.5,-0.897,0.287,-0.045,0.022,27,1,0,1,0,0,0,0,245.276,211.669,-2.431,0.584,0,0,0,0,0,0,0,0,122.2,369.164,327,166.5,0.869,-0.116,0.042,-0.027,93,336,336,2.5,0,80.162,366.707,-2.492,-0.196,0,0,0,0,1851

Main.js:462 378.042,180.904,153,153,-0.894,0.294,-0.045,0.023,26,1,0,1,0,0,0,0,242.845,212.253,-2.431,0.584,0,0,0,0,0,0,0,0,123.065,369.027,325.5,163.5,0.865,-0.137,0.041,-0.028,92,338.5,336,2.5,0,77.67,366.511,-2.492,-0.196,0,0,0,0,1867

Main.js:462 377.15,181.205,153,153,-0.892,0.301,-0.045,0.023,25,0,0,1,0,1,0,0,240.414,212.836,-2.431,0.584,0,0,0,0,0,0,0,0,123.925,368.869,324,160.5,0.86,-0.158,0.04,-0.029,91,341,336,2.5,0,75.178,366.315,-2.492,-0.196,0,0,0,0,1884

Main.js:462 376.261,181.512,153,153,-0.89,0.308,-0.045,0.023,24,0,0,1,0,1,0,0,237.983,213.42,-2.431,0.584,0,0,0,0,0,0,0,0,124.78,368.69,322.5,157.5,0.855,-0.179,0.04,-0.03,90,343.5,336,2.5,0,72.685,366.119,-2.492,-0.196,0,0,0,0,1900

Main.js:462 375.373,181.826,153,153,-0.888,0.314,-0.045,0.023,23,0,0,1,0,1,0,0,235.552,214.004,-2.431,0.584,0,0,0,0,0,0,0,0,125.629,368.49,321,154.5,0.849,-0.2,0.039,-0.031,89,346,336,2.5,0,70.193,365.923,-2.492,-0.196,0,0,0,0,1917

Main.js:462 374.488,182.146,153,153,-0.885,0.32,-0.045,0.023,22,0,0,1,0,1,0,0,233.121,214.587,-2.431,0.584,0,0,0,0,0,0,0,0,126.472,368.269,319.5,151.5,0.843,-0.221,0.038,-0.032,88,348.5,336,2.5,0,67.701,365.726,-2.492,-0.196,0,0,0,0,1933

Main.js:462 373.604,182.471,153,153,-0.884,0.325,-0.045,0.023,21,0,0,1,0,1,0,0,230.69,215.171,-2.431,0.584,0,0,0,0,0,0,0,0,127.308,368.027,318,148.5,0.836,-0.242,0.037,-0.033,87,351,336,2.5,0,65.209,365.53,-2.492,-0.196,0,0,0,0,1951

Main.js:462 372.722,182.801,153,153,-0.882,0.33,-0.045,0.023,20,0,0,1,0,1,0,0,228.259,215.754,-2.431,0.584,0,0,0,0,0,0,0,0,128.137,367.765,316.5,145.5,0.829,-0.262,0.036,-0.034,86,353.5,336,2.5,0,62.716,365.334,-2.492,-0.196,0,0,0,0,1966

Main.js:462 371.843,183.137,153,153,-0.88,0.336,-0.045,0.023,19,0,0,1,0,0,0,0,225.828,216.338,-2.431,0.584,0,0,0,0,0,0,0,0,128.957,367.482,315,142.5,0.821,-0.283,0.035,-0.035,85,356,336,2.5,0,60.224,365.138,-2.492,-0.196,0,0,0,0,1983

Main.js:462 370.965,183.478,151.5,151.5,-0.878,0.341,-0.044,0.024,18,1,0,1,0,0,0,0,223.397,216.922,-2.431,0.584,0,0,0,0,0,0,0,0,129.77,367.179,313.5,139.5,0.812,-0.303,0.034,-0.036,84,358.5,336,2.5,0,57.732,364.942,-2.492,-0.196,0,0,0,0,2001

Main.js:462 370.09,183.826,150,150,-0.875,0.348,-0.043,0.025,17,1,0,1,0,0,0,0,220.966,217.505,-2.431,0.584,0,0,0,0,0,0,0,0,130.575,366.858,315,139.5,0.805,-0.321,0.035,-0.035,83,361,336,2.5,0,55.239,364.746,-2.492,-0.196,0,0,0,0,2017

Main.js:462 369.218,184.182,148.5,148.5,-0.872,0.355,-0.043,0.026,16,1,0,1,0,0,0,0,218.536,218.089,-2.431,0.584,0,0,0,0,0,0,0,0,131.375,366.52,316.5,139.5,0.8,-0.338,0.036,-0.034,82,363.5,336,2.5,0,52.747,364.55,-2.492,-0.196,0,0,0,0,2034

Main.js:462 368.35,184.544,148.5,148.5,-0.869,0.363,-0.043,0.026,15,0,0,1,0,0,0,0,216.105,218.673,-2.431,0.584,0,0,0,0,0,0,0,0,132.17,366.167,318,139.5,0.795,-0.353,0.037,-0.033,81,366,336,2.5,0,50.255,364.353,-2.492,-0.196,0,0,0,0,2050

Main.js:462 367.484,184.913,148.5,148.5,-0.866,0.369,-0.043,0.026,14,0,0,1,0,1,0,0,213.674,219.256,-2.431,0.584,0,0,0,0,0,0,0,0,132.961,365.801,319.5,139.5,0.791,-0.366,0.038,-0.032,80,368.5,336,2.5,0,47.762,364.157,-2.492,-0.196,0,0,0,0,2067

Main.js:462 366.621,185.289,148.5,148.5,-0.863,0.376,-0.043,0.026,13,0,0,1,0,1,0,0,211.243,219.84,-2.431,0.584,0,0,0,0,0,0,0,0,133.749,365.423,321,139.5,0.789,-0.378,0.039,-0.031,79,371,336,2.5,0,45.27,363.961,-2.492,-0.196,0,0,0,0,2084

Main.js:462 365.761,185.671,148.5,148.5,-0.86,0.382,-0.043,0.026,12,0,0,1,0,1,0,0,208.812,220.423,-2.431,0.584,0,0,0,0,0,0,0,0,134.536,365.035,322.5,139.5,0.787,-0.388,0.04,-0.03,78,373.5,336,2.5,0,42.778,363.765,-2.492,-0.196,0,0,0,0,2101

Main.js:462 364.903,186.058,148.5,148.5,-0.858,0.387,-0.043,0.026,11,0,0,1,0,1,0,0,206.381,221.007,-2.431,0.584,0,0,0,0,0,0,0,0,135.322,364.639,324,139.5,0.786,-0.396,0.04,-0.029,77,376,336,2.5,0,40.286,363.569,-2.492,-0.196,0,0,0,0,2118

Main.js:462 364.048,186.451,148.5,148.5,-0.855,0.393,-0.043,0.026,10,0,0,1,0,1,0,0,203.95,221.591,-2.431,0.584,0,0,0,0,0,0,0,0,136.108,364.235,325.5,139.5,0.786,-0.403,0.041,-0.028,76,378.5,336,2.5,0,37.793,363.373,-2.492,-0.196,0,0,0,0,2134

Main.js:462 363.195,186.849,148.5,148.5,-0.853,0.398,-0.043,0.026,9,0,0,1,0,1,0,0,201.519,222.174,-2.431,0.584,0,0,0,0,0,0,0,0,136.894,363.826,327,139.5,0.786,-0.409,0.042,-0.027,75,381,336,2.5,0,35.301,363.177,-2.492,-0.196,0,0,0,0,2151

Main.js:462 362.344,187.252,148.5,148.5,-0.851,0.403,-0.043,0.026,8,0,0,1,0,0,0,0,199.088,222.758,-2.431,0.584,0,0,0,0,0,0,0,0,137.682,363.413,328.5,139.5,0.788,-0.413,0.043,-0.026,74,383.5,336,2.5,0,32.809,362.98,-2.492,-0.196,0,0,0,0,2166

Main.js:462 361.495,187.659,148.5,148.5,-0.849,0.408,-0.043,0.026,7,0,0,1,0,0,0,0,196.657,223.341,-2.431,0.584,0,0,0,0,0,0,0,0,138.471,362.996,330,139.5,0.789,-0.417,0.043,-0.025,73,386,336,2.5,0,30.316,362.784,-2.492,-0.196,0,0,0,0,2184

Main.js:462 360.648,188.071,148.5,148.5,-0.847,0.412,-0.043,0.026,6,0,0,1,0,0,0,0,194.226,223.925,-2.431,0.584,0,0,0,0,0,0,0,0,139.263,362.578,331.5,139.5,0.792,-0.418,0.044,-0.024,72,388.5,336,2.5,0,27.824,362.588,-2.492,-0.196,0,0,0,0,2200

Main.js:462 359.803,188.487,148.5,148.5,-0.845,0.416,-0.043,0.026,5,0,0,1,0,0,0,0,191.795,224.509,-2.431,0.584,0,0,0,0,0,0,0,0,140.057,362.159,333,139.5,0.794,-0.419,0.045,-0.023,71,391,336,2.5,0,25.332,362.392,-2.492,-0.196,0,0,0,0,2218

Main.js:462 358.96,188.908,148.5,148.5,-0.843,0.42,-0.043,0.026,4,0,0,1,0,0,0,0,189.364,225.092,-2.431,0.584,0,0,0,0,0,0,0,0,140.854,361.74,334.5,139.5,0.797,-0.419,0.045,-0.022,70,393.5,336,2.5,0,22.84,362.196,-2.492,-0.196,0,0,0,0,2233

Main.js:462 358.118,189.332,148.5,148.5,-0.842,0.424,-0.043,0.026,3,0,0,1,0,1,0,0,186.934,225.676,-2.431,0.584,0,0,0,0,0,0,0,0,141.655,361.324,336,139.5,0.801,-0.417,0.046,-0.02,69,396,336,2.5,0,20.347,362,-2.492,-0.196,0,0,0,0,2250

Main.js:462 357.278,189.759,148.5,148.5,-0.84,0.428,-0.043,0.026,2,0,0,1,0,1,0,0,184.503,226.259,-2.431,0.584,0,0,0,0,0,0,0,0,142.46,360.909,337.5,139.5,0.805,-0.414,0.046,-0.019,68,398.5,336,2.5,0,17.855,361.803,-2.492,-0.196,0,0,0,0,2267

Main.js:462 356.439,190.191,148.5,148.5,-0.839,0.431,-0.043,0.026,1,0,0,1,0,1,0,0,182.072,226.843,-2.431,0.584,0,0,0,0,0,0,0,0,143.269,360.499,339,139.5,0.809,-0.411,0.047,-0.018,67,401,336,2.5,0,15.363,361.607,-2.492,-0.196,0,0,0,0,2283

Main.js:462 355.602,190.625,148.5,148.5,-0.837,0.434,-0.043,0.026,0,0,0,1,0,1,0,0,179.641,227.427,-2.431,0.584,0,0,0,0,0,0,0,0,144.082,360.093,340.5,139.5,0.813,-0.406,0.047,-0.017,66,403.5,336,2.5,0,12.87,361.411,-2.492,-0.196,0,0,0,0,2300

Main.js:462 354.766,191.062,148.5,148.5,-0.836,0.437,-0.043,0.026,99,0,0,1,0,1,0,0,177.21,228.01,-2.431,0.584,0,0,0,0,0,0,0,0,144.9,359.693,342,139.5,0.818,-0.4,0.048,-0.015,65,406,336,2.5,0,10.378,361.215,-2.492,-0.196,0,0,0,0,2317

Main.js:462 353.932,191.503,148.5,148.5,-0.835,0.44,-0.043,0.026,98,0,0,1,0,0,0,0,174.779,228.594,-2.431,0.584,335.565,202.904,-2.132,1.306,0,0,0,0,145.723,359.299,343.5,139.5,0.822,-0.394,0.048,-0.014,64,408.5,336,2.5,0,7.886,361.019,-2.492,-0.196,0,0,0,0,2334

Main.js:462 353.099,191.946,148.5,148.5,-0.833,0.443,-0.043,0.026,97,0,0,1,0,0,0,0,172.348,229.178,-2.431,0.584,333.434,204.21,-2.132,1.306,0,0,0,0,146.55,358.912,345,139.5,0.827,-0.386,0.048,-0.013,63,411,336,2.5,0,5.393,360.823,-2.492,-0.196,0,0,0,0,2350

Main.js:462 352.266,192.392,148.5,148.5,-0.832,0.446,-0.043,0.026,96,0,0,1,0,0,0,0,169.917,229.761,-2.431,0.584,331.302,205.516,-2.132,1.306,0,0,0,0,147.382,358.534,346.5,139.5,0.832,-0.378,0.049,-0.012,62,413.5,336,2.5,0,2.901,360.627,-2.492,-0.196,0,0,0,0,2367

Main.js:462 351.435,192.84,148.5,148.5,-0.831,0.448,-0.043,0.026,95,0,0,1,0,0,0,0,167.486,230.345,-2.431,0.584,329.17,206.822,-2.132,1.306,0,0,0,0,148.219,358.165,348,139.5,0.837,-0.369,0.049,-0.01,61,416,336,2.5,0,0.409,360.43,-2.492,-0.196,0,0,0,0,2384

Main.js:462 350.606,193.291,148.5,148.5,-0.83,0.451,-0.043,0.026,94,0,0,1,0,0,0,0,165.055,230.928,-2.431,0.584,329.17,206.822,-2.132,1.306,0,0,0,0,149.06,357.806,349.5,139.5,0.842,-0.359,0.049,-0.009,60,418.5,336,2.5,0,0,0,0,0,0,0,0,0,2402

Main.js:462 349.777,193.744,148.5,148.5,-0.829,0.453,-0.043,0.026,93,0,0,1,0,1,0,0,162.624,231.512,-2.431,0.584,327.039,208.129,-2.132,1.306,0,0,0,0,149.907,357.457,351,139.5,0.847,-0.349,0.049,-0.008,59,421,336,2.5,0,0,0,0,0,0,0,0,0,2418

Main.js:462 348.949,194.199,148.5,148.5,-0.828,0.455,-0.043,0.026,92,0,0,1,0,1,0,0,160.193,232.096,-2.431,0.584,324.907,209.435,-2.132,1.306,0,0,0,0,150.758,357.12,352.5,139.5,0.851,-0.338,0.05,-0.007,58,423.5,336,2.5,0,0,0,0,0,0,0,0,0,2434

Main.js:462 348.121,194.657,148.5,148.5,-0.827,0.457,-0.043,0.026,91,0,0,1,0,1,0,0,157.762,232.679,-2.431,0.584,322.776,210.741,-2.132,1.306,0,0,0,0,151.614,356.794,354,139.5,0.856,-0.326,0.05,-0.005,57,426,336,2.5,0,0,0,0,0,0,0,0,0,2450

Main.js:462 347.295,195.116,148.5,148.5,-0.826,0.459,-0.043,0.026,90,0,0,1,0,1,0,0,155.332,233.263,-2.431,0.584,320.644,212.047,-2.132,1.306,0,0,0,0,152.475,356.481,355.5,139.5,0.861,-0.313,0.05,-0.004,56,428.5,336,2.5,0,0,0,0,0,0,0,0,0,2468

Main.js:462 346.47,195.577,148.5,148.5,-0.825,0.461,-0.043,0.026,89,0,0,1,0,1,0,0,152.901,233.846,-2.431,0.584,318.512,213.354,-2.132,1.306,0,0,0,0,153.34,356.181,357,139.5,0.865,-0.3,0.05,-0.003,55,431,336,2.5,0,0,0,0,0,0,0,0,0,2483

Main.js:462 345.645,196.04,148.5,148.5,-0.825,0.463,-0.043,0.026,88,0,0,1,0,1,0,0,150.47,234.43,-2.431,0.584,316.381,214.66,-2.132,1.306,0,0,0,0,154.209,355.895,358.5,139.5,0.869,-0.286,0.05,-0.001,54,433.5,336,2.5,0,0,0,0,0,0,0,0,0,2500

Main.js:462 344.821,196.504,148.5,148.5,-0.824,0.465,-0.043,0.026,87,0,0,1,0,0,0,0,148.039,235.014,-2.431,0.584,314.249,215.966,-2.132,1.306,0,0,0,0,155.082,355.622,358.5,138,0.873,-0.273,0.05,-0.001,53,436,336,2.5,0,0,0,0,0,0,0,0,0,2518

Main.js:462 343.998,196.971,148.5,148.5,-0.823,0.466,-0.043,0.026,86,0,0,1,0,0,0,0,145.608,235.597,-2.431,0.584,312.118,217.272,-2.132,1.306,0,0,0,0,155.959,355.361,358.5,136.5,0.877,-0.261,0.05,-0.001,52,438.5,336,2.5,0,0,0,0,0,0,0,0,0,2532

Main.js:462 343.175,197.438,148.5,148.5,-0.823,0.468,-0.043,0.026,85,0,0,1,0,0,0,0,143.177,236.181,-2.431,0.584,309.986,218.579,-2.132,1.306,0,0,0,0,156.84,355.112,358.5,135,0.881,-0.249,0.05,-0.001,51,441,336,2.5,0,0,0,0,0,0,0,0,0,2550

Main.js:462 342.353,197.907,148.5,148.5,-0.822,0.469,-0.043,0.026,84,0,0,1,0,0,0,0,140.746,236.765,-2.431,0.584,307.854,219.885,-2.132,1.306,0,0,0,0,157.724,354.875,358.5,133.5,0.884,-0.238,0.05,-0.001,50,443.5,336,2.5,0,0,0,0,0,0,0,0,0,2568

Main.js:462 341.532,198.378,148.5,148.5,-0.821,0.47,-0.043,0.026,83,0,0,1,0,0,0,0,138.315,237.348,-2.431,0.584,305.723,221.191,-2.132,1.306,0,0,0,0,158.611,354.648,358.5,132,0.887,-0.227,0.05,-0.001,49,446,336,2.5,0,0,0,0,0,0,0,0,0,2584

Main.js:462 340.711,198.849,148.5,148.5,-0.821,0.472,-0.043,0.026,82,0,0,1,0,0,0,0,135.884,237.932,-2.431,0.584,303.591,222.497,-2.132,1.306,0,0,0,0,159.502,354.431,358.5,130.5,0.891,-0.217,0.05,-0.001,48,448.5,336,2.5,0,0,0,0,0,0,0,0,0,2600

Main.js:462 339.891,199.322,148.5,148.5,-0.82,0.473,-0.043,0.026,81,0,0,1,0,1,0,0,133.453,238.515,-2.431,0.584,301.46,223.804,-2.132,1.306,0,0,0,0,160.395,354.223,358.5,129,0.893,-0.207,0.05,-0.001,47,451,336,2.5,0,0,0,0,0,0,0,0,0,2617

Main.js:462 339.071,199.797,148.5,148.5,-0.82,0.474,-0.043,0.026,80,0,0,1,0,1,0,0,131.022,239.099,-2.431,0.584,299.328,225.11,-2.132,1.306,0,0,0,0,161.292,354.025,358.5,127.5,0.896,-0.198,0.05,-0.001,46,453.5,336,2.5,0,0,0,0,0,0,0,0,0,2635

Main.js:462 338.252,200.272,148.5,148.5,-0.819,0.475,-0.043,0.026,79,0,0,1,0,1,0,0,128.591,239.683,-2.431,0.584,297.196,226.416,-2.132,1.306,0,0,0,0,162.191,353.836,358.5,126,0.899,-0.19,0.05,-0.001,45,456,336,2.5,0,0,0,0,0,0,0,0,0,2651

Main.js:462 337.433,200.748,148.5,148.5,-0.819,0.476,-0.043,0.026,78,0,0,1,0,1,0,0,126.16,240.266,-2.431,0.584,295.065,227.722,-2.132,1.306,0,0,0,0,163.092,353.654,358.5,124.5,0.901,-0.181,0.05,-0.001,44,458.5,336,2.5,0,0,0,0,0,0,0,0,0,2671

Main.js:462 336.615,201.225,148.5,148.5,-0.818,0.477,-0.043,0.026,77,0,0,1,0,1,0,0,123.729,240.85,-2.431,0.584,292.933,229.029,-2.132,1.306,0,0,0,0,163.996,353.481,358.5,123,0.904,-0.173,0.05,-0.001,43,461,336,2.5,0,0,0,0,0,0,0,0,0,2685

Main.js:462 335.797,201.704,148.5,148.5,-0.818,0.478,-0.043,0.026,76,0,0,1,0,1,0,0,121.299,241.433,-2.431,0.584,290.802,230.335,-2.132,1.306,0,0,0,0,164.902,353.315,358.5,121.5,0.906,-0.166,0.05,-0.001,42,463.5,336,2.5,0,0,0,0,0,0,0,0,0,2699

Main.js:462 334.979,202.183,148.5,148.5,-0.818,0.479,-0.043,0.026,75,0,0,1,0,0,0,0,118.868,242.017,-2.431,0.584,288.67,231.641,-2.132,1.306,0,0,0,0,165.81,353.156,358.5,120,0.908,-0.159,0.05,-0.001,41,466,336,2.5,0,0,0,0,0,0,0,0,0,2717

Main.js:462 334.162,202.663,148.5,148.5,-0.817,0.48,-0.043,0.026,74,0,0,1,0,0,0,0,116.437,242.601,-2.431,0.584,286.538,232.947,-2.132,1.306,0,0,0,0,166.721,353.004,358.5,118.5,0.91,-0.152,0.05,-0.001,40,468.5,336,2.5,0,0,0,0,0,0,0,0,0,2733

Main.js:462 333.345,203.144,148.5,148.5,-0.817,0.481,-0.043,0.026,73,0,0,1,0,0,0,0,114.006,243.184,-2.431,0.584,284.407,234.254,-2.132,1.306,0,0,0,0,167.633,352.858,358.5,117,0.912,-0.146,0.05,-0.001,39,471,336,2.5,0,0,0,0,0,0,0,0,0,2751

Main.js:462 332.529,203.625,148.5,148.5,-0.816,0.482,-0.043,0.026,72,0,0,1,0,0,0,0,111.575,243.768,-2.431,0.584,282.275,235.56,-2.132,1.306,0,0,0,0,168.548,352.718,358.5,115.5,0.914,-0.14,0.05,-0.001,38,473.5,336,2.5,0,0,0,0,0,0,0,0,0,2768

Main.js:462 331.713,204.108,148.5,148.5,-0.816,0.482,-0.043,0.026,71,0,0,1,0,0,0,0,109.144,244.352,-2.431,0.584,280.144,236.866,-2.132,1.306,0,0,0,0,169.464,352.584,358.5,114,0.916,-0.134,0.05,-0.001,37,476,336,2.5,0,0,0,0,0,0,0,0,0,2784

Main.js:462 330.897,204.591,148.5,148.5,-0.816,0.483,-0.043,0.026,70,0,0,1,0,1,0,0,106.713,244.935,-2.431,0.584,278.012,238.172,-2.132,1.306,0,0,0,0,170.381,352.455,358.5,112.5,0.918,-0.129,0.05,-0.001,36,478.5,336,2.5,0,0,0,0,0,0,0,0,0,2803

Main.js:462 330.081,205.075,148.5,148.5,-0.816,0.484,-0.043,0.026,69,0,0,1,0,1,0,0,104.282,245.519,-2.431,0.584,275.88,239.479,-2.132,1.306,0,0,0,0,171.301,352.332,358.5,111,0.919,-0.123,0.05,-0.001,35,481,336,2.5,0,0,0,0,0,0,0,0,0,2817

Main.js:462 329.266,205.559,148.5,148.5,-0.815,0.484,-0.043,0.026,68,0,0,1,0,1,0,0,101.851,246.102,-2.431,0.584,273.749,240.785,-2.132,1.306,0,0,0,0,172.221,352.213,358.5,109.5,0.921,-0.119,0.05,-0.001,34,483.5,336,2.5,0,0,0,0,0,0,0,0,0,2833

Main.js:462 328.451,206.044,148.5,148.5,-0.815,0.485,-0.043,0.026,67,0,0,1,0,1,0,0,99.42,246.686,-2.431,0.584,271.617,242.091,-2.132,1.306,0,0,0,0,173.144,352.099,358.5,108,0.922,-0.114,0.05,-0.001,33,486,336,2.5,0,0,0,0,0,0,0,0,0,2850

Main.js:462 327.636,206.529,148.5,148.5,-0.815,0.486,-0.043,0.026,66,0,0,1,0,1,0,0,96.989,247.27,-2.431,0.584,269.486,243.397,-2.132,1.306,0,0,0,0,174.067,351.99,358.5,106.5,0.924,-0.109,0.05,-0.001,32,488.5,336,2.5,0,0,0,0,0,0,0,0,0,2867

Main.js:462 326.822,207.016,148.5,148.5,-0.815,0.486,-0.043,0.026,65,0,0,1,0,0,0,0,94.558,247.853,-2.431,0.584,267.354,244.704,-2.132,1.306,0,0,0,0,174.992,351.885,358.5,105,0.925,-0.105,0.05,-0.001,31,491,336,2.5,0,0,0,0,0,0,0,0,0,2899

Main.js:462 326.008,207.502,148.5,148.5,-0.814,0.487,-0.043,0.026,64,0,0,1,0,0,0,0,92.127,248.437,-2.431,0.584,265.222,246.01,-2.132,1.306,0,0,0,0,175.918,351.784,358.5,103.5,0.926,-0.101,0.05,-0.001,30,493.5,336,2.5,0,0,0,0,0,0,0,0,0,2918

Main.js:462 325.193,207.989,148.5,148.5,-0.814,0.487,-0.043,0.026,63,0,0,1,0,0,0,0,89.697,249.02,-2.431,0.584,263.091,247.316,-2.132,1.306,0,0,0,0,176.846,351.686,358.5,102,0.927,-0.097,0.05,-0.001,29,496,336,2.5,0,0,0,0,0,0,0,0,0,2933

Main.js:462 324.38,208.477,148.5,148.5,-0.814,0.488,-0.043,0.026,62,0,0,1,0,0,0,0,87.266,249.604,-2.431,0.584,260.959,248.622,-2.132,1.306,0,0,0,0,177.774,351.592,358.5,100.5,0.928,-0.094,0.05,-0.001,28,498.5,336,2.5,0,0,0,0,0,0,0,0,0,2949

Main.js:462 323.566,208.965,148.5,148.5,-0.814,0.488,-0.043,0.026,61,0,0,1,0,0,0,0,87.266,249.604,-2.431,0.584,258.828,249.929,-2.132,1.306,0,0,0,0,178.704,351.502,358.5,99,0.93,-0.09,0.05,-0.001,27,0,0,0,0,0,0,0,0,0,0,0,0,2966

Main.js:462 322.752,209.453,148.5,148.5,-0.813,0.488,-0.043,0.026,60,0,0,1,0,0,0,0,84.835,250.188,-2.431,0.584,256.696,251.235,-2.132,1.306,0,0,0,0,179.634,351.415,358.5,97.5,0.931,-0.087,0.05,-0.001,26,0,0,0,0,0,0,0,0,0,0,0,0,2983

Main.js:462 321.939,209.942,148.5,148.5,-0.813,0.489,-0.043,0.026,59,0,0,1,0,0,0,0,82.404,250.771,-2.431,0.584,254.564,252.541,-2.132,1.306,0,0,0,0,180.566,351.331,358.5,96,0.931,-0.084,0.05,-0.001,25,0,0,0,0,0,0,0,0,0,0,0,0,3000

Main.js:462 321.127,210.432,147,147,-0.812,0.49,-0.042,0.027,58,1,0,1,0,0,0,0,79.973,251.355,-2.431,0.584,252.433,253.847,-2.132,1.306,0,0,0,0,181.498,351.25,358.5,94.5,0.932,-0.081,0.05,-0.001,24,0,0,0,0,0,0,0,0,0,0,0,0,3018

Main.js:462 320.316,210.925,145.5,145.5,-0.811,0.493,-0.041,0.028,57,1,0,1,0,1,0,0,77.542,251.938,-2.431,0.584,250.301,255.153,-2.132,1.306,0,0,0,0,182.431,351.171,357,91.5,0.933,-0.079,0.05,-0.003,23,0,0,0,0,0,0,0,0,0,0,0,0,3034

Main.js:462 319.507,211.421,144,144,-0.809,0.496,-0.04,0.029,56,1,0,1,0,1,0,0,75.111,252.522,-2.431,0.584,248.17,256.46,-2.132,1.306,0,0,0,0,183.365,351.092,355.5,88.5,0.934,-0.079,0.05,-0.004,22,0,0,0,0,0,0,0,0,0,0,0,0,3050

Main.js:462 318.7,211.92,144,144,-0.807,0.499,-0.04,0.029,55,0,0,1,0,1,0,0,72.68,253.106,-2.431,0.584,246.038,257.766,-2.132,1.306,0,0,0,0,184.3,351.012,354,85.5,0.934,-0.08,0.05,-0.005,21,0,0,0,0,0,0,0,0,0,0,0,0,3066

Main.js:462 317.895,212.422,144,144,-0.805,0.502,-0.04,0.029,54,0,0,1,0,1,0,0,70.249,253.689,-2.431,0.584,243.906,259.072,-2.132,1.306,0,0,0,0,185.235,350.929,352.5,82.5,0.935,-0.082,0.05,-0.007,20,0,0,0,0,0,0,0,0,0,0,0,0,3084

Main.js:462 317.092,212.927,144,144,-0.803,0.505,-0.04,0.029,53,0,0,1,0,1,0,0,67.818,254.273,-2.431,0.584,241.775,260.378,-2.132,1.306,0,0,0,0,186.17,350.844,351,79.5,0.935,-0.086,0.049,-0.008,19,0,0,0,0,0,0,0,0,0,0,0,0,3101

Main.js:462 316.29,213.434,144,144,-0.801,0.508,-0.04,0.029,52,0,0,1,0,1,0,0,65.387,254.857,-2.431,0.584,239.643,261.685,-2.132,1.306,0,0,0,0,187.105,350.754,349.5,76.5,0.935,-0.09,0.049,-0.009,18,0,0,0,0,0,0,0,0,0,0,0,0,3117

Main.js:462 315.491,213.944,144,144,-0.8,0.51,-0.04,0.029,51,0,0,1,0,0,0,0,62.956,255.44,-2.431,0.584,237.512,262.991,-2.132,1.306,0,0,0,0,188.039,350.658,348,73.5,0.935,-0.095,0.049,-0.01,17,0,0,0,0,0,0,0,0,0,0,0,0,3133

Main.js:462 314.692,214.457,144,144,-0.798,0.512,-0.04,0.029,50,0,0,1,0,0,0,0,60.525,256.024,-2.431,0.584,235.38,264.297,-2.132,1.306,0,0,0,0,188.973,350.557,346.5,70.5,0.934,-0.102,0.049,-0.012,16,0,0,0,0,0,0,0,0,0,0,0,0,3150

Main.js:462 313.896,214.971,144,144,-0.797,0.515,-0.04,0.029,49,0,0,1,0,0,0,0,58.095,256.607,-2.431,0.584,233.248,265.603,-2.132,1.306,0,0,0,0,189.907,350.448,345,67.5,0.933,-0.109,0.048,-0.013,15,0,0,0,0,0,0,0,0,0,0,0,0,3168

Main.js:462 313.1,215.488,144,144,-0.795,0.517,-0.04,0.029,48,0,0,1,0,0,0,0,55.664,257.191,-2.431,0.584,231.117,266.91,-2.132,1.306,0,0,0,0,190.839,350.331,343.5,64.5,0.932,-0.117,0.048,-0.014,14,0,0,0,0,0,0,0,0,0,0,0,0,3183

Main.js:462 312.306,216.007,144,144,-0.794,0.519,-0.04,0.029,47,0,0,1,0,0,0,0,53.233,257.775,-2.431,0.584,228.985,268.216,-2.132,1.306,0,0,0,0,191.77,350.205,342,61.5,0.931,-0.126,0.048,-0.015,13,0,0,0,0,0,0,0,0,0,0,0,0,3202

Main.js:462 311.514,216.528,144,144,-0.793,0.521,-0.04,0.029,46,0,0,1,0,0,0,0,50.802,258.358,-2.431,0.584,226.854,269.522,-2.132,1.306,0,0,0,0,192.699,350.069,340.5,58.5,0.929,-0.135,0.047,-0.017,12,0,0,0,0,0,0,0,0,0,0,0,0,3217

Main.js:462 310.722,217.051,144,144,-0.792,0.523,-0.04,0.029,45,0,0,1,0,0,0,0,48.371,258.942,-2.431,0.584,224.722,270.828,-2.132,1.306,0,0,0,0,193.625,349.924,339,55.5,0.927,-0.146,0.047,-0.018,11,0,0,0,0,0,0,0,0,0,0,0,0,3233

Main.js:462 309.932,217.576,144,144,-0.79,0.525,-0.04,0.029,44,0,0,1,0,0,0,0,45.94,259.525,-2.431,0.584,222.59,272.135,-2.132,1.306,0,0,0,0,194.55,349.767,337.5,52.5,0.924,-0.157,0.046,-0.019,10,0,0,0,0,0,0,0,0,0,0,0,0,3250

Main.js:462 309.142,218.102,144,144,-0.789,0.526,-0.04,0.029,43,0,0,1,0,0,0,0,43.509,260.109,-2.431,0.584,220.459,273.441,-2.132,1.306,0,0,0,0,195.471,349.599,336,49.5,0.922,-0.168,0.046,-0.02,9,0,0,0,0,0,0,0,0,0,0,0,0,3267

Main.js:462 308.354,218.63,144,144,-0.788,0.528,-0.04,0.029,42,0,0,1,0,0,0,0,41.078,260.693,-2.431,0.584,218.327,274.747,-2.132,1.306,0,0,0,0,196.39,349.419,334.5,46.5,0.918,-0.18,0.045,-0.022,8,0,0,0,0,0,0,0,0,0,0,0,0,3283

Main.js:462 307.567,219.16,144,144,-0.787,0.529,-0.04,0.029,41,0,0,1,0,0,0,0,38.647,261.276,-2.431,0.584,216.196,276.053,-2.132,1.306,0,0,0,0,197.305,349.227,333,43.5,0.915,-0.193,0.045,-0.023,7,0,0,0,0,0,0,0,0,0,0,0,0,3299

Main.js:462 306.781,219.69,144,144,-0.786,0.531,-0.04,0.029,40,0,0,1,0,0,0,0,36.216,261.86,-2.431,0.584,214.064,277.36,-2.132,1.306,0,0,0,0,198.215,349.021,331.5,40.5,0.911,-0.206,0.044,-0.024,6,0,0,0,0,0,0,0,0,0,0,0,0,3318

Main.js:462 305.995,220.223,144,144,-0.785,0.532,-0.04,0.029,39,0,0,1,0,0,0,0,33.785,262.444,-2.431,0.584,211.932,278.666,-2.132,1.306,0,0,0,0,199.122,348.802,330,37.5,0.906,-0.219,0.043,-0.025,5,0,0,0,0,0,0,0,0,0,0,0,0,3334

Main.js:462 305.211,220.756,144,144,-0.785,0.534,-0.04,0.029,38,0,0,1,0,0,0,0,31.354,263.027,-2.431,0.584,209.801,279.972,-2.132,1.306,0,0,0,0,200.023,348.569,328.5,34.5,0.902,-0.233,0.043,-0.026,4,0,0,0,0,0,0,0,0,0,0,0,0,3352

Main.js:462 304.427,221.291,144,144,-0.784,0.535,-0.04,0.029,37,0,0,1,0,0,0,0,28.923,263.611,-2.431,0.584,207.669,281.278,-2.132,1.306,0,0,0,0,200.92,348.322,327,31.5,0.896,-0.247,0.042,-0.027,3,0,0,0,0,0,0,0,0,0,0,0,0,3368

Main.js:462 303.644,221.827,144,144,-0.783,0.536,-0.04,0.029,36,0,0,1,0,0,0,0,26.493,264.194,-2.431,0.584,205.538,282.585,-2.132,1.306,0,0,0,0,201.81,348.06,325.5,28.5,0.891,-0.262,0.041,-0.028,2,0,0,0,0,0,0,0,0,0,0,0,0,3383

Main.js:462 302.862,222.364,144,144,-0.782,0.537,-0.04,0.029,35,0,0,1,0,0,0,0,24.062,264.778,-2.431,0.584,203.406,283.891,-2.132,1.306,0,0,0,0,202.695,347.783,324,25.5,0.885,-0.277,0.04,-0.029,1,0,0,0,0,0,0,0,0,0,0,0,0,3401

Main.js:462 302.08,222.902,144,144,-0.782,0.538,-0.04,0.029,34,0,0,1,0,1,0,0,21.631,265.362,-2.431,0.584,201.274,285.197,-2.132,1.306,0,0,0,0,203.573,347.492,322.5,22.5,0.878,-0.292,0.04,-0.03,0,0,0,0,0,0,0,0,0,0,0,0,0,3418

Main.js:462 301.299,223.442,144,144,-0.781,0.539,-0.04,0.029,33,0,0,1,0,1,0,0,19.2,265.945,-2.431,0.584,199.143,286.503,-2.132,1.306,0,0,0,0,204.444,347.185,321,19.5,0.871,-0.307,0.039,-0.031,99,0,0,0,0,0,0,0,0,0,0,0,0,3433

Main.js:462 300.519,223.982,144,144,-0.78,0.54,-0.04,0.029,32,0,0,1,0,0,0,0,16.769,266.529,-2.431,0.584,197.011,287.81,-2.132,1.306,0,0,0,0,205.307,346.862,319.5,16.5,0.864,-0.322,0.038,-0.032,98,225.725,355.336,2.357,0.835,0,0,0,0,0,0,0,0,3482

Main.js:462 299.739,224.523,144,144,-0.78,0.541,-0.04,0.029,31,0,0,1,0,0,0,0,14.338,267.112,-2.431,0.584,194.88,289.116,-2.132,1.306,0,0,0,0,206.163,346.524,318,13.5,0.856,-0.338,0.037,-0.033,97,228.082,356.171,2.357,0.835,0,0,0,0,0,0,0,0,3501

Main.js:462 298.96,225.065,144,144,-0.779,0.542,-0.04,0.029,30,0,0,1,0,0,0,0,11.907,267.696,-2.431,0.584,192.748,290.422,-2.132,1.306,0,0,0,0,207.011,346.17,316.5,10.5,0.847,-0.354,0.036,-0.034,96,230.438,357.005,2.357,0.835,0,0,0,0,0,0,0,0,3516

Main.js:462 298.181,225.607,144,144,-0.779,0.543,-0.04,0.029,29,0,0,1,0,0,0,0,9.476,268.28,-2.431,0.584,190.616,291.728,-2.132,1.306,0,0,0,0,207.849,345.8,315,7.5,0.839,-0.37,0.035,-0.035,95,232.795,357.84,2.357,0.835,0,0,0,0,0,0,0,0,3534

Main.js:462 297.404,226.152,142.5,142.5,-0.777,0.545,-0.04,0.03,28,1,0,1,0,0,0,0,7.045,268.863,-2.431,0.584,188.485,293.035,-2.132,1.306,0,0,0,0,208.679,345.414,313.5,4.5,0.829,-0.386,0.034,-0.036,94,235.151,358.674,2.357,0.835,0,0,0,0,0,0,0,0,3551

Main.js:462 296.628,226.699,141,141,-0.775,0.547,-0.039,0.031,27,1,0,1,0,0,0,0,4.614,269.447,-2.431,0.584,186.353,294.341,-2.132,1.306,0,0,0,0,209.498,345.013,312,1.5,0.82,-0.402,0.033,-0.037,93,237.508,359.509,2.357,0.835,0,0,0,0,0,0,0,0,3568

Main.js:462 295.892,227.219,139.5,139.5,-0.737,0.52,0,0,26,1,0,0,0,0,0,0,2.183,270.03,-2.431,0.584,184.221,295.647,-2.132,1.306,0,0,0,0,210.308,344.595,310.5,-1.5,0.81,-0.418,0.032,-0.038,92,239.865,360.343,2.357,0.835,0,0,0,0,0,0,0,0,3584

Main.js:462 295.192,227.713,138,138,-0.7,0.494,0,0,25,1,0,0,0,0,0,0,184.221,295.647,-2.132,1.306,0,0,0,0,0,0,0,0,211.107,344.161,309,-4.5,0.799,-0.434,0.031,-0.039,91,242.221,361.178,2.357,0.835,0,0,0,0,0,0,0,0,3601

Main.js:462 294.527,228.182,136.5,136.5,-0.665,0.469,0,0,24,1,0,0,0,0,0,0,182.09,296.953,-2.132,1.306,0,0,0,0,0,0,0,0,211.895,343.711,307.5,-7.5,0.788,-0.45,0.03,-0.04,90,244.578,362.012,2.357,0.835,0,0,0,0,0,0,0,0,3617

Main.js:462 293.895,228.628,135,135,-0.632,0.446,0,0,23,1,0,0,0,0,0,0,179.958,298.26,-2.132,1.306,0,0,0,0,0,0,0,0,212.671,343.245,306,-10.5,0.776,-0.466,0.029,-0.04,89,246.934,362.847,2.357,0.835,0,0,0,0,0,0,0,0,3633

Main.js:462 293.295,229.051,133.5,133.5,-0.6,0.423,0,0,22,1,0,0,0,1,0,0,177.827,299.566,-2.132,1.306,0,0,0,0,0,0,0,0,213.436,342.764,304.5,-13.5,0.765,-0.482,0.028,-0.041,88,249.291,363.681,2.357,0.835,0,0,0,0,0,0,0,0,3650

Main.js:462 292.725,229.453,132,132,-0.57,0.402,0,0,21,1,0,0,0,1,0,0,175.695,300.872,-2.132,1.306,0,0,0,0,0,0,0,0,214.188,342.266,303,-16.5,0.752,-0.497,0.027,-0.042,87,251.648,364.516,2.357,0.835,0,0,0,0,0,0,0,0,3666

Main.js:462 292.184,229.836,130.5,130.5,-0.542,0.382,0,0,20,1,0,0,0,1,0,0,173.563,302.178,-2.132,1.306,0,0,0,0,0,0,0,0,214.927,341.753,301.5,-19.5,0.739,-0.513,0.026,-0.043,86,254.004,365.35,2.357,0.835,0,0,0,0,0,0,0,0,3684

Main.js:462 291.669,230.199,129,129,-0.514,0.363,0,0,19,1,0,0,0,1,0,0,171.432,303.485,-2.132,1.306,0,0,0,0,0,0,0,0,215.653,341.225,300,-22.5,0.726,-0.529,0.025,-0.043,85,256.361,366.185,2.357,0.835,0,0,0,0,0,0,0,0,3702

Main.js:462 291.18,230.543,127.5,127.5,-0.489,0.345,0,0,18,1,0,0,0,1,0,0,169.3,304.791,-2.132,1.306,0,0,0,0,0,0,0,0,216.366,340.681,298.5,-25.5,0.713,-0.544,0.024,-0.044,84,258.717,367.019,2.357,0.835,0,0,0,0,0,0,0,0,3718

Main.js:462 290.716,230.871,126,126,-0.464,0.328,0,0,17,1,0,0,0,1,0,0,167.169,306.097,-2.132,1.306,0,0,0,0,0,0,0,0,217.064,340.122,297,-28.5,0.698,-0.559,0.023,-0.045,83,261.074,367.854,2.357,0.835,0,0,0,0,0,0,0,0,3733

Main.js:462 290.275,231.182,124.5,124.5,-0.441,0.311,0,0,16,1,0,0,0,0,0,0,165.037,307.403,-2.132,1.306,0,0,0,0,0,0,0,0,217.748,339.548,295.5,-31.5,0.684,-0.574,0.022,-0.045,82,263.431,368.688,2.357,0.835,0,0,0,0,0,0,0,0,3750

Main.js:462 289.856,231.478,123,123,-0.419,0.296,0,0,15,1,0,0,0,0,0,0,162.905,308.71,-2.132,1.306,0,0,0,0,0,0,0,0,218.417,338.96,294,-34.5,0.669,-0.589,0.02,-0.046,81,265.787,369.523,2.357,0.835,0,0,0,0,0,0,0,0,3767

Main.js:462 289.458,231.759,121.5,121.5,-0.398,0.281,0,0,14,1,0,0,0,0,0,0,160.774,310.016,-2.132,1.306,0,0,0,0,0,0,0,0,219.071,338.357,292.5,-37.5,0.654,-0.603,0.019,-0.046,80,268.144,370.357,2.357,0.835,0,0,0,0,0,0,0,0,3785

Main.js:462 289.08,232.026,120,120,-0.378,0.267,0,0,13,1,0,0,0,0,0,0,158.642,311.322,-2.132,1.306,0,0,0,0,0,0,0,0,219.709,337.739,291,-40.5,0.638,-0.617,0.018,-0.047,79,270.5,371.192,2.357,0.835,0,0,0,0,0,0,0,0,3802

Main.js:462 288.721,232.279,118.5,118.5,-0.359,0.254,0,0,12,1,0,0,0,0,0,0,156.511,312.628,-2.132,1.306,0,0,0,0,0,0,0,0,220.332,337.108,289.5,-43.5,0.622,-0.631,0.017,-0.047,78,272.857,372.026,2.357,0.835,0,0,0,0,0,0,0,0,3818

Main.js:462 288.379,232.52,117,117,-0.341,0.241,0,0,11,1,0,0,0,1,0,0,154.379,313.935,-2.132,1.306,0,0,0,0,0,0,0,0,220.937,336.463,288,-46.5,0.606,-0.645,0.015,-0.048,77,275.214,372.861,2.357,0.835,0,0,0,0,0,0,0,0,3833

Main.js:462 288.055,232.749,115.5,115.5,-0.324,0.229,0,0,10,1,0,0,0,1,0,0,152.247,315.241,-2.132,1.306,0,0,0,0,0,0,0,0,221.526,335.805,286.5,-49.5,0.589,-0.658,0.014,-0.048,76,277.57,373.695,2.357,0.835,0,0,0,0,0,0,0,0,3852

Main.js:462 287.747,232.966,114,114,-0.308,0.217,0,0,9,1,0,0,0,1,0,0,150.116,316.547,-2.132,1.306,0,0,0,0,0,0,0,0,222.098,335.134,285,-52.5,0.572,-0.671,0.013,-0.048,75,279.927,374.53,2.357,0.835,0,0,0,0,0,0,0,0,3866

Main.js:462 287.454,233.173,114,114,-0.293,0.206,0,0,8,0,0,0,0,0,0,0,147.984,317.853,-2.132,1.306,0,0,0,0,0,0,0,0,222.652,334.451,283.5,-55.5,0.554,-0.684,0.012,-0.049,74,282.283,375.364,2.357,0.835,0,0,0,0,0,0,0,0,3917

Main.js:462 287.176,233.369,114,114,-0.278,0.196,0,0,7,0,0,0,0,0,0,0,145.853,319.16,-2.132,1.306,0,0,0,0,0,0,0,0,223.189,333.755,282,-58.5,0.536,-0.696,0.01,-0.049,73,284.64,376.199,2.357,0.835,0,0,0,0,0,0,0,0,3936

Main.js:462 286.912,233.555,114,114,-0.264,0.186,0,0,6,0,0,0,0,0,0,0,143.721,320.466,-2.132,1.306,0,0,0,0,0,0,0,0,223.707,333.047,280.5,-61.5,0.518,-0.708,0.009,-0.049,72,286.997,377.033,2.357,0.835,0,0,0,0,0,0,0,0,3951

Main.js:462 286.661,233.732,114,114,-0.251,0.177,0,0,5,0,0,0,0,0,0,0,141.589,321.772,-2.132,1.306,0,0,0,0,0,0,0,0,224.207,332.327,279,-64.5,0.5,-0.719,0.008,-0.049,71,289.353,377.868,2.357,0.835,0,0,0,0,0,0,0,0,3966

Main.js:462 286.423,233.9,114,114,-0.238,0.168,0,0,4,0,0,0,0,0,0,0,139.458,323.078,-2.132,1.306,0,0,0,0,0,0,0,0,224.688,331.597,277.5,-67.5,0.481,-0.731,0.007,-0.05,70,291.71,378.703,2.357,0.835,0,0,0,0,0,0,0,0,3982

Main.js:462 286.197,234.06,114,114,-0.226,0.16,0,0,3,0,0,0,0,1,0,0,137.326,324.385,-2.132,1.306,0,0,0,0,0,0,0,0,225.149,330.856,276,-70.5,0.462,-0.741,0.005,-0.05,69,294.066,379.537,2.357,0.835,0,0,0,0,0,0,0,0,4000

Main.js:462 285.981,234.212,114,114,-0.215,0.152,0,0,2,0,0,0,0,1,0,0,135.195,325.691,-2.132,1.306,0,0,0,0,0,0,0,0,225.594,330.104,277.5,-70.5,0.445,-0.751,0.007,-0.05,68,296.423,380.372,2.357,0.835,0,0,0,0,0,0,0,0,4017

Main.js:462 285.777,234.356,114,114,-0.204,0.144,0,0,1,0,0,0,0,1,0,0,133.063,326.997,-2.132,1.306,0,0,0,0,0,0,0,0,226.025,329.344,279,-70.5,0.43,-0.761,0.008,-0.049,67,298.78,381.206,2.357,0.835,0,0,0,0,0,0,0,0,4034

Main.js:462 285.583,234.493,114,114,-0.194,0.137,0,0,0,0,0,0,0,1,0,0,130.931,328.303,-2.132,1.306,0,0,0,0,0,0,0,0,226.442,328.575,280.5,-70.5,0.417,-0.769,0.009,-0.049,66,301.136,382.041,2.357,0.835,0,0,0,0,0,0,0,0,4049

Main.js:462 285.399,234.623,114,114,-0.184,0.13,0,0,99,0,0,0,0,1,0,0,128.8,329.61,-2.132,1.306,0,0,0,0,0,0,0,0,226.848,327.797,282,-70.5,0.406,-0.777,0.01,-0.049,65,303.493,382.875,2.357,0.835,0,0,0,0,0,0,0,0,4066

Main.js:462 285.223,234.747,114,114,-0.175,0.124,0,0,98,0,0,0,0,0,0,0,126.668,330.916,-2.132,1.306,276.025,255.962,-1.017,2.284,0,0,0,0,227.245,327.013,283.5,-70.5,0.397,-0.785,0.012,-0.049,64,305.849,383.71,2.357,0.835,0,0,0,0,0,0,0,0,4100

Main.js:462 285.057,234.864,114,114,-0.166,0.117,0,0,97,0,0,0,0,0,0,0,124.537,332.222,-2.132,1.306,275.008,258.245,-1.017,2.284,0,0,0,0,227.635,326.221,285,-70.5,0.39,-0.791,0.013,-0.048,63,308.206,384.544,2.357,0.835,0,0,0,0,0,0,0,0,4117

Main.js:462 284.899,234.976,114,114,-0.158,0.112,0,0,96,0,0,0,0,0,0,0,122.405,333.528,-2.132,1.306,273.991,260.529,-1.017,2.284,0,0,0,0,228.018,325.424,286.5,-70.5,0.384,-0.797,0.014,-0.048,62,310.563,385.379,2.357,0.835,0,0,0,0,0,0,0,0,4134

Main.js:462 284.749,235.082,114,114,-0.15,0.106,0,0,95,0,0,0,0,0,0,0,120.273,334.835,-2.132,1.306,272.974,262.813,-1.017,2.284,0,0,0,0,228.397,324.622,288,-70.5,0.379,-0.803,0.015,-0.048,61,312.919,386.213,2.357,0.835,0,0,0,0,0,0,0,0,4151

Main.js:462 284.606,235.183,114,114,-0.143,0.101,0,0,94,0,0,0,0,1,0,0,118.142,336.141,-2.132,1.306,271.957,265.097,-1.017,2.284,0,0,0,0,228.773,323.814,289.5,-70.5,0.376,-0.807,0.017,-0.047,60,315.276,387.048,2.357,0.835,0,0,0,0,0,0,0,0,4166

Main.js:462 284.47,235.278,114,114,-0.136,0.096,0,0,93,0,0,0,0,1,0,0,116.01,337.447,-2.132,1.306,270.94,267.381,-1.017,2.284,0,0,0,0,229.148,323.003,291,-70.5,0.374,-0.811,0.018,-0.047,59,317.632,387.882,2.357,0.835,0,0,0,0,0,0,0,0,4184

Main.js:462 284.342,235.369,114,114,-0.129,0.091,0,0,92,0,0,0,0,1,0,0,113.879,338.753,-2.132,1.306,269.924,269.665,-1.017,2.284,0,0,0,0,229.521,322.189,292.5,-70.5,0.374,-0.815,0.019,-0.046,58,319.989,388.717,2.357,0.835,0,0,0,0,0,0,0,0,4202

Main.js:462 284.219,235.456,114,114,-0.122,0.086,0,0,91,0,0,0,0,1,0,0,111.747,340.06,-2.132,1.306,268.907,271.949,-1.017,2.284,0,0,0,0,229.896,321.372,294,-70.5,0.374,-0.817,0.02,-0.046,57,322.346,389.551,2.357,0.835,0,0,0,0,0,0,0,0,4217

Main.js:462 284.103,235.538,114,114,-0.116,0.082,0,0,90,0,0,0,0,1,0,0,109.615,341.366,-2.132,1.306,267.89,274.232,-1.017,2.284,0,0,0,0,230.272,320.552,295.5,-70.5,0.376,-0.819,0.022,-0.045,56,324.702,390.386,2.357,0.835,0,0,0,0,0,0,0,0,4234

Main.js:462 283.993,235.616,114,114,-0.11,0.078,0,0,89,0,0,0,0,1,0,0,107.484,342.672,-2.132,1.306,266.873,276.516,-1.017,2.284,0,0,0,0,230.65,319.732,297,-70.5,0.379,-0.821,0.023,-0.045,55,327.059,391.22,2.357,0.835,0,0,0,0,0,0,0,0,4251

Main.js:462 283.888,235.69,115.5,115.5,-0.105,0.074,0,0,88,0,1,0,0,1,0,0,105.352,343.978,-2.132,1.306,265.856,278.8,-1.017,2.284,0,0,0,0,231.033,318.911,298.5,-70.5,0.383,-0.821,0.024,-0.044,54,329.416,392.055,2.357,0.835,0,0,0,0,0,0,0,0,4266

Main.js:462 283.788,235.76,117,117,-0.1,0.07,0,0,87,0,1,0,0,0,0,0,103.221,345.284,-2.132,1.306,264.839,281.084,-1.017,2.284,0,0,0,0,231.42,318.089,300,-70.5,0.387,-0.821,0.025,-0.043,53,331.772,392.889,2.357,0.835,0,0,0,0,0,0,0,0,4284

Main.js:462 283.693,235.827,118.5,118.5,-0.095,0.067,0,0,86,0,1,0,0,0,0,0,101.089,346.591,-2.132,1.306,263.823,283.368,-1.017,2.284,0,0,0,0,231.813,317.268,301.5,-70.5,0.393,-0.821,0.026,-0.043,52,334.129,393.724,2.357,0.835,0,0,0,0,0,0,0,0,4300

Main.js:462 283.603,235.89,120,120,-0.09,0.063,0,0,85,0,1,0,0,0,0,0,98.957,347.897,-2.132,1.306,262.806,285.652,-1.017,2.284,0,0,0,0,232.211,316.449,303,-70.5,0.399,-0.82,0.027,-0.042,51,336.485,394.558,2.357,0.835,0,0,0,0,0,0,0,0,4317

Main.js:462 283.518,235.95,121.5,121.5,-0.085,0.06,0,0,84,0,1,0,0,0,0,0,96.826,349.203,-2.132,1.306,261.789,287.936,-1.017,2.284,0,0,0,0,232.617,315.631,304.5,-70.5,0.406,-0.818,0.028,-0.041,50,338.842,395.393,2.357,0.835,0,0,0,0,0,0,0,0,4333

Main.js:462 283.437,236.008,123,123,-0.081,0.057,0,0,83,0,1,0,0,0,0,0,94.694,350.509,-2.132,1.306,260.772,290.219,-1.017,2.284,0,0,0,0,233.031,314.816,306,-70.5,0.413,-0.815,0.029,-0.04,49,341.199,396.227,2.357,0.835,0,0,0,0,0,0,0,0,4352

Main.js:462 283.36,236.062,124.5,124.5,-0.077,0.054,0,0,82,0,1,0,0,1,0,0,92.563,351.816,-2.132,1.306,259.755,292.503,-1.017,2.284,0,0,0,0,233.452,314.004,307.5,-70.5,0.422,-0.812,0.03,-0.04,48,343.555,397.062,2.357,0.835,0,0,0,0,0,0,0,0,4367

Main.js:462 283.286,236.114,126,126,-0.073,0.052,0,0,81,0,1,0,0,1,0,0,90.431,353.122,-2.132,1.306,258.738,294.787,-1.017,2.284,0,0,0,0,233.883,313.195,309,-70.5,0.43,-0.809,0.031,-0.039,47,345.912,397.896,2.357,0.835,0,0,0,0,0,0,0,0,4383

Main.js:462 283.217,236.163,126,126,-0.07,0.049,0,0,80,0,0,0,0,1,0,0,88.299,354.428,-2.132,1.306,257.722,297.071,-1.017,2.284,0,0,0,0,234.323,312.391,310.5,-70.5,0.44,-0.804,0.032,-0.038,46,348.268,398.731,2.357,0.835,0,0,0,0,0,0,0,0,4400

Main.js:462 283.151,236.21,126,126,-0.066,0.047,0,0,79,0,0,0,0,1,0,0,86.168,355.734,-2.132,1.306,256.705,299.355,-1.017,2.284,0,0,0,0,234.772,311.592,312,-70.5,0.45,-0.799,0.033,-0.037,45,350.625,399.565,2.357,0.835,0,0,0,0,0,0,0,0,4418

Main.js:462 283.088,236.254,126,126,-0.063,0.044,0,0,78,0,0,0,0,1,0,0,84.036,357.041,-2.132,1.306,255.688,301.639,-1.017,2.284,0,0,0,0,235.232,310.798,313.5,-70.5,0.46,-0.794,0.034,-0.036,44,352.982,400.4,2.357,0.835,0,0,0,0,0,0,0,0,4434

Main.js:462 283.028,236.296,126,126,-0.06,0.042,0,0,77,0,0,0,0,1,0,0,81.905,358.347,-2.132,1.306,254.671,303.923,-1.017,2.284,0,0,0,0,235.703,310.01,315,-70.5,0.47,-0.788,0.035,-0.035,43,355.338,401.234,2.357,0.835,0,0,0,0,0,0,0,0,4451

Main.js:462 282.972,236.336,126,126,-0.057,0.04,0,0,76,0,0,0,0,0,0,0,79.773,359.653,-2.132,1.306,253.654,306.207,-1.017,2.284,0,0,0,0,236.184,309.229,316.5,-70.5,0.481,-0.781,0.036,-0.034,42,357.695,402.069,2.357,0.835,0,0,0,0,0,0,0,0,4468

Main.js:462 282.918,236.374,126,126,-0.054,0.038,0,0,75,0,0,0,0,0,0,0,77.641,360.959,-2.132,1.306,252.637,308.49,-1.017,2.284,0,0,0,0,236.676,308.455,318,-70.5,0.493,-0.774,0.037,-0.033,41,360.051,402.904,2.357,0.835,0,0,0,0,0,0,0,0,4484

Main.js:462 282.867,236.41,126,126,-0.051,0.036,0,0,74,0,0,0,0,0,0,0,77.641,360.959,-2.132,1.306,252.637,308.49,-1.017,2.284,0,0,0,0,237.181,307.69,319.5,-70.5,0.504,-0.766,0.038,-0.032,40,362.408,403.738,2.357,0.835,0,0,0,0,0,0,0,0,4501

