Main.js:143 myTank.x,myTank.y,myTank.rotation,myTank.cannonRotation,myTank.velocityX,myTank.velocityY,myTank.accelerationX,myTank.accelerationY,myTank.shootCooldown,myTank.controls.turnLeft,myTank.controls.turnRight,myTank.controls.goForward,myTank.controls.goBack,myTank.controls.shoot,myTank.controls.cannonLeft,myTank.controls.cannonRight,myBullet1.x,myBullet1.y,myBullet1.velocityX,myBullet1.velocityY,myBullet2.x,myBullet2.y,myBullet2.velocityX,myBullet2.velocityY,myBullet3.x,myBullet3.y,myBullet3.velocityX,myBullet3.velocityY,enemyTank.x,enemyTank.y,enemyTank.rotation,enemyTank.cannonRotation,enemyTank.velocityX,enemyTank.velocityY,enemyTank.accelerationX,enemyTank.accelerationY,enemyTank.shootCooldown,enemyBullet1.x,enemyBullet1.y,enemyBullet1.velocityX,enemyBullet1.velocityY,enemyBullet2.x,enemyBullet2.y,enemyBullet2.velocityX,enemyBullet2.velocityY,enemyBullet3.x,enemyBullet3.y,enemyBullet3.velocityX,enemyBullet3.velocityY,currentGameTime
Main.js:462 50,374,0,0,0,0,0,0,0,0,0,0,0,0,0,0,0,0,0,0,0,0,0,0,0,0,0,0,450,126,180,180,0,0,0,0,0,0,0,0,0,0,0,0,0,0,0,0,0,6

Main.js:462 50,374,0,0,0,0,0,0,0,0,0,0,0,0,0,0,0,0,0,0,0,0,0,0,0,0,0,0,450,126,180,180,0,0,0,0,0,0,0,0,0,0,0,0,0,0,0,0,0,33

Main.js:462 50,374,0,0,0,0,0,0,0,0,0,0,0,0,0,0,0,0,0,0,0,0,0,0,0,0,0,0,449.953,125.999,181.5,180,-0.047,-0.001,-0.05,-0.001,99,0,0,0,0,0,0,0,0,0,0,0,0,48

Main.js:462 50,374,0,0,0,0,0,0,0,0,0,0,0,0,0,0,0,0,0,0,0,0,0,0,0,0,0,0,449.86,125.995,183,180,-0.093,-0.004,-0.05,-0.003,98,426.5,126,-2.5,0,0,0,0,0,0,0,0,0,66

Main.js:462 50,374,0,0,0,0,0,0,0,0,0,0,0,0,0,0,0,0,0,0,0,0,0,0,0,0,0,0,449.725,125.988,184.5,180,-0.135,-0.007,-0.05,-0.004,97,424,126,-2.5,0,0,0,0,0,0,0,0,0,81

Main.js:462 50,374,0,0,0,0,0,0,0,0,0,0,0,0,0,0,0,0,0,0,0,0,0,0,0,0,0,0,449.549,125.976,186,180,-0.176,-0.012,-0.05,-0.005,96,421.5,126,-2.5,0,0,0,0,0,0,0,0,0,98

Main.js:462 50,374,0,0,0,0,0,0,0,0,0,0,0,0,0,0,0,0,0,0,0,0,0,0,0,0,0,0,449.335,125.959,187.5,180,-0.214,-0.017,-0.05,-0.007,95,419,126,-2.5,0,0,0,0,0,0,0,0,0,115

Main.js:462 50,374,0,0,0,0,0,0,0,0,0,0,0,0,0,0,0,0,0,0,0,0,0,0,0,0,0,0,449.085,125.935,189,180,-0.25,-0.024,-0.049,-0.008,94,416.5,126,-2.5,0,0,0,0,0,0,0,0,0,131

Main.js:462 50.048,374,0,0,0.048,0,0.05,0,0,0,0,1,0,0,0,0,0,0,0,0,0,0,0,0,0,0,0,0,448.8,125.903,190.5,180,-0.284,-0.031,-0.049,-0.009,93,414,126,-2.5,0,0,0,0,0,0,0,0,0,148

Main.js:462 50.14,374,0,0,0.093,0,0.05,0,0,0,0,1,0,0,0,0,0,0,0,0,0,0,0,0,0,0,0,0,448.483,125.863,192,180,-0.317,-0.04,-0.049,-0.01,92,411.5,126,-2.5,0,0,0,0,0,0,0,0,0,165

Main.js:462 50.276,374,0,0,0.135,0,0.05,0,0,0,0,1,0,0,0,0,0,0,0,0,0,0,0,0,0,0,0,0,448.136,125.815,193.5,180,-0.347,-0.049,-0.049,-0.012,91,409,126,-2.5,0,0,0,0,0,0,0,0,0,182

Main.js:462 50.452,374,0,0,0.176,0,0.05,0,0,0,0,1,0,0,0,0,0,0,0,0,0,0,0,0,0,0,0,0,447.761,125.756,195,180,-0.376,-0.059,-0.048,-0.013,90,406.5,126,-2.5,0,0,0,0,0,0,0,0,0,197

Main.js:462 50.667,374,0,0,0.215,0,0.05,0,0,0,0,1,0,0,0,0,0,0,0,0,0,0,0,0,0,0,0,0,447.359,125.687,196.5,180,-0.402,-0.069,-0.048,-0.014,89,404,126,-2.5,0,0,0,0,0,0,0,0,0,215

Main.js:462 50.918,374,0,0,0.252,0,0.05,0,0,0,0,1,0,0,0,0,0,0,0,0,0,0,0,0,0,0,0,0,446.931,125.606,198,180,-0.427,-0.08,-0.048,-0.015,88,401.5,126,-2.5,0,0,0,0,0,0,0,0,0,232

Main.js:462 51.205,374,0,0,0.287,0,0.05,0,0,0,0,1,0,0,0,0,0,0,0,0,0,0,0,0,0,0,0,0,446.48,125.514,199.5,180,-0.451,-0.092,-0.047,-0.017,87,399,126,-2.5,0,0,0,0,0,0,0,0,0,249

Main.js:462 51.525,374,0,0,0.32,0,0.05,0,0,0,0,1,0,0,0,0,0,0,0,0,0,0,0,0,0,0,0,0,446.008,125.409,201,180,-0.473,-0.105,-0.047,-0.018,86,396.5,126,-2.5,0,0,0,0,0,0,0,0,0,264

Main.js:462 51.876,374,0,0,0.351,0,0.05,0,0,0,0,1,0,0,0,0,0,0,0,0,0,0,0,0,0,0,0,0,445.515,125.292,202.5,180,-0.493,-0.118,-0.046,-0.019,85,394,126,-2.5,0,0,0,0,0,0,0,0,0,281

Main.js:462 52.257,374,0,0,0.381,0,0.05,0,0,0,0,1,0,0,0,0,0,0,0,0,0,0,0,0,0,0,0,0,445.003,125.16,204,180,-0.512,-0.131,-0.046,-0.02,84,391.5,126,-2.5,0,0,0,0,0,0,0,0,0,298

Main.js:462 52.667,373.999,358.5,358.5,0.41,-0.001,0.05,-0.001,0,1,0,1,0,0,0,0,0,0,0,0,0,0,0,0,0,0,0,0,444.474,125.015,205.5,180,-0.529,-0.145,-0.045,-0.022,83,389,126,-2.5,0,0,0,0,0,0,0,0,0,314

Main.js:462 53.103,373.995,357,357,0.437,-0.004,0.05,-0.003,0,1,0,1,0,0,0,0,0,0,0,0,0,0,0,0,0,0,0,0,443.93,124.856,207,180,-0.545,-0.159,-0.045,-0.023,82,386.5,126,-2.5,0,0,0,0,0,0,0,0,0,332

Main.js:462 53.566,373.988,355.5,355.5,0.462,-0.007,0.05,-0.004,0,1,0,1,0,0,0,0,0,0,0,0,0,0,0,0,0,0,0,0,443.37,124.682,208.5,180,-0.559,-0.174,-0.044,-0.024,81,384,126,-2.5,0,0,0,0,0,0,0,0,0,349

Main.js:462 54.052,373.976,354,354,0.486,-0.012,0.05,-0.005,0,1,0,1,0,0,0,0,0,0,0,0,0,0,0,0,0,0,0,0,442.798,124.493,210,180,-0.572,-0.189,-0.043,-0.025,80,381.5,126,-2.5,0,0,0,0,0,0,0,0,0,365

Main.js:462 54.561,373.959,352.5,352.5,0.509,-0.017,0.05,-0.007,0,1,0,1,0,0,0,0,0,0,0,0,0,0,0,0,0,0,0,0,442.213,124.289,211.5,180,-0.584,-0.204,-0.043,-0.026,79,379,126,-2.5,0,0,0,0,0,0,0,0,0,381

Main.js:462 55.091,373.935,351,351,0.53,-0.024,0.049,-0.008,0,1,0,1,0,0,0,0,0,0,0,0,0,0,0,0,0,0,0,0,441.618,124.069,213,180,-0.595,-0.22,-0.042,-0.027,78,376.5,126,-2.5,0,0,0,0,0,0,0,0,0,398

Main.js:462 55.642,373.903,349.5,349.5,0.551,-0.031,0.049,-0.009,0,1,0,1,0,0,0,0,0,0,0,0,0,0,0,0,0,0,0,0,441.014,123.833,214.5,180,-0.604,-0.236,-0.041,-0.028,77,374,126,-2.5,0,0,0,0,0,0,0,0,0,416

Main.js:462 56.211,373.863,348,348,0.57,-0.04,0.049,-0.01,99,1,0,1,0,1,0,0,0,0,0,0,0,0,0,0,0,0,0,0,440.402,123.581,216,180,-0.613,-0.252,-0.04,-0.029,76,371.5,126,-2.5,0,0,0,0,0,0,0,0,0,464

Main.js:462 56.799,373.815,346.5,346.5,0.587,-0.049,0.049,-0.012,98,1,0,1,0,1,0,0,78.628,369.017,2.445,-0.52,0,0,0,0,0,0,0,0,439.782,123.312,217.5,180,-0.62,-0.268,-0.04,-0.03,75,369,126,-2.5,0,0,0,0,0,0,0,0,0,480

Main.js:462 57.403,373.756,345,345,0.604,-0.059,0.048,-0.013,97,1,0,1,0,1,0,0,81.074,368.498,2.445,-0.52,0,0,0,0,0,0,0,0,439.156,123.027,219,180,-0.626,-0.285,-0.039,-0.031,74,366.5,126,-2.5,0,0,0,0,0,0,0,0,0,498

Main.js:462 58.022,373.688,345,345,0.62,-0.068,0.048,-0.013,96,0,0,1,0,1,0,0,83.519,367.978,2.445,-0.52,0,0,0,0,0,0,0,0,438.526,122.726,220.5,180,-0.63,-0.301,-0.038,-0.032,73,364,126,-2.5,0,0,0,0,0,0,0,0,0,514

Main.js:462 58.657,373.611,345,345,0.634,-0.077,0.048,-0.013,95,0,0,1,0,0,0,0,85.964,367.458,2.445,-0.52,0,0,0,0,0,0,0,0,437.891,122.409,220.5,178.5,-0.635,-0.317,-0.038,-0.032,72,361.5,126,-2.5,0,0,0,0,0,0,0,0,0,530

Main.js:462 59.305,373.526,345,345,0.649,-0.085,0.048,-0.013,94,0,0,1,0,0,0,0,88.41,366.938,2.445,-0.52,0,0,0,0,0,0,0,0,437.252,122.076,220.5,177,-0.639,-0.332,-0.038,-0.032,71,359,126,-2.5,0,0,0,0,0,0,0,0,0,548

Main.js:462 59.967,373.432,345,345,0.662,-0.093,0.048,-0.013,93,0,0,1,0,0,0,0,90.855,366.418,2.445,-0.52,0,0,0,0,0,0,0,0,436.608,121.73,220.5,175.5,-0.644,-0.346,-0.038,-0.032,70,356.5,126,-2.5,0,0,0,0,0,0,0,0,0,565

Main.js:462 60.642,373.331,345,345,0.675,-0.101,0.048,-0.013,92,0,0,1,0,0,0,0,93.301,365.899,2.445,-0.52,0,0,0,0,0,0,0,0,435.961,121.37,220.5,174,-0.647,-0.36,-0.038,-0.032,69,354,126,-2.5,0,0,0,0,0,0,0,0,0,581

Main.js:462 61.329,373.223,345,345,0.687,-0.108,0.048,-0.013,91,0,0,1,0,0,0,0,95.746,365.379,2.445,-0.52,0,0,0,0,0,0,0,0,435.309,120.997,220.5,172.5,-0.651,-0.373,-0.038,-0.032,68,351.5,126,-2.5,0,0,0,0,0,0,0,0,0,598

Main.js:462 62.027,373.108,345,345,0.698,-0.115,0.048,-0.013,90,0,0,1,0,0,0,0,98.191,364.859,2.445,-0.52,0,0,0,0,0,0,0,0,434.655,120.612,220.5,171,-0.655,-0.385,-0.038,-0.032,67,349,126,-2.5,0,0,0,0,0,0,0,0,0,613

Main.js:462 62.737,372.986,345,345,0.709,-0.122,0.048,-0.013,89,0,0,1,0,1,0,0,100.637,364.339,2.445,-0.52,0,0,0,0,0,0,0,0,433.997,120.215,220.5,169.5,-0.658,-0.397,-0.038,-0.032,66,346.5,126,-2.5,0,0,0,0,0,0,0,0,0,631

Main.js:462 63.457,372.858,345,345,0.72,-0.128,0.048,-0.013,88,0,0,1,0,1,0,0,103.082,363.819,2.445,-0.52,0,0,0,0,0,0,0,0,433.335,119.808,220.5,168,-0.661,-0.408,-0.038,-0.032,65,344,126,-2.5,0,0,0,0,0,0,0,0,0,647

Main.js:462 64.186,372.724,345,345,0.73,-0.134,0.048,-0.013,87,0,0,1,0,1,0,0,105.527,363.3,2.445,-0.52,0,0,0,0,0,0,0,0,432.671,119.39,220.5,166.5,-0.664,-0.418,-0.038,-0.032,64,341.5,126,-2.5,0,0,0,0,0,0,0,0,0,664

Main.js:462 64.926,372.585,345,345,0.739,-0.139,0.048,-0.013,86,0,0,1,0,1,0,0,107.973,362.78,2.445,-0.52,0,0,0,0,0,0,0,0,432.003,118.961,220.5,165,-0.667,-0.428,-0.038,-0.032,63,339,126,-2.5,0,0,0,0,0,0,0,0,0,681

Main.js:462 65.674,372.44,345,345,0.748,-0.145,0.048,-0.013,85,0,0,1,0,1,0,0,110.418,362.26,2.445,-0.52,0,0,0,0,0,0,0,0,431.333,118.524,220.5,163.5,-0.67,-0.438,-0.038,-0.032,62,336.5,126,-2.5,0,0,0,0,0,0,0,0,0,699

Main.js:462 66.43,372.29,345,345,0.757,-0.15,0.048,-0.013,84,0,0,1,0,0,0,0,112.864,361.74,2.445,-0.52,0,0,0,0,0,0,0,0,430.661,118.077,220.5,162,-0.673,-0.446,-0.038,-0.032,61,334,126,-2.5,0,0,0,0,0,0,0,0,0,715

Main.js:462 67.195,372.136,345,345,0.765,-0.155,0.048,-0.013,83,0,0,1,0,0,0,0,115.309,361.221,2.445,-0.52,0,0,0,0,0,0,0,0,429.986,117.622,220.5,160.5,-0.675,-0.455,-0.038,-0.032,60,331.5,126,-2.5,0,0,0,0,0,0,0,0,0,731

Main.js:462 67.967,371.977,345,345,0.772,-0.159,0.048,-0.013,82,0,0,1,0,0,0,0,117.754,360.701,2.445,-0.52,0,0,0,0,0,0,0,0,429.308,117.159,220.5,159,-0.678,-0.463,-0.038,-0.032,59,329,126,-2.5,0,0,0,0,0,0,0,0,0,749

Main.js:462 68.746,371.813,345,345,0.78,-0.163,0.048,-0.013,81,0,0,1,0,0,0,0,120.2,360.181,2.445,-0.52,0,0,0,0,0,0,0,0,428.628,116.688,220.5,157.5,-0.68,-0.471,-0.038,-0.032,58,326.5,126,-2.5,0,0,0,0,0,0,0,0,0,765

Main.js:462 69.533,371.645,345,345,0.786,-0.168,0.048,-0.013,80,0,0,1,0,0,0,0,122.645,359.661,2.445,-0.52,0,0,0,0,0,0,0,0,427.946,116.21,220.5,156,-0.682,-0.478,-0.038,-0.032,57,324,126,-2.5,0,0,0,0,0,0,0,0,0,782

Main.js:462 70.326,371.474,345,345,0.793,-0.172,0.048,-0.013,79,0,0,1,0,1,0,0,125.09,359.141,2.445,-0.52,0,0,0,0,0,0,0,0,427.262,115.725,220.5,154.5,-0.684,-0.485,-0.038,-0.032,56,321.5,126,-2.5,0,0,0,0,0,0,0,0,0,799

Main.js:462 71.125,371.299,345,345,0.799,-0.175,0.048,-0.013,78,0,0,1,0,1,0,0,127.536,358.622,2.445,-0.52,0,0,0,0,0,0,0,0,426.577,115.234,220.5,153,-0.686,-0.492,-0.038,-0.032,55,319,126,-2.5,0,0,0,0,0,0,0,0,0,814

Main.js:462 71.93,371.12,345,345,0.805,-0.179,0.048,-0.013,77,0,0,1,0,1,0,0,129.981,358.102,2.445,-0.52,0,0,0,0,0,0,0,0,425.889,114.736,220.5,151.5,-0.688,-0.498,-0.038,-0.032,54,316.5,126,-2.5,0,0,0,0,0,0,0,0,0,833

Main.js:462 72.741,370.938,345,345,0.811,-0.182,0.048,-0.013,76,0,0,1,0,1,0,0,132.426,357.582,2.445,-0.52,0,0,0,0,0,0,0,0,425.199,114.232,220.5,150,-0.689,-0.504,-0.038,-0.032,53,314,126,-2.5,0,0,0,0,0,0,0,0,0,849

Main.js:462 73.557,370.752,345,345,0.816,-0.185,0.048,-0.013,75,0,0,1,0,1,0,0,134.872,357.062,2.445,-0.52,0,0,0,0,0,0,0,0,424.508,113.722,220.5,148.5,-0.691,-0.51,-0.038,-0.032,52,311.5,126,-2.5,0,0,0,0,0,0,0,0,0,865

Main.js:462 74.378,370.564,345,345,0.821,-0.188,0.048,-0.013,74,0,0,1,0,0,0,0,137.317,356.543,2.445,-0.52,0,0,0,0,0,0,0,0,423.816,113.207,220.5,147,-0.693,-0.515,-0.038,-0.032,51,309,126,-2.5,0,0,0,0,0,0,0,0,0,881

Main.js:462 75.204,370.373,345,345,0.826,-0.191,0.048,-0.013,73,0,0,1,0,0,0,0,139.763,356.023,2.445,-0.52,0,0,0,0,0,0,0,0,423.122,112.687,220.5,145.5,-0.694,-0.52,-0.038,-0.032,50,306.5,126,-2.5,0,0,0,0,0,0,0,0,0,898

Main.js:462 76.035,370.179,345,345,0.831,-0.194,0.048,-0.013,72,0,0,1,0,0,0,0,142.208,355.503,2.445,-0.52,0,0,0,0,0,0,0,0,422.426,112.163,220.5,144,-0.696,-0.525,-0.038,-0.032,49,304,126,-2.5,0,0,0,0,0,0,0,0,0,914

Main.js:462 76.87,369.982,345,345,0.835,-0.197,0.048,-0.013,71,0,0,1,0,0,0,0,144.653,354.983,2.445,-0.52,0,0,0,0,0,0,0,0,421.729,111.633,220.5,142.5,-0.697,-0.529,-0.038,-0.032,48,301.5,126,-2.5,0,0,0,0,0,0,0,0,0,932

Main.js:462 77.709,369.783,345,345,0.839,-0.199,0.048,-0.013,70,0,0,1,0,0,0,0,147.099,354.463,2.445,-0.52,0,0,0,0,0,0,0,0,421.031,111.099,220.5,141,-0.698,-0.534,-0.038,-0.032,47,299,126,-2.5,0,0,0,0,0,0,0,0,0,949

Main.js:462 78.552,369.582,345,345,0.843,-0.201,0.048,-0.013,69,0,0,1,0,1,0,0,149.544,353.944,2.445,-0.52,0,0,0,0,0,0,0,0,420.332,110.561,220.5,139.5,-0.699,-0.538,-0.038,-0.032,46,296.5,126,-2.5,0,0,0,0,0,0,0,0,0,964

Main.js:462 79.399,369.378,345,345,0.847,-0.204,0.048,-0.013,68,0,0,1,0,1,0,0,151.989,353.424,2.445,-0.52,0,0,0,0,0,0,0,0,419.631,110.019,220.5,138,-0.701,-0.542,-0.038,-0.032,45,294,126,-2.5,0,0,0,0,0,0,0,0,0,981

Main.js:462 80.249,369.173,345,345,0.85,-0.206,0.048,-0.013,67,0,0,1,0,1,0,0,154.435,352.904,2.445,-0.52,0,0,0,0,0,0,0,0,418.93,109.474,220.5,136.5,-0.702,-0.546,-0.038,-0.032,44,291.5,126,-2.5,0,0,0,0,0,0,0,0,0,997

Main.js:462 81.102,368.965,345,345,0.854,-0.208,0.048,-0.013,66,0,0,1,0,1,0,0,156.88,352.384,2.445,-0.52,0,0,0,0,0,0,0,0,418.227,108.924,220.5,135,-0.703,-0.549,-0.038,-0.032,43,289,126,-2.5,0,0,0,0,0,0,0,0,0,1013

Main.js:462 81.959,368.755,345,345,0.857,-0.21,0.048,-0.013,65,0,0,1,0,1,0,0,159.326,351.865,2.445,-0.52,0,0,0,0,0,0,0,0,417.523,108.373,219,132,-0.704,-0.552,-0.039,-0.031,42,286.5,126,-2.5,0,0,0,0,0,0,0,0,0,1031

Main.js:462 82.819,368.544,345,345,0.86,-0.211,0.048,-0.013,64,0,0,1,0,0,0,0,161.771,351.345,2.445,-0.52,0,0,0,0,0,0,0,0,416.816,107.82,217.5,129,-0.707,-0.553,-0.04,-0.03,41,284,126,-2.5,0,0,0,0,0,0,0,0,0,1047

Main.js:462 83.682,368.331,345,345,0.863,-0.213,0.048,-0.013,63,0,0,1,0,0,0,0,164.216,350.825,2.445,-0.52,0,0,0,0,0,0,0,0,416.106,107.266,216,126,-0.71,-0.553,-0.04,-0.029,40,281.5,126,-2.5,0,0,0,0,0,0,0,0,0,1065

Main.js:462 84.547,368.116,345,345,0.866,-0.215,0.048,-0.013,62,0,0,1,0,0,0,0,166.662,350.305,2.445,-0.52,0,0,0,0,0,0,0,0,415.392,106.714,214.5,123,-0.714,-0.553,-0.041,-0.028,39,279,126,-2.5,0,0,0,0,0,0,0,0,0,1080

Main.js:462 85.416,367.9,345,345,0.868,-0.216,0.048,-0.013,61,0,0,1,0,0,0,0,169.107,349.785,2.445,-0.52,0,0,0,0,0,0,0,0,414.674,106.163,213,120,-0.718,-0.551,-0.042,-0.027,38,276.5,126,-2.5,0,0,0,0,0,0,0,0,0,1099

Main.js:462 86.286,367.682,345,345,0.871,-0.218,0.048,-0.013,60,0,0,1,0,0,0,0,171.552,349.266,2.445,-0.52,0,0,0,0,0,0,0,0,413.952,105.615,211.5,117,-0.722,-0.548,-0.043,-0.026,37,274,126,-2.5,0,0,0,0,0,0,0,0,0,1114

Main.js:462 87.159,367.463,345,345,0.873,-0.219,0.048,-0.013,59,0,0,1,0,1,0,0,173.998,348.746,2.445,-0.52,0,0,0,0,0,0,0,0,413.225,105.071,210,114,-0.727,-0.544,-0.043,-0.025,36,271.5,126,-2.5,0,0,0,0,0,0,0,0,0,1130

Main.js:462 88.034,367.242,345,345,0.875,-0.221,0.048,-0.013,58,0,0,1,0,1,0,0,176.443,348.226,2.445,-0.52,0,0,0,0,0,0,0,0,412.492,104.531,208.5,111,-0.733,-0.54,-0.044,-0.024,35,269,126,-2.5,0,0,0,0,0,0,0,0,0,1149

Main.js:462 88.912,367.02,345,345,0.877,-0.222,0.048,-0.013,57,0,0,1,0,1,0,0,178.889,347.706,2.445,-0.52,0,0,0,0,0,0,0,0,411.753,103.996,207,108,-0.738,-0.534,-0.045,-0.023,34,266.5,126,-2.5,0,0,0,0,0,0,0,0,0,1165

Main.js:462 89.791,366.797,345,345,0.879,-0.223,0.048,-0.013,56,0,0,1,0,1,0,0,181.334,347.187,2.445,-0.52,0,0,0,0,0,0,0,0,411.009,103.468,205.5,105,-0.744,-0.528,-0.045,-0.022,33,264,126,-2.5,0,0,0,0,0,0,0,0,0,1182

Main.js:462 90.672,366.573,345,345,0.881,-0.224,0.048,-0.013,55,0,0,1,0,1,0,0,183.779,346.667,2.445,-0.52,0,0,0,0,0,0,0,0,410.258,102.947,204,102,-0.751,-0.521,-0.046,-0.02,32,261.5,126,-2.5,0,0,0,0,0,0,0,0,0,1198

Main.js:462 91.555,366.348,345,345,0.883,-0.225,0.048,-0.013,54,0,0,1,0,1,0,0,186.225,346.147,2.445,-0.52,0,0,0,0,0,0,0,0,409.501,102.434,202.5,99,-0.757,-0.513,-0.046,-0.019,31,259,126,-2.5,0,0,0,0,0,0,0,0,0,1215

Main.js:462 92.44,366.121,345,345,0.885,-0.226,0.048,-0.013,53,0,0,1,0,0,0,0,188.67,345.627,2.445,-0.52,0,0,0,0,0,0,0,0,408.738,101.929,201,96,-0.763,-0.505,-0.047,-0.018,30,256.5,126,-2.5,0,0,0,0,0,0,0,0,0,1231

Main.js:462 93.326,365.894,345,345,0.886,-0.227,0.048,-0.013,52,0,0,1,0,0,0,0,191.115,345.107,2.445,-0.52,0,0,0,0,0,0,0,0,407.968,101.434,199.5,93,-0.77,-0.495,-0.047,-0.017,29,254,126,-2.5,0,0,0,0,0,0,0,0,0,1248

Main.js:462 94.214,365.666,345,345,0.888,-0.228,0.048,-0.013,51,0,0,1,0,0,0,0,193.561,344.588,2.445,-0.52,0,0,0,0,0,0,0,0,407.191,100.949,198,90,-0.777,-0.485,-0.048,-0.015,28,251.5,126,-2.5,0,0,0,0,0,0,0,0,0,1265

Main.js:462 95.104,365.437,345,345,0.889,-0.229,0.048,-0.013,50,0,0,1,0,0,0,0,196.006,344.068,2.445,-0.52,0,0,0,0,0,0,0,0,406.408,100.475,196.5,87,-0.783,-0.474,-0.048,-0.014,27,249,126,-2.5,0,0,0,0,0,0,0,0,0,1281

Main.js:462 95.995,365.207,345,345,0.891,-0.23,0.048,-0.013,49,0,0,1,0,0,0,0,198.451,343.548,2.445,-0.52,0,0,0,0,0,0,0,0,405.618,100.012,195,84,-0.79,-0.463,-0.048,-0.013,26,246.5,126,-2.5,0,0,0,0,0,0,0,0,0,1298

Main.js:462 96.887,364.976,345,345,0.892,-0.231,0.048,-0.013,48,0,0,1,0,1,0,0,200.897,343.028,2.445,-0.52,0,0,0,0,0,0,0,0,404.821,99.561,193.5,81,-0.797,-0.451,-0.049,-0.012,25,244,126,-2.5,0,0,0,0,0,0,0,0,0,1314

Main.js:462 97.78,364.745,345,345,0.893,-0.231,0.048,-0.013,47,0,0,1,0,1,0,0,203.342,342.509,2.445,-0.52,0,0,0,0,0,0,0,0,404.017,99.123,192,78,-0.803,-0.438,-0.049,-0.01,24,241.5,126,-2.5,0,0,0,0,0,0,0,0,0,1333

Main.js:462 98.675,364.513,345,345,0.895,-0.232,0.048,-0.013,46,0,0,1,0,1,0,0,205.788,341.989,2.445,-0.52,0,0,0,0,0,0,0,0,403.207,98.698,190.5,75,-0.81,-0.425,-0.049,-0.009,23,239,126,-2.5,0,0,0,0,0,0,0,0,0,1348

Main.js:462 99.571,364.28,345,345,0.896,-0.233,0.048,-0.013,45,0,0,1,0,1,0,0,208.233,341.469,2.445,-0.52,0,0,0,0,0,0,0,0,402.391,98.287,189,72,-0.816,-0.411,-0.049,-0.008,22,236.5,126,-2.5,0,0,0,0,0,0,0,0,0,1364

Main.js:462 100.468,364.046,345,345,0.897,-0.234,0.048,-0.013,44,0,0,1,0,1,0,0,210.678,340.949,2.445,-0.52,0,0,0,0,0,0,0,0,401.568,97.89,187.5,69,-0.823,-0.397,-0.05,-0.007,21,234,126,-2.5,0,0,0,0,0,0,0,0,0,1380

Main.js:462 101.366,363.812,345,345,0.898,-0.234,0.048,-0.013,43,0,0,1,0,1,0,0,213.124,340.429,2.445,-0.52,0,0,0,0,0,0,0,0,400.74,97.508,186,66,-0.829,-0.382,-0.05,-0.005,20,231.5,126,-2.5,0,0,0,0,0,0,0,0,0,1398

Main.js:462 102.265,363.577,345,345,0.899,-0.235,0.048,-0.013,42,0,0,1,0,0,0,0,215.569,339.91,2.445,-0.52,0,0,0,0,0,0,0,0,399.905,97.142,184.5,63,-0.835,-0.367,-0.05,-0.004,19,229,126,-2.5,0,0,0,0,0,0,0,0,0,1416

Main.js:462 103.165,363.342,345,345,0.9,-0.235,0.048,-0.013,41,0,0,1,0,0,0,0,218.014,339.39,2.445,-0.52,0,0,0,0,0,0,0,0,399.065,96.791,183,60,-0.84,-0.351,-0.05,-0.003,18,226.5,126,-2.5,0,0,0,0,0,0,0,0,0,1432

Main.js:462 104.065,363.106,345,345,0.901,-0.236,0.048,-0.013,40,0,0,1,0,0,0,0,220.46,338.87,2.445,-0.52,0,0,0,0,0,0,0,0,398.219,96.457,181.5,57,-0.846,-0.334,-0.05,-0.001,17,224,126,-2.5,0,0,0,0,0,0,0,0,0,1447

Main.js:462 104.967,362.87,345,345,0.902,-0.236,0.048,-0.013,39,0,0,1,0,0,0,0,222.905,338.35,2.445,-0.52,0,0,0,0,0,0,0,0,397.368,96.139,180,54,-0.851,-0.318,-0.05,0,16,221.5,126,-2.5,0,0,0,0,0,0,0,0,0,1464

Main.js:462 105.869,362.633,345,345,0.902,-0.237,0.048,-0.013,38,0,0,1,0,1,0,0,225.351,337.831,2.445,-0.52,0,0,0,0,0,0,0,0,396.512,95.838,178.5,51,-0.856,-0.301,-0.05,0.001,15,219,126,-2.5,0,0,0,0,0,0,0,0,0,1481

Main.js:462 106.773,362.396,345,345,0.903,-0.237,0.048,-0.013,37,0,0,1,0,1,0,0,227.796,337.311,2.445,-0.52,0,0,0,0,0,0,0,0,395.651,95.555,177,48,-0.861,-0.283,-0.05,0.003,14,216.5,126,-2.5,0,0,0,0,0,0,0,0,0,1498

Main.js:462 107.677,362.158,345,345,0.904,-0.238,0.048,-0.013,36,0,0,1,0,1,0,0,230.241,336.791,2.445,-0.52,0,0,0,0,0,0,0,0,394.786,95.29,175.5,45,-0.865,-0.265,-0.05,0.004,13,214,126,-2.5,0,0,0,0,0,0,0,0,0,1515

Main.js:462 108.581,361.92,345,345,0.905,-0.238,0.048,-0.013,35,0,0,1,0,1,0,0,232.687,336.271,2.445,-0.52,0,0,0,0,0,0,0,0,393.917,95.043,174,42,-0.869,-0.247,-0.05,0.005,12,211.5,126,-2.5,0,0,0,0,0,0,0,0,0,1531

Main.js:462 109.486,361.682,345,345,0.905,-0.238,0.048,-0.013,34,0,0,1,0,1,0,0,235.132,335.751,2.445,-0.52,0,0,0,0,0,0,0,0,393.045,94.815,172.5,39,-0.873,-0.228,-0.05,0.007,11,209,126,-2.5,0,0,0,0,0,0,0,0,0,1547

Main.js:462 110.392,361.443,345,345,0.906,-0.239,0.048,-0.013,33,0,0,1,0,1,0,0,237.577,335.232,2.445,-0.52,0,0,0,0,0,0,0,0,392.169,94.605,171,36,-0.876,-0.21,-0.049,0.008,10,206.5,126,-2.5,0,0,0,0,0,0,0,0,0,1565

Main.js:462 111.299,361.203,345,345,0.906,-0.239,0.048,-0.013,32,0,0,1,0,0,0,0,240.023,334.712,2.445,-0.52,0,0,0,0,0,0,0,0,391.29,94.415,169.5,33,-0.879,-0.19,-0.049,0.009,9,204,126,-2.5,0,0,0,0,0,0,0,0,0,1581

Main.js:462 112.206,360.964,345,345,0.907,-0.24,0.048,-0.013,31,0,0,1,0,0,0,0,242.468,334.192,2.445,-0.52,0,0,0,0,0,0,0,0,390.409,94.244,168,30,-0.881,-0.171,-0.049,0.01,8,201.5,126,-2.5,0,0,0,0,0,0,0,0,0,1598

Main.js:462 113.113,360.724,345,345,0.908,-0.24,0.048,-0.013,30,0,0,1,0,0,0,0,244.913,333.672,2.445,-0.52,0,0,0,0,0,0,0,0,389.525,94.093,166.5,27,-0.883,-0.151,-0.049,0.012,7,199,126,-2.5,0,0,0,0,0,0,0,0,0,1616

Main.js:462 114.021,360.484,345,345,0.908,-0.24,0.048,-0.013,29,0,0,1,0,0,0,0,247.359,333.153,2.445,-0.52,0,0,0,0,0,0,0,0,388.64,93.961,165,24,-0.885,-0.132,-0.048,0.013,6,196.5,126,-2.5,0,0,0,0,0,0,0,0,0,1630

Main.js:462 114.93,360.244,345,345,0.909,-0.24,0.048,-0.013,28,0,0,1,0,0,0,0,249.804,332.633,2.445,-0.52,0,0,0,0,0,0,0,0,387.754,93.85,163.5,21,-0.886,-0.111,-0.048,0.014,5,194,126,-2.5,0,0,0,0,0,0,0,0,0,1647

Main.js:462 115.839,360.003,345,345,0.909,-0.241,0.048,-0.013,27,0,0,1,0,1,0,0,252.25,332.113,2.445,-0.52,0,0,0,0,0,0,0,0,386.866,93.759,162,18,-0.887,-0.091,-0.048,0.015,4,191.5,126,-2.5,0,0,0,0,0,0,0,0,0,1664

Main.js:462 116.748,359.762,345,345,0.909,-0.241,0.048,-0.013,26,0,0,1,0,1,0,0,254.695,331.593,2.445,-0.52,0,0,0,0,0,0,0,0,385.979,93.688,160.5,15,-0.888,-0.071,-0.047,0.017,3,189,126,-2.5,0,0,0,0,0,0,0,0,0,1682

Main.js:462 117.658,359.521,345,345,0.91,-0.241,0.048,-0.013,25,0,0,1,0,1,0,0,257.14,331.073,2.445,-0.52,0,0,0,0,0,0,0,0,385.091,93.638,159,12,-0.888,-0.05,-0.047,0.018,2,186.5,126,-2.5,0,0,0,0,0,0,0,0,0,1698

Main.js:462 118.568,359.279,345,345,0.91,-0.241,0.048,-0.013,24,0,0,1,0,1,0,0,259.586,330.554,2.445,-0.52,0,0,0,0,0,0,0,0,384.204,93.608,157.5,9,-0.887,-0.03,-0.046,0.019,1,184,126,-2.5,0,0,0,0,0,0,0,0,0,1714

Main.js:462 119.478,359.036,343.5,343.5,0.91,-0.243,0.048,-0.014,23,1,0,1,0,1,0,0,262.031,330.034,2.445,-0.52,0,0,0,0,0,0,0,0,383.318,93.599,156,6,-0.886,-0.009,-0.046,0.02,0,181.5,126,-2.5,0,0,0,0,0,0,0,0,0,1732

Main.js:462 120.388,358.791,342,342,0.91,-0.245,0.048,-0.015,22,1,0,1,0,0,0,0,264.476,329.514,2.445,-0.52,0,0,0,0,0,0,0,0,382.433,93.611,154.5,3,-0.885,0.012,-0.045,0.022,99,179,126,-2.5,0,0,0,0,0,0,0,0,0,1747

Main.js:462 121.297,358.542,340.5,340.5,0.909,-0.249,0.047,-0.017,21,1,0,1,0,0,0,0,266.922,328.994,2.445,-0.52,0,0,0,0,0,0,0,0,381.55,93.645,153,0,-0.883,0.033,-0.045,0.023,98,176.5,126,-2.5,0,406.786,94.829,2.497,0.131,0,0,0,0,1765

Main.js:462 122.206,358.288,339,339,0.908,-0.254,0.047,-0.018,20,1,0,1,0,0,0,0,269.367,328.475,2.445,-0.52,0,0,0,0,0,0,0,0,380.67,93.699,151.5,357,-0.88,0.054,-0.044,0.024,97,174,126,-2.5,0,409.282,94.96,2.497,0.131,0,0,0,0,1782

Main.js:462 123.112,358.029,337.5,337.5,0.907,-0.259,0.046,-0.019,19,1,0,1,0,0,0,0,271.813,327.955,2.445,-0.52,0,0,0,0,0,0,0,0,379.792,93.774,150,354,-0.878,0.075,-0.043,0.025,96,171.5,126,-2.5,0,411.779,95.091,2.497,0.131,0,0,0,0,1799

Main.js:462 124.017,357.764,336,336,0.905,-0.265,0.046,-0.02,18,1,0,1,0,0,0,0,274.258,327.435,2.445,-0.52,0,0,0,0,0,0,0,0,378.918,93.87,148.5,351,-0.874,0.096,-0.043,0.026,95,169,126,-2.5,0,414.275,95.222,2.497,0.131,0,0,0,0,1815

Main.js:462 124.919,357.492,336,336,0.903,-0.271,0.046,-0.02,17,0,0,1,0,1,0,0,276.703,326.915,2.445,-0.52,0,0,0,0,0,0,0,0,378.048,93.987,147,348,-0.87,0.117,-0.042,0.027,94,166.5,126,-2.5,0,416.772,95.353,2.497,0.131,0,0,0,0,1831

Main.js:462 125.821,357.215,336,336,0.901,-0.277,0.046,-0.02,16,0,0,1,0,1,0,0,279.149,326.395,2.445,-0.52,0,0,0,0,0,0,0,0,377.182,94.126,145.5,345,-0.866,0.138,-0.041,0.028,93,164,126,-2.5,0,419.268,95.483,2.497,0.131,0,0,0,0,1848

Main.js:462 126.72,356.932,336,336,0.899,-0.283,0.046,-0.02,15,0,0,1,0,1,0,0,281.594,325.876,2.445,-0.52,0,0,0,0,0,0,0,0,376.321,94.285,144,342,-0.861,0.159,-0.04,0.029,92,161.5,126,-2.5,0,421.765,95.614,2.497,0.131,0,0,0,0,1864

Main.js:462 127.618,356.645,336,336,0.898,-0.288,0.046,-0.02,14,0,0,1,0,1,0,0,284.039,325.356,2.445,-0.52,0,0,0,0,0,0,0,0,375.465,94.465,142.5,339,-0.856,0.18,-0.04,0.03,91,159,126,-2.5,0,424.262,95.745,2.497,0.131,0,0,0,0,1882

Main.js:462 128.514,356.352,336,336,0.896,-0.293,0.046,-0.02,13,0,0,1,0,1,0,0,286.485,324.836,2.445,-0.52,0,0,0,0,0,0,0,0,374.615,94.666,141,336,-0.85,0.201,-0.039,0.031,90,156.5,126,-2.5,0,426.758,95.876,2.497,0.131,0,0,0,0,1899

Main.js:462 129.409,356.054,336,336,0.895,-0.297,0.046,-0.02,12,0,0,1,0,0,0,0,288.93,324.316,2.445,-0.52,0,0,0,0,0,0,0,0,373.772,94.888,139.5,333,-0.843,0.222,-0.038,0.032,89,154,126,-2.5,0,429.255,96.007,2.497,0.131,0,0,0,0,1917

Main.js:462 130.302,355.752,336,336,0.894,-0.302,0.046,-0.02,11,0,0,1,0,0,0,0,291.375,323.796,2.445,-0.52,0,0,0,0,0,0,0,0,372.935,95.131,138,330,-0.837,0.243,-0.037,0.033,88,151.5,126,-2.5,0,431.751,96.138,2.497,0.131,0,0,0,0,1933

Main.js:462 131.195,355.446,336,336,0.892,-0.306,0.046,-0.02,10,0,0,1,0,0,0,0,293.821,323.277,2.445,-0.52,0,0,0,0,0,0,0,0,372.106,95.394,136.5,327,-0.829,0.263,-0.036,0.034,87,149,126,-2.5,0,434.248,96.268,2.497,0.131,0,0,0,0,1949

Main.js:462 132.086,355.136,336,336,0.891,-0.31,0.046,-0.02,9,0,0,1,0,0,0,0,296.266,322.757,2.445,-0.52,0,0,0,0,0,0,0,0,371.285,95.678,135,324,-0.821,0.284,-0.035,0.035,86,146.5,126,-2.5,0,436.744,96.399,2.497,0.131,0,0,0,0,1970

Main.js:462 132.976,354.822,336,336,0.89,-0.314,0.046,-0.02,8,0,0,1,0,0,0,0,298.712,322.237,2.445,-0.52,0,0,0,0,0,0,0,0,370.472,95.982,133.5,321,-0.813,0.304,-0.034,0.036,85,144,126,-2.5,0,439.241,96.53,2.497,0.131,0,0,0,0,1982

Main.js:462 133.864,354.505,336,336,0.889,-0.318,0.046,-0.02,7,0,0,1,0,1,0,0,301.157,321.717,2.445,-0.52,0,0,0,0,0,0,0,0,369.668,96.306,132,318,-0.804,0.324,-0.033,0.037,84,141.5,126,-2.5,0,441.738,96.661,2.497,0.131,0,0,0,0,1999

Main.js:462 134.752,354.183,336,336,0.888,-0.321,0.046,-0.02,6,0,0,1,0,1,0,0,303.602,321.198,2.445,-0.52,0,0,0,0,0,0,0,0,368.873,96.65,130.5,315,-0.795,0.344,-0.032,0.038,83,139,126,-2.5,0,444.234,96.792,2.497,0.131,0,0,0,0,2014

Main.js:462 135.639,353.859,336,336,0.887,-0.324,0.046,-0.02,5,0,0,1,0,1,0,0,306.048,320.678,2.445,-0.52,0,0,0,0,0,0,0,0,368.086,97.012,132,315,-0.787,0.362,-0.033,0.037,82,136.5,126,-2.5,0,446.731,96.923,2.497,0.131,0,0,0,0,2032

Main.js:462 136.525,353.532,336,336,0.886,-0.327,0.046,-0.02,4,0,0,1,0,1,0,0,308.493,320.158,2.445,-0.52,0,0,0,0,0,0,0,0,367.306,97.39,133.5,315,-0.78,0.378,-0.034,0.036,81,134,126,-2.5,0,449.227,97.053,2.497,0.131,0,0,0,0,2048

Main.js:462 137.409,353.201,336,336,0.885,-0.33,0.046,-0.02,3,0,0,1,0,1,0,0,310.938,319.638,2.445,-0.52,0,0,0,0,0,0,0,0,366.531,97.783,135,315,-0.775,0.393,-0.035,0.035,80,131.5,126,-2.5,0,451.724,97.184,2.497,0.131,0,0,0,0,2064

Main.js:462 138.294,352.868,336,336,0.884,-0.333,0.046,-0.02,2,0,0,1,0,0,0,0,313.384,319.118,2.445,-0.52,0,0,0,0,0,0,0,0,365.761,98.189,136.5,315,-0.77,0.406,-0.036,0.034,79,129,126,-2.5,0,454.22,97.315,2.497,0.131,0,0,0,0,2082

Main.js:462 139.177,352.532,336,336,0.883,-0.336,0.046,-0.02,1,0,0,1,0,0,0,0,315.829,318.599,2.445,-0.52,0,0,0,0,0,0,0,0,364.993,98.607,138,315,-0.767,0.418,-0.037,0.033,78,126.5,126,-2.5,0,456.717,97.446,2.497,0.131,0,0,0,0,2099

Main.js:462 140.059,352.194,336,336,0.882,-0.338,0.046,-0.02,0,0,0,1,0,0,0,0,318.275,318.079,2.445,-0.52,0,0,0,0,0,0,0,0,364.228,99.034,139.5,315,-0.765,0.428,-0.038,0.032,77,124,126,-2.5,0,459.214,97.577,2.497,0.131,0,0,0,0,2113

Main.js:462 140.941,351.853,336,336,0.882,-0.341,0.046,-0.02,0,0,0,1,0,0,0,0,320.72,317.559,2.445,-0.52,0,0,0,0,0,0,0,0,363.465,99.47,141,315,-0.764,0.436,-0.039,0.031,76,121.5,126,-2.5,0,461.71,97.708,2.497,0.131,0,0,0,0,2131

Main.js:462 141.822,351.51,336,336,0.881,-0.343,0.046,-0.02,0,0,0,1,0,0,0,0,323.165,317.039,2.445,-0.52,0,0,0,0,0,0,0,0,362.702,99.914,142.5,315,-0.763,0.443,-0.04,0.03,75,119,126,-2.5,0,464.207,97.839,2.497,0.131,0,0,0,0,2149

Main.js:462 142.702,351.165,336,336,0.88,-0.345,0.046,-0.02,99,0,0,1,0,1,0,0,325.611,316.52,2.445,-0.52,0,0,0,0,0,0,0,0,361.938,100.363,144,315,-0.763,0.449,-0.04,0.029,74,116.5,126,-2.5,0,466.703,97.969,2.497,0.131,0,0,0,0,2164

Main.js:462 143.582,350.818,336,336,0.88,-0.347,0.046,-0.02,98,0,0,1,0,1,0,0,328.056,316,2.445,-0.52,163.29,341.952,2.284,-1.017,0,0,0,0,361.174,100.816,145.5,315,-0.764,0.453,-0.041,0.028,73,114,126,-2.5,0,469.2,98.1,2.497,0.131,0,0,0,0,2181

Main.js:462 144.461,350.469,336,336,0.879,-0.349,0.046,-0.02,97,0,0,1,0,1,0,0,330.501,315.48,2.445,-0.52,165.574,340.935,2.284,-1.017,0,0,0,0,360.408,101.273,147,315,-0.766,0.457,-0.042,0.027,72,111.5,126,-2.5,0,471.696,98.231,2.497,0.131,0,0,0,0,2198

Main.js:462 145.34,350.118,336,336,0.879,-0.351,0.046,-0.02,96,0,0,1,0,1,0,0,332.947,314.96,2.445,-0.52,167.858,339.918,2.284,-1.017,0,0,0,0,359.64,101.731,148.5,315,-0.768,0.459,-0.043,0.026,71,109,126,-2.5,0,474.193,98.362,2.497,0.131,0,0,0,0,2214

Main.js:462 146.218,349.765,336,336,0.878,-0.353,0.046,-0.02,95,0,0,1,0,1,0,0,335.392,314.44,2.445,-0.52,170.142,338.901,2.284,-1.017,0,0,0,0,358.869,102.191,150,315,-0.771,0.459,-0.043,0.025,70,106.5,126,-2.5,0,476.69,98.493,2.497,0.131,0,0,0,0,2232

Main.js:462 147.096,349.41,336,336,0.878,-0.355,0.046,-0.02,94,0,0,1,0,0,0,0,337.837,313.921,2.445,-0.52,172.426,337.885,2.284,-1.017,0,0,0,0,358.095,102.65,151.5,315,-0.774,0.459,-0.044,0.024,69,104,126,-2.5,0,479.186,98.624,2.497,0.131,0,0,0,0,2248

Main.js:462 147.973,349.054,336,336,0.877,-0.356,0.046,-0.02,93,0,0,1,0,0,0,0,340.283,313.401,2.445,-0.52,174.71,336.868,2.284,-1.017,0,0,0,0,357.317,103.107,153,315,-0.778,0.458,-0.045,0.023,68,101.5,126,-2.5,0,481.683,98.754,2.497,0.131,0,0,0,0,2264

Main.js:462 148.849,348.696,336,336,0.877,-0.358,0.046,-0.02,92,0,0,1,0,0,0,0,342.728,312.881,2.445,-0.52,176.993,335.851,2.284,-1.017,0,0,0,0,356.535,103.563,154.5,315,-0.782,0.455,-0.045,0.022,67,99,126,-2.5,0,484.179,98.885,2.497,0.131,0,0,0,0,2281

Main.js:462 149.725,348.337,336,336,0.876,-0.359,0.046,-0.02,91,0,0,1,0,0,0,0,345.174,312.361,2.445,-0.52,179.277,334.834,2.284,-1.017,0,0,0,0,355.749,104.014,156,315,-0.786,0.452,-0.046,0.02,66,96.5,126,-2.5,0,486.676,99.016,2.497,0.131,0,0,0,0,2298

Main.js:462 150.601,347.977,336,336,0.876,-0.36,0.046,-0.02,90,0,0,1,0,0,0,0,347.619,311.842,2.445,-0.52,181.561,333.817,2.284,-1.017,0,0,0,0,354.958,104.462,157.5,315,-0.791,0.447,-0.046,0.019,65,94,126,-2.5,0,489.172,99.147,2.497,0.131,0,0,0,0,2316

Main.js:462 151.476,347.615,336,336,0.875,-0.362,0.046,-0.02,89,0,0,1,0,1,0,0,350.064,311.322,2.445,-0.52,183.845,332.8,2.284,-1.017,0,0,0,0,354.163,104.904,159,315,-0.795,0.442,-0.047,0.018,64,91.5,126,-2.5,0,491.669,99.278,2.497,0.131,0,0,0,0,2332

Main.js:462 152.351,347.252,336,336,0.875,-0.363,0.046,-0.02,88,0,0,1,0,1,0,0,352.51,310.802,2.445,-0.52,186.129,331.784,2.284,-1.017,0,0,0,0,353.363,105.34,160.5,315,-0.8,0.436,-0.047,0.017,63,89,126,-2.5,0,494.166,99.409,2.497,0.131,0,0,0,0,2349

Main.js:462 153.226,346.888,336,336,0.875,-0.364,0.046,-0.02,87,0,0,1,0,1,0,0,354.955,310.282,2.445,-0.52,188.413,330.767,2.284,-1.017,0,0,0,0,352.557,105.768,162,315,-0.806,0.429,-0.048,0.015,62,86.5,126,-2.5,0,496.662,99.539,2.497,0.131,0,0,0,0,2364

Main.js:462 154.1,346.523,336,336,0.874,-0.365,0.046,-0.02,86,0,0,1,0,1,0,0,357.4,309.762,2.445,-0.52,190.697,329.75,2.284,-1.017,0,0,0,0,351.746,106.189,163.5,315,-0.811,0.421,-0.048,0.014,61,84,126,-2.5,0,499.159,99.67,2.497,0.131,0,0,0,0,2382

Main.js:462 154.974,346.157,336,336,0.874,-0.366,0.046,-0.02,85,0,0,1,0,1,0,0,359.846,309.243,2.445,-0.52,190.697,329.75,2.284,-1.017,0,0,0,0,350.93,106.601,165,315,-0.816,0.412,-0.048,0.013,60,81.5,126,-2.5,0,0,0,0,0,0,0,0,0,2399

Main.js:462 155.848,345.789,336,336,0.874,-0.367,0.046,-0.02,84,0,0,1,0,0,0,0,362.291,308.723,2.445,-0.52,192.981,328.733,2.284,-1.017,0,0,0,0,350.108,107.004,166.5,315,-0.822,0.403,-0.049,0.012,59,79,126,-2.5,0,0,0,0,0,0,0,0,0,2437

Main.js:462 156.721,345.421,336,336,0.873,-0.368,0.046,-0.02,83,0,0,1,0,0,0,0,364.737,308.203,2.445,-0.52,195.264,327.716,2.284,-1.017,0,0,0,0,349.281,107.396,168,315,-0.827,0.392,-0.049,0.01,58,76.5,126,-2.5,0,0,0,0,0,0,0,0,0,2463

Main.js:462 157.595,345.052,336,336,0.873,-0.369,0.046,-0.02,82,0,0,1,0,0,0,0,367.182,307.683,2.445,-0.52,197.548,326.699,2.284,-1.017,0,0,0,0,348.449,107.777,169.5,315,-0.832,0.381,-0.049,0.009,57,74,126,-2.5,0,0,0,0,0,0,0,0,0,2482

Main.js:462 158.467,344.682,336,336,0.873,-0.37,0.046,-0.02,81,0,0,1,0,1,0,0,369.627,307.164,2.445,-0.52,199.832,325.683,2.284,-1.017,0,0,0,0,347.611,108.147,171,315,-0.838,0.37,-0.049,0.008,56,71.5,126,-2.5,0,0,0,0,0,0,0,0,0,2497

Main.js:462 159.34,344.311,336,336,0.873,-0.371,0.046,-0.02,80,0,0,1,0,1,0,0,372.073,306.644,2.445,-0.52,202.116,324.666,2.284,-1.017,0,0,0,0,346.769,108.504,172.5,315,-0.843,0.357,-0.05,0.007,55,69,126,-2.5,0,0,0,0,0,0,0,0,0,2514

Main.js:462 160.212,343.939,336,336,0.872,-0.372,0.046,-0.02,79,0,0,1,0,1,0,0,374.518,306.124,2.445,-0.52,204.4,323.649,2.284,-1.017,0,0,0,0,345.921,108.85,172.5,313.5,-0.848,0.346,-0.05,0.007,54,66.5,126,-2.5,0,0,0,0,0,0,0,0,0,2531

Main.js:462 161.084,343.567,336,336,0.872,-0.372,0.046,-0.02,78,0,0,1,0,1,0,0,376.963,305.604,2.445,-0.52,206.684,322.632,2.284,-1.017,0,0,0,0,345.068,109.185,172.5,312,-0.852,0.335,-0.05,0.007,53,64,126,-2.5,0,0,0,0,0,0,0,0,0,2547

Main.js:462 161.956,343.194,336,336,0.872,-0.373,0.046,-0.02,77,0,0,1,0,0,0,0,379.409,305.084,2.445,-0.52,208.968,321.615,2.284,-1.017,0,0,0,0,344.211,109.509,172.5,310.5,-0.857,0.324,-0.05,0.007,52,61.5,126,-2.5,0,0,0,0,0,0,0,0,0,2564

Main.js:462 162.828,342.82,336,336,0.872,-0.374,0.046,-0.02,76,0,0,1,0,0,0,0,381.854,304.565,2.445,-0.52,211.251,320.598,2.284,-1.017,0,0,0,0,343.35,109.823,172.5,309,-0.861,0.314,-0.05,0.007,51,59,126,-2.5,0,0,0,0,0,0,0,0,0,2582

Main.js:462 163.7,342.446,336,336,0.872,-0.374,0.046,-0.02,75,0,0,1,0,0,0,0,384.3,304.045,2.445,-0.52,213.535,319.581,2.284,-1.017,0,0,0,0,342.485,110.127,172.5,307.5,-0.865,0.305,-0.05,0.007,50,56.5,126,-2.5,0,0,0,0,0,0,0,0,0,2599

Main.js:462 164.571,342.071,336,336,0.871,-0.375,0.046,-0.02,74,0,0,1,0,0,0,0,386.745,303.525,2.445,-0.52,215.819,318.565,2.284,-1.017,0,0,0,0,341.616,110.423,172.5,306,-0.869,0.296,-0.05,0.007,49,54,126,-2.5,0,0,0,0,0,0,0,0,0,2615

Main.js:462 165.442,341.695,336,336,0.871,-0.376,0.046,-0.02,73,0,0,1,0,0,0,0,389.19,303.005,2.445,-0.52,218.103,317.548,2.284,-1.017,0,0,0,0,340.743,110.71,172.5,304.5,-0.873,0.287,-0.05,0.007,48,51.5,126,-2.5,0,0,0,0,0,0,0,0,0,2631

Main.js:462 166.313,341.319,336,336,0.871,-0.376,0.046,-0.02,72,0,0,1,0,1,0,0,391.636,302.486,2.445,-0.52,220.387,316.531,2.284,-1.017,0,0,0,0,339.867,110.989,172.5,303,-0.876,0.279,-0.05,0.007,47,49,126,-2.5,0,0,0,0,0,0,0,0,0,2648

Main.js:462 167.184,340.943,336,336,0.871,-0.377,0.046,-0.02,71,0,0,1,0,1,0,0,394.081,301.966,2.445,-0.52,222.671,315.514,2.284,-1.017,0,0,0,0,338.988,111.26,172.5,301.5,-0.879,0.271,-0.05,0.007,46,46.5,126,-2.5,0,0,0,0,0,0,0,0,0,2665

Main.js:462 168.055,340.565,336,336,0.871,-0.377,0.046,-0.02,70,0,0,1,0,1,0,0,396.526,301.446,2.445,-0.52,224.955,314.497,2.284,-1.017,0,0,0,0,338.105,111.524,172.5,300,-0.883,0.264,-0.05,0.007,45,44,126,-2.5,0,0,0,0,0,0,0,0,0,2682

Main.js:462 168.925,340.188,336,336,0.871,-0.378,0.046,-0.02,69,0,0,1,0,1,0,0,398.972,300.926,2.445,-0.52,227.238,313.48,2.284,-1.017,0,0,0,0,337.219,111.78,172.5,298.5,-0.886,0.257,-0.05,0.007,44,41.5,126,-2.5,0,0,0,0,0,0,0,0,0,2698

Main.js:462 169.796,339.81,336,336,0.87,-0.378,0.046,-0.02,68,0,0,1,0,1,0,0,401.417,300.406,2.445,-0.52,229.522,312.464,2.284,-1.017,0,0,0,0,336.331,112.03,172.5,297,-0.888,0.25,-0.05,0.007,43,39,126,-2.5,0,0,0,0,0,0,0,0,0,2715

Main.js:462 170.666,339.431,336,336,0.87,-0.378,0.046,-0.02,67,0,0,1,0,1,0,0,403.862,299.887,2.445,-0.52,231.806,311.447,2.284,-1.017,0,0,0,0,335.44,112.274,172.5,295.5,-0.891,0.244,-0.05,0.007,42,36.5,126,-2.5,0,0,0,0,0,0,0,0,0,2732

Main.js:462 171.536,339.053,336,336,0.87,-0.379,0.046,-0.02,66,0,0,1,0,1,0,0,406.308,299.367,2.445,-0.52,234.09,310.43,2.284,-1.017,0,0,0,0,334.546,112.512,172.5,294,-0.894,0.238,-0.05,0.007,41,34,126,-2.5,0,0,0,0,0,0,0,0,0,2748

Main.js:462 172.406,338.673,336,336,0.87,-0.379,0.046,-0.02,65,0,0,1,0,0,0,0,408.753,298.847,2.445,-0.52,236.374,309.413,2.284,-1.017,0,0,0,0,333.65,112.744,172.5,292.5,-0.896,0.232,-0.05,0.007,40,31.5,126,-2.5,0,0,0,0,0,0,0,0,0,2765

Main.js:462 173.276,338.294,336,336,0.87,-0.38,0.046,-0.02,64,0,0,1,0,0,0,0,411.199,298.327,2.445,-0.52,238.658,308.396,2.284,-1.017,0,0,0,0,332.752,112.971,172.5,291,-0.898,0.227,-0.05,0.007,39,29,126,-2.5,0,0,0,0,0,0,0,0,0,2780

Main.js:462 174.146,337.914,336,336,0.87,-0.38,0.046,-0.02,63,0,0,1,0,0,0,0,413.644,297.808,2.445,-0.52,240.942,307.379,2.284,-1.017,0,0,0,0,331.852,113.193,172.5,289.5,-0.9,0.222,-0.05,0.007,38,26.5,126,-2.5,0,0,0,0,0,0,0,0,0,2799

Main.js:462 175.016,337.534,336,336,0.87,-0.38,0.046,-0.02,62,0,0,1,0,0,0,0,416.089,297.288,2.445,-0.52,243.226,306.363,2.284,-1.017,0,0,0,0,330.949,113.409,172.5,288,-0.903,0.217,-0.05,0.007,37,24,126,-2.5,0,0,0,0,0,0,0,0,0,2814

Main.js:462 175.885,337.153,336,336,0.87,-0.381,0.046,-0.02,61,0,0,1,0,1,0,0,418.535,296.768,2.445,-0.52,245.509,305.346,2.284,-1.017,0,0,0,0,330.045,113.621,172.5,286.5,-0.904,0.212,-0.05,0.007,36,21.5,126,-2.5,0,0,0,0,0,0,0,0,0,2832

Main.js:462 176.755,336.772,336,336,0.87,-0.381,0.046,-0.02,60,0,0,1,0,1,0,0,420.98,296.248,2.445,-0.52,247.793,304.329,2.284,-1.017,0,0,0,0,329.138,113.829,172.5,285,-0.906,0.208,-0.05,0.007,35,19,126,-2.5,0,0,0,0,0,0,0,0,0,2849

Main.js:462 177.624,336.391,336,336,0.869,-0.381,0.046,-0.02,59,0,0,1,0,1,0,0,423.425,295.728,2.445,-0.52,250.077,303.312,2.284,-1.017,0,0,0,0,328.23,114.032,172.5,283.5,-0.908,0.203,-0.05,0.007,34,16.5,126,-2.5,0,0,0,0,0,0,0,0,0,2864

Main.js:462 178.494,336.01,336,336,0.869,-0.381,0.046,-0.02,58,0,0,1,0,1,0,0,425.871,295.209,2.445,-0.52,252.361,302.295,2.284,-1.017,0,0,0,0,327.32,114.232,172.5,282,-0.91,0.2,-0.05,0.007,33,14,126,-2.5,0,0,0,0,0,0,0,0,0,2882

Main.js:462 179.363,335.628,336,336,0.869,-0.382,0.046,-0.02,57,0,0,1,0,1,0,0,428.316,294.689,2.445,-0.52,254.645,301.278,2.284,-1.017,0,0,0,0,326.409,114.428,172.5,280.5,-0.911,0.196,-0.05,0.007,32,11.5,126,-2.5,0,0,0,0,0,0,0,0,0,2898

Main.js:462 180.232,335.246,336,336,0.869,-0.382,0.046,-0.02,56,0,0,1,0,0,0,0,430.762,294.169,2.445,-0.52,256.929,300.261,2.284,-1.017,0,0,0,0,325.496,114.62,172.5,279,-0.913,0.192,-0.05,0.007,31,9,126,-2.5,0,0,0,0,0,0,0,0,0,2913

Main.js:462 181.101,334.864,336,336,0.869,-0.382,0.046,-0.02,55,0,0,1,0,0,0,0,433.207,293.649,2.445,-0.52,259.213,299.245,2.284,-1.017,0,0,0,0,324.582,114.809,172.5,277.5,-0.914,0.189,-0.05,0.007,30,6.5,126,-2.5,0,0,0,0,0,0,0,0,0,2932

Main.js:462 181.971,334.482,336,336,0.869,-0.382,0.046,-0.02,54,0,0,1,0,0,0,0,435.652,293.13,2.445,-0.52,261.496,298.228,2.284,-1.017,0,0,0,0,323.666,114.994,172.5,276,-0.916,0.186,-0.05,0.007,29,4,126,-2.5,0,0,0,0,0,0,0,0,0,2947

Main.js:462 182.84,334.1,336,336,0.869,-0.383,0.046,-0.02,53,0,0,1,0,0,0,0,438.098,292.61,2.445,-0.52,263.78,297.211,2.284,-1.017,0,0,0,0,322.749,115.176,172.5,274.5,-0.917,0.182,-0.05,0.007,28,1.5,126,-2.5,0,0,0,0,0,0,0,0,0,2964

Main.js:462 183.709,333.717,336,336,0.869,-0.383,0.046,-0.02,52,0,0,1,0,0,0,0,438.098,292.61,2.445,-0.52,266.064,296.194,2.284,-1.017,0,0,0,0,321.83,115.356,172.5,273,-0.918,0.18,-0.05,0.007,27,0,0,0,0,0,0,0,0,0,0,0,0,2982

Main.js:462 184.578,333.334,336,336,0.869,-0.383,0.046,-0.02,51,0,0,1,0,1,0,0,440.543,292.09,2.445,-0.52,268.348,295.177,2.284,-1.017,0,0,0,0,320.911,115.533,172.5,271.5,-0.919,0.177,-0.05,0.007,26,0,0,0,0,0,0,0,0,0,0,0,0,2999

Main.js:462 185.446,332.95,334.5,334.5,0.868,-0.384,0.045,-0.022,50,1,0,1,0,1,0,0,442.988,291.57,2.445,-0.52,270.632,294.16,2.284,-1.017,0,0,0,0,319.99,115.707,172.5,270,-0.921,0.174,-0.05,0.007,25,0,0,0,0,0,0,0,0,0,0,0,0,3015

Main.js:462 186.313,332.563,333,333,0.867,-0.387,0.045,-0.023,49,1,0,1,0,1,0,0,445.434,291.05,2.445,-0.52,272.916,293.144,2.284,-1.017,0,0,0,0,319.069,115.88,171,267,-0.921,0.173,-0.049,0.008,24,0,0,0,0,0,0,0,0,0,0,0,0,3032

Main.js:462 187.179,332.173,331.5,331.5,0.866,-0.39,0.044,-0.024,48,1,0,1,0,1,0,0,447.879,290.531,2.445,-0.52,275.2,292.127,2.284,-1.017,0,0,0,0,318.147,116.052,169.5,264,-0.922,0.173,-0.049,0.009,23,0,0,0,0,0,0,0,0,0,0,0,0,3048

Main.js:462 188.042,331.779,330,330,0.864,-0.394,0.043,-0.025,47,1,0,1,0,1,0,0,450.324,290.011,2.445,-0.52,277.483,291.11,2.284,-1.017,0,0,0,0,317.224,116.227,168,261,-0.922,0.174,-0.049,0.01,22,0,0,0,0,0,0,0,0,0,0,0,0,3065

Main.js:462 188.903,331.38,328.5,328.5,0.861,-0.399,0.043,-0.026,46,1,0,1,0,0,0,0,452.77,289.491,2.445,-0.52,279.767,290.093,2.284,-1.017,0,0,0,0,316.302,116.403,166.5,258,-0.923,0.176,-0.049,0.012,21,0,0,0,0,0,0,0,0,0,0,0,0,3081

Main.js:462 189.761,330.975,327,327,0.858,-0.405,0.042,-0.027,45,1,0,1,0,0,0,0,455.215,288.971,2.445,-0.52,282.051,289.076,2.284,-1.017,0,0,0,0,315.379,116.583,165,255,-0.922,0.18,-0.048,0.013,20,0,0,0,0,0,0,0,0,0,0,0,0,3099

Main.js:462 190.615,330.564,327,327,0.855,-0.411,0.042,-0.027,44,0,0,1,0,0,0,0,457.661,288.452,2.445,-0.52,284.335,288.059,2.284,-1.017,0,0,0,0,314.458,116.767,163.5,252,-0.922,0.184,-0.048,0.014,19,0,0,0,0,0,0,0,0,0,0,0,0,3114

Main.js:462 191.467,330.148,327,327,0.852,-0.416,0.042,-0.027,43,0,0,1,0,0,0,0,460.106,287.932,2.445,-0.52,286.619,287.043,2.284,-1.017,0,0,0,0,313.537,116.957,162,249,-0.921,0.19,-0.048,0.015,18,0,0,0,0,0,0,0,0,0,0,0,0,3132

Main.js:462 192.316,329.727,327,327,0.849,-0.421,0.042,-0.027,42,0,0,1,0,0,0,0,462.551,287.412,2.445,-0.52,288.903,286.026,2.284,-1.017,0,0,0,0,312.617,117.153,160.5,246,-0.92,0.196,-0.047,0.017,17,0,0,0,0,0,0,0,0,0,0,0,0,3147

Main.js:462 193.162,329.301,327,327,0.846,-0.426,0.042,-0.027,41,0,0,1,0,1,0,0,464.997,286.892,2.445,-0.52,291.187,285.009,2.284,-1.017,0,0,0,0,311.699,117.357,159,243,-0.918,0.203,-0.047,0.018,16,0,0,0,0,0,0,0,0,0,0,0,0,3164

Main.js:462 194.006,328.87,327,327,0.844,-0.431,0.042,-0.027,40,0,0,1,0,1,0,0,467.442,286.372,2.445,-0.52,293.471,283.992,2.284,-1.017,0,0,0,0,310.783,117.568,157.5,240,-0.916,0.211,-0.046,0.019,15,0,0,0,0,0,0,0,0,0,0,0,0,3182

Main.js:462 194.848,328.435,327,327,0.841,-0.435,0.042,-0.027,39,0,0,1,0,1,0,0,469.887,285.853,2.445,-0.52,295.754,282.975,2.284,-1.017,0,0,0,0,309.87,117.789,156,237,-0.914,0.22,-0.046,0.02,14,0,0,0,0,0,0,0,0,0,0,0,0,3197

Main.js:462 195.687,327.996,327,327,0.839,-0.439,0.042,-0.027,38,0,0,1,0,1,0,0,472.333,285.333,2.445,-0.52,298.038,281.958,2.284,-1.017,0,0,0,0,308.959,118.018,154.5,234,-0.911,0.23,-0.045,0.022,13,0,0,0,0,0,0,0,0,0,0,0,0,3214

Main.js:462 196.524,327.553,327,327,0.837,-0.443,0.042,-0.027,37,0,0,1,0,1,0,0,474.778,284.813,2.445,-0.52,300.322,280.942,2.284,-1.017,0,0,0,0,308.052,118.258,153,231,-0.907,0.24,-0.045,0.023,12,0,0,0,0,0,0,0,0,0,0,0,0,3231

Main.js:462 197.359,327.107,327,327,0.835,-0.447,0.042,-0.027,36,0,0,1,0,0,0,0,477.224,284.293,2.445,-0.52,302.606,279.925,2.284,-1.017,0,0,0,0,307.148,118.508,151.5,228,-0.904,0.25,-0.044,0.024,11,0,0,0,0,0,0,0,0,0,0,0,0,3247

Main.js:462 198.192,326.656,327,327,0.833,-0.45,0.042,-0.027,35,0,0,1,0,0,0,0,479.669,283.773,2.445,-0.52,304.89,278.908,2.284,-1.017,0,0,0,0,306.248,118.77,150,225,-0.9,0.262,-0.043,0.025,10,0,0,0,0,0,0,0,0,0,0,0,0,3269

Main.js:462 199.024,326.203,327,327,0.831,-0.454,0.042,-0.027,34,0,0,1,0,0,0,0,482.114,283.254,2.445,-0.52,307.174,277.891,2.284,-1.017,0,0,0,0,305.353,119.043,148.5,222,-0.895,0.273,-0.043,0.026,9,0,0,0,0,0,0,0,0,0,0,0,0,3283

Main.js:462 199.853,325.746,327,327,0.83,-0.457,0.042,-0.027,33,0,0,1,0,0,0,0,484.56,282.734,2.445,-0.52,309.458,276.874,2.284,-1.017,0,0,0,0,304.462,119.329,147,219,-0.89,0.286,-0.042,0.027,8,0,0,0,0,0,0,0,0,0,0,0,0,3297

Main.js:462 200.681,325.286,327,327,0.828,-0.46,0.042,-0.027,32,0,0,1,0,0,0,0,487.005,282.214,2.445,-0.52,311.741,275.857,2.284,-1.017,0,0,0,0,303.577,119.627,145.5,216,-0.885,0.298,-0.041,0.028,7,0,0,0,0,0,0,0,0,0,0,0,0,3315

Main.js:462 201.508,324.824,327,327,0.826,-0.463,0.042,-0.027,31,0,0,1,0,0,0,0,489.45,281.694,2.445,-0.52,314.025,274.84,2.284,-1.017,0,0,0,0,302.698,119.938,144,213,-0.879,0.311,-0.04,0.029,6,0,0,0,0,0,0,0,0,0,0,0,0,3332

Main.js:462 202.333,324.358,327,327,0.825,-0.465,0.042,-0.027,30,0,0,1,0,1,0,0,491.896,281.175,2.445,-0.52,316.309,273.824,2.284,-1.017,0,0,0,0,301.825,120.263,142.5,210,-0.873,0.325,-0.04,0.03,5,0,0,0,0,0,0,0,0,0,0,0,0,3347

Main.js:462 203.156,323.89,327,327,0.824,-0.468,0.042,-0.027,29,0,0,1,0,1,0,0,494.341,280.655,2.445,-0.52,318.593,272.807,2.284,-1.017,0,0,0,0,300.959,120.601,141,207,-0.866,0.338,-0.039,0.031,4,0,0,0,0,0,0,0,0,0,0,0,0,3365

Main.js:462 203.978,323.42,327,327,0.822,-0.47,0.042,-0.027,28,0,0,1,0,1,0,0,496.786,280.135,2.445,-0.52,320.877,271.79,2.284,-1.017,0,0,0,0,300.1,120.953,139.5,204,-0.859,0.352,-0.038,0.032,3,0,0,0,0,0,0,0,0,0,0,0,0,3382

Main.js:462 204.799,322.947,327,327,0.821,-0.473,0.042,-0.027,27,0,0,1,0,1,0,0,499.232,279.615,2.445,-0.52,323.161,270.773,2.284,-1.017,0,0,0,0,299.249,121.32,138,201,-0.851,0.366,-0.037,0.033,2,0,0,0,0,0,0,0,0,0,0,0,0,3398

Main.js:462 205.619,322.472,327,327,0.82,-0.475,0.042,-0.027,26,0,0,1,0,1,0,0,323.161,270.773,2.284,-1.017,0,0,0,0,0,0,0,0,298.406,121.7,136.5,198,-0.843,0.381,-0.036,0.034,1,0,0,0,0,0,0,0,0,0,0,0,0,3416

Main.js:462 206.438,321.995,327,327,0.819,-0.477,0.042,-0.027,25,0,0,1,0,0,0,0,325.445,269.756,2.284,-1.017,0,0,0,0,0,0,0,0,297.571,122.096,135,195,-0.835,0.395,-0.035,0.035,0,0,0,0,0,0,0,0,0,0,0,0,0,3464

Main.js:462 207.255,321.516,327,327,0.817,-0.479,0.042,-0.027,24,0,0,1,0,0,0,0,327.728,268.739,2.284,-1.017,0,0,0,0,0,0,0,0,296.745,122.506,133.5,192,-0.826,0.41,-0.034,0.036,99,0,0,0,0,0,0,0,0,0,0,0,0,3481

Main.js:462 208.072,321.035,327,327,0.816,-0.481,0.042,-0.027,23,0,0,1,0,0,0,0,330.012,267.723,2.284,-1.017,0,0,0,0,0,0,0,0,295.929,122.93,132,189,-0.816,0.425,-0.033,0.037,98,274.584,117.21,-2.445,-0.52,0,0,0,0,0,0,0,0,3497

Main.js:462 208.887,320.552,327,327,0.815,-0.483,0.042,-0.027,22,0,0,1,0,1,0,0,332.296,266.706,2.284,-1.017,0,0,0,0,0,0,0,0,295.123,123.37,130.5,186,-0.806,0.44,-0.032,0.038,97,272.139,116.69,-2.445,-0.52,0,0,0,0,0,0,0,0,3515

Main.js:462 209.702,320.067,327,327,0.815,-0.485,0.042,-0.027,21,0,0,1,0,1,0,0,334.58,265.689,2.284,-1.017,0,0,0,0,0,0,0,0,294.327,123.825,129,183,-0.796,0.455,-0.031,0.039,96,269.694,116.17,-2.445,-0.52,0,0,0,0,0,0,0,0,3531

Main.js:462 210.515,319.581,327,327,0.814,-0.486,0.042,-0.027,20,0,0,1,0,1,0,0,336.864,264.672,2.284,-1.017,0,0,0,0,0,0,0,0,293.542,124.294,127.5,180,-0.785,0.47,-0.03,0.04,95,267.248,115.65,-2.445,-0.52,0,0,0,0,0,0,0,0,3549

Main.js:462 211.328,319.093,327,327,0.813,-0.488,0.042,-0.027,19,0,0,1,0,1,0,0,339.148,263.655,2.284,-1.017,0,0,0,0,0,0,0,0,292.769,124.779,126,177,-0.774,0.484,-0.029,0.04,94,264.803,115.131,-2.445,-0.52,0,0,0,0,0,0,0,0,3565

Main.js:462 212.14,318.604,327,327,0.812,-0.489,0.042,-0.027,18,0,0,1,0,1,0,0,341.432,262.638,2.284,-1.017,0,0,0,0,0,0,0,0,292.007,125.278,124.5,174,-0.762,0.499,-0.028,0.041,93,262.358,114.611,-2.445,-0.52,0,0,0,0,0,0,0,0,3582

Main.js:462 212.95,318.112,325.5,325.5,0.811,-0.492,0.041,-0.028,17,1,0,1,0,0,0,0,343.716,261.622,2.284,-1.017,0,0,0,0,0,0,0,0,291.257,125.792,123,171,-0.75,0.514,-0.027,0.042,92,259.912,114.091,-2.445,-0.52,0,0,0,0,0,0,0,0,3596

Main.js:462 213.759,317.617,324,324,0.808,-0.495,0.04,-0.029,16,1,0,1,0,0,0,0,345.999,260.605,2.284,-1.017,0,0,0,0,0,0,0,0,290.52,126.321,121.5,168,-0.737,0.529,-0.026,0.043,91,257.467,113.571,-2.445,-0.52,0,0,0,0,0,0,0,0,3615

Main.js:462 214.565,317.118,322.5,322.5,0.806,-0.499,0.04,-0.03,15,1,0,1,0,0,0,0,348.283,259.588,2.284,-1.017,0,0,0,0,0,0,0,0,289.797,126.865,120,165,-0.724,0.544,-0.025,0.043,90,255.021,113.051,-2.445,-0.52,0,0,0,0,0,0,0,0,3632

Main.js:462 215.367,316.613,321,321,0.802,-0.504,0.039,-0.031,14,1,0,1,0,0,0,0,350.567,258.571,2.284,-1.017,0,0,0,0,0,0,0,0,289.086,127.423,118.5,162,-0.71,0.558,-0.024,0.044,89,252.576,112.532,-2.445,-0.52,0,0,0,0,0,0,0,0,3650

Main.js:462 216.165,316.104,319.5,319.5,0.798,-0.51,0.038,-0.032,13,1,0,1,0,0,0,0,352.851,257.554,2.284,-1.017,0,0,0,0,0,0,0,0,288.39,127.996,117,159,-0.696,0.573,-0.023,0.045,88,250.131,112.012,-2.445,-0.52,0,0,0,0,0,0,0,0,3665

Main.js:462 216.959,315.587,318,318,0.794,-0.516,0.037,-0.033,12,1,0,1,0,1,0,0,355.135,256.537,2.284,-1.017,0,0,0,0,0,0,0,0,287.708,128.583,115.5,156,-0.682,0.587,-0.022,0.045,87,247.685,111.492,-2.445,-0.52,0,0,0,0,0,0,0,0,3681

Main.js:462 217.747,315.064,316.5,316.5,0.788,-0.523,0.036,-0.034,11,1,0,1,0,1,0,0,357.419,255.52,2.284,-1.017,0,0,0,0,0,0,0,0,287.041,129.184,114,153,-0.667,0.601,-0.02,0.046,86,245.24,110.972,-2.445,-0.52,0,0,0,0,0,0,0,0,3698

Main.js:462 218.53,314.534,315,315,0.783,-0.53,0.035,-0.035,10,1,0,1,0,1,0,0,359.703,254.504,2.284,-1.017,0,0,0,0,0,0,0,0,286.389,129.799,112.5,150,-0.652,0.615,-0.019,0.046,85,242.795,110.453,-2.445,-0.52,0,0,0,0,0,0,0,0,3714

Main.js:462 219.306,313.996,313.5,313.5,0.776,-0.538,0.034,-0.036,9,1,0,1,0,1,0,0,361.986,253.487,2.284,-1.017,0,0,0,0,0,0,0,0,285.752,130.427,111,147,-0.636,0.628,-0.018,0.047,84,240.349,109.933,-2.445,-0.52,0,0,0,0,0,0,0,0,3730

Main.js:462 220.075,313.449,312,312,0.769,-0.547,0.033,-0.037,8,1,0,1,0,1,0,0,364.27,252.47,2.284,-1.017,0,0,0,0,0,0,0,0,285.132,131.069,109.5,144,-0.62,0.642,-0.017,0.047,83,237.904,109.413,-2.445,-0.52,0,0,0,0,0,0,0,0,3747

Main.js:462 220.837,312.893,310.5,310.5,0.762,-0.556,0.032,-0.038,7,1,0,1,0,1,0,0,366.554,251.453,2.284,-1.017,0,0,0,0,0,0,0,0,284.528,131.724,108,141,-0.604,0.655,-0.015,0.048,82,235.458,108.893,-2.445,-0.52,0,0,0,0,0,0,0,0,3764

Main.js:462 221.59,312.329,309,309,0.753,-0.565,0.031,-0.039,6,1,0,1,0,0,0,0,368.838,250.436,2.284,-1.017,0,0,0,0,0,0,0,0,283.941,132.392,106.5,138,-0.587,0.668,-0.014,0.048,81,233.013,108.373,-2.445,-0.52,0,0,0,0,0,0,0,0,3781

Main.js:462 222.335,311.755,307.5,307.5,0.745,-0.574,0.03,-0.04,5,1,0,1,0,0,0,0,371.122,249.419,2.284,-1.017,0,0,0,0,0,0,0,0,283.37,133.072,105,135,-0.57,0.68,-0.013,0.048,80,230.568,107.854,-2.445,-0.52,0,0,0,0,0,0,0,0,3799

Main.js:462 223.07,311.171,306,306,0.735,-0.584,0.029,-0.04,4,1,0,1,0,0,0,0,373.406,248.403,2.284,-1.017,0,0,0,0,0,0,0,0,282.817,133.764,103.5,132,-0.553,0.692,-0.012,0.049,79,228.122,107.334,-2.445,-0.52,0,0,0,0,0,0,0,0,3814

Main.js:462 223.796,310.577,304.5,304.5,0.725,-0.594,0.028,-0.041,3,1,0,1,0,0,0,0,375.69,247.386,2.284,-1.017,0,0,0,0,0,0,0,0,282.282,134.468,102,129,-0.535,0.704,-0.01,0.049,78,225.677,106.814,-2.445,-0.52,0,0,0,0,0,0,0,0,3831

Main.js:462 224.512,309.974,304.5,304.5,0.716,-0.603,0.028,-0.041,2,0,0,1,0,0,0,0,377.973,246.369,2.284,-1.017,0,0,0,0,0,0,0,0,281.765,135.184,100.5,126,-0.517,0.716,-0.009,0.049,77,223.232,106.294,-2.445,-0.52,0,0,0,0,0,0,0,0,3849

Main.js:462 225.219,309.361,304.5,304.5,0.707,-0.612,0.028,-0.041,1,0,0,1,0,1,0,0,380.257,245.352,2.284,-1.017,0,0,0,0,0,0,0,0,281.267,135.911,99,123,-0.499,0.727,-0.008,0.049,76,220.786,105.775,-2.445,-0.52,0,0,0,0,0,0,0,0,3865

Main.js:462 225.918,308.741,304.5,304.5,0.699,-0.621,0.028,-0.041,0,0,0,1,0,1,0,0,382.541,244.335,2.284,-1.017,0,0,0,0,0,0,0,0,280.787,136.648,97.5,120,-0.48,0.738,-0.007,0.05,75,218.341,105.255,-2.445,-0.52,0,0,0,0,0,0,0,0,3881

Main.js:462 226.608,308.112,304.5,304.5,0.691,-0.629,0.028,-0.041,99,0,0,1,0,1,0,0,384.825,243.318,2.284,-1.017,0,0,0,0,0,0,0,0,280.326,137.396,96,117,-0.461,0.748,-0.005,0.05,74,215.896,104.735,-2.445,-0.52,0,0,0,0,0,0,0,0,3897

Main.js:462 227.292,307.475,304.5,304.5,0.683,-0.637,0.028,-0.041,98,0,0,1,0,1,0,0,387.109,242.302,2.284,-1.017,239.228,289.374,1.416,-2.06,0,0,0,0,279.884,138.154,94.5,114,-0.442,0.758,-0.004,0.05,73,213.45,104.215,-2.445,-0.52,0,0,0,0,0,0,0,0,3915

Main.js:462 227.967,306.831,304.5,304.5,0.676,-0.644,0.028,-0.041,97,0,0,1,0,1,0,0,389.393,241.285,2.284,-1.017,240.644,287.313,1.416,-2.06,0,0,0,0,279.462,138.922,93,111,-0.422,0.767,-0.003,0.05,72,211.005,103.695,-2.445,-0.52,0,0,0,0,0,0,0,0,3931

Main.js:462 228.636,306.18,304.5,304.5,0.669,-0.651,0.028,-0.041,96,0,0,1,0,0,0,0,391.677,240.268,2.284,-1.017,242.06,285.253,1.416,-2.06,0,0,0,0,279.06,139.698,91.5,108,-0.402,0.777,-0.001,0.05,71,208.559,103.176,-2.445,-0.52,0,0,0,0,0,0,0,0,3947

Main.js:462 229.299,305.523,304.5,304.5,0.662,-0.657,0.028,-0.041,95,0,0,1,0,0,0,0,393.961,239.251,2.284,-1.017,243.476,283.193,1.416,-2.06,0,0,0,0,278.678,140.483,90,105,-0.382,0.785,0,0.05,70,206.114,102.656,-2.445,-0.52,0,0,0,0,0,0,0,0,3965

Main.js:462 229.955,304.859,304.5,304.5,0.656,-0.664,0.028,-0.041,94,0,0,1,0,0,0,0,396.244,238.234,2.284,-1.017,244.892,281.132,1.416,-2.06,0,0,0,0,278.317,141.277,88.5,102,-0.362,0.793,0.001,0.05,69,203.669,102.136,-2.445,-0.52,0,0,0,0,0,0,0,0,3981

Main.js:462 230.605,304.19,304.5,304.5,0.65,-0.67,0.028,-0.041,93,0,0,1,0,0,0,0,398.528,237.217,2.284,-1.017,246.308,279.072,1.416,-2.06,0,0,0,0,277.976,142.078,87,99,-0.341,0.801,0.003,0.05,68,201.223,101.616,-2.445,-0.52,0,0,0,0,0,0,0,0,3998

Main.js:462 231.25,303.514,304.5,304.5,0.645,-0.675,0.028,-0.041,92,0,0,1,0,0,0,0,400.812,236.2,2.284,-1.017,247.724,277.012,1.416,-2.06,0,0,0,0,277.655,142.886,85.5,96,-0.32,0.808,0.004,0.05,67,198.778,101.096,-2.445,-0.52,0,0,0,0,0,0,0,0,4014

Main.js:462 231.889,302.834,304.5,304.5,0.639,-0.681,0.028,-0.041,91,0,0,1,0,1,0,0,403.096,235.184,2.284,-1.017,249.14,274.951,1.416,-2.06,0,0,0,0,277.353,143.702,87,96,-0.302,0.816,0.003,0.05,66,196.333,100.577,-2.445,-0.52,0,0,0,0,0,0,0,0,4031

Main.js:462 232.523,302.148,304.5,304.5,0.634,-0.686,0.028,-0.041,90,0,0,1,0,1,0,0,405.38,234.167,2.284,-1.017,250.556,272.891,1.416,-2.06,0,0,0,0,277.068,144.524,88.5,96,-0.285,0.822,0.001,0.05,65,193.887,100.057,-2.445,-0.52,0,0,0,0,0,0,0,0,4049

Main.js:462 233.153,301.457,304.5,304.5,0.629,-0.691,0.028,-0.041,89,0,0,1,0,1,0,0,407.664,233.15,2.284,-1.017,251.972,270.831,1.416,-2.06,0,0,0,0,276.797,145.353,90,96,-0.271,0.829,0,0.05,64,191.442,99.537,-2.445,-0.52,0,0,0,0,0,0,0,0,4064

Main.js:462 233.778,300.762,304.5,304.5,0.625,-0.695,0.028,-0.041,88,0,0,1,0,1,0,0,409.948,232.133,2.284,-1.017,253.388,268.771,1.416,-2.06,0,0,0,0,276.538,146.187,91.5,96,-0.259,0.835,-0.001,0.05,63,188.996,99.017,-2.445,-0.52,0,0,0,0,0,0,0,0,4081

Main.js:462 234.398,300.062,304.5,304.5,0.621,-0.7,0.028,-0.041,87,0,0,1,0,1,0,0,412.231,231.116,2.284,-1.017,254.804,266.71,1.416,-2.06,0,0,0,0,276.29,147.028,93,96,-0.248,0.84,-0.003,0.05,62,186.551,98.498,-2.445,-0.52,0,0,0,0,0,0,0,0,4098

Main.js:462 234.988,299.397,303,303,0.59,-0.665,0,0,86,1,0,0,0,1,0,0,414.515,230.099,2.284,-1.017,256.22,264.65,1.416,-2.06,0,0,0,0,276.05,147.873,94.5,96,-0.24,0.846,-0.004,0.05,61,184.106,97.978,-2.445,-0.52,0,0,0,0,0,0,0,0,4116

Main.js:462 235.548,298.766,301.5,301.5,0.56,-0.631,0,0,85,1,0,0,0,0,0,0,416.799,229.083,2.284,-1.017,257.637,262.59,1.416,-2.06,0,0,0,0,275.817,148.724,96,96,-0.233,0.851,-0.005,0.05,60,181.66,97.458,-2.445,-0.52,0,0,0,0,0,0,0,0,4132

Main.js:462 236.08,298.166,300,300,0.532,-0.6,0,0,84,1,0,0,0,0,0,0,419.083,228.066,2.284,-1.017,259.053,260.529,1.416,-2.06,0,0,0,0,275.59,149.579,97.5,96,-0.227,0.855,-0.007,0.05,59,179.215,96.938,-2.445,-0.52,0,0,0,0,0,0,0,0,4147

Main.js:462 236.585,297.596,298.5,298.5,0.505,-0.57,0,0,83,1,0,0,0,0,0,0,421.367,227.049,2.284,-1.017,260.469,258.469,1.416,-2.06,0,0,0,0,275.366,150.439,99,96,-0.223,0.859,-0.008,0.049,58,176.77,96.418,-2.445,-0.52,0,0,0,0,0,0,0,0,4164

Main.js:462 237.066,297.055,297,297,0.48,-0.541,0,0,82,1,0,0,0,0,0,0,423.651,226.032,2.284,-1.017,261.885,256.409,1.416,-2.06,0,0,0,0,275.146,151.302,100.5,96,-0.221,0.863,-0.009,0.049,57,174.324,95.899,-2.445,-0.52,0,0,0,0,0,0,0,0,4181

Main.js:462 237.522,296.54,295.5,295.5,0.456,-0.514,0,0,81,1,0,0,0,0,0,0,425.935,225.015,2.284,-1.017,263.301,254.348,1.416,-2.06,0,0,0,0,274.926,152.168,102,96,-0.22,0.866,-0.01,0.049,56,171.879,95.379,-2.445,-0.52,0,0,0,0,0,0,0,0,4198

Main.js:462 237.955,296.052,294,294,0.433,-0.489,0,0,80,1,0,0,0,1,0,0,428.218,223.998,2.284,-1.017,264.717,252.288,1.416,-2.06,0,0,0,0,274.706,153.037,103.5,96,-0.22,0.869,-0.012,0.049,55,169.434,94.859,-2.445,-0.52,0,0,0,0,0,0,0,0,4215

Main.js:462 238.367,295.588,292.5,292.5,0.412,-0.464,0,0,79,1,0,0,0,1,0,0,430.502,222.982,2.284,-1.017,266.133,250.228,1.416,-2.06,0,0,0,0,274.485,153.909,105,96,-0.221,0.872,-0.013,0.048,54,166.988,94.339,-2.445,-0.52,0,0,0,0,0,0,0,0,4231

Main.js:462 238.758,295.147,291,291,0.391,-0.441,0,0,78,1,0,0,0,1,0,0,432.786,221.965,2.284,-1.017,267.549,248.167,1.416,-2.06,0,0,0,0,274.262,154.783,106.5,96,-0.224,0.874,-0.014,0.048,53,164.543,93.82,-2.445,-0.52,0,0,0,0,0,0,0,0,4247

Main.js:462 239.129,294.728,289.5,289.5,0.372,-0.419,0,0,77,1,0,0,0,1,0,0,435.07,220.948,2.284,-1.017,268.965,246.107,1.416,-2.06,0,0,0,0,274.035,155.658,108,96,-0.227,0.875,-0.015,0.048,52,162.097,93.3,-2.445,-0.52,0,0,0,0,0,0,0,0,4264

Main.js:462 239.482,294.33,289.5,289.5,0.353,-0.398,0,0,76,0,0,0,0,1,0,0,437.354,219.931,2.284,-1.017,270.381,244.047,1.416,-2.06,0,0,0,0,273.803,156.534,109.5,96,-0.232,0.876,-0.017,0.047,51,159.652,92.78,-2.445,-0.52,0,0,0,0,0,0,0,0,4282

Main.js:462 239.818,293.952,289.5,289.5,0.335,-0.378,0,0,75,0,0,0,0,0,0,0,439.638,218.914,2.284,-1.017,271.797,241.986,1.416,-2.06,0,0,0,0,273.566,157.411,111,96,-0.237,0.877,-0.018,0.047,50,157.207,92.26,-2.445,-0.52,0,0,0,0,0,0,0,0,4296

Main.js:462 240.136,293.592,289.5,289.5,0.319,-0.359,0,0,74,0,0,0,0,0,0,0,441.922,217.897,2.284,-1.017,273.213,239.926,1.416,-2.06,0,0,0,0,273.323,158.288,112.5,96,-0.243,0.877,-0.019,0.046,49,154.761,91.74,-2.445,-0.52,0,0,0,0,0,0,0,0,4314

Main.js:462 240.439,293.251,289.5,289.5,0.303,-0.341,0,0,73,0,0,0,0,0,0,0,444.206,216.88,2.284,-1.017,274.629,237.866,1.416,-2.06,0,0,0,0,273.072,159.164,114,96,-0.25,0.876,-0.02,0.046,48,152.316,91.221,-2.445,-0.52,0,0,0,0,0,0,0,0,4332

Main.js:462 240.726,292.927,289.5,289.5,0.287,-0.324,0,0,72,0,0,0,0,0,0,0,446.489,215.864,2.284,-1.017,276.045,235.805,1.416,-2.06,0,0,0,0,272.814,160.039,115.5,96,-0.258,0.875,-0.022,0.045,47,149.871,90.701,-2.445,-0.52,0,0,0,0,0,0,0,0,4348

Main.js:462 240.999,292.619,289.5,289.5,0.273,-0.308,0,0,71,0,0,0,0,0,0,0,448.773,214.847,2.284,-1.017,277.461,233.745,1.416,-2.06,0,0,0,0,272.547,160.913,117,96,-0.267,0.874,-0.023,0.045,46,147.425,90.181,-2.445,-0.52,0,0,0,0,0,0,0,0,4366

Main.js:462 241.259,292.327,289.5,289.5,0.259,-0.293,0,0,70,0,0,0,0,1,0,0,451.057,213.83,2.284,-1.017,278.877,231.685,1.416,-2.06,0,0,0,0,272.271,161.785,118.5,96,-0.276,0.872,-0.024,0.044,45,144.98,89.661,-2.445,-0.52,0,0,0,0,0,0,0,0,4383

Main.js:462 241.505,292.049,289.5,289.5,0.246,-0.278,0,0,69,0,0,0,0,1,0,0,453.341,212.813,2.284,-1.017,280.293,229.625,1.416,-2.06,0,0,0,0,271.984,162.655,120,96,-0.286,0.87,-0.025,0.043,44,142.534,89.142,-2.445,-0.52,0,0,0,0,0,0,0,0,4399

Main.js:462 241.74,291.785,289.5,289.5,0.234,-0.264,0,0,68,0,0,0,0,1,0,0,455.625,211.796,2.284,-1.017,281.709,227.564,1.416,-2.06,0,0,0,0,271.688,163.521,121.5,96,-0.297,0.867,-0.026,0.043,43,140.089,88.622,-2.445,-0.52,0,0,0,0,0,0,0,0,4414

Main.js:462 241.962,291.534,289.5,289.5,0.222,-0.251,0,0,67,0,0,0,0,1,0,0,457.909,210.779,2.284,-1.017,283.125,225.504,1.416,-2.06,0,0,0,0,271.38,164.384,123,96,-0.308,0.863,-0.027,0.042,42,137.644,88.102,-2.445,-0.52,0,0,0,0,0,0,0,0,4431

Main.js:462 242.173,291.295,289.5,289.5,0.211,-0.238,0,0,66,0,0,0,0,1,0,0,460.193,209.763,2.284,-1.017,284.541,223.444,1.416,-2.06,0,0,0,0,271.061,165.243,124.5,96,-0.319,0.859,-0.028,0.041,41,135.198,87.582,-2.445,-0.52,0,0,0,0,0,0,0,0,4448

Main.js:462 242.374,291.069,289.5,289.5,0.201,-0.226,0,0,65,0,0,0,0,0,0,0,462.476,208.746,2.284,-1.017,285.957,221.383,1.416,-2.06,0,0,0,0,270.729,166.098,126,96,-0.331,0.855,-0.029,0.04,40,132.753,87.062,-2.445,-0.52,0,0,0,0,0,0,0,0,4465

Main.js:462 242.565,290.854,289.5,289.5,0.191,-0.215,0,0,64,0,0,0,0,0,0,0,464.76,207.729,2.284,-1.017,287.373,219.323,1.416,-2.06,0,0,0,0,270.386,166.947,127.5,96,-0.344,0.849,-0.03,0.04,39,130.308,86.543,-2.445,-0.52,0,0,0,0,0,0,0,0,4482

Main.js:462 242.746,290.65,289.5,289.5,0.181,-0.204,0,0,63,0,0,0,0,0,0,0,467.044,206.712,2.284,-1.017,288.789,217.263,1.416,-2.06,0,0,0,0,270.029,167.791,129,96,-0.356,0.844,-0.031,0.039,38,127.862,86.023,-2.445,-0.52,0,0,0,0,0,0,0,0,4498

Main.js:462 242.918,290.456,289.5,289.5,0.172,-0.194,0,0,62,0,0,0,0,0,0,0,469.328,205.695,2.284,-1.017,290.205,215.202,1.416,-2.06,0,0,0,0,269.66,168.629,130.5,96,-0.369,0.838,-0.032,0.038,37,125.417,85.503,-2.445,-0.52,0,0,0,0,0,0,0,0,4514

Main.js:462 243.082,290.271,289.5,289.5,0.164,-0.184,0,0,61,0,0,0,0,0,0,0,471.612,204.678,2.284,-1.017,291.621,213.142,1.416,-2.06,0,0,0,0,269.278,169.461,130.5,94.5,-0.382,0.832,-0.032,0.038,36,122.971,84.983,-2.445,-0.52,0,0,0,0,0,0,0,0,4531

Main.js:462 243.237,290.096,289.5,289.5,0.155,-0.175,0,0,60,0,0,0,0,1,0,0,473.896,203.662,2.284,-1.017,293.037,211.082,1.416,-2.06,0,0,0,0,268.885,170.288,130.5,93,-0.394,0.827,-0.032,0.038,35,120.526,84.464,-2.445,-0.52,0,0,0,0,0,0,0,0,4548

Main.js:462 243.385,289.93,289.5,289.5,0.148,-0.166,0,0,59,0,0,0,0,1,0,0,476.18,202.645,2.284,-1.017,294.453,209.021,1.416,-2.06,0,0,0,0,268.48,171.109,130.5,91.5,-0.405,0.821,-0.032,0.038,34,118.081,83.944,-2.445,-0.52,0,0,0,0,0,0,0,0,4564

Main.js:462 243.525,289.772,289.5,289.5,0.14,-0.158,0,0,58,0,0,0,0,1,0,0,478.463,201.628,2.284,-1.017,295.869,206.961,1.416,-2.06,0,0,0,0,268.065,171.925,130.5,90,-0.415,0.816,-0.032,0.038,33,115.635,83.424,-2.445,-0.52,0,0,0,0,0,0,0,0,4597

Main.js:462 243.658,289.621,289.5,289.5,0.133,-0.15,0,0,57,0,0,0,0,1,0,0,480.747,200.611,2.284,-1.017,297.285,204.901,1.416,-2.06,0,0,0,0,267.639,172.737,130.5,88.5,-0.425,0.812,-0.032,0.038,32,113.19,82.904,-2.445,-0.52,0,0,0,0,0,0,0,0,4615

Main.js:462 243.785,289.479,288,288,0.127,-0.143,0,0,56,1,0,0,0,0,0,0,483.031,199.594,2.284,-1.017,298.701,202.84,1.416,-2.06,0,0,0,0,267.204,173.544,130.5,87,-0.435,0.807,-0.032,0.038,31,110.745,82.384,-2.445,-0.52,0,0,0,0,0,0,0,0,4630

Main.js:462 243.905,289.343,286.5,286.5,0.12,-0.136,0,0,55,1,0,0,0,0,0,0,485.315,198.577,2.284,-1.017,300.117,200.78,1.416,-2.06,0,0,0,0,266.76,174.347,130.5,85.5,-0.444,0.803,-0.032,0.038,30,108.299,81.865,-2.445,-0.52,0,0,0,0,0,0,0,0,4647

Main.js:462 244.019,289.215,285,285,0.114,-0.129,0,0,54,1,0,0,0,0,0,0,487.599,197.56,2.284,-1.017,301.533,198.72,1.416,-2.06,0,0,0,0,266.308,175.146,130.5,84,-0.453,0.799,-0.032,0.038,29,105.854,81.345,-2.445,-0.52,0,0,0,0,0,0,0,0,4664

Main.js:462 244.128,289.092,283.5,283.5,0.108,-0.122,0,0,53,1,0,0,0,0,0,0,489.883,196.544,2.284,-1.017,302.949,196.659,1.416,-2.06,0,0,0,0,265.847,175.941,130.5,82.5,-0.461,0.795,-0.032,0.038,28,103.409,80.825,-2.445,-0.52,0,0,0,0,0,0,0,0,4681

Main.js:462 244.231,288.976,282,282,0.103,-0.116,0,0,52,1,0,0,0,0,0,0,492.167,195.527,2.284,-1.017,304.365,194.599,1.416,-2.06,0,0,0,0,265.378,176.733,130.5,81,-0.469,0.792,-0.032,0.038,27,100.963,80.305,-2.445,-0.52,0,0,0,0,0,0,0,0,4698

Main.js:462 244.329,288.866,280.5,280.5,0.098,-0.11,0,0,51,1,0,0,0,1,0,0,494.451,194.51,2.284,-1.017,305.781,192.539,1.416,-2.06,0,0,0,0,264.902,177.521,130.5,79.5,-0.476,0.788,-0.032,0.038,26,98.518,79.786,-2.445,-0.52,0,0,0,0,0,0,0,0,4714

Main.js:462 244.422,288.761,279,279,0.093,-0.105,0,0,50,1,0,0,0,1,0,0,496.734,193.493,2.284,-1.017,307.197,190.479,1.416,-2.06,0,0,0,0,264.419,178.306,130.5,78,-0.483,0.785,-0.032,0.038,25,96.072,79.266,-2.445,-0.52,0,0,0,0,0,0,0,0,4731

Main.js:462 244.51,288.661,277.5,277.5,0.088,-0.1,0,0,49,1,0,0,0,1,0,0,499.018,192.476,2.284,-1.017,308.613,188.418,1.416,-2.06,0,0,0,0,263.929,179.087,130.5,76.5,-0.49,0.782,-0.032,0.038,24,93.627,78.746,-2.445,-0.52,0,0,0,0,0,0,0,0,4749

Main.js:462 244.594,288.566,276,276,0.084,-0.095,0,0,48,1,0,0,0,1,0,0,310.029,186.358,1.416,-2.06,0,0,0,0,0,0,0,0,263.433,179.866,130.5,75,-0.496,0.779,-0.032,0.038,23,93.627,78.746,-2.445,-0.52,0,0,0,0,0,0,0,0,4765

Main.js:462 244.674,288.477,274.5,274.5,0.08,-0.09,0,0,47,1,0,0,0,1,0,0,311.445,184.298,1.416,-2.06,0,0,0,0,0,0,0,0,262.93,180.642,130.5,73.5,-0.502,0.776,-0.032,0.038,22,91.182,78.226,-2.445,-0.52,0,0,0,0,0,0,0,0,4781

Main.js:462 244.749,288.391,273,273,0.076,-0.085,0,0,46,1,0,0,0,1,0,0,312.861,182.237,1.416,-2.06,0,0,0,0,0,0,0,0,262.422,181.415,130.5,72,-0.508,0.773,-0.032,0.038,21,88.736,77.706,-2.445,-0.52,0,0,0,0,0,0,0,0,4799

Main.js:462 244.821,288.31,271.5,271.5,0.072,-0.081,0,0,45,1,0,0,0,0,0,0,314.277,180.177,1.416,-2.06,0,0,0,0,0,0,0,0,261.909,182.186,130.5,70.5,-0.513,0.771,-0.032,0.038,20,86.291,77.187,-2.445,-0.52,0,0,0,0,0,0,0,0,4816

Main.js:462 244.89,288.233,270,270,0.068,-0.077,0,0,44,1,0,0,0,0,0,0,315.693,178.117,1.416,-2.06,0,0,0,0,0,0,0,0,261.39,182.954,130.5,69,-0.519,0.768,-0.032,0.038,19,83.846,76.667,-2.445,-0.52,0,0,0,0,0,0,0,0,4831

Main.js:462 244.955,288.16,270,270,0.065,-0.073,0,0,43,0,0,0,0,0,0,0,317.109,176.056,1.416,-2.06,0,0,0,0,0,0,0,0,260.867,183.72,130.5,67.5,-0.524,0.766,-0.032,0.038,18,81.4,76.147,-2.445,-0.52,0,0,0,0,0,0,0,0,4849

Main.js:462 245.016,288.09,270,270,0.062,-0.07,0,0,42,0,0,0,0,0,0,0,318.525,173.996,1.416,-2.06,0,0,0,0,0,0,0,0,260.339,184.484,130.5,66,-0.528,0.764,-0.032,0.038,17,78.955,75.627,-2.445,-0.52,0,0,0,0,0,0,0,0,4864

Main.js:462 245.075,288.024,270,270,0.059,-0.066,0,0,41,0,0,0,0,0,0,0,319.941,171.936,1.416,-2.06,0,0,0,0,0,0,0,0,259.806,185.246,130.5,64.5,-0.533,0.762,-0.032,0.038,16,76.509,75.108,-2.445,-0.52,0,0,0,0,0,0,0,0,4882

Main.js:462 245.131,287.961,270,270,0.056,-0.063,0,0,40,0,0,0,0,1,0,0,321.357,169.875,1.416,-2.06,0,0,0,0,0,0,0,0,259.269,186.005,130.5,63,-0.537,0.76,-0.032,0.038,15,74.064,74.588,-2.445,-0.52,0,0,0,0,0,0,0,0,4897

Main.js:462 245.184,287.901,270,270,0.053,-0.06,0,0,39,0,0,0,0,1,0,0,322.773,167.815,1.416,-2.06,0,0,0,0,0,0,0,0,258.728,186.763,130.5,61.5,-0.541,0.758,-0.032,0.038,14,71.619,74.068,-2.445,-0.52,0,0,0,0,0,0,0,0,4913

Main.js:462 245.234,287.845,270,270,0.05,-0.057,0,0,38,0,0,0,0,1,0,0,324.189,165.755,1.416,-2.06,0,0,0,0,0,0,0,0,258.183,187.519,130.5,60,-0.545,0.756,-0.032,0.038,13,69.173,73.548,-2.445,-0.52,0,0,0,0,0,0,0,0,4931

Main.js:462 245.282,287.791,270,270,0.048,-0.054,0,0,37,0,0,0,0,1,0,0,325.605,163.694,1.416,-2.06,0,0,0,0,0,0,0,0,257.635,188.274,130.5,58.5,-0.548,0.754,-0.032,0.038,12,66.728,73.028,-2.445,-0.52,0,0,0,0,0,0,0,0,4948

Main.js:462 245.327,287.74,270,270,0.045,-0.051,0,0,36,0,0,0,0,1,0,0,327.021,161.634,1.416,-2.06,0,0,0,0,0,0,0,0,257.083,189.026,130.5,57,-0.552,0.753,-0.032,0.038,11,64.283,72.509,-2.445,-0.52,0,0,0,0,0,0,0,0,4964

Main.js:462 245.37,287.691,270,270,0.043,-0.049,0,0,35,0,0,0,0,1,0,0,328.437,159.574,1.416,-2.06,0,0,0,0,0,0,0,0,256.528,189.778,130.5,55.5,-0.555,0.751,-0.032,0.038,10,61.837,71.989,-2.445,-0.52,0,0,0,0,0,0,0,0,4980

Main.js:462 245.411,287.645,270,270,0.041,-0.046,0,0,34,0,0,0,0,0,0,0,329.853,157.514,1.416,-2.06,0,0,0,0,0,0,0,0,255.97,190.528,130.5,54,-0.558,0.75,-0.032,0.038,9,59.392,71.469,-2.445,-0.52,0,0,0,0,0,0,0,0,4998

Main.js:462 245.45,287.601,270,270,0.039,-0.044,0,0,33,0,0,0,0,0,0,0,331.269,155.453,1.416,-2.06,0,0,0,0,0,0,0,0,255.409,191.276,130.5,52.5,-0.561,0.748,-0.032,0.038,8,56.947,70.949,-2.445,-0.52,0,0,0,0,0,0,0,0,5014

Main.js:462 245.487,287.56,270,270,0.037,-0.042,0,0,32,0,0,0,0,0,0,0,332.685,153.393,1.416,-2.06,0,0,0,0,0,0,0,0,254.846,192.024,129,49.5,-0.563,0.748,-0.031,0.039,7,54.501,70.43,-2.445,-0.52,0,0,0,0,0,0,0,0,5032

Main.js:462 245.522,287.52,270,270,0.035,-0.04,0,0,31,0,0,0,0,0,0,0,334.101,151.333,1.416,-2.06,0,0,0,0,0,0,0,0,254.283,192.772,127.5,46.5,-0.564,0.748,-0.03,0.04,6,52.056,69.91,-2.445,-0.52,0,0,0,0,0,0,0,0,5048

Main.js:462 245.555,287.482,270,270,0.033,-0.038,0,0,30,0,0,0,0,0,0,0,335.517,149.272,1.416,-2.06,0,0,0,0,0,0,0,0,253.719,193.522,126,43.5,-0.563,0.749,-0.029,0.04,5,49.61,69.39,-2.445,-0.52,0,0,0,0,0,0,0,0,5064

Main.js:462 245.587,287.447,270,270,0.032,-0.036,0,0,29,0,0,0,0,1,0,0,336.933,147.212,1.416,-2.06,0,0,0,0,0,0,0,0,253.157,194.272,124.5,40.5,-0.562,0.751,-0.028,0.041,4,47.165,68.87,-2.445,-0.52,0,0,0,0,0,0,0,0,5082

Main.js:462 245.617,287.413,270,270,0.03,-0.034,0,0,28,0,0,0,0,1,0,0,338.349,145.152,1.416,-2.06,0,0,0,0,0,0,0,0,252.597,195.026,123,37.5,-0.56,0.753,-0.027,0.042,3,44.72,68.35,-2.445,-0.52,0,0,0,0,0,0,0,0,5098

Main.js:462 245.646,287.381,270,270,0.029,-0.032,0,0,27,0,0,0,0,1,0,0,339.765,143.091,1.416,-2.06,0,0,0,0,0,0,0,0,252.041,195.782,121.5,34.5,-0.557,0.756,-0.026,0.043,2,42.274,67.831,-2.445,-0.52,0,0,0,0,0,0,0,0,5114

Main.js:462 245.673,287.35,270,270,0.027,-0.031,0,0,26,0,0,0,0,1,0,0,341.181,141.031,1.416,-2.06,0,0,0,0,0,0,0,0,251.488,196.541,120,31.5,-0.553,0.759,-0.025,0.043,1,39.829,67.311,-2.445,-0.52,0,0,0,0,0,0,0,0,5130

Main.js:462 245.699,287.321,270,270,0.026,-0.029,0,0,25,0,0,0,0,0,0,0,342.597,138.971,1.416,-2.06,0,0,0,0,0,0,0,0,250.94,197.304,118.5,28.5,-0.548,0.763,-0.024,0.044,0,37.384,66.791,-2.445,-0.52,0,0,0,0,0,0,0,0,5149

Main.js:462 245.723,287.293,270,270,0.025,-0.028,0,0,24,0,0,0,0,0,0,0,344.013,136.91,1.416,-2.06,0,0,0,0,0,0,0,0,250.399,198.072,117,25.5,-0.542,0.767,-0.023,0.045,99,34.938,66.271,-2.445,-0.52,0,0,0,0,0,0,0,0,5164

Main.js:462 245.746,287.267,270,270,0.023,-0.026,0,0,23,0,0,0,0,0,0,0,345.429,134.85,1.416,-2.06,0,0,0,0,0,0,0,0,249.863,198.844,115.5,22.5,-0.535,0.772,-0.022,0.045,98,32.493,65.752,-2.445,-0.52,272.151,207.421,2.256,1.076,0,0,0,0,5183

Main.js:462 245.768,287.242,270,270,0.022,-0.025,0,0,22,0,0,0,0,0,0,0,346.845,132.79,1.416,-2.06,0,0,0,0,0,0,0,0,249.336,199.62,114,19.5,-0.528,0.777,-0.02,0.046,97,30.047,65.232,-2.445,-0.52,274.408,208.498,2.256,1.076,0,0,0,0,5198

Main.js:462 245.79,287.218,270,270,0.021,-0.024,0,0,21,0,0,0,0,0,0,0,348.262,130.729,1.416,-2.06,0,0,0,0,0,0,0,0,248.816,200.402,112.5,16.5,-0.52,0.782,-0.019,0.046,96,27.602,64.712,-2.445,-0.52,276.664,209.574,2.256,1.076,0,0,0,0,5213

Main.js:462 245.809,287.196,270,270,0.02,-0.023,0,0,20,0,0,0,0,0,0,0,349.678,128.669,1.416,-2.06,0,0,0,0,0,0,0,0,248.306,201.189,111,13.5,-0.511,0.787,-0.018,0.047,95,25.157,64.192,-2.445,-0.52,278.921,210.65,2.256,1.076,0,0,0,0,5232

Main.js:462 245.828,287.174,270,270,0.019,-0.021,0,0,19,0,0,0,0,1,0,0,351.094,126.609,1.416,-2.06,0,0,0,0,0,0,0,0,247.805,201.981,109.5,10.5,-0.501,0.792,-0.017,0.047,94,22.711,63.672,-2.445,-0.52,281.177,211.726,2.256,1.076,0,0,0,0,5249

Main.js:462 245.846,287.154,270,270,0.018,-0.02,0,0,18,0,0,0,0,1,0,0,352.51,124.548,1.416,-2.06,0,0,0,0,0,0,0,0,247.314,202.779,108,7.5,-0.491,0.798,-0.015,0.048,93,20.266,63.153,-2.445,-0.52,283.434,212.803,2.256,1.076,0,0,0,0,5265

Main.js:462 245.864,287.135,270,270,0.017,-0.019,0,0,17,0,0,0,0,1,0,0,353.926,122.488,1.416,-2.06,0,0,0,0,0,0,0,0,246.835,203.583,106.5,4.5,-0.48,0.804,-0.014,0.048,92,17.821,62.633,-2.445,-0.52,285.69,213.879,2.256,1.076,0,0,0,0,5281

Main.js:462 245.88,287.116,270,270,0.016,-0.018,0,0,16,0,0,0,0,1,0,0,355.342,120.428,1.416,-2.06,0,0,0,0,0,0,0,0,246.367,204.392,105,1.5,-0.468,0.809,-0.013,0.048,91,15.375,62.113,-2.445,-0.52,287.946,214.955,2.256,1.076,0,0,0,0,5299

Main.js:462 245.895,287.099,270,270,0.015,-0.017,0,0,15,0,0,0,0,0,0,0,356.758,118.368,1.416,-2.06,0,0,0,0,0,0,0,0,245.911,205.207,103.5,-1.5,-0.456,0.815,-0.012,0.049,90,12.93,61.593,-2.445,-0.52,290.203,216.032,2.256,1.076,0,0,0,0,5314

Main.js:462 245.91,287.082,270,270,0.015,-0.017,0,0,14,0,0,0,0,0,0,0,358.174,116.307,1.416,-2.06,0,0,0,0,0,0,0,0,245.469,206.028,102,-4.5,-0.443,0.821,-0.01,0.049,89,10.485,61.073,-2.445,-0.52,292.459,217.108,2.256,1.076,0,0,0,0,5332

Main.js:462 245.924,287.067,270,270,0.014,-0.016,0,0,13,0,0,0,0,0,0,0,359.59,114.247,1.416,-2.06,0,0,0,0,0,0,0,0,245.039,206.854,100.5,-7.5,-0.429,0.826,-0.009,0.049,88,8.039,60.554,-2.445,-0.52,294.716,218.184,2.256,1.076,0,0,0,0,5349

Main.js:462 245.937,287.052,270,270,0.013,-0.015,0,0,12,0,0,0,0,0,0,0,361.006,112.187,1.416,-2.06,0,0,0,0,0,0,0,0,244.624,207.686,99,-10.5,-0.415,0.832,-0.008,0.049,87,5.594,60.034,-2.445,-0.52,296.972,219.26,2.256,1.076,0,0,0,0,5364

Main.js:462 245.95,287.038,270,270,0.013,-0.014,0,0,11,0,0,0,0,0,0,0,362.422,110.126,1.416,-2.06,0,0,0,0,0,0,0,0,244.224,208.524,97.5,-13.5,-0.401,0.837,-0.007,0.05,86,3.148,59.514,-2.445,-0.52,299.229,220.337,2.256,1.076,0,0,0,0,5382

Main.js:462 245.962,287.024,270,270,0.012,-0.013,0,0,10,0,0,0,0,1,0,0,363.838,108.066,1.416,-2.06,0,0,0,0,0,0,0,0,243.838,209.367,96,-16.5,-0.386,0.843,-0.005,0.05,85,0.703,58.994,-2.445,-0.52,301.485,221.413,2.256,1.076,0,0,0,0,5399

Main.js:462 245.973,287.011,270,270,0.011,-0.013,0,0,9,0,0,0,0,1,0,0,363.838,108.066,1.416,-2.06,0,0,0,0,0,0,0,0,243.468,210.215,94.5,-19.5,-0.37,0.848,-0.004,0.05,84,303.742,222.489,2.256,1.076,0,0,0,0,0,0,0,0,5459

Main.js:462 245.984,286.999,270,270,0.011,-0.012,0,0,8,0,0,0,0,0,0,0,365.254,106.006,1.416,-2.06,0,0,0,0,0,0,0,0,243.114,211.068,93,-22.5,-0.354,0.853,-0.003,0.05,83,305.998,223.566,2.256,1.076,0,0,0,0,0,0,0,0,5481

Main.js:462 245.994,286.988,270,270,0.01,-0.012,0,0,7,0,0,0,0,0,0,0,366.67,103.945,1.416,-2.06,0,0,0,0,0,0,0,0,242.777,211.926,91.5,-25.5,-0.337,0.858,-0.001,0.05,82,308.255,224.642,2.256,1.076,0,0,0,0,0,0,0,0,5497

Main.js:462 246.004,286.977,270,270,0.01,-0.011,0,0,6,0,0,0,0,0,0,0,368.086,101.885,1.416,-2.06,0,0,0,0,0,0,0,0,242.456,212.788,90,-28.5,-0.321,0.863,0,0.05,81,310.511,225.718,2.256,1.076,0,0,0,0,0,0,0,0,5514

Main.js:462 246.013,286.966,268.5,268.5,0.009,-0.01,0,0,5,1,0,0,0,0,0,0,369.502,99.825,1.416,-2.06,0,0,0,0,0,0,0,0,242.153,213.655,88.5,-31.5,-0.303,0.867,0.001,0.05,80,312.768,226.794,2.256,1.076,0,0,0,0,0,0,0,0,5531

Main.js:462 246.022,286.956,267,267,0.009,-0.01,0,0,4,1,0,0,0,0,0,0,370.918,97.764,1.416,-2.06,0,0,0,0,0,0,0,0,241.867,214.526,87,-34.5,-0.286,0.871,0.003,0.05,79,315.024,227.871,2.256,1.076,0,0,0,0,0,0,0,0,5547

Main.js:462 246.03,286.947,265.5,265.5,0.008,-0.009,0,0,3,1,0,0,0,1,0,0,372.334,95.704,1.416,-2.06,0,0,0,0,0,0,0,0,241.599,215.401,85.5,-37.5,-0.268,0.875,0.004,0.05,78,317.28,228.947,2.256,1.076,0,0,0,0,0,0,0,0,5564

Main.js:462 246.038,286.938,265.5,265.5,0.008,-0.009,0,0,2,0,0,0,0,1,0,0,373.75,93.644,1.416,-2.06,0,0,0,0,0,0,0,0,241.35,216.279,84,-40.5,-0.249,0.878,0.005,0.05,77,319.537,230.023,2.256,1.076,0,0,0,0,0,0,0,0,5582

Main.js:462 246.046,286.929,265.5,265.5,0.008,-0.008,0,0,1,0,0,0,0,1,0,0,375.166,91.583,1.416,-2.06,0,0,0,0,0,0,0,0,241.119,217.161,82.5,-43.5,-0.231,0.881,0.007,0.05,76,321.793,231.099,2.256,1.076,0,0,0,0,0,0,0,0,5598

Main.js:462 246.053,286.921,265.5,265.5,0.007,-0.008,0,0,0,0,0,0,0,1,0,0,376.582,89.523,1.416,-2.06,0,0,0,0,0,0,0,0,240.908,218.045,81,-46.5,-0.212,0.884,0.008,0.049,75,324.05,232.176,2.256,1.076,0,0,0,0,0,0,0,0,5616

Main.js:462 246.06,286.914,265.5,265.5,0.007,-0.008,0,0,99,0,0,0,0,1,0,0,377.998,87.463,1.416,-2.06,0,0,0,0,0,0,0,0,240.715,218.932,79.5,-49.5,-0.192,0.887,0.009,0.049,74,326.306,233.252,2.256,1.076,0,0,0,0,0,0,0,0,5631

Main.js:462 246.066,286.906,265.5,265.5,0.006,-0.007,0,0,98,0,0,0,0,1,0,0,379.414,85.402,1.416,-2.06,244.209,263.494,-0.196,-2.492,0,0,0,0,240.542,219.821,78,-52.5,-0.173,0.889,0.01,0.049,73,328.563,234.328,2.256,1.076,0,0,0,0,0,0,0,0,5649

Main.js:462 246.072,286.9,265.5,265.5,0.006,-0.007,0,0,97,0,0,0,0,0,0,0,380.83,83.342,1.416,-2.06,244.013,261.002,-0.196,-2.492,0,0,0,0,240.389,220.711,76.5,-55.5,-0.153,0.891,0.012,0.049,72,330.819,235.405,2.256,1.076,0,0,0,0,0,0,0,0,5664

Main.js:462 246.078,286.893,265.5,265.5,0.006,-0.007,0,0,96,0,0,0,0,0,0,0,382.246,81.282,1.416,-2.06,243.817,258.509,-0.196,-2.492,0,0,0,0,240.256,221.603,75,-58.5,-0.133,0.892,0.013,0.048,71,333.076,236.481,2.256,1.076,0,0,0,0,0,0,0,0,5681

Main.js:462 246.084,286.887,265.5,265.5,0.006,-0.006,0,0,95,0,0,0,0,0,0,0,383.662,79.222,1.416,-2.06,243.621,256.017,-0.196,-2.492,0,0,0,0,240.143,222.496,73.5,-61.5,-0.113,0.893,0.014,0.048,70,335.332,237.557,2.256,1.076,0,0,0,0,0,0,0,0,5698

Main.js:462 246.089,286.881,265.5,265.5,0.005,-0.006,0,0,94,0,0,0,0,0,0,0,385.078,77.161,1.416,-2.06,243.424,253.525,-0.196,-2.492,0,0,0,0,240.05,223.39,72,-64.5,-0.093,0.893,0.015,0.048,69,337.589,238.633,2.256,1.076,0,0,0,0,0,0,0,0,5714

Main.js:462 246.094,286.875,265.5,265.5,0.005,-0.006,0,0,93,0,0,0,0,1,0,0,386.494,75.101,1.416,-2.06,243.228,251.032,-0.196,-2.492,0,0,0,0,239.978,224.283,70.5,-67.5,-0.072,0.894,0.017,0.047,68,339.845,239.71,2.256,1.076,0,0,0,0,0,0,0,0,5732

Main.js:462 246.099,286.87,265.5,265.5,0.005,-0.005,0,0,92,0,0,0,0,1,0,0,387.91,73.041,1.416,-2.06,243.032,248.54,-0.196,-2.492,0,0,0,0,239.926,225.176,69,-70.5,-0.052,0.893,0.018,0.047,67,342.102,240.786,2.256,1.076,0,0,0,0,0,0,0,0,5749

Main.js:462 246.103,286.865,265.5,265.5,0.005,-0.005,0,0,91,0,0,0,0,1,0,0,389.326,70.98,1.416,-2.06,242.836,246.048,-0.196,-2.492,0,0,0,0,239.895,226.069,67.5,-73.5,-0.031,0.892,0.019,0.046,66,344.358,241.862,2.256,1.076,0,0,0,0,0,0,0,0,5763

Main.js:462 246.107,286.86,265.5,265.5,0.004,-0.005,0,0,90,0,0,0,0,1,0,0,390.742,68.92,1.416,-2.06,242.64,243.556,-0.196,-2.492,0,0,0,0,239.885,226.96,66,-76.5,-0.01,0.891,0.02,0.046,65,346.614,242.939,2.256,1.076,0,0,0,0,0,0,0,0,5781

Main.js:462 246.111,286.855,265.5,265.5,0.004,-0.005,0,0,89,0,0,0,0,1,0,0,390.742,68.92,1.416,-2.06,242.64,243.556,-0.196,-2.492,0,0,0,0,239.896,227.85,64.5,-79.5,0.011,0.89,0.022,0.045,64,348.871,244.015,2.256,1.076,0,0,0,0,0,0,0,0,5799

