Main.js:143 myTank.x,myTank.y,myTank.rotation,myTank.cannonRotation,myTank.velocityX,myTank.velocityY,myTank.accelerationX,myTank.accelerationY,myTank.shootCooldown,myTank.controls.turnLeft,myTank.controls.turnRight,myTank.controls.goForward,myTank.controls.goBack,myTank.controls.shoot,myTank.controls.cannonLeft,myTank.controls.cannonRight,myBullet1.x,myBullet1.y,myBullet1.velocityX,myBullet1.velocityY,myBullet2.x,myBullet2.y,myBullet2.velocityX,myBullet2.velocityY,myBullet3.x,myBullet3.y,myBullet3.velocityX,myBullet3.velocityY,enemyTank.x,enemyTank.y,enemyTank.rotation,enemyTank.cannonRotation,enemyTank.velocityX,enemyTank.velocityY,enemyTank.accelerationX,enemyTank.accelerationY,enemyTank.shootCooldown,enemyBullet1.x,enemyBullet1.y,enemyBullet1.velocityX,enemyBullet1.velocityY,enemyBullet2.x,enemyBullet2.y,enemyBullet2.velocityX,enemyBullet2.velocityY,enemyBullet3.x,enemyBullet3.y,enemyBullet3.velocityX,enemyBullet3.velocityY,currentGameTime
Main.js:462 450,305,180,180,0,0,0,0,0,0,0,0,0,0,0,0,0,0,0,0,0,0,0,0,0,0,0,0,50,195,0,0,0,0,0,0,0,0,0,0,0,0,0,0,0,0,0,0,0,5

Main.js:462 450,305,180,180,0,0,0,0,0,0,0,0,0,0,0,0,0,0,0,0,0,0,0,0,0,0,0,0,50,195,0,0,0,0,0,0,0,0,0,0,0,0,0,0,0,0,0,0,0,31

Main.js:462 450,305,180,180,0,0,0,0,0,0,0,0,0,0,0,0,0,0,0,0,0,0,0,0,0,0,0,0,50,195,0,0,0,0,0,0,0,0,0,0,0,0,0,0,0,0,0,0,0,47

Main.js:462 450,305,180,180,0,0,0,0,0,0,0,0,0,0,0,0,0,0,0,0,0,0,0,0,0,0,0,0,50.047,195.001,1.5,0,0.047,0.001,0.05,0.001,99,0,0,0,0,0,0,0,0,0,0,0,0,63

Main.js:462 450,305,180,180,0,0,0,0,0,0,0,0,0,0,0,0,0,0,0,0,0,0,0,0,0,0,0,0,50.14,195.005,3,0,0.093,0.004,0.05,0.003,98,73.5,195,2.5,0,0,0,0,0,0,0,0,0,81

Main.js:462 450,305,180,180,0,0,0,0,0,0,0,0,0,0,0,0,0,0,0,0,0,0,0,0,0,0,0,0,50.275,195.012,4.5,0,0.135,0.007,0.05,0.004,97,76,195,2.5,0,0,0,0,0,0,0,0,0,96

Main.js:462 450,305,180,180,0,0,0,0,0,0,0,0,0,0,0,0,0,0,0,0,0,0,0,0,0,0,0,0,50.451,195.024,6,0,0.176,0.012,0.05,0.005,96,78.5,195,2.5,0,0,0,0,0,0,0,0,0,115

Main.js:462 449.953,305,180,180,-0.047,0,-0.05,0,0,0,0,1,0,0,0,0,0,0,0,0,0,0,0,0,0,0,0,0,50.665,195.041,7.5,0,0.214,0.017,0.05,0.007,95,81,195,2.5,0,0,0,0,0,0,0,0,0,129

Main.js:462 449.86,305,180,180,-0.093,0,-0.05,0,0,0,0,1,0,0,0,0,0,0,0,0,0,0,0,0,0,0,0,0,50.915,195.065,9,0,0.25,0.024,0.049,0.008,94,83.5,195,2.5,0,0,0,0,0,0,0,0,0,146

Main.js:462 449.724,305,180,180,-0.135,0,-0.05,0,0,0,0,1,0,0,0,0,0,0,0,0,0,0,0,0,0,0,0,0,51.2,195.097,10.5,0,0.284,0.031,0.049,0.009,93,86,195,2.5,0,0,0,0,0,0,0,0,0,164

Main.js:462 449.548,305,180,180,-0.176,0,-0.05,0,0,0,0,1,0,0,0,0,0,0,0,0,0,0,0,0,0,0,0,0,51.517,195.137,12,0,0.317,0.04,0.049,0.01,92,88.5,195,2.5,0,0,0,0,0,0,0,0,0,181

Main.js:462 449.333,305,180,180,-0.215,0,-0.05,0,0,0,0,1,0,0,0,0,0,0,0,0,0,0,0,0,0,0,0,0,51.864,195.185,13.5,0,0.347,0.049,0.049,0.012,91,91,195,2.5,0,0,0,0,0,0,0,0,0,197

Main.js:462 449.082,305,180,180,-0.252,0,-0.05,0,0,0,0,1,0,0,0,0,0,0,0,0,0,0,0,0,0,0,0,0,52.239,195.244,15,0,0.376,0.059,0.048,0.013,90,93.5,195,2.5,0,0,0,0,0,0,0,0,0,213

Main.js:462 448.795,305,180,180,-0.287,0,-0.05,0,0,0,0,1,0,0,0,0,0,0,0,0,0,0,0,0,0,0,0,0,52.641,195.313,16.5,0,0.402,0.069,0.048,0.014,89,96,195,2.5,0,0,0,0,0,0,0,0,0,229

Main.js:462 448.475,305,180,180,-0.32,0,-0.05,0,0,0,0,1,0,0,0,0,0,0,0,0,0,0,0,0,0,0,0,0,53.069,195.394,18,0,0.427,0.08,0.048,0.015,88,98.5,195,2.5,0,0,0,0,0,0,0,0,0,248

Main.js:462 448.124,305,180,180,-0.351,0,-0.05,0,0,0,0,1,0,0,0,0,0,0,0,0,0,0,0,0,0,0,0,0,53.52,195.486,19.5,0,0.451,0.092,0.047,0.017,87,101,195,2.5,0,0,0,0,0,0,0,0,0,263

Main.js:462 447.743,305,180,180,-0.381,0,-0.05,0,0,0,0,1,0,0,0,0,0,0,0,0,0,0,0,0,0,0,0,0,53.992,195.591,21,0,0.473,0.105,0.047,0.018,86,103.5,195,2.5,0,0,0,0,0,0,0,0,0,331

Main.js:462 447.333,305,180,180,-0.41,0,-0.05,0,99,0,0,1,0,1,0,0,0,0,0,0,0,0,0,0,0,0,0,0,54.485,195.708,22.5,0,0.493,0.118,0.046,0.019,85,106,195,2.5,0,0,0,0,0,0,0,0,0,362

Main.js:462 446.897,305,180,180,-0.437,0,-0.05,0,98,0,0,1,0,1,0,0,424.243,305,-2.5,0,0,0,0,0,0,0,0,0,54.997,195.84,24,0,0.512,0.131,0.046,0.02,84,108.5,195,2.5,0,0,0,0,0,0,0,0,0,379

Main.js:462 446.434,305,180,180,-0.462,0,-0.05,0,97,0,0,1,0,1,0,0,421.743,305,-2.5,0,0,0,0,0,0,0,0,0,55.526,195.985,25.5,0,0.529,0.145,0.045,0.022,83,111,195,2.5,0,0,0,0,0,0,0,0,0,397

Main.js:462 445.947,305,180,180,-0.487,0,-0.05,0,96,0,0,1,0,1,0,0,419.243,305,-2.5,0,0,0,0,0,0,0,0,0,56.07,196.144,27,0,0.545,0.159,0.045,0.023,82,113.5,195,2.5,0,0,0,0,0,0,0,0,0,412

Main.js:462 445.438,305,180,180,-0.51,0,-0.05,0,95,0,0,1,0,0,0,0,416.743,305,-2.5,0,0,0,0,0,0,0,0,0,56.63,196.318,28.5,0,0.559,0.174,0.044,0.024,81,116,195,2.5,0,0,0,0,0,0,0,0,0,430

Main.js:462 444.906,305,180,180,-0.532,0,-0.05,0,94,0,0,1,0,0,0,0,414.243,305,-2.5,0,0,0,0,0,0,0,0,0,57.202,196.507,30,0,0.572,0.189,0.043,0.025,80,118.5,195,2.5,0,0,0,0,0,0,0,0,0,446

Main.js:462 444.353,305,180,180,-0.553,0,-0.05,0,93,0,0,1,0,0,0,0,411.743,305,-2.5,0,0,0,0,0,0,0,0,0,57.787,196.711,31.5,0,0.584,0.204,0.043,0.026,79,121,195,2.5,0,0,0,0,0,0,0,0,0,464

Main.js:462 443.78,305,180,180,-0.573,0,-0.05,0,92,0,0,1,0,0,0,0,409.243,305,-2.5,0,0,0,0,0,0,0,0,0,58.382,196.931,33,0,0.595,0.22,0.042,0.027,78,123.5,195,2.5,0,0,0,0,0,0,0,0,0,481

Main.js:462 443.189,305,180,180,-0.592,0,-0.05,0,91,0,0,1,0,0,0,0,406.743,305,-2.5,0,0,0,0,0,0,0,0,0,58.986,197.167,34.5,0,0.604,0.236,0.041,0.028,77,126,195,2.5,0,0,0,0,0,0,0,0,0,496

Main.js:462 442.579,304.999,181.5,181.5,-0.609,-0.001,-0.05,-0.001,90,0,1,1,0,1,0,0,404.243,305,-2.5,0,0,0,0,0,0,0,0,0,59.598,197.419,36,0,0.613,0.252,0.04,0.029,76,128.5,195,2.5,0,0,0,0,0,0,0,0,0,513

Main.js:462 441.953,304.995,183,183,-0.626,-0.004,-0.05,-0.003,89,0,1,1,0,1,0,0,401.743,305,-2.5,0,0,0,0,0,0,0,0,0,60.219,197.687,36,358.5,0.62,0.267,0.04,0.029,75,131,195,2.5,0,0,0,0,0,0,0,0,0,530

Main.js:462 441.311,304.988,184.5,184.5,-0.642,-0.007,-0.05,-0.004,88,0,1,1,0,1,0,0,399.243,305,-2.5,0,0,0,0,0,0,0,0,0,60.847,197.969,36,357,0.628,0.282,0.04,0.029,74,133.5,195,2.5,0,0,0,0,0,0,0,0,0,547

Main.js:462 440.653,304.976,186,186,-0.658,-0.012,-0.05,-0.005,87,0,1,1,0,1,0,0,396.743,305,-2.5,0,0,0,0,0,0,0,0,0,61.481,198.265,36,355.5,0.635,0.296,0.04,0.029,73,136,195,2.5,0,0,0,0,0,0,0,0,0,564

Main.js:462 439.981,304.959,187.5,187.5,-0.672,-0.017,-0.05,-0.007,86,0,1,1,0,1,0,0,394.243,305,-2.5,0,0,0,0,0,0,0,0,0,62.123,198.573,36,354,0.642,0.309,0.04,0.029,72,138.5,195,2.5,0,0,0,0,0,0,0,0,0,581

Main.js:462 439.296,304.935,189,189,-0.685,-0.024,-0.049,-0.008,85,0,1,1,0,0,0,0,391.743,305,-2.5,0,0,0,0,0,0,0,0,0,62.771,198.895,36,352.5,0.648,0.321,0.04,0.029,71,141,195,2.5,0,0,0,0,0,0,0,0,0,596

Main.js:462 438.599,304.903,190.5,190.5,-0.698,-0.031,-0.049,-0.009,84,0,1,1,0,0,0,0,389.243,305,-2.5,0,0,0,0,0,0,0,0,0,63.425,199.228,36,351,0.654,0.333,0.04,0.029,70,143.5,195,2.5,0,0,0,0,0,0,0,0,0,614

Main.js:462 437.889,304.865,190.5,190.5,-0.709,-0.039,-0.049,-0.009,83,0,0,1,0,0,0,0,386.743,305,-2.5,0,0,0,0,0,0,0,0,0,64.084,199.573,36,349.5,0.66,0.344,0.04,0.029,69,146,195,2.5,0,0,0,0,0,0,0,0,0,630

Main.js:462 437.169,304.819,190.5,190.5,-0.721,-0.045,-0.049,-0.009,82,0,0,1,0,0,0,0,384.243,305,-2.5,0,0,0,0,0,0,0,0,0,64.749,199.928,36,348,0.665,0.355,0.04,0.029,68,148.5,195,2.5,0,0,0,0,0,0,0,0,0,646

Main.js:462 436.437,304.768,190.5,190.5,-0.731,-0.052,-0.049,-0.009,81,0,0,1,0,0,0,0,381.743,305,-2.5,0,0,0,0,0,0,0,0,0,65.42,200.293,36,346.5,0.67,0.365,0.04,0.029,67,151,195,2.5,0,0,0,0,0,0,0,0,0,663

Main.js:462 435.696,304.71,190.5,190.5,-0.741,-0.058,-0.049,-0.009,80,0,0,1,0,1,0,0,379.243,305,-2.5,0,0,0,0,0,0,0,0,0,66.095,200.668,36,345,0.675,0.375,0.04,0.029,66,153.5,195,2.5,0,0,0,0,0,0,0,0,0,680

Main.js:462 434.945,304.647,190.5,190.5,-0.751,-0.063,-0.049,-0.009,79,0,0,1,0,1,0,0,376.743,305,-2.5,0,0,0,0,0,0,0,0,0,66.775,201.052,36,343.5,0.68,0.384,0.04,0.029,65,156,195,2.5,0,0,0,0,0,0,0,0,0,696

Main.js:462 434.185,304.578,190.5,190.5,-0.76,-0.069,-0.049,-0.009,78,0,0,1,0,1,0,0,374.243,305,-2.5,0,0,0,0,0,0,0,0,0,67.459,201.445,36,342,0.684,0.393,0.04,0.029,64,158.5,195,2.5,0,0,0,0,0,0,0,0,0,713

Main.js:462 433.416,304.503,190.5,190.5,-0.769,-0.074,-0.049,-0.009,77,0,0,1,0,1,0,0,371.743,305,-2.5,0,0,0,0,0,0,0,0,0,68.147,201.846,36,340.5,0.688,0.401,0.04,0.029,63,161,195,2.5,0,0,0,0,0,0,0,0,0,730

Main.js:462 432.639,304.424,190.5,190.5,-0.777,-0.079,-0.049,-0.009,76,0,0,1,0,1,0,0,369.243,305,-2.5,0,0,0,0,0,0,0,0,0,68.84,202.255,36,339,0.692,0.409,0.04,0.029,62,163.5,195,2.5,0,0,0,0,0,0,0,0,0,747

Main.js:462 431.854,304.34,190.5,190.5,-0.785,-0.084,-0.049,-0.009,75,0,0,1,0,0,0,0,366.743,305,-2.5,0,0,0,0,0,0,0,0,0,69.536,202.672,36,337.5,0.696,0.416,0.04,0.029,61,166,195,2.5,0,0,0,0,0,0,0,0,0,764

Main.js:462 431.061,304.252,190.5,190.5,-0.792,-0.088,-0.049,-0.009,74,0,0,1,0,0,0,0,364.243,305,-2.5,0,0,0,0,0,0,0,0,0,70.236,203.095,36,336,0.7,0.424,0.04,0.029,60,168.5,195,2.5,0,0,0,0,0,0,0,0,0,781

Main.js:462 430.262,304.16,190.5,190.5,-0.8,-0.093,-0.049,-0.009,73,0,0,1,0,0,0,0,361.743,305,-2.5,0,0,0,0,0,0,0,0,0,70.939,203.526,36,334.5,0.703,0.43,0.04,0.029,59,171,195,2.5,0,0,0,0,0,0,0,0,0,809

Main.js:462 429.455,304.063,190.5,190.5,-0.806,-0.097,-0.049,-0.009,72,0,0,1,0,0,0,0,359.243,305,-2.5,0,0,0,0,0,0,0,0,0,71.646,203.962,36,333,0.707,0.437,0.04,0.029,58,173.5,195,2.5,0,0,0,0,0,0,0,0,0,830

Main.js:462 428.643,303.963,190.5,190.5,-0.813,-0.1,-0.049,-0.009,71,0,0,1,0,0,0,0,356.743,305,-2.5,0,0,0,0,0,0,0,0,0,72.356,204.405,36,331.5,0.71,0.443,0.04,0.029,57,176,195,2.5,0,0,0,0,0,0,0,0,0,845

Main.js:462 427.824,303.859,190.5,190.5,-0.819,-0.104,-0.049,-0.009,70,0,0,1,0,1,0,0,354.243,305,-2.5,0,0,0,0,0,0,0,0,0,73.068,204.854,36,330,0.713,0.449,0.04,0.029,56,178.5,195,2.5,0,0,0,0,0,0,0,0,0,863

Main.js:462 427,303.751,190.5,190.5,-0.824,-0.107,-0.049,-0.009,69,0,0,1,0,1,0,0,351.743,305,-2.5,0,0,0,0,0,0,0,0,0,73.784,205.308,36,328.5,0.715,0.454,0.04,0.029,55,181,195,2.5,0,0,0,0,0,0,0,0,0,881

Main.js:462 426.17,303.64,190.5,190.5,-0.83,-0.111,-0.049,-0.009,68,0,0,1,0,1,0,0,349.243,305,-2.5,0,0,0,0,0,0,0,0,0,74.502,205.767,36,327,0.718,0.459,0.04,0.029,54,183.5,195,2.5,0,0,0,0,0,0,0,0,0,897

Main.js:462 425.334,303.527,190.5,190.5,-0.835,-0.114,-0.049,-0.009,67,0,0,1,0,1,0,0,346.743,305,-2.5,0,0,0,0,0,0,0,0,0,75.222,206.231,36,325.5,0.721,0.464,0.04,0.029,53,186,195,2.5,0,0,0,0,0,0,0,0,0,913

Main.js:462 424.494,303.41,190.5,190.5,-0.84,-0.117,-0.049,-0.009,66,0,0,1,0,0,0,0,344.243,305,-2.5,0,0,0,0,0,0,0,0,0,75.946,206.7,36,324,0.723,0.469,0.04,0.029,52,188.5,195,2.5,0,0,0,0,0,0,0,0,0,931

Main.js:462 423.649,303.29,190.5,190.5,-0.845,-0.12,-0.049,-0.009,65,0,0,1,0,0,0,0,341.743,305,-2.5,0,0,0,0,0,0,0,0,0,76.671,207.174,36,322.5,0.725,0.473,0.04,0.029,51,191,195,2.5,0,0,0,0,0,0,0,0,0,948

Main.js:462 422.8,303.168,190.5,190.5,-0.849,-0.122,-0.049,-0.009,64,0,0,1,0,0,0,0,339.243,305,-2.5,0,0,0,0,0,0,0,0,0,77.398,207.651,36,321,0.727,0.478,0.04,0.029,50,193.5,195,2.5,0,0,0,0,0,0,0,0,0,963

Main.js:462 421.947,303.043,190.5,190.5,-0.854,-0.125,-0.049,-0.009,63,0,0,1,0,0,0,0,336.743,305,-2.5,0,0,0,0,0,0,0,0,0,78.128,208.133,36,319.5,0.73,0.482,0.04,0.029,49,196,195,2.5,0,0,0,0,0,0,0,0,0,980

Main.js:462 421.089,302.916,190.5,190.5,-0.858,-0.127,-0.049,-0.009,62,0,0,1,0,0,0,0,334.243,305,-2.5,0,0,0,0,0,0,0,0,0,78.859,208.619,36,318,0.731,0.486,0.04,0.029,48,198.5,195,2.5,0,0,0,0,0,0,0,0,0,996

Main.js:462 420.228,302.786,190.5,190.5,-0.861,-0.13,-0.049,-0.009,61,0,0,1,0,0,0,0,331.743,305,-2.5,0,0,0,0,0,0,0,0,0,79.593,209.108,36,316.5,0.733,0.489,0.04,0.029,47,201,195,2.5,0,0,0,0,0,0,0,0,0,1013

Main.js:462 419.363,302.654,190.5,190.5,-0.865,-0.132,-0.049,-0.009,60,0,0,1,0,1,0,0,329.243,305,-2.5,0,0,0,0,0,0,0,0,0,80.328,209.6,34.5,313.5,0.736,0.492,0.041,0.028,46,203.5,195,2.5,0,0,0,0,0,0,0,0,0,1031

Main.js:462 418.494,302.52,190.5,190.5,-0.868,-0.134,-0.049,-0.009,59,0,0,1,0,1,0,0,326.743,305,-2.5,0,0,0,0,0,0,0,0,0,81.067,210.092,33,310.5,0.739,0.493,0.042,0.027,45,206,195,2.5,0,0,0,0,0,0,0,0,0,1046

Main.js:462 417.622,302.385,190.5,190.5,-0.872,-0.136,-0.049,-0.009,58,0,0,1,0,1,0,0,324.243,305,-2.5,0,0,0,0,0,0,0,0,0,81.81,210.586,31.5,307.5,0.742,0.493,0.043,0.026,44,208.5,195,2.5,0,0,0,0,0,0,0,0,0,1064

Main.js:462 416.748,302.247,190.5,190.5,-0.875,-0.138,-0.049,-0.009,57,0,0,1,0,1,0,0,321.743,305,-2.5,0,0,0,0,0,0,0,0,0,82.556,211.078,30,304.5,0.746,0.492,0.043,0.025,43,211,195,2.5,0,0,0,0,0,0,0,0,0,1080

Main.js:462 415.87,302.108,190.5,190.5,-0.878,-0.139,-0.049,-0.009,56,0,0,1,0,0,0,0,319.243,305,-2.5,0,0,0,0,0,0,0,0,0,83.307,211.568,28.5,301.5,0.751,0.49,0.044,0.024,42,213.5,195,2.5,0,0,0,0,0,0,0,0,0,1096

Main.js:462 414.989,301.966,190.5,190.5,-0.881,-0.141,-0.049,-0.009,55,0,0,1,0,0,0,0,316.743,305,-2.5,0,0,0,0,0,0,0,0,0,84.062,212.055,27,298.5,0.756,0.487,0.045,0.023,41,216,195,2.5,0,0,0,0,0,0,0,0,0,1114

Main.js:462 414.106,301.824,190.5,190.5,-0.883,-0.143,-0.049,-0.009,54,0,0,1,0,0,0,0,314.243,305,-2.5,0,0,0,0,0,0,0,0,0,84.823,212.539,25.5,295.5,0.761,0.483,0.045,0.022,40,218.5,195,2.5,0,0,0,0,0,0,0,0,0,1130

Main.js:462 413.22,301.679,190.5,190.5,-0.886,-0.144,-0.049,-0.009,53,0,0,1,0,0,0,0,311.743,305,-2.5,0,0,0,0,0,0,0,0,0,85.589,213.017,24,292.5,0.766,0.479,0.046,0.02,39,221,195,2.5,0,0,0,0,0,0,0,0,0,1147

Main.js:462 412.332,301.534,190.5,190.5,-0.888,-0.146,-0.049,-0.009,52,0,0,1,0,0,0,0,309.243,305,-2.5,0,0,0,0,0,0,0,0,0,86.361,213.49,22.5,289.5,0.772,0.473,0.046,0.019,38,223.5,195,2.5,0,0,0,0,0,0,0,0,0,1163

Main.js:462 411.441,301.387,190.5,190.5,-0.891,-0.147,-0.049,-0.009,51,0,0,1,0,1,0,0,306.743,305,-2.5,0,0,0,0,0,0,0,0,0,87.138,213.956,21,286.5,0.777,0.466,0.047,0.018,37,226,195,2.5,0,0,0,0,0,0,0,0,0,1180

Main.js:462 410.548,301.238,190.5,190.5,-0.893,-0.148,-0.049,-0.009,50,0,0,1,0,1,0,0,304.243,305,-2.5,0,0,0,0,0,0,0,0,0,87.922,214.415,19.5,283.5,0.783,0.459,0.047,0.017,36,228.5,195,2.5,0,0,0,0,0,0,0,0,0,1196

Main.js:462 409.654,301.089,190.5,190.5,-0.895,-0.15,-0.049,-0.009,49,0,0,1,0,1,0,0,301.743,305,-2.5,0,0,0,0,0,0,0,0,0,88.711,214.865,18,280.5,0.789,0.45,0.048,0.015,35,231,195,2.5,0,0,0,0,0,0,0,0,0,1213

Main.js:462 408.757,300.938,190.5,190.5,-0.897,-0.151,-0.049,-0.009,48,0,0,1,0,1,0,0,299.243,305,-2.5,0,0,0,0,0,0,0,0,0,89.506,215.307,16.5,277.5,0.795,0.441,0.048,0.014,34,233.5,195,2.5,0,0,0,0,0,0,0,0,0,1230

Main.js:462 407.858,300.786,190.5,190.5,-0.899,-0.152,-0.049,-0.009,47,0,0,1,0,1,0,0,296.743,305,-2.5,0,0,0,0,0,0,0,0,0,90.308,215.738,15,274.5,0.802,0.432,0.048,0.013,33,236,195,2.5,0,0,0,0,0,0,0,0,0,1247

Main.js:462 406.958,300.633,190.5,190.5,-0.9,-0.153,-0.049,-0.009,46,0,0,1,0,0,0,0,294.243,305,-2.5,0,0,0,0,0,0,0,0,0,91.116,216.16,13.5,271.5,0.808,0.421,0.049,0.012,32,238.5,195,2.5,0,0,0,0,0,0,0,0,0,1263

Main.js:462 406.056,300.479,190.5,190.5,-0.902,-0.154,-0.049,-0.009,45,0,0,1,0,0,0,0,291.743,305,-2.5,0,0,0,0,0,0,0,0,0,91.929,216.57,12,268.5,0.814,0.41,0.049,0.01,31,241,195,2.5,0,0,0,0,0,0,0,0,0,1302

Main.js:462 405.152,300.324,190.5,190.5,-0.904,-0.155,-0.049,-0.009,44,0,0,1,0,0,0,0,289.243,305,-2.5,0,0,0,0,0,0,0,0,0,92.749,216.968,10.5,265.5,0.82,0.398,0.049,0.009,30,243.5,195,2.5,0,0,0,0,0,0,0,0,0,1336

Main.js:462 404.247,300.168,190.5,190.5,-0.905,-0.156,-0.049,-0.009,43,0,0,1,0,1,0,0,286.743,305,-2.5,0,0,0,0,0,0,0,0,0,93.575,217.353,9,262.5,0.826,0.386,0.049,0.008,29,246,195,2.5,0,0,0,0,0,0,0,0,0,1345

Main.js:462 403.34,300.012,190.5,190.5,-0.907,-0.157,-0.049,-0.009,42,0,0,1,0,1,0,0,284.243,305,-2.5,0,0,0,0,0,0,0,0,0,94.406,217.726,7.5,259.5,0.831,0.373,0.05,0.007,28,248.5,195,2.5,0,0,0,0,0,0,0,0,0,1364

Main.js:462 402.432,299.854,190.5,190.5,-0.908,-0.158,-0.049,-0.009,41,0,0,1,0,1,0,0,281.743,305,-2.5,0,0,0,0,0,0,0,0,0,95.243,218.085,6,256.5,0.837,0.359,0.05,0.005,27,251,195,2.5,0,0,0,0,0,0,0,0,0,1379

Main.js:462 401.523,299.696,190.5,190.5,-0.909,-0.158,-0.049,-0.009,40,0,0,1,0,1,0,0,279.243,305,-2.5,0,0,0,0,0,0,0,0,0,96.086,218.43,4.5,253.5,0.843,0.345,0.05,0.004,26,253.5,195,2.5,0,0,0,0,0,0,0,0,0,1396

Main.js:462 400.612,299.537,190.5,190.5,-0.911,-0.159,-0.049,-0.009,39,0,0,1,0,1,0,0,276.743,305,-2.5,0,0,0,0,0,0,0,0,0,96.934,218.759,3,250.5,0.848,0.33,0.05,0.003,25,256,195,2.5,0,0,0,0,0,0,0,0,0,1412

Main.js:462 399.7,299.377,190.5,190.5,-0.912,-0.16,-0.049,-0.009,38,0,0,1,0,1,0,0,274.243,305,-2.5,0,0,0,0,0,0,0,0,0,97.787,219.074,1.5,247.5,0.853,0.315,0.05,0.001,24,258.5,195,2.5,0,0,0,0,0,0,0,0,0,1429

Main.js:462 398.788,299.217,190.5,190.5,-0.913,-0.16,-0.049,-0.009,37,0,0,1,0,0,0,0,271.743,305,-2.5,0,0,0,0,0,0,0,0,0,98.645,219.373,0,244.5,0.858,0.299,0.05,0,23,261,195,2.5,0,0,0,0,0,0,0,0,0,1446

Main.js:462 397.874,299.056,190.5,190.5,-0.914,-0.161,-0.049,-0.009,36,0,0,1,0,0,0,0,269.243,305,-2.5,0,0,0,0,0,0,0,0,0,99.507,219.656,358.5,241.5,0.862,0.283,0.05,-0.001,22,263.5,195,2.5,0,0,0,0,0,0,0,0,0,1463

Main.js:462 396.959,298.894,190.5,190.5,-0.915,-0.162,-0.049,-0.009,35,0,0,1,0,0,0,0,266.743,305,-2.5,0,0,0,0,0,0,0,0,0,100.374,219.922,357,238.5,0.867,0.266,0.05,-0.003,21,266,195,2.5,0,0,0,0,0,0,0,0,0,1481

Main.js:462 396.043,298.732,190.5,190.5,-0.916,-0.162,-0.049,-0.009,34,0,0,1,0,0,0,0,264.243,305,-2.5,0,0,0,0,0,0,0,0,0,101.245,220.171,355.5,235.5,0.871,0.249,0.05,-0.004,20,268.5,195,2.5,0,0,0,0,0,0,0,0,0,1496

Main.js:462 395.126,298.569,190.5,190.5,-0.917,-0.163,-0.049,-0.009,33,0,0,1,0,1,0,0,261.743,305,-2.5,0,0,0,0,0,0,0,0,0,102.119,220.403,354,232.5,0.874,0.232,0.05,-0.005,19,271,195,2.5,0,0,0,0,0,0,0,0,0,1514

Main.js:462 394.208,298.406,190.5,190.5,-0.918,-0.163,-0.049,-0.009,32,0,0,1,0,1,0,0,259.243,305,-2.5,0,0,0,0,0,0,0,0,0,102.997,220.617,352.5,229.5,0.878,0.214,0.05,-0.007,18,273.5,195,2.5,0,0,0,0,0,0,0,0,0,1530

Main.js:462 393.29,298.242,190.5,190.5,-0.918,-0.164,-0.049,-0.009,31,0,0,1,0,1,0,0,256.743,305,-2.5,0,0,0,0,0,0,0,0,0,103.878,220.812,351,226.5,0.881,0.196,0.049,-0.008,17,276,195,2.5,0,0,0,0,0,0,0,0,0,1546

Main.js:462 392.371,298.078,190.5,190.5,-0.919,-0.164,-0.049,-0.009,30,0,0,1,0,1,0,0,254.243,305,-2.5,0,0,0,0,0,0,0,0,0,104.762,220.99,349.5,223.5,0.884,0.177,0.049,-0.009,16,278.5,195,2.5,0,0,0,0,0,0,0,0,0,1563

Main.js:462 391.451,297.913,190.5,190.5,-0.92,-0.165,-0.049,-0.009,29,0,0,1,0,1,0,0,251.743,305,-2.5,0,0,0,0,0,0,0,0,0,105.647,221.148,348,220.5,0.886,0.159,0.049,-0.01,15,281,195,2.5,0,0,0,0,0,0,0,0,0,1579

Main.js:462 390.53,297.748,190.5,190.5,-0.921,-0.165,-0.049,-0.009,28,0,0,1,0,0,0,0,249.243,305,-2.5,0,0,0,0,0,0,0,0,0,106.535,221.288,346.5,217.5,0.888,0.14,0.049,-0.012,14,283.5,195,2.5,0,0,0,0,0,0,0,0,0,1595

Main.js:462 389.608,297.582,190.5,190.5,-0.921,-0.166,-0.049,-0.009,27,0,0,1,0,0,0,0,246.743,305,-2.5,0,0,0,0,0,0,0,0,0,107.424,221.408,345,214.5,0.889,0.12,0.048,-0.013,13,286,195,2.5,0,0,0,0,0,0,0,0,0,1613

Main.js:462 388.686,297.417,190.5,190.5,-0.922,-0.166,-0.049,-0.009,26,0,0,1,0,0,0,0,244.243,305,-2.5,0,0,0,0,0,0,0,0,0,108.315,221.509,343.5,211.5,0.89,0.101,0.048,-0.014,12,288.5,195,2.5,0,0,0,0,0,0,0,0,0,1629

Main.js:462 387.764,297.25,190.5,190.5,-0.923,-0.166,-0.049,-0.009,25,0,0,1,0,0,0,0,241.743,305,-2.5,0,0,0,0,0,0,0,0,0,109.206,221.59,342,208.5,0.891,0.081,0.048,-0.015,11,291,195,2.5,0,0,0,0,0,0,0,0,0,1646

Main.js:462 386.841,297.084,190.5,190.5,-0.923,-0.167,-0.049,-0.009,24,0,0,1,0,0,0,0,239.243,305,-2.5,0,0,0,0,0,0,0,0,0,110.097,221.651,340.5,205.5,0.891,0.061,0.047,-0.017,10,293.5,195,2.5,0,0,0,0,0,0,0,0,0,1668

Main.js:462 385.917,296.917,190.5,190.5,-0.924,-0.167,-0.049,-0.009,23,0,0,1,0,0,0,0,236.743,305,-2.5,0,0,0,0,0,0,0,0,0,110.988,221.692,339,202.5,0.891,0.041,0.047,-0.018,9,296,195,2.5,0,0,0,0,0,0,0,0,0,1680

Main.js:462 384.993,296.75,190.5,190.5,-0.924,-0.167,-0.049,-0.009,22,0,0,1,0,1,0,0,234.243,305,-2.5,0,0,0,0,0,0,0,0,0,111.878,221.713,337.5,199.5,0.89,0.021,0.046,-0.019,8,298.5,195,2.5,0,0,0,0,0,0,0,0,0,1696

Main.js:462 384.068,296.582,190.5,190.5,-0.925,-0.168,-0.049,-0.009,21,0,0,1,0,1,0,0,231.743,305,-2.5,0,0,0,0,0,0,0,0,0,112.767,221.714,336,196.5,0.889,0,0.046,-0.02,7,301,195,2.5,0,0,0,0,0,0,0,0,0,1713

Main.js:462 383.143,296.414,190.5,190.5,-0.925,-0.168,-0.049,-0.009,20,0,0,1,0,1,0,0,229.243,305,-2.5,0,0,0,0,0,0,0,0,0,113.655,221.694,334.5,193.5,0.888,-0.02,0.045,-0.022,6,303.5,195,2.5,0,0,0,0,0,0,0,0,0,1729

Main.js:462 382.217,296.246,190.5,190.5,-0.926,-0.168,-0.049,-0.009,19,0,0,1,0,1,0,0,226.743,305,-2.5,0,0,0,0,0,0,0,0,0,114.54,221.653,333,190.5,0.886,-0.041,0.045,-0.023,5,306,195,2.5,0,0,0,0,0,0,0,0,0,1746

Main.js:462 381.291,296.078,190.5,190.5,-0.926,-0.168,-0.049,-0.009,18,0,0,1,0,0,0,0,224.243,305,-2.5,0,0,0,0,0,0,0,0,0,115.423,221.592,331.5,187.5,0.883,-0.061,0.044,-0.024,4,308.5,195,2.5,0,0,0,0,0,0,0,0,0,1763

Main.js:462 380.364,295.909,190.5,190.5,-0.926,-0.169,-0.049,-0.009,17,0,0,1,0,0,0,0,221.743,305,-2.5,0,0,0,0,0,0,0,0,0,116.303,221.51,330,184.5,0.88,-0.082,0.043,-0.025,3,311,195,2.5,0,0,0,0,0,0,0,0,0,1780

Main.js:462 379.438,295.74,190.5,190.5,-0.927,-0.169,-0.049,-0.009,16,0,0,1,0,0,0,0,219.243,305,-2.5,0,0,0,0,0,0,0,0,0,117.18,221.408,328.5,181.5,0.876,-0.103,0.043,-0.026,2,313.5,195,2.5,0,0,0,0,0,0,0,0,0,1796

Main.js:462 378.51,295.571,190.5,190.5,-0.927,-0.169,-0.049,-0.009,15,0,0,1,0,0,0,0,216.743,305,-2.5,0,0,0,0,0,0,0,0,0,118.052,221.284,327,178.5,0.873,-0.123,0.042,-0.027,1,316,195,2.5,0,0,0,0,0,0,0,0,0,1814

Main.js:462 377.583,295.402,190.5,190.5,-0.928,-0.169,-0.049,-0.009,14,0,0,1,0,0,0,0,214.243,305,-2.5,0,0,0,0,0,0,0,0,0,118.92,221.14,325.5,175.5,0.868,-0.144,0.041,-0.028,0,318.5,195,2.5,0,0,0,0,0,0,0,0,0,1830

Main.js:462 376.655,295.233,190.5,190.5,-0.928,-0.169,-0.049,-0.009,13,0,0,1,0,0,0,0,211.743,305,-2.5,0,0,0,0,0,0,0,0,0,119.783,220.975,324,172.5,0.863,-0.165,0.04,-0.029,99,321,195,2.5,0,0,0,0,0,0,0,0,0,1847

Main.js:462 375.727,295.063,190.5,190.5,-0.928,-0.17,-0.049,-0.009,12,0,0,1,0,1,0,0,209.243,305,-2.5,0,0,0,0,0,0,0,0,0,120.641,220.79,322.5,169.5,0.858,-0.185,0.04,-0.03,98,323.5,195,2.5,0,95.621,224.207,-2.479,0.326,0,0,0,0,1863

Main.js:462 374.798,294.893,190.5,190.5,-0.928,-0.17,-0.049,-0.009,11,0,0,1,0,1,0,0,206.743,305,-2.5,0,0,0,0,0,0,0,0,0,121.493,220.584,321,166.5,0.852,-0.206,0.039,-0.031,97,326,195,2.5,0,93.143,224.534,-2.479,0.326,0,0,0,0,1880

Main.js:462 373.869,294.724,190.5,190.5,-0.929,-0.17,-0.049,-0.009,10,0,0,1,0,1,0,0,204.243,305,-2.5,0,0,0,0,0,0,0,0,0,122.338,220.357,319.5,163.5,0.845,-0.227,0.038,-0.032,96,328.5,195,2.5,0,90.664,224.86,-2.479,0.326,0,0,0,0,1897

Main.js:462 372.94,294.553,190.5,190.5,-0.929,-0.17,-0.049,-0.009,9,0,0,1,0,1,0,0,201.743,305,-2.5,0,0,0,0,0,0,0,0,0,123.176,220.11,318,160.5,0.838,-0.247,0.037,-0.033,95,331,195,2.5,0,88.186,225.186,-2.479,0.326,0,0,0,0,1915

Main.js:462 372.011,294.383,190.5,190.5,-0.929,-0.17,-0.049,-0.009,8,0,0,1,0,1,0,0,199.243,305,-2.5,0,0,0,0,0,0,0,0,0,124.007,219.843,316.5,157.5,0.831,-0.267,0.036,-0.034,94,333.5,195,2.5,0,85.707,225.513,-2.479,0.326,0,0,0,0,1930

Main.js:462 371.082,294.213,190.5,190.5,-0.93,-0.17,-0.049,-0.009,7,0,0,1,0,0,0,0,196.743,305,-2.5,0,0,0,0,0,0,0,0,0,124.83,219.555,315,154.5,0.823,-0.288,0.035,-0.035,93,336,195,2.5,0,83.228,225.839,-2.479,0.326,0,0,0,0,1947

Main.js:462 370.152,294.042,190.5,190.5,-0.93,-0.171,-0.049,-0.009,6,0,0,1,0,0,0,0,194.243,305,-2.5,0,0,0,0,0,0,0,0,0,125.644,219.247,313.5,151.5,0.814,-0.308,0.034,-0.036,92,338.5,195,2.5,0,80.75,226.165,-2.479,0.326,0,0,0,0,1962

Main.js:462 369.222,293.872,190.5,190.5,-0.93,-0.171,-0.049,-0.009,5,0,0,1,0,0,0,0,191.743,305,-2.5,0,0,0,0,0,0,0,0,0,126.449,218.92,312,148.5,0.805,-0.328,0.033,-0.037,91,341,195,2.5,0,78.271,226.492,-2.479,0.326,0,0,0,0,1980

Main.js:462 368.292,293.701,190.5,190.5,-0.93,-0.171,-0.049,-0.009,4,0,0,1,0,0,0,0,189.243,305,-2.5,0,0,0,0,0,0,0,0,0,127.245,218.572,310.5,145.5,0.796,-0.347,0.032,-0.038,90,343.5,195,2.5,0,75.793,226.818,-2.479,0.326,0,0,0,0,1998

Main.js:462 367.361,293.53,190.5,190.5,-0.93,-0.171,-0.049,-0.009,3,0,0,1,0,0,0,0,186.743,305,-2.5,0,0,0,0,0,0,0,0,0,128.031,218.205,309,142.5,0.786,-0.367,0.031,-0.039,89,346,195,2.5,0,73.314,227.144,-2.479,0.326,0,0,0,0,2013

Main.js:462 366.431,293.359,190.5,190.5,-0.931,-0.171,-0.049,-0.009,2,0,0,1,0,1,0,0,184.243,305,-2.5,0,0,0,0,0,0,0,0,0,128.809,217.821,310.5,142.5,0.778,-0.385,0.032,-0.038,88,348.5,195,2.5,0,70.835,227.471,-2.479,0.326,0,0,0,0,2029

Main.js:462 365.5,293.188,190.5,190.5,-0.931,-0.171,-0.049,-0.009,1,0,0,1,0,1,0,0,181.743,305,-2.5,0,0,0,0,0,0,0,0,0,129.58,217.42,312,142.5,0.771,-0.401,0.033,-0.037,87,351,195,2.5,0,68.357,227.797,-2.479,0.326,0,0,0,0,2046

Main.js:462 364.569,293.017,190.5,190.5,-0.931,-0.171,-0.049,-0.009,0,0,0,1,0,1,0,0,179.243,305,-2.5,0,0,0,0,0,0,0,0,0,130.344,217.005,313.5,142.5,0.765,-0.415,0.034,-0.036,86,353.5,195,2.5,0,65.878,228.123,-2.479,0.326,0,0,0,0,2064

Main.js:462 363.638,292.845,190.5,190.5,-0.931,-0.171,-0.049,-0.009,99,0,0,1,0,1,0,0,176.743,305,-2.5,0,0,0,0,0,0,0,0,0,131.104,216.577,315,142.5,0.76,-0.428,0.035,-0.035,85,356,195,2.5,0,63.399,228.45,-2.479,0.326,0,0,0,0,2080

Main.js:462 362.707,292.674,190.5,190.5,-0.931,-0.171,-0.049,-0.009,98,0,0,1,0,1,0,0,174.243,305,-2.5,0,341.463,288.734,-2.458,-0.456,0,0,0,0,131.861,216.137,316.5,142.5,0.757,-0.439,0.036,-0.034,84,358.5,195,2.5,0,60.921,228.776,-2.479,0.326,0,0,0,0,2097

Main.js:462 361.775,292.502,190.5,190.5,-0.931,-0.171,-0.049,-0.009,97,0,0,1,0,0,0,0,171.743,305,-2.5,0,339.004,288.278,-2.458,-0.456,0,0,0,0,132.615,215.688,318,142.5,0.754,-0.449,0.037,-0.033,83,361,195,2.5,0,58.442,229.102,-2.479,0.326,0,0,0,0,2112

Main.js:462 360.844,292.331,190.5,190.5,-0.932,-0.172,-0.049,-0.009,96,0,0,1,0,0,0,0,169.243,305,-2.5,0,336.546,287.823,-2.458,-0.456,0,0,0,0,133.367,215.231,319.5,142.5,0.752,-0.458,0.038,-0.032,82,363.5,195,2.5,0,55.964,229.428,-2.479,0.326,0,0,0,0,2129

Main.js:462 359.912,292.159,190.5,190.5,-0.932,-0.172,-0.049,-0.009,95,0,0,1,0,0,0,0,166.743,305,-2.5,0,334.088,287.367,-2.458,-0.456,0,0,0,0,134.119,214.766,321,142.5,0.752,-0.465,0.039,-0.031,81,366,195,2.5,0,53.485,229.755,-2.479,0.326,0,0,0,0,2147

Main.js:462 358.981,291.987,190.5,190.5,-0.932,-0.172,-0.049,-0.009,94,0,0,1,0,0,0,0,164.243,305,-2.5,0,331.63,286.912,-2.458,-0.456,0,0,0,0,134.871,214.296,322.5,142.5,0.752,-0.47,0.04,-0.03,80,368.5,195,2.5,0,51.006,230.081,-2.479,0.326,0,0,0,0,2164

Main.js:462 358.049,291.816,190.5,190.5,-0.932,-0.172,-0.049,-0.009,93,0,0,1,0,0,0,0,161.743,305,-2.5,0,329.172,286.456,-2.458,-0.456,0,0,0,0,135.623,213.821,324,142.5,0.753,-0.475,0.04,-0.029,79,371,195,2.5,0,48.528,230.407,-2.479,0.326,0,0,0,0,2179

Main.js:462 357.117,291.644,190.5,190.5,-0.932,-0.172,-0.049,-0.009,92,0,0,1,0,1,0,0,159.243,305,-2.5,0,326.714,286.001,-2.458,-0.456,0,0,0,0,136.378,213.344,325.5,142.5,0.754,-0.478,0.041,-0.028,78,373.5,195,2.5,0,46.049,230.734,-2.479,0.326,0,0,0,0,2196

Main.js:462 356.185,291.472,190.5,190.5,-0.932,-0.172,-0.049,-0.009,91,0,0,1,0,1,0,0,156.743,305,-2.5,0,324.256,285.545,-2.458,-0.456,0,0,0,0,137.134,212.864,327,142.5,0.756,-0.48,0.042,-0.027,77,376,195,2.5,0,43.571,231.06,-2.479,0.326,0,0,0,0,2213

Main.js:462 355.252,291.3,190.5,190.5,-0.932,-0.172,-0.049,-0.009,90,0,0,1,0,1,0,0,154.243,305,-2.5,0,321.797,285.089,-2.458,-0.456,0,0,0,0,137.893,212.383,328.5,142.5,0.759,-0.481,0.043,-0.026,76,378.5,195,2.5,0,41.092,231.386,-2.479,0.326,0,0,0,0,2230

Main.js:462 354.32,291.128,190.5,190.5,-0.932,-0.172,-0.049,-0.009,89,0,0,1,0,1,0,0,151.743,305,-2.5,0,319.339,284.634,-2.458,-0.456,0,0,0,0,138.655,211.903,330,142.5,0.762,-0.48,0.043,-0.025,75,381,195,2.5,0,38.613,231.713,-2.479,0.326,0,0,0,0,2247

Main.js:462 353.388,290.956,190.5,190.5,-0.932,-0.172,-0.049,-0.009,88,0,0,1,0,1,0,0,149.243,305,-2.5,0,316.881,284.178,-2.458,-0.456,0,0,0,0,139.421,211.424,331.5,142.5,0.766,-0.479,0.044,-0.024,74,383.5,195,2.5,0,36.135,232.039,-2.479,0.326,0,0,0,0,2264

Main.js:462 352.455,290.784,190.5,190.5,-0.932,-0.172,-0.049,-0.009,87,0,0,1,0,1,0,0,146.743,305,-2.5,0,314.423,283.723,-2.458,-0.456,0,0,0,0,140.191,210.947,333,142.5,0.77,-0.477,0.045,-0.023,73,386,195,2.5,0,33.656,232.365,-2.479,0.326,0,0,0,0,2279

Main.js:462 351.523,290.611,190.5,190.5,-0.933,-0.172,-0.049,-0.009,86,0,0,1,0,0,0,0,144.243,305,-2.5,0,311.965,283.267,-2.458,-0.456,0,0,0,0,140.965,210.474,334.5,142.5,0.774,-0.473,0.045,-0.022,72,388.5,195,2.5,0,31.178,232.692,-2.479,0.326,0,0,0,0,2297

Main.js:462 350.59,290.439,190.5,190.5,-0.933,-0.172,-0.049,-0.009,85,0,0,1,0,0,0,0,141.743,305,-2.5,0,309.507,282.811,-2.458,-0.456,0,0,0,0,141.744,210.005,336,142.5,0.779,-0.469,0.046,-0.02,71,391,195,2.5,0,28.699,233.018,-2.479,0.326,0,0,0,0,2314

Main.js:462 349.657,290.267,190.5,190.5,-0.933,-0.172,-0.049,-0.009,84,0,0,1,0,0,0,0,139.243,305,-2.5,0,307.049,282.356,-2.458,-0.456,0,0,0,0,142.528,209.542,337.5,142.5,0.784,-0.464,0.046,-0.019,70,393.5,195,2.5,0,26.22,233.344,-2.479,0.326,0,0,0,0,2330

Main.js:462 348.725,290.095,190.5,190.5,-0.933,-0.172,-0.049,-0.009,83,0,0,1,0,0,0,0,136.743,305,-2.5,0,304.59,281.9,-2.458,-0.456,0,0,0,0,143.316,209.084,339,142.5,0.789,-0.457,0.047,-0.018,69,396,195,2.5,0,23.742,233.671,-2.479,0.326,0,0,0,0,2346

Main.js:462 347.792,289.922,190.5,190.5,-0.933,-0.172,-0.049,-0.009,82,0,0,1,0,1,0,0,134.243,305,-2.5,0,302.132,281.445,-2.458,-0.456,0,0,0,0,144.111,208.634,340.5,142.5,0.794,-0.45,0.047,-0.017,68,398.5,195,2.5,0,21.263,233.997,-2.479,0.326,0,0,0,0,2362

Main.js:462 346.859,289.75,190.5,190.5,-0.933,-0.172,-0.049,-0.009,81,0,0,1,0,1,0,0,131.743,305,-2.5,0,299.674,280.989,-2.458,-0.456,0,0,0,0,144.911,208.191,342,142.5,0.8,-0.443,0.048,-0.015,67,401,195,2.5,0,18.784,234.323,-2.479,0.326,0,0,0,0,2380

Main.js:462 345.926,289.577,190.5,190.5,-0.933,-0.172,-0.049,-0.009,80,0,0,1,0,1,0,0,129.243,305,-2.5,0,297.216,280.533,-2.458,-0.456,0,0,0,0,145.716,207.757,343.5,142.5,0.805,-0.434,0.048,-0.014,66,403.5,195,2.5,0,16.306,234.65,-2.479,0.326,0,0,0,0,2397

Main.js:462 344.993,289.405,190.5,190.5,-0.933,-0.172,-0.049,-0.009,79,0,0,1,0,1,0,0,126.743,305,-2.5,0,294.758,280.078,-2.458,-0.456,0,0,0,0,146.527,207.333,345,142.5,0.811,-0.425,0.048,-0.013,65,406,195,2.5,0,13.827,234.976,-2.479,0.326,0,0,0,0,2414

Main.js:462 344.06,289.232,190.5,190.5,-0.933,-0.173,-0.049,-0.009,78,0,0,1,0,1,0,0,124.243,305,-2.5,0,292.3,279.622,-2.458,-0.456,0,0,0,0,147.343,206.918,346.5,142.5,0.817,-0.414,0.049,-0.012,64,408.5,195,2.5,0,11.349,235.302,-2.479,0.326,0,0,0,0,2430

Main.js:462 343.127,289.06,190.5,190.5,-0.933,-0.173,-0.049,-0.009,77,0,0,1,0,0,0,0,121.743,305,-2.5,0,289.842,279.167,-2.458,-0.456,0,0,0,0,148.166,206.515,348,142.5,0.822,-0.404,0.049,-0.01,63,411,195,2.5,0,8.87,235.628,-2.479,0.326,0,0,0,0,2446

Main.js:462 342.194,288.887,190.5,190.5,-0.933,-0.173,-0.049,-0.009,76,0,0,1,0,0,0,0,119.243,305,-2.5,0,287.384,278.711,-2.458,-0.456,0,0,0,0,148.993,206.123,349.5,142.5,0.828,-0.392,0.049,-0.009,62,413.5,195,2.5,0,6.391,235.955,-2.479,0.326,0,0,0,0,2464

Main.js:462 341.26,288.715,190.5,190.5,-0.933,-0.173,-0.049,-0.009,75,0,0,1,0,0,0,0,116.743,305,-2.5,0,284.925,278.256,-2.458,-0.456,0,0,0,0,149.827,205.743,351,142.5,0.833,-0.38,0.049,-0.008,61,416,195,2.5,0,3.913,236.281,-2.479,0.326,0,0,0,0,2479

Main.js:462 340.327,288.542,190.5,190.5,-0.933,-0.173,-0.049,-0.009,74,0,0,1,0,0,0,0,114.243,305,-2.5,0,282.467,277.8,-2.458,-0.456,0,0,0,0,150.666,205.376,352.5,142.5,0.839,-0.367,0.05,-0.007,60,418.5,195,2.5,0,1.434,236.607,-2.479,0.326,0,0,0,0,2498

Main.js:462 339.394,288.369,190.5,190.5,-0.933,-0.173,-0.049,-0.009,73,0,0,1,0,0,0,0,111.743,305,-2.5,0,282.467,277.8,-2.458,-0.456,0,0,0,0,151.51,205.022,354,142.5,0.844,-0.354,0.05,-0.005,59,421,195,2.5,0,0,0,0,0,0,0,0,0,2515

Main.js:462 338.461,288.197,190.5,190.5,-0.933,-0.173,-0.049,-0.009,72,0,0,1,0,0,0,0,109.243,305,-2.5,0,280.009,277.344,-2.458,-0.456,0,0,0,0,152.359,204.681,354,141,0.849,-0.341,0.05,-0.005,58,423.5,195,2.5,0,0,0,0,0,0,0,0,0,2530

Main.js:462 337.527,288.024,190.5,190.5,-0.933,-0.173,-0.049,-0.009,71,0,0,1,0,1,0,0,106.743,305,-2.5,0,277.551,276.889,-2.458,-0.456,0,0,0,0,153.213,204.352,354,139.5,0.854,-0.329,0.05,-0.005,57,426,195,2.5,0,0,0,0,0,0,0,0,0,2546

Main.js:462 336.594,287.851,190.5,190.5,-0.933,-0.173,-0.049,-0.009,70,0,0,1,0,1,0,0,104.243,305,-2.5,0,275.093,276.433,-2.458,-0.456,0,0,0,0,154.071,204.035,354,138,0.858,-0.317,0.05,-0.005,56,428.5,195,2.5,0,0,0,0,0,0,0,0,0,2563

Main.js:462 335.66,287.679,190.5,190.5,-0.933,-0.173,-0.049,-0.009,69,0,0,1,0,1,0,0,101.743,305,-2.5,0,272.635,275.978,-2.458,-0.456,0,0,0,0,154.934,203.728,354,136.5,0.863,-0.307,0.05,-0.005,55,431,195,2.5,0,0,0,0,0,0,0,0,0,2581

Main.js:462 334.727,287.506,190.5,190.5,-0.933,-0.173,-0.049,-0.009,68,0,0,1,0,1,0,0,99.243,305,-2.5,0,270.177,275.522,-2.458,-0.456,0,0,0,0,155.801,203.432,354,135,0.867,-0.296,0.05,-0.005,54,433.5,195,2.5,0,0,0,0,0,0,0,0,0,2598

Main.js:462 333.793,287.333,190.5,190.5,-0.934,-0.173,-0.049,-0.009,67,0,0,1,0,1,0,0,96.743,305,-2.5,0,267.718,275.066,-2.458,-0.456,0,0,0,0,156.671,203.146,354,133.5,0.871,-0.286,0.05,-0.005,53,436,195,2.5,0,0,0,0,0,0,0,0,0,2614

Main.js:462 332.86,287.16,190.5,190.5,-0.934,-0.173,-0.049,-0.009,66,0,0,1,0,1,0,0,94.243,305,-2.5,0,265.26,274.611,-2.458,-0.456,0,0,0,0,157.546,202.869,354,132,0.874,-0.277,0.05,-0.005,52,438.5,195,2.5,0,0,0,0,0,0,0,0,0,2630

Main.js:462 331.926,286.987,190.5,190.5,-0.934,-0.173,-0.049,-0.009,65,0,0,1,0,0,0,0,91.743,305,-2.5,0,262.802,274.155,-2.458,-0.456,0,0,0,0,158.424,202.601,354,130.5,0.878,-0.268,0.05,-0.005,51,441,195,2.5,0,0,0,0,0,0,0,0,0,2646

Main.js:462 330.993,286.815,190.5,190.5,-0.934,-0.173,-0.049,-0.009,64,0,0,1,0,0,0,0,89.243,305,-2.5,0,260.344,273.7,-2.458,-0.456,0,0,0,0,159.305,202.341,354,129,0.881,-0.26,0.05,-0.005,50,443.5,195,2.5,0,0,0,0,0,0,0,0,0,2664

Main.js:462 330.059,286.642,190.5,190.5,-0.934,-0.173,-0.049,-0.009,63,0,0,1,0,0,0,0,86.743,305,-2.5,0,257.886,273.244,-2.458,-0.456,0,0,0,0,160.19,202.09,354,127.5,0.884,-0.252,0.05,-0.005,49,446,195,2.5,0,0,0,0,0,0,0,0,0,2681

Main.js:462 329.125,286.469,190.5,190.5,-0.934,-0.173,-0.049,-0.009,62,0,0,1,0,0,0,0,84.243,305,-2.5,0,255.428,272.788,-2.458,-0.456,0,0,0,0,161.077,201.846,354,126,0.887,-0.244,0.05,-0.005,48,448.5,195,2.5,0,0,0,0,0,0,0,0,0,2696

Main.js:462 328.192,286.296,190.5,190.5,-0.934,-0.173,-0.049,-0.009,61,0,0,1,0,0,0,0,81.743,305,-2.5,0,252.97,272.333,-2.458,-0.456,0,0,0,0,161.967,201.609,354,124.5,0.89,-0.237,0.05,-0.005,47,451,195,2.5,0,0,0,0,0,0,0,0,0,2714

Main.js:462 327.258,286.123,190.5,190.5,-0.934,-0.173,-0.049,-0.009,60,0,0,1,0,1,0,0,79.243,305,-2.5,0,250.511,271.877,-2.458,-0.456,0,0,0,0,162.86,201.379,354,123,0.893,-0.23,0.05,-0.005,46,453.5,195,2.5,0,0,0,0,0,0,0,0,0,2730

Main.js:462 326.324,285.95,190.5,190.5,-0.934,-0.173,-0.049,-0.009,59,0,0,1,0,1,0,0,76.743,305,-2.5,0,248.053,271.422,-2.458,-0.456,0,0,0,0,163.756,201.156,354,121.5,0.896,-0.223,0.05,-0.005,45,456,195,2.5,0,0,0,0,0,0,0,0,0,2747

Main.js:462 325.391,285.777,190.5,190.5,-0.934,-0.173,-0.049,-0.009,58,0,0,1,0,1,0,0,74.243,305,-2.5,0,245.595,270.966,-2.458,-0.456,0,0,0,0,164.654,200.938,354,120,0.898,-0.217,0.05,-0.005,44,458.5,195,2.5,0,0,0,0,0,0,0,0,0,2764

Main.js:462 324.457,285.604,190.5,190.5,-0.934,-0.173,-0.049,-0.009,57,0,0,1,0,1,0,0,71.743,305,-2.5,0,243.137,270.51,-2.458,-0.456,0,0,0,0,165.555,200.727,354,118.5,0.9,-0.211,0.05,-0.005,43,461,195,2.5,0,0,0,0,0,0,0,0,0,2781

Main.js:462 323.523,285.432,190.5,190.5,-0.934,-0.173,-0.049,-0.009,56,0,0,1,0,0,0,0,69.243,305,-2.5,0,240.679,270.055,-2.458,-0.456,0,0,0,0,166.457,200.521,354,117,0.903,-0.206,0.05,-0.005,42,463.5,195,2.5,0,0,0,0,0,0,0,0,0,2797

Main.js:462 322.589,285.259,190.5,190.5,-0.934,-0.173,-0.049,-0.009,55,0,0,1,0,0,0,0,66.743,305,-2.5,0,238.221,269.599,-2.458,-0.456,0,0,0,0,167.362,200.321,354,115.5,0.905,-0.2,0.05,-0.005,41,466,195,2.5,0,0,0,0,0,0,0,0,0,2814

Main.js:462 321.656,285.086,190.5,190.5,-0.934,-0.173,-0.049,-0.009,54,0,0,1,0,0,0,0,64.243,305,-2.5,0,235.763,269.144,-2.458,-0.456,0,0,0,0,168.269,200.126,354,114,0.907,-0.195,0.05,-0.005,40,468.5,195,2.5,0,0,0,0,0,0,0,0,0,2830

Main.js:462 320.722,284.913,190.5,190.5,-0.934,-0.173,-0.049,-0.009,53,0,0,1,0,0,0,0,61.743,305,-2.5,0,233.305,268.688,-2.458,-0.456,0,0,0,0,169.178,199.935,354,112.5,0.909,-0.19,0.05,-0.005,39,471,195,2.5,0,0,0,0,0,0,0,0,0,2847

Main.js:462 319.788,284.74,190.5,190.5,-0.934,-0.173,-0.049,-0.009,52,0,0,1,0,0,0,0,59.243,305,-2.5,0,230.846,268.233,-2.458,-0.456,0,0,0,0,170.088,199.749,354,111,0.91,-0.186,0.05,-0.005,38,473.5,195,2.5,0,0,0,0,0,0,0,0,0,2862

Main.js:462 318.854,284.567,190.5,190.5,-0.934,-0.173,-0.049,-0.009,51,0,0,1,0,0,0,0,56.743,305,-2.5,0,228.388,267.777,-2.458,-0.456,0,0,0,0,171,199.568,354,109.5,0.912,-0.182,0.05,-0.005,37,476,195,2.5,0,0,0,0,0,0,0,0,0,2880

Main.js:462 317.92,284.394,190.5,190.5,-0.934,-0.173,-0.049,-0.009,50,0,0,1,0,1,0,0,54.243,305,-2.5,0,225.93,267.321,-2.458,-0.456,0,0,0,0,171.914,199.39,354,108,0.914,-0.177,0.05,-0.005,36,478.5,195,2.5,0,0,0,0,0,0,0,0,0,2896

Main.js:462 316.986,284.221,190.5,190.5,-0.934,-0.173,-0.049,-0.009,49,0,0,1,0,1,0,0,51.743,305,-2.5,0,223.472,266.866,-2.458,-0.456,0,0,0,0,172.83,199.217,354,106.5,0.915,-0.174,0.05,-0.005,35,481,195,2.5,0,0,0,0,0,0,0,0,0,2913

Main.js:462 316.053,284.048,190.5,190.5,-0.934,-0.173,-0.049,-0.009,48,0,0,1,0,1,0,0,49.243,305,-2.5,0,221.014,266.41,-2.458,-0.456,0,0,0,0,173.746,199.047,354,105,0.917,-0.17,0.05,-0.005,34,483.5,195,2.5,0,0,0,0,0,0,0,0,0,2929

Main.js:462 315.119,283.875,190.5,190.5,-0.934,-0.173,-0.049,-0.009,47,0,0,1,0,1,0,0,46.743,305,-2.5,0,218.556,265.955,-2.458,-0.456,0,0,0,0,174.665,198.88,354,103.5,0.918,-0.166,0.05,-0.005,33,486,195,2.5,0,0,0,0,0,0,0,0,0,2946

Main.js:462 314.185,283.702,190.5,190.5,-0.934,-0.173,-0.049,-0.009,46,0,0,1,0,1,0,0,44.243,305,-2.5,0,216.098,265.499,-2.458,-0.456,0,0,0,0,175.584,198.718,354,102,0.92,-0.163,0.05,-0.005,32,488.5,195,2.5,0,0,0,0,0,0,0,0,0,2963

Main.js:462 313.251,283.529,190.5,190.5,-0.934,-0.173,-0.049,-0.009,45,0,0,1,0,1,0,0,41.743,305,-2.5,0,213.639,265.043,-2.458,-0.456,0,0,0,0,176.505,198.558,354,100.5,0.921,-0.16,0.05,-0.005,31,491,195,2.5,0,0,0,0,0,0,0,0,0,2979

Main.js:462 312.317,283.356,190.5,190.5,-0.934,-0.173,-0.049,-0.009,44,0,0,1,0,0,0,0,39.243,305,-2.5,0,211.181,264.588,-2.458,-0.456,0,0,0,0,177.427,198.401,354,99,0.922,-0.157,0.05,-0.005,30,493.5,195,2.5,0,0,0,0,0,0,0,0,0,2997

Main.js:462 311.383,283.183,190.5,190.5,-0.934,-0.173,-0.049,-0.009,43,0,0,1,0,0,0,0,36.743,305,-2.5,0,208.723,264.132,-2.458,-0.456,0,0,0,0,178.35,198.247,354,97.5,0.923,-0.154,0.05,-0.005,29,496,195,2.5,0,0,0,0,0,0,0,0,0,3013

Main.js:462 310.449,283.01,190.5,190.5,-0.934,-0.173,-0.049,-0.009,42,0,0,1,0,0,0,0,34.243,305,-2.5,0,206.265,263.677,-2.458,-0.456,0,0,0,0,179.274,198.095,352.5,94.5,0.924,-0.152,0.05,-0.007,28,498.5,195,2.5,0,0,0,0,0,0,0,0,0,3030

Main.js:462 309.562,282.845,190.5,190.5,-0.887,-0.164,0,0,41,0,0,0,0,0,0,0,34.243,305,-2.5,0,203.807,263.221,-2.458,-0.456,0,0,0,0,180.199,197.942,351,91.5,0.925,-0.152,0.049,-0.008,27,0,0,0,0,0,0,0,0,0,0,0,0,3046

Main.js:462 308.719,282.689,190.5,190.5,-0.843,-0.156,0,0,40,0,0,0,0,0,0,0,31.743,305,-2.5,0,201.349,262.765,-2.458,-0.456,0,0,0,0,181.125,197.789,349.5,88.5,0.925,-0.153,0.049,-0.009,26,0,0,0,0,0,0,0,0,0,0,0,0,3063

Main.js:462 307.918,282.541,190.5,190.5,-0.801,-0.148,0,0,39,0,0,0,0,0,0,0,29.243,305,-2.5,0,198.891,262.31,-2.458,-0.456,0,0,0,0,182.05,197.634,348,85.5,0.925,-0.155,0.049,-0.01,25,0,0,0,0,0,0,0,0,0,0,0,0,3080

Main.js:462 307.158,282.4,190.5,190.5,-0.761,-0.141,0,0,38,0,0,0,0,0,0,0,26.743,305,-2.5,0,196.432,261.854,-2.458,-0.456,0,0,0,0,182.975,197.475,346.5,82.5,0.925,-0.159,0.049,-0.012,24,0,0,0,0,0,0,0,0,0,0,0,0,3096

Main.js:462 306.435,282.266,190.5,190.5,-0.723,-0.134,0,0,37,0,0,0,0,0,0,0,24.243,305,-2.5,0,193.974,261.399,-2.458,-0.456,0,0,0,0,183.9,197.312,345,79.5,0.925,-0.163,0.048,-0.013,23,0,0,0,0,0,0,0,0,0,0,0,0,3113

Main.js:462 305.748,282.139,190.5,190.5,-0.687,-0.127,0,0,36,0,0,0,0,0,0,0,21.743,305,-2.5,0,191.516,260.943,-2.458,-0.456,0,0,0,0,184.825,197.143,343.5,76.5,0.924,-0.168,0.048,-0.014,22,0,0,0,0,0,0,0,0,0,0,0,0,3131

Main.js:462 305.096,282.018,190.5,190.5,-0.652,-0.121,0,0,35,0,0,0,0,0,0,0,19.243,305,-2.5,0,189.058,260.488,-2.458,-0.456,0,0,0,0,185.748,196.969,342,73.5,0.923,-0.175,0.048,-0.015,21,0,0,0,0,0,0,0,0,0,0,0,0,3147

Main.js:462 304.477,281.903,190.5,190.5,-0.62,-0.115,0,0,34,0,0,0,0,1,0,0,16.743,305,-2.5,0,186.6,260.032,-2.458,-0.456,0,0,0,0,186.67,196.787,340.5,70.5,0.922,-0.182,0.047,-0.017,20,0,0,0,0,0,0,0,0,0,0,0,0,3163

Main.js:462 303.888,281.794,190.5,190.5,-0.589,-0.109,0,0,33,0,0,0,0,1,0,0,14.243,305,-2.5,0,184.142,259.576,-2.458,-0.456,0,0,0,0,187.59,196.597,339,67.5,0.92,-0.19,0.047,-0.018,19,0,0,0,0,0,0,0,0,0,0,0,0,3201

Main.js:462 303.329,281.691,190.5,190.5,-0.559,-0.104,0,0,32,0,0,0,0,1,0,0,11.743,305,-2.5,0,181.684,259.121,-2.458,-0.456,0,0,0,0,188.508,196.398,337.5,64.5,0.918,-0.198,0.046,-0.019,18,0,0,0,0,0,0,0,0,0,0,0,0,3213

Main.js:462 302.798,281.592,190.5,190.5,-0.531,-0.098,0,0,31,0,0,0,0,0,0,0,9.243,305,-2.5,0,179.225,258.665,-2.458,-0.456,0,0,0,0,189.423,196.191,336,61.5,0.915,-0.208,0.046,-0.02,17,0,0,0,0,0,0,0,0,0,0,0,0,3229

Main.js:462 302.293,281.499,192,192,-0.505,-0.093,0,0,30,0,1,0,0,0,0,0,6.743,305,-2.5,0,176.767,258.21,-2.458,-0.456,0,0,0,0,190.336,195.973,334.5,58.5,0.913,-0.218,0.045,-0.022,16,0,0,0,0,0,0,0,0,0,0,0,0,3245

Main.js:462 301.813,281.41,193.5,193.5,-0.479,-0.089,0,0,29,0,1,0,0,0,0,0,4.243,305,-2.5,0,174.309,257.754,-2.458,-0.456,0,0,0,0,191.245,195.744,333,55.5,0.909,-0.229,0.045,-0.023,15,0,0,0,0,0,0,0,0,0,0,0,0,3262

Main.js:462 301.358,281.325,195,195,-0.455,-0.084,0,0,28,0,1,0,0,0,0,0,1.743,305,-2.5,0,171.851,257.298,-2.458,-0.456,0,0,0,0,192.151,195.504,331.5,52.5,0.906,-0.24,0.044,-0.024,14,0,0,0,0,0,0,0,0,0,0,0,0,3299

Main.js:462 300.925,281.245,196.5,196.5,-0.433,-0.08,0,0,27,0,1,0,0,1,0,0,171.851,257.298,-2.458,-0.456,0,0,0,0,0,0,0,0,193.052,195.253,330,49.5,0.901,-0.252,0.043,-0.025,13,0,0,0,0,0,0,0,0,0,0,0,0,3329

Main.js:462 300.514,281.169,198,198,-0.411,-0.076,0,0,26,0,1,0,0,1,0,0,169.393,256.843,-2.458,-0.456,0,0,0,0,0,0,0,0,193.949,194.989,328.5,46.5,0.897,-0.264,0.043,-0.026,12,0,0,0,0,0,0,0,0,0,0,0,0,3346

Main.js:462 300.124,281.097,199.5,199.5,-0.39,-0.072,0,0,25,0,1,0,0,1,0,0,166.935,256.387,-2.458,-0.456,0,0,0,0,0,0,0,0,194.841,194.712,327,43.5,0.892,-0.277,0.042,-0.027,11,0,0,0,0,0,0,0,0,0,0,0,0,3363

Main.js:462 299.753,281.028,201,201,-0.371,-0.069,0,0,24,0,1,0,0,1,0,0,164.477,255.932,-2.458,-0.456,0,0,0,0,0,0,0,0,195.727,194.423,325.5,40.5,0.886,-0.29,0.041,-0.028,10,0,0,0,0,0,0,0,0,0,0,0,0,3379

Main.js:462 299.4,280.963,202.5,202.5,-0.352,-0.065,0,0,23,0,1,0,0,0,0,0,162.019,255.476,-2.458,-0.456,0,0,0,0,0,0,0,0,196.608,194.12,324,37.5,0.881,-0.303,0.04,-0.029,9,0,0,0,0,0,0,0,0,0,0,0,0,3396

Main.js:462 299.066,280.901,204,204,-0.335,-0.062,0,0,22,0,1,0,0,0,0,0,159.56,255.02,-2.458,-0.456,0,0,0,0,0,0,0,0,197.482,193.803,322.5,34.5,0.874,-0.317,0.04,-0.03,8,0,0,0,0,0,0,0,0,0,0,0,0,3412

Main.js:462 298.748,280.842,205.5,205.5,-0.318,-0.059,0,0,21,0,1,0,0,0,0,0,157.102,254.565,-2.458,-0.456,0,0,0,0,0,0,0,0,198.349,193.472,321,31.5,0.867,-0.331,0.039,-0.031,7,0,0,0,0,0,0,0,0,0,0,0,0,3430

Main.js:462 298.445,280.786,207,207,-0.302,-0.056,0,0,20,0,1,0,0,0,0,0,154.644,254.109,-2.458,-0.456,0,0,0,0,0,0,0,0,199.21,193.127,319.5,28.5,0.86,-0.345,0.038,-0.032,6,0,0,0,0,0,0,0,0,0,0,0,0,3448

Main.js:462 298.158,280.733,208.5,208.5,-0.287,-0.053,0,0,19,0,1,0,0,0,0,0,152.186,253.654,-2.458,-0.456,0,0,0,0,0,0,0,0,200.062,192.767,318,25.5,0.852,-0.36,0.037,-0.033,5,0,0,0,0,0,0,0,0,0,0,0,0,3464

Main.js:462 297.886,280.682,210,210,-0.273,-0.051,0,0,18,0,1,0,0,1,0,0,149.728,253.198,-2.458,-0.456,0,0,0,0,0,0,0,0,200.906,192.393,316.5,22.5,0.844,-0.374,0.036,-0.034,4,0,0,0,0,0,0,0,0,0,0,0,0,3481

Main.js:462 297.627,280.634,211.5,211.5,-0.259,-0.048,0,0,17,0,1,0,0,1,0,0,147.27,252.743,-2.458,-0.456,0,0,0,0,0,0,0,0,201.742,192.004,315,19.5,0.836,-0.389,0.035,-0.035,3,0,0,0,0,0,0,0,0,0,0,0,0,3497

Main.js:462 297.38,280.589,213,213,-0.246,-0.046,0,0,16,0,1,0,0,1,0,0,144.812,252.287,-2.458,-0.456,0,0,0,0,0,0,0,0,202.568,191.599,313.5,16.5,0.827,-0.404,0.034,-0.036,2,0,0,0,0,0,0,0,0,0,0,0,0,3514

Main.js:462 297.147,280.545,213,213,-0.234,-0.043,0,0,15,0,0,0,0,1,0,0,142.353,251.831,-2.458,-0.456,0,0,0,0,0,0,0,0,203.385,191.18,312,13.5,0.817,-0.419,0.033,-0.037,1,0,0,0,0,0,0,0,0,0,0,0,0,3531

Main.js:462 296.925,280.504,213,213,-0.222,-0.041,0,0,14,0,0,0,0,1,0,0,139.895,251.376,-2.458,-0.456,0,0,0,0,0,0,0,0,204.192,190.746,310.5,10.5,0.807,-0.434,0.032,-0.038,0,0,0,0,0,0,0,0,0,0,0,0,0,3545

Main.js:462 296.714,280.465,213,213,-0.211,-0.039,0,0,13,0,0,0,0,0,0,0,137.437,250.92,-2.458,-0.456,0,0,0,0,0,0,0,0,204.989,190.296,309,7.5,0.797,-0.45,0.031,-0.039,99,0,0,0,0,0,0,0,0,0,0,0,0,3563

Main.js:462 296.513,280.428,213,213,-0.2,-0.037,0,0,12,0,0,0,0,0,0,0,134.979,250.465,-2.458,-0.456,0,0,0,0,0,0,0,0,205.775,189.831,307.5,4.5,0.786,-0.465,0.03,-0.04,98,227.491,193.813,2.479,0.326,0,0,0,0,0,0,0,0,3581

Main.js:462 296.323,280.393,213,213,-0.19,-0.035,0,0,11,0,0,0,0,0,0,0,132.521,250.009,-2.458,-0.456,0,0,0,0,0,0,0,0,206.549,189.351,306,1.5,0.774,-0.48,0.029,-0.04,97,229.97,194.139,2.479,0.326,0,0,0,0,0,0,0,0,3598

Main.js:462 296.142,280.359,213,213,-0.181,-0.034,0,0,10,0,0,0,0,0,0,0,130.063,249.553,-2.458,-0.456,0,0,0,0,0,0,0,0,207.311,188.856,304.5,-1.5,0.762,-0.495,0.028,-0.041,96,232.449,194.466,2.479,0.326,0,0,0,0,0,0,0,0,3613

Main.js:462 295.97,280.327,213,213,-0.172,-0.032,0,0,9,0,0,0,0,0,0,0,127.605,249.098,-2.458,-0.456,0,0,0,0,0,0,0,0,208.062,188.345,303,-4.5,0.75,-0.51,0.027,-0.042,95,234.927,194.792,2.479,0.326,0,0,0,0,0,0,0,0,3631

Main.js:462 295.807,280.297,213,213,-0.163,-0.03,0,0,8,0,0,0,0,1,0,0,125.146,248.642,-2.458,-0.456,0,0,0,0,0,0,0,0,208.799,187.82,301.5,-7.5,0.738,-0.525,0.026,-0.043,94,237.406,195.118,2.479,0.326,0,0,0,0,0,0,0,0,3647

Main.js:462 295.651,280.268,213,213,-0.155,-0.029,0,0,7,0,0,0,0,1,0,0,122.688,248.187,-2.458,-0.456,0,0,0,0,0,0,0,0,209.523,187.28,300,-10.5,0.724,-0.54,0.025,-0.043,93,239.884,195.444,2.479,0.326,0,0,0,0,0,0,0,0,3663

Main.js:462 295.504,280.241,214.5,214.5,-0.147,-0.027,0,0,6,0,1,0,0,1,0,0,120.23,247.731,-2.458,-0.456,0,0,0,0,0,0,0,0,210.234,186.725,298.5,-13.5,0.711,-0.555,0.024,-0.044,92,242.363,195.771,2.479,0.326,0,0,0,0,0,0,0,0,3680

Main.js:462 295.364,280.215,216,216,-0.14,-0.026,0,0,5,0,1,0,0,1,0,0,117.772,247.275,-2.458,-0.456,0,0,0,0,0,0,0,0,210.931,186.156,297,-16.5,0.697,-0.569,0.023,-0.045,91,244.842,196.097,2.479,0.326,0,0,0,0,0,0,0,0,3697

Main.js:462 295.231,280.19,217.5,217.5,-0.133,-0.025,0,0,4,0,1,0,0,1,0,0,115.314,246.82,-2.458,-0.456,0,0,0,0,0,0,0,0,211.614,185.572,295.5,-19.5,0.682,-0.584,0.022,-0.045,90,247.32,196.423,2.479,0.326,0,0,0,0,0,0,0,0,3714

Main.js:462 295.105,280.167,219,219,-0.126,-0.023,0,0,3,0,1,0,0,1,0,0,112.856,246.364,-2.458,-0.456,0,0,0,0,0,0,0,0,212.281,184.974,294,-22.5,0.668,-0.598,0.02,-0.046,89,249.799,196.75,2.479,0.326,0,0,0,0,0,0,0,0,3730

Main.js:462 294.985,280.145,220.5,220.5,-0.12,-0.022,0,0,2,0,1,0,0,0,0,0,110.398,245.909,-2.458,-0.456,0,0,0,0,0,0,0,0,212.934,184.362,292.5,-25.5,0.652,-0.612,0.019,-0.046,88,252.277,197.076,2.479,0.326,0,0,0,0,0,0,0,0,3746

Main.js:462 294.871,280.124,222,222,-0.114,-0.021,0,0,1,0,1,0,0,0,0,0,107.94,245.453,-2.458,-0.456,0,0,0,0,0,0,0,0,213.571,183.736,291,-28.5,0.637,-0.626,0.018,-0.047,87,254.756,197.402,2.479,0.326,0,0,0,0,0,0,0,0,3764

Main.js:462 294.762,280.104,223.5,223.5,-0.108,-0.02,0,0,0,0,1,0,0,0,0,0,105.481,244.998,-2.458,-0.456,0,0,0,0,0,0,0,0,214.191,183.097,289.5,-31.5,0.621,-0.639,0.017,-0.047,86,257.235,197.729,2.479,0.326,0,0,0,0,0,0,0,0,3780

Main.js:462 294.66,280.084,225,225,-0.103,-0.019,0,0,0,0,1,0,0,0,0,0,103.023,244.542,-2.458,-0.456,0,0,0,0,0,0,0,0,214.796,182.444,288,-34.5,0.605,-0.652,0.015,-0.048,85,259.713,198.055,2.479,0.326,0,0,0,0,0,0,0,0,3797

Main.js:462 294.562,280.066,226.5,226.5,-0.098,-0.018,0,0,0,0,1,0,0,0,0,0,100.565,244.086,-2.458,-0.456,0,0,0,0,0,0,0,0,215.384,181.779,286.5,-37.5,0.588,-0.665,0.014,-0.048,84,262.192,198.381,2.479,0.326,0,0,0,0,0,0,0,0,3813

Main.js:462 294.469,280.049,228,228,-0.093,-0.017,0,0,99,0,1,0,0,1,0,0,98.107,243.631,-2.458,-0.456,0,0,0,0,0,0,0,0,215.954,181.101,285,-40.5,0.571,-0.678,0.013,-0.048,83,264.671,198.708,2.479,0.326,0,0,0,0,0,0,0,0,3829

Main.js:462 294.381,280.033,229.5,229.5,-0.088,-0.016,0,0,98,0,1,0,0,1,0,0,95.649,243.175,-2.458,-0.456,278.837,262.602,-1.673,-1.858,0,0,0,0,216.508,180.41,283.5,-43.5,0.553,-0.69,0.012,-0.049,82,267.149,199.034,2.479,0.326,0,0,0,0,0,0,0,0,3846

Main.js:462 294.297,280.017,231,231,-0.084,-0.016,0,0,97,0,1,0,0,1,0,0,93.191,242.72,-2.458,-0.456,277.164,260.745,-1.673,-1.858,0,0,0,0,217.043,179.708,282,-46.5,0.535,-0.702,0.01,-0.049,81,269.628,199.36,2.479,0.326,0,0,0,0,0,0,0,0,3863

Main.js:462 294.217,280.003,232.5,232.5,-0.08,-0.015,0,0,96,0,1,0,0,1,0,0,90.733,242.264,-2.458,-0.456,275.492,258.887,-1.673,-1.858,0,0,0,0,217.56,178.994,280.5,-49.5,0.517,-0.714,0.009,-0.049,80,272.106,199.687,2.479,0.326,0,0,0,0,0,0,0,0,3880

Main.js:462 294.142,279.989,234,234,-0.076,-0.014,0,0,95,0,1,0,0,1,0,0,88.274,241.808,-2.458,-0.456,273.819,257.029,-1.673,-1.858,0,0,0,0,218.059,178.269,279,-52.5,0.499,-0.725,0.008,-0.049,79,274.585,200.013,2.479,0.326,0,0,0,0,0,0,0,0,3898

Main.js:462 294.07,279.975,235.5,235.5,-0.072,-0.013,0,0,94,0,1,0,0,0,0,0,85.816,241.353,-2.458,-0.456,272.146,255.171,-1.673,-1.858,0,0,0,0,218.539,177.533,277.5,-55.5,0.48,-0.736,0.007,-0.05,78,277.064,200.339,2.479,0.326,0,0,0,0,0,0,0,0,3913

Main.js:462 294.001,279.963,237,237,-0.068,-0.013,0,0,93,0,1,0,0,0,0,0,83.358,240.897,-2.458,-0.456,270.473,253.313,-1.673,-1.858,0,0,0,0,219.001,176.787,276,-58.5,0.461,-0.746,0.005,-0.05,77,279.542,200.666,2.479,0.326,0,0,0,0,0,0,0,0,3930

Main.js:462 293.937,279.951,238.5,238.5,-0.065,-0.012,0,0,92,0,1,0,0,0,0,0,80.9,240.442,-2.458,-0.456,268.8,251.455,-1.673,-1.858,0,0,0,0,219.442,176.031,274.5,-61.5,0.442,-0.756,0.004,-0.05,76,282.021,200.992,2.479,0.326,0,0,0,0,0,0,0,0,3947

Main.js:462 293.875,279.939,240,240,-0.062,-0.011,0,0,91,0,1,0,0,0,0,0,78.442,239.986,-2.458,-0.456,267.127,249.597,-1.673,-1.858,0,0,0,0,219.864,175.265,273,-64.5,0.422,-0.766,0.003,-0.05,75,284.499,201.318,2.479,0.326,0,0,0,0,0,0,0,0,3967

Main.js:462 293.817,279.928,240,240,-0.059,-0.011,0,0,90,0,0,0,0,0,0,0,75.984,239.53,-2.458,-0.456,265.455,247.74,-1.673,-1.858,0,0,0,0,220.267,174.49,271.5,-67.5,0.402,-0.775,0.001,-0.05,74,286.978,201.644,2.479,0.326,0,0,0,0,0,0,0,0,3980

Main.js:462 293.761,279.918,240,240,-0.056,-0.01,0,0,89,0,0,0,0,1,0,0,73.526,239.075,-2.458,-0.456,263.782,245.882,-1.673,-1.858,0,0,0,0,220.649,173.706,270,-70.5,0.382,-0.784,0,-0.05,73,289.457,201.971,2.479,0.326,0,0,0,0,0,0,0,0,3997

Main.js:462 293.708,279.908,240,240,-0.053,-0.01,0,0,88,0,0,0,0,1,0,0,71.067,238.619,-2.458,-0.456,262.109,244.024,-1.673,-1.858,0,0,0,0,221.011,172.913,268.5,-73.5,0.362,-0.792,-0.001,-0.05,72,291.935,202.297,2.479,0.326,0,0,0,0,0,0,0,0,4013

Main.js:462 293.658,279.899,240,240,-0.05,-0.009,0,0,87,0,0,0,0,1,0,0,68.609,238.164,-2.458,-0.456,260.436,242.166,-1.673,-1.858,0,0,0,0,221.355,172.113,270,-73.5,0.344,-0.8,0,-0.05,71,294.414,202.623,2.479,0.326,0,0,0,0,0,0,0,0,4029

Main.js:462 293.61,279.89,240,240,-0.048,-0.009,0,0,86,0,0,0,0,1,0,0,66.151,237.708,-2.458,-0.456,258.763,240.308,-1.673,-1.858,0,0,0,0,221.682,171.306,271.5,-73.5,0.328,-0.808,0.001,-0.05,70,296.893,202.95,2.479,0.326,0,0,0,0,0,0,0,0,4047

Main.js:462 293.565,279.882,240,240,-0.045,-0.008,0,0,85,0,0,0,0,1,0,0,63.693,237.253,-2.458,-0.456,257.09,238.45,-1.673,-1.858,0,0,0,0,221.996,170.491,273,-73.5,0.314,-0.815,0.003,-0.05,69,299.371,203.276,2.479,0.326,0,0,0,0,0,0,0,0,4062

Main.js:462 293.522,279.874,240,240,-0.043,-0.008,0,0,84,0,0,0,0,1,0,0,61.235,236.797,-2.458,-0.456,255.418,236.592,-1.673,-1.858,0,0,0,0,222.298,169.67,274.5,-73.5,0.302,-0.821,0.004,-0.05,68,301.85,203.602,2.479,0.326,0,0,0,0,0,0,0,0,4080

Main.js:462 293.481,279.866,240,240,-0.041,-0.008,0,0,83,0,0,0,0,0,0,0,58.777,236.341,-2.458,-0.456,253.745,234.735,-1.673,-1.858,0,0,0,0,222.59,168.842,276,-73.5,0.292,-0.827,0.005,-0.05,67,304.328,203.929,2.479,0.326,0,0,0,0,0,0,0,0,4097

Main.js:462 293.442,279.859,240,240,-0.039,-0.007,0,0,82,0,0,0,0,0,0,0,56.319,235.886,-2.458,-0.456,252.072,232.877,-1.673,-1.858,0,0,0,0,222.873,168.009,277.5,-73.5,0.283,-0.833,0.007,-0.05,66,306.807,204.255,2.479,0.326,0,0,0,0,0,0,0,0,4114

Main.js:462 293.405,279.852,240,240,-0.037,-0.007,0,0,81,0,0,0,0,0,0,0,53.86,235.43,-2.458,-0.456,250.399,231.019,-1.673,-1.858,0,0,0,0,223.15,167.171,279,-73.5,0.277,-0.838,0.008,-0.049,65,309.286,204.581,2.479,0.326,0,0,0,0,0,0,0,0,4129

Main.js:462 293.37,279.846,240,240,-0.035,-0.006,0,0,80,0,0,0,0,0,0,0,51.402,234.975,-2.458,-0.456,248.726,229.161,-1.673,-1.858,0,0,0,0,223.422,166.328,280.5,-73.5,0.271,-0.843,0.009,-0.049,64,311.764,204.908,2.479,0.326,0,0,0,0,0,0,0,0,4146

Main.js:462 293.337,279.839,240,240,-0.033,-0.006,0,0,79,0,0,0,0,0,0,0,48.944,234.519,-2.458,-0.456,247.054,227.303,-1.673,-1.858,0,0,0,0,223.689,165.48,282,-73.5,0.268,-0.847,0.01,-0.049,63,314.243,205.234,2.479,0.326,0,0,0,0,0,0,0,0,4163

Main.js:462 293.305,279.834,240,240,-0.032,-0.006,0,0,78,0,0,0,0,1,0,0,46.486,234.063,-2.458,-0.456,245.381,225.445,-1.673,-1.858,0,0,0,0,223.955,164.629,283.5,-73.5,0.265,-0.851,0.012,-0.049,62,316.721,205.56,2.479,0.326,0,0,0,0,0,0,0,0,4180

Main.js:462 293.275,279.828,240,240,-0.03,-0.006,0,0,77,0,0,0,0,1,0,0,44.028,233.608,-2.458,-0.456,243.708,223.587,-1.673,-1.858,0,0,0,0,224.219,163.774,285,-73.5,0.265,-0.855,0.013,-0.048,61,319.2,205.887,2.479,0.326,0,0,0,0,0,0,0,0,4196

Main.js:462 293.247,279.823,240,240,-0.029,-0.005,0,0,76,0,0,0,0,1,0,0,41.57,233.152,-2.458,-0.456,242.035,221.73,-1.673,-1.858,0,0,0,0,224.484,162.917,286.5,-73.5,0.265,-0.857,0.014,-0.048,60,321.679,206.213,2.479,0.326,0,0,0,0,0,0,0,0,4215

Main.js:462 293.22,279.818,240,240,-0.027,-0.005,0,0,75,0,0,0,0,1,0,0,39.112,232.697,-2.458,-0.456,240.362,219.872,-1.673,-1.858,0,0,0,0,224.75,162.057,288,-73.5,0.266,-0.86,0.015,-0.048,59,324.157,206.539,2.479,0.326,0,0,0,0,0,0,0,0,4230

Main.js:462 293.194,279.813,240,240,-0.026,-0.005,0,0,74,0,0,0,0,1,0,0,36.654,232.241,-2.458,-0.456,238.689,218.014,-1.673,-1.858,0,0,0,0,225.019,161.195,289.5,-73.5,0.269,-0.862,0.017,-0.047,58,326.636,206.865,2.479,0.326,0,0,0,0,0,0,0,0,4246

Main.js:462 293.169,279.808,240,240,-0.024,-0.005,0,0,73,0,0,0,0,1,0,0,34.195,231.785,-2.458,-0.456,237.017,216.156,-1.673,-1.858,0,0,0,0,225.291,160.333,291,-73.5,0.272,-0.863,0.018,-0.047,57,329.114,207.192,2.479,0.326,0,0,0,0,0,0,0,0,4262

Main.js:462 293.146,279.804,240,240,-0.023,-0.004,0,0,72,0,0,0,0,0,0,0,31.737,231.33,-2.458,-0.456,235.344,214.298,-1.673,-1.858,0,0,0,0,225.568,159.469,292.5,-73.5,0.277,-0.864,0.019,-0.046,56,331.593,207.518,2.479,0.326,0,0,0,0,0,0,0,0,4315

Main.js:462 293.124,279.8,240,240,-0.022,-0.004,0,0,71,0,0,0,0,0,0,0,29.279,230.874,-2.458,-0.456,233.671,212.44,-1.673,-1.858,0,0,0,0,225.851,158.605,294,-73.5,0.282,-0.864,0.02,-0.046,55,334.072,207.844,2.479,0.326,0,0,0,0,0,0,0,0,4345

Main.js:462 293.103,279.796,240,240,-0.021,-0.004,0,0,70,0,0,0,0,1,0,0,26.821,230.419,-2.458,-0.456,231.998,210.582,-1.673,-1.858,0,0,0,0,226.139,157.742,295.5,-73.5,0.289,-0.863,0.022,-0.045,54,336.55,208.171,2.479,0.326,0,0,0,0,0,0,0,0,4362

Main.js:462 293.083,279.792,240,240,-0.02,-0.004,0,0,69,0,0,0,0,1,0,0,24.363,229.963,-2.458,-0.456,230.325,208.724,-1.673,-1.858,0,0,0,0,226.435,156.879,297,-73.5,0.296,-0.863,0.023,-0.045,53,339.029,208.497,2.479,0.326,0,0,0,0,0,0,0,0,4381

Main.js:462 293.064,279.789,240,240,-0.019,-0.004,0,0,68,0,0,0,0,1,0,0,21.905,229.508,-2.458,-0.456,228.652,206.867,-1.673,-1.858,0,0,0,0,226.739,156.018,298.5,-73.5,0.304,-0.861,0.024,-0.044,52,341.508,208.823,2.479,0.326,0,0,0,0,0,0,0,0,4398

Main.js:462 293.046,279.786,240,240,-0.018,-0.003,0,0,67,0,0,0,0,1,0,0,19.447,229.052,-2.458,-0.456,226.98,205.009,-1.673,-1.858,0,0,0,0,227.051,155.159,300,-73.5,0.312,-0.859,0.025,-0.043,51,343.986,209.15,2.479,0.326,0,0,0,0,0,0,0,0,4414

Main.js:462 293.029,279.782,240,240,-0.017,-0.003,0,0,66,0,0,0,0,1,0,0,16.988,228.596,-2.458,-0.456,225.307,203.151,-1.673,-1.858,0,0,0,0,227.373,154.302,301.5,-73.5,0.321,-0.857,0.026,-0.043,50,346.465,209.476,2.479,0.326,0,0,0,0,0,0,0,0,4430

Main.js:462 293.013,279.779,240,240,-0.016,-0.003,0,0,65,0,0,0,0,1,0,0,14.53,228.141,-2.458,-0.456,223.634,201.293,-1.673,-1.858,0,0,0,0,227.704,153.448,303,-73.5,0.331,-0.854,0.027,-0.042,49,348.943,209.802,2.479,0.326,0,0,0,0,0,0,0,0,4446

Main.js:462 292.997,279.777,241.5,241.5,-0.015,-0.003,0,0,64,0,1,0,0,0,0,0,12.072,227.685,-2.458,-0.456,221.961,199.435,-1.673,-1.858,0,0,0,0,228.046,152.598,304.5,-73.5,0.342,-0.85,0.028,-0.041,48,351.422,210.129,2.479,0.326,0,0,0,0,0,0,0,0,4463

Main.js:462 292.983,279.774,243,243,-0.015,-0.003,0,0,63,0,1,0,0,0,0,0,9.614,227.23,-2.458,-0.456,220.288,197.577,-1.673,-1.858,0,0,0,0,228.398,151.752,306,-73.5,0.352,-0.846,0.029,-0.04,47,353.901,210.455,2.479,0.326,0,0,0,0,0,0,0,0,4480

Main.js:462 292.969,279.771,244.5,244.5,-0.014,-0.003,0,0,62,0,1,0,0,0,0,0,7.156,226.774,-2.458,-0.456,218.615,195.719,-1.673,-1.858,0,0,0,0,228.762,150.91,307.5,-73.5,0.364,-0.842,0.03,-0.04,46,356.379,210.781,2.479,0.326,0,0,0,0,0,0,0,0,4497

Main.js:462 292.956,279.769,246,246,-0.013,-0.002,0,0,61,0,1,0,0,0,0,0,4.698,226.318,-2.458,-0.456,216.943,193.862,-1.673,-1.858,0,0,0,0,229.137,150.074,309,-73.5,0.375,-0.836,0.031,-0.039,45,358.858,211.108,2.479,0.326,0,0,0,0,0,0,0,0,4512

Main.js:462 292.943,279.766,247.5,247.5,-0.013,-0.002,0,0,60,0,1,0,0,0,0,0,2.24,225.863,-2.458,-0.456,215.27,192.004,-1.673,-1.858,0,0,0,0,229.524,149.242,309,-75,0.387,-0.831,0.031,-0.039,44,361.336,211.434,2.479,0.326,0,0,0,0,0,0,0,0,4530

Main.js:462 292.931,279.764,249,249,-0.012,-0.002,0,0,59,0,1,0,0,1,0,0,213.597,190.146,-1.673,-1.858,0,0,0,0,0,0,0,0,229.921,148.415,309,-76.5,0.397,-0.827,0.031,-0.039,43,361.336,211.434,2.479,0.326,0,0,0,0,0,0,0,0,4546

Main.js:462 292.92,279.762,249,249,-0.011,-0.002,0,0,58,0,0,0,0,1,0,0,211.924,188.288,-1.673,-1.858,0,0,0,0,0,0,0,0,230.328,147.593,309,-78,0.407,-0.822,0.031,-0.039,42,363.815,211.76,2.479,0.326,0,0,0,0,0,0,0,0,4563

Main.js:462 292.909,279.76,249,249,-0.011,-0.002,0,0,57,0,0,0,0,1,0,0,210.251,186.43,-1.673,-1.858,0,0,0,0,0,0,0,0,230.745,146.775,309,-79.5,0.417,-0.818,0.031,-0.039,41,366.294,212.087,2.479,0.326,0,0,0,0,0,0,0,0,4579

Main.js:462 292.899,279.758,249,249,-0.01,-0.002,0,0,56,0,0,0,0,1,0,0,208.579,184.572,-1.673,-1.858,0,0,0,0,0,0,0,0,231.171,145.961,309,-81,0.426,-0.814,0.031,-0.039,40,368.772,212.413,2.479,0.326,0,0,0,0,0,0,0,0,4597

Main.js:462 292.889,279.756,249,249,-0.01,-0.002,0,0,55,0,0,0,0,1,0,0,206.906,182.714,-1.673,-1.858,0,0,0,0,0,0,0,0,231.605,145.15,309,-82.5,0.434,-0.81,0.031,-0.039,39,371.251,212.739,2.479,0.326,0,0,0,0,0,0,0,0,4614

Main.js:462 292.88,279.755,249,249,-0.009,-0.002,0,0,54,0,0,0,0,0,0,0,205.233,180.857,-1.673,-1.858,0,0,0,0,0,0,0,0,232.048,144.343,309,-84,0.443,-0.807,0.031,-0.039,38,373.729,213.065,2.479,0.326,0,0,0,0,0,0,0,0,4629

Main.js:462 292.871,279.753,249,249,-0.009,-0.002,0,0,53,0,0,0,0,0,0,0,203.56,178.999,-1.673,-1.858,0,0,0,0,0,0,0,0,232.498,143.54,309,-85.5,0.45,-0.803,0.031,-0.039,37,376.208,213.392,2.479,0.326,0,0,0,0,0,0,0,0,4646

Main.js:462 292.863,279.752,249,249,-0.008,-0.002,0,0,52,0,0,0,0,0,0,0,201.887,177.141,-1.673,-1.858,0,0,0,0,0,0,0,0,232.956,142.74,309,-87,0.458,-0.8,0.031,-0.039,36,378.687,213.718,2.479,0.326,0,0,0,0,0,0,0,0,4664

Main.js:462 292.855,279.75,249,249,-0.008,-0.001,0,0,51,0,0,0,0,0,0,0,200.214,175.283,-1.673,-1.858,0,0,0,0,0,0,0,0,233.42,141.943,309,-88.5,0.465,-0.797,0.031,-0.039,35,381.165,214.044,2.479,0.326,0,0,0,0,0,0,0,0,4680

Main.js:462 292.847,279.749,249,249,-0.008,-0.001,0,0,50,0,0,0,0,0,0,0,198.542,173.425,-1.673,-1.858,0,0,0,0,0,0,0,0,233.892,141.149,309,-90,0.471,-0.794,0.031,-0.039,34,383.644,214.371,2.479,0.326,0,0,0,0,0,0,0,0,4697

Main.js:462 292.84,279.747,249,249,-0.007,-0.001,0,0,49,0,0,0,0,1,0,0,196.869,171.567,-1.673,-1.858,0,0,0,0,0,0,0,0,234.369,140.357,309,-91.5,0.478,-0.791,0.031,-0.039,33,386.123,214.697,2.479,0.326,0,0,0,0,0,0,0,0,4713

Main.js:462 292.833,279.746,249,249,-0.007,-0.001,0,0,48,0,0,0,0,1,0,0,195.196,169.709,-1.673,-1.858,0,0,0,0,0,0,0,0,234.853,139.569,309,-93,0.484,-0.789,0.031,-0.039,32,388.601,215.023,2.479,0.326,0,0,0,0,0,0,0,0,4729

Main.js:462 292.827,279.745,249,249,-0.006,-0.001,0,0,47,0,0,0,0,1,0,0,193.523,167.852,-1.673,-1.858,0,0,0,0,0,0,0,0,235.342,138.783,309,-94.5,0.489,-0.786,0.031,-0.039,31,391.08,215.35,2.479,0.326,0,0,0,0,0,0,0,0,4747

Main.js:462 292.821,279.744,249,249,-0.006,-0.001,0,0,46,0,0,0,0,1,0,0,191.85,165.994,-1.673,-1.858,0,0,0,0,0,0,0,0,235.837,137.999,309,-96,0.495,-0.784,0.031,-0.039,30,393.558,215.676,2.479,0.326,0,0,0,0,0,0,0,0,4764

Main.js:462 292.815,279.743,249,249,-0.006,-0.001,0,0,45,0,0,0,0,1,0,0,190.177,164.136,-1.673,-1.858,0,0,0,0,0,0,0,0,236.337,137.217,309,-97.5,0.5,-0.781,0.031,-0.039,29,396.037,216.002,2.479,0.326,0,0,0,0,0,0,0,0,4779

Main.js:462 292.809,279.742,249,249,-0.006,-0.001,0,0,44,0,0,0,0,1,0,0,188.505,162.278,-1.673,-1.858,0,0,0,0,0,0,0,0,236.842,136.438,309,-99,0.505,-0.779,0.031,-0.039,28,398.516,216.329,2.479,0.326,0,0,0,0,0,0,0,0,4795

Main.js:462 292.804,279.741,249,249,-0.005,-0.001,0,0,43,0,0,0,0,0,0,0,186.832,160.42,-1.673,-1.858,0,0,0,0,0,0,0,0,237.352,135.661,309,-100.5,0.51,-0.777,0.031,-0.039,27,400.994,216.655,2.479,0.326,0,0,0,0,0,0,0,0,4813

Main.js:462 292.799,279.74,249,249,-0.005,-0.001,0,0,42,0,0,0,0,0,0,0,185.159,158.562,-1.673,-1.858,0,0,0,0,0,0,0,0,237.866,134.886,309,-102,0.514,-0.775,0.031,-0.039,26,403.473,216.981,2.479,0.326,0,0,0,0,0,0,0,0,4830

Main.js:462 292.794,279.739,249,249,-0.005,-0.001,0,0,41,0,0,0,0,0,0,0,183.486,156.704,-1.673,-1.858,0,0,0,0,0,0,0,0,238.384,134.112,309,-103.5,0.518,-0.773,0.031,-0.039,25,405.951,217.308,2.479,0.326,0,0,0,0,0,0,0,0,4847

Main.js:462 292.79,279.738,249,249,-0.005,-0.001,0,0,40,0,0,0,0,0,0,0,181.813,154.846,-1.673,-1.858,0,0,0,0,0,0,0,0,238.906,133.34,309,-105,0.522,-0.772,0.031,-0.039,24,408.43,217.634,2.479,0.326,0,0,0,0,0,0,0,0,4863

Main.js:462 292.786,279.737,249,249,-0.004,-0.001,0,0,39,0,0,0,0,1,0,0,180.14,152.989,-1.673,-1.858,0,0,0,0,0,0,0,0,239.432,132.57,309,-106.5,0.526,-0.77,0.031,-0.039,23,410.909,217.96,2.479,0.326,0,0,0,0,0,0,0,0,4879

Main.js:462 292.782,279.737,250.5,250.5,-0.004,-0.001,0,0,38,0,1,0,0,1,0,0,178.468,151.131,-1.673,-1.858,0,0,0,0,0,0,0,0,239.961,131.802,309,-108,0.529,-0.768,0.031,-0.039,22,413.387,218.287,2.479,0.326,0,0,0,0,0,0,0,0,4898

Main.js:462 292.778,279.736,252,252,-0.004,-0.001,0,0,37,0,1,0,0,1,0,0,176.795,149.273,-1.673,-1.858,0,0,0,0,0,0,0,0,240.494,131.035,309,-109.5,0.533,-0.767,0.031,-0.039,21,415.866,218.613,2.479,0.326,0,0,0,0,0,0,0,0,4912

Main.js:462 292.774,279.735,253.5,253.5,-0.004,-0.001,0,0,36,0,1,0,0,1,0,0,175.122,147.415,-1.673,-1.858,0,0,0,0,0,0,0,0,241.03,130.27,309,-111,0.536,-0.766,0.031,-0.039,20,418.345,218.939,2.479,0.326,0,0,0,0,0,0,0,0,4930

Main.js:462 292.771,279.735,255,255,-0.003,-0.001,0,0,35,0,1,0,0,1,0,0,173.449,145.557,-1.673,-1.858,0,0,0,0,0,0,0,0,241.569,129.505,309,-112.5,0.539,-0.764,0.031,-0.039,19,420.823,219.265,2.479,0.326,0,0,0,0,0,0,0,0,4947

Main.js:462 292.767,279.734,256.5,256.5,-0.003,-0.001,0,0,34,0,1,0,0,0,0,0,171.776,143.699,-1.673,-1.858,0,0,0,0,0,0,0,0,242.112,128.743,309,-114,0.542,-0.763,0.031,-0.039,18,423.302,219.592,2.479,0.326,0,0,0,0,0,0,0,0,4963

Main.js:462 292.764,279.733,258,258,-0.003,-0.001,0,0,33,0,1,0,0,0,0,0,170.104,141.841,-1.673,-1.858,0,0,0,0,0,0,0,0,242.657,127.981,309,-115.5,0.545,-0.762,0.031,-0.039,17,425.78,219.918,2.479,0.326,0,0,0,0,0,0,0,0,4980

Main.js:462 292.761,279.733,259.5,259.5,-0.003,-0.001,0,0,32,0,1,0,0,0,0,0,168.431,139.984,-1.673,-1.858,0,0,0,0,0,0,0,0,243.204,127.22,309,-117,0.548,-0.76,0.031,-0.039,16,428.259,220.244,2.479,0.326,0,0,0,0,0,0,0,0,4997

Main.js:462 292.758,279.732,259.5,259.5,-0.003,-0.001,0,0,31,0,0,0,0,0,0,0,166.758,138.126,-1.673,-1.858,0,0,0,0,0,0,0,0,243.754,126.461,309,-118.5,0.55,-0.759,0.031,-0.039,15,430.738,220.571,2.479,0.326,0,0,0,0,0,0,0,0,5013

Main.js:462 292.756,279.732,259.5,259.5,-0.003,0,0,0,30,0,0,0,0,1,0,0,165.085,136.268,-1.673,-1.858,0,0,0,0,0,0,0,0,244.306,125.702,307.5,-121.5,0.552,-0.759,0.03,-0.04,14,433.216,220.897,2.479,0.326,0,0,0,0,0,0,0,0,5030

Main.js:462 292.753,279.731,259.5,259.5,-0.003,0,0,0,29,0,0,0,0,1,0,0,163.412,134.41,-1.673,-1.858,0,0,0,0,0,0,0,0,244.858,124.943,306,-124.5,0.552,-0.76,0.029,-0.04,13,435.695,221.223,2.479,0.326,0,0,0,0,0,0,0,0,5047

Main.js:462 292.751,279.731,259.5,259.5,-0.002,0,0,0,28,0,0,0,0,1,0,0,161.739,132.552,-1.673,-1.858,0,0,0,0,0,0,0,0,245.409,124.182,304.5,-127.5,0.551,-0.761,0.028,-0.041,12,438.173,221.55,2.479,0.326,0,0,0,0,0,0,0,0,5062

Main.js:462 292.748,279.73,259.5,259.5,-0.002,0,0,0,27,0,0,0,0,1,0,0,160.067,130.694,-1.673,-1.858,0,0,0,0,0,0,0,0,245.958,123.419,303,-130.5,0.549,-0.763,0.027,-0.042,11,440.652,221.876,2.479,0.326,0,0,0,0,0,0,0,0,5080

Main.js:462 292.746,279.73,259.5,259.5,-0.002,0,0,0,26,0,0,0,0,1,0,0,158.394,128.836,-1.673,-1.858,0,0,0,0,0,0,0,0,246.505,122.654,301.5,-133.5,0.547,-0.765,0.026,-0.043,10,443.131,222.202,2.479,0.326,0,0,0,0,0,0,0,0,5096

Main.js:462 292.744,279.73,259.5,259.5,-0.002,0,0,0,25,0,0,0,0,0,0,0,156.721,126.979,-1.673,-1.858,0,0,0,0,0,0,0,0,247.049,121.887,300,-136.5,0.543,-0.768,0.025,-0.043,9,445.609,222.529,2.479,0.326,0,0,0,0,0,0,0,0,5112

Main.js:462 292.742,279.729,259.5,259.5,-0.002,0,0,0,24,0,0,0,0,0,0,0,155.048,125.121,-1.673,-1.858,0,0,0,0,0,0,0,0,247.587,121.115,298.5,-139.5,0.539,-0.771,0.024,-0.044,8,448.088,222.855,2.479,0.326,0,0,0,0,0,0,0,0,5129

Main.js:462 292.74,279.729,259.5,259.5,-0.002,0,0,0,23,0,0,0,0,0,0,0,153.375,123.263,-1.673,-1.858,0,0,0,0,0,0,0,0,248.121,120.341,297,-142.5,0.533,-0.775,0.023,-0.045,7,450.566,223.181,2.479,0.326,0,0,0,0,0,0,0,0,5146

Main.js:462 292.738,279.729,259.5,259.5,-0.002,0,0,0,22,0,0,0,0,0,0,0,151.702,121.405,-1.673,-1.858,0,0,0,0,0,0,0,0,248.648,119.562,295.5,-145.5,0.527,-0.779,0.022,-0.045,6,453.045,223.508,2.479,0.326,0,0,0,0,0,0,0,0,5163

Main.js:462 292.737,279.728,259.5,259.5,-0.002,0,0,0,21,0,0,0,0,0,0,0,150.03,119.547,-1.673,-1.858,0,0,0,0,0,0,0,0,249.168,118.778,294,-148.5,0.52,-0.783,0.02,-0.046,5,455.524,223.834,2.479,0.326,0,0,0,0,0,0,0,0,5180

Main.js:462 292.735,279.728,259.5,259.5,-0.002,0,0,0,20,0,0,0,0,1,0,0,148.357,117.689,-1.673,-1.858,0,0,0,0,0,0,0,0,249.68,117.99,292.5,-151.5,0.512,-0.788,0.019,-0.046,4,458.002,224.16,2.479,0.326,0,0,0,0,0,0,0,0,5197

Main.js:462 292.734,279.728,259.5,259.5,-0.002,0,0,0,19,0,0,0,0,1,0,0,146.684,115.831,-1.673,-1.858,0,0,0,0,0,0,0,0,250.184,117.197,291,-154.5,0.504,-0.793,0.018,-0.047,3,460.481,224.487,2.479,0.326,0,0,0,0,0,0,0,0,5213

Main.js:462 292.732,279.727,259.5,259.5,-0.001,0,0,0,18,0,0,0,0,1,0,0,145.011,113.974,-1.673,-1.858,0,0,0,0,0,0,0,0,250.678,116.399,289.5,-157.5,0.494,-0.798,0.017,-0.047,2,462.96,224.813,2.479,0.326,0,0,0,0,0,0,0,0,5229

Main.js:462 292.731,279.727,259.5,259.5,-0.001,0,0,0,17,0,0,0,0,1,0,0,143.338,112.116,-1.673,-1.858,0,0,0,0,0,0,0,0,251.163,115.595,288,-160.5,0.484,-0.803,0.015,-0.048,1,465.438,225.139,2.479,0.326,0,0,0,0,0,0,0,0,5246

Main.js:462 292.729,279.727,259.5,259.5,-0.001,0,0,0,16,0,0,0,0,1,0,0,141.665,110.258,-1.673,-1.858,0,0,0,0,0,0,0,0,251.636,114.786,286.5,-163.5,0.474,-0.809,0.014,-0.048,0,467.917,225.465,2.479,0.326,0,0,0,0,0,0,0,0,5263

Main.js:462 292.728,279.727,259.5,259.5,-0.001,0,0,0,15,0,0,0,0,0,0,0,139.993,108.4,-1.673,-1.858,0,0,0,0,0,0,0,0,252.098,113.972,285,-166.5,0.462,-0.814,0.013,-0.048,99,470.395,225.792,2.479,0.326,0,0,0,0,0,0,0,0,5279

Main.js:462 292.727,279.726,259.5,259.5,-0.001,0,0,0,14,0,0,0,0,0,0,0,138.32,106.542,-1.673,-1.858,0,0,0,0,0,0,0,0,252.549,113.152,283.5,-169.5,0.45,-0.82,0.012,-0.049,98,472.874,226.118,2.479,0.326,228.786,109.3,-2.431,-0.584,0,0,0,0,5297

Main.js:462 292.726,279.726,259.5,259.5,-0.001,0,0,0,13,0,0,0,0,0,0,0,136.647,104.684,-1.673,-1.858,0,0,0,0,0,0,0,0,252.986,112.327,282,-172.5,0.438,-0.825,0.01,-0.049,97,475.353,226.444,2.479,0.326,226.355,108.717,-2.431,-0.584,0,0,0,0,5313

Main.js:462 292.725,279.726,259.5,259.5,-0.001,0,0,0,12,0,0,0,0,0,0,0,134.974,102.826,-1.673,-1.858,0,0,0,0,0,0,0,0,253.411,111.496,280.5,-175.5,0.424,-0.831,0.009,-0.049,96,477.831,226.771,2.479,0.326,223.924,108.133,-2.431,-0.584,0,0,0,0,5331

Main.js:462 292.724,279.726,259.5,259.5,-0.001,0,0,0,11,0,0,0,0,1,0,0,133.301,100.968,-1.673,-1.858,0,0,0,0,0,0,0,0,253.821,110.66,279,-178.5,0.411,-0.836,0.008,-0.049,95,480.31,227.097,2.479,0.326,221.493,107.549,-2.431,-0.584,0,0,0,0,5347

Main.js:462 292.723,279.726,259.5,259.5,-0.001,0,0,0,10,0,0,0,0,1,0,0,131.629,99.111,-1.673,-1.858,0,0,0,0,0,0,0,0,254.217,109.819,277.5,-181.5,0.396,-0.841,0.007,-0.05,94,482.788,227.423,2.479,0.326,219.062,106.966,-2.431,-0.584,0,0,0,0,5363

Main.js:462 292.722,279.725,259.5,259.5,-0.001,0,0,0,9,0,0,0,0,1,0,0,129.956,97.253,-1.673,-1.858,0,0,0,0,0,0,0,0,254.599,108.972,276,-184.5,0.381,-0.847,0.005,-0.05,93,485.267,227.75,2.479,0.326,216.631,106.382,-2.431,-0.584,0,0,0,0,5379

Main.js:462 292.721,279.725,259.5,259.5,-0.001,0,0,0,8,0,0,0,0,1,0,0,128.283,95.395,-1.673,-1.858,0,0,0,0,0,0,0,0,254.965,108.121,274.5,-187.5,0.366,-0.852,0.004,-0.05,92,487.746,228.076,2.479,0.326,214.2,105.799,-2.431,-0.584,0,0,0,0,5397

Main.js:462 292.72,279.725,259.5,259.5,-0.001,0,0,0,7,0,0,0,0,1,0,0,126.61,93.537,-1.673,-1.858,0,0,0,0,0,0,0,0,255.315,107.264,273,-190.5,0.35,-0.856,0.003,-0.05,91,490.224,228.402,2.479,0.326,211.769,105.215,-2.431,-0.584,0,0,0,0,5413

Main.js:462 292.719,279.725,259.5,259.5,-0.001,0,0,0,6,0,0,0,0,1,0,0,124.937,91.679,-1.673,-1.858,0,0,0,0,0,0,0,0,255.649,106.403,271.5,-193.5,0.334,-0.861,0.001,-0.05,90,492.703,228.729,2.479,0.326,209.338,104.631,-2.431,-0.584,0,0,0,0,5430

Main.js:462 292.719,279.725,259.5,259.5,-0.001,0,0,0,5,0,0,0,0,1,0,0,123.264,89.821,-1.673,-1.858,0,0,0,0,0,0,0,0,255.966,105.538,270,-196.5,0.317,-0.866,0,-0.05,89,495.181,229.055,2.479,0.326,206.907,104.048,-2.431,-0.584,0,0,0,0,5446

Main.js:462 292.718,279.725,259.5,259.5,-0.001,0,0,0,4,0,0,0,0,0,0,0,121.592,87.963,-1.673,-1.858,0,0,0,0,0,0,0,0,256.266,104.668,268.5,-199.5,0.3,-0.87,-0.001,-0.05,88,497.66,229.381,2.479,0.326,204.476,103.464,-2.431,-0.584,0,0,0,0,5464

Main.js:462 292.717,279.725,259.5,259.5,-0.001,0,0,0,3,0,0,0,0,0,0,0,121.592,87.963,-1.673,-1.858,0,0,0,0,0,0,0,0,256.549,103.794,267,-202.5,0.283,-0.874,-0.003,-0.05,87,202.045,102.88,-2.431,-0.584,0,0,0,0,0,0,0,0,5481

Main.js:462 292.717,279.725,259.5,259.5,-0.001,0,0,0,2,0,0,0,0,0,0,0,119.919,86.106,-1.673,-1.858,0,0,0,0,0,0,0,0,256.814,102.917,265.5,-205.5,0.265,-0.877,-0.004,-0.05,86,199.614,102.297,-2.431,-0.584,0,0,0,0,0,0,0,0,5495

Main.js:462 292.716,279.724,259.5,259.5,-0.001,0,0,0,1,0,0,0,0,0,0,0,118.246,84.248,-1.673,-1.858,0,0,0,0,0,0,0,0,257.06,102.036,264,-208.5,0.247,-0.881,-0.005,-0.05,85,197.183,101.713,-2.431,-0.584,0,0,0,0,0,0,0,0,5513

Main.js:462 292.715,279.724,259.5,259.5,-0.001,0,0,0,0,0,0,0,0,0,0,0,116.573,82.39,-1.673,-1.858,0,0,0,0,0,0,0,0,257.288,101.152,262.5,-211.5,0.228,-0.884,-0.007,-0.05,84,194.753,101.13,-2.431,-0.584,0,0,0,0,0,0,0,0,5530

Main.js:462 292.715,279.724,259.5,259.5,-0.001,0,0,0,99,0,0,0,0,1,0,0,114.9,80.532,-1.673,-1.858,0,0,0,0,0,0,0,0,257.498,100.266,261,-214.5,0.209,-0.887,-0.008,-0.049,83,192.322,100.546,-2.431,-0.584,0,0,0,0,0,0,0,0,5547

Main.js:462 292.714,279.724,259.5,259.5,-0.001,0,0,0,98,0,0,0,0,1,0,0,113.227,78.674,-1.673,-1.858,288.433,256.618,-0.456,-2.458,0,0,0,0,257.688,99.377,259.5,-217.5,0.19,-0.889,-0.009,-0.049,82,189.891,99.962,-2.431,-0.584,0,0,0,0,0,0,0,0,5565

Main.js:462 292.714,279.724,259.5,259.5,0,0,0,0,97,0,0,0,0,1,0,0,111.555,76.816,-1.673,-1.858,287.977,254.16,-0.456,-2.458,0,0,0,0,257.858,98.486,258,-220.5,0.171,-0.891,-0.01,-0.049,81,187.46,99.379,-2.431,-0.584,0,0,0,0,0,0,0,0,5580

Main.js:462 292.713,279.724,259.5,259.5,0,0,0,0,96,0,0,0,0,1,0,0,109.882,74.958,-1.673,-1.858,287.522,251.702,-0.456,-2.458,0,0,0,0,258.01,97.594,256.5,-223.5,0.151,-0.893,-0.012,-0.049,80,185.029,98.795,-2.431,-0.584,0,0,0,0,0,0,0,0,5596

Main.js:462 292.713,279.724,259.5,259.5,0,0,0,0,95,0,0,0,0,0,0,0,108.209,73.101,-1.673,-1.858,287.066,249.243,-0.456,-2.458,0,0,0,0,258.141,96.7,255,-226.5,0.131,-0.894,-0.013,-0.048,79,182.598,98.212,-2.431,-0.584,0,0,0,0,0,0,0,0,5614

Main.js:462 292.712,279.724,259.5,259.5,0,0,0,0,94,0,0,0,0,0,0,0,106.536,71.243,-1.673,-1.858,286.611,246.785,-0.456,-2.458,0,0,0,0,258.252,95.805,253.5,-229.5,0.111,-0.895,-0.014,-0.048,78,180.167,97.628,-2.431,-0.584,0,0,0,0,0,0,0,0,5630

Main.js:462 292.712,279.724,259.5,259.5,0,0,0,0,93,0,0,0,0,0,0,0,104.863,69.385,-1.673,-1.858,286.155,244.327,-0.456,-2.458,0,0,0,0,258.343,94.91,252,-232.5,0.091,-0.895,-0.015,-0.048,77,177.736,97.044,-2.431,-0.584,0,0,0,0,0,0,0,0,5648

Main.js:462 292.712,279.724,259.5,259.5,0,0,0,0,92,0,0,0,0,0,0,0,103.19,67.527,-1.673,-1.858,285.699,241.869,-0.456,-2.458,0,0,0,0,258.414,94.015,250.5,-235.5,0.071,-0.895,-0.017,-0.047,76,175.305,96.461,-2.431,-0.584,0,0,0,0,0,0,0,0,5663

Main.js:462 292.711,279.724,258,258,0,0,0,0,91,1,0,0,0,0,0,0,101.518,65.669,-1.673,-1.858,285.244,239.411,-0.456,-2.458,0,0,0,0,258.464,93.12,249,-238.5,0.05,-0.895,-0.018,-0.047,75,172.874,95.877,-2.431,-0.584,0,0,0,0,0,0,0,0,5681

Main.js:462 292.711,279.723,256.5,256.5,0,0,0,0,90,1,0,0,0,1,0,0,99.845,63.811,-1.673,-1.858,284.788,236.953,-0.456,-2.458,0,0,0,0,258.493,92.226,247.5,-241.5,0.029,-0.894,-0.019,-0.046,74,170.443,95.294,-2.431,-0.584,0,0,0,0,0,0,0,0,5697

Main.js:462 292.711,279.723,255,255,0,0,0,0,89,1,0,0,0,1,0,0,98.172,61.953,-1.673,-1.858,284.333,234.495,-0.456,-2.458,0,0,0,0,258.501,91.334,246,-244.5,0.009,-0.893,-0.02,-0.046,73,168.012,94.71,-2.431,-0.584,0,0,0,0,0,0,0,0,5713

Main.js:462 292.71,279.723,255,255,0,0,0,0,88,0,0,0,0,1,0,0,96.499,60.096,-1.673,-1.858,283.877,232.036,-0.456,-2.458,0,0,0,0,258.489,90.443,244.5,-247.5,-0.012,-0.891,-0.022,-0.045,72,165.581,94.126,-2.431,-0.584,0,0,0,0,0,0,0,0,5732

Main.js:462 292.71,279.723,255,255,0,0,0,0,87,0,0,0,0,1,0,0,94.826,58.238,-1.673,-1.858,283.421,229.578,-0.456,-2.458,0,0,0,0,258.456,89.554,243,-250.5,-0.033,-0.889,-0.023,-0.045,71,163.151,93.543,-2.431,-0.584,0,0,0,0,0,0,0,0,5746

Main.js:462 292.71,279.723,255,255,0,0,0,0,86,0,0,0,0,1,0,0,93.153,56.38,-1.673,-1.858,282.966,227.12,-0.456,-2.458,0,0,0,0,258.402,88.668,241.5,-253.5,-0.054,-0.886,-0.024,-0.044,70,160.72,92.959,-2.431,-0.584,0,0,0,0,0,0,0,0,5763

Main.js:462 292.709,279.723,255,255,0,0,0,0,85,0,0,0,0,1,0,0,91.481,54.522,-1.673,-1.858,282.51,224.662,-0.456,-2.458,0,0,0,0,258.326,87.786,240,-256.5,-0.075,-0.883,-0.025,-0.043,69,158.289,92.375,-2.431,-0.584,0,0,0,0,0,0,0,0,5783

Main.js:462 292.709,279.723,255,255,0,0,0,0,84,0,0,0,0,0,0,0,89.808,52.664,-1.673,-1.858,282.055,222.204,-0.456,-2.458,0,0,0,0,258.23,86.907,238.5,-259.5,-0.096,-0.879,-0.026,-0.043,68,155.858,91.792,-2.431,-0.584,0,0,0,0,0,0,0,0,5797

Main.js:462 292.709,279.723,255,255,0,0,0,0,83,0,0,0,0,0,0,0,88.135,50.806,-1.673,-1.858,281.599,219.746,-0.456,-2.458,0,0,0,0,258.112,86.032,237,-262.5,-0.117,-0.875,-0.027,-0.042,67,153.427,91.208,-2.431,-0.584,0,0,0,0,0,0,0,0,5813

Main.js:462 292.709,279.723,255,255,0,0,0,0,82,0,0,0,0,0,0,0,86.462,48.948,-1.673,-1.858,281.143,217.288,-0.456,-2.458,0,0,0,0,257.974,85.161,235.5,-265.5,-0.138,-0.87,-0.028,-0.041,66,150.996,90.625,-2.431,-0.584,0,0,0,0,0,0,0,0,5830

Main.js:462 292.709,279.723,255,255,0,0,0,0,81,0,0,0,0,0,0,0,84.789,47.09,-1.673,-1.858,280.688,214.829,-0.456,-2.458,0,0,0,0,257.815,84.296,234,-268.5,-0.159,-0.865,-0.029,-0.04,65,148.565,90.041,-2.431,-0.584,0,0,0,0,0,0,0,0,5847

Main.js:462 292.708,279.723,255,255,0,0,0,0,80,0,0,0,0,0,0,0,83.117,45.233,-1.673,-1.858,280.232,212.371,-0.456,-2.458,0,0,0,0,257.634,83.436,232.5,-271.5,-0.18,-0.86,-0.03,-0.04,64,146.134,89.457,-2.431,-0.584,0,0,0,0,0,0,0,0,5863

Main.js:462 292.708,279.723,255,255,0,0,0,0,79,0,0,0,0,1,0,0,81.444,43.375,-1.673,-1.858,279.777,209.913,-0.456,-2.458,0,0,0,0,257.433,82.583,231,-274.5,-0.201,-0.854,-0.031,-0.039,63,143.703,88.874,-2.431,-0.584,0,0,0,0,0,0,0,0,5879

Main.js:462 292.708,279.723,255,255,0,0,0,0,78,0,0,0,0,1,0,0,79.771,41.517,-1.673,-1.858,279.321,207.455,-0.456,-2.458,0,0,0,0,257.211,81.735,229.5,-277.5,-0.222,-0.847,-0.032,-0.038,62,141.272,88.29,-2.431,-0.584,0,0,0,0,0,0,0,0,5896

Main.js:462 292.708,279.723,255,255,0,0,0,0,77,0,0,0,0,1,0,0,78.098,39.659,-1.673,-1.858,278.866,204.997,-0.456,-2.458,0,0,0,0,256.968,80.895,228,-280.5,-0.243,-0.84,-0.033,-0.037,61,138.841,87.707,-2.431,-0.584,0,0,0,0,0,0,0,0,5913

Main.js:462 292.708,279.723,255,255,0,0,0,0,76,0,0,0,0,1,0,0,76.425,37.801,-1.673,-1.858,278.41,202.539,-0.456,-2.458,0,0,0,0,256.705,80.063,226.5,-283.5,-0.263,-0.832,-0.034,-0.036,60,136.41,87.123,-2.431,-0.584,0,0,0,0,0,0,0,0,5929

Main.js:462 292.707,279.723,255,255,0,0,0,0,75,0,0,0,0,1,0,0,74.752,35.943,-1.673,-1.858,277.954,200.081,-0.456,-2.458,0,0,0,0,256.421,79.239,225,-286.5,-0.284,-0.824,-0.035,-0.035,59,133.979,86.539,-2.431,-0.584,0,0,0,0,0,0,0,0,5947

Main.js:462 292.707,279.723,255,255,0,0,0,0,74,0,0,0,0,0,0,0,73.08,34.085,-1.673,-1.858,277.499,197.623,-0.456,-2.458,0,0,0,0,256.117,78.423,223.5,-289.5,-0.304,-0.816,-0.036,-0.034,58,131.549,85.956,-2.431,-0.584,0,0,0,0,0,0,0,0,5964

Main.js:462 292.707,279.723,255,255,0,0,0,0,73,0,0,0,0,0,0,0,71.407,32.228,-1.673,-1.858,277.043,195.164,-0.456,-2.458,0,0,0,0,255.793,77.616,222,-292.5,-0.324,-0.807,-0.037,-0.033,57,129.118,85.372,-2.431,-0.584,0,0,0,0,0,0,0,0,5979

Main.js:462 292.707,279.723,255,255,0,0,0,0,72,0,0,0,0,0,0,0,69.734,30.37,-1.673,-1.858,276.588,192.706,-0.456,-2.458,0,0,0,0,255.449,76.818,220.5,-295.5,-0.344,-0.797,-0.038,-0.032,56,126.687,84.788,-2.431,-0.584,0,0,0,0,0,0,0,0,5996

Main.js:462 292.707,279.723,255,255,0,0,0,0,71,0,0,0,0,0,0,0,68.061,28.512,-1.673,-1.858,276.132,190.248,-0.456,-2.458,0,0,0,0,255.085,76.031,219,-298.5,-0.364,-0.787,-0.039,-0.031,55,124.256,84.205,-2.431,-0.584,0,0,0,0,0,0,0,0,6013

Main.js:462 292.707,279.723,255,255,0,0,0,0,70,0,0,0,0,0,0,0,66.388,26.654,-1.673,-1.858,275.676,187.79,-0.456,-2.458,0,0,0,0,254.704,75.252,220.5,-298.5,-0.382,-0.779,-0.038,-0.032,54,121.825,83.621,-2.431,-0.584,0,0,0,0,0,0,0,0,6031

Main.js:462 292.707,279.723,255,255,0,0,0,0,69,0,0,0,0,1,0,0,64.715,24.796,-1.673,-1.858,275.221,185.332,-0.456,-2.458,0,0,0,0,254.306,74.48,222,-298.5,-0.398,-0.772,-0.037,-0.033,53,119.394,83.038,-2.431,-0.584,0,0,0,0,0,0,0,0,6049

Main.js:462 292.707,279.723,255,255,0,0,0,0,68,0,0,0,0,1,0,0,63.043,22.938,-1.673,-1.858,274.765,182.874,-0.456,-2.458,0,0,0,0,253.893,73.714,223.5,-298.5,-0.412,-0.766,-0.036,-0.034,52,116.963,82.454,-2.431,-0.584,0,0,0,0,0,0,0,0,6064

Main.js:462 292.706,279.723,255,255,0,0,0,0,67,0,0,0,0,1,0,0,61.37,21.08,-1.673,-1.858,274.31,180.416,-0.456,-2.458,0,0,0,0,253.468,72.953,225,-298.5,-0.425,-0.761,-0.035,-0.035,51,114.532,81.87,-2.431,-0.584,0,0,0,0,0,0,0,0,6080

Main.js:462 292.706,279.723,255,255,0,0,0,0,66,0,0,0,0,1,0,0,59.697,19.223,-1.673,-1.858,273.854,177.957,-0.456,-2.458,0,0,0,0,253.031,72.196,226.5,-298.5,-0.437,-0.758,-0.034,-0.036,50,112.101,81.287,-2.431,-0.584,0,0,0,0,0,0,0,0,6097

Main.js:462 292.706,279.723,255,255,0,0,0,0,65,0,0,0,0,1,0,0,58.024,17.365,-1.673,-1.858,273.398,175.499,-0.456,-2.458,0,0,0,0,252.584,71.441,228,-298.5,-0.447,-0.755,-0.033,-0.037,49,109.67,80.703,-2.431,-0.584,0,0,0,0,0,0,0,0,6113

Main.js:462 292.706,279.723,255,255,0,0,0,0,64,0,0,0,0,1,0,0,56.351,15.507,-1.673,-1.858,272.943,173.041,-0.456,-2.458,0,0,0,0,252.129,70.687,229.5,-298.5,-0.455,-0.753,-0.032,-0.038,48,107.239,80.12,-2.431,-0.584,0,0,0,0,0,0,0,0,6130

Main.js:462 292.706,279.723,255,255,0,0,0,0,63,0,0,0,0,0,0,0,54.678,13.649,-1.673,-1.858,272.487,170.583,-0.456,-2.458,0,0,0,0,251.667,69.935,231,-298.5,-0.462,-0.753,-0.031,-0.039,47,104.808,79.536,-2.431,-0.584,0,0,0,0,0,0,0,0,6147

Main.js:462 292.706,279.723,255,255,0,0,0,0,62,0,0,0,0,0,0,0,53.006,11.791,-1.673,-1.858,272.032,168.125,-0.456,-2.458,0,0,0,0,251.198,69.182,232.5,-298.5,-0.468,-0.753,-0.03,-0.04,46,102.377,78.952,-2.431,-0.584,0,0,0,0,0,0,0,0,6163

Main.js:462 292.706,279.723,255,255,0,0,0,0,61,0,0,0,0,0,0,0,51.333,9.933,-1.673,-1.858,271.576,165.667,-0.456,-2.458,0,0,0,0,250.726,68.429,234,-298.5,-0.473,-0.753,-0.029,-0.04,45,99.947,78.369,-2.431,-0.584,0,0,0,0,0,0,0,0,6180

Main.js:462 292.706,279.723,255,255,0,0,0,0,60,0,0,0,0,0,0,0,49.66,8.075,-1.673,-1.858,271.12,163.209,-0.456,-2.458,0,0,0,0,250.25,67.674,235.5,-298.5,-0.476,-0.755,-0.028,-0.041,44,97.516,77.785,-2.431,-0.584,0,0,0,0,0,0,0,0,6198

Main.js:462 292.706,279.723,255,255,0,0,0,0,59,0,0,0,0,0,0,0,47.987,6.218,-1.673,-1.858,270.665,160.75,-0.456,-2.458,0,0,0,0,249.772,66.917,237,-298.5,-0.478,-0.757,-0.027,-0.042,43,95.085,77.202,-2.431,-0.584,0,0,0,0,0,0,0,0,6213

Main.js:462 292.706,279.723,255,255,0,0,0,0,58,0,0,0,0,1,0,0,46.314,4.36,-1.673,-1.858,270.209,158.292,-0.456,-2.458,0,0,0,0,249.293,66.157,238.5,-298.5,-0.479,-0.76,-0.026,-0.043,42,92.654,76.618,-2.431,-0.584,0,0,0,0,0,0,0,0,6229

Main.js:462 292.706,279.722,255,255,0,0,0,0,57,0,0,0,0,1,0,0,44.642,2.502,-1.673,-1.858,269.754,155.834,-0.456,-2.458,0,0,0,0,248.814,65.394,240,-298.5,-0.479,-0.763,-0.025,-0.043,41,90.223,76.034,-2.431,-0.584,0,0,0,0,0,0,0,0,6247

Main.js:462 292.706,279.722,255,255,0,0,0,0,56,0,0,0,0,1,0,0,42.969,0.644,-1.673,-1.858,269.298,153.376,-0.456,-2.458,0,0,0,0,248.337,64.628,241.5,-298.5,-0.477,-0.766,-0.024,-0.044,40,87.792,75.451,-2.431,-0.584,0,0,0,0,0,0,0,0,6264

Main.js:462 292.705,279.722,253.5,253.5,0,0,0,0,55,1,0,0,0,1,0,0,268.843,150.918,-0.456,-2.458,0,0,0,0,0,0,0,0,247.861,63.858,243,-298.5,-0.475,-0.77,-0.023,-0.045,39,87.792,75.451,-2.431,-0.584,0,0,0,0,0,0,0,0,6281

Main.js:462 292.705,279.722,252,252,0,0,0,0,54,1,0,0,0,0,0,0,268.387,148.46,-0.456,-2.458,0,0,0,0,0,0,0,0,247.389,63.083,244.5,-298.5,-0.472,-0.775,-0.022,-0.045,38,85.361,74.867,-2.431,-0.584,0,0,0,0,0,0,0,0,6329

Main.js:462 292.705,279.722,250.5,250.5,0,0,0,0,53,1,0,0,0,0,0,0,267.931,146.002,-0.456,-2.458,0,0,0,0,0,0,0,0,246.922,62.303,246,-298.5,-0.468,-0.779,-0.02,-0.046,37,82.93,74.283,-2.431,-0.584,0,0,0,0,0,0,0,0,6346

Main.js:462 292.705,279.722,249,249,0,0,0,0,52,1,0,0,0,0,0,0,267.476,143.543,-0.456,-2.458,0,0,0,0,0,0,0,0,246.459,61.519,247.5,-298.5,-0.462,-0.784,-0.019,-0.046,36,80.499,73.7,-2.431,-0.584,0,0,0,0,0,0,0,0,6362

Main.js:462 292.705,279.722,249,249,0,0,0,0,51,0,0,0,0,0,0,0,267.02,141.085,-0.456,-2.458,0,0,0,0,0,0,0,0,246.003,60.73,249,-298.5,-0.456,-0.789,-0.018,-0.047,35,78.068,73.116,-2.431,-0.584,0,0,0,0,0,0,0,0,6381

Main.js:462 292.705,279.722,249,249,0,0,0,0,50,0,0,0,0,0,0,0,266.565,138.627,-0.456,-2.458,0,0,0,0,0,0,0,0,245.554,59.935,250.5,-298.5,-0.449,-0.795,-0.017,-0.047,34,75.637,72.533,-2.431,-0.584,0,0,0,0,0,0,0,0,6395

Main.js:462 292.705,279.722,249,249,0,0,0,0,49,0,0,0,0,1,0,0,266.109,136.169,-0.456,-2.458,0,0,0,0,0,0,0,0,245.112,59.135,252,-298.5,-0.442,-0.8,-0.015,-0.048,33,73.206,71.949,-2.431,-0.584,0,0,0,0,0,0,0,0,6413

Main.js:462 292.705,279.722,249,249,0,0,0,0,48,0,0,0,0,1,0,0,265.653,133.711,-0.456,-2.458,0,0,0,0,0,0,0,0,244.679,58.329,253.5,-298.5,-0.433,-0.806,-0.014,-0.048,32,70.775,71.365,-2.431,-0.584,0,0,0,0,0,0,0,0,6430

Main.js:462 292.705,279.722,249,249,0,0,0,0,47,0,0,0,0,1,0,0,265.198,131.253,-0.456,-2.458,0,0,0,0,0,0,0,0,244.256,57.518,255,-298.5,-0.424,-0.811,-0.013,-0.048,31,68.344,70.782,-2.431,-0.584,0,0,0,0,0,0,0,0,6446

Main.js:462 292.705,279.722,249,249,0,0,0,0,46,0,0,0,0,1,0,0,264.742,128.795,-0.456,-2.458,0,0,0,0,0,0,0,0,243.842,56.701,256.5,-298.5,-0.414,-0.817,-0.012,-0.049,30,65.914,70.198,-2.431,-0.584,0,0,0,0,0,0,0,0,6463

Main.js:462 292.705,279.722,249,249,0,0,0,0,45,0,0,0,0,1,0,0,264.287,126.337,-0.456,-2.458,0,0,0,0,0,0,0,0,243.439,55.878,258,-298.5,-0.403,-0.823,-0.01,-0.049,29,63.483,69.615,-2.431,-0.584,0,0,0,0,0,0,0,0,6479

Main.js:462 292.705,279.722,249,249,0,0,0,0,44,0,0,0,0,0,0,0,263.831,123.878,-0.456,-2.458,0,0,0,0,0,0,0,0,243.048,55.05,259.5,-298.5,-0.391,-0.828,-0.009,-0.049,28,61.052,69.031,-2.431,-0.584,0,0,0,0,0,0,0,0,6497

Main.js:462 292.705,279.722,249,249,0,0,0,0,43,0,0,0,0,0,0,0,263.375,121.42,-0.456,-2.458,0,0,0,0,0,0,0,0,242.669,54.216,261,-298.5,-0.379,-0.834,-0.008,-0.049,27,58.621,68.447,-2.431,-0.584,0,0,0,0,0,0,0,0,6513

Main.js:462 292.705,279.722,249,249,0,0,0,0,42,0,0,0,0,0,0,0,262.92,118.962,-0.456,-2.458,0,0,0,0,0,0,0,0,242.302,53.377,261,-300,-0.368,-0.839,-0.008,-0.049,26,56.19,67.864,-2.431,-0.584,0,0,0,0,0,0,0,0,6529

Main.js:462 292.705,279.722,249,249,0,0,0,0,41,0,0,0,0,0,0,0,262.464,116.504,-0.456,-2.458,0,0,0,0,0,0,0,0,241.945,52.533,261,-301.5,-0.357,-0.844,-0.008,-0.049,25,53.759,67.28,-2.431,-0.584,0,0,0,0,0,0,0,0,6546

Main.js:462 292.705,279.722,249,249,0,0,0,0,40,0,0,0,0,0,0,0,262.009,114.046,-0.456,-2.458,0,0,0,0,0,0,0,0,241.599,51.685,261,-303,-0.346,-0.849,-0.008,-0.049,24,51.328,66.696,-2.431,-0.584,0,0,0,0,0,0,0,0,6563

Main.js:462 292.705,279.722,249,249,0,0,0,0,39,0,0,0,0,1,0,0,261.553,111.588,-0.456,-2.458,0,0,0,0,0,0,0,0,241.262,50.832,261,-304.5,-0.336,-0.853,-0.008,-0.049,23,48.897,66.113,-2.431,-0.584,0,0,0,0,0,0,0,0,6580

Main.js:462 292.705,279.722,249,249,0,0,0,0,38,0,0,0,0,1,0,0,261.098,109.13,-0.456,-2.458,0,0,0,0,0,0,0,0,240.935,49.974,261,-306,-0.327,-0.857,-0.008,-0.049,22,46.466,65.529,-2.431,-0.584,0,0,0,0,0,0,0,0,6597

Main.js:462 292.705,279.722,249,249,0,0,0,0,37,0,0,0,0,1,0,0,260.642,106.671,-0.456,-2.458,0,0,0,0,0,0,0,0,240.617,49.113,261,-307.5,-0.318,-0.861,-0.008,-0.049,21,44.035,64.946,-2.431,-0.584,0,0,0,0,0,0,0,0,6614

Main.js:462 292.705,279.722,249,249,0,0,0,0,36,0,0,0,0,1,0,0,260.186,104.213,-0.456,-2.458,0,0,0,0,0,0,0,0,240.308,48.248,261,-309,-0.31,-0.865,-0.008,-0.049,20,41.604,64.362,-2.431,-0.584,0,0,0,0,0,0,0,0,6630

Main.js:462 292.705,279.722,249,249,0,0,0,0,35,0,0,0,0,0,0,0,259.731,101.755,-0.456,-2.458,0,0,0,0,0,0,0,0,240.006,47.379,261,-310.5,-0.302,-0.869,-0.008,-0.049,19,39.173,63.778,-2.431,-0.584,0,0,0,0,0,0,0,0,6647

Main.js:462 292.705,279.722,249,249,0,0,0,0,34,0,0,0,0,0,0,0,259.275,99.297,-0.456,-2.458,0,0,0,0,0,0,0,0,239.712,46.507,261,-312,-0.294,-0.872,-0.008,-0.049,18,36.742,63.195,-2.431,-0.584,0,0,0,0,0,0,0,0,6664

Main.js:462 292.705,279.722,249,249,0,0,0,0,33,0,0,0,0,0,0,0,258.82,96.839,-0.456,-2.458,0,0,0,0,0,0,0,0,239.426,45.631,261,-313.5,-0.287,-0.876,-0.008,-0.049,17,34.312,62.611,-2.431,-0.584,0,0,0,0,0,0,0,0,6680

Main.js:462 292.705,279.722,249,249,0,0,0,0,32,0,0,0,0,0,0,0,258.364,94.381,-0.456,-2.458,0,0,0,0,0,0,0,0,239.146,44.752,261,-315,-0.28,-0.879,-0.008,-0.049,16,31.881,62.028,-2.431,-0.584,0,0,0,0,0,0,0,0,6697

Main.js:462 292.705,279.722,249,249,0,0,0,0,31,0,0,0,0,0,0,0,257.908,91.923,-0.456,-2.458,0,0,0,0,0,0,0,0,238.873,43.871,261,-316.5,-0.273,-0.882,-0.008,-0.049,15,29.45,61.444,-2.431,-0.584,0,0,0,0,0,0,0,0,6713

Main.js:462 292.705,279.722,249,249,0,0,0,0,30,0,0,0,0,1,0,0,257.453,89.464,-0.456,-2.458,0,0,0,0,0,0,0,0,238.606,42.986,261,-318,-0.267,-0.885,-0.008,-0.049,14,27.019,60.86,-2.431,-0.584,0,0,0,0,0,0,0,0,6731

Main.js:462 292.705,279.722,249,249,0,0,0,0,29,0,0,0,0,1,0,0,256.997,87.006,-0.456,-2.458,0,0,0,0,0,0,0,0,238.345,42.099,261,-319.5,-0.261,-0.887,-0.008,-0.049,13,24.588,60.277,-2.431,-0.584,0,0,0,0,0,0,0,0,6746

Main.js:462 292.705,279.722,249,249,0,0,0,0,28,0,0,0,0,1,0,0,256.542,84.548,-0.456,-2.458,0,0,0,0,0,0,0,0,238.089,41.209,261,-321,-0.255,-0.89,-0.008,-0.049,12,22.157,59.693,-2.431,-0.584,0,0,0,0,0,0,0,0,6763

Main.js:462 292.705,279.722,249,249,0,0,0,0,27,0,0,0,0,1,0,0,256.086,82.09,-0.456,-2.458,0,0,0,0,0,0,0,0,237.839,40.317,261,-322.5,-0.25,-0.892,-0.008,-0.049,11,19.726,59.109,-2.431,-0.584,0,0,0,0,0,0,0,0,6780

Main.js:462 292.705,279.722,249,249,0,0,0,0,26,0,0,0,0,0,0,0,255.63,79.632,-0.456,-2.458,0,0,0,0,0,0,0,0,237.594,39.422,261,-324,-0.245,-0.895,-0.008,-0.049,10,17.295,58.526,-2.431,-0.584,0,0,0,0,0,0,0,0,6797

Main.js:462 292.705,279.722,249,249,0,0,0,0,25,0,0,0,0,0,0,0,255.175,77.174,-0.456,-2.458,0,0,0,0,0,0,0,0,237.354,38.525,261,-325.5,-0.24,-0.897,-0.008,-0.049,9,14.864,57.942,-2.431,-0.584,0,0,0,0,0,0,0,0,6814

Main.js:462 292.705,279.722,249,249,0,0,0,0,24,0,0,0,0,0,0,0,254.719,74.716,-0.456,-2.458,0,0,0,0,0,0,0,0,237.119,37.627,261,-327,-0.236,-0.899,-0.008,-0.049,8,12.433,57.359,-2.431,-0.584,0,0,0,0,0,0,0,0,6830

Main.js:462 292.705,279.722,249,249,0,0,0,0,23,0,0,0,0,0,0,0,254.264,72.258,-0.456,-2.458,0,0,0,0,0,0,0,0,236.887,36.726,261,-328.5,-0.231,-0.901,-0.008,-0.049,7,10.002,56.775,-2.431,-0.584,0,0,0,0,0,0,0,0,6846

Main.js:462 292.705,279.722,249,249,0,0,0,0,22,0,0,0,0,0,0,0,253.808,69.799,-0.456,-2.458,0,0,0,0,0,0,0,0,236.66,35.823,261,-330,-0.227,-0.903,-0.008,-0.049,6,7.571,56.191,-2.431,-0.584,0,0,0,0,0,0,0,0,6863

Main.js:462 292.705,279.722,249,249,0,0,0,0,21,0,0,0,0,1,0,0,253.353,67.341,-0.456,-2.458,0,0,0,0,0,0,0,0,236.437,34.919,261,-331.5,-0.223,-0.904,-0.008,-0.049,5,5.14,55.608,-2.431,-0.584,0,0,0,0,0,0,0,0,6880

Main.js:462 292.705,279.722,249,249,0,0,0,0,20,0,0,0,0,1,0,0,252.897,64.883,-0.456,-2.458,0,0,0,0,0,0,0,0,236.218,34.012,261,-333,-0.219,-0.906,-0.008,-0.049,4,2.71,55.024,-2.431,-0.584,0,0,0,0,0,0,0,0,6897

Main.js:462 292.705,279.722,249,249,0,0,0,0,19,0,0,0,0,1,0,0,252.441,62.425,-0.456,-2.458,0,0,0,0,0,0,0,0,236.002,33.105,261,-334.5,-0.216,-0.908,-0.008,-0.049,3,0.279,54.441,-2.431,-0.584,0,0,0,0,0,0,0,0,6913

Main.js:462 292.705,279.722,249,249,0,0,0,0,18,0,0,0,0,1,0,0,252.441,62.425,-0.456,-2.458,0,0,0,0,0,0,0,0,235.789,32.195,261,-336,-0.213,-0.909,-0.008,-0.049,2,0,0,0,0,0,0,0,0,0,0,0,0,6930

Main.js:462 292.705,279.722,249,249,0,0,0,0,17,0,0,0,0,1,0,0,251.986,59.967,-0.456,-2.458,0,0,0,0,0,0,0,0,235.58,31.285,261,-337.5,-0.209,-0.911,-0.008,-0.049,1,0,0,0,0,0,0,0,0,0,0,0,0,6947

Main.js:462 292.705,279.722,249,249,0,0,0,0,16,0,0,0,0,0,0,0,251.53,57.509,-0.456,-2.458,0,0,0,0,0,0,0,0,235.373,30.373,261,-339,-0.206,-0.912,-0.008,-0.049,0,0,0,0,0,0,0,0,0,0,0,0,0,6963

Main.js:462 292.705,279.722,249,249,0,0,0,0,15,0,0,0,0,0,0,0,251.075,55.051,-0.456,-2.458,0,0,0,0,0,0,0,0,235.17,29.459,261,-340.5,-0.203,-0.913,-0.008,-0.049,99,0,0,0,0,0,0,0,0,0,0,0,0,6980

Main.js:462 292.705,279.722,249,249,0,0,0,0,14,0,0,0,0,0,0,0,250.619,52.592,-0.456,-2.458,0,0,0,0,0,0,0,0,234.969,28.545,261,-342,-0.201,-0.915,-0.008,-0.049,98,257.526,38.217,2.357,0.835,0,0,0,0,0,0,0,0,6997

Main.js:462 292.705,279.722,249,249,0,0,0,0,13,0,0,0,0,0,0,0,250.163,50.134,-0.456,-2.458,0,0,0,0,0,0,0,0,234.771,27.629,261,-343.5,-0.198,-0.916,-0.008,-0.049,97,259.882,39.052,2.357,0.835,0,0,0,0,0,0,0,0,7013

Main.js:462 292.705,279.722,249,249,0,0,0,0,12,0,0,0,0,0,0,0,249.708,47.676,-0.456,-2.458,0,0,0,0,0,0,0,0,234.574,26.712,259.5,-346.5,-0.197,-0.917,-0.009,-0.049,96,262.239,39.886,2.357,0.835,0,0,0,0,0,0,0,0,7029

Main.js:462 292.705,279.722,249,249,0,0,0,0,11,0,0,0,0,1,0,0,249.252,45.218,-0.456,-2.458,0,0,0,0,0,0,0,0,234.378,25.795,258,-349.5,-0.197,-0.917,-0.01,-0.049,95,264.595,40.721,2.357,0.835,0,0,0,0,0,0,0,0,7046

Main.js:462 292.705,279.722,249,249,0,0,0,0,10,0,0,0,0,1,0,0,248.797,42.76,-0.456,-2.458,0,0,0,0,0,0,0,0,234.179,24.877,256.5,-352.5,-0.198,-0.918,-0.012,-0.049,94,266.952,41.555,2.357,0.835,0,0,0,0,0,0,0,0,7064

Main.js:462 292.705,279.722,249,249,0,0,0,0,9,0,0,0,0,1,0,0,248.341,40.302,-0.456,-2.458,0,0,0,0,0,0,0,0,233.979,23.959,255,-355.5,-0.201,-0.918,-0.013,-0.048,93,269.309,42.39,2.357,0.835,0,0,0,0,0,0,0,0,7080

Main.js:462 292.705,279.722,249,249,0,0,0,0,8,0,0,0,0,1,0,0,247.885,37.844,-0.456,-2.458,0,0,0,0,0,0,0,0,233.775,23.042,253.5,-358.5,-0.204,-0.917,-0.014,-0.048,92,271.665,43.224,2.357,0.835,0,0,0,0,0,0,0,0,7096

Main.js:462 292.704,279.722,249,249,0,0,0,0,7,0,0,0,0,1,0,0,247.885,37.844,-0.456,-2.458,0,0,0,0,0,0,0,0,233.567,22.125,252,-1.5,-0.208,-0.917,-0.015,-0.048,91,271.665,43.224,2.357,0.835,0,0,0,0,0,0,0,0,7113

