Main.js:143 myTank.x,myTank.y,myTank.rotation,myTank.cannonRotation,myTank.velocityX,myTank.velocityY,myTank.accelerationX,myTank.accelerationY,myTank.shootCooldown,myTank.controls.turnLeft,myTank.controls.turnRight,myTank.controls.goForward,myTank.controls.goBack,myTank.controls.shoot,myTank.controls.cannonLeft,myTank.controls.cannonRight,myBullet1.x,myBullet1.y,myBullet1.velocityX,myBullet1.velocityY,myBullet2.x,myBullet2.y,myBullet2.velocityX,myBullet2.velocityY,myBullet3.x,myBullet3.y,myBullet3.velocityX,myBullet3.velocityY,enemyTank.x,enemyTank.y,enemyTank.rotation,enemyTank.cannonRotation,enemyTank.velocityX,enemyTank.velocityY,enemyTank.accelerationX,enemyTank.accelerationY,enemyTank.shootCooldown,enemyBullet1.x,enemyBullet1.y,enemyBullet1.velocityX,enemyBullet1.velocityY,enemyBullet2.x,enemyBullet2.y,enemyBullet2.velocityX,enemyBullet2.velocityY,enemyBullet3.x,enemyBullet3.y,enemyBullet3.velocityX,enemyBullet3.velocityY,currentGameTime
Main.js:462 450,148,180,180,0,0,0,0,0,0,0,0,0,0,0,0,0,0,0,0,0,0,0,0,0,0,0,0,50,352,0,0,0,0,0,0,0,0,0,0,0,0,0,0,0,0,0,0,0,10

Main.js:462 450,148,180,180,0,0,0,0,0,0,0,0,0,0,0,0,0,0,0,0,0,0,0,0,0,0,0,0,50.047,352.001,1.5,0,0.047,0.001,0.05,0.001,99,0,0,0,0,0,0,0,0,0,0,0,0,41

Main.js:462 450,148,180,180,0,0,0,0,0,0,0,0,0,0,0,0,0,0,0,0,0,0,0,0,0,0,0,0,50.14,352.005,3,0,0.093,0.004,0.05,0.003,98,73.5,352,2.5,0,0,0,0,0,0,0,0,0,73

Main.js:462 450,148,180,180,0,0,0,0,0,0,0,0,0,0,0,0,0,0,0,0,0,0,0,0,0,0,0,0,50.275,352.012,4.5,0,0.135,0.007,0.05,0.004,97,76,352,2.5,0,0,0,0,0,0,0,0,0,89

Main.js:462 450,148,180,180,0,0,0,0,0,0,0,0,0,0,0,0,0,0,0,0,0,0,0,0,0,0,0,0,50.451,352.024,6,0,0.176,0.012,0.05,0.005,96,78.5,352,2.5,0,0,0,0,0,0,0,0,0,106

Main.js:462 450,148,180,180,0,0,0,0,0,0,0,0,0,0,0,0,0,0,0,0,0,0,0,0,0,0,0,0,50.665,352.041,7.5,0,0.214,0.017,0.05,0.007,95,81,352,2.5,0,0,0,0,0,0,0,0,0,123

Main.js:462 450,148,180,180,0,0,0,0,0,0,0,0,0,0,0,0,0,0,0,0,0,0,0,0,0,0,0,0,50.915,352.065,9,0,0.25,0.024,0.049,0.008,94,83.5,352,2.5,0,0,0,0,0,0,0,0,0,140

Main.js:462 450,148,180,180,0,0,0,0,0,0,0,0,0,0,0,0,0,0,0,0,0,0,0,0,0,0,0,0,51.2,352.097,10.5,0,0.284,0.031,0.049,0.009,93,86,352,2.5,0,0,0,0,0,0,0,0,0,156

Main.js:462 450,148,180,180,0,0,0,0,0,0,0,0,0,0,0,0,0,0,0,0,0,0,0,0,0,0,0,0,51.517,352.137,12,0,0.317,0.04,0.049,0.01,92,88.5,352,2.5,0,0,0,0,0,0,0,0,0,173

Main.js:462 450,148,180,180,0,0,0,0,0,0,0,0,0,0,0,0,0,0,0,0,0,0,0,0,0,0,0,0,51.864,352.185,13.5,0,0.347,0.049,0.049,0.012,91,91,352,2.5,0,0,0,0,0,0,0,0,0,190

Main.js:462 450,148,180,180,0,0,0,0,0,0,0,0,0,0,0,0,0,0,0,0,0,0,0,0,0,0,0,0,52.239,352.244,15,0,0.376,0.059,0.048,0.013,90,93.5,352,2.5,0,0,0,0,0,0,0,0,0,206

Main.js:462 450,148,180,180,0,0,0,0,0,0,0,0,0,0,0,0,0,0,0,0,0,0,0,0,0,0,0,0,52.641,352.313,16.5,0,0.402,0.069,0.048,0.014,89,96,352,2.5,0,0,0,0,0,0,0,0,0,223

Main.js:462 450,148,180,180,0,0,0,0,0,0,0,0,0,0,0,0,0,0,0,0,0,0,0,0,0,0,0,0,53.069,352.394,18,0,0.427,0.08,0.048,0.015,88,98.5,352,2.5,0,0,0,0,0,0,0,0,0,240

Main.js:462 449.953,148,180,180,-0.047,0,-0.05,0,0,0,0,1,0,0,0,0,0,0,0,0,0,0,0,0,0,0,0,0,53.52,352.486,19.5,0,0.451,0.092,0.047,0.017,87,101,352,2.5,0,0,0,0,0,0,0,0,0,256

Main.js:462 449.86,148,180,180,-0.093,0,-0.05,0,0,0,0,1,0,0,0,0,0,0,0,0,0,0,0,0,0,0,0,0,53.992,352.591,21,0,0.473,0.105,0.047,0.018,86,103.5,352,2.5,0,0,0,0,0,0,0,0,0,272

Main.js:462 449.724,148,180,180,-0.135,0,-0.05,0,0,0,0,1,0,0,0,0,0,0,0,0,0,0,0,0,0,0,0,0,54.485,352.708,22.5,0,0.493,0.118,0.046,0.019,85,106,352,2.5,0,0,0,0,0,0,0,0,0,290

Main.js:462 449.548,148,180,180,-0.176,0,-0.05,0,0,0,0,1,0,0,0,0,0,0,0,0,0,0,0,0,0,0,0,0,54.997,352.84,24,0,0.512,0.131,0.046,0.02,84,108.5,352,2.5,0,0,0,0,0,0,0,0,0,306

Main.js:462 449.333,148,180,180,-0.215,0,-0.05,0,0,0,0,1,0,0,0,0,0,0,0,0,0,0,0,0,0,0,0,0,55.526,352.985,25.5,0,0.529,0.145,0.045,0.022,83,111,352,2.5,0,0,0,0,0,0,0,0,0,323

Main.js:462 449.082,148,180,180,-0.252,0,-0.05,0,0,0,0,1,0,0,0,0,0,0,0,0,0,0,0,0,0,0,0,0,56.07,353.144,27,0,0.545,0.159,0.045,0.023,82,113.5,352,2.5,0,0,0,0,0,0,0,0,0,340

Main.js:462 448.795,148,180,180,-0.287,0,-0.05,0,0,0,0,1,0,0,0,0,0,0,0,0,0,0,0,0,0,0,0,0,56.63,353.318,28.5,0,0.559,0.174,0.044,0.024,81,116,352,2.5,0,0,0,0,0,0,0,0,0,357

Main.js:462 448.475,148.001,178.5,178.5,-0.32,0.001,-0.05,0.001,0,1,0,1,0,0,0,0,0,0,0,0,0,0,0,0,0,0,0,0,57.202,353.507,30,0,0.572,0.189,0.043,0.025,80,118.5,352,2.5,0,0,0,0,0,0,0,0,0,374

Main.js:462 448.124,148.005,177,177,-0.351,0.004,-0.05,0.003,0,1,0,1,0,0,0,0,0,0,0,0,0,0,0,0,0,0,0,0,57.787,353.711,31.5,0,0.584,0.204,0.043,0.026,79,121,352,2.5,0,0,0,0,0,0,0,0,0,389

Main.js:462 447.743,148.012,175.5,175.5,-0.381,0.007,-0.05,0.004,0,1,0,1,0,0,0,0,0,0,0,0,0,0,0,0,0,0,0,0,58.382,353.931,33,0,0.595,0.22,0.042,0.027,78,123.5,352,2.5,0,0,0,0,0,0,0,0,0,405

Main.js:462 447.334,148.024,174,174,-0.409,0.012,-0.05,0.005,0,1,0,1,0,0,0,0,0,0,0,0,0,0,0,0,0,0,0,0,58.986,354.167,34.5,0,0.604,0.236,0.041,0.028,77,126,352,2.5,0,0,0,0,0,0,0,0,0,423

Main.js:462 446.898,148.041,172.5,172.5,-0.436,0.017,-0.05,0.007,0,1,0,1,0,0,0,0,0,0,0,0,0,0,0,0,0,0,0,0,59.598,354.419,36,0,0.613,0.252,0.04,0.029,76,128.5,352,2.5,0,0,0,0,0,0,0,0,0,439

Main.js:462 446.437,148.065,171,171,-0.461,0.024,-0.049,0.008,0,1,0,1,0,0,0,0,0,0,0,0,0,0,0,0,0,0,0,0,60.218,354.688,37.5,0,0.62,0.268,0.04,0.03,75,131,352,2.5,0,0,0,0,0,0,0,0,0,456

Main.js:462 445.953,148.097,169.5,169.5,-0.485,0.031,-0.049,0.009,0,1,0,1,0,0,0,0,0,0,0,0,0,0,0,0,0,0,0,0,60.844,354.973,39,0,0.626,0.285,0.039,0.031,74,133.5,352,2.5,0,0,0,0,0,0,0,0,0,473

Main.js:462 445.446,148.137,168,168,-0.507,0.04,-0.049,0.01,0,1,0,1,0,0,0,0,0,0,0,0,0,0,0,0,0,0,0,0,61.474,355.274,40.5,0,0.63,0.301,0.038,0.032,73,136,352,2.5,0,0,0,0,0,0,0,0,0,490

Main.js:462 444.918,148.185,166.5,166.5,-0.528,0.049,-0.049,0.012,0,1,0,1,0,0,0,0,0,0,0,0,0,0,0,0,0,0,0,0,62.108,355.592,42,0,0.634,0.318,0.037,0.033,72,138.5,352,2.5,0,0,0,0,0,0,0,0,0,514

Main.js:462 444.371,148.244,165,165,-0.547,0.059,-0.048,0.013,0,1,0,1,0,0,0,0,0,0,0,0,0,0,0,0,0,0,0,0,62.746,355.926,42,358.5,0.638,0.334,0.037,0.033,71,141,352,2.5,0,0,0,0,0,0,0,0,0,523

Main.js:462 443.805,148.312,165,165,-0.566,0.068,-0.048,0.013,0,0,0,1,0,0,0,0,0,0,0,0,0,0,0,0,0,0,0,0,63.387,356.276,42,357,0.641,0.349,0.037,0.033,70,143.5,352,2.5,0,0,0,0,0,0,0,0,0,539

Main.js:462 443.222,148.389,165,165,-0.583,0.077,-0.048,0.013,0,0,0,1,0,0,0,0,0,0,0,0,0,0,0,0,0,0,0,0,64.032,356.639,42,355.5,0.644,0.363,0.037,0.033,69,146,352,2.5,0,0,0,0,0,0,0,0,0,556

Main.js:462 442.622,148.474,165,165,-0.6,0.085,-0.048,0.013,99,0,0,1,0,1,0,0,0,0,0,0,0,0,0,0,0,0,0,0,64.679,357.016,42,354,0.647,0.377,0.037,0.033,68,148.5,352,2.5,0,0,0,0,0,0,0,0,0,573

Main.js:462 442.006,148.568,165,165,-0.616,0.093,-0.048,0.013,98,0,0,1,0,1,0,0,420.523,154.471,-2.415,0.647,0,0,0,0,0,0,0,0,65.329,357.406,42,352.5,0.65,0.39,0.037,0.033,67,151,352,2.5,0,0,0,0,0,0,0,0,0,589

Main.js:462 441.375,148.669,165,165,-0.631,0.101,-0.048,0.013,97,0,0,1,0,1,0,0,418.108,155.118,-2.415,0.647,0,0,0,0,0,0,0,0,65.983,357.808,42,351,0.653,0.402,0.037,0.033,66,153.5,352,2.5,0,0,0,0,0,0,0,0,0,605

Main.js:462 440.73,148.777,165,165,-0.645,0.108,-0.048,0.013,96,0,0,1,0,1,0,0,415.693,155.765,-2.415,0.647,0,0,0,0,0,0,0,0,66.639,358.222,42,349.5,0.656,0.414,0.037,0.033,65,156,352,2.5,0,0,0,0,0,0,0,0,0,623

Main.js:462 440.071,148.892,165,165,-0.659,0.115,-0.048,0.013,95,0,0,1,0,0,0,0,413.278,156.412,-2.415,0.647,0,0,0,0,0,0,0,0,67.297,358.647,42,348,0.658,0.425,0.037,0.033,64,158.5,352,2.5,0,0,0,0,0,0,0,0,0,640

Main.js:462 439.399,149.014,165,165,-0.672,0.122,-0.048,0.013,94,0,0,1,0,0,0,0,410.863,157.06,-2.415,0.647,0,0,0,0,0,0,0,0,67.958,359.083,42,346.5,0.661,0.436,0.037,0.033,63,161,352,2.5,0,0,0,0,0,0,0,0,0,657

Main.js:462 438.715,149.142,165,165,-0.684,0.128,-0.048,0.013,93,0,0,1,0,0,0,0,408.449,157.707,-2.415,0.647,0,0,0,0,0,0,0,0,68.621,359.529,42,345,0.663,0.446,0.037,0.033,62,163.5,352,2.5,0,0,0,0,0,0,0,0,0,674

Main.js:462 438.019,149.276,165,165,-0.696,0.134,-0.048,0.013,92,0,0,1,0,0,0,0,406.034,158.354,-2.415,0.647,0,0,0,0,0,0,0,0,69.286,359.984,42,343.5,0.665,0.455,0.037,0.033,61,166,352,2.5,0,0,0,0,0,0,0,0,0,691

Main.js:462 437.312,149.415,165,165,-0.707,0.139,-0.048,0.013,91,0,0,1,0,0,0,0,403.619,159.001,-2.415,0.647,0,0,0,0,0,0,0,0,69.953,360.448,42,342,0.667,0.464,0.037,0.033,60,168.5,352,2.5,0,0,0,0,0,0,0,0,0,707

Main.js:462 436.595,149.56,165,165,-0.717,0.145,-0.048,0.013,90,0,0,1,0,1,0,0,401.204,159.648,-2.415,0.647,0,0,0,0,0,0,0,0,70.622,360.92,42,340.5,0.669,0.473,0.037,0.033,59,171,352,2.5,0,0,0,0,0,0,0,0,0,723

Main.js:462 435.867,149.71,165,165,-0.727,0.15,-0.048,0.013,89,0,0,1,0,1,0,0,398.789,160.295,-2.415,0.647,0,0,0,0,0,0,0,0,71.293,361.401,42,339,0.671,0.481,0.037,0.033,58,173.5,352,2.5,0,0,0,0,0,0,0,0,0,740

Main.js:462 435.13,149.864,165,165,-0.737,0.155,-0.048,0.013,88,0,0,1,0,1,0,0,396.375,160.942,-2.415,0.647,0,0,0,0,0,0,0,0,71.966,361.89,42,337.5,0.673,0.489,0.037,0.033,57,176,352,2.5,0,0,0,0,0,0,0,0,0,757

Main.js:462 434.384,150.023,165,165,-0.746,0.159,-0.048,0.013,87,0,0,1,0,1,0,0,393.96,161.589,-2.415,0.647,0,0,0,0,0,0,0,0,72.64,362.386,42,336,0.674,0.496,0.037,0.033,56,178.5,352,2.5,0,0,0,0,0,0,0,0,0,772

Main.js:462 433.63,150.187,165,165,-0.755,0.163,-0.048,0.013,86,0,0,1,0,1,0,0,391.545,162.236,-2.415,0.647,0,0,0,0,0,0,0,0,73.316,362.889,42,334.5,0.676,0.503,0.037,0.033,55,181,352,2.5,0,0,0,0,0,0,0,0,0,789

Main.js:462 432.867,150.355,165,165,-0.763,0.168,-0.048,0.013,85,0,0,1,0,1,0,0,389.13,162.883,-2.415,0.647,0,0,0,0,0,0,0,0,73.994,363.398,42,333,0.677,0.51,0.037,0.033,54,183.5,352,2.5,0,0,0,0,0,0,0,0,0,806

Main.js:462 432.097,150.526,165,165,-0.77,0.172,-0.048,0.013,84,0,0,1,0,0,0,0,386.715,163.53,-2.415,0.647,0,0,0,0,0,0,0,0,74.672,363.914,42,331.5,0.679,0.516,0.037,0.033,53,186,352,2.5,0,0,0,0,0,0,0,0,0,823

Main.js:462 431.319,150.701,165,165,-0.778,0.175,-0.048,0.013,83,0,0,1,0,0,0,0,384.301,164.177,-2.415,0.647,0,0,0,0,0,0,0,0,75.353,364.436,42,330,0.68,0.522,0.037,0.033,52,188.5,352,2.5,0,0,0,0,0,0,0,0,0,841

Main.js:462 430.534,150.881,163.5,163.5,-0.784,0.18,-0.048,0.014,82,1,0,1,0,0,0,0,381.886,164.824,-2.415,0.647,0,0,0,0,0,0,0,0,76.034,364.964,42,328.5,0.682,0.528,0.037,0.033,51,191,352,2.5,0,0,0,0,0,0,0,0,0,855

Main.js:462 429.744,151.067,162,162,-0.79,0.186,-0.048,0.015,81,1,0,1,0,0,0,0,379.471,165.471,-2.415,0.647,0,0,0,0,0,0,0,0,76.717,365.497,42,327,0.683,0.533,0.037,0.033,50,193.5,352,2.5,0,0,0,0,0,0,0,0,0,873

Main.js:462 428.948,151.259,160.5,160.5,-0.796,0.192,-0.047,0.017,80,1,0,1,0,0,0,0,377.056,166.118,-2.415,0.647,0,0,0,0,0,0,0,0,77.401,366.035,42,325.5,0.684,0.538,0.037,0.033,49,196,352,2.5,0,0,0,0,0,0,0,0,0,890

Main.js:462 428.148,151.459,159,159,-0.8,0.2,-0.047,0.018,79,1,0,1,0,1,0,0,374.641,166.765,-2.415,0.647,0,0,0,0,0,0,0,0,78.086,366.578,42,324,0.685,0.543,0.037,0.033,48,198.5,352,2.5,0,0,0,0,0,0,0,0,0,906

Main.js:462 427.344,151.667,157.5,157.5,-0.804,0.208,-0.046,0.019,78,1,0,1,0,1,0,0,372.226,167.412,-2.415,0.647,0,0,0,0,0,0,0,0,78.772,367.125,42,322.5,0.686,0.548,0.037,0.033,47,201,352,2.5,0,0,0,0,0,0,0,0,0,923

Main.js:462 426.536,151.883,156,156,-0.807,0.217,-0.046,0.02,77,1,0,1,0,1,0,0,369.812,168.059,-2.415,0.647,0,0,0,0,0,0,0,0,79.459,367.677,42,321,0.687,0.552,0.037,0.033,46,203.5,352,2.5,0,0,0,0,0,0,0,0,0,940

Main.js:462 425.726,152.109,156,156,-0.81,0.225,-0.046,0.02,76,0,0,1,0,1,0,0,367.397,168.706,-2.415,0.647,0,0,0,0,0,0,0,0,80.147,368.233,42,319.5,0.688,0.556,0.037,0.033,45,206,352,2.5,0,0,0,0,0,0,0,0,0,957

Main.js:462 424.913,152.342,156,156,-0.813,0.233,-0.046,0.02,75,0,0,1,0,1,0,0,364.982,169.353,-2.415,0.647,0,0,0,0,0,0,0,0,80.836,368.794,42,318,0.689,0.56,0.037,0.033,44,208.5,352,2.5,0,0,0,0,0,0,0,0,0,973

Main.js:462 424.097,152.583,156,156,-0.816,0.241,-0.046,0.02,74,0,0,1,0,0,0,0,362.567,170,-2.415,0.647,0,0,0,0,0,0,0,0,81.526,369.358,42,316.5,0.69,0.564,0.037,0.033,43,211,352,2.5,0,0,0,0,0,0,0,0,0,988

Main.js:462 423.278,152.831,156,156,-0.819,0.248,-0.046,0.02,73,0,0,1,0,0,0,0,360.152,170.648,-2.415,0.647,0,0,0,0,0,0,0,0,82.216,369.925,42,315,0.691,0.568,0.037,0.033,42,213.5,352,2.5,0,0,0,0,0,0,0,0,0,1007

Main.js:462 422.457,153.086,156,156,-0.821,0.255,-0.046,0.02,72,0,0,1,0,0,0,0,357.738,171.295,-2.415,0.647,0,0,0,0,0,0,0,0,82.908,370.495,40.5,312,0.692,0.57,0.038,0.032,41,216,352,2.5,0,0,0,0,0,0,0,0,0,1024

Main.js:462 421.634,153.348,156,156,-0.823,0.262,-0.046,0.02,71,0,0,1,0,1,0,0,355.323,171.942,-2.415,0.647,0,0,0,0,0,0,0,0,83.603,371.066,39,309,0.694,0.571,0.039,0.031,40,218.5,352,2.5,0,0,0,0,0,0,0,0,0,1072

Main.js:462 420.808,153.616,156,156,-0.826,0.268,-0.046,0.02,70,0,0,1,0,1,0,0,352.908,172.589,-2.415,0.647,0,0,0,0,0,0,0,0,84.3,371.638,37.5,306,0.697,0.572,0.04,0.03,39,221,352,2.5,0,0,0,0,0,0,0,0,0,1090

Main.js:462 419.981,153.89,156,156,-0.828,0.274,-0.046,0.02,69,0,0,1,0,1,0,0,350.493,173.236,-2.415,0.647,0,0,0,0,0,0,0,0,85.001,372.209,36,303,0.701,0.571,0.04,0.029,38,223.5,352,2.5,0,0,0,0,0,0,0,0,0,1107

Main.js:462 419.151,154.169,156,156,-0.83,0.279,-0.046,0.02,68,0,0,1,0,1,0,0,348.078,173.883,-2.415,0.647,0,0,0,0,0,0,0,0,85.706,372.779,34.5,300,0.705,0.569,0.041,0.028,37,226,352,2.5,0,0,0,0,0,0,0,0,0,1122

Main.js:462 418.319,154.454,156,156,-0.832,0.285,-0.046,0.02,67,0,0,1,0,0,0,0,345.664,174.53,-2.415,0.647,0,0,0,0,0,0,0,0,86.416,373.346,33,297,0.71,0.567,0.042,0.027,36,228.5,352,2.5,0,0,0,0,0,0,0,0,0,1140

Main.js:462 417.486,154.744,156,156,-0.833,0.29,-0.046,0.02,66,0,0,1,0,0,0,0,343.249,175.177,-2.415,0.647,0,0,0,0,0,0,0,0,87.131,373.909,31.5,294,0.715,0.563,0.043,0.026,35,231,352,2.5,0,0,0,0,0,0,0,0,0,1155

Main.js:462 416.651,155.039,156,156,-0.835,0.295,-0.046,0.02,65,0,0,1,0,0,0,0,340.834,175.824,-2.415,0.647,0,0,0,0,0,0,0,0,87.851,374.468,30,291,0.72,0.559,0.043,0.025,34,233.5,352,2.5,0,0,0,0,0,0,0,0,0,1173

Main.js:462 415.814,155.338,156,156,-0.837,0.299,-0.046,0.02,64,0,0,1,0,0,0,0,338.419,176.471,-2.415,0.647,0,0,0,0,0,0,0,0,88.577,375.021,28.5,288,0.726,0.554,0.044,0.024,33,236,352,2.5,0,0,0,0,0,0,0,0,0,1190

Main.js:462 414.976,155.642,156,156,-0.838,0.304,-0.046,0.02,63,0,0,1,0,0,0,0,336.004,177.118,-2.415,0.647,0,0,0,0,0,0,0,0,89.309,375.569,27,285,0.732,0.547,0.045,0.023,32,238.5,352,2.5,0,0,0,0,0,0,0,0,0,1206

Main.js:462 414.136,155.95,156,156,-0.84,0.308,-0.046,0.02,62,0,0,1,0,1,0,0,333.589,177.765,-2.415,0.647,0,0,0,0,0,0,0,0,90.047,376.109,25.5,282,0.738,0.541,0.045,0.022,31,241,352,2.5,0,0,0,0,0,0,0,0,0,1224

Main.js:462 413.295,156.261,156,156,-0.841,0.312,-0.046,0.02,61,0,0,1,0,1,0,0,331.175,178.412,-2.415,0.647,0,0,0,0,0,0,0,0,90.791,376.642,24,279,0.745,0.533,0.046,0.02,30,243.5,352,2.5,0,0,0,0,0,0,0,0,0,1241

Main.js:462 412.452,156.577,156,156,-0.843,0.315,-0.046,0.02,60,0,0,1,0,1,0,0,328.76,179.059,-2.415,0.647,0,0,0,0,0,0,0,0,91.543,377.167,22.5,276,0.751,0.524,0.046,0.019,29,246,352,2.5,0,0,0,0,0,0,0,0,0,1255

Main.js:462 411.608,156.896,156,156,-0.844,0.319,-0.046,0.02,59,0,0,1,0,1,0,0,326.345,179.706,-2.415,0.647,0,0,0,0,0,0,0,0,92.301,377.682,21,273,0.758,0.515,0.047,0.018,28,248.5,352,2.5,0,0,0,0,0,0,0,0,0,1272

Main.js:462 410.763,157.218,156,156,-0.845,0.322,-0.046,0.02,58,0,0,1,0,1,0,0,323.93,180.353,-2.415,0.647,0,0,0,0,0,0,0,0,93.066,378.187,19.5,270,0.765,0.505,0.047,0.017,27,251,352,2.5,0,0,0,0,0,0,0,0,0,1289

Main.js:462 409.917,157.544,156,156,-0.846,0.326,-0.046,0.02,57,0,0,1,0,0,0,0,321.515,181,-2.415,0.647,0,0,0,0,0,0,0,0,93.837,378.682,18,267,0.772,0.495,0.048,0.015,26,253.5,352,2.5,0,0,0,0,0,0,0,0,0,1307

Main.js:462 409.07,157.874,154.5,154.5,-0.847,0.33,-0.045,0.022,56,1,0,1,0,0,0,0,319.101,181.647,-2.415,0.647,0,0,0,0,0,0,0,0,94.616,379.165,16.5,264,0.779,0.483,0.048,0.014,25,256,352,2.5,0,0,0,0,0,0,0,0,0,1323

Main.js:462 408.224,158.208,153,153,-0.847,0.335,-0.045,0.023,55,1,0,1,0,0,0,0,316.686,182.294,-2.415,0.647,0,0,0,0,0,0,0,0,95.402,379.637,15,261,0.786,0.472,0.048,0.013,24,258.5,352,2.5,0,0,0,0,0,0,0,0,0,1340

Main.js:462 407.378,158.549,151.5,151.5,-0.846,0.341,-0.044,0.024,54,1,0,1,0,0,0,0,314.271,182.941,-2.415,0.647,0,0,0,0,0,0,0,0,96.195,380.096,13.5,258,0.793,0.459,0.049,0.012,23,261,352,2.5,0,0,0,0,0,0,0,0,0,1356

Main.js:462 406.533,158.897,150,150,-0.845,0.347,-0.043,0.025,53,1,0,1,0,0,0,0,311.856,183.588,-2.415,0.647,0,0,0,0,0,0,0,0,96.994,380.542,12,255,0.799,0.446,0.049,0.01,22,263.5,352,2.5,0,0,0,0,0,0,0,0,0,1372

Main.js:462 405.69,159.251,148.5,148.5,-0.843,0.355,-0.043,0.026,52,1,0,1,0,1,0,0,309.441,184.236,-2.415,0.647,0,0,0,0,0,0,0,0,97.8,380.974,10.5,252,0.806,0.432,0.049,0.009,21,266,352,2.5,0,0,0,0,0,0,0,0,0,1390

Main.js:462 404.849,159.615,147,147,-0.841,0.363,-0.042,0.027,51,1,0,1,0,1,0,0,307.026,184.883,-2.415,0.647,0,0,0,0,0,0,0,0,98.613,381.392,9,249,0.813,0.418,0.049,0.008,20,268.5,352,2.5,0,0,0,0,0,0,0,0,0,1406

Main.js:462 404.01,159.985,147,147,-0.839,0.371,-0.042,0.027,50,0,0,1,0,1,0,0,304.612,185.53,-2.415,0.647,0,0,0,0,0,0,0,0,99.432,381.796,7.5,246,0.819,0.403,0.05,0.007,19,271,352,2.5,0,0,0,0,0,0,0,0,0,1423

Main.js:462 403.173,160.363,147,147,-0.837,0.378,-0.042,0.027,49,0,0,1,0,1,0,0,302.197,186.177,-2.415,0.647,0,0,0,0,0,0,0,0,100.258,382.184,6,243,0.826,0.388,0.05,0.005,18,273.5,352,2.5,0,0,0,0,0,0,0,0,0,1439

Main.js:462 402.339,160.748,147,147,-0.835,0.385,-0.042,0.027,48,0,0,1,0,1,0,0,299.782,186.824,-2.415,0.647,0,0,0,0,0,0,0,0,101.09,382.557,4.5,240,0.832,0.373,0.05,0.004,17,276,352,2.5,0,0,0,0,0,0,0,0,0,1456

Main.js:462 401.506,161.14,147,147,-0.833,0.392,-0.042,0.027,47,0,0,1,0,0,0,0,297.367,187.471,-2.415,0.647,0,0,0,0,0,0,0,0,101.927,382.913,3,237,0.837,0.356,0.05,0.003,16,278.5,352,2.5,0,0,0,0,0,0,0,0,0,1473

Main.js:462 400.675,161.538,147,147,-0.831,0.398,-0.042,0.027,46,0,0,1,0,0,0,0,294.952,188.118,-2.415,0.647,0,0,0,0,0,0,0,0,102.77,383.253,1.5,234,0.843,0.34,0.05,0.001,15,281,352,2.5,0,0,0,0,0,0,0,0,0,1490

Main.js:462 399.846,161.942,147,147,-0.829,0.404,-0.042,0.027,45,0,0,1,0,0,0,0,292.538,188.765,-2.415,0.647,0,0,0,0,0,0,0,0,103.619,383.576,0,231,0.848,0.323,0.05,0,14,283.5,352,2.5,0,0,0,0,0,0,0,0,0,1507

Main.js:462 399.018,162.352,147,147,-0.828,0.41,-0.042,0.027,44,0,0,1,0,0,0,0,290.123,189.412,-2.415,0.647,0,0,0,0,0,0,0,0,104.472,383.881,358.5,228,0.853,0.305,0.05,-0.001,13,286,352,2.5,0,0,0,0,0,0,0,0,0,1523

Main.js:462 398.192,162.767,147,147,-0.826,0.415,-0.042,0.027,43,0,0,1,0,0,0,0,287.708,190.059,-2.415,0.647,0,0,0,0,0,0,0,0,105.33,384.169,357,225,0.858,0.288,0.05,-0.003,12,288.5,352,2.5,0,0,0,0,0,0,0,0,0,1540

Main.js:462 397.368,163.187,147,147,-0.825,0.42,-0.042,0.027,42,0,0,1,0,1,0,0,285.293,190.706,-2.415,0.647,0,0,0,0,0,0,0,0,106.193,384.439,355.5,222,0.863,0.27,0.05,-0.004,11,291,352,2.5,0,0,0,0,0,0,0,0,0,1556

Main.js:462 396.545,163.612,147,147,-0.823,0.425,-0.042,0.027,41,0,0,1,0,1,0,0,282.878,191.353,-2.415,0.647,0,0,0,0,0,0,0,0,107.06,384.69,354,219,0.867,0.251,0.05,-0.005,10,293.5,352,2.5,0,0,0,0,0,0,0,0,0,1574

Main.js:462 395.723,164.041,147,147,-0.822,0.43,-0.042,0.027,40,0,0,1,0,1,0,0,280.464,192,-2.415,0.647,0,0,0,0,0,0,0,0,107.93,384.922,352.5,216,0.871,0.232,0.05,-0.007,9,296,352,2.5,0,0,0,0,0,0,0,0,0,1591

Main.js:462 394.902,164.475,147,147,-0.821,0.434,-0.042,0.027,39,0,0,1,0,1,0,0,278.049,192.647,-2.415,0.647,0,0,0,0,0,0,0,0,108.804,385.136,351,213,0.874,0.213,0.049,-0.008,8,298.5,352,2.5,0,0,0,0,0,0,0,0,0,1608

Main.js:462 394.083,164.913,147,147,-0.819,0.438,-0.042,0.027,38,0,0,1,0,0,0,0,275.634,193.294,-2.415,0.647,0,0,0,0,0,0,0,0,109.681,385.33,349.5,210,0.877,0.194,0.049,-0.009,7,301,352,2.5,0,0,0,0,0,0,0,0,0,1623

Main.js:462 393.265,165.356,147,147,-0.818,0.442,-0.042,0.027,37,0,0,1,0,0,0,0,273.219,193.941,-2.415,0.647,0,0,0,0,0,0,0,0,110.561,385.504,348,207,0.88,0.174,0.049,-0.01,6,303.5,352,2.5,0,0,0,0,0,0,0,0,0,1639

Main.js:462 392.447,165.801,147,147,-0.817,0.446,-0.042,0.027,36,0,0,1,0,0,0,0,270.804,194.588,-2.415,0.647,0,0,0,0,0,0,0,0,111.443,385.659,346.5,204,0.882,0.155,0.049,-0.012,5,306,352,2.5,0,0,0,0,0,0,0,0,0,1657

Main.js:462 391.631,166.251,147,147,-0.816,0.449,-0.042,0.027,35,0,0,1,0,0,0,0,268.389,195.235,-2.415,0.647,0,0,0,0,0,0,0,0,112.326,385.793,345,201,0.884,0.135,0.048,-0.013,4,308.5,352,2.5,0,0,0,0,0,0,0,0,0,1673

Main.js:462 390.816,166.704,147,147,-0.815,0.453,-0.042,0.027,34,0,0,1,0,0,0,0,265.975,195.882,-2.415,0.647,0,0,0,0,0,0,0,0,113.211,385.908,343.5,198,0.885,0.114,0.048,-0.014,3,311,352,2.5,0,0,0,0,0,0,0,0,0,1690

Main.js:462 390.002,167.16,147,147,-0.814,0.456,-0.042,0.027,33,0,0,1,0,0,0,0,263.56,196.529,-2.415,0.647,0,0,0,0,0,0,0,0,114.097,386.002,342,195,0.886,0.094,0.048,-0.015,2,313.5,352,2.5,0,0,0,0,0,0,0,0,0,1707

Main.js:462 389.188,167.619,147,147,-0.813,0.459,-0.042,0.027,32,0,0,1,0,1,0,0,261.145,197.176,-2.415,0.647,0,0,0,0,0,0,0,0,114.983,386.075,340.5,192,0.886,0.073,0.047,-0.017,1,316,352,2.5,0,0,0,0,0,0,0,0,0,1723

Main.js:462 388.376,168.081,147,147,-0.813,0.462,-0.042,0.027,31,0,0,1,0,1,0,0,258.73,197.824,-2.415,0.647,0,0,0,0,0,0,0,0,115.87,386.128,339,189,0.886,0.053,0.047,-0.018,0,318.5,352,2.5,0,0,0,0,0,0,0,0,0,1739

Main.js:462 387.564,168.546,147,147,-0.812,0.465,-0.042,0.027,30,0,0,1,0,1,0,0,256.315,198.471,-2.415,0.647,0,0,0,0,0,0,0,0,116.756,386.16,337.5,186,0.886,0.032,0.046,-0.019,99,321,352,2.5,0,0,0,0,0,0,0,0,0,1756

Main.js:462 386.753,169.013,147,147,-0.811,0.467,-0.042,0.027,29,0,0,1,0,1,0,0,253.901,199.118,-2.415,0.647,0,0,0,0,0,0,0,0,117.641,386.171,336,183,0.885,0.011,0.046,-0.02,98,323.5,352,2.5,0,92.498,383.672,-2.486,-0.261,0,0,0,0,1774

Main.js:462 385.943,169.483,147,147,-0.81,0.47,-0.042,0.027,28,0,0,1,0,0,0,0,251.486,199.765,-2.415,0.647,0,0,0,0,0,0,0,0,118.524,386.161,334.5,180,0.884,-0.01,0.045,-0.022,97,326,352,2.5,0,90.012,383.41,-2.486,-0.261,0,0,0,0,1789

Main.js:462 385.134,169.957,145.5,145.5,-0.809,0.473,-0.041,0.028,27,1,0,1,0,0,0,0,249.071,200.412,-2.415,0.647,0,0,0,0,0,0,0,0,119.406,386.13,333,177,0.882,-0.031,0.045,-0.023,96,328.5,352,2.5,0,87.526,383.149,-2.486,-0.261,0,0,0,0,1807

Main.js:462 384.327,170.434,144,144,-0.807,0.478,-0.04,0.029,26,1,0,1,0,0,0,0,246.656,201.059,-2.415,0.647,0,0,0,0,0,0,0,0,120.286,386.078,331.5,174,0.879,-0.052,0.044,-0.024,95,331,352,2.5,0,85.039,382.888,-2.486,-0.261,0,0,0,0,1823

Main.js:462 383.523,170.917,142.5,142.5,-0.804,0.483,-0.04,0.03,25,1,0,1,0,0,0,0,244.241,201.706,-2.415,0.647,0,0,0,0,0,0,0,0,121.162,386.004,330,171,0.877,-0.073,0.043,-0.025,94,333.5,352,2.5,0,82.553,382.626,-2.486,-0.261,0,0,0,0,1840

Main.js:462 382.722,171.405,141,141,-0.801,0.488,-0.039,0.031,24,1,0,1,0,0,0,0,241.826,202.353,-2.415,0.647,0,0,0,0,0,0,0,0,122.035,385.91,328.5,168,0.873,-0.094,0.043,-0.026,93,336,352,2.5,0,80.067,382.365,-2.486,-0.261,0,0,0,0,1855

Main.js:462 381.925,171.9,139.5,139.5,-0.797,0.495,-0.038,0.032,23,1,0,1,0,0,0,0,239.412,203,-2.415,0.647,0,0,0,0,0,0,0,0,122.905,385.794,327,165,0.869,-0.116,0.042,-0.027,92,338.5,352,2.5,0,77.581,382.104,-2.486,-0.261,0,0,0,0,1872

Main.js:462 381.131,172.401,139.5,139.5,-0.793,0.501,-0.038,0.032,22,0,0,1,0,1,0,0,236.997,203.647,-2.415,0.647,0,0,0,0,0,0,0,0,123.77,385.658,325.5,162,0.865,-0.137,0.041,-0.028,91,341,352,2.5,0,75.094,381.842,-2.486,-0.261,0,0,0,0,1890

Main.js:462 380.342,172.908,139.5,139.5,-0.79,0.507,-0.038,0.032,21,0,0,1,0,1,0,0,234.582,204.294,-2.415,0.647,0,0,0,0,0,0,0,0,124.63,385.5,324,159,0.86,-0.158,0.04,-0.029,90,343.5,352,2.5,0,72.608,381.581,-2.486,-0.261,0,0,0,0,1906

Main.js:462 379.555,173.42,139.5,139.5,-0.786,0.512,-0.038,0.032,20,0,0,1,0,1,0,0,232.167,204.941,-2.415,0.647,0,0,0,0,0,0,0,0,125.485,385.321,322.5,156,0.855,-0.179,0.04,-0.03,89,346,352,2.5,0,70.122,381.32,-2.486,-0.261,0,0,0,0,1924

Main.js:462 378.772,173.938,139.5,139.5,-0.783,0.517,-0.038,0.032,19,0,0,1,0,1,0,0,229.752,205.588,-2.415,0.647,0,0,0,0,0,0,0,0,126.334,385.121,321,153,0.849,-0.2,0.039,-0.031,88,348.5,352,2.5,0,67.635,381.058,-2.486,-0.261,0,0,0,0,1941

Main.js:462 377.992,174.46,139.5,139.5,-0.78,0.522,-0.038,0.032,18,0,0,1,0,1,0,0,227.338,206.235,-2.415,0.647,0,0,0,0,0,0,0,0,127.177,384.9,319.5,150,0.843,-0.221,0.038,-0.032,87,351,352,2.5,0,65.149,380.797,-2.486,-0.261,0,0,0,0,1957

Main.js:462 377.215,174.987,139.5,139.5,-0.777,0.527,-0.038,0.032,17,0,0,1,0,0,0,0,224.923,206.882,-2.415,0.647,0,0,0,0,0,0,0,0,128.013,384.659,318,147,0.836,-0.241,0.037,-0.033,86,353.5,352,2.5,0,62.663,380.536,-2.486,-0.261,0,0,0,0,1974

Main.js:462 376.44,175.519,139.5,139.5,-0.775,0.532,-0.038,0.032,16,0,0,1,0,0,0,0,222.508,207.529,-2.415,0.647,0,0,0,0,0,0,0,0,128.842,384.397,316.5,144,0.829,-0.262,0.036,-0.034,85,356,352,2.5,0,60.176,380.274,-2.486,-0.261,0,0,0,0,1991

Main.js:462 375.668,176.055,139.5,139.5,-0.772,0.536,-0.038,0.032,15,0,0,1,0,0,0,0,220.093,208.176,-2.415,0.647,0,0,0,0,0,0,0,0,129.663,384.115,315,141,0.821,-0.283,0.035,-0.035,84,358.5,352,2.5,0,57.69,380.013,-2.486,-0.261,0,0,0,0,2006

Main.js:462 374.899,176.595,139.5,139.5,-0.769,0.54,-0.038,0.032,14,0,0,1,0,0,0,0,217.678,208.823,-2.415,0.647,0,0,0,0,0,0,0,0,130.477,383.813,316.5,141,0.814,-0.301,0.036,-0.034,83,361,352,2.5,0,55.204,379.752,-2.486,-0.261,0,0,0,0,2056

Main.js:462 374.132,177.139,139.5,139.5,-0.767,0.544,-0.038,0.032,13,0,0,1,0,1,0,0,215.264,209.47,-2.415,0.647,0,0,0,0,0,0,0,0,131.286,383.496,318,141,0.809,-0.318,0.037,-0.033,82,363.5,352,2.5,0,52.718,379.49,-2.486,-0.261,0,0,0,0,2071

Main.js:462 373.367,177.686,139.5,139.5,-0.765,0.548,-0.038,0.032,12,0,0,1,0,1,0,0,212.849,210.117,-2.415,0.647,0,0,0,0,0,0,0,0,132.09,383.163,319.5,141,0.804,-0.333,0.038,-0.032,81,366,352,2.5,0,50.231,379.229,-2.486,-0.261,0,0,0,0,2089

Main.js:462 372.604,178.237,139.5,139.5,-0.763,0.551,-0.038,0.032,11,0,0,1,0,1,0,0,210.434,210.764,-2.415,0.647,0,0,0,0,0,0,0,0,132.891,382.817,321,141,0.801,-0.346,0.039,-0.031,80,368.5,352,2.5,0,47.745,378.968,-2.486,-0.261,0,0,0,0,2106

Main.js:462 371.843,178.792,139.5,139.5,-0.761,0.554,-0.038,0.032,10,0,0,1,0,1,0,0,208.019,211.412,-2.415,0.647,0,0,0,0,0,0,0,0,133.69,382.459,322.5,141,0.799,-0.358,0.04,-0.03,79,371,352,2.5,0,45.259,378.706,-2.486,-0.261,0,0,0,0,2122

Main.js:462 371.085,179.349,139.5,139.5,-0.759,0.557,-0.038,0.032,9,0,0,1,0,0,0,0,205.604,212.059,-2.415,0.647,0,0,0,0,0,0,0,0,134.487,382.092,324,141,0.797,-0.368,0.04,-0.029,78,373.5,352,2.5,0,42.772,378.445,-2.486,-0.261,0,0,0,0,2139

Main.js:462 370.328,179.909,139.5,139.5,-0.757,0.56,-0.038,0.032,8,0,0,1,0,0,0,0,203.189,212.706,-2.415,0.647,0,0,0,0,0,0,0,0,135.284,381.715,325.5,141,0.797,-0.376,0.041,-0.028,77,376,352,2.5,0,40.286,378.184,-2.486,-0.261,0,0,0,0,2155

Main.js:462 369.572,180.473,139.5,139.5,-0.755,0.563,-0.038,0.032,7,0,0,1,0,0,0,0,200.775,213.353,-2.415,0.647,0,0,0,0,0,0,0,0,136.08,381.332,327,141,0.797,-0.383,0.042,-0.027,76,378.5,352,2.5,0,37.8,377.922,-2.486,-0.261,0,0,0,0,2173

Main.js:462 368.819,181.039,139.5,139.5,-0.754,0.566,-0.038,0.032,6,0,0,1,0,0,0,0,198.36,214,-2.415,0.647,0,0,0,0,0,0,0,0,136.878,380.943,328.5,141,0.797,-0.389,0.043,-0.026,75,381,352,2.5,0,35.313,377.661,-2.486,-0.261,0,0,0,0,2190

Main.js:462 368.067,181.607,139.5,139.5,-0.752,0.568,-0.038,0.032,5,0,0,1,0,0,0,0,195.945,214.647,-2.415,0.647,0,0,0,0,0,0,0,0,137.676,380.55,330,141,0.799,-0.393,0.043,-0.025,74,383.5,352,2.5,0,32.827,377.4,-2.486,-0.261,0,0,0,0,2206

Main.js:462 367.316,182.178,139.5,139.5,-0.751,0.571,-0.038,0.032,4,0,0,1,0,0,0,0,193.53,215.294,-2.415,0.647,0,0,0,0,0,0,0,0,138.476,380.154,331.5,141,0.8,-0.396,0.044,-0.024,73,386,352,2.5,0,30.341,377.138,-2.486,-0.261,0,0,0,0,2223

Main.js:462 366.567,182.751,139.5,139.5,-0.749,0.573,-0.038,0.032,3,0,0,1,0,1,0,0,191.115,215.941,-2.415,0.647,0,0,0,0,0,0,0,0,139.279,379.756,333,141,0.803,-0.398,0.045,-0.023,72,388.5,352,2.5,0,27.854,376.877,-2.486,-0.261,0,0,0,0,2239

Main.js:462 365.819,183.326,139.5,139.5,-0.748,0.575,-0.038,0.032,2,0,0,1,0,1,0,0,188.701,216.588,-2.415,0.647,0,0,0,0,0,0,0,0,140.084,379.357,334.5,141,0.805,-0.399,0.045,-0.022,71,391,352,2.5,0,25.368,376.616,-2.486,-0.261,0,0,0,0,2255

Main.js:462 365.073,183.904,139.5,139.5,-0.747,0.577,-0.038,0.032,1,0,0,1,0,1,0,0,186.286,217.235,-2.415,0.647,0,0,0,0,0,0,0,0,140.893,378.959,336,141,0.808,-0.398,0.046,-0.02,70,393.5,352,2.5,0,22.882,376.355,-2.486,-0.261,0,0,0,0,2272

Main.js:462 364.327,184.483,139.5,139.5,-0.745,0.579,-0.038,0.032,0,0,0,1,0,1,0,0,183.871,217.882,-2.415,0.647,0,0,0,0,0,0,0,0,141.705,378.563,337.5,141,0.812,-0.396,0.046,-0.019,69,396,352,2.5,0,20.396,376.093,-2.486,-0.261,0,0,0,0,2289

Main.js:462 363.583,185.065,139.5,139.5,-0.744,0.581,-0.038,0.032,99,0,0,1,0,1,0,0,181.456,218.529,-2.415,0.647,0,0,0,0,0,0,0,0,142.52,378.17,339,141,0.816,-0.393,0.047,-0.018,68,398.5,352,2.5,0,17.909,375.832,-2.486,-0.261,0,0,0,0,2305

Main.js:462 362.84,185.648,139.5,139.5,-0.743,0.583,-0.038,0.032,98,0,0,1,0,0,0,0,179.041,219.176,-2.415,0.647,346.458,199.745,-1.901,1.624,0,0,0,0,143.34,377.78,340.5,141,0.82,-0.39,0.047,-0.017,67,401,352,2.5,0,15.423,375.571,-2.486,-0.261,0,0,0,0,2322

Main.js:462 362.098,186.233,139.5,139.5,-0.742,0.585,-0.038,0.032,97,0,0,1,0,0,0,0,176.626,219.823,-2.415,0.647,344.557,201.369,-1.901,1.624,0,0,0,0,144.164,377.395,342,141,0.824,-0.385,0.048,-0.015,66,403.5,352,2.5,0,12.937,375.309,-2.486,-0.261,0,0,0,0,2341

Main.js:462 361.357,186.819,139.5,139.5,-0.741,0.586,-0.038,0.032,96,0,0,1,0,0,0,0,174.212,220.47,-2.415,0.647,342.656,202.993,-1.901,1.624,0,0,0,0,144.992,377.016,343.5,141,0.828,-0.379,0.048,-0.014,65,406,352,2.5,0,10.45,375.048,-2.486,-0.261,0,0,0,0,2357

Main.js:462 360.617,187.407,139.5,139.5,-0.74,0.588,-0.038,0.032,95,0,0,1,0,0,0,0,171.797,221.117,-2.415,0.647,340.755,204.616,-1.901,1.624,0,0,0,0,145.825,376.644,345,141,0.833,-0.372,0.048,-0.013,64,408.5,352,2.5,0,7.964,374.787,-2.486,-0.261,0,0,0,0,2373

Main.js:462 359.878,187.996,139.5,139.5,-0.739,0.589,-0.038,0.032,94,0,0,1,0,0,0,0,169.382,221.764,-2.415,0.647,338.854,206.24,-1.901,1.624,0,0,0,0,146.662,376.279,346.5,141,0.837,-0.365,0.049,-0.012,63,411,352,2.5,0,5.478,374.525,-2.486,-0.261,0,0,0,0,2390

Main.js:462 359.139,188.587,139.5,139.5,-0.738,0.591,-0.038,0.032,93,0,0,1,0,1,0,0,166.967,222.411,-2.415,0.647,336.953,207.864,-1.901,1.624,0,0,0,0,147.504,375.922,348,141,0.842,-0.356,0.049,-0.01,62,413.5,352,2.5,0,2.991,374.264,-2.486,-0.261,0,0,0,0,2405

Main.js:462 358.402,189.179,139.5,139.5,-0.738,0.592,-0.038,0.032,92,0,0,1,0,1,0,0,164.552,223.058,-2.415,0.647,335.052,209.487,-1.901,1.624,0,0,0,0,148.351,375.575,349.5,141,0.846,-0.347,0.049,-0.009,61,416,352,2.5,0,0.505,374.003,-2.486,-0.261,0,0,0,0,2424

Main.js:462 357.665,189.772,139.5,139.5,-0.737,0.593,-0.038,0.032,91,0,0,1,0,1,0,0,162.138,223.705,-2.415,0.647,335.052,209.487,-1.901,1.624,0,0,0,0,149.202,375.238,351,141,0.851,-0.337,0.049,-0.008,60,418.5,352,2.5,0,0,0,0,0,0,0,0,0,2445

Main.js:462 356.929,190.367,139.5,139.5,-0.736,0.594,-0.038,0.032,90,0,0,1,0,0,0,0,159.723,224.352,-2.415,0.647,333.151,211.111,-1.901,1.624,0,0,0,0,150.057,374.911,352.5,141,0.856,-0.327,0.05,-0.007,59,421,352,2.5,0,0,0,0,0,0,0,0,0,2455

Main.js:462 356.193,190.963,139.5,139.5,-0.735,0.596,-0.038,0.032,89,0,0,1,0,0,0,0,157.308,225,-2.415,0.647,331.25,212.734,-1.901,1.624,0,0,0,0,150.917,374.596,354,141,0.86,-0.315,0.05,-0.005,58,423.5,352,2.5,0,0,0,0,0,0,0,0,0,2472

Main.js:462 355.459,191.559,139.5,139.5,-0.735,0.597,-0.038,0.032,88,0,0,1,0,0,0,0,154.893,225.647,-2.415,0.647,329.349,214.358,-1.901,1.624,0,0,0,0,151.782,374.292,355.5,141,0.864,-0.303,0.05,-0.004,57,426,352,2.5,0,0,0,0,0,0,0,0,0,2489

Main.js:462 354.724,192.157,139.5,139.5,-0.734,0.598,-0.038,0.032,87,0,0,1,0,0,0,0,152.478,226.294,-2.415,0.647,327.448,215.982,-1.901,1.624,0,0,0,0,152.65,374.002,357,141,0.869,-0.291,0.05,-0.003,56,428.5,352,2.5,0,0,0,0,0,0,0,0,0,2506

Main.js:462 353.991,192.756,139.5,139.5,-0.734,0.599,-0.038,0.032,86,0,0,1,0,0,0,0,150.064,226.941,-2.415,0.647,325.547,217.605,-1.901,1.624,0,0,0,0,153.523,373.723,357,139.5,0.873,-0.279,0.05,-0.003,55,431,352,2.5,0,0,0,0,0,0,0,0,0,2522

Main.js:462 353.258,193.355,139.5,139.5,-0.733,0.6,-0.038,0.032,85,0,0,1,0,1,0,0,147.649,227.588,-2.415,0.647,323.646,219.229,-1.901,1.624,0,0,0,0,154.399,373.456,357,138,0.876,-0.267,0.05,-0.003,54,433.5,352,2.5,0,0,0,0,0,0,0,0,0,2538

Main.js:462 352.525,193.956,139.5,139.5,-0.732,0.6,-0.038,0.032,84,0,0,1,0,1,0,0,145.234,228.235,-2.415,0.647,321.745,220.852,-1.901,1.624,0,0,0,0,155.279,373.2,357,136.5,0.88,-0.256,0.05,-0.003,53,436,352,2.5,0,0,0,0,0,0,0,0,0,2556

Main.js:462 351.793,194.557,139.5,139.5,-0.732,0.601,-0.038,0.032,83,0,0,1,0,1,0,0,142.819,228.882,-2.415,0.647,319.844,222.476,-1.901,1.624,0,0,0,0,156.163,372.954,357,135,0.883,-0.246,0.05,-0.003,52,438.5,352,2.5,0,0,0,0,0,0,0,0,0,2573

Main.js:462 351.062,195.159,139.5,139.5,-0.731,0.602,-0.038,0.032,82,0,0,1,0,1,0,0,140.404,229.529,-2.415,0.647,317.943,224.1,-1.901,1.624,0,0,0,0,157.05,372.718,357,133.5,0.887,-0.236,0.05,-0.003,51,441,352,2.5,0,0,0,0,0,0,0,0,0,2589

Main.js:462 350.331,195.762,139.5,139.5,-0.731,0.603,-0.038,0.032,81,0,0,1,0,1,0,0,137.989,230.176,-2.415,0.647,316.042,225.723,-1.901,1.624,0,0,0,0,157.939,372.491,357,132,0.89,-0.227,0.05,-0.003,50,443.5,352,2.5,0,0,0,0,0,0,0,0,0,2607

Main.js:462 349.6,196.365,139.5,139.5,-0.731,0.604,-0.038,0.032,80,0,0,1,0,1,0,0,135.575,230.823,-2.415,0.647,314.141,227.347,-1.901,1.624,0,0,0,0,158.832,372.273,357,130.5,0.893,-0.218,0.05,-0.003,49,446,352,2.5,0,0,0,0,0,0,0,0,0,2623

Main.js:462 348.87,196.97,139.5,139.5,-0.73,0.604,-0.038,0.032,79,0,0,1,0,1,0,0,133.16,231.47,-2.415,0.647,312.24,228.971,-1.901,1.624,0,0,0,0,159.728,372.063,357,129,0.896,-0.21,0.05,-0.003,48,448.5,352,2.5,0,0,0,0,0,0,0,0,0,2639

Main.js:462 348.14,197.574,139.5,139.5,-0.73,0.605,-0.038,0.032,78,0,0,1,0,1,0,0,130.745,232.117,-2.415,0.647,310.339,230.594,-1.901,1.624,0,0,0,0,160.626,371.862,357,127.5,0.898,-0.202,0.05,-0.003,47,451,352,2.5,0,0,0,0,0,0,0,0,0,2655

Main.js:462 347.411,198.18,139.5,139.5,-0.729,0.605,-0.038,0.032,77,0,0,1,0,0,0,0,128.33,232.764,-2.415,0.647,308.438,232.218,-1.901,1.624,0,0,0,0,161.527,371.668,357,126,0.901,-0.194,0.05,-0.003,46,453.5,352,2.5,0,0,0,0,0,0,0,0,0,2673

Main.js:462 346.682,198.786,139.5,139.5,-0.729,0.606,-0.038,0.032,76,0,0,1,0,0,0,0,125.915,233.411,-2.415,0.647,306.537,233.841,-1.901,1.624,0,0,0,0,162.43,371.481,357,124.5,0.903,-0.187,0.05,-0.003,45,456,352,2.5,0,0,0,0,0,0,0,0,0,2690

Main.js:462 345.953,199.392,139.5,139.5,-0.729,0.607,-0.038,0.032,75,0,0,1,0,0,0,0,123.501,234.058,-2.415,0.647,304.636,235.465,-1.901,1.624,0,0,0,0,163.335,371.301,357,123,0.905,-0.18,0.05,-0.003,44,458.5,352,2.5,0,0,0,0,0,0,0,0,0,2706

Main.js:462 345.224,199.999,139.5,139.5,-0.728,0.607,-0.038,0.032,74,0,0,1,0,0,0,0,121.086,234.705,-2.415,0.647,302.735,237.089,-1.901,1.624,0,0,0,0,164.243,371.128,357,121.5,0.908,-0.173,0.05,-0.003,43,461,352,2.5,0,0,0,0,0,0,0,0,0,2723

Main.js:462 344.496,200.607,139.5,139.5,-0.728,0.608,-0.038,0.032,73,0,0,1,0,0,0,0,118.671,235.352,-2.415,0.647,300.834,238.712,-1.901,1.624,0,0,0,0,165.153,370.961,357,120,0.91,-0.167,0.05,-0.003,42,463.5,352,2.5,0,0,0,0,0,0,0,0,0,2740

Main.js:462 343.768,201.215,139.5,139.5,-0.728,0.608,-0.038,0.032,72,0,0,1,0,0,0,0,116.256,235.999,-2.415,0.647,298.933,240.336,-1.901,1.624,0,0,0,0,166.064,370.799,357,118.5,0.912,-0.161,0.05,-0.003,41,466,352,2.5,0,0,0,0,0,0,0,0,0,2755

Main.js:462 343.041,201.824,139.5,139.5,-0.728,0.608,-0.038,0.032,71,0,0,1,0,0,0,0,113.841,236.646,-2.415,0.647,297.032,241.96,-1.901,1.624,0,0,0,0,166.978,370.644,357,117,0.913,-0.156,0.05,-0.003,40,468.5,352,2.5,0,0,0,0,0,0,0,0,0,2773

Main.js:462 342.314,202.433,139.5,139.5,-0.727,0.609,-0.038,0.032,70,0,0,1,0,0,0,0,111.426,237.293,-2.415,0.647,295.131,243.583,-1.901,1.624,0,0,0,0,167.893,370.493,357,115.5,0.915,-0.15,0.05,-0.003,39,471,352,2.5,0,0,0,0,0,0,0,0,0,2788

Main.js:462 341.587,203.042,139.5,139.5,-0.727,0.609,-0.038,0.032,69,0,0,1,0,0,0,0,109.012,237.94,-2.415,0.647,293.23,245.207,-1.901,1.624,0,0,0,0,168.81,370.348,357,114,0.917,-0.145,0.05,-0.003,38,473.5,352,2.5,0,0,0,0,0,0,0,0,0,2805

Main.js:462 340.86,203.652,139.5,139.5,-0.727,0.61,-0.038,0.032,68,0,0,1,0,0,0,0,106.597,238.588,-2.415,0.647,291.329,246.83,-1.901,1.624,0,0,0,0,169.728,370.207,357,112.5,0.918,-0.141,0.05,-0.003,37,476,352,2.5,0,0,0,0,0,0,0,0,0,2824

Main.js:462 340.133,204.262,139.5,139.5,-0.727,0.61,-0.038,0.032,67,0,0,1,0,0,0,0,104.182,239.235,-2.415,0.647,289.428,248.454,-1.901,1.624,0,0,0,0,170.648,370.071,357,111,0.92,-0.136,0.05,-0.003,36,478.5,352,2.5,0,0,0,0,0,0,0,0,0,2840

Main.js:462 339.407,204.872,139.5,139.5,-0.726,0.61,-0.038,0.032,66,0,0,1,0,0,0,0,101.767,239.882,-2.415,0.647,287.526,250.078,-1.901,1.624,0,0,0,0,171.57,369.939,357,109.5,0.921,-0.132,0.05,-0.003,35,481,352,2.5,0,0,0,0,0,0,0,0,0,2855

Main.js:462 338.68,205.483,139.5,139.5,-0.726,0.611,-0.038,0.032,65,0,0,1,0,0,0,0,99.352,240.529,-2.415,0.647,285.625,251.701,-1.901,1.624,0,0,0,0,172.493,369.812,357,108,0.923,-0.128,0.05,-0.003,34,483.5,352,2.5,0,0,0,0,0,0,0,0,0,2872

Main.js:462 337.954,206.094,139.5,139.5,-0.726,0.611,-0.038,0.032,64,0,0,1,0,0,0,0,96.938,241.176,-2.415,0.647,283.724,253.325,-1.901,1.624,0,0,0,0,173.417,369.688,357,106.5,0.924,-0.124,0.05,-0.003,33,486,352,2.5,0,0,0,0,0,0,0,0,0,2891

Main.js:462 337.229,206.705,139.5,139.5,-0.726,0.611,-0.038,0.032,63,0,0,1,0,0,0,0,94.523,241.823,-2.415,0.647,281.823,254.949,-1.901,1.624,0,0,0,0,174.342,369.568,357,105,0.925,-0.12,0.05,-0.003,32,488.5,352,2.5,0,0,0,0,0,0,0,0,0,2907

Main.js:462 336.503,207.317,139.5,139.5,-0.726,0.612,-0.038,0.032,62,0,0,1,0,0,0,0,92.108,242.47,-2.415,0.647,279.922,256.572,-1.901,1.624,0,0,0,0,175.268,369.451,357,103.5,0.926,-0.117,0.05,-0.003,31,491,352,2.5,0,0,0,0,0,0,0,0,0,2924

Main.js:462 335.778,207.929,139.5,139.5,-0.725,0.612,-0.038,0.032,61,0,0,1,0,0,0,0,89.693,243.117,-2.415,0.647,278.021,258.196,-1.901,1.624,0,0,0,0,176.196,369.338,357,102,0.928,-0.113,0.05,-0.003,30,493.5,352,2.5,0,0,0,0,0,0,0,0,0,2940

Main.js:462 335.052,208.541,139.5,139.5,-0.725,0.612,-0.038,0.032,60,0,0,1,0,0,0,0,87.278,243.764,-2.415,0.647,276.12,259.819,-1.901,1.624,0,0,0,0,177.125,369.228,357,100.5,0.929,-0.11,0.05,-0.003,29,496,352,2.5,0,0,0,0,0,0,0,0,0,2956

Main.js:462 334.327,209.153,139.5,139.5,-0.725,0.612,-0.038,0.032,59,0,0,1,0,0,0,0,84.864,244.411,-2.415,0.647,274.219,261.443,-1.901,1.624,0,0,0,0,178.054,369.121,357,99,0.93,-0.107,0.05,-0.003,28,498.5,352,2.5,0,0,0,0,0,0,0,0,0,2973

Main.js:462 333.602,209.766,139.5,139.5,-0.725,0.613,-0.038,0.032,58,0,0,1,0,0,0,0,84.864,244.411,-2.415,0.647,272.318,263.067,-1.901,1.624,0,0,0,0,178.985,369.017,357,97.5,0.931,-0.104,0.05,-0.003,27,0,0,0,0,0,0,0,0,0,0,0,0,2990

Main.js:462 332.877,210.379,139.5,139.5,-0.725,0.613,-0.038,0.032,57,0,0,1,0,0,0,0,82.449,245.058,-2.415,0.647,270.417,264.69,-1.901,1.624,0,0,0,0,179.916,368.915,357,96,0.932,-0.101,0.05,-0.003,26,0,0,0,0,0,0,0,0,0,0,0,0,3006

Main.js:462 332.152,210.992,139.5,139.5,-0.725,0.613,-0.038,0.032,56,0,0,1,0,0,0,0,80.034,245.705,-2.415,0.647,268.516,266.314,-1.901,1.624,0,0,0,0,180.849,368.815,355.5,93,0.932,-0.1,0.05,-0.004,25,0,0,0,0,0,0,0,0,0,0,0,0,3026

Main.js:462 331.428,211.605,139.5,139.5,-0.725,0.613,-0.038,0.032,55,0,0,1,0,0,0,0,77.619,246.352,-2.415,0.647,266.615,267.937,-1.901,1.624,0,0,0,0,181.782,368.715,354,90,0.933,-0.1,0.05,-0.005,24,0,0,0,0,0,0,0,0,0,0,0,0,3039

Main.js:462 330.703,212.218,139.5,139.5,-0.725,0.613,-0.038,0.032,54,0,0,1,0,0,0,0,75.204,246.999,-2.415,0.647,264.714,269.561,-1.901,1.624,0,0,0,0,182.715,368.614,352.5,87,0.933,-0.101,0.05,-0.007,23,0,0,0,0,0,0,0,0,0,0,0,0,3056

Main.js:462 329.979,212.832,139.5,139.5,-0.724,0.614,-0.038,0.032,53,0,0,1,0,0,0,0,72.789,247.646,-2.415,0.647,262.813,271.185,-1.901,1.624,0,0,0,0,183.649,368.51,351,84,0.934,-0.104,0.049,-0.008,22,0,0,0,0,0,0,0,0,0,0,0,0,3073

Main.js:462 329.254,213.446,139.5,139.5,-0.724,0.614,-0.038,0.032,52,0,0,1,0,0,0,0,70.375,248.293,-2.415,0.647,260.912,272.808,-1.901,1.624,0,0,0,0,184.582,368.403,349.5,81,0.934,-0.107,0.049,-0.009,21,0,0,0,0,0,0,0,0,0,0,0,0,3088

Main.js:462 328.53,214.06,139.5,139.5,-0.724,0.614,-0.038,0.032,51,0,0,1,0,0,0,0,67.96,248.94,-2.415,0.647,259.011,274.432,-1.901,1.624,0,0,0,0,185.516,368.292,348,78,0.933,-0.112,0.049,-0.01,20,0,0,0,0,0,0,0,0,0,0,0,0,3106

Main.js:462 327.806,214.674,139.5,139.5,-0.724,0.614,-0.038,0.032,50,0,0,1,0,0,0,0,65.545,249.587,-2.415,0.647,257.11,276.056,-1.901,1.624,0,0,0,0,186.449,368.175,346.5,75,0.933,-0.117,0.049,-0.012,19,0,0,0,0,0,0,0,0,0,0,0,0,3123

Main.js:462 327.082,215.288,139.5,139.5,-0.724,0.614,-0.038,0.032,49,0,0,1,0,0,0,0,63.13,250.234,-2.415,0.647,255.209,277.679,-1.901,1.624,0,0,0,0,187.381,368.051,345,72,0.932,-0.124,0.048,-0.013,18,0,0,0,0,0,0,0,0,0,0,0,0,3140

Main.js:462 326.358,215.902,139.5,139.5,-0.724,0.614,-0.038,0.032,48,0,0,1,0,0,0,0,60.715,250.881,-2.415,0.647,253.308,279.303,-1.901,1.624,0,0,0,0,188.312,367.92,343.5,69,0.931,-0.131,0.048,-0.014,17,0,0,0,0,0,0,0,0,0,0,0,0,3156

Main.js:462 325.634,216.517,139.5,139.5,-0.724,0.614,-0.038,0.032,47,0,0,1,0,0,0,0,58.301,251.528,-2.415,0.647,251.407,280.926,-1.901,1.624,0,0,0,0,189.242,367.781,342,66,0.93,-0.139,0.048,-0.015,16,0,0,0,0,0,0,0,0,0,0,0,0,3173

Main.js:462 324.91,217.132,139.5,139.5,-0.724,0.615,-0.038,0.032,46,0,0,1,0,0,0,0,55.886,252.176,-2.415,0.647,249.506,282.55,-1.901,1.624,0,0,0,0,190.17,367.633,340.5,63,0.928,-0.148,0.047,-0.017,15,0,0,0,0,0,0,0,0,0,0,0,0,3188

Main.js:462 324.186,217.746,139.5,139.5,-0.724,0.615,-0.038,0.032,45,0,0,1,0,0,0,0,53.471,252.823,-2.415,0.647,247.605,284.174,-1.901,1.624,0,0,0,0,191.096,367.476,339,60,0.926,-0.158,0.047,-0.018,14,0,0,0,0,0,0,0,0,0,0,0,0,3206

Main.js:462 323.463,218.361,139.5,139.5,-0.724,0.615,-0.038,0.032,44,0,0,1,0,0,0,0,51.056,253.47,-2.415,0.647,245.704,285.797,-1.901,1.624,0,0,0,0,192.019,367.308,337.5,57,0.924,-0.168,0.046,-0.019,13,0,0,0,0,0,0,0,0,0,0,0,0,3224

Main.js:462 322.739,218.976,139.5,139.5,-0.724,0.615,-0.038,0.032,43,0,0,1,0,0,0,0,48.641,254.117,-2.415,0.647,243.803,287.421,-1.901,1.624,0,0,0,0,192.94,367.129,336,54,0.921,-0.179,0.046,-0.02,12,0,0,0,0,0,0,0,0,0,0,0,0,3240

Main.js:462 322.015,219.591,139.5,139.5,-0.724,0.615,-0.038,0.032,42,0,0,1,0,0,0,0,46.226,254.764,-2.415,0.647,241.902,289.045,-1.901,1.624,0,0,0,0,193.857,366.939,334.5,51,0.918,-0.19,0.045,-0.022,11,0,0,0,0,0,0,0,0,0,0,0,0,3256

Main.js:462 321.292,220.206,139.5,139.5,-0.723,0.615,-0.038,0.032,41,0,0,1,0,0,0,0,43.812,255.411,-2.415,0.647,240.001,290.668,-1.901,1.624,0,0,0,0,194.771,366.736,333,48,0.914,-0.202,0.045,-0.023,10,0,0,0,0,0,0,0,0,0,0,0,0,3272

Main.js:462 320.569,220.822,139.5,139.5,-0.723,0.615,-0.038,0.032,40,0,0,1,0,0,0,0,41.397,256.058,-2.415,0.647,238.1,292.292,-1.901,1.624,0,0,0,0,195.682,366.522,331.5,45,0.91,-0.215,0.044,-0.024,9,0,0,0,0,0,0,0,0,0,0,0,0,3290

Main.js:462 319.845,221.437,139.5,139.5,-0.723,0.615,-0.038,0.032,39,0,0,1,0,0,0,0,38.982,256.705,-2.415,0.647,236.199,293.915,-1.901,1.624,0,0,0,0,196.587,366.294,330,42,0.906,-0.228,0.043,-0.025,8,0,0,0,0,0,0,0,0,0,0,0,0,3307

Main.js:462 319.122,222.052,139.5,139.5,-0.723,0.615,-0.038,0.032,38,0,0,1,0,0,0,0,36.567,257.352,-2.415,0.647,234.298,295.539,-1.901,1.624,0,0,0,0,197.488,366.052,328.5,39,0.901,-0.241,0.043,-0.026,7,0,0,0,0,0,0,0,0,0,0,0,0,3322

Main.js:462 318.399,222.668,139.5,139.5,-0.723,0.615,-0.038,0.032,37,0,0,1,0,0,0,0,34.152,257.999,-2.415,0.647,232.397,297.163,-1.901,1.624,0,0,0,0,198.384,365.797,327,36,0.896,-0.255,0.042,-0.027,6,0,0,0,0,0,0,0,0,0,0,0,0,3339

Main.js:462 317.675,223.283,139.5,139.5,-0.723,0.616,-0.038,0.032,36,0,0,1,0,0,0,0,31.738,258.646,-2.415,0.647,230.496,298.786,-1.901,1.624,0,0,0,0,199.274,365.528,325.5,33,0.89,-0.269,0.041,-0.028,5,0,0,0,0,0,0,0,0,0,0,0,0,3355

Main.js:462 316.952,223.899,139.5,139.5,-0.723,0.616,-0.038,0.032,35,0,0,1,0,0,0,0,29.323,259.293,-2.415,0.647,228.595,300.41,-1.901,1.624,0,0,0,0,200.158,365.244,324,30,0.884,-0.284,0.04,-0.029,4,0,0,0,0,0,0,0,0,0,0,0,0,3373

Main.js:462 316.229,224.515,139.5,139.5,-0.723,0.616,-0.038,0.032,34,0,0,1,0,0,0,0,26.908,259.94,-2.415,0.647,226.694,302.033,-1.901,1.624,0,0,0,0,201.035,364.946,322.5,27,0.877,-0.298,0.04,-0.03,3,0,0,0,0,0,0,0,0,0,0,0,0,3389

Main.js:462 315.506,225.13,139.5,139.5,-0.723,0.616,-0.038,0.032,33,0,0,1,0,0,0,0,24.493,260.587,-2.415,0.647,224.793,303.657,-1.901,1.624,0,0,0,0,201.906,364.632,321,24,0.871,-0.313,0.039,-0.031,2,0,0,0,0,0,0,0,0,0,0,0,0,3410

Main.js:462 314.783,225.746,139.5,139.5,-0.723,0.616,-0.038,0.032,32,0,0,1,0,0,0,0,22.078,261.234,-2.415,0.647,222.892,305.281,-1.901,1.624,0,0,0,0,202.769,364.304,319.5,21,0.863,-0.329,0.038,-0.032,1,0,0,0,0,0,0,0,0,0,0,0,0,3423

Main.js:462 314.06,226.362,139.5,139.5,-0.723,0.616,-0.038,0.032,31,0,0,1,0,0,0,0,19.664,261.881,-2.415,0.647,220.991,306.904,-1.901,1.624,0,0,0,0,203.624,363.96,318,18,0.855,-0.344,0.037,-0.033,0,0,0,0,0,0,0,0,0,0,0,0,0,3439

Main.js:462 313.337,226.978,139.5,139.5,-0.723,0.616,-0.038,0.032,30,0,0,1,0,0,0,0,17.249,262.528,-2.415,0.647,219.09,308.528,-1.901,1.624,0,0,0,0,204.471,363.6,316.5,15,0.847,-0.359,0.036,-0.034,99,0,0,0,0,0,0,0,0,0,0,0,0,3455

Main.js:462 312.614,227.594,139.5,139.5,-0.723,0.616,-0.038,0.032,29,0,0,1,0,0,0,0,14.834,263.175,-2.415,0.647,217.189,310.152,-1.901,1.624,0,0,0,0,205.31,363.225,315,12,0.838,-0.375,0.035,-0.035,98,226.324,370.042,2.415,0.647,0,0,0,0,0,0,0,0,3473

Main.js:462 311.891,228.21,139.5,139.5,-0.723,0.616,-0.038,0.032,28,0,0,1,0,0,0,0,12.419,263.822,-2.415,0.647,215.288,311.775,-1.901,1.624,0,0,0,0,206.138,362.835,313.5,9,0.829,-0.391,0.034,-0.036,97,228.738,370.689,2.415,0.647,0,0,0,0,0,0,0,0,3489

Main.js:462 311.168,228.826,139.5,139.5,-0.723,0.616,-0.038,0.032,27,0,0,1,0,0,0,0,10.004,264.469,-2.415,0.647,213.387,313.399,-1.901,1.624,0,0,0,0,206.958,362.428,312,6,0.819,-0.407,0.033,-0.037,96,231.153,371.336,2.415,0.647,0,0,0,0,0,0,0,0,3506

Main.js:462 310.445,229.442,139.5,139.5,-0.723,0.616,-0.038,0.032,26,0,0,1,0,0,0,0,7.589,265.116,-2.415,0.647,211.486,315.022,-1.901,1.624,0,0,0,0,207.767,362.006,310.5,3,0.809,-0.422,0.032,-0.038,95,233.568,371.983,2.415,0.647,0,0,0,0,0,0,0,0,3522

Main.js:462 309.723,230.059,138,138,-0.722,0.617,-0.037,0.033,25,1,0,1,0,0,0,0,5.175,265.764,-2.415,0.647,209.585,316.646,-1.901,1.624,0,0,0,0,208.566,361.568,309,0,0.799,-0.438,0.031,-0.039,94,235.983,372.63,2.415,0.647,0,0,0,0,0,0,0,0,3539

Main.js:462 309.002,230.678,136.5,136.5,-0.72,0.619,-0.036,0.034,24,1,0,1,0,0,0,0,2.76,266.411,-2.415,0.647,207.684,318.27,-1.901,1.624,0,0,0,0,209.353,361.114,307.5,-3,0.788,-0.454,0.03,-0.04,93,238.398,373.277,2.415,0.647,0,0,0,0,0,0,0,0,3557

Main.js:462 308.284,231.3,135,135,-0.718,0.622,-0.035,0.035,23,1,0,1,0,0,0,0,0.345,267.058,-2.415,0.647,205.783,319.893,-1.901,1.624,0,0,0,0,210.129,360.644,306,-6,0.776,-0.47,0.029,-0.04,92,240.813,373.924,2.415,0.647,0,0,0,0,0,0,0,0,3574

Main.js:462 307.57,231.925,133.5,133.5,-0.715,0.625,-0.034,0.036,22,1,0,1,0,0,0,0,205.783,319.893,-1.901,1.624,0,0,0,0,0,0,0,0,210.894,360.159,304.5,-9,0.764,-0.485,0.028,-0.041,91,243.227,374.572,2.415,0.647,0,0,0,0,0,0,0,0,3591

Main.js:462 306.859,232.554,132,132,-0.711,0.629,-0.033,0.037,21,1,0,1,0,0,0,0,203.882,321.517,-1.901,1.624,0,0,0,0,0,0,0,0,211.646,359.658,303,-12,0.752,-0.501,0.027,-0.042,90,245.642,375.219,2.415,0.647,0,0,0,0,0,0,0,0,3607

Main.js:462 306.153,233.188,130.5,130.5,-0.706,0.634,-0.032,0.038,20,1,0,1,0,0,0,0,201.981,323.141,-1.901,1.624,0,0,0,0,0,0,0,0,212.385,359.142,301.5,-15,0.739,-0.516,0.026,-0.043,89,248.057,375.866,2.415,0.647,0,0,0,0,0,0,0,0,3622

Main.js:462 305.451,233.826,130.5,130.5,-0.702,0.638,-0.032,0.038,19,0,0,1,0,0,0,0,200.08,324.764,-1.901,1.624,0,0,0,0,0,0,0,0,213.111,358.61,300,-18,0.726,-0.532,0.025,-0.043,88,250.472,376.513,2.415,0.647,0,0,0,0,0,0,0,0,3640

Main.js:462 304.754,234.468,130.5,130.5,-0.697,0.642,-0.032,0.038,18,0,0,1,0,0,0,0,198.179,326.388,-1.901,1.624,0,0,0,0,0,0,0,0,213.823,358.063,298.5,-21,0.712,-0.547,0.024,-0.044,87,252.887,377.16,2.415,0.647,0,0,0,0,0,0,0,0,3656

Main.js:462 304.06,235.114,130.5,130.5,-0.693,0.646,-0.032,0.038,17,0,0,1,0,0,0,0,196.278,328.011,-1.901,1.624,0,0,0,0,0,0,0,0,214.521,357.501,297,-24,0.698,-0.562,0.023,-0.045,86,255.301,377.807,2.415,0.647,0,0,0,0,0,0,0,0,3673

Main.js:462 303.371,235.765,130.5,130.5,-0.69,0.65,-0.032,0.038,16,0,0,1,0,0,0,0,194.377,329.635,-1.901,1.624,0,0,0,0,0,0,0,0,215.205,356.925,295.5,-27,0.684,-0.577,0.022,-0.045,85,257.716,378.454,2.415,0.647,0,0,0,0,0,0,0,0,3690

Main.js:462 302.685,236.418,130.5,130.5,-0.686,0.654,-0.032,0.038,15,0,0,1,0,0,0,0,192.476,331.259,-1.901,1.624,0,0,0,0,0,0,0,0,215.874,356.334,294,-30,0.669,-0.591,0.02,-0.046,84,260.131,379.101,2.415,0.647,0,0,0,0,0,0,0,0,3707

Main.js:462 302.002,237.076,130.5,130.5,-0.683,0.657,-0.032,0.038,14,0,0,1,0,0,0,0,190.575,332.882,-1.901,1.624,0,0,0,0,0,0,0,0,216.528,355.728,292.5,-33,0.654,-0.605,0.019,-0.046,83,262.546,379.748,2.415,0.647,0,0,0,0,0,0,0,0,3723

Main.js:462 301.323,237.736,130.5,130.5,-0.679,0.66,-0.032,0.038,13,0,0,1,0,1,0,0,188.674,334.506,-1.901,1.624,0,0,0,0,0,0,0,0,217.165,355.109,291,-36,0.638,-0.62,0.018,-0.047,82,264.961,380.395,2.415,0.647,0,0,0,0,0,0,0,0,3738

Main.js:462 300.647,238.4,130.5,130.5,-0.676,0.664,-0.032,0.038,12,0,0,1,0,1,0,0,186.773,336.13,-1.901,1.624,0,0,0,0,0,0,0,0,217.787,354.475,289.5,-39,0.622,-0.633,0.017,-0.047,81,267.375,381.042,2.415,0.647,0,0,0,0,0,0,0,0,3756

Main.js:462 300.004,239.03,130.5,130.5,-0.642,0.63,0,0,11,0,0,0,0,1,0,0,184.872,337.753,-1.901,1.624,0,0,0,0,0,0,0,0,218.393,353.829,288,-42,0.606,-0.647,0.015,-0.048,80,269.79,381.689,2.415,0.647,0,0,0,0,0,0,0,0,3773

Main.js:462 299.394,239.629,130.5,130.5,-0.61,0.599,0,0,10,0,0,0,0,1,0,0,182.971,339.377,-1.901,1.624,0,0,0,0,0,0,0,0,218.982,353.169,286.5,-45,0.589,-0.66,0.014,-0.048,79,272.205,382.336,2.415,0.647,0,0,0,0,0,0,0,0,3790

Main.js:462 298.815,240.198,130.5,130.5,-0.58,0.569,0,0,9,0,0,0,0,1,0,0,181.07,341,-1.901,1.624,0,0,0,0,0,0,0,0,219.553,352.496,285,-48,0.572,-0.673,0.013,-0.048,78,274.62,382.983,2.415,0.647,0,0,0,0,0,0,0,0,3807

Main.js:462 298.264,240.738,130.5,130.5,-0.551,0.54,0,0,8,0,0,0,0,0,0,0,179.169,342.624,-1.901,1.624,0,0,0,0,0,0,0,0,220.107,351.81,283.5,-51,0.554,-0.685,0.012,-0.049,77,277.035,383.63,2.415,0.647,0,0,0,0,0,0,0,0,3823

Main.js:462 297.741,241.252,130.5,130.5,-0.523,0.513,0,0,7,0,0,0,0,0,0,0,177.268,344.248,-1.901,1.624,0,0,0,0,0,0,0,0,220.644,351.112,282,-54,0.536,-0.698,0.01,-0.049,76,279.45,384.277,2.415,0.647,0,0,0,0,0,0,0,0,3840

Main.js:462 297.244,241.739,130.5,130.5,-0.497,0.488,0,0,6,0,0,0,0,0,0,0,175.367,345.871,-1.901,1.624,0,0,0,0,0,0,0,0,221.162,350.403,280.5,-57,0.518,-0.709,0.009,-0.049,75,281.864,384.924,2.415,0.647,0,0,0,0,0,0,0,0,3856

Main.js:462 296.772,242.203,130.5,130.5,-0.472,0.463,0,0,5,0,0,0,0,0,0,0,173.466,347.495,-1.901,1.624,0,0,0,0,0,0,0,0,221.661,349.682,279,-60,0.5,-0.721,0.008,-0.049,74,284.279,385.571,2.415,0.647,0,0,0,0,0,0,0,0,3873

Main.js:462 296.323,242.643,130.5,130.5,-0.449,0.44,0,0,4,0,0,0,0,0,0,0,171.565,349.118,-1.901,1.624,0,0,0,0,0,0,0,0,222.142,348.95,277.5,-63,0.481,-0.732,0.007,-0.05,73,286.694,386.218,2.415,0.647,0,0,0,0,0,0,0,0,3890

Main.js:462 295.897,243.061,130.5,130.5,-0.426,0.418,0,0,3,0,0,0,0,1,0,0,169.664,350.742,-1.901,1.624,0,0,0,0,0,0,0,0,222.604,348.208,276,-66,0.462,-0.743,0.005,-0.05,72,289.109,386.865,2.415,0.647,0,0,0,0,0,0,0,0,3906

Main.js:462 295.492,243.458,130.5,130.5,-0.405,0.397,0,0,2,0,0,0,0,1,0,0,167.763,352.366,-1.901,1.624,0,0,0,0,0,0,0,0,223.046,347.455,274.5,-69,0.442,-0.753,0.004,-0.05,71,291.524,387.512,2.415,0.647,0,0,0,0,0,0,0,0,3923

Main.js:462 295.107,243.836,130.5,130.5,-0.385,0.377,0,0,1,0,0,0,0,1,0,0,165.862,353.989,-1.901,1.624,0,0,0,0,0,0,0,0,223.469,346.692,273,-72,0.423,-0.763,0.003,-0.05,70,293.938,388.16,2.415,0.647,0,0,0,0,0,0,0,0,3940

Main.js:462 294.742,244.194,130.5,130.5,-0.365,0.359,0,0,0,0,0,0,0,1,0,0,163.961,355.613,-1.901,1.624,0,0,0,0,0,0,0,0,223.872,345.92,271.5,-75,0.403,-0.772,0.001,-0.05,69,296.353,388.807,2.415,0.647,0,0,0,0,0,0,0,0,3955

Main.js:462 294.395,244.535,130.5,130.5,-0.347,0.341,0,0,99,0,0,0,0,1,0,0,162.06,357.237,-1.901,1.624,0,0,0,0,0,0,0,0,224.255,345.139,270,-78,0.383,-0.781,0,-0.05,68,298.768,389.454,2.415,0.647,0,0,0,0,0,0,0,0,3975

Main.js:462 294.065,244.859,130.5,130.5,-0.33,0.324,0,0,98,0,0,0,0,0,0,0,160.158,358.86,-1.901,1.624,279.48,262.064,-1.624,1.901,0,0,0,0,224.617,344.35,268.5,-81,0.362,-0.789,-0.001,-0.05,67,301.183,390.101,2.415,0.647,0,0,0,0,0,0,0,0,3990

Main.js:462 293.752,245.166,130.5,130.5,-0.313,0.307,0,0,97,0,0,0,0,0,0,0,158.257,360.484,-1.901,1.624,277.856,263.965,-1.624,1.901,0,0,0,0,224.959,343.553,267,-84,0.342,-0.797,-0.003,-0.05,66,303.598,390.748,2.415,0.647,0,0,0,0,0,0,0,0,4005

Main.js:462 293.454,245.458,130.5,130.5,-0.298,0.292,0,0,96,0,0,0,0,0,0,0,156.356,362.107,-1.901,1.624,276.233,265.866,-1.624,1.901,0,0,0,0,225.282,342.748,268.5,-84,0.323,-0.805,-0.001,-0.05,65,306.013,391.395,2.415,0.647,0,0,0,0,0,0,0,0,4058

Main.js:462 293.172,245.735,130.5,130.5,-0.283,0.277,0,0,95,0,0,0,0,1,0,0,154.455,363.731,-1.901,1.624,274.609,267.767,-1.624,1.901,0,0,0,0,225.59,341.936,270,-84,0.307,-0.812,0,-0.05,64,308.427,392.042,2.415,0.647,0,0,0,0,0,0,0,0,4089

Main.js:462 292.903,245.999,130.5,130.5,-0.269,0.264,0,0,94,0,0,0,0,1,0,0,152.554,365.355,-1.901,1.624,272.986,269.668,-1.624,1.901,0,0,0,0,225.883,341.117,271.5,-84,0.293,-0.819,0.001,-0.05,63,310.842,392.689,2.415,0.647,0,0,0,0,0,0,0,0,4106

Main.js:462 292.648,246.249,130.5,130.5,-0.255,0.25,0,0,93,0,0,0,0,1,0,0,150.653,366.978,-1.901,1.624,271.362,271.569,-1.624,1.901,0,0,0,0,226.164,340.291,273,-84,0.281,-0.826,0.003,-0.05,62,313.257,393.336,2.415,0.647,0,0,0,0,0,0,0,0,4122

Main.js:462 292.406,246.487,130.5,130.5,-0.242,0.238,0,0,92,0,0,0,0,0,0,0,148.752,368.602,-1.901,1.624,269.738,273.47,-1.624,1.901,0,0,0,0,226.434,339.459,274.5,-84,0.271,-0.832,0.004,-0.05,61,315.672,393.983,2.415,0.647,0,0,0,0,0,0,0,0,4140

Main.js:462 292.175,246.713,130.5,130.5,-0.23,0.226,0,0,91,0,0,0,0,0,0,0,146.851,370.226,-1.901,1.624,268.115,275.371,-1.624,1.901,0,0,0,0,226.697,338.622,276,-84,0.262,-0.837,0.005,-0.05,60,318.087,394.63,2.415,0.647,0,0,0,0,0,0,0,0,4155

Main.js:462 291.957,246.928,130.5,130.5,-0.219,0.215,0,0,90,0,0,0,0,0,0,0,144.95,371.849,-1.901,1.624,266.491,277.272,-1.624,1.901,0,0,0,0,226.952,337.78,277.5,-84,0.255,-0.842,0.007,-0.05,59,320.501,395.277,2.415,0.647,0,0,0,0,0,0,0,0,4174

Main.js:462 291.749,247.132,130.5,130.5,-0.208,0.204,0,0,89,0,0,0,0,0,0,0,143.049,373.473,-1.901,1.624,264.868,279.173,-1.624,1.901,0,0,0,0,227.202,336.932,279,-84,0.25,-0.847,0.008,-0.049,58,322.916,395.924,2.415,0.647,0,0,0,0,0,0,0,0,4190

Main.js:462 291.551,247.326,130.5,130.5,-0.197,0.194,0,0,88,0,0,0,0,1,0,0,141.148,375.096,-1.901,1.624,263.244,281.074,-1.624,1.901,0,0,0,0,227.448,336.081,280.5,-84,0.246,-0.852,0.009,-0.049,57,325.331,396.571,2.415,0.647,0,0,0,0,0,0,0,0,4207

Main.js:462 291.364,247.51,130.5,130.5,-0.188,0.184,0,0,87,0,0,0,0,1,0,0,139.247,376.72,-1.901,1.624,261.62,282.975,-1.624,1.901,0,0,0,0,227.691,335.225,282,-84,0.244,-0.855,0.01,-0.049,56,327.746,397.218,2.415,0.647,0,0,0,0,0,0,0,0,4222

Main.js:462 291.186,247.685,130.5,130.5,-0.178,0.175,0,0,86,0,0,0,0,1,0,0,137.346,378.344,-1.901,1.624,259.997,284.876,-1.624,1.901,0,0,0,0,227.934,334.366,283.5,-84,0.242,-0.859,0.012,-0.049,55,330.161,397.865,2.415,0.647,0,0,0,0,0,0,0,0,4239

Main.js:462 291.016,247.851,130.5,130.5,-0.169,0.166,0,0,85,0,0,0,0,1,0,0,135.445,379.967,-1.901,1.624,258.373,286.777,-1.624,1.901,0,0,0,0,228.176,333.504,285,-84,0.243,-0.862,0.013,-0.048,54,332.575,398.512,2.415,0.647,0,0,0,0,0,0,0,0,4256

Main.js:462 290.856,248.008,130.5,130.5,-0.161,0.158,0,0,84,0,0,0,0,1,0,0,133.544,381.591,-1.901,1.624,256.749,288.678,-1.624,1.901,0,0,0,0,228.42,332.64,286.5,-84,0.244,-0.864,0.014,-0.048,53,334.99,399.159,2.415,0.647,0,0,0,0,0,0,0,0,4272

Main.js:462 290.703,248.158,130.5,130.5,-0.153,0.15,0,0,83,0,0,0,0,0,0,0,131.643,383.215,-1.901,1.624,255.126,290.579,-1.624,1.901,0,0,0,0,228.667,331.774,288,-84,0.246,-0.866,0.015,-0.048,52,337.405,399.806,2.415,0.647,0,0,0,0,0,0,0,0,4289

Main.js:462 290.558,248.301,130.5,130.5,-0.145,0.142,0,0,82,0,0,0,0,0,0,0,129.742,384.838,-1.901,1.624,253.502,292.48,-1.624,1.901,0,0,0,0,228.917,330.906,289.5,-84,0.25,-0.868,0.017,-0.047,51,339.82,400.453,2.415,0.647,0,0,0,0,0,0,0,0,4306

Main.js:462 290.42,248.436,130.5,130.5,-0.138,0.135,0,0,81,0,0,0,0,0,0,0,127.841,386.462,-1.901,1.624,251.879,294.381,-1.624,1.901,0,0,0,0,229.171,330.038,291,-84,0.255,-0.869,0.018,-0.047,50,342.235,401.1,2.415,0.647,0,0,0,0,0,0,0,0,4323

Main.js:462 290.289,248.565,130.5,130.5,-0.131,0.129,0,0,80,0,0,0,0,0,0,0,125.94,388.085,-1.901,1.624,250.255,296.282,-1.624,1.901,0,0,0,0,229.431,329.168,292.5,-84,0.26,-0.869,0.019,-0.046,49,344.65,401.748,2.415,0.647,0,0,0,0,0,0,0,0,4340

Main.js:462 290.165,248.687,130.5,130.5,-0.124,0.122,0,0,79,0,0,0,0,0,0,0,124.039,389.709,-1.901,1.624,248.631,298.183,-1.624,1.901,0,0,0,0,229.698,328.299,294,-84,0.266,-0.869,0.02,-0.046,48,347.064,402.395,2.415,0.647,0,0,0,0,0,0,0,0,4356

Main.js:462 290.046,248.803,130.5,130.5,-0.118,0.116,0,0,78,0,0,0,0,0,0,0,122.138,391.333,-1.901,1.624,247.008,300.084,-1.624,1.901,0,0,0,0,229.971,327.431,295.5,-84,0.273,-0.868,0.022,-0.045,47,349.479,403.042,2.415,0.647,0,0,0,0,0,0,0,0,4372

Main.js:462 289.934,248.913,130.5,130.5,-0.112,0.11,0,0,77,0,0,0,0,0,0,0,120.237,392.956,-1.901,1.624,245.384,301.985,-1.624,1.901,0,0,0,0,230.253,326.563,297,-84,0.281,-0.867,0.023,-0.045,46,351.894,403.689,2.415,0.647,0,0,0,0,0,0,0,0,4389

Main.js:462 289.827,249.018,130.5,130.5,-0.107,0.105,0,0,76,0,0,0,0,0,0,0,118.336,394.58,-1.901,1.624,243.76,303.886,-1.624,1.901,0,0,0,0,230.542,325.698,298.5,-84,0.29,-0.866,0.024,-0.044,45,354.309,404.336,2.415,0.647,0,0,0,0,0,0,0,0,4406

Main.js:462 289.726,249.117,130.5,130.5,-0.101,0.099,0,0,75,0,0,0,0,0,0,0,116.435,396.203,-1.901,1.624,242.137,305.787,-1.624,1.901,0,0,0,0,230.842,324.834,300,-84,0.299,-0.864,0.025,-0.043,44,356.724,404.983,2.415,0.647,0,0,0,0,0,0,0,0,4422

Main.js:462 289.63,249.212,130.5,130.5,-0.096,0.094,0,0,74,0,0,0,0,0,0,0,114.534,397.827,-1.901,1.624,240.513,307.688,-1.624,1.901,0,0,0,0,231.151,323.973,301.5,-84,0.309,-0.861,0.026,-0.043,43,359.138,405.63,2.415,0.647,0,0,0,0,0,0,0,0,4440

Main.js:462 289.538,249.301,130.5,130.5,-0.091,0.09,0,0,73,0,0,0,0,0,0,0,114.534,397.827,-1.901,1.624,240.513,307.688,-1.624,1.901,0,0,0,0,231.47,323.115,303,-84,0.319,-0.858,0.027,-0.042,42,361.553,406.277,2.415,0.647,0,0,0,0,0,0,0,0,4456

