> cm.gbt10i2
                  test.labels
pred.model.gbt10i2   0   1   2   3   4   5   6   7   8   9
                 0 603   0  23  11   1  10  34  26   6   7
                 1   2 994 110  39  14  21  53  14 215  17
                 2 193  39 463  78 135 152  54  40  54 133
                 3  10  19  41 711  21 234  21  13  88  26
                 4  34  26  86  14 668  90 140  61  29  33
                 5  26   0   0   0   3 265   7   1   9   0
                 6  25   8 190  18  10  21 593   0   9   0
                 7   1   0   1  32  16  25   0 522  15 228
                 8  84  49 115  72  71  49  56  39 513  93
                 9   2   0   3  35  43  25   0 312  36 472
> acc.gbt10i2
[1] 0.5804
> 
> cm.gbt10i8
                  test.labels
pred.model.gbt10i8    0    1    2    3    4    5    6    7    8    9
                 0  895    0   57   18   30   34   22   17   13   12
                 1    2 1030   17    9    7   11    6   11   28    5
                 2    8   19  721   35   18    5   10   17   18   19
                 3    4   45   76  802   50   80    6   21   60   30
                 4    5    1   19    4  673   23   41   10   20   17
                 5   20    6   10   33   51  627   37   12   38   29
                 6    4    9   30    5    8   22  808    0    7    0
                 7    1    0    4   11    6   11    0  815   10   92
                 8   40   24   96   38   75   39   28   21  738   33
                 9    1    1    2   55   64   40    0  104   42  772
> acc.gbt10i8
[1] 0.7881
> 
> cm.gbt50i2
                  test.labels
pred.model.gbt50i2    0    1    2    3    4    5    6    7    8    9
                 0  629    0   26   11    1   10   32   27    7    7
                 1    1 1035  112   54   20   20   28   17  115   20
                 2  170   21  463   66  124  137   53   38   50  125
                 3    9    7   33  723   21  249   17   13   88   27
                 4   33   21   76   14  672   92  161   57   29   30
                 5   26    0    0    0    3  265    7    1    9    0
                 6   24    8  191   20   10   22  599    0    9    0
                 7    1    0    1   11   15   14    0  512    4  219
                 8   85   43  127   58   66   45   61   15  605   46
                 9    2    0    3   53   50   38    0  348   58  535
> acc.gbt50i2
[1] 0.6038
> 
> cm.gbt50i8
                  test.labels
pred.model.gbt50i8    0    1    2    3    4    5    6    7    8    9
                 0  894    1   38   22   22   33   20   17    7   12
                 1    3 1067   23    4   13   11    3   10   37    8
                 2    8   13  794   40    9    8    5   13   10   14
                 3    4   18   43  806   32   66    3   18   61   25
                 4    5    1   24    7  686   22   30   15   16   16
                 5   13    2    7   31   66  643   41   11   44   28
                 6    7    8   28    5    9   24  828    0    6    0
                 7    3    0    5   11    7   13    0  819   10   85
                 8   43   24   69   35   75   33   28   16  744   33
                 9    0    1    1   49   63   39    0  109   39  788
> acc.gbt50i8
[1] 0.8069
> 
> cm.gbt10i40
                   test.labels
pred.model.gbt10i40    0    1    2    3    4    5    6    7    8    9
                  0  957    1   14    7    4   12   11    4    7    7
                  1    1 1104    7    3    3    6    2    5    5    5
                  2    3    9  913   30    4    3    5   23   16    6
                  3    0    6   29  893   10   26    2   16   24   21
                  4    4    1   10    2  883    5    7    4   12   43
                  5    3    1    1   13    5  779   27    5   10   12
                  6    5    6   12    5    7   15  877    0    7    5
                  7    1    0    8   15    6    8    0  908    6   18
                  8    6    7   37   26   19   19   27   14  869   24
                  9    0    0    1   16   41   19    0   49   18  868
> acc.gbt10i40
[1] 0.9051
