> cm.knn1
               test.labels
pred.model.knn1    0    1    2    3    4    5    6    7    8    9
              0  973    0    7    0    0    1    4    0    6    2
              1    1 1129    6    1    7    1    2   14    1    5
              2    1    3  992    2    0    0    0    6    3    1
              3    0    0    5  970    0   12    0    2   14    6
              4    0    1    1    1  944    2    3    4    5   10
              5    1    1    0   19    0  860    5    0   13    5
              6    3    1    2    0    3    5  944    0    3    1
              7    1    0   16    7    5    1    0  992    4   11
              8    0    0    3    7    1    6    0    0  920    1
              9    0    0    0    3   22    4    0   10    5  967
> acc.knn1
[1] 0.9691
>
> cm.knn2
               test.labels
pred.model.knn2    0    1    2    3    4    5    6    7    8    9
              0  976    0   11    1    3    6    7    0   10    6
              1    1 1133   10    1    7    2    3   29    2    6
              2    1    2  995    8    0    0    0    8    8    3
              3    0    0    1  981    0   25    0    2   28    9
              4    0    0    2    1  959    2    5    3    9   19
              5    1    0    0    9    0  850    4    0   29    4
              6    0    0    0    0    2    2  939    0    4    1
              7    1    0   12    6    3    1    0  981    5   22
              8    0    0    1    2    0    1    0    0  876    2
              9    0    0    0    1    8    3    0    5    3  937
> acc.knn2
[1] 0.9627
>
> cm.knn3
               test.labels
pred.model.knn3    0    1    2    3    4    5    6    7    8    9
              0  974    0   10    0    1    6    5    0    8    4
              1    1 1133    9    2    6    1    3   21    2    5
              2    1    2  996    4    0    0    0    5    4    2
              3    0    0    2  976    0   11    0    0   16    8
              4    0    0    0    1  950    2    3    1    8    9
              5    1    0    0   13    0  859    3    0   11    2
              6    2    0    0    1    4    5  944    0    3    1
              7    1    0   13    7    2    1    0  991    4    8
              8    0    0    2    3    0    3    0    0  914    2
              9    0    0    0    3   19    4    0   10    4  968
> acc.knn3
[1] 0.9705
>
> cm.knn4
               test.labels
pred.model.knn4    0    1    2    3    4    5    6    7    8    9
              0  976    0   11    0    3    4    6    0    9    4
              1    1 1133    8    2    9    0    3   23    3    6
              2    1    2  993    5    0    0    0    5    5    3
              3    0    0    1  979    0   17    0    0   16    6
              4    0    0    1    1  952    2    4    5    6   13
              5    1    0    0   10    0  862    3    0   19    4
              6    0    0    0    1    4    5  942    0    5    1
              7    1    0   16    7    1    1    0  988    5   16
              8    0    0    2    2    0    0    0    0  902    1
              9    0    0    0    3   13    1    0    7    4  955
> acc.knn4
[1] 0.9682
>
> cm.knn5
               test.labels
pred.model.knn5    0    1    2    3    4    5    6    7    8    9
              0  974    0   11    0    3    5    5    0    8    5
              1    1 1133    8    3    7    0    3   22    3    7
              2    1    2  991    3    0    0    0    4    5    3
              3    0    0    2  976    0   12    0    0   13    9
              4    0    0    1    1  944    2    3    3    6    7
              5    1    0    0   13    0  862    2    0   12    3
              6    2    0    1    1    4    4  945    0    5    1
              7    1    0   15    6    2    1    0  988    5   10
              8    0    0    3    3    1    2    0    0  913    2
              9    0    0    0    4   21    4    0   11    4  962
> acc.knn5
[1] 0.9688
>
> cm.knn6
               test.labels
pred.model.knn6    0    1    2    3    4    5    6    7    8    9
              0  975    0   12    0    2    6    6    0    7    6
              1    1 1132   11    3    7    0    4   26    4    7
              2    1    2  985    3    0    0    0    4    5    3
              3    0    0    2  978    0   14    0    0   16    7
              4    0    0    1    1  953    2    3    2    8   12
              5    1    0    0   10    0  862    2    0   12    3
              6    1    1    2    1    4    3  943    0    5    1
              7    1    0   15    8    1    1    0  987    6   12
              8    0    0    4    3    1    1    0    0  906    2
              9    0    0    0    3   14    3    0    9    5  956
> acc.knn6
[1] 0.9677
>
> cm.knn7
               test.labels
pred.model.knn7    0    1    2    3    4    5    6    7    8    9
              0  974    0   11    0    1    5    6    0    6    5
              1    1 1133    8    3    8    0    3   25    4    6
              2    1    2  988    2    0    0    0    3    6    3
              3    0    0    2  976    0    8    0    0   11    6
              4    0    0    1    1  945    2    3    1    7    8
              5    1    0    0   12    0  866    2    0   12    4
              6    2    0    2    1    5    4  944    0    1    1
              7    1    0   16    7    1    1    0  989    6   11
              8    0    0    4    4    1    2    0    0  916    2
              9    0    0    0    4   21    4    0   10    5  963
> acc.knn7
[1] 0.9694
> 
> cm.knn9
               test.labels
pred.model.knn9    0    1    2    3    4    5    6    7    8    9
              0  972    0   14    0    2    5    6    0    7    6
              1    1 1132   13    3   11    0    4   27    4    7
              2    1    2  978    1    0    0    0    3    4    2
              3    0    0    3  976    0    8    0    0   12   11
              4    0    0    1    1  936    2    3    1    6   10
              5    2    0    0   11    0  867    2    0   13    3
              6    3    1    2    1    5    4  943    0    3    1
              7    1    0   16    8    1    1    0  986    8    9
              8    0    0    5    4    1    1    0    0  911    2
              9    0    0    0    5   26    4    0   11    6  958
> acc.knn9
[1] 0.9659
> 
