> cm.rf10n10
                  test.labels
pred.model.rf10n10    0    1    2    3    4    5    6    7    8    9
                 0  856    0   11   19    2   34   73    6   28    6
                 1    3 1080   70   97   11  101   22   70  115   19
                 2   34   39  834   80   47   81  349   49  249   29
                 3   14    9   23  657    7  245   22    6  125   11
                 4    3    1   16   19  711  135  111   37   87  277
                 5   17    0    4   50    1  130    3    1    6    2
                 6   10    1   14    2    4   19  222    2   24    2
                 7   21    4   47   53  107   46   96  831   57  160
                 8    1    0    4    0    0    9    5    0  153    3
                 9   21    1    9   33   92   92   55   26  130  500
> acc.rf10n10
[1] 0.5974
> 
> cm.rf10n50
                  test.labels
pred.model.rf10n50    0    1    2    3    4    5    6    7    8    9
                 0  917    0    8   11    0   19   27    1   16    8
                 1    2 1092   19   11    3   20   11   26   17    5
                 2    1    4  859   42    8    7   18   37   25    7
                 3    2    7   25  786    5  166   12    7   47   23
                 4    3    0   16    6  755   29   36   22   17   36
                 5   15    0   11   53    2  491   28    1   16   10
                 6   17    2   17    3   24   25  776    5   14   12
                 7    4    1   20   16   15   11    7  827   12   34
                 8   16   28   50   50   45   79   37   29  788   26
                 9    3    1    7   32  125   45    6   73   22  848
> acc.rf10n50
[1] 0.8139
> 
> cm.rf50n10
                  test.labels
pred.model.rf50n10    0    1    2    3    4    5    6    7    8    9
                 0  962    0   38   39    6   65   57    6   24   10
                 1    2 1122  175   69   21   70   42   62   93   26
                 2    2    6  679   34   10    8   19   27   45    5
                 3    5    3   33  785    9  370    7    0   76   21
                 4    0    0   15   15  822   75   28   19   52  315
                 5    0    0    0    1    2  120    3    0    1    0
                 6    5    2   25    8   24   48  771    0   54    8
                 7    2    1   48   32   33   27   17  904   25  119
                 8    2    1   19   14    4   52   11    2  571    8
                 9    0    0    0   13   51   57    3    8   33  497
> acc.rf50n10
[1] 0.7233
>
> cm.rf50n50
                  test.labels
pred.model.rf50n50    0    1    2    3    4    5    6    7    8    9
                 0  962    0   11   10    3   28   25    2    8    8
                 1    1 1115   12    9    5   20    6   19   19    7
                 2    2    4  881   31    8    6    9   37   11    7
                 3    1    4   17  845    1   99    0    0   35   12
                 4    0    0    7    1  730   14   13    6    5   10
                 5    3    1    3   28    0  620   18    0   20    2
                 6    6    3   31    8   27   25  877    0   24    2
                 7    3    1   28   18    7   10    3  896    4   15
                 8    1    7   27   32   10   26    6    9  785   21
                 9    1    0   15   28  191   44    1   59   63  925
> acc.rf50n50
[1] 0.8636
>
> cm.rf150n150
                    test.labels
pred.model.rf150n150    0    1    2    3    4    5    6    7    8    9
                   0  965    0    8    5    1   15   20    2    3    8
                   1    1 1118    3    0    2   11    4   11    8    7
                   2    2    3  940   22    3    2    4   29    8    2
                   3    1    2   12  898    0   31    0    5   24   11
                   4    0    0   14    2  830    8   15    4    6   14
                   5    2    1    0   22    1  774   10    0   11    5
                   6    4    3   12    2   12   14  900    0   14    3
                   7    1    1   20   17    1    5    0  917    5    7
                   8    4    7   16   25   17   14    5    3  864   15
                   9    0    0    7   17  115   18    0   57   31  937
> acc.rf150n150
[1] 0.9143
> 
> cm.rf500n500
                    test.labels
pred.model.rf500n500    0    1    2    3    4    5    6    7    8    9
                   0  967    0    7    2    2    6   10    1    4    6
                   1    1 1119    0    0    1    5    3    8    2    7
                   2    0    3  961   20    3    1    1   25    6    1
                   3    0    2   10  930    0   20    0    2    9   13
                   4    0    0   13    2  892    5    9    6    7   17
                   5    2    1    1   18    1  820    9    0    6    4
                   6    4    4    8    0    9   11  921    0    8    1
                   7    1    1   16   15    0    4    0  943    5    5
                   8    4    5   11   13   11    9    5    4  901   13
                   9    1    0    5   10   63   11    0   39   26  942
> acc.rf500n500
[1] 0.9396