> cm.rrf03
                test.labels
pred.model.rrf03    0    1    2    3    4    5    6    7    8    9
               0  930    0   16    4    3   17   23    1   21   18
               1    1 1083   32    7    8   15   13   20   22    8
               2    8    1  837   41   10    8   27   26   36   12
               3    2    3   23  741   11   28    1   14   16   22
               4    2    0   12    2  806   25   19   13   20   50
               5    9    3    1  112   15  693   41    4   45   14
               6   10    4   51   11   16   15  821    1   16    0
               7    7    0   18   31    4   24    1  893   13   75
               8   11   41   32   45   21   46   11    1  729    5
               9    0    0   10   16   88   21    1   55   56  805
> acc.rrf03
[1] 0.8338
> 
> cm.rrf10
                test.labels
pred.model.rrf10    0    1    2    3    4    5    6    7    8    9
               0  927    0   16    2    2   15   19    1   19   18
               1    1 1083   32    8    6   16   13   18   18    8
               2   10    1  838   41   12    7   26   26   34   11
               3    2    3   22  736   12   26    1   15   16   22
               4    2    0   12    2  805   24   18   13   20   49
               5    9    2    1  117   14  697   42    4   44   16
               6   10    4   50   12   20   15  827    1   16    0
               7    8    0   19   32    4   25    1  895   13   77
               8   10   41   32   45   22   47   10    1  738    5
               9    1    1   10   15   85   20    1   54   56  803
> acc.rrf10
[1] 0.8349
> 
> cm.rrf30
                test.labels
pred.model.rrf30    0    1    2    3    4    5    6    7    8    9
               0  927    0   16    2    2   15   19    1   19   18
               1    1 1083   32    8    6   16   13   18   18    8
               2   10    1  838   41   12    7   26   26   34   11
               3    2    3   22  736   12   26    1   15   16   22
               4    2    0   12    2  805   24   18   13   20   49
               5    9    2    1  117   14  697   42    4   44   16
               6   10    4   50   12   20   15  827    1   16    0
               7    8    0   19   32    4   25    1  895   13   77
               8   10   41   32   45   22   47   10    1  738    5
               9    1    1   10   15   85   20    1   54   56  803
> acc.rrf30
[1] 0.8349
> 