> 
> cm.nn1r10
                       test.matrix.y
pred.model.nn1r10.label    0    1    2    3    4    5    6    7    8    9
                     1   957    0    4    3    1    8   11    1    9   10
                     2     0 1118   13    1    3    2    3    8   14    9
                     3     2    3  915   14    3    4    4   15    6    1
                     4     3    3   38  949    5   52    2   12   66   16
                     5     1    0   14    1  929   12   11    8   10   38
                     6     6    2    3   14    0  766   13    1   40    7
                     7     5    3    8    2    7   13  909    0   11    0
                     8     5    2   13   12    4   10    4  956   14   26
                     9     1    4   19    6    3   21    1    0  784    0
                     10    0    0    5    8   27    4    0   27   20  902
> acc.nn1r10
[1] 0.9185
> 
> cm.nn4r10
                       test.matrix.y
pred.model.nn4r10.label    0    1    2    3    4    5    6    7    8    9
                     1   972    0    2    0    1    4    7    0    6    3
                     2     0 1131    1    0    0    0    3    6    1    2
                     3     1    1 1017   14    1    1    1   14    7    1
                     4     0    0    3  980    0   11    1    1    7    7
                     5     0    0    1    0  965    1    4    0    4   14
                     6     0    0    0    2    0  862    5    0    5    2
                     7     2    0    1    0    5    5  936    0    1    0
                     8     4    2    4   10    1    2    0 1003    3   17
                     9     0    1    3    4    0    5    1    1  937    4
                     10    1    0    0    0    9    1    0    3    3  959
> acc.nn4r10
[1] 0.9762
> 
> cm.nn4r25
                       test.matrix.y
pred.model.nn4r25.label    0    1    2    3    4    5    6    7    8    9
                     1   965    0    1    1    0    2    1    2    3    2
                     2     0 1129    3    0    0    0    2    4    1    2
                     3     1    0 1012    2    3    0    0    6    5    0
                     4     1    1    3  992    1    6    0    2    6    4
                     5     0    0    1    0  948    1    2    0    0    3
                     6     2    1    1    2    0  879   18    0    3    2
                     7     8    1    2    0    5    1  934    0    1    1
                     8     0    2    5    6    4    0    0 1008    2    3
                     9     1    1    3    3    0    2    1    1  950    0
                     10    2    0    1    4   21    1    0    5    3  992
> acc.nn4r25
[1] 0.9809
> 
> cm.nn4r50
                       test.matrix.y
pred.model.nn4r50.label    0    1    2    3    4    5    6    7    8    9
                     1   971    0    2    0    0    2    3    1    2    1
                     2     1 1130    0    1    0    0    2    1    0    2
                     3     1    1 1015    3    2    0    1    8    5    0
                     4     1    0    2  992    0    5    1    1    2    5
                     5     0    0    2    0  963    1    2    0    1    6
                     6     1    1    0    4    0  880    3    0    1    2
                     7     2    0    1    0    4    1  944    0    2    1
                     8     0    1    4    5    3    0    0 1014    2    2
                     9     1    2    6    3    1    2    2    0  956    1
                     10    2    0    0    2    9    1    0    3    3  989
> acc.nn4r50
[1] 0.9854
>
