> cm.svm1linear
                     test.labels
pred.model.svm1linear    0    1    2    3    4    5    6    7    8    9
                    0  954    0    9    2    1    7   12    1   11    3
                    1    0 1118   10    2    1    2    2   15    7    9
                    2    2    1  921   17    5    3   17   27   20    3
                    3    1    2   18  894    0   28    1    6   39    5
                    4    2    1   20    3  937   13   16   13   16   60
                    5    7    3    8   49    0  796   20    3   40   12
                    6    6    3    9    2    5   11  885    0    8    0
                    7    2    0   11   12    4    2    0  915    9   31
                    8    3    6   24   14    1   22    3    4  801    5
                    9    3    1    2   15   28    8    2   44   23  881
> acc.svm1linear
[1] 0.9102
> 
> cm.svm1radial
                     test.labels
pred.model.svm1radial    0    1    2    3    4    5    6    7    8    9
                    0    0    0    0    0    0    0    0    0    0    0
                    1  980 1135 1032 1010  982  892  958 1028  974 1009
                    2    0    0    0    0    0    0    0    0    0    0
                    3    0    0    0    0    0    0    0    0    0    0
                    4    0    0    0    0    0    0    0    0    0    0
                    5    0    0    0    0    0    0    0    0    0    0
                    6    0    0    0    0    0    0    0    0    0    0
                    7    0    0    0    0    0    0    0    0    0    0
                    8    0    0    0    0    0    0    0    0    0    0
                    9    0    0    0    0    0    0    0    0    0    0
> acc.svm1radial
[1] 0.1135
> 
> cm.svm1polyno
                     test.labels
pred.model.svm1polyno    0    1    2    3    4    5    6    7    8    9
                    0  953    0   16    0    1    5    7    1   12    5
                    1    3 1113   18    9    6   11    7   20    1   10
                    2    3    2  951   11    2    2    3   17    5    1
                    3    0    2    9  938    0   17    1    3   21    9
                    4    0    0    4    1  944    2    9    8   13   30
                    5    8    0    2   20    0  829    9    0   16    4
                    6    9    6    8    1    5   10  920    1    3    0
                    7    2    0   13   12    5    2    0  953    8    8
                    8    2   12    8   10    0    9    2    0  886    4
                    9    0    0    3    8   19    5    0   25    9  938
> acc.svm1polyno
[1] 0.9425
> 
> cm.svm
              test.labels
pred.model.svm    0    1    2    3    4    5    6    7    8    9
             0  972    0    7    0    2    2    4    0    5    3
             1    0 1124    0    2    0    0    5    9    0    5
             2    1    2 1006    1    2    0    1    9    1    0
             3    0    1    0  987    0    7    0    2    2    3
             4    0    1    2    0  965    1    3    2    4    9
             5    3    2    1    6    0  870    6    0    4    4
             6    1    3    5    0    3    3  937    0    1    1
             7    0    0    7    5    1    0    0 1000    4    1
             8    2    2    3    6    0    4    2    0  950    3
             9    1    0    1    3    9    5    0    6    3  980
> acc.svm
[1] 0.9791
>
